{
    "expt_args": {
        "save_dir": "all_expt_logs/expt_logs_11.05.24-hard_var_shift-corr",
        "exp_name": "466",
        "num_nodes": 6,
        "obs_noise_mean": 0.0,
        "obs_noise_var": 1.0,
        "max_edge_strength": 1.0,
        "graph_sparsity_method": "adj_dense_prop",
        "adj_dense_prop": 0.8,
        "num_parents": null,
        "new_noise_mean": 1.0,
        "mix_samples": 4096,
        "stage2_samples": 4096,
        "gmm_tol": 0.001,
        "intv_type": "hard",
        "new_noise_var": 0.5,
        "intv_targets": [
            0,
            1,
            2,
            3,
            4,
            5
        ]
    },
    "intv_args_dict": {
        "0": {
            "intv_type": "hard",
            "inode": 0,
            "new_mui": 1.0,
            "new_vari": 0.5,
            "true_params": {
                "Si": [
                    [
                        0.5,
                        -0.4079898036917971,
                        0.2753412334161115,
                        0.7509379424076539,
                        1.0802556022615615,
                        -0.8032818171230547
                    ],
                    [
                        -0.4079898036917971,
                        1.3329113598329423,
                        -0.8995456615087158,
                        -1.8295455590101097,
                        -2.1000031214187507,
                        0.8448441697557078
                    ],
                    [
                        0.2753412334161115,
                        -0.8995456615087158,
                        1.6070789262690135,
                        1.7404083104292916,
                        2.512006920625892,
                        -2.1207504687587337
                    ],
                    [
                        0.7509379424076539,
                        -1.8295455590101097,
                        1.7404083104292916,
                        3.864137089224494,
                        4.206655592217921,
                        -1.9351295335363303
                    ],
                    [
                        1.0802556022615615,
                        -2.1000031214187507,
                        2.512006920625892,
                        4.206655592217921,
                        6.317469035697388,
                        -4.411195985331197
                    ],
                    [
                        -0.8032818171230547,
                        0.8448441697557078,
                        -2.1207504687587337,
                        -1.9351295335363303,
                        -4.411195985331197,
                        5.629681722887835
                    ]
                ],
                "mui": [
                    1.0,
                    -0.8159796073835942,
                    0.550682466832223,
                    1.5018758848153078,
                    2.160511204523123,
                    -1.6065636342461094
                ],
                "Ai": [
                    [
                        0.0,
                        0.0,
                        0.0,
                        0.0,
                        0.0,
                        0.0
                    ],
                    [
                        -0.8159796073835942,
                        0.0,
                        0.0,
                        0.0,
                        0.0,
                        0.0
                    ],
                    [
                        -0.0,
                        -0.6748728299693226,
                        0.0,
                        0.0,
                        0.0,
                        0.0
                    ],
                    [
                        0.5089955609980075,
                        -0.8755138592025459,
                        0.5056977214623324,
                        0.0,
                        0.0,
                        0.0
                    ],
                    [
                        0.8873252904176921,
                        -0.0,
                        0.8176938832666454,
                        0.5479122726947108,
                        0.0,
                        0.0
                    ],
                    [
                        -0.795379394269941,
                        -0.6067850858228343,
                        -0.9559414653855118,
                        0.781191255990447,
                        -0.9040178067477975,
                        0.0
                    ]
                ]
            },
            "est_params": {
                "mui": [
                    1.0317197952005959,
                    -1.1346381370964322,
                    1.2611550100069895,
                    2.1360984127220917,
                    3.474744947947554,
                    -2.9257244882776656
                ],
                "Si": [
                    [
                        0.6918430786899453,
                        -0.4659640314700019,
                        0.08086874814796824,
                        0.8358596957181795,
                        0.9956469364872825,
                        -0.5254980276847544
                    ],
                    [
                        -0.4659640314700018,
                        1.193060301613061,
                        -0.38319312086358476,
                        -1.4418839983732115,
                        -1.350226474290141,
                        0.04198274470399488
                    ],
                    [
                        0.08086874814796824,
                        -0.38319312086358476,
                        0.9449698677655441,
                        0.8263664108578342,
                        1.1308037462957015,
                        -1.0310244716073425
                    ],
                    [
                        0.8358596957181795,
                        -1.4418839983732115,
                        0.8263664108578342,
                        3.162388561870732,
                        2.843246942142516,
                        -0.5822303588826598
                    ],
                    [
                        0.9956469364872825,
                        -1.350226474290141,
                        1.1308037462957012,
                        2.843246942142516,
                        3.8295332692038317,
                        -2.0907006072901106
                    ],
                    [
                        -0.5254980276847545,
                        0.04198274470399487,
                        -1.0310244716073425,
                        -0.58223035888266,
                        -2.0907006072901106,
                        3.4704520275165986
                    ]
                ]
            },
            "est_tgt": [
                2,
                3,
                4,
                5
            ],
            "oracle_est_tgt": [
                0,
                1,
                3,
                5
            ]
        },
        "1": {
            "intv_type": "hard",
            "inode": 1,
            "new_mui": 1.0,
            "new_vari": 0.5,
            "true_params": {
                "Si": [
                    [
                        1.0,
                        0.0,
                        0.0,
                        0.5089955609980075,
                        1.1662102050356298,
                        -1.4520313044435547
                    ],
                    [
                        0.0,
                        0.5,
                        -0.3374364149846613,
                        -0.6083977557974342,
                        -0.6092682896057168,
                        0.09469129400062876
                    ],
                    [
                        0.0,
                        -0.3374364149846613,
                        1.2277266683154011,
                        0.9162888366643316,
                        1.5059504859463877,
                        -1.614492674588278
                    ],
                    [
                        0.5089955609980075,
                        -0.6083977557974342,
                        0.9162888366643316,
                        2.25510232512658,
                        2.436486651149038,
                        -1.3525574905534348
                    ],
                    [
                        1.1662102050356298,
                        -0.6092682896057168,
                        1.5059504859463877,
                        2.436486651149038,
                        4.601195248153505,
                        -4.253685538847783
                    ],
                    [
                        -1.4520313044435547,
                        0.09469129400062876,
                        -1.614492674588278,
                        -1.3525574905534348,
                        -4.253685538847783,
                        6.429620394211825
                    ]
                ],
                "mui": [
                    0.0,
                    1.0,
                    -0.6748728299693226,
                    -1.2167955115948683,
                    -1.2185365792114335,
                    0.1893825880012575
                ],
                "Ai": [
                    [
                        0.0,
                        0.0,
                        0.0,
                        0.0,
                        0.0,
                        0.0
                    ],
                    [
                        0.0,
                        0.0,
                        0.0,
                        0.0,
                        0.0,
                        0.0
                    ],
                    [
                        -0.0,
                        -0.6748728299693226,
                        0.0,
                        0.0,
                        0.0,
                        0.0
                    ],
                    [
                        0.5089955609980075,
                        -0.8755138592025459,
                        0.5056977214623324,
                        0.0,
                        0.0,
                        0.0
                    ],
                    [
                        0.8873252904176921,
                        -0.0,
                        0.8176938832666454,
                        0.5479122726947108,
                        0.0,
                        0.0
                    ],
                    [
                        -0.795379394269941,
                        -0.6067850858228343,
                        -0.9559414653855118,
                        0.781191255990447,
                        -0.9040178067477975,
                        0.0
                    ]
                ]
            },
            "est_params": {
                "mui": [
                    -0.27844988412797106,
                    1.0210946577837607,
                    -0.921674989436141,
                    -1.6923190044956757,
                    -2.0909952352102117,
                    0.9053900516722575
                ],
                "Si": [
                    [
                        1.0494940835295985,
                        -0.28514181462149046,
                        -0.03199067541900305,
                        0.7280326177033155,
                        1.263792445095944,
                        -0.9616538854679593
                    ],
                    [
                        -0.28514181462149046,
                        0.7425547808469948,
                        -0.33457462992814063,
                        -0.7784376551184637,
                        -0.8471871821687496,
                        0.14475512652917802
                    ],
                    [
                        -0.03199067541900304,
                        -0.3345746299281406,
                        1.1864946875178461,
                        0.7039170990383135,
                        1.1580616814461429,
                        -1.0654723098411811
                    ],
                    [
                        0.7280326177033155,
                        -0.7784376551184637,
                        0.7039170990383135,
                        2.04001517726013,
                        2.090661238962563,
                        -0.8776797208158433
                    ],
                    [
                        1.263792445095944,
                        -0.8471871821687496,
                        1.1580616814461429,
                        2.090661238962563,
                        3.81365224572978,
                        -2.653901036183176
                    ],
                    [
                        -0.9616538854679593,
                        0.14475512652917805,
                        -1.0654723098411811,
                        -0.8776797208158434,
                        -2.653901036183176,
                        4.134062317515272
                    ]
                ]
            },
            "est_tgt": [
                0,
                1,
                2,
                3,
                4,
                5
            ],
            "oracle_est_tgt": [
                0,
                1,
                5
            ]
        },
        "2": {
            "intv_type": "hard",
            "inode": 2,
            "new_mui": 1.0,
            "new_vari": 0.5,
            "true_params": {
                "Si": [
                    [
                        1.0,
                        -0.8159796073835942,
                        0.0,
                        1.2233970160889962,
                        1.5576395299109418,
                        -0.752681958134236
                    ],
                    [
                        -0.8159796073835942,
                        1.6658227196658846,
                        0.0,
                        -1.8737808760651058,
                        -1.7507068804332804,
                        -0.242894057777311
                    ],
                    [
                        0.0,
                        0.0,
                        0.5,
                        0.2528488607311662,
                        0.5473859355648044,
                        -0.7752940465163083
                    ],
                    [
                        1.2233970160889962,
                        -1.8737808760651058,
                        0.2528488607311662,
                        3.3910898693772924,
                        3.150323836650643,
                        -0.2766502894794696
                    ],
                    [
                        1.5576395299109418,
                        -1.7507068804332804,
                        0.5473859355648044,
                        3.150323836650643,
                        4.555828172605409,
                        -2.3574248322611933
                    ],
                    [
                        -0.752681958134236,
                        -0.242894057777311,
                        -0.7752940465163083,
                        -0.2766502894794696,
                        -2.3574248322611933,
                        4.402225177889418
                    ]
                ],
                "mui": [
                    0.0,
                    0.0,
                    1.0,
                    0.5056977214623324,
                    1.0947718711296088,
                    -1.5505880930326166
                ],
                "Ai": [
                    [
                        0.0,
                        0.0,
                        0.0,
                        0.0,
                        0.0,
                        0.0
                    ],
                    [
                        -0.8159796073835942,
                        0.0,
                        0.0,
                        0.0,
                        0.0,
                        0.0
                    ],
                    [
                        0.0,
                        0.0,
                        0.0,
                        0.0,
                        0.0,
                        0.0
                    ],
                    [
                        0.5089955609980075,
                        -0.8755138592025459,
                        0.5056977214623324,
                        0.0,
                        0.0,
                        0.0
                    ],
                    [
                        0.8873252904176921,
                        -0.0,
                        0.8176938832666454,
                        0.5479122726947108,
                        0.0,
                        0.0
                    ],
                    [
                        -0.795379394269941,
                        -0.6067850858228343,
                        -0.9559414653855118,
                        0.781191255990447,
                        -0.9040178067477975,
                        0.0
                    ]
                ]
            },
            "est_params": {
                "mui": [
                    0.23573086199209634,
                    0.07532279703861004,
                    0.7813582996296581,
                    0.5317730909812204,
                    1.2096259306450974,
                    -1.6854681538825451
                ],
                "Si": [
                    [
                        0.7816581950688566,
                        -0.46596676776148666,
                        -0.21984774777093882,
                        0.8126220232378596,
                        0.6571889074159911,
                        -0.18402828132543483
                    ],
                    [
                        -0.46596676776148654,
                        1.389079167967525,
                        -0.08142369381726859,
                        -1.667267506383944,
                        -1.0681531949902459,
                        -0.8424118472961539
                    ],
                    [
                        -0.21984774777093882,
                        -0.08142369381726862,
                        0.7204396964784449,
                        0.21951414213509346,
                        0.1733537448339736,
                        -0.42176282795992664
                    ],
                    [
                        0.8126220232378596,
                        -1.6672675063839442,
                        0.21951414213509346,
                        2.8945576342724633,
                        1.8721764997793204,
                        0.8334991519472896
                    ],
                    [
                        0.6571889074159911,
                        -1.0681531949902459,
                        0.1733537448339736,
                        1.8721764997793204,
                        2.1857682512580623,
                        -0.44254103138682616
                    ],
                    [
                        -0.18402828132543483,
                        -0.8424118472961539,
                        -0.42176282795992664,
                        0.8334991519472896,
                        -0.44254103138682616,
                        3.084400924761364
                    ]
                ]
            },
            "est_tgt": [
                1,
                2,
                3,
                4,
                5
            ],
            "oracle_est_tgt": [
                2,
                3
            ]
        },
        "3": {
            "intv_type": "hard",
            "inode": 3,
            "new_mui": 1.0,
            "new_vari": 0.5,
            "true_params": {
                "Si": [
                    [
                        1.0,
                        -0.8159796073835942,
                        0.550682466832223,
                        0.0,
                        1.3376149751685882,
                        -2.0359030986046247
                    ],
                    [
                        -0.8159796073835942,
                        1.6658227196658846,
                        -1.1242184930481092,
                        0.0,
                        -1.6433059273172466,
                        2.1984818778261905
                    ],
                    [
                        0.550682466832223,
                        -1.1242184930481092,
                        1.7587045159072248,
                        0.0,
                        1.9267164049405976,
                        -3.1788469828521464
                    ],
                    [
                        0.0,
                        0.0,
                        0.0,
                        0.5,
                        0.2739561363473554,
                        0.14293440246938674
                    ],
                    [
                        1.3376149751685882,
                        -1.6433059273172466,
                        1.9267164049405976,
                        0.2739561363473554,
                        3.9124677447026905,
                        -5.2315343353949935
                    ],
                    [
                        -2.0359030986046247,
                        2.1984818778261905,
                        -3.1788469828521464,
                        0.14293440246938674,
                        -5.2315343353949935,
                        9.165160302666608
                    ]
                ],
                "mui": [
                    0.0,
                    0.0,
                    0.0,
                    1.0,
                    0.5479122726947108,
                    0.2858688049387735
                ],
                "Ai": [
                    [
                        0.0,
                        0.0,
                        0.0,
                        0.0,
                        0.0,
                        0.0
                    ],
                    [
                        -0.8159796073835942,
                        0.0,
                        0.0,
                        0.0,
                        0.0,
                        0.0
                    ],
                    [
                        -0.0,
                        -0.6748728299693226,
                        0.0,
                        0.0,
                        0.0,
                        0.0
                    ],
                    [
                        0.0,
                        0.0,
                        0.0,
                        0.0,
                        0.0,
                        0.0
                    ],
                    [
                        0.8873252904176921,
                        -0.0,
                        0.8176938832666454,
                        0.5479122726947108,
                        0.0,
                        0.0
                    ],
                    [
                        -0.795379394269941,
                        -0.6067850858228343,
                        -0.9559414653855118,
                        0.781191255990447,
                        -0.9040178067477975,
                        0.0
                    ]
                ]
            },
            "est_params": {
                "mui": [
                    0.06577016548982886,
                    0.0007465291598377123,
                    -0.12232053752376915,
                    0.9918672372305187,
                    0.5106380401341797,
                    0.3187999418372656
                ],
                "Si": [
                    [
                        1.0282509548599503,
                        -0.8948396210014375,
                        0.6340707978389963,
                        -0.0014125165473178184,
                        1.4089553154698053,
                        -2.074391838899112
                    ],
                    [
                        -0.8948396210014375,
                        1.674823758112198,
                        -1.1606207322881936,
                        0.004336289670520532,
                        -1.6791778746083141,
                        2.352436309074328
                    ],
                    [
                        0.6340707978389963,
                        -1.1606207322881936,
                        1.733738917669259,
                        -0.004185190855079132,
                        2.0673932405137623,
                        -3.3816856853351935
                    ],
                    [
                        -0.0014125165473178154,
                        0.004336289670520529,
                        -0.0041851908550791395,
                        0.4856861296223698,
                        0.16932894665819423,
                        0.19828372218089627
                    ],
                    [
                        1.4089553154698053,
                        -1.6791778746083141,
                        2.0673932405137623,
                        0.16932894665819423,
                        4.114980995453444,
                        -5.551268796327588
                    ],
                    [
                        -2.074391838899112,
                        2.352436309074328,
                        -3.3816856853351944,
                        0.19828372218089624,
                        -5.551268796327588,
                        9.564628996049573
                    ]
                ]
            },
            "est_tgt": [
                0,
                1,
                3,
                4,
                5
            ],
            "oracle_est_tgt": [
                0,
                2,
                3,
                5
            ]
        },
        "4": {
            "intv_type": "hard",
            "inode": 4,
            "new_mui": 1.0,
            "new_vari": 0.5,
            "true_params": {
                "Si": [
                    [
                        1.0,
                        -0.8159796073835942,
                        0.550682466832223,
                        1.5018758848153078,
                        0.0,
                        0.3465769663209264
                    ],
                    [
                        -0.8159796073835942,
                        1.6658227196658846,
                        -1.1242184930481092,
                        -2.4422956064253514,
                        0.0,
                        -1.194995914686173
                    ],
                    [
                        0.550682466832223,
                        -1.1242184930481092,
                        1.7587045159072248,
                        2.153936668992252,
                        0.0,
                        0.24557544754119165
                    ],
                    [
                        1.5018758848153078,
                        -2.4422956064253514,
                        2.153936668992252,
                        4.991952675919375,
                        0.0,
                        2.1280198226587954
                    ],
                    [
                        0.0,
                        0.0,
                        0.0,
                        0.0,
                        0.5,
                        -0.45200890337389876
                    ],
                    [
                        0.3465769663209264,
                        -1.194995914686173,
                        0.24557544754119165,
                        2.1280198226587954,
                        -0.45200890337389876,
                        3.2857043434192454
                    ]
                ],
                "mui": [
                    0.0,
                    0.0,
                    0.0,
                    0.0,
                    1.0,
                    -0.9040178067477975
                ],
                "Ai": [
                    [
                        0.0,
                        0.0,
                        0.0,
                        0.0,
                        0.0,
                        0.0
                    ],
                    [
                        -0.8159796073835942,
                        0.0,
                        0.0,
                        0.0,
                        0.0,
                        0.0
                    ],
                    [
                        -0.0,
                        -0.6748728299693226,
                        0.0,
                        0.0,
                        0.0,
                        0.0
                    ],
                    [
                        0.5089955609980075,
                        -0.8755138592025459,
                        0.5056977214623324,
                        0.0,
                        0.0,
                        0.0
                    ],
                    [
                        0.0,
                        0.0,
                        0.0,
                        0.0,
                        0.0,
                        0.0
                    ],
                    [
                        -0.795379394269941,
                        -0.6067850858228343,
                        -0.9559414653855118,
                        0.781191255990447,
                        -0.9040178067477975,
                        0.0
                    ]
                ]
            },
            "est_params": {
                "mui": [
                    -0.03625568509683234,
                    0.10312101634196981,
                    0.02910617046691665,
                    -0.14055094585163377,
                    1.0179086528296482,
                    -1.2078301681424262
                ],
                "Si": [
                    [
                        1.1980892559607539,
                        -1.0852928880131125,
                        0.7586410946087797,
                        1.9455073172735933,
                        -0.022803942721685455,
                        0.4579422508733005
                    ],
                    [
                        -1.0852928880131125,
                        1.826220024852637,
                        -1.2993797708360042,
                        -2.879313508885927,
                        -0.030139786714682232,
                        -1.2950115699658815
                    ],
                    [
                        0.7586410946087797,
                        -1.2993797708360042,
                        1.9354825024312685,
                        2.5891208751732133,
                        0.12465069476590757,
                        0.4362296853917857
                    ],
                    [
                        1.945507317273593,
                        -2.879313508885927,
                        2.5891208751732133,
                        5.900429394598998,
                        0.13420674793356063,
                        2.275259274251757
                    ],
                    [
                        -0.022803942721685455,
                        -0.03013978671468224,
                        0.12465069476590757,
                        0.13420674793356063,
                        0.41793457519124494,
                        -0.42287904261111037
                    ],
                    [
                        0.4579422508733005,
                        -1.295011569965881,
                        0.4362296853917857,
                        2.275259274251757,
                        -0.42287904261111037,
                        3.1666276539979443
                    ]
                ]
            },
            "est_tgt": [
                0,
                4,
                5
            ],
            "oracle_est_tgt": [
                0,
                4,
                5
            ]
        },
        "5": {
            "intv_type": "hard",
            "inode": 5,
            "new_mui": 1.0,
            "new_vari": 0.5,
            "true_params": {
                "Si": [
                    [
                        1.0,
                        -0.8159796073835942,
                        0.550682466832223,
                        1.5018758848153078,
                        2.160511204523123,
                        0.0
                    ],
                    [
                        -0.8159796073835942,
                        1.6658227196658846,
                        -1.1242184930481092,
                        -2.4422956064253514,
                        -2.9814696636260676,
                        0.0
                    ],
                    [
                        0.550682466832223,
                        -1.1242184930481092,
                        1.7587045159072248,
                        2.153936668992252,
                        3.106884740488617,
                        0.0
                    ],
                    [
                        1.5018758848153078,
                        -2.4422956064253514,
                        2.153936668992252,
                        4.991952675919375,
                        5.829065430691196,
                        0.0
                    ],
                    [
                        2.160511204523123,
                        -2.9814696636260676,
                        3.106884740488617,
                        5.829065430691196,
                        8.651373368132365,
                        0.0
                    ],
                    [
                        0.0,
                        0.0,
                        0.0,
                        0.0,
                        0.0,
                        0.5
                    ]
                ],
                "mui": [
                    0.0,
                    0.0,
                    0.0,
                    0.0,
                    0.0,
                    1.0
                ],
                "Ai": [
                    [
                        0.0,
                        0.0,
                        0.0,
                        0.0,
                        0.0,
                        0.0
                    ],
                    [
                        -0.8159796073835942,
                        0.0,
                        0.0,
                        0.0,
                        0.0,
                        0.0
                    ],
                    [
                        -0.0,
                        -0.6748728299693226,
                        0.0,
                        0.0,
                        0.0,
                        0.0
                    ],
                    [
                        0.5089955609980075,
                        -0.8755138592025459,
                        0.5056977214623324,
                        0.0,
                        0.0,
                        0.0
                    ],
                    [
                        0.8873252904176921,
                        -0.0,
                        0.8176938832666454,
                        0.5479122726947108,
                        0.0,
                        0.0
                    ],
                    [
                        0.0,
                        0.0,
                        0.0,
                        0.0,
                        0.0,
                        0.0
                    ]
                ]
            },
            "est_params": {
                "mui": [
                    0.682725338611,
                    -0.8214543825478442,
                    0.8583934122922984,
                    1.353084562021868,
                    1.827911812644786,
                    1.1024092555744993
                ],
                "Si": [
                    [
                        0.632433423791976,
                        -0.5046338318007394,
                        0.001718306673996674,
                        0.9344651453831001,
                        0.9603838810751257,
                        -0.14018365512839956
                    ],
                    [
                        -0.5046338318007393,
                        1.2120717686022093,
                        -0.4919415119100851,
                        -1.7088807257984593,
                        -1.6050606091115378,
                        0.10550884485324219
                    ],
                    [
                        0.0017183066739966761,
                        -0.4919415119100851,
                        0.8444401168146216,
                        0.8208999575795282,
                        1.046898183265456,
                        0.0062919887995560265
                    ],
                    [
                        0.9344651453831002,
                        -1.7088807257984593,
                        0.8208999575795282,
                        3.465843914087445,
                        3.2692972204642428,
                        -0.2472322695286553
                    ],
                    [
                        0.9603838810751256,
                        -1.6050606091115378,
                        1.0468981832654558,
                        3.2692972204642428,
                        4.539819876038799,
                        -0.18282266047667003
                    ],
                    [
                        -0.14018365512839956,
                        0.10550884485324219,
                        0.006291988799556025,
                        -0.2472322695286553,
                        -0.18282266047667003,
                        0.4617649274525516
                    ]
                ]
            },
            "est_tgt": [
                0,
                1,
                2,
                3,
                4,
                5
            ],
            "oracle_est_tgt": [
                0,
                4,
                5
            ]
        },
        "obs": {
            "intv_type": "obs",
            "true_params": {
                "Si": [
                    [
                        1.0,
                        -0.8159796073835942,
                        0.550682466832223,
                        1.5018758848153078,
                        2.160511204523123,
                        -1.6065636342461094
                    ],
                    [
                        -0.8159796073835942,
                        1.6658227196658846,
                        -1.1242184930481092,
                        -2.4422956064253514,
                        -2.9814696636260676,
                        1.500305751510158
                    ],
                    [
                        0.550682466832223,
                        -1.1242184930481092,
                        1.7587045159072248,
                        2.153936668992252,
                        3.106884740488617,
                        -2.563103681373528
                    ],
                    [
                        1.5018758848153078,
                        -2.4422956064253514,
                        2.153936668992252,
                        4.991952675919375,
                        5.829065430691196,
                        -3.141559123384066
                    ],
                    [
                        2.160511204523123,
                        -2.9814696636260676,
                        3.106884740488617,
                        5.829065430691196,
                        8.651373368132365,
                        -6.146695351615252
                    ],
                    [
                        -1.6065636342461094,
                        1.500305751510158,
                        -2.563103681373528,
                        -3.141559123384066,
                        -6.146695351615252,
                        6.920205078328868
                    ]
                ],
                "mui": [
                    0.0,
                    0.0,
                    0.0,
                    0.0,
                    0.0,
                    0.0
