{
    "expt_args": {
        "save_dir": "all_expt_logs/expt_logs_11.05.24-hard_var_shift-corr",
        "exp_name": "103",
        "num_nodes": 6,
        "obs_noise_mean": 0.0,
        "obs_noise_var": 1.0,
        "max_edge_strength": 1.0,
        "graph_sparsity_method": "adj_dense_prop",
        "adj_dense_prop": 0.8,
        "num_parents": null,
        "new_noise_mean": 1.0,
        "mix_samples": 131072,
        "stage2_samples": 131072,
        "gmm_tol": 0.001,
        "intv_type": "hard",
        "new_noise_var": 4.0,
        "intv_targets": [
            0,
            1,
            2,
            3,
            4,
            5
        ]
    },
    "intv_args_dict": {
        "0": {
            "intv_type": "hard",
            "inode": 0,
            "new_mui": 1.0,
            "new_vari": 4.0,
            "true_params": {
                "Si": [
                    [
                        4.0,
                        3.8777708532452824,
                        -3.1955865906003065,
                        5.930659632752592,
                        2.693683133560949,
                        -0.23562503571697024
                    ],
                    [
                        3.8777708532452824,
                        4.759276697569661,
                        -3.9220163777810826,
                        6.4386721409111525,
                        3.448088830812317,
                        -1.2432529356336213
                    ],
                    [
                        -3.1955865906003065,
                        -3.9220163777810826,
                        4.232048364710128,
                        -5.305969623642944,
                        -3.5416179570849264,
                        2.030795790787418
                    ],
                    [
                        5.930659632752592,
                        6.4386721409111525,
                        -5.305969623642944,
                        10.268229078724652,
                        3.719384961722265,
                        -0.44069225949377133
                    ],
                    [
                        2.693683133560949,
                        3.448088830812317,
                        -3.5416179570849264,
                        3.719384961722265,
                        4.728691913635139,
                        -2.9443714548453426
                    ],
                    [
                        -0.23562503571697024,
                        -1.2432529356336213,
                        2.030795790787418,
                        -0.44069225949377133,
                        -2.9443714548453426,
                        3.9365911211868987
                    ]
                ],
                "mui": [
                    1.0,
                    0.9694427133113206,
                    -0.7988966476500766,
                    1.482664908188148,
                    0.6734207833902373,
                    -0.05890625892924256
                ],
                "Ai": [
                    [
                        0.0,
                        0.0,
                        0.0,
                        0.0,
                        0.0,
                        0.0
                    ],
                    [
                        0.9694427133113206,
                        0.0,
                        0.0,
                        0.0,
                        0.0,
                        0.0
                    ],
                    [
                        -0.0,
                        -0.8240782427682491,
                        0.0,
                        0.0,
                        0.0,
                        0.0
                    ],
                    [
                        0.8144887574371968,
                        0.6892373748095597,
                        -0.0,
                        0.0,
                        0.0,
                        0.0
                    ],
                    [
                        0.5555163193009166,
                        0.8463996730458486,
                        -0.700122972480286,
                        -0.8511413605205717,
                        0.0,
                        0.0
                    ],
                    [
                        0.8265077514892487,
                        0.0,
                        0.5060386822139348,
                        -0.0,
                        -0.7144736478049892,
                        0.0
                    ]
                ]
            },
            "est_params": {
                "mui": [
                    2.053513029543558,
                    2.2284821837342226,
                    -1.9184836894442678,
                    3.4113178784632736,
                    1.413477939033105,
                    -0.3315696890727317
                ],
                "Si": [
                    [
                        3.0708377512410454,
                        2.7409403499577754,
                        -2.1711146955664717,
                        4.160075898669748,
                        2.099502969629509,
                        -0.008039721744316436
                    ],
                    [
                        2.7409403499577754,
                        3.3799592930685303,
                        -2.6976708480357363,
                        4.354871727967634,
                        2.6541965032229657,
                        -0.9476536540971003
                    ],
                    [
                        -2.1711146955664717,
                        -2.6976708480357354,
                        3.1400203487280653,
                        -3.460724461768391,
                        -2.828916079619845,
                        1.807905511073509
                    ],
                    [
                        4.160075898669748,
                        4.354871727967634,
                        -3.460724461768391,
                        6.997302513695591,
                        2.601171802699871,
                        -0.09694275141812425
                    ],
                    [
                        2.099502969629509,
                        2.6541965032229657,
                        -2.828916079619845,
                        2.601171802699871,
                        4.282503083556597,
                        -2.767741649813332
                    ],
                    [
                        -0.008039721744316435,
                        -0.9476536540971003,
                        1.807905511073509,
                        -0.09694275141812422,
                        -2.767741649813332,
                        3.8795269788055213
                    ]
                ]
            },
            "est_tgt": [
                0,
                1,
                2,
                3,
                4,
                5
            ],
            "oracle_est_tgt": [
                0
            ]
        },
        "1": {
            "intv_type": "hard",
            "inode": 1,
            "new_mui": 1.0,
            "new_vari": 4.0,
            "true_params": {
                "Si": [
                    [
                        1.0,
                        0.0,
                        0.0,
                        0.8144887574371968,
                        -0.137728749832889,
                        0.9249113137899737
                    ],
                    [
                        0.0,
                        4.0,
                        -3.2963129710729966,
                        2.756949499238239,
                        3.3468693800482,
                        -4.059311846736339
                    ],
                    [
                        0.0,
                        -3.2963129710729966,
                        3.7164198008160216,
                        -2.2719420987330525,
                        -3.458205209965266,
                        4.351448669780815
                    ],
                    [
                        0.8144887574371968,
                        2.756949499238239,
                        -2.2719420987330525,
                        3.563584571329083,
                        1.34346758649958,
                        -1.436381501420665
                    ],
                    [
                        -0.137728749832889,
                        3.3468693800482,
                        -3.458205209965266,
                        1.34346758649958,
                        5.033966662490027,
                        -5.460456010893949
                    ],
                    [
                        0.9249113137899737,
                        -4.059311846736339,
                        4.351448669780815,
                        -1.436381501420665,
                        -5.460456010893949,
                        7.86779964564706
                    ]
                ],
                "mui": [
                    0.0,
                    1.0,
                    -0.8240782427682491,
                    0.6892373748095597,
                    0.83671734501205,
                    -1.0148279616840847
                ],
                "Ai": [
                    [
                        0.0,
                        0.0,
                        0.0,
                        0.0,
                        0.0,
                        0.0
                    ],
                    [
                        0.0,
                        0.0,
                        0.0,
                        0.0,
                        0.0,
                        0.0
                    ],
                    [
                        -0.0,
                        -0.8240782427682491,
                        0.0,
                        0.0,
                        0.0,
                        0.0
                    ],
                    [
                        0.8144887574371968,
                        0.6892373748095597,
                        -0.0,
                        0.0,
                        0.0,
                        0.0
                    ],
                    [
                        0.5555163193009166,
                        0.8463996730458486,
                        -0.700122972480286,
                        -0.8511413605205717,
                        0.0,
                        0.0
                    ],
                    [
                        0.8265077514892487,
                        0.0,
                        0.5060386822139348,
                        -0.0,
                        -0.7144736478049892,
                        0.0
                    ]
                ]
            },
            "est_params": {
                "mui": [
                    0.12171245605592201,
                    1.9009396401166172,
                    -1.7516253418598224,
                    0.6584051036709417,
                    2.468439386238609,
                    -2.6498756802994126
                ],
                "Si": [
                    [
                        1.159746120221902,
                        0.07311897265503547,
                        -0.09647836592589541,
                        0.34994391378940487,
                        0.48940961470980165,
                        0.5301332527828029
                    ],
                    [
                        0.07311897265503547,
                        2.6027621514987107,
                        -1.9988758429512339,
                        2.238936269780429,
                        1.6174527519510788,
                        -2.048594638649523
                    ],
                    [
                        -0.09647836592589543,
                        -1.9988758429512339,
                        2.4877135101480157,
                        -1.8006188558410376,
                        -1.8750812318893582,
                        2.4837628613468716
                    ],
                    [
                        0.3499439137894048,
                        2.2389362697804285,
                        -1.8006188558410376,
                        4.051289554474144,
                        -0.09536167732010417,
                        -0.5678136201535506
                    ],
                    [
                        0.48940961470980165,
                        1.6174527519510788,
                        -1.8750812318893582,
                        -0.09536167732010414,
                        3.8770526489251185,
                        -3.244071362261027
                    ],
                    [
                        0.5301332527828029,
                        -2.048594638649523,
                        2.4837628613468716,
                        -0.5678136201535506,
                        -3.244071362261027,
                        4.876748162754252
                    ]
                ]
            },
            "est_tgt": [
                0,
                1,
                2,
                3,
                4,
                5
            ],
            "oracle_est_tgt": [
                1
            ]
        },
        "2": {
            "intv_type": "hard",
            "inode": 2,
            "new_mui": 1.0,
            "new_vari": 4.0,
            "true_params": {
                "Si": [
                    [
                        1.0,
                        0.9694427133113206,
                        0.0,
                        1.482664908188148,
                        0.11409488773292994,
                        0.7449899608548015
                    ],
                    [
                        0.9694427133113206,
                        1.9398191743924154,
                        0.0,
                        2.126596066334958,
                        0.3703696936675749,
                        0.5366325311054873
                    ],
                    [
                        0.0,
                        0.0,
                        4.0,
                        0.0,
                        -2.800491889921144,
                        4.025032385095987
                    ],
                    [
                        1.482664908188148,
                        2.126596066334958,
                        0.0,
                        3.6733433888069427,
                        -0.5029397218085809,
                        1.584771217145203
                    ],
                    [
                        0.11409488773292994,
                        0.3703696936675749,
                        -2.800491889921144,
                        -0.5029397218085809,
                        3.7656238651692937,
                        -4.013295935618973
                    ],
                    [
                        0.7449899608548015,
                        0.5366325311054873,
                        4.025032385095987,
                        1.584771217145203,
                        -4.013295935618973,
                        6.519956248293173
                    ]
                ],
                "mui": [
                    0.0,
                    0.0,
                    1.0,
                    0.0,
                    -0.700122972480286,
                    1.0062580962739966
                ],
                "Ai": [
                    [
                        0.0,
                        0.0,
                        0.0,
                        0.0,
                        0.0,
                        0.0
                    ],
                    [
                        0.9694427133113206,
                        0.0,
                        0.0,
                        0.0,
                        0.0,
                        0.0
                    ],
                    [
                        0.0,
                        0.0,
                        0.0,
                        0.0,
                        0.0,
                        0.0
                    ],
                    [
                        0.8144887574371968,
                        0.6892373748095597,
                        -0.0,
                        0.0,
                        0.0,
                        0.0
                    ],
                    [
                        0.5555163193009166,
                        0.8463996730458486,
                        -0.700122972480286,
                        -0.8511413605205717,
                        0.0,
                        0.0
                    ],
                    [
                        0.8265077514892487,
                        0.0,
                        0.5060386822139348,
                        -0.0,
                        -0.7144736478049892,
                        0.0
                    ]
                ]
            },
            "est_params": {
                "mui": [
                    0.3928510426459973,
                    0.8067781632441225,
                    -0.8358045897437907,
                    0.882824030412019,
                    0.8316591341922651,
                    -0.7748570972071056
                ],
                "Si": [
                    [
                        0.9030610866575253,
                        0.5828651473065144,
                        -0.4051571632741812,
                        1.0481732782329143,
                        0.36397957622540605,
                        0.35568711998240343
                    ],
                    [
                        0.5828651473065144,
                        1.166306185159583,
                        -0.7375228550109905,
                        1.2787586027568831,
                        0.6046079039073177,
                        -0.12824436671942294
                    ],
                    [
                        -0.4051571632741811,
                        -0.7375228550109905,
                        1.2757110250819346,
                        -0.9010278373176069,
                        -0.7928568003288732,
                        0.6428064946882641
                    ],
                    [
                        1.0481732782329143,
                        1.2787586027568831,
                        -0.9010278373176069,
                        2.682826104751407,
                        -0.05066080001101488,
                        0.5918643098775263
                    ],
                    [
                        0.36397957622540605,
                        0.6046079039073177,
                        -0.7928568003288732,
                        -0.050660800011014855,
                        1.965549018713888,
                        -1.207367620426282
                    ],
                    [
                        0.35568711998240343,
                        -0.12824436671942294,
                        0.6428064946882641,
                        0.5918643098775263,
                        -1.207367620426282,
                        2.3565586810074928
                    ]
                ]
            },
            "est_tgt": [
                0,
                1,
                2,
                3,
                4,
                5
            ],
            "oracle_est_tgt": [
                2
            ]
        },
        "3": {
            "intv_type": "hard",
            "inode": 3,
            "new_mui": 1.0,
            "new_vari": 4.0,
            "true_params": {
                "Si": [
                    [
                        1.0,
                        0.9694427133113206,
                        -0.7988966476500766,
                        0.0,
                        1.935378210541606,
                        -0.9605415852806799
                    ],
                    [
                        0.9694427133113206,
                        1.9398191743924154,
                        -1.5985627765214576,
                        0.0,
                        3.2995940856401487,
                        -2.365155706333676
                    ],
                    [
                        -0.7988966476500766,
                        -1.5985627765214576,
                        2.317340803830536,
                        0.0,
                        -3.4192466684231273,
                        2.9553314546227494
                    ],
                    [
                        0.0,
                        0.0,
                        0.0,
                        4.0,
                        -3.4045654420822866,
                        2.4324722905953373
                    ],
                    [
                        1.935378210541606,
                        3.2995940856401487,
                        -3.4192466684231273,
                        -3.4045654420822866,
                        10.159569138740059,
                        -7.389410407859801
                    ],
                    [
                        -0.9605415852806799,
                        -2.365155706333676,
                        2.9553314546227494,
                        2.4324722905953373,
                        -7.389410407859801,
                        6.981155978172178
                    ]
                ],
                "mui": [
                    0.0,
                    0.0,
                    0.0,
                    1.0,
                    -0.8511413605205717,
                    0.6081180726488343
                ],
                "Ai": [
                    [
                        0.0,
                        0.0,
                        0.0,
                        0.0,
                        0.0,
                        0.0
                    ],
                    [
                        0.9694427133113206,
                        0.0,
                        0.0,
                        0.0,
                        0.0,
                        0.0
                    ],
                    [
                        -0.0,
                        -0.8240782427682491,
                        0.0,
                        0.0,
                        0.0,
                        0.0
                    ],
                    [
                        0.0,
                        0.0,
                        0.0,
                        0.0,
                        0.0,
                        0.0
                    ],
                    [
                        0.5555163193009166,
                        0.8463996730458486,
                        -0.700122972480286,
                        -0.8511413605205717,
                        0.0,
                        0.0
                    ],
                    [
                        0.8265077514892487,
                        0.0,
                        0.5060386822139348,
                        -0.0,
                        -0.7144736478049892,
                        0.0
                    ]
                ]
            },
            "est_params": {
                "mui": [
                    -0.13224661388340006,
                    -0.1387248505380741,
                    1.5290451135754555,
                    1.5799859109158227,
                    -2.66398109042018,
                    2.5947719255076045
                ],
                "Si": [
                    [
                        1.0099227621755928,
                        1.0354609410535915,
                        -0.02128283680585193,
                        0.4665896303426552,
                        1.0314595621546272,
                        0.09727425004449082
                    ],
                    [
                        1.0354609410535918,
                        2.0291628754694555,
                        -0.2038320734529287,
                        0.5906184993012898,
                        1.901041568186655,
                        -0.5863042517523434
                    ],
                    [
                        -0.021282836805851944,
                        -0.20383207345292867,
                        2.894843738627882,
                        -1.1410317385202924,
                        -1.2063210121950567,
                        2.28026080185038
                    ],
                    [
                        0.4665896303426552,
                        0.5906184993012897,
                        -1.1410317385202924,
                        3.326729765044875,
                        -1.243815199423667,
                        0.6789912832011529
                    ],
                    [
                        1.0314595621546272,
                        1.901041568186655,
                        -1.2063210121950572,
                        -1.2438151994236668,
                        4.9442510718040715,
                        -3.2315505746622053
                    ],
                    [
                        0.09727425004449082,
                        -0.5863042517523432,
                        2.28026080185038,
                        0.6789912832011529,
                        -3.231550574662206,
                        4.454353484123682
                    ]
                ]
            },
            "est_tgt": [
                0,
                1,
                2,
                3,
                4,
                5
            ],
            "oracle_est_tgt": [
                3
            ]
        },
        "4": {
            "intv_type": "hard",
            "inode": 4,
            "new_mui": 1.0,
            "new_vari": 4.0,
            "true_params": {
                "Si": [
                    [
                        1.0,
                        0.9694427133113206,
                        -0.7988966476500766,
                        1.482664908188148,
                        0.0,
                        0.42223514468727374
                    ],
                    [
                        0.9694427133113206,
                        1.9398191743924154,
                        -1.5985627765214576,
                        2.126596066334958,
                        0.0,
                        -0.007682683690591108
                    ],
                    [
                        -0.7988966476500766,
                        -1.5985627765214576,
                        2.317340803830536,
                        -1.7524815494231831,
                        0.0,
                        0.5123698146894213
                    ],
                    [
                        1.482664908188148,
                        2.126596066334958,
                        -1.7524815494231831,
                        3.6733433888069427,
                        0.0,
                        0.3386105856042574
                    ],
                    [
                        0.0,
                        0.0,
                        0.0,
                        0.0,
                        4.0,
                        -2.857894591219957
                    ],
                    [
                        0.42223514468727374,
                        -0.007682683690591108,
                        0.5123698146894213,
                        0.3386105856042574,
                        -2.857894591219957,
                        3.65014993949792
                    ]
                ],
                "mui": [
                    0.0,
                    0.0,
                    0.0,
                    0.0,
                    1.0,
                    -0.7144736478049892
                ],
                "Ai": [
                    [
                        0.0,
                        0.0,
                        0.0,
                        0.0,
                        0.0,
                        0.0
                    ],
                    [
                        0.9694427133113206,
                        0.0,
                        0.0,
                        0.0,
                        0.0,
                        0.0
                    ],
                    [
                        -0.0,
                        -0.8240782427682491,
                        0.0,
                        0.0,
                        0.0,
                        0.0
                    ],
                    [
                        0.8144887574371968,
                        0.6892373748095597,
                        -0.0,
                        0.0,
                        0.0,
                        0.0
                    ],
                    [
                        0.0,
                        0.0,
                        0.0,
                        0.0,
                        0.0,
                        0.0
                    ],
                    [
                        0.8265077514892487,
                        0.0,
                        0.5060386822139348,
                        -0.0,
                        -0.7144736478049892,
                        0.0
                    ]
                ]
            },
            "est_params": {
                "mui": [
                    -0.06415835616216438,
                    -0.107516432487774,
                    -0.057224605800172,
                    -0.17123297864176573,
                    0.8591509890608768,
                    -0.7198895572307166
                ],
                "Si": [
                    [
                        0.9693574432433748,
                        0.922625153094613,
                        -0.5716594634722629,
                        1.4495830905873588,
                        0.03064071048787528,
                        0.4985078184939566
                    ],
                    [
                        0.922625153094613,
                        1.8366993226344712,
                        -1.145508487686315,
                        2.0308813407416615,
                        0.08689818155371297,
                        0.11838050156745104
                    ],
                    [
                        -0.5716594634722629,
                        -1.145508487686315,
                        2.4826848496862968,
                        -1.2472293571941584,
                        -0.4719000191595728,
                        1.1328631099604898
                    ],
                    [
                        1.4495830905873588,
                        2.030881340741662,
                        -1.2472293571941584,
                        3.5921209763180504,
                        -0.09754267868332062,
                        0.6448212946807091
                    ],
                    [
                        0.030640710487875276,
                        0.08689818155371298,
                        -0.4719000191595728,
                        -0.0975426786833206,
                        3.776495119205779,
                        -2.923175888560085
                    ],
                    [
                        0.4985078184939566,
                        0.11838050156745109,
                        1.13286310996049,
                        0.6448212946807091,
                        -2.923175888560085,
                        4.023630726169101
                    ]
                ]
            },
            "est_tgt": [
                2,
                3,
                4,
                5
            ],
            "oracle_est_tgt": [
                4
            ]
        },
        "5": {
            "intv_type": "hard",
            "inode": 5,
            "new_mui": 1.0,
            "new_vari": 4.0,
            "true_params": {
                "Si": [
                    [
                        1.0,
                        0.9694427133113206,
                        -0.7988966476500766,
                        1.482664908188148,
                        0.6734207833902373,
                        0.0
                    ],
                    [
                        0.9694427133113206,
                        1.9398191743924154,
                        -1.5985627765214576,
                        2.126596066334958,
                        1.4895602164621167,
                        0.0
                    ],
                    [
                        -0.7988966476500766,
                        -1.5985627765214576,
                        2.317340803830536,
                        -1.7524815494231831,
                        -1.9276371381598798,
                        0.0
                    ],
                    [
                        1.482664908188148,
                        2.126596066334958,
                        -1.7524815494231831,
                        3.6733433888069427,
                        0.7240128697904352,
                        0.0
                    ],
                    [
                        0.6734207833902373,
                        1.4895602164621167,
                        -1.9276371381598798,
                        0.7240128697904352,
                        3.3682052591293754,
                        0.0
                    ],
                    [
                        0.0,
                        0.0,
                        0.0,
                        0.0,
                        0.0,
                        4.0
                    ]
                ],
                "mui": [
                    0.0,
                    0.0,
                    0.0,
                    0.0,
                    0.0,
                    1.0
                ],
                "Ai": [
                    [
                        0.0,
                        0.0,
                        0.0,
                        0.0,
                        0.0,
                        0.0
                    ],
                    [
                        0.9694427133113206,
                        0.0,
                        0.0,
                        0.0,
                        0.0,
                        0.0
                    ],
                    [
                        -0.0,
                        -0.8240782427682491,
                        0.0,
                        0.0,
                        0.0,
                        0.0
                    ],
                    [
                        0.8144887574371968,
                        0.6892373748095597,
                        -0.0,
                        0.0,
                        0.0,
                        0.0
                    ],
                    [
                        0.5555163193009166,
                        0.8463996730458486,
                        -0.700122972480286,
                        -0.8511413605205717,
                        0.0,
                        0.0
                    ],
                    [
                        0.0,
                        0.0,
                        0.0,
                        0.0,
                        0.0,
                        0.0
                    ]
                ]
            },
            "est_params": {
                "mui": [
                    -0.02331880628885024,
                    -0.07484333827047539,
                    0.11189693780248355,
                    -0.0020904902511586355,
                    -0.1874675604494295,
                    1.0583382577057467
                ],
                "Si": [
                    [
                        0.9135369447892032,
                        0.8415464401535516,
                        -0.6903613219712382,
                        1.3071286678526786,
                        0.5952475337444476,
                        0.07573786027241726
                    ],
                    [
                        0.8415464401535515,
                        1.6649795313602085,
                        -1.3438413528231252,
                        1.800321713842282,
                        1.2946494595282,
                        0.13161308368627944
                    ],
                    [
                        -0.6903613219712381,
                        -1.3438413528231252,
                        2.0723836873749732,
                        -1.4874299457228106,
                        -1.704491883885464,
                        -0.07355012432820622
                    ],
                    [
                        1.3071286678526786,
                        1.800321713842282,
                        -1.4874299457228106,
                        3.3500611218309384,
                        0.4355599925617328,
                        0.19163027363702015
                    ],
                    [
                        0.5952475337444476,
                        1.2946494595282003,
                        -1.7044918838854632,
                        0.43555999256173294,
                        3.2561977738130423,
                        -0.03430376975997467
                    ],
                    [
                        0.07573786027241727,
                        0.13161308368627944,
                        -0.0735501243282062,
                        0.19163027363702015,
                        -0.03430376975997469,
                        3.578075698613539
                    ]
                ]
            },
            "est_tgt": [
                0,
                1,
                2,
                3,
                5
            ],
            "oracle_est_tgt": [
                5
            ]
        },
        "obs": {
            "intv_type": "obs",
            "true_params": {
                "Si": [
                    [
                        1.0,
                        0.9694427133113206,
                        -0.7988966476500766,
                        1.482664908188148,
                        0.6734207833902373,
                        -0.05890625892924256
                    ],
                    [
                        0.9694427133113206,
                        1.9398191743924154,
                        -1.5985627765214576,
                        2.126596066334958,
                        1.4895602164621167,
                        -1.0719342051714689
                    ],
                    [
                        -0.7988966476500766,
                        -1.5985627765214576,
                        2.317340803830536,
                        -1.7524815494231831,
                        -1.9276371381598798,
                        1.8896157524348807
                    ],
                    [
                        1.482664908188148,
                        2.126596066334958,
                        -1.7524815494231831,
                        3.6733433888069427,
                        0.7240128697904352,
                        -0.17867753053267332
                    ],
                    [
                        0.6734207833902373,
                        1.4895602164621167,
                        -1.9276371381598798,
                        0.7240128697904352,
                        3.3682052591293754,
                        -2.8253653577411866
                    ],
                    [
                        -0.05890625892924256,
                        -1.0719342051714689,
                        1.8896157524348807,
                        -0.17867753053267332,
                        -2.8253653577411866,
                        3.9261812791637816
                    ]
                ],
                "mui": [
                    0.0,
                    0.0,
                    0.0,
                    0.0,
                    0.0,
                    0.0
                ],
                "Ai": [
                    [
                        0.0,
                        0.0,
                        0.0,
                        0.0,
                        0.0,
                        0.0
                    ],
                    [
                        0.9694427133113206,
                        0.0,
                        0.0,
                        0.0,
                        0.0,
