{
    "expt_args": {
        "save_dir": "all_expt_logs/expt_logs_11.05.24-hard_var_shift-corr",
        "exp_name": "210",
        "num_nodes": 6,
        "obs_noise_mean": 0.0,
        "obs_noise_var": 1.0,
        "max_edge_strength": 1.0,
        "graph_sparsity_method": "adj_dense_prop",
        "adj_dense_prop": 0.8,
        "num_parents": null,
        "new_noise_mean": 1.0,
        "mix_samples": 4096,
        "stage2_samples": 4096,
        "gmm_tol": 0.001,
        "intv_type": "hard",
        "new_noise_var": 4.0,
        "intv_targets": [
            0,
            1,
            2,
            3,
            4,
            5
        ]
    },
    "intv_args_dict": {
        "0": {
            "intv_type": "hard",
            "inode": 0,
            "new_mui": 1.0,
            "new_vari": 4.0,
            "true_params": {
                "Si": [
                    [
                        4.0,
                        2.471300323734588,
                        -1.3073219338003157,
                        -1.2915334674605903,
                        -4.257664074308742,
                        -8.4666819254583
                    ],
                    [
                        2.471300323734588,
                        2.5268313225226695,
                        0.15031369922514215,
                        -2.6614924790207617,
                        -5.494400728041267,
                        -10.99689538210005
                    ],
                    [
                        -1.3073219338003157,
                        0.15031369922514215,
                        2.3450557790940745,
                        -2.264954523579889,
                        -2.9248083887355483,
                        -5.714626926257622
                    ],
                    [
                        -1.2915334674605903,
                        -2.6614924790207617,
                        -2.264954523579889,
                        5.70301938382106,
                        8.85199509546309,
                        17.620293652736905
                    ],
                    [
                        -4.257664074308742,
                        -5.494400728041267,
                        -2.9248083887355483,
                        8.85199509546309,
                        16.728576150344484,
                        32.1258825017542
                    ],
                    [
                        -8.4666819254583,
                        -10.99689538210005,
                        -5.714626926257622,
                        17.620293652736905,
                        32.1258825017542,
                        63.871831053042314
                    ]
                ],
                "mui": [
                    1.0,
                    0.617825080933647,
                    -0.3268304834500789,
                    -0.32288336686514757,
                    -1.0644160185771856,
                    -2.116670481364575
                ],
                "Ai": [
                    [
                        0.0,
                        0.0,
                        0.0,
                        0.0,
                        0.0,
                        0.0
                    ],
                    [
                        0.617825080933647,
                        0.0,
                        0.0,
                        0.0,
                        0.0,
                        0.0
                    ],
                    [
                        -0.9187130761260958,
                        0.9580099787816541,
                        0.0,
                        0.0,
                        0.0,
                        0.0
                    ],
                    [
                        -0.0,
                        -0.9996490642991807,
                        -0.901766855036199,
                        0.0,
                        0.0,
                        0.0
                    ],
                    [
                        -0.7398714068694008,
                        -0.6354831107586856,
                        -0.9215890472706397,
                        0.7220272864983538,
                        0.0,
                        0.0
                    ],
                    [
                        -0.617458897749009,
                        -0.8967183981773704,
                        -0.8136746513008308,
                        0.8354245962845739,
                        0.884414950078171,
                        0.0
                    ]
                ]
            },
            "est_params": {
                "mui": [
                    -0.06490382558093225,
                    -0.17724481195144806,
                    -0.20008756999059812,
                    0.33060675914197984,
                    0.6552503809917638,
                    1.3379281772704976
                ],
                "Si": [
                    [
                        1.5093817081871197,
                        0.6661715094463577,
                        -0.7876723136110835,
                        0.15869557601185574,
                        -0.6483158134669409,
                        -1.3773796766549482
                    ],
                    [
                        0.6661715094463578,
                        1.7623917854141378,
                        1.0862155329025056,
                        -2.6421728328965948,
                        -4.523438207772317,
                        -9.104107295425191
                    ],
                    [
                        -0.7876723136110834,
                        1.0862155329025056,
                        2.7391293591477517,
                        -3.6991713517808242,
                        -5.308547428988057,
                        -10.500768546523622
                    ],
                    [
                        0.1586955760118557,
                        -2.642172832896595,
                        -3.6991713517808242,
                        6.985421178079958,
                        10.023133111649651,
                        20.00851997921413
                    ],
                    [
                        -0.6483158134669409,
                        -4.523438207772317,
                        -5.308547428988057,
                        10.023133111649651,
                        16.51260317199335,
                        31.809760890648004
                    ],
                    [
                        -1.3773796766549484,
                        -9.10410729542519,
                        -10.500768546523622,
                        20.008519979214135,
                        31.809760890648,
                        63.54687335224497
                    ]
                ]
            },
            "est_tgt": [
                0,
                3
            ],
            "oracle_est_tgt": [
                0
            ]
        },
        "1": {
            "intv_type": "hard",
            "inode": 1,
            "new_mui": 1.0,
            "new_vari": 4.0,
            "true_params": {
                "Si": [
                    [
                        1.0,
                        0.0,
                        -0.9187130761260958,
                        0.8284650013388615,
                        0.7049788385482797,
                        1.4456885076936667
                    ],
                    [
                        0.0,
                        4.0,
                        3.8320399151266162,
                        -7.454202839833634,
                        -11.455636306972746,
                        -23.06386774505732
                    ],
                    [
                        -0.9187130761260958,
                        3.8320399151266162,
                        5.515166194025975,
                        -8.8040891893022,
                        -13.19497649540638,
                        -26.381531195995525
                    ],
                    [
                        0.8284650013388615,
                        -7.454202839833634,
                        -8.8040891893022,
                        16.39082271363123,
                        24.072435858254558,
                        48.31976055094695
                    ],
                    [
                        0.7049788385482797,
                        -11.455636306972746,
                        -13.19497649540638,
                        24.072435858254558,
                        37.29957107028657,
                        73.67260557606048
                    ],
                    [
                        1.4456885076936667,
                        -23.06386774505732,
                        -26.381531195995525,
                        48.31976055094695,
                        73.67260557606048,
                        147.77979473787966
                    ]
                ],
                "mui": [
                    0.0,
                    1.0,
                    0.9580099787816541,
                    -1.8635507099584085,
                    -2.8639090767431865,
                    -5.76596693626433
                ],
                "Ai": [
                    [
                        0.0,
                        0.0,
                        0.0,
                        0.0,
                        0.0,
                        0.0
                    ],
                    [
                        0.0,
                        0.0,
                        0.0,
                        0.0,
                        0.0,
                        0.0
                    ],
                    [
                        -0.9187130761260958,
                        0.9580099787816541,
                        0.0,
                        0.0,
                        0.0,
                        0.0
                    ],
                    [
                        -0.0,
                        -0.9996490642991807,
                        -0.901766855036199,
                        0.0,
                        0.0,
                        0.0
                    ],
                    [
                        -0.7398714068694008,
                        -0.6354831107586856,
                        -0.9215890472706397,
                        0.7220272864983538,
                        0.0,
                        0.0
                    ],
                    [
                        -0.617458897749009,
                        -0.8967183981773704,
                        -0.8136746513008308,
                        0.8354245962845739,
                        0.884414950078171,
                        0.0
                    ]
                ]
            },
            "est_params": {
                "mui": [
                    1.3785787305765966,
                    2.433911030714209,
                    1.1319960431306,
                    -3.3999065682169483,
                    -6.114047188656971,
                    -12.246061814470336
                ],
                "Si": [
                    [
                        3.461940187250403,
                        -0.1159873945780973,
                        -3.201278016766992,
                        2.8855444958707537,
                        2.793361968229521,
                        5.648496914910435
                    ],
                    [
                        -0.1159873945780973,
                        1.8833042134636144,
                        1.8011165636812527,
                        -3.516926678307514,
                        -5.358644496039677,
                        -10.851192048821028
                    ],
                    [
                        -3.201278016766992,
                        1.8011165636812527,
                        5.497824316093802,
                        -6.676973987210979,
                        -9.046473572103242,
                        -17.968594372689537
                    ],
                    [
                        2.8855444958707537,
                        -3.516926678307514,
                        -6.676973987210979,
                        10.574822999884752,
                        14.269033507436188,
                        28.542324676255085
                    ],
                    [
                        2.793361968229521,
                        -5.358644496039677,
                        -9.046473572103242,
                        14.26903350743619,
                        21.583870895993847,
                        41.82863344289223
                    ],
                    [
                        5.648496914910435,
                        -10.851192048821028,
                        -17.968594372689537,
                        28.542324676255085,
                        41.82863344289223,
                        83.71405627339695
                    ]
                ]
            },
            "est_tgt": [
                0,
                1,
                3,
                4,
                5
            ],
            "oracle_est_tgt": [
                1,
                3,
                5
            ]
        },
        "2": {
            "intv_type": "hard",
            "inode": 2,
            "new_mui": 1.0,
            "new_vari": 4.0,
            "true_params": {
                "Si": [
                    [
                        1.0,
                        0.617825080933647,
                        0.0,
                        -0.6176082640558858,
                        -1.5784188302210815,
                        -3.0834163602709608
                    ],
                    [
                        0.617825080933647,
                        1.3817078306306674,
                        0.0,
                        -1.3812229400247975,
                        -2.3324437536337737,
                        -4.837240169086607
                    ],
                    [
                        0.0,
                        0.0,
                        4.0,
                        -3.607067420144796,
                        -6.290757290666323,
                        -11.831771243627575
                    ],
                    [
                        -0.6176082640558858,
                        -1.3812229400247975,
                        -3.607067420144796,
                        5.633472062951861,
                        8.726448920149036,
                        16.979038075519703
                    ],
                    [
                        -1.5784188302210815,
                        -2.3324437536337737,
                        -6.290757290666323,
                        8.726448920149036,
                        15.748282825471385,
                        29.403090557612614
                    ],
                    [
                        -3.0834163602709608,
                        -4.837240169086607,
                        -11.831771243627575,
                        16.979038075519703,
                        29.403090557612614,
                        57.057976361262966
                    ]
                ],
                "mui": [
                    0.0,
                    0.0,
                    1.0,
                    -0.901766855036199,
                    -1.5726893226665808,
                    -2.9579428109068937
                ],
                "Ai": [
                    [
                        0.0,
                        0.0,
                        0.0,
                        0.0,
                        0.0,
                        0.0
                    ],
                    [
                        0.617825080933647,
                        0.0,
                        0.0,
                        0.0,
                        0.0,
                        0.0
                    ],
                    [
                        0.0,
                        0.0,
                        0.0,
                        0.0,
                        0.0,
                        0.0
                    ],
                    [
                        -0.0,
                        -0.9996490642991807,
                        -0.901766855036199,
                        0.0,
                        0.0,
                        0.0
                    ],
                    [
                        -0.7398714068694008,
                        -0.6354831107586856,
                        -0.9215890472706397,
                        0.7220272864983538,
                        0.0,
                        0.0
                    ],
                    [
                        -0.617458897749009,
                        -0.8967183981773704,
                        -0.8136746513008308,
                        0.8354245962845739,
                        0.884414950078171,
                        0.0
                    ]
                ]
            },
            "est_params": {
                "mui": [
                    0.13144928487604685,
                    0.17746701420428027,
                    1.0680293936982403,
                    -1.2441426177519495,
                    -2.0021934275595643,
                    -3.986556790264033
                ],
                "Si": [
                    [
                        0.946200350703159,
                        0.4403211372270177,
                        -0.17651797335004324,
                        -0.29532981775715345,
                        -1.1597051043530104,
                        -2.1201760052350744
                    ],
                    [
                        0.4403211372270177,
                        1.1952589443496267,
                        0.029696468607092952,
                        -1.1851566870363563,
                        -2.078822972310585,
                        -4.188981116138366
                    ],
                    [
                        -0.17651797335004324,
                        0.029696468607092946,
                        3.5628162254554425,
                        -2.982359707829484,
                        -5.373720859576464,
                        -10.12370652542995
                    ],
                    [
                        -0.29532981775715345,
                        -1.1851566870363563,
                        -2.982359707829484,
                        4.521420489526729,
                        7.0733296899158224,
                        13.725619741841141
                    ],
                    [
                        -1.1597051043530107,
                        -2.078822972310585,
                        -5.373720859576465,
                        7.0733296899158224,
                        13.433427763303497,
                        24.756337323580837
                    ],
                    [
                        -2.1201760052350744,
                        -4.188981116138366,
                        -10.12370652542995,
                        13.725619741841141,
                        24.756337323580837,
                        47.624904939991794
                    ]
                ]
            },
            "est_tgt": [
                1,
                2,
                3,
                5
            ],
            "oracle_est_tgt": [
                1,
                2,
                3,
                5
            ]
        },
        "3": {
            "intv_type": "hard",
            "inode": 3,
            "new_mui": 1.0,
            "new_vari": 4.0,
            "true_params": {
                "Si": [
                    [
                        1.0,
                        0.617825080933647,
                        -0.3268304834500789,
                        0.0,
                        -0.8312854173440907,
                        -1.6407415859029935
                    ],
                    [
                        0.617825080933647,
                        1.3817078306306674,
                        0.756085908892526,
                        0.0,
                        -2.0319635946294095,
                        -4.0327913454836715
                    ],
                    [
                        -0.3268304834500789,
                        0.756085908892526,
                        2.0246012843574377,
                        0.0,
                        -2.104517664539699,
                        -3.9848253843399846
                    ],
                    [
                        0.0,
                        0.0,
                        0.0,
                        4.0,
                        2.888109145993415,
                        5.895985291312371
                    ],
                    [
                        -0.8312854173440907,
                        -2.0319635946294095,
                        -2.104517664539699,
                        2.888109145993415,
                        6.931116896523963,
                        12.590557215432243
                    ],
                    [
                        -1.6407415859029935,
                        -4.0327913454836715,
                        -3.9848253843399846,
                        5.895985291312371,
                        12.590557215432243,
                        24.932648254563126
                    ]
                ],
                "mui": [
                    0.0,
                    0.0,
                    0.0,
                    1.0,
                    0.7220272864983538,
                    1.4739963228280928
                ],
                "Ai": [
                    [
                        0.0,
                        0.0,
                        0.0,
                        0.0,
                        0.0,
                        0.0
                    ],
                    [
                        0.617825080933647,
                        0.0,
                        0.0,
                        0.0,
                        0.0,
                        0.0
                    ],
                    [
                        -0.9187130761260958,
                        0.9580099787816541,
                        0.0,
                        0.0,
                        0.0,
                        0.0
                    ],
                    [
                        0.0,
                        0.0,
                        0.0,
                        0.0,
                        0.0,
                        0.0
                    ],
                    [
                        -0.7398714068694008,
                        -0.6354831107586856,
                        -0.9215890472706397,
                        0.7220272864983538,
                        0.0,
                        0.0
                    ],
                    [
                        -0.617458897749009,
                        -0.8967183981773704,
                        -0.8136746513008308,
                        0.8354245962845739,
                        0.884414950078171,
                        0.0
                    ]
                ]
            },
            "est_params": {
                "mui": [
                    0.07719784061309516,
                    0.09267649843573998,
                    0.11734156009004719,
                    0.7525035393682069,
                    0.3067290368570861,
                    0.6258518529377542
                ],
                "Si": [
                    [
                        1.0700362457985166,
                        0.6653205434308094,
                        -0.4047098546290619,
                        -0.1912979512817585,
                        -0.8859072376126719,
                        -1.937480138730729
                    ],
                    [
                        0.6653205434308094,
                        1.293880084739105,
                        0.4902016531414461,
                        -0.09777070860978938,
                        -1.6805705797225192,
                        -3.579616617710965
                    ],
                    [
                        -0.40470985462906184,
                        0.4902016531414461,
                        1.7093219985737134,
                        0.15054460058692917,
                        -1.4677985971751606,
                        -2.6395862757193536
                    ],
                    [
                        -0.1912979512817585,
                        -0.09777070860978934,
                        0.15054460058692914,
                        3.661124116850668,
                        2.5845380808234273,
                        5.646200917431578
                    ],
                    [
                        -0.8859072376126719,
                        -1.6805705797225192,
                        -1.4677985971751606,
                        2.5845380808234273,
                        5.681418814231591,
                        10.532224361091744
                    ],
                    [
                        -1.937480138730729,
                        -3.579616617710966,
                        -2.6395862757193536,
                        5.646200917431578,
                        10.532224361091744,
                        21.834115769897203
                    ]
                ]
            },
            "est_tgt": [
                1,
                2,
                3,
                5
            ],
            "oracle_est_tgt": [
                1,
                2,
                3,
                5
            ]
        },
        "4": {
            "intv_type": "hard",
            "inode": 4,
            "new_mui": 1.0,
            "new_vari": 4.0,
            "true_params": {
                "Si": [
                    [
                        1.0,
                        0.617825080933647,
                        -0.3268304834500789,
                        -0.32288336686514757,
                        0.0,
                        -1.175285041432228
                    ],
                    [
                        0.617825080933647,
                        1.3817078306306674,
                        0.756085908892526,
                        -2.063036152223997,
                        0.0,
                        -3.9592035089710547
                    ],
                    [
                        -0.3268304834500789,
                        0.756085908892526,
                        2.0246012843574377,
                        -2.581538904251465,
                        0.0,
                        -4.280239595994679
                    ],
                    [
                        -0.32288336686514757,
                        -2.063036152223997,
                        -2.581538904251465,
                        5.390258378026539,
                        0.0,
                        8.653016878679054
                    ],
                    [
                        0.0,
                        0.0,
                        0.0,
                        0.0,
                        4.0,
                        3.537659800312684
                    ],
                    [
                        -1.175285041432228,
                        -3.9592035089710547,
                        -4.280239595994679,
                        8.653016878679054,
                        3.537659800312684,
                        19.116405643802516
                    ]
                ],
                "mui": [
                    0.0,
                    0.0,
                    0.0,
                    0.0,
                    1.0,
                    0.884414950078171
                ],
                "Ai": [
                    [
                        0.0,
                        0.0,
                        0.0,
                        0.0,
                        0.0,
                        0.0
                    ],
                    [
                        0.617825080933647,
                        0.0,
                        0.0,
                        0.0,
                        0.0,
                        0.0
                    ],
                    [
                        -0.9187130761260958,
                        0.9580099787816541,
                        0.0,
                        0.0,
                        0.0,
                        0.0
                    ],
                    [
                        -0.0,
                        -0.9996490642991807,
                        -0.901766855036199,
                        0.0,
                        0.0,
                        0.0
                    ],
                    [
                        0.0,
                        0.0,
                        0.0,
                        0.0,
                        0.0,
                        0.0
                    ],
                    [
                        -0.617458897749009,
                        -0.8967183981773704,
                        -0.8136746513008308,
                        0.8354245962845739,
                        0.884414950078171,
                        0.0
                    ]
                ]
            },
            "est_params": {
                "mui": [
                    -0.06835511597119644,
                    0.00987950305584542,
                    -0.02230854224883392,
                    -0.03536655805126943,
                    1.0805328505600231,
                    0.9212748561762603
                ],
                "Si": [
                    [
                        0.9053973448044828,
                        0.6192058556714128,
                        -0.30086855028945647,
                        -0.41827218253128035,
                        -0.09973004519143754,
                        -1.2993561728995717
                    ],
                    [
                        0.6192058556714128,
                        1.4350578150437714,
                        0.7915602764222768,
                        -2.230554413701404,
                        0.13009679638506896,
                        -4.062311877836084
                    ],
                    [
                        -0.30086855028945647,
                        0.7915602764222768,
                        2.0936839268770897,
                        -2.6317782929756657,
                        0.28163446120430863,
                        -4.126917211121506
                    ],
                    [
                        -0.41827218253128035,
                        -2.230554413701404,
                        -2.631778292975665,
                        5.603856039535969,
                        -0.13508073448633454,
                        8.906215587034355
                    ],
                    [
                        -0.09973004519143755,
                        0.13009679638506896,
                        0.28163446120430863,
                        -0.1350807344863345,
                        4.160245670983936,
                        3.321044608344176
                    ],
                    [
                        -1.2993561728995715,
                        -4.062311877836084,
                        -4.126917211121506,
                        8.906215587034355,
                        3.321044608344176,
                        19.14622963004848
                    ]
                ]
            },
            "est_tgt": [
                1,
                4,
                5
            ],
            "oracle_est_tgt": [
                1,
                4,
                5
            ]
        },
        "5": {
            "intv_type": "hard",
            "inode": 5,
            "new_mui": 1.0,
            "new_vari": 4.0,
            "true_params": {
                "Si": [
                    [
                        1.0,
                        0.617825080933647,
                        -0.3268304834500789,
                        -0.32288336686514757,
                        -1.0644160185771856,
                        0.0
                    ],
                    [
                        0.617825080933647,
                        1.3817078306306674,
                        0.756085908892526,
                        -2.063036152223997,
                        -3.5215319895677064,
                        0.0
                    ],
                    [
                        -0.3268304834500789,
                        0.756085908892526,
                        2.0246012843574377,
                        -2.581538904251465,
                        -3.968459194566318,
                        0.0
                    ],
                    [
                        -0.32288336686514757,
                        -2.063036152223997,
                        -2.581538904251465,
                        5.390258378026539,
                        7.820948411992899,
                        0.0
                    ],
                    [
                        -1.0644160185771856,
                        -3.5215319895677064,
                        -3.968459194566318,
                        7.820948411992899,
                        13.329631768533362,
                        0.0
                    ],
                    [
                        0.0,
                        0.0,
                        0.0,
                        0.0,
                        0.0,
                        4.0
                    ]
                ],
                "mui": [
                    0.0,
                    0.0,
                    0.0,
                    0.0,
                    0.0,
                    1.0
                ],
                "Ai": [
                    [
                        0.0,
                        0.0,
                        0.0,
                        0.0,
                        0.0,
                        0.0
                    ],
                    [
                        0.617825080933647,
                        0.0,
                        0.0,
                        0.0,
                        0.0,
                        0.0
                    ],
                    [
                        -0.9187130761260958,
                        0.9580099787816541,
                        0.0,
                        0.0,
                        0.0,
                        0.0
                    ],
                    [
                        -0.0,
                        -0.9996490642991807,
                        -0.901766855036199,
                        0.0,
                        0.0,
                        0.0
                    ],
                    [
                        -0.7398714068694008,
                        -0.6354831107586856,
                        -0.9215890472706397,
                        0.7220272864983538,
                        0.0,
                        0.0
                    ],
                    [
                        0.0,
                        0.0,
                        0.0,
                        0.0,
                        0.0,
                        0.0
                    ]
                ]
            },
            "est_params": {
                "mui": [
                    -0.008863863755065537,
                    0.19031439632307443,
                    0.19376649712996122,
                    -0.22815263404864955,
                    -0.5891434351598709,
                    0.7285812548323544
                ],
                "Si": [
                    [
                        0.8662246738274482,
                        0.49459240520522624,
                        -0.3266909326203236,
                        -0.2514186739889021,
                        -0.926771341291968,
                        -0.012390223856490091
                    ],
                    [
                        0.49459240520522624,
                        1.1391358528103417,
                        0.6901853180211864,
                        -1.9041033902670916,
                        -3.09091922725771,
                        -0.08259635482502166
                    ],
                    [
                        -0.3266909326203236,
                        0.6901853180211864,
                        1.9629045633239244,
                        -2.582495222956347,
                        -3.782713838932631,
                        0.02837323190205375
                    ],
                    [
                        -0.2514186739889021,
                        -1.9041033902670916,
                        -2.5824952229563474,
                        5.568783780167055,
                        7.665379373773924,
                        0.10398138778379677
                    ],
                    [
                        -0.9267713412919679,
                        -3.09091922725771,
                        -3.782713838932631,
                        7.665379373773924,
                        12.455469299558207,
                        0.19256576694943955
                    ],
                    [
                        -0.012390223856490103,
                        -0.08259635482502165,
                        0.028373231902053715,
                        0.10398138778379676,
                        0.19256576694943955,
                        3.5739417145479306
                    ]
                ]
            },
            "est_tgt": [
                1,
                4,
                5
            ],
            "oracle_est_tgt": [
                1,
                4,
                5
            ]
        },
        "obs": {
            "intv_type": "obs",
            "true_params": {
                "Si": [
                    [
                        1.0,
                        0.617825080933647,
                        -0.3268304834500789,
                        -0.32288336686514757,
                        -1.0644160185771856,
                        -2.116670481364575
                    ],
                    [
                        0.617825080933647,
                        1.3817078306306674,
                        0.756085908892526,
                        -2.063036152223997,
                        -3.5215319895677064,
                        -7.0736990477232595
                    ],
                    [
                        -0.3268304834500789,
                        0.756085908892526,
                        2.0246012843574377,
                        -2.581538904251465,
                        -3.968459194566318,
                        -7.790004236444307
                    ],
                    [
                        -0.32288336686514757,
                        -2.063036152223997,
                        -2.581538904251465,
                        5.390258378026539,
                        7.820948411992899,
                        15.569980578035706
                    ],
                    [
                        -1.0644160185771856,
                        -3.5215319895677064,
                        -3.968459194566318,
                        7.820948411992899,
                        13.329631768533362,
                        25.366828602512385
                    ],
                    [
                        -2.116670481364575,
                        -7.0736990477232595,
                        -7.790004236444307,
                        15.569980578035706,
                        25.366828602512385,
                        50.43094927300189
                    ]
                ],
                "mui": [
                    0.0,
                    0.0,
                    0.0,
                    0.0,
                    0.0,
                    0.0
                ],
                "Ai": [
                    [
                        0.0,
                        0.0,
                        0.0,
