{
    "expt_args": {
        "save_dir": "all_expt_logs/expt_logs_11.05.24-hard_var_shift-corr",
        "exp_name": "270",
        "num_nodes": 6,
        "obs_noise_mean": 0.0,
        "obs_noise_var": 1.0,
        "max_edge_strength": 1.0,
        "graph_sparsity_method": "adj_dense_prop",
        "adj_dense_prop": 0.8,
        "num_parents": null,
        "new_noise_mean": 1.0,
        "mix_samples": 65536,
        "stage2_samples": 65536,
        "gmm_tol": 0.001,
        "intv_type": "hard",
        "new_noise_var": 4.0,
        "intv_targets": [
            0,
            1,
            2,
            3,
            4,
            5
        ]
    },
    "intv_args_dict": {
        "0": {
            "intv_type": "hard",
            "inode": 0,
            "new_mui": 1.0,
            "new_vari": 4.0,
            "true_params": {
                "Si": [
                    [
                        4.0,
                        -2.4114162823551406,
                        3.6946253647196743,
                        -6.784141589585286,
                        3.5172112822093595,
                        0.6458971036289127
                    ],
                    [
                        -2.4114162823551406,
                        2.4537321217018717,
                        -2.2273199404218307,
                        4.6044004441671165,
                        -1.7102194848427665,
                        -1.632601345034889
                    ],
                    [
                        3.6946253647196743,
                        -2.2273199404218307,
                        4.4125641464074965,
                        -7.008988840618868,
                        3.0740689855231014,
                        1.3394397164867469
                    ],
                    [
                        -6.784141589585286,
                        4.6044004441671165,
                        -7.008988840618868,
                        13.322621526253801,
                        -6.363685825830263,
                        -1.555685683402733
                    ],
                    [
                        3.5172112822093595,
                        -1.7102194848427665,
                        3.0740689855231014,
                        -6.363685825830263,
                        4.837705548293563,
                        -1.6015219461346843
                    ],
                    [
                        0.6458971036289127,
                        -1.632601345034889,
                        1.3394397164867469,
                        -1.555685683402733,
                        -1.6015219461346843,
                        4.7152758775107415
                    ]
                ],
                "mui": [
                    1.0,
                    -0.6028540705887852,
                    0.9236563411799186,
                    -1.6960353973963216,
                    0.8793028205523399,
                    0.16147427590722818
                ],
                "Ai": [
                    [
                        0.0,
                        0.0,
                        0.0,
                        0.0,
                        0.0,
                        0.0
                    ],
                    [
                        -0.6028540705887852,
                        0.0,
                        0.0,
                        0.0,
                        0.0,
                        0.0
                    ],
                    [
                        0.9236563411799186,
                        -0.0,
                        0.0,
                        0.0,
                        0.0,
                        0.0
                    ],
                    [
                        -0.6997675840435709,
                        0.5145530714349552,
                        -0.7427734419360059,
                        0.0,
                        0.0,
                        0.0
                    ],
                    [
                        0.7706426221609137,
                        0.790462065594737,
                        -0.7236241465470532,
                        -0.7391198944283566,
                        0.0,
                        0.0
                    ],
                    [
                        -0.0,
                        -0.8374397194259173,
                        0.5700860142981956,
                        -0.0,
                        -0.9893556686187697,
                        0.0
                    ]
                ]
            },
            "est_params": {
                "mui": [
                    1.6858091771062256,
                    -1.3464166269521765,
                    1.7378277059728418,
                    -3.2843139760911777,
                    1.3485956204553449,
                    0.7698265104019826
                ],
                "Si": [
                    [
                        3.5613667182233697,
                        -1.6527048481099595,
                        3.064662206854382,
                        -5.545427019658672,
                        3.4080552882264894,
                        -0.2949500631162088
                    ],
                    [
                        -1.6527048481099595,
                        1.8004656067475049,
                        -1.4163164647785986,
                        3.125090577560811,
                        -1.1690299631387056,
                        -1.1374787413495762
                    ],
                    [
                        3.064662206854382,
                        -1.4163164647785986,
                        3.585900958905245,
                        -5.459390302694229,
                        2.7452826191030293,
                        0.4659782738156621
                    ],
                    [
                        -5.54542701965867,
                        3.1250905775608104,
                        -5.459390302694229,
                        10.400584162087272,
                        -5.689915877280717,
                        -0.010658277534699105
                    ],
                    [
                        3.4080552882264894,
                        -1.1690299631387056,
                        2.7452826191030293,
                        -5.689915877280717,
                        5.026620786292989,
                        -2.483811972966486
                    ],
                    [
                        -0.29495006311620875,
                        -1.1374787413495762,
                        0.4659782738156621,
                        -0.010658277534699152,
                        -2.483811972966486,
                        4.727196658887592
                    ]
                ]
            },
            "est_tgt": [
                0,
                1,
                2,
                3,
                4
            ],
            "oracle_est_tgt": [
                0
            ]
        },
        "1": {
            "intv_type": "hard",
            "inode": 1,
            "new_mui": 1.0,
            "new_vari": 4.0,
            "true_params": {
                "Si": [
                    [
                        1.0,
                        0.0,
                        0.9236563411799186,
                        -1.3858349837477968,
                        1.1265607974546161,
                        -0.588005748880892
                    ],
                    [
                        0.0,
                        4.0,
                        0.0,
                        2.058212285739821,
                        1.640582615031785,
                        -4.972878587722771
                    ],
                    [
                        0.9236563411799186,
                        0.0,
                        1.8531410366018741,
                        -2.022808712503628,
                        0.8659295057345366,
                        0.1997375223660759
                    ],
                    [
                        -1.3858349837477968,
                        2.058212285739821,
                        -2.022808712503628,
                        4.531310441517302,
                        -1.3264732378823623,
                        -1.5644498585177806
                    ],
                    [
                        1.1265607974546161,
                        1.640582615031785,
                        0.8659295057345366,
                        -1.3264732378823623,
                        3.518809349619542,
                        -4.361588721074667
                    ],
                    [
                        -0.588005748880892,
                        -4.972878587722771,
                        0.1997375223660759,
                        -1.5644498585177806,
                        -4.361588721074667,
                        9.593516142652094
                    ]
                ],
                "mui": [
                    0.0,
                    1.0,
                    0.0,
                    0.5145530714349552,
                    0.41014565375794626,
                    -1.2432196469306926
                ],
                "Ai": [
                    [
                        0.0,
                        0.0,
                        0.0,
                        0.0,
                        0.0,
                        0.0
                    ],
                    [
                        0.0,
                        0.0,
                        0.0,
                        0.0,
                        0.0,
                        0.0
                    ],
                    [
                        0.9236563411799186,
                        -0.0,
                        0.0,
                        0.0,
                        0.0,
                        0.0
                    ],
                    [
                        -0.6997675840435709,
                        0.5145530714349552,
                        -0.7427734419360059,
                        0.0,
                        0.0,
                        0.0
                    ],
                    [
                        0.7706426221609137,
                        0.790462065594737,
                        -0.7236241465470532,
                        -0.7391198944283566,
                        0.0,
                        0.0
                    ],
                    [
                        -0.0,
                        -0.8374397194259173,
                        0.5700860142981956,
                        -0.0,
                        -0.9893556686187697,
                        0.0
                    ]
                ]
            },
            "est_params": {
                "mui": [
                    -0.03100458096813612,
                    0.7574881515101665,
                    -0.005065403257711509,
                    0.4378023626360632,
                    1.1856233392161428,
                    -1.7894078768576203
                ],
                "Si": [
                    [
                        0.9967564257772833,
                        -0.12779458801576477,
                        0.9505649121781062,
                        -1.5072108619476334,
                        0.3928290741640212,
                        0.24110097551736456
                    ],
                    [
                        -0.1277945880157648,
                        3.573354601307739,
                        -0.14718275563740188,
                        1.9656181048406995,
                        0.8346388258903148,
                        -3.8608669282986057
                    ],
                    [
                        0.9505649121781062,
                        -0.14718275563740188,
                        1.850028115135106,
                        -2.148972862448088,
                        0.3431726690048437,
                        0.7959434354094908
                    ],
                    [
                        -1.5072108619476334,
                        1.9656181048406995,
                        -2.148972862448088,
                        4.708509919784989,
                        -0.2809470912760033,
                        -2.5462355260047955
                    ],
                    [
                        0.3928290741640212,
                        0.834638825890315,
                        0.3431726690048436,
                        -0.2809470912760033,
                        4.4630850284885355,
                        -4.932295560583766
                    ],
                    [
                        0.24110097551736462,
                        -3.8608669282986057,
                        0.7959434354094908,
                        -2.5462355260047955,
                        -4.932295560583766,
                        9.512255094199475
                    ]
                ]
            },
            "est_tgt": [
                1,
                2,
                3,
                4
            ],
            "oracle_est_tgt": [
                1
            ]
        },
        "2": {
            "intv_type": "hard",
            "inode": 2,
            "new_mui": 1.0,
            "new_vari": 4.0,
            "true_params": {
                "Si": [
                    [
                        1.0,
                        -0.6028540705887852,
                        0.0,
                        -1.0099679976920957,
                        1.0405967881013076,
                        -0.5246663873258689
                    ],
                    [
                        -0.6028540705887852,
                        1.363433030425468,
                        0.0,
                        1.1234163900080398,
                        -0.21718235579054251,
                        -0.9269223796301804
                    ],
                    [
                        0.0,
                        0.0,
                        4.0,
                        -2.9710937677440237,
                        -0.6985020742365019,
                        2.971411043880634
                    ],
                    [
                        -1.0099679976920957,
                        1.1234163900080398,
                        -2.9710937677440237,
                        4.491649763867171,
                        -1.0602188531549253,
                        -1.585638978260893
                    ],
                    [
                        1.0405967881013076,
                        -0.21718235579054251,
                        -0.6985020742365019,
                        -1.0602188531549253,
                        2.91933563797125,
                        -3.104590394410666
                    ],
                    [
                        -0.5246663873258689,
                        -0.9269223796301804,
                        2.971411043880634,
                        -1.585638978260893,
                        -3.104590394410666,
                        6.541745601824228
                    ]
                ],
                "mui": [
                    0.0,
                    0.0,
                    1.0,
                    -0.7427734419360059,
                    -0.17462551855912548,
                    0.7428527609701585
                ],
                "Ai": [
                    [
                        0.0,
                        0.0,
                        0.0,
                        0.0,
                        0.0,
                        0.0
                    ],
                    [
                        -0.6028540705887852,
                        0.0,
                        0.0,
                        0.0,
                        0.0,
                        0.0
                    ],
                    [
                        0.0,
                        0.0,
                        0.0,
                        0.0,
                        0.0,
                        0.0
                    ],
                    [
                        -0.6997675840435709,
                        0.5145530714349552,
                        -0.7427734419360059,
                        0.0,
                        0.0,
                        0.0
                    ],
                    [
                        0.7706426221609137,
                        0.790462065594737,
                        -0.7236241465470532,
                        -0.7391198944283566,
                        0.0,
                        0.0
                    ],
                    [
                        -0.0,
                        -0.8374397194259173,
                        0.5700860142981956,
                        -0.0,
                        -0.9893556686187697,
                        0.0
                    ]
                ]
            },
            "est_params": {
                "mui": [
                    -0.0111608906126804,
                    -0.09854158023674056,
                    1.1804210401998303,
                    -0.9772785109374007,
                    -0.3436462601870719,
                    1.177570695237257
                ],
                "Si": [
                    [
                        1.003035939542405,
                        -0.6158444121426784,
                        -0.08661902668336277,
                        -0.9488525569047855,
                        0.961734954154248,
                        -0.43565651913689635
                    ],
                    [
                        -0.6158444121426785,
                        1.3345943867801333,
                        0.1582360826464059,
                        1.0066121839208075,
                        -0.22690044792621836,
                        -0.8501926827985323
                    ],
                    [
                        -0.08661902668336277,
                        0.15823608264640596,
                        4.193596981147317,
                        -2.955810679792422,
                        -0.6833979816284668,
                        2.8749020334426714
                    ],
                    [
                        -0.9488525569047855,
                        1.0066121839208075,
                        -2.9558106797924224,
                        4.364927212508024,
                        -0.9551396873285299,
                        -1.6006426849011064
                    ],
                    [
                        0.961734954154248,
                        -0.22690044792621836,
                        -0.6833979816284668,
                        -0.9551396873285298,
                        2.8072230856768714,
                        -2.8936130616973057
                    ],
                    [
                        -0.43565651913689635,
                        -0.8501926827985323,
                        2.8749020334426714,
                        -1.6006426849011064,
                        -2.8936130616973057,
                        6.140728588722736
                    ]
                ]
            },
            "est_tgt": [
                1,
                2,
                3,
                4,
                5
            ],
            "oracle_est_tgt": [
                2
            ]
        },
        "3": {
            "intv_type": "hard",
            "inode": 3,
            "new_mui": 1.0,
            "new_vari": 4.0,
            "true_params": {
                "Si": [
                    [
                        1.0,
                        -0.6028540705887852,
                        0.9236563411799186,
                        0.0,
                        -0.37427068331798513,
                        1.4017043279916275
                    ],
                    [
                        -0.6028540705887852,
                        1.363433030425468,
                        -0.5568299851054577,
                        0.0,
                        1.0160926705350304,
                        -2.4645110047418424
                    ],
                    [
                        0.9236563411799186,
                        -0.5568299851054577,
                        1.8531410366018741,
                        0.0,
                        -1.0693216365114513,
                        2.580700756642745
                    ],
                    [
                        0.0,
                        0.0,
                        0.0,
                        4.0,
                        -2.9564795777134263,
                        2.9250098293664046
                    ],
                    [
                        -0.37427068331798513,
                        1.0160926705350304,
                        -1.0693216365114513,
                        -2.9564795777134263,
                        4.473733600360701,
                        -5.886635368092341
                    ],
                    [
                        1.4017043279916275,
                        -2.4645110047418424,
                        2.580700756642745,
                        2.9250098293664046,
                        -5.886635368092341,
                        10.359076883297789
                    ]
                ],
                "mui": [
                    0.0,
                    0.0,
                    0.0,
                    1.0,
                    -0.7391198944283566,
                    0.7312524573416012
                ],
                "Ai": [
                    [
                        0.0,
                        0.0,
                        0.0,
                        0.0,
                        0.0,
                        0.0
                    ],
                    [
                        -0.6028540705887852,
                        0.0,
                        0.0,
                        0.0,
                        0.0,
                        0.0
                    ],
                    [
                        0.9236563411799186,
                        -0.0,
                        0.0,
                        0.0,
                        0.0,
                        0.0
                    ],
                    [
                        0.0,
                        0.0,
                        0.0,
                        0.0,
                        0.0,
                        0.0
                    ],
                    [
                        0.7706426221609137,
                        0.790462065594737,
                        -0.7236241465470532,
                        -0.7391198944283566,
                        0.0,
                        0.0
                    ],
                    [
                        -0.0,
                        -0.8374397194259173,
                        0.5700860142981956,
                        -0.0,
                        -0.9893556686187697,
                        0.0
                    ]
                ]
            },
            "est_params": {
                "mui": [
                    -0.03010702602108889,
                    0.008078527512945162,
                    -0.01528965920462283,
                    1.0174477854708184,
                    -0.7569789918400969,
                    0.7490279833099319
                ],
                "Si": [
                    [
                        0.986802073223212,
                        -0.5892183050764355,
                        0.9005364026280213,
                        -0.00019963668566802949,
                        -0.372745353122349,
                        1.382177968623639
                    ],
                    [
                        -0.5892183050764355,
                        1.3504401201226404,
                        -0.5283618448985101,
                        0.03791821750918994,
                        0.9943302068026441,
                        -2.423559474492805
                    ],
                    [
                        0.9005364026280213,
                        -0.5283618448985101,
                        1.7947282828885014,
                        -0.03974336474540409,
                        -0.9759718299783792,
                        2.417897793872232
                    ],
                    [
                        -0.00019963668566802987,
                        0.03791821750918996,
                        -0.039743364745404075,
                        3.9632070129388888,
                        -2.8701500630916015,
                        2.7500461112705383
                    ],
                    [
                        -0.372745353122349,
                        0.9943302068026441,
                        -0.9759718299783792,
                        -2.8701500630916015,
                        4.312156882021145,
                        -5.640601043476519
                    ],
                    [
                        1.382177968623639,
                        -2.423559474492805,
                        2.417897793872232,
                        2.7500461112705383,
                        -5.640601043476519,
                        9.986779115531133
                    ]
                ]
            },
            "est_tgt": [
                3
            ],
            "oracle_est_tgt": [
                3
            ]
        },
        "4": {
            "intv_type": "hard",
            "inode": 4,
            "new_mui": 1.0,
            "new_vari": 4.0,
            "true_params": {
                "Si": [
                    [
                        1.0,
                        -0.6028540705887852,
                        0.9236563411799186,
                        -1.6960353973963216,
                        0.0,
                        1.0314175058531585
                    ],
                    [
                        -0.6028540705887852,
                        1.363433030425468,
                        -0.5568299851054577,
                        1.5370149146179957,
                        0.0,
                        -1.4592339613060261
                    ],
                    [
                        0.9236563411799186,
                        -0.5568299851054577,
                        1.8531410366018741,
                        -2.3093272916067216,
                        0.0,
                        1.5227613339834414
                    ],
                    [
                        -1.6960353973963216,
                        1.5370149146179957,
                        -2.3093272916067216,
                        4.693013318589906,
                        0.0,
                        -2.603672530233267
                    ],
                    [
                        0.0,
                        0.0,
                        0.0,
                        0.0,
                        4.0,
                        -3.9574226744750787
                    ],
                    [
                        1.0314175058531585,
                        -1.4592339613060261,
                        1.5227613339834414,
                        -2.603672530233267,
                        -3.9574226744750787,
                        7.005423974863283
                    ]
                ],
                "mui": [
                    0.0,
                    0.0,
                    0.0,
                    0.0,
                    1.0,
                    -0.9893556686187697
                ],
                "Ai": [
                    [
                        0.0,
                        0.0,
                        0.0,
                        0.0,
                        0.0,
                        0.0
                    ],
                    [
                        -0.6028540705887852,
                        0.0,
                        0.0,
                        0.0,
                        0.0,
                        0.0
                    ],
                    [
                        0.9236563411799186,
                        -0.0,
                        0.0,
                        0.0,
                        0.0,
                        0.0
                    ],
                    [
                        -0.6997675840435709,
                        0.5145530714349552,
                        -0.7427734419360059,
                        0.0,
                        0.0,
                        0.0
                    ],
                    [
                        0.0,
                        0.0,
                        0.0,
                        0.0,
                        0.0,
                        0.0
                    ],
                    [
                        -0.0,
                        -0.8374397194259173,
                        0.5700860142981956,
                        -0.0,
                        -0.9893556686187697,
                        0.0
                    ]
                ]
            },
            "est_params": {
                "mui": [
                    0.3506178398865974,
                    -0.16067282791698193,
                    0.46813067727719265,
                    -0.9341997592065465,
                    0.7930547121186579,
                    -0.43550817544247356
                ],
                "Si": [
                    [
                        0.8964848832584476,
                        -0.48753466128969936,
                        0.7107808751293042,
                        -1.2700966870970438,
                        0.6359720464208128,
                        0.16497707084140986
                    ],
                    [
                        -0.4875346612896994,
                        1.1554054738865471,
                        -0.32768014408210516,
                        1.0517627026255576,
                        -0.07505860724523634,
                        -1.068547238398246
                    ],
                    [
                        0.7107808751293042,
                        -0.32768014408210516,
                        1.5884173821078573,
                        -1.6419500907412412,
                        0.23510383165761775,
                        0.9549505996188785
                    ],
                    [
                        -1.2700966870970438,
                        1.0517627026255576,
                        -1.6419500907412417,
                        3.2595396710707862,
                        -1.1620635570527216,
                        -0.6435710765587286
                    ],
                    [
                        0.635972046420813,
                        -0.07505860724523634,
                        0.23510383165761775,
                        -1.1620635570527216,
                        2.115183787862253,
                        -1.8920256454629392
                    ],
                    [
                        0.16497707084140986,
                        -1.0685472383982457,
                        0.9549505996188787,
                        -0.6435710765587286,
                        -1.892025645462939,
                        4.226802325164254
                    ]
                ]
            },
            "est_tgt": [
                0,
                1,
                2,
                3,
                4,
                5
            ],
            "oracle_est_tgt": [
                4
            ]
        },
        "5": {
            "intv_type": "hard",
            "inode": 5,
            "new_mui": 1.0,
            "new_vari": 4.0,
            "true_params": {
                "Si": [
                    [
                        1.0,
                        -0.6028540705887852,
                        0.9236563411799186,
                        -1.6960353973963216,
                        0.8793028205523399,
                        0.0
                    ],
                    [
                        -0.6028540705887852,
                        1.363433030425468,
                        -0.5568299851054577,
                        1.5370149146179957,
                        -0.11994563089223192,
                        0.0
                    ],
                    [
                        0.9236563411799186,
                        -0.5568299851054577,
                        1.8531410366018741,
                        -2.3093272916067216,
                        0.6375481074614313,
                        0.0
                    ],
                    [
                        -1.6960353973963216,
                        1.5370149146179957,
                        -2.3093272916067216,
                        4.693013318589906,
                        -1.8896996997686804,
                        0.0
                    ],
                    [
                        0.8793028205523399,
                        -0.11994563089223192,
                        0.6375481074614313,
                        -1.8896996997686804,
                        2.518185197599662,
                        0.0
                    ],
                    [
                        0.0,
                        0.0,
                        0.0,
                        0.0,
                        0.0,
                        4.0
                    ]
                ],
                "mui": [
                    0.0,
                    0.0,
                    0.0,
                    0.0,
                    0.0,
                    1.0
                ],
                "Ai": [
                    [
                        0.0,
                        0.0,
                        0.0,
                        0.0,
                        0.0,
                        0.0
                    ],
                    [
                        -0.6028540705887852,
                        0.0,
                        0.0,
                        0.0,
                        0.0,
                        0.0
                    ],
                    [
                        0.9236563411799186,
                        -0.0,
                        0.0,
                        0.0,
                        0.0,
                        0.0
                    ],
                    [
                        -0.6997675840435709,
                        0.5145530714349552,
                        -0.7427734419360059,
                        0.0,
                        0.0,
                        0.0
                    ],
                    [
                        0.7706426221609137,
                        0.790462065594737,
                        -0.7236241465470532,
                        -0.7391198944283566,
                        0.0,
                        0.0
                    ],
                    [
                        0.0,
                        0.0,
                        0.0,
                        0.0,
                        0.0,
                        0.0
                    ]
                ]
            },
            "est_params": {
                "mui": [
                    -0.03578392514479821,
                    0.03888314412973383,
                    -0.043995733741410546,
                    0.08865249841978377,
                    -0.03790538330032973,
                    0.9115301540010293
                ],
                "Si": [
                    [
                        0.9458340704183729,
                        -0.5418083953776407,
                        0.8770551988303804,
                        -1.5644667407339616,
                        0.8325397833358863,
                        0.04157812946682933
                    ],
                    [
                        -0.5418083953776407,
                        1.2612009852690957,
                        -0.49058283114140455,
                        1.3880978440047291,
                        -0.09284712069129133,
                        -0.11177717695349298
                    ],
                    [
                        0.8770551988303804,
                        -0.49058283114140455,
                        1.787729859164477,
                        -2.181360107286634,
                        0.6307701069723693,
                        0.04882558584154027
                    ],
                    [
                        -1.5644667407339616,
                        1.3880978440047291,
                        -2.181360107286634,
                        4.3923983075774515,
                        -1.7655872139154063,
                        -0.14295184766383778
                    ],
                    [
                        0.8325397833358861,
                        -0.09284712069129128,
                        0.6307701069723693,
                        -1.7655872139154063,
                        2.4494618217038666,
                        -0.03894563435274672
                    ],
                    [
                        0.04157812946682935,
                        -0.11177717695349298,
                        0.04882558584154027,
                        -0.14295184766383778,
                        -0.03894563435274674,
                        3.961989263323303
                    ]
                ]
            },
            "est_tgt": [
                1,
                4,
                5
            ],
            "oracle_est_tgt": [
                5
            ]
        },
        "obs": {
            "intv_type": "obs",
            "true_params": {
                "Si": [
                    [
                        1.0,
                        -0.6028540705887852,
                        0.9236563411799186,
                        -1.6960353973963216,
                        0.8793028205523399,
                        0.16147427590722818
                    ],
                    [
                        -0.6028540705887852,
                        1.363433030425468,
                        -0.5568299851054577,
                        1.5370149146179957,
                        -0.11994563089223192,
                        -1.3405650714567416
                    ],
                    [
                        0.9236563411799186,
                        -0.5568299851054577,
                        1.8531410366018741,
                        -2.3093272916067216,
                        0.6375481074614313,
                        0.8919994998493056
                    ],
                    [
                        -1.6960353973963216,
                        1.5370149146179957,
                        -2.3093272916067216,
                        4.693013318589906,
                        -1.8896996997686804,
                        -0.734087420279936
                    ],
                    [
                        0.8793028205523399,
                        -0.11994563089223192,
                        0.6375481074614313,
                        -1.8896996997686804,
                        2.518185197599662,
                        -2.0274763048903015
                    ],
                    [
                        0.16147427590722818,
                        -1.3405650714567416,
                        0.8919994998493056,
                        -0.734087420279936,
                        -2.0274763048903015,
                        4.63705405217145
                    ]
                ],
                "mui": [
                    0.0,
                    0.0,
                    0.0,
                    0.0,
                    0.0,
                    0.0
                ],
                "Ai": [
                    [
                        0.0,
                        0.0,
                        0.0,
                        0.0,
                        0.0,
                        0.0
                    ],
                    [
                        -0.6028540705887852,
                        0.0,
                        0.0,
