{
    "expt_args": {
        "save_dir": "all_expt_logs/expt_logs_11.05.24-hard_var_shift-corr",
        "exp_name": "407",
        "num_nodes": 6,
        "obs_noise_mean": 0.0,
        "obs_noise_var": 1.0,
        "max_edge_strength": 1.0,
        "graph_sparsity_method": "adj_dense_prop",
        "adj_dense_prop": 0.8,
        "num_parents": null,
        "new_noise_mean": 1.0,
        "mix_samples": 131072,
        "stage2_samples": 131072,
        "gmm_tol": 0.001,
        "intv_type": "hard",
        "new_noise_var": 0.2,
        "intv_targets": [
            0,
            1,
            2,
            3,
            4,
            5
        ]
    },
    "intv_args_dict": {
        "0": {
            "intv_type": "hard",
            "inode": 0,
            "new_mui": 1.0,
            "new_vari": 0.2,
            "true_params": {
                "Si": [
                    [
                        0.2,
                        -0.1815329685289383,
                        -0.1540963578850684,
                        -0.07130717693779486,
                        0.2388761667735012,
                        -0.1650062214152759
                    ],
                    [
                        -0.1815329685289383,
                        1.1647710933146425,
                        0.13986784643187067,
                        0.6464800093736978,
                        -0.5436200427700448,
                        1.8018717701665892
                    ],
                    [
                        -0.1540963578850684,
                        0.13986784643187067,
                        1.1187284375672153,
                        0.9015090726075491,
                        0.46839964502039033,
                        -0.22351453346874342
                    ],
                    [
                        -0.07130717693779486,
                        0.6464800093736978,
                        0.9015090726075491,
                        2.0805424675253774,
                        1.0477556109114146,
                        1.069413114698984
                    ],
                    [
                        0.2388761667735012,
                        -0.5436200427700448,
                        0.46839964502039033,
                        1.0477556109114146,
                        2.4117750789500993,
                        -1.3618821425578425
                    ],
                    [
                        -0.1650062214152759,
                        1.8018717701665892,
                        -0.22351453346874342,
                        1.069413114698984,
                        -1.3618821425578425,
                        4.548046134095573
                    ]
                ],
                "mui": [
                    1.0,
                    -0.9076648426446914,
                    -0.770481789425342,
                    -0.35653588468897424,
                    1.194380833867506,
                    -0.8250311070763795
                ],
                "Ai": [
                    [
                        0.0,
                        0.0,
                        0.0,
                        0.0,
                        0.0,
                        0.0
                    ],
                    [
                        -0.9076648426446914,
                        0.0,
                        0.0,
                        0.0,
                        0.0,
                        0.0
                    ],
                    [
                        -0.770481789425342,
                        0.0,
                        0.0,
                        0.0,
                        0.0,
                        0.0
                    ],
                    [
                        0.8237698586861144,
                        0.5817569918390171,
                        0.8465681913216474,
                        0.0,
                        0.0,
                        0.0
                    ],
                    [
                        0.7655771100735759,
                        -0.775160160797324,
                        0.0,
                        0.7706991452496124,
                        0.0,
                        0.0
                    ],
                    [
                        0.6266639014133837,
                        0.9366918863259039,
                        -0.6438230568053895,
                        0.8572931663602508,
                        -0.6630137187413156,
                        0.0
                    ]
                ]
            },
            "est_params": {
                "mui": [
                    0.9556474017211877,
                    -1.0271765534086719,
                    -0.9672579178805273,
                    -0.8166050045128589,
                    0.9257180168459885,
                    -1.0323347003019128
                ],
                "Si": [
                    [
                        0.3035814075562374,
                        -0.244136694801175,
                        -0.24001143054860757,
                        -0.07547768350826457,
                        0.34520434603633315,
                        -0.19497879534641996
                    ],
                    [
                        -0.244136694801175,
                        1.090992725134877,
                        0.16862812445474618,
                        0.5388478366950379,
                        -0.590054276188504,
                        1.6248119100400509
                    ],
                    [
                        -0.24001143054860757,
                        0.16862812445474618,
                        1.1083538436742044,
                        0.6970855974963446,
                        0.2186857268786854,
                        -0.2276703602691244
                    ],
                    [
                        -0.07547768350826457,
                        0.5388478366950378,
                        0.6970855974963446,
                        1.59924287966278,
                        0.7401784511894378,
                        0.9071398645729738
                    ],
                    [
                        0.34520434603633315,
                        -0.5900542761885041,
                        0.2186857268786854,
                        0.7401784511894378,
                        2.2297487887806113,
                        -1.317953042696098
                    ],
                    [
                        -0.19497879534641993,
                        1.6248119100400509,
                        -0.2276703602691244,
                        0.9071398645729738,
                        -1.317953042696098,
                        4.211025331643111
                    ]
                ]
            },
            "est_tgt": [
                0,
                1,
                2,
                3,
                4,
                5
            ],
            "oracle_est_tgt": [
                0
            ]
        },
        "1": {
            "intv_type": "hard",
            "inode": 1,
            "new_mui": 1.0,
            "new_vari": 0.2,
            "true_params": {
                "Si": [
                    [
                        1.0,
                        0.0,
                        -0.770481789425342,
                        0.17150448376603622,
                        0.897755469118536,
                        0.6745232721262242
                    ],
                    [
                        0.0,
                        0.2,
                        0.0,
                        0.11635139836780342,
                        -0.06536010888880156,
                        0.33042028483405955
                    ],
                    [
                        -0.770481789425342,
                        0.0,
                        1.593642187836077,
                        0.7144271097751222,
                        -0.03925485886573299,
                        -0.8703567199279495
                    ],
                    [
                        0.17150448376603622,
                        0.11635139836780342,
                        0.7144271097751222,
                        1.8137797300201766,
                        1.438987425976105,
                        0.3573689973510749
                    ],
                    [
                        0.897755469118536,
                        -0.06536010888880156,
                        -0.03925485886573299,
                        1.438987425976105,
                        2.8469919693412145,
                        -0.12731880171503152
                    ],
                    [
                        0.6745232721262242,
                        0.33042028483405955,
                        -0.8703567199279495,
                        0.3573689973510749,
                        -0.12731880171503152,
                        2.683341220610286
                    ]
                ],
                "mui": [
                    0.0,
                    1.0,
                    0.0,
                    0.5817569918390171,
                    -0.3268005444440078,
                    1.6521014241702976
                ],
                "Ai": [
                    [
                        0.0,
                        0.0,
                        0.0,
                        0.0,
                        0.0,
                        0.0
                    ],
                    [
                        0.0,
                        0.0,
                        0.0,
                        0.0,
                        0.0,
                        0.0
                    ],
                    [
                        -0.770481789425342,
                        0.0,
                        0.0,
                        0.0,
                        0.0,
                        0.0
                    ],
                    [
                        0.8237698586861144,
                        0.5817569918390171,
                        0.8465681913216474,
                        0.0,
                        0.0,
                        0.0
                    ],
                    [
                        0.7655771100735759,
                        -0.775160160797324,
                        0.0,
                        0.7706991452496124,
                        0.0,
                        0.0
                    ],
                    [
                        0.6266639014133837,
                        0.9366918863259039,
                        -0.6438230568053895,
                        0.8572931663602508,
                        -0.6630137187413156,
                        0.0
                    ]
                ]
            },
            "est_params": {
                "mui": [
                    0.05869947021525729,
                    0.9572610964810826,
                    -0.02487499679925915,
                    0.6790339323795431,
                    -0.13827441304199098,
                    1.6241831302481355
                ],
                "Si": [
                    [
                        0.9075304466753397,
                        -0.008172366529952228,
                        -0.7058983164544564,
                        0.10651234333178364,
                        0.7586716007807638,
                        0.5996297479263584
                    ],
                    [
                        -0.008172366529952227,
                        0.23900567596174765,
                        0.004217585207799242,
                        0.12524843676622266,
                        -0.08781677467635544,
                        0.3788552085450513
                    ],
                    [
                        -0.7058983164544564,
                        0.004217585207799238,
                        1.6094232385065494,
                        0.8396703560211599,
                        0.1259110551970552,
                        -0.8277640132134361
                    ],
                    [
                        0.10651234333178361,
                        0.12524843676622266,
                        0.8396703560211599,
                        1.8980402243892818,
                        1.4448445581437508,
                        0.3359960814530431
                    ],
                    [
                        0.7586716007807638,
                        -0.08781677467635544,
                        0.1259110551970552,
                        1.4448445581437508,
                        2.725809026243925,
                        -0.2297392313705713
                    ],
                    [
                        0.5996297479263584,
                        0.3788552085450513,
                        -0.8277640132134361,
                        0.3359960814530431,
                        -0.2297392313705713,
                        2.7093858259053314
                    ]
                ]
            },
            "est_tgt": [
                0,
                1,
                3,
                4
            ],
            "oracle_est_tgt": [
                1
            ]
        },
        "2": {
            "intv_type": "hard",
            "inode": 2,
            "new_mui": 1.0,
            "new_vari": 0.2,
            "true_params": {
                "Si": [
                    [
                        1.0,
                        -0.9076648426446914,
                        0.0,
                        0.29572949023110395,
                        1.6970812007943281,
                        -1.095199639073476
                    ],
                    [
                        -0.9076648426446914,
                        1.8238554665732125,
                        0.0,
                        0.3133337306230073,
                        -1.8671814855182556,
                        2.646175632234447
                    ],
                    [
                        0.0,
                        0.0,
                        0.2,
                        0.1693136382643295,
                        0.1304898762894208,
                        -0.07012976444221988
                    ],
                    [
                        0.29572949023110395,
                        0.3133337306230073,
                        0.1693136382643295,
                        1.5692326694574519,
                        1.1929261805303302,
                        0.9241781559696689
                    ],
                    [
                        1.6970812007943281,
                        -1.8671814855182556,
                        0.1304898762894208,
                        1.1929261805303302,
                        4.6659984094970435,
                        -2.840420107093438
                    ],
                    [
                        -1.095199639073476,
                        2.646175632234447,
                        -0.07012976444221988,
                        0.9241781559696689,
                        -2.840420107093438,
                        5.513009440779085
                    ]
                ],
                "mui": [
                    0.0,
                    0.0,
                    1.0,
                    0.8465681913216474,
                    0.652449381447104,
                    -0.3506488222110994
                ],
                "Ai": [
                    [
                        0.0,
                        0.0,
                        0.0,
                        0.0,
                        0.0,
                        0.0
                    ],
                    [
                        -0.9076648426446914,
                        0.0,
                        0.0,
                        0.0,
                        0.0,
                        0.0
                    ],
                    [
                        0.0,
                        0.0,
                        0.0,
                        0.0,
                        0.0,
                        0.0
                    ],
                    [
                        0.8237698586861144,
                        0.5817569918390171,
                        0.8465681913216474,
                        0.0,
                        0.0,
                        0.0
                    ],
                    [
                        0.7655771100735759,
                        -0.775160160797324,
                        0.0,
                        0.7706991452496124,
                        0.0,
                        0.0
                    ],
                    [
                        0.6266639014133837,
                        0.9366918863259039,
                        -0.6438230568053895,
                        0.8572931663602508,
                        -0.6630137187413156,
                        0.0
                    ]
                ]
            },
            "est_params": {
                "mui": [
                    0.6526431173198894,
                    -0.8055726069239828,
                    0.7673004960720454,
                    1.0791623544660163,
                    2.1478349851789393,
                    -1.4348394219450866
                ],
                "Si": [
                    [
                        0.5747021948985467,
                        -0.42430943988425845,
                        -0.0452021375434721,
                        0.10368619759840673,
                        0.7787960922266672,
                        -0.390543887587776
                    ],
                    [
                        -0.42430943988425845,
                        1.2181073078461189,
                        0.06693431522293297,
                        0.4816725753679243,
                        -0.8162617283871241,
                        1.7709080884305093
                    ],
                    [
                        -0.04520213754347212,
                        0.06693431522293297,
                        0.4582202950688675,
                        0.28666886848453965,
                        0.11433384309116194,
                        -0.06791002308849335
                    ],
                    [
                        0.10368619759840675,
                        0.48167257536792424,
                        0.28666886848453965,
                        1.4159384855449906,
                        0.7228687224539058,
                        1.1290893681273284
                    ],
                    [
                        0.7787960922266672,
                        -0.816261728387124,
                        0.11433384309116194,
                        0.722868722453906,
                        2.5845255537012934,
                        -1.3557044899752673
                    ],
                    [
                        -0.39054388758777603,
                        1.7709080884305093,
                        -0.06791002308849337,
                        1.1290893681273284,
                        -1.3557044899752673,
                        4.315797246994144
                    ]
                ]
            },
            "est_tgt": [
                0,
                1,
                2,
                3,
                4,
                5
            ],
            "oracle_est_tgt": [
                2
            ]
        },
        "3": {
            "intv_type": "hard",
            "inode": 3,
            "new_mui": 1.0,
            "new_vari": 0.2,
            "true_params": {
                "Si": [
                    [
                        1.0,
                        -0.9076648426446914,
                        -0.770481789425342,
                        0.0,
                        1.4691627354481127,
                        -0.7015594999800838
                    ],
                    [
                        -0.9076648426446914,
                        1.8238554665732125,
                        0.6993392321593532,
                        0.0,
                        -2.10866752388728,
                        2.087414600311565
                    ],
                    [
                        -0.770481789425342,
                        0.6993392321593532,
                        1.593642187836077,
                        0.0,
                        -1.1319631333650921,
                        -0.10328423787238639
                    ],
                    [
                        0.0,
                        0.0,
                        0.0,
                        0.2,
                        0.1541398290499225,
                        0.06926181200751039
                    ],
                    [
                        1.4691627354481127,
                        -2.10866752388728,
                        -1.1319631333650921,
                        0.1541398290499225,
                        3.878107852614411,
                        -2.7648122311962977
                    ],
                    [
                        -0.7015594999800838,
                        2.087414600311565,
                        -0.10328423787238639,
                        0.06926181200751039,
                        -2.7648122311962977,
                        4.474605197076444
                    ]
                ],
                "mui": [
                    0.0,
                    0.0,
                    0.0,
                    1.0,
                    0.7706991452496124,
                    0.3463090600375519
                ],
                "Ai": [
                    [
                        0.0,
                        0.0,
                        0.0,
                        0.0,
                        0.0,
                        0.0
                    ],
                    [
                        -0.9076648426446914,
                        0.0,
                        0.0,
                        0.0,
                        0.0,
                        0.0
                    ],
                    [
                        -0.770481789425342,
                        0.0,
                        0.0,
                        0.0,
                        0.0,
                        0.0
                    ],
                    [
                        0.0,
                        0.0,
                        0.0,
                        0.0,
                        0.0,
                        0.0
                    ],
                    [
                        0.7655771100735759,
                        -0.775160160797324,
                        0.0,
                        0.7706991452496124,
                        0.0,
                        0.0
                    ],
                    [
                        0.6266639014133837,
                        0.9366918863259039,
                        -0.6438230568053895,
                        0.8572931663602508,
                        -0.6630137187413156,
                        0.0
                    ]
                ]
            },
            "est_params": {
                "mui": [
                    0.10631808961191674,
                    -0.11217171274558023,
                    -0.04711322830291115,
                    0.9778275155884731,
                    0.9359520598917185,
                    0.24499856766303507
                ],
                "Si": [
                    [
                        0.954162468485518,
                        -0.8268898848628882,
                        -0.7305753064800703,
                        -0.012954210694336821,
                        1.340403169169672,
                        -0.6271376071739748
                    ],
                    [
                        -0.8268898848628881,
                        1.6766528183077485,
                        0.633317151589136,
                        0.007736075503796221,
                        -1.8956993959620045,
                        1.9275174263742179
                    ],
                    [
                        -0.7305753064800703,
                        0.6333171515891359,
                        1.559499955443131,
                        0.008399948695944959,
                        -1.0270428570829655,
                        -0.13536153580488103
                    ],
                    [
                        -0.012954210694336818,
                        0.007736075503796225,
                        0.008399948695944966,
                        0.20786310017584925,
                        0.14798673890142813,
                        0.0655502479011526
                    ],
                    [
                        1.340403169169672,
                        -1.8956993959620045,
                        -1.0270428570829655,
                        0.14798673890142813,
                        3.585875731379801,
                        -2.548746034411086
                    ],
                    [
                        -0.6271376071739748,
                        1.927517426374218,
                        -0.13536153580488103,
                        0.0655502479011526,
                        -2.5487460344110864,
                        4.2243757029295645
                    ]
                ]
            },
            "est_tgt": [
                0,
                1,
                2,
                3,
                5
            ],
            "oracle_est_tgt": [
                3
            ]
        },
        "4": {
            "intv_type": "hard",
            "inode": 4,
            "new_mui": 1.0,
            "new_vari": 0.2,
            "true_params": {
                "Si": [
                    [
                        1.0,
                        -0.9076648426446914,
                        -0.770481789425342,
                        -0.35653588468897424,
                        0.0,
                        -0.033140228820530956
                    ],
                    [
                        -0.9076648426446914,
                        1.8238554665732125,
                        0.6993392321593532,
                        0.9053720795124207,
                        0.0,
                        1.4655084004893857
                    ],
                    [
                        -0.770481789425342,
                        0.6993392321593532,
                        1.593642187836077,
                        1.1212725977511557,
                        0.0,
                        0.1074680112762241
                    ],
                    [
                        -0.35653588468897424,
                        0.9053720795124207,
                        1.1212725977511557,
                        2.182236737182137,
                        0.0,
                        1.7735420032624984
                    ],
                    [
                        0.0,
                        0.0,
                        0.0,
                        0.0,
                        0.2,
                        -0.13260274374826314
                    ],
                    [
                        -0.033140228820530956,
                        1.4655084004893857,
                        0.1074680112762241,
                        1.7735420032624984,
                        -0.13260274374826314,
                        3.8911345373634476
                    ]
                ],
                "mui": [
                    0.0,
                    0.0,
                    0.0,
                    0.0,
                    1.0,
                    -0.6630137187413156
                ],
                "Ai": [
                    [
                        0.0,
                        0.0,
                        0.0,
                        0.0,
                        0.0,
                        0.0
                    ],
                    [
                        -0.9076648426446914,
                        0.0,
                        0.0,
                        0.0,
                        0.0,
                        0.0
                    ],
                    [
                        -0.770481789425342,
                        0.0,
                        0.0,
                        0.0,
                        0.0,
                        0.0
                    ],
                    [
                        0.8237698586861144,
                        0.5817569918390171,
                        0.8465681913216474,
                        0.0,
                        0.0,
                        0.0
                    ],
                    [
                        0.0,
                        0.0,
                        0.0,
                        0.0,
                        0.0,
                        0.0
                    ],
                    [
                        0.6266639014133837,
                        0.9366918863259039,
                        -0.6438230568053895,
                        0.8572931663602508,
                        -0.6630137187413156,
                        0.0
                    ]
                ]
            },
            "est_params": {
                "mui": [
                    -0.01301386110236812,
                    0.04226434420758495,
                    0.059614780303854246,
                    0.09410150665102077,
                    0.9939846596915424,
                    -0.5810253993943467
                ],
                "Si": [
                    [
                        0.980850961429727,
                        -0.8715756383243933,
                        -0.7415163844384638,
                        -0.3158799712347605,
                        0.0008066140356180963,
                        0.004208946248955158
                    ],
                    [
                        -0.8715756383243933,
                        1.7963895542710089,
                        0.6727792562996858,
                        0.9033220004985835,
                        0.0053907999825990914,
                        1.4554699838956693
                    ],
                    [
                        -0.7415163844384641,
                        0.6727792562996858,
                        1.552243017894333,
                        1.090141832465702,
                        -0.005203189294630808,
                        0.10240331670450219
                    ],
                    [
                        -0.3158799712347605,
                        0.9033220004985832,
                        1.090141832465702,
                        2.164888282505738,
                        0.0013775490989831056,
                        1.7996642306145756
                    ],
                    [
                        0.0008066140356180975,
                        0.005390799982599088,
                        -0.005203189294630812,
                        0.0013775490989831056,
                        0.20142711699562516,
                        -0.1276566956092042
                    ],
                    [
                        0.004208946248955178,
                        1.455469983895669,
                        0.10240331670450221,
                        1.7996642306145751,
                        -0.1276566956092042,
                        3.9269850296032116
                    ]
                ]
            },
            "est_tgt": [
                4
            ],
            "oracle_est_tgt": [
                4
            ]
        },
        "5": {
            "intv_type": "hard",
            "inode": 5,
            "new_mui": 1.0,
            "new_vari": 0.2,
            "true_params": {
                "Si": [
                    [
                        1.0,
                        -0.9076648426446914,
                        -0.770481789425342,
                        -0.35653588468897424,
                        1.194380833867506,
                        0.0
                    ],
                    [
                        -0.9076648426446914,
                        1.8238554665732125,
                        0.6993392321593532,
                        0.9053720795124207,
                        -1.410898036074193,
                        0.0
                    ],
                    [
                        -0.770481789425342,
                        0.6993392321593532,
                        1.593642187836077,
                        1.1212725977511557,
                        -0.26779930068646407,
                        0.0
                    ],
                    [
                        -0.35653588468897424,
                        0.9053720795124207,
                        1.1212725977511557,
                        2.182236737182137,
                        0.7070839091046098,
                        0.0
                    ],
                    [
                        1.194380833867506,
                        -1.410898036074193,
                        -0.26779930068646407,
                        0.7070839091046098,
                        3.5530115399981304,
                        0.0
                    ],
                    [
                        0.0,
                        0.0,
                        0.0,
                        0.0,
                        0.0,
                        0.2
                    ]
                ],
                "mui": [
                    0.0,
                    0.0,
                    0.0,
                    0.0,
                    0.0,
                    1.0
                ],
                "Ai": [
                    [
                        0.0,
                        0.0,
                        0.0,
                        0.0,
                        0.0,
                        0.0
                    ],
                    [
                        -0.9076648426446914,
                        0.0,
                        0.0,
                        0.0,
                        0.0,
                        0.0
                    ],
                    [
                        -0.770481789425342,
                        0.0,
                        0.0,
                        0.0,
                        0.0,
                        0.0
                    ],
                    [
                        0.8237698586861144,
                        0.5817569918390171,
                        0.8465681913216474,
                        0.0,
                        0.0,
                        0.0
                    ],
                    [
                        0.7655771100735759,
                        -0.775160160797324,
                        0.0,
                        0.7706991452496124,
                        0.0,
                        0.0
                    ],
                    [
                        0.0,
                        0.0,
                        0.0,
                        0.0,
                        0.0,
                        0.0
                    ]
                ]
            },
            "est_params": {
                "mui": [
                    0.0314666788711007,
                    -0.03111017622274166,
                    -0.012779345843391647,
                    0.0034885520643112068,
                    0.0451481313684324,
                    0.9886657544516212
                ],
                "Si": [
                    [
                        0.9848666113711821,
                        -0.8733208753773822,
                        -0.7546963389994982,
                        -0.33158199792958515,
                        1.179953650919968,
                        -0.0027368505451604323
                    ],
                    [
                        -0.8733208753773821,
                        1.7680994622638488,
                        0.6820898622728052,
                        0.8881409187117641,
                        -1.351446098873413,
                        -0.005973672899784723
                    ],
                    [
                        -0.7546963389994982,
                        0.6820898622728052,
                        1.5951439586812481,
                        1.1306776663069211,
                        -0.22910697930357535,
                        0.0022980805028883235
                    ],
                    [
                        -0.3315819979295851,
                        0.8881409187117641,
                        1.1306776663069211,
                        2.199925138882191,
                        0.7583706029894097,
                        -0.004110520224875539
                    ],
                    [
                        1.179953650919968,
                        -1.351446098873413,
                        -0.22910697930357535,
                        0.7583706029894097,
                        3.540874752977295,
                        0.0022970131432634407
                    ],
                    [
                        -0.0027368505451604293,
                        -0.005973672899784726,
                        0.0022980805028883235,
                        -0.0041105202248755395,
                        0.0022970131432634433,
                        0.1940374194961931
                    ]
                ]
            },
            "est_tgt": [
                5
            ],
            "oracle_est_tgt": [
                5
            ]
        },
        "obs": {
            "intv_type": "obs",
            "true_params": {
                "Si": [
                    [
                        1.0,
                        -0.9076648426446914,
                        -0.770481789425342,
                        -0.35653588468897424,
                        1.194380833867506,
                        -0.8250311070763795
                    ],
                    [
                        -0.9076648426446914,
                        1.8238554665732125,
                        0.6993392321593532,
                        0.9053720795124207,
                        -1.410898036074193,
                        2.4009531541517553
                    ],
                    [
                        -0.770481789425342,
                        0.6993392321593532,
                        1.593642187836077,
                        1.1212725977511557,
                        -0.26779930068646407,
                        0.28502262150068036
                    ],
                    [
                        -0.35653588468897424,
                        0.9053720795124207,
                        1.1212725977511557,
                        2.182236737182137,
                        0.7070839091046098,
                        1.3047356712249047
                    ],
                    [
                        1.194380833867506,
                        -1.410898036074193,
                        -0.26779930068646407,
                        0.7070839091046098,
                        3.5530115399981304,
                        -2.150203215867057
                    ],
                    [
                        -0.8250311070763795,
                        2.4009531541517553,
                        0.28502262150068036,
                        1.3047356712249047,
                        -2.150203215867057,
                        5.092587196210514
                    ]
                ],
                "mui": [
                    0.0,
                    0.0,
                    0.0,
                    0.0,
                    0.0,
                    0.0
                ],
                "Ai": [
                    [
                        0.0,
                        0.0,
                        0.0,
                        0.0,
                        0.0,
                        0.0
                    ],
                    [
