{
    "expt_args": {
        "save_dir": "all_expt_logs/expt_logs_11.05.24-hard_var_shift-corr",
        "exp_name": "382",
        "num_nodes": 6,
        "obs_noise_mean": 0.0,
        "obs_noise_var": 1.0,
        "max_edge_strength": 1.0,
        "graph_sparsity_method": "adj_dense_prop",
        "adj_dense_prop": 0.8,
        "num_parents": null,
        "new_noise_mean": 1.0,
        "mix_samples": 65536,
        "stage2_samples": 65536,
        "gmm_tol": 0.001,
        "intv_type": "hard",
        "new_noise_var": 4.0,
        "intv_targets": [
            0,
            1,
            2,
            3,
            4,
            5
        ]
    },
    "intv_args_dict": {
        "0": {
            "intv_type": "hard",
            "inode": 0,
            "new_mui": 1.0,
            "new_vari": 4.0,
            "true_params": {
                "Si": [
                    [
                        4.0,
                        -2.924510828266936,
                        0.3730468190979832,
                        -5.335357893096206,
                        5.245872417985177,
                        -6.567790482681943
                    ],
                    [
                        -2.924510828266936,
                        3.1381908961626404,
                        0.7089670980122091,
                        3.734062827957173,
                        -2.5710653363077594,
                        5.38018692813673
                    ],
                    [
                        0.3730468190979832,
                        0.7089670980122091,
                        1.998549361564963,
                        -1.5472805753018894,
                        3.057552444732268,
                        -0.5028189579898314
                    ],
                    [
                        -5.335357893096206,
                        3.734062827957173,
                        -1.5472805753018894,
                        8.929283299829866,
                        -9.249396627496916,
                        9.70252852687318
                    ],
                    [
                        5.245872417985177,
                        -2.5710653363077594,
                        3.057552444732268,
                        -9.249396627496916,
                        11.988820967442377,
                        -9.76891811561657
                    ],
                    [
                        -6.567790482681943,
                        5.38018692813673,
                        -0.5028189579898314,
                        9.70252852687318,
                        -9.76891811561657,
                        13.263021330506412
                    ]
                ],
                "mui": [
                    1.0,
                    -0.731127707066734,
                    0.0932617047744958,
                    -1.3338394732740515,
                    1.3114681044962941,
                    -1.6419476206704857
                ],
                "Ai": [
                    [
                        0.0,
                        0.0,
                        0.0,
                        0.0,
                        0.0,
                        0.0
                    ],
                    [
                        -0.731127707066734,
                        0.0,
                        0.0,
                        0.0,
                        0.0,
                        0.0
                    ],
                    [
                        0.8110185216393535,
                        0.9817119634878564,
                        0.0,
                        0.0,
                        0.0,
                        0.0
                    ],
                    [
                        -0.7372193774662616,
                        0.7030126536757921,
                        -0.8859806550470021,
                        0.0,
                        0.0,
                        0.0
                    ],
                    [
                        0.5214113707278005,
                        0.5700466361036132,
                        0.5601810511567127,
                        -0.8656140465664315,
                        0.0,
                        0.0
                    ],
                    [
                        0.0,
                        0.9997918087168352,
                        0.5121492797908467,
                        -0.0,
                        -0.7310403048801535,
                        0.0
                    ]
                ]
            },
            "est_params": {
                "mui": [
                    1.3737995871849202,
                    -1.1889232861480863,
                    1.3592304380351132,
                    -3.1474215185382217,
                    3.5650239994366855,
                    -3.1125990395233174
                ],
                "Si": [
                    [
                        2.9132194365773567,
                        -1.8545855571728738,
                        -1.1991075908358173,
                        -2.3471139740449165,
                        1.780312012579964,
                        -3.7625341610103056
                    ],
                    [
                        -1.8545855571728738,
                        2.0743100015804092,
                        1.326677830631043,
                        1.6054831502019489,
                        -0.39384432583578627,
                        3.021322062147361
                    ],
                    [
                        -1.1991075908358173,
                        1.326677830631043,
                        3.180791451822021,
                        -0.9437565115710517,
                        2.722083739550024,
                        1.006149885383175
                    ],
                    [
                        -2.347113974044916,
                        1.6054831502019489,
                        -0.9437565115710517,
                        4.561611147727523,
                        -4.714445579538929,
                        4.499659119240405
                    ],
                    [
                        1.780312012579964,
                        -0.3938443258357862,
                        2.722083739550024,
                        -4.714445579538929,
                        7.193524585440626,
                        -4.177883211452441
                    ],
                    [
                        -3.7625341610103056,
                        3.0213220621473607,
                        1.006149885383175,
                        4.499659119240405,
                        -4.177883211452441,
                        7.515276723227385
                    ]
                ]
            },
            "est_tgt": [
                0,
                1,
                2,
                3,
                4,
                5
            ],
            "oracle_est_tgt": [
                0
            ]
        },
        "1": {
            "intv_type": "hard",
            "inode": 1,
            "new_mui": 1.0,
            "new_vari": 4.0,
            "true_params": {
                "Si": [
                    [
                        1.0,
                        0.0,
                        0.8110185216393535,
                        -1.4557660985235472,
                        2.235860162084491,
                        -1.2191413428050035
                    ],
                    [
                        0.0,
                        4.0,
                        3.9268478539514255,
                        -0.6670606192106296,
                        5.057349344873466,
                        2.313173328155052
                    ],
                    [
                        0.8110185216393535,
                        3.9268478539514255,
                        5.512784559462812,
                        -2.7214953143749514,
                        8.10528270979737,
                        0.8241106169187916
                    ],
                    [
                        -1.4557660985235472,
                        -0.6670606192106296,
                        -2.7214953143749514,
                        4.015459122153402,
                        -6.139676584422363,
                        2.4276174339260015
                    ],
                    [
                        2.235860162084491,
                        5.057349344873466,
                        8.10528270979737,
                        -6.139676584422363,
                        14.903743974661717,
                        -1.6878263879445825
                    ],
                    [
                        -1.2191413428050035,
                        2.313173328155052,
                        0.8241106169187916,
                        2.4276174339260015,
                        -1.6878263879445825,
                        4.9686285217824055
                    ]
                ],
                "mui": [
                    0.0,
                    1.0,
                    0.9817119634878564,
                    -0.1667651548026574,
                    1.2643373362183665,
                    0.578293332038763
                ],
                "Ai": [
                    [
                        0.0,
                        0.0,
                        0.0,
                        0.0,
                        0.0,
                        0.0
                    ],
                    [
                        0.0,
                        0.0,
                        0.0,
                        0.0,
                        0.0,
                        0.0
                    ],
                    [
                        0.8110185216393535,
                        0.9817119634878564,
                        0.0,
                        0.0,
                        0.0,
                        0.0
                    ],
                    [
                        -0.7372193774662616,
                        0.7030126536757921,
                        -0.8859806550470021,
                        0.0,
                        0.0,
                        0.0
                    ],
                    [
                        0.5214113707278005,
                        0.5700466361036132,
                        0.5601810511567127,
                        -0.8656140465664315,
                        0.0,
                        0.0
                    ],
                    [
                        0.0,
                        0.9997918087168352,
                        0.5121492797908467,
                        -0.0,
                        -0.7310403048801535,
                        0.0
                    ]
                ]
            },
            "est_params": {
                "mui": [
                    0.247724803191518,
                    0.9184856858615366,
                    1.3222213455874468,
                    -0.8184096472643032,
                    2.2023416354056193,
                    -0.0778101897528737
                ],
                "Si": [
                    [
                        0.9159983768640323,
                        -0.14648264382245543,
                        0.5183333768059141,
                        -1.2440488888435868,
                        1.77784273422624,
                        -1.1669846889414237
                    ],
                    [
                        -0.14648264382245546,
                        4.180637581214059,
                        3.834815113148274,
                        -0.25664554648430354,
                        4.548630900433393,
                        2.863221734237947
                    ],
                    [
                        0.5183333768059141,
                        3.834815113148274,
                        4.9225102454333225,
                        -1.966173576726224,
                        6.824369614411206,
                        1.4169103275381179
                    ],
                    [
                        -1.2440488888435868,
                        -0.25664554648430354,
                        -1.966173576726224,
                        3.404705228765349,
                        -4.847352645146216,
                        2.2419439393727276
                    ],
                    [
                        1.7778427342262397,
                        4.548630900433393,
                        6.8243696144112045,
                        -4.847352645146216,
                        12.419180001944405,
                        -0.9075660234810792
                    ],
                    [
                        -1.1669846889414237,
                        2.863221734237947,
                        1.4169103275381179,
                        2.241943939372728,
                        -0.9075660234810792,
                        5.219260532350551
                    ]
                ]
            },
            "est_tgt": [
                0,
                1,
                2,
                4,
                5
            ],
            "oracle_est_tgt": [
                1
            ]
        },
        "2": {
            "intv_type": "hard",
            "inode": 2,
            "new_mui": 1.0,
            "new_vari": 4.0,
            "true_params": {
                "Si": [
                    [
                        1.0,
                        -0.731127707066734,
                        0.0,
                        -1.2512114069871436,
                        1.1877006498644804,
                        -1.5992325378345287
                    ],
                    [
                        -0.731127707066734,
                        1.5345477240406602,
                        0.0,
                        1.6178079807220445,
                        -0.906851844649182,
                        2.1971734935743816
                    ],
                    [
                        0.0,
                        0.0,
                        4.0,
                        -3.5439226201880083,
                        5.308393404606103,
                        -1.832052413763655
                    ],
                    [
                        -1.2512114069871436,
                        1.6178079807220445,
                        -3.5439226201880083,
                        6.199603660673087,
                        -7.081872167933508,
                        4.97958773840723
                    ],
                    [
                        1.1877006498644804,
                        -0.906851844649182,
                        5.308393404606103,
                        -7.081872167933508,
                        10.206162202270233,
                        -5.6490891149884375
                    ],
                    [
                        -1.5992325378345287,
                        2.1971734935743816,
                        -1.832052413763655,
                        4.97958773840723,
                        -5.6490891149884375,
                        6.388143565873585
                    ]
                ],
                "mui": [
                    0.0,
                    0.0,
                    1.0,
                    -0.8859806550470021,
                    1.3270983511515257,
                    -0.4580131034409137
                ],
                "Ai": [
                    [
                        0.0,
                        0.0,
                        0.0,
                        0.0,
                        0.0,
                        0.0
                    ],
                    [
                        -0.731127707066734,
                        0.0,
                        0.0,
                        0.0,
                        0.0,
                        0.0
                    ],
                    [
                        0.0,
                        0.0,
                        0.0,
                        0.0,
                        0.0,
                        0.0
                    ],
                    [
                        -0.7372193774662616,
                        0.7030126536757921,
                        -0.8859806550470021,
                        0.0,
                        0.0,
                        0.0
                    ],
                    [
                        0.5214113707278005,
                        0.5700466361036132,
                        0.5601810511567127,
                        -0.8656140465664315,
                        0.0,
                        0.0
                    ],
                    [
                        0.0,
                        0.9997918087168352,
                        0.5121492797908467,
                        -0.0,
                        -0.7310403048801535,
                        0.0
                    ]
                ]
            },
            "est_params": {
                "mui": [
                    -0.48577518727711433,
                    0.6594465124724115,
                    -0.19206742795401507,
                    1.2152598824538139,
                    -1.2044246109145071,
                    1.6013986711774855
                ],
                "Si": [
                    [
                        0.9682216392233379,
                        -0.5635989358375686,
                        -0.0667664620916039,
                        -0.9803830317462098,
                        0.9383706441587211,
                        -1.2428740525665554
                    ],
                    [
                        -0.5635989358375687,
                        1.4859687982467824,
                        0.9455325689898149,
                        0.528690952098109,
                        0.6643956451704901,
                        1.3948182632835653
                    ],
                    [
                        -0.0667664620916039,
                        0.9455325689898149,
                        2.560313490114583,
                        -1.4882197973643474,
                        3.1173410752256796,
                        -0.011356918334125483
                    ],
                    [
                        -0.9803830317462096,
                        0.5286909520981091,
                        -1.4882197973643472,
                        2.9793864305149866,
                        -3.4339974687306967,
                        2.1761050251262093
                    ],
                    [
                        0.9383706441587211,
                        0.6643956451704901,
                        3.11734107522568,
                        -3.4339974687306967,
                        6.394120239804482,
                        -2.36013873796548
                    ],
                    [
                        -1.2428740525665554,
                        1.3948182632835653,
                        -0.01135691833412549,
                        2.1761050251262093,
                        -2.3601387379654795,
                        3.9640268779975014
                    ]
                ]
            },
            "est_tgt": [
                0,
                1,
                2,
                3,
                4,
                5
            ],
            "oracle_est_tgt": [
                2,
                4
            ]
        },
        "3": {
            "intv_type": "hard",
            "inode": 3,
            "new_mui": 1.0,
            "new_vari": 4.0,
            "true_params": {
                "Si": [
                    [
                        1.0,
                        -0.731127707066734,
                        0.0932617047744958,
                        0.0,
                        0.15687792056550498,
                        -0.7978956605980891
                    ],
                    [
                        -0.731127707066734,
                        1.5345477240406602,
                        0.9135257471189446,
                        0.0,
                        1.005285281390906,
                        1.2671857394387382
                    ],
                    [
                        0.0932617047744958,
                        0.9135257471189446,
                        1.9724561248326276,
                        0.0,
                        1.674312537831313,
                        0.6995375946526557
                    ],
                    [
                        0.0,
                        0.0,
                        0.0,
                        4.0,
                        -3.462456186265726,
                        2.53119502604187
                    ],
                    [
                        0.15687792056550498,
                        1.005285281390906,
                        1.674312537831313,
                        -3.462456186265726,
                        5.589926292440004,
                        -2.2238874709296086
                    ],
                    [
                        -0.7978956605980891,
                        1.2671857394387382,
                        0.6995375946526557,
                        2.53119502604187,
                        -2.2238874709296086,
                        4.2509409724691505
                    ]
                ],
                "mui": [
                    0.0,
                    0.0,
                    0.0,
                    1.0,
                    -0.8656140465664315,
                    0.6327987565104675
                ],
                "Ai": [
                    [
                        0.0,
                        0.0,
                        0.0,
                        0.0,
                        0.0,
                        0.0
                    ],
                    [
                        -0.731127707066734,
                        0.0,
                        0.0,
                        0.0,
                        0.0,
                        0.0
                    ],
                    [
                        0.8110185216393535,
                        0.9817119634878564,
                        0.0,
                        0.0,
                        0.0,
                        0.0
                    ],
                    [
                        0.0,
                        0.0,
                        0.0,
                        0.0,
                        0.0,
                        0.0
                    ],
                    [
                        0.5214113707278005,
                        0.5700466361036132,
                        0.5601810511567127,
                        -0.8656140465664315,
                        0.0,
                        0.0
                    ],
                    [
                        0.0,
                        0.9997918087168352,
                        0.5121492797908467,
                        -0.0,
                        -0.7310403048801535,
                        0.0
                    ]
                ]
            },
            "est_params": {
                "mui": [
                    0.09861616179616188,
                    -0.1014083148684322,
                    -0.06970558273674766,
                    -0.17806462730077474,
                    0.1527413839420914,
                    -0.29907845527421534
                ],
                "Si": [
                    [
                        0.9102413931709229,
                        -0.6837749044874587,
                        -0.04295869963237838,
                        -0.5965193231848646,
                        0.5427416071382902,
                        -1.0788788761540167
                    ],
                    [
                        -0.6837749044874586,
                        1.4365180638488588,
                        0.9636093255959253,
                        0.3241983443675026,
                        0.7679516722822506,
                        1.3212121972660626
                    ],
                    [
                        -0.04295869963237838,
                        0.9636093255959253,
                        1.7773258930695404,
                        -0.4604232220056125,
                        1.9325227115965926,
                        0.43442206467720146
                    ],
                    [
                        -0.5965193231848646,
                        0.32419834436750256,
                        -0.4604232220056126,
                        2.63477273232732,
                        -2.578909434405262,
                        1.8878703381140325
                    ],
                    [
                        0.5427416071382902,
                        0.7679516722822507,
                        1.9325227115965926,
                        -2.5789094344052628,
                        4.920089837669087,
                        -1.789891289993312
                    ],
                    [
                        -1.078878876154017,
                        1.3212121972660629,
                        0.43442206467720146,
                        1.8878703381140325,
                        -1.789891289993311,
                        3.6894575313644724
                    ]
                ]
            },
            "est_tgt": [
                0,
                1,
                3,
                4,
                5
            ],
            "oracle_est_tgt": [
                2,
                3,
                4
            ]
        },
        "4": {
            "intv_type": "hard",
            "inode": 4,
            "new_mui": 1.0,
            "new_vari": 4.0,
            "true_params": {
                "Si": [
                    [
                        1.0,
                        -0.731127707066734,
                        0.0932617047744958,
                        -1.3338394732740515,
                        0.0,
                        -0.6832115777189178
                    ],
                    [
                        -0.731127707066734,
                        1.5345477240406602,
                        0.9135257471189446,
                        0.8084418408873001,
                        0.0,
                        2.002089798038277
                    ],
                    [
                        0.0932617047744958,
                        0.9135257471189446,
                        1.9724561248326276,
                        -1.174092145782729,
                        0.0,
                        1.9235275427735223
                    ],
                    [
                        -1.3338394732740515,
                        0.8084418408873001,
                        -1.174092145782729,
                        3.5919000784378685,
                        0.0,
                        0.20696308347236736
                    ],
                    [
                        0.0,
                        0.0,
                        0.0,
                        0.0,
                        4.0,
                        -2.924161219520614
                    ],
                    [
                        -0.6832115777189178,
                        2.002089798038277,
                        1.9235275427735223,
                        0.20696308347236736,
                        -2.924161219520614,
                        6.1244859355206
                    ]
                ],
                "mui": [
                    0.0,
                    0.0,
                    0.0,
                    0.0,
                    1.0,
                    -0.7310403048801535
                ],
                "Ai": [
                    [
                        0.0,
                        0.0,
                        0.0,
                        0.0,
                        0.0,
                        0.0
                    ],
                    [
                        -0.731127707066734,
                        0.0,
                        0.0,
                        0.0,
                        0.0,
                        0.0
                    ],
                    [
                        0.8110185216393535,
                        0.9817119634878564,
                        0.0,
                        0.0,
                        0.0,
                        0.0
                    ],
                    [
                        -0.7372193774662616,
                        0.7030126536757921,
                        -0.8859806550470021,
                        0.0,
                        0.0,
                        0.0
                    ],
                    [
                        0.0,
                        0.0,
                        0.0,
                        0.0,
                        0.0,
                        0.0
                    ],
                    [
                        0.0,
                        0.9997918087168352,
                        0.5121492797908467,
                        -0.0,
                        -0.7310403048801535,
                        0.0
                    ]
                ]
            },
            "est_params": {
                "mui": [
                    0.04480182884945277,
                    -0.030805590484306356,
                    0.017796282648226382,
                    -0.06591430386305337,
                    1.0295049449665081,
                    -0.7909411871397957
                ],
                "Si": [
                    [
                        1.0107300364224334,
                        -0.7462965407150809,
                        0.07728064290324688,
                        -1.3504553616840929,
                        0.013511182237347525,
                        -0.6949893428897059
                    ],
                    [
                        -0.7462965407150809,
                        1.4954591050616732,
                        0.8731305677558312,
                        0.8269048625906386,
                        0.023672234647550586,
                        1.8859826600855736
                    ],
                    [
                        0.07728064290324688,
                        0.8731305677558312,
                        1.8936389678518861,
                        -1.1351687995569624,
                        0.0860973867074045,
                        1.7687152061180527
                    ],
                    [
                        -1.350455361684093,
                        0.8269048625906386,
                        -1.1351687995569624,
                        3.529343234233055,
                        -0.12300278684072365,
                        0.2982271727326312
                    ],
                    [
                        0.013511182237347525,
                        0.023672234647550576,
                        0.08609738670740445,
                        -0.12300278684072367,
                        3.783909095752234,
                        -2.7006180761711533
                    ],
                    [
                        -0.6949893428897059,
                        1.8859826600855736,
                        1.7687152061180527,
                        0.2982271727326314,
                        -2.7006180761711533,
                        5.702468214333028
                    ]
                ]
            },
            "est_tgt": [
                0,
                3,
                4
            ],
            "oracle_est_tgt": [
                1,
                2,
                3,
                4
            ]
        },
        "5": {
            "intv_type": "hard",
            "inode": 5,
            "new_mui": 1.0,
            "new_vari": 4.0,
            "true_params": {
                "Si": [
                    [
                        1.0,
                        -0.731127707066734,
                        0.0932617047744958,
                        -1.3338394732740515,
                        1.3114681044962941,
                        0.0
                    ],
                    [
                        -0.731127707066734,
                        1.5345477240406602,
                        0.9135257471189446,
                        0.8084418408873001,
                        0.3054866680868351,
                        0.0
                    ],
                    [
                        0.0932617047744958,
                        0.9135257471189446,
                        1.9724561248326276,
                        -1.174092145782729,
                        2.6906231911841654,
                        0.0
                    ],
                    [
                        -1.3338394732740515,
                        0.8084418408873001,
                        -1.174092145782729,
                        3.5919000784378685,
                        -4.001532850345748,
                        0.0
                    ],
                    [
                        1.3114681044962941,
                        0.3054866680868351,
                        2.6906231911841654,
                        -4.001532850345748,
                        6.828975200109068,
                        0.0
                    ],
                    [
                        0.0,
                        0.0,
                        0.0,
                        0.0,
                        0.0,
                        4.0
                    ]
                ],
                "mui": [
                    0.0,
                    0.0,
                    0.0,
                    0.0,
                    0.0,
                    1.0
                ],
                "Ai": [
                    [
                        0.0,
                        0.0,
                        0.0,
                        0.0,
                        0.0,
                        0.0
                    ],
                    [
                        -0.731127707066734,
                        0.0,
                        0.0,
                        0.0,
                        0.0,
                        0.0
                    ],
                    [
                        0.8110185216393535,
                        0.9817119634878564,
                        0.0,
                        0.0,
                        0.0,
                        0.0
                    ],
                    [
                        -0.7372193774662616,
                        0.7030126536757921,
                        -0.8859806550470021,
                        0.0,
                        0.0,
                        0.0
                    ],
                    [
                        0.5214113707278005,
                        0.5700466361036132,
                        0.5601810511567127,
                        -0.8656140465664315,
                        0.0,
                        0.0
                    ],
                    [
                        0.0,
                        0.0,
                        0.0,
                        0.0,
                        0.0,
                        0.0
                    ]
                ]
            },
            "est_params": {
                "mui": [
                    0.014043993951770271,
                    -0.02158890636697136,
                    0.004900475643767295,
                    -0.048348443460628575,
                    0.03271741284821735,
                    0.9189696727040416
                ],
                "Si": [
                    [
                        0.9849215842231406,
                        -0.7170965558714646,
                        0.07467843986417064,
                        -1.3055315301783106,
                        1.2888963733546024,
                        -0.0414083851882265
                    ],
                    [
                        -0.7170965558714646,
                        1.5068888726591871,
                        0.9252600223967407,
                        0.7741334839201619,
                        0.31262182379485604,
                        0.06828441487377195
                    ],
                    [
                        0.07467843986417065,
                        0.9252600223967407,
                        2.0111904656795696,
                        -1.204140056810816,
                        2.7061944598595904,
                        0.03697305195914579
                    ],
                    [
                        -1.3055315301783108,
                        0.774133483920162,
                        -1.204140056810816,
                        3.5238952322871273,
                        -3.977475735170409,
                        0.0871217759891556
                    ],
                    [
                        1.2888963733546024,
                        0.31262182379485615,
                        2.7061944598595904,
                        -3.977475735170409,
                        6.791934789348365,
                        -0.03045838651165218
                    ],
                    [
                        -0.0414083851882265,
                        0.06828441487377183,
                        0.03697305195914579,
                        0.08712177598915562,
                        -0.030458386511652,
                        4.083133589811313
                    ]
                ]
            },
            "est_tgt": [
                3,
                5
            ],
            "oracle_est_tgt": [
                5
            ]
        },
        "obs": {
            "intv_type": "obs",
            "true_params": {
                "Si": [
                    [
                        1.0,
                        -0.731127707066734,
                        0.0932617047744958,
                        -1.3338394732740515,
                        1.3114681044962941,
                        -1.6419476206704857
                    ],
                    [
                        -0.731127707066734,
                        1.5345477240406602,
                        0.9135257471189446,
                        0.8084418408873001,
                        0.3054866680868351,
                        1.778766731063255
                    ],
                    [
                        0.0932617047744958,
                        0.9135257471189446,
                        1.9724561248326276,
                        -1.174092145782729,
                        2.6906231911841654,
                        -0.04342645522736149
                    ],
                    [
                        -1.3338394732740515,
                        0.8084418408873001,
                        -1.174092145782729,
                        3.5919000784378685,
                        -4.001532850345748,
                        3.1322448783770724
                    ],
                    [
                        1.3114681044962941,
                        0.3054866680868351,
                        2.6906231911841654,
                        -4.001532850345748,
                        6.828975200109068,
                        -3.3088323143278044
                    ],
                    [
                        -1.6419476206704857,
                        1.778766731063255,
                        -0.04342645522736149,
                        3.1322448783770724,
                        -3.3088323143278044,
                        5.175045363430002
                    ]
                ],
                "mui": [
                    0.0,
                    0.0,
                    0.0,
                    0.0,
                    0.0,
                    0.0
                ],
                "Ai": [
                    [
                        0.0,
                        0.0,
                        0.0,
                        0.0,
                        0.0,
                        0.0
