{
    "expt_args": {
        "save_dir": "all_expt_logs/expt_logs_11.05.24-hard_var_shift-corr",
        "exp_name": "263",
        "num_nodes": 6,
        "obs_noise_mean": 0.0,
        "obs_noise_var": 1.0,
        "max_edge_strength": 1.0,
        "graph_sparsity_method": "adj_dense_prop",
        "adj_dense_prop": 0.8,
        "num_parents": null,
        "new_noise_mean": 1.0,
        "mix_samples": 131072,
        "stage2_samples": 131072,
        "gmm_tol": 0.001,
        "intv_type": "hard",
        "new_noise_var": 2.0,
        "intv_targets": [
            0,
            1,
            2,
            3,
            4,
            5
        ]
    },
    "intv_args_dict": {
        "0": {
            "intv_type": "hard",
            "inode": 0,
            "new_mui": 1.0,
            "new_vari": 2.0,
            "true_params": {
                "Si": [
                    [
                        2.0,
                        -1.718478022707493,
                        0.151571478257281,
                        2.7270481634005947,
                        -3.425466653808761,
                        7.572170677970517
                    ],
                    [
                        -1.718478022707493,
                        2.476583357264327,
                        -1.043265957354917,
                        -2.6000079121427593,
                        3.108827014259532,
                        -7.924268366935541
                    ],
                    [
                        0.151571478257281,
                        -1.043265957354917,
                        1.8451104273961803,
                        -0.3470761762189039,
                        0.09731209278879815,
                        1.3216394965315261
                    ],
                    [
                        2.7270481634005947,
                        -2.6000079121427593,
                        -0.3470761762189039,
                        5.405665223631451,
                        -5.758222468309742,
                        12.498101771011045
                    ],
                    [
                        -3.425466653808761,
                        3.108827014259532,
                        0.09731209278879815,
                        -5.758222468309742,
                        7.5678608989973055,
                        -15.050078960375535
                    ],
                    [
                        7.572170677970517,
                        -7.924268366935541,
                        1.3216394965315261,
                        12.498101771011045,
                        -15.050078960375535,
                        34.34025421320995
                    ]
                ],
                "mui": [
                    1.0,
                    -0.8592390113537465,
                    0.0757857391286405,
                    1.3635240817002974,
                    -1.7127333269043805,
                    3.7860853389852585
                ],
                "Ai": [
                    [
                        0.0,
                        0.0,
                        0.0,
                        0.0,
                        0.0,
                        0.0
                    ],
                    [
                        -0.8592390113537465,
                        0.0,
                        0.0,
                        0.0,
                        0.0,
                        0.0
                    ],
                    [
                        -0.7087251095326916,
                        -0.9130298302277049,
                        0.0,
                        0.0,
                        0.0,
                        0.0
                    ],
                    [
                        0.584211981465046,
                        -0.9765023978221937,
                        -0.7882334505262847,
                        0.0,
                        0.0,
                        0.0
                    ],
                    [
                        -0.833884615710416,
                        0.0,
                        -0.0,
                        -0.6445421265299922,
                        0.0,
                        0.0
                    ],
                    [
                        0.8078526082144447,
                        -0.571607623077304,
                        0.5393526523438965,
                        0.9396188301499226,
                        -0.6802092314066893,
                        0.0
                    ]
                ]
            },
            "est_params": {
                "mui": [
                    1.6590340753928625,
                    -1.4645460544702609,
                    -0.06857908506950205,
                    2.7049942776822054,
                    -3.302806709388973,
                    6.959743585659861
                ],
                "Si": [
                    [
                        1.5310979265678544,
                        -1.273481092902011,
                        0.2704249699159562,
                        1.7566103211461237,
                        -2.249015166276178,
                        5.273327235845373
                    ],
                    [
                        -1.2734810929020108,
                        2.2018490696346373,
                        -1.2876760193489514,
                        -1.7289665854101206,
                        2.0397722584590885,
                        -5.99460710926416
                    ],
                    [
                        0.2704249699159562,
                        -1.2876760193489514,
                        2.064193252019624,
                        -0.2622817918639925,
                        -0.03161661837659274,
                        1.8662683804646878
                    ],
                    [
                        1.7566103211461237,
                        -1.7289665854101206,
                        -0.26228179186399253,
                        3.5740673855726137,
                        -3.5372262495586093,
                        7.976583734625353
                    ],
                    [
                        -2.249015166276178,
                        2.0397722584590885,
                        -0.03161661837659272,
                        -3.5372262495586093,
                        4.893296720626193,
                        -9.64157309558635
                    ],
                    [
                        5.2733272358453736,
                        -5.99460710926416,
                        1.8662683804646885,
                        7.976583734625353,
                        -9.64157309558635,
                        23.680562499701118
                    ]
                ]
            },
            "est_tgt": [
                0,
                1,
                2,
                3,
                4,
                5
            ],
            "oracle_est_tgt": [
                0
            ]
        },
        "1": {
            "intv_type": "hard",
            "inode": 1,
            "new_mui": 1.0,
            "new_vari": 2.0,
            "true_params": {
                "Si": [
                    [
                        1.0,
                        0.0,
                        -0.7087251095326916,
                        1.1428528200266186,
                        -1.5705014026411712,
                        2.5677154224058993
                    ],
                    [
                        0.0,
                        2.0,
                        -1.8260596604554098,
                        -0.513643488616764,
                        0.3310648664313329,
                        -2.8359278395886527
                    ],
                    [
                        -0.7087251095326916,
                        -1.8260596604554098,
                        3.169538222653389,
                        -1.1292301133700653,
                        1.318831344220237,
                        0.22261590785873386
                    ],
                    [
                        1.1428528200266186,
                        -0.513643488616764,
                        -1.1292301133700653,
                        3.0593393574705674,
                        -2.9248804798824417,
                        5.471949479623731
                    ],
                    [
                        -1.5705014026411712,
                        0.3310648664313329,
                        1.318831344220237,
                        -2.9248804798824417,
                        4.194825642963595,
                        -6.348289573534705
                    ],
                    [
                        2.5677154224058993,
                        -2.8359278395886527,
                        0.22261590785873386,
                        5.471949479623731,
                        -6.348289573534705,
                        14.275153993351308
                    ]
                ],
                "mui": [
                    0.0,
                    1.0,
                    -0.9130298302277049,
                    -0.256821744308382,
                    0.16553243321566646,
                    -1.4179639197943263
                ],
                "Ai": [
                    [
                        0.0,
                        0.0,
                        0.0,
                        0.0,
                        0.0,
                        0.0
                    ],
                    [
                        0.0,
                        0.0,
                        0.0,
                        0.0,
                        0.0,
                        0.0
                    ],
                    [
                        -0.7087251095326916,
                        -0.9130298302277049,
                        0.0,
                        0.0,
                        0.0,
                        0.0
                    ],
                    [
                        0.584211981465046,
                        -0.9765023978221937,
                        -0.7882334505262847,
                        0.0,
                        0.0,
                        0.0
                    ],
                    [
                        -0.833884615710416,
                        0.0,
                        -0.0,
                        -0.6445421265299922,
                        0.0,
                        0.0
                    ],
                    [
                        0.8078526082144447,
                        -0.571607623077304,
                        0.5393526523438965,
                        0.9396188301499226,
                        -0.6802092314066893,
                        0.0
                    ]
                ]
            },
            "est_params": {
                "mui": [
                    -0.3396971750743587,
                    0.7008395651255048,
                    -0.2781879674226236,
                    -0.8746254833172931,
                    1.0357228267246386,
                    -2.403657461091666
                ],
                "Si": [
                    [
                        0.7251472771254078,
                        -0.2899034518666336,
                        -0.16186991681006146,
                        0.7523550738117217,
                        -0.7847378574870428,
                        1.868684664792276
                    ],
                    [
                        -0.28990345186663363,
                        1.7598583647852077,
                        -1.4788334962479048,
                        -0.6653786026931168,
                        0.42984595956830124,
                        -2.929582496730409
                    ],
                    [
                        -0.16186991681006146,
                        -1.478833496247905,
                        2.371380373211904,
                        -0.5157725620717684,
                        0.3924762793353583,
                        1.2513138709100649
                    ],
                    [
                        0.7523550738117217,
                        -0.6653786026931169,
                        -0.5157725620717684,
                        2.1664517740284115,
                        -1.4495752944863916,
                        3.6597620948229763
                    ],
                    [
                        -0.7847378574870428,
                        0.42984595956830124,
                        0.3924762793353583,
                        -1.4495752944863916,
                        2.4116764420531327,
                        -3.585585750889403
                    ],
                    [
                        1.868684664792276,
                        -2.9295824967304087,
                        1.251313870910065,
                        3.6597620948229763,
                        -3.585585750889403,
                        10.554666279485266
                    ]
                ]
            },
            "est_tgt": [
                0,
                1,
                2,
                3,
                4,
                5
            ],
            "oracle_est_tgt": [
                1
            ]
        },
        "2": {
            "intv_type": "hard",
            "inode": 2,
            "new_mui": 1.0,
            "new_vari": 2.0,
            "true_params": {
                "Si": [
                    [
                        1.0,
                        -0.8592390113537465,
                        0.0,
                        1.4232609363543505,
                        -1.751236246235317,
                        3.8275300142282713
                    ],
                    [
                        -0.8592390113537465,
                        1.7382916786321636,
                        0.0,
                        -2.1994237176737133,
                        2.134127432916033,
                        -5.206032372512027
                    ],
                    [
                        0.0,
                        0.0,
                        2.0,
                        -1.5764669010525694,
                        1.0160993288085698,
                        -1.0937328241310262
                    ],
                    [
                        1.4232609363543505,
                        -2.1994237176737133,
                        -1.5764669010525694,
                        5.221852570961902,
                        -4.552539359481386,
                        9.55995112119197
                    ],
                    [
                        -1.751236246235317,
                        2.134127432916033,
                        1.0160993288085698,
                        -4.552539359481386,
                        5.39463236408171,
                        -10.03371885161737
                    ],
                    [
                        3.8275300142282713,
                        -5.206032372512027,
                        -1.0937328241310262,
                        9.55995112119197,
                        -10.03371885161737,
                        22.285718472472126
                    ]
                ],
                "mui": [
                    0.0,
                    0.0,
                    1.0,
                    -0.7882334505262847,
                    0.5080496644042849,
                    -0.5468664120655131
                ],
                "Ai": [
                    [
                        0.0,
                        0.0,
                        0.0,
                        0.0,
                        0.0,
                        0.0
                    ],
                    [
                        -0.8592390113537465,
                        0.0,
                        0.0,
                        0.0,
                        0.0,
                        0.0
                    ],
                    [
                        0.0,
                        0.0,
                        0.0,
                        0.0,
                        0.0,
                        0.0
                    ],
                    [
                        0.584211981465046,
                        -0.9765023978221937,
                        -0.7882334505262847,
                        0.0,
                        0.0,
                        0.0
                    ],
                    [
                        -0.833884615710416,
                        0.0,
                        -0.0,
                        -0.6445421265299922,
                        0.0,
                        0.0
                    ],
                    [
                        0.8078526082144447,
                        -0.571607623077304,
                        0.5393526523438965,
                        0.9396188301499226,
                        -0.6802092314066893,
                        0.0
                    ]
                ]
            },
            "est_params": {
                "mui": [
                    -0.365413313442196,
                    0.44600979816375425,
                    0.8975394812812278,
                    -1.4848821080004155,
                    1.3892096241036764,
                    -2.475920970741668
                ],
                "Si": [
                    [
                        0.9550625548144986,
                        -0.7280418946321856,
                        0.22951282973900036,
                        1.0731775816230478,
                        -1.5223999117779106,
                        3.3319443597476135
                    ],
                    [
                        -0.7280418946321855,
                        1.4460450877722137,
                        -0.33314167967618585,
                        -1.5418597162621692,
                        1.5983992893990961,
                        -4.081904545062411
                    ],
                    [
                        0.22951282973900036,
                        -0.33314167967618585,
                        2.188515264632353,
                        -1.1792562960313102,
                        0.4817633427908015,
                        0.17409895862024313
                    ],
                    [
                        1.0731775816230478,
                        -1.541859716262169,
                        -1.1792562960313098,
                        3.974414729633997,
                        -3.3905086339546675,
                        7.057159790663694
                    ],
                    [
                        -1.5223999117779106,
                        1.5983992893990961,
                        0.4817633427908015,
                        -3.3905086339546675,
                        4.3343429278909085,
                        -7.951075148387096
                    ],
                    [
                        3.3319443597476135,
                        -4.081904545062411,
                        0.17409895862024313,
                        7.057159790663694,
                        -7.951075148387096,
                        18.004752369362365
                    ]
                ]
            },
            "est_tgt": [
                0,
                1,
                2,
                3,
                4,
                5
            ],
            "oracle_est_tgt": [
                2
            ]
        },
        "3": {
            "intv_type": "hard",
            "inode": 3,
            "new_mui": 1.0,
            "new_vari": 2.0,
            "true_params": {
                "Si": [
                    [
                        1.0,
                        -0.8592390113537465,
                        0.0757857391286405,
                        0.0,
                        -0.833884615710416,
                        1.9070914300927717
                    ],
                    [
                        -0.8592390113537465,
                        1.7382916786321636,
                        -0.978147893791311,
                        0.0,
                        0.7165061927861167,
                        -2.7027000386338296
                    ],
                    [
                        0.0757857391286405,
                        -0.978147893791311,
                        1.839366949140906,
                        0.0,
                        -0.06319656194961623,
                        1.6553948270927965
                    ],
                    [
                        0.0,
                        0.0,
                        0.0,
                        2.0,
                        -1.2890842530599844,
                        2.7560846692922434
                    ],
                    [
                        -0.833884615710416,
                        0.7165061927861167,
                        -0.06319656194961623,
                        -1.2890842530599844,
                        2.526232658062117,
                        -4.046916109356561
                    ],
                    [
                        1.9070914300927717,
                        -2.7027000386338296,
                        1.6553948270927965,
                        2.7560846692922434,
                        -4.046916109356561,
                        10.320793070614439
                    ]
                ],
                "mui": [
                    0.0,
                    0.0,
                    0.0,
                    1.0,
                    -0.6445421265299922,
                    1.3780423346461217
                ],
                "Ai": [
                    [
                        0.0,
                        0.0,
                        0.0,
                        0.0,
                        0.0,
                        0.0
                    ],
                    [
                        -0.8592390113537465,
                        0.0,
                        0.0,
                        0.0,
                        0.0,
                        0.0
                    ],
                    [
                        -0.7087251095326916,
                        -0.9130298302277049,
                        0.0,
                        0.0,
                        0.0,
                        0.0
                    ],
                    [
                        0.0,
                        0.0,
                        0.0,
                        0.0,
                        0.0,
                        0.0
                    ],
                    [
                        -0.833884615710416,
                        0.0,
                        -0.0,
                        -0.6445421265299922,
                        0.0,
                        0.0
                    ],
                    [
                        0.8078526082144447,
                        -0.571607623077304,
                        0.5393526523438965,
                        0.9396188301499226,
                        -0.6802092314066893,
                        0.0
                    ]
                ]
            },
            "est_params": {
                "mui": [
                    0.060935320542113015,
                    0.5328223089145722,
                    -0.5502112463327427,
                    0.8240627451764944,
                    -0.6006502240212307,
                    0.6267075536507952
                ],
                "Si": [
                    [
                        1.038247109785562,
                        -0.3174735818253838,
                        -0.46427434026074127,
                        0.13606199273743053,
                        -0.9832217627436179,
                        1.5692817086876807
                    ],
                    [
                        -0.3174735818253838,
                        1.9152459669846957,
                        -1.5672452090774345,
                        -0.08470555039638884,
                        0.2770645958531445,
                        -2.4754696793792093
                    ],
                    [
                        -0.46427434026074127,
                        -1.5672452090774345,
                        2.7800667892085027,
                        -0.14693480323258928,
                        0.5368078896250549,
                        1.539550861266032
                    ],
                    [
                        0.13606199273743055,
                        -0.08470555039638884,
                        -0.14693480323258926,
                        2.1557550048818612,
                        -1.4761727045397186,
                        3.0652966041465333
                    ],
                    [
                        -0.983221762743618,
                        0.27706459585314447,
                        0.5368078896250548,
                        -1.4761727045397186,
                        2.717183112703636,
                        -3.8776199404632163
                    ],
                    [
                        1.5692817086876807,
                        -2.4754696793792093,
                        1.539550861266032,
                        3.065296604146532,
                        -3.8776199404632163,
                        10.000680952700108
                    ]
                ]
            },
            "est_tgt": [
                0,
                1,
                3,
                4,
                5
            ],
            "oracle_est_tgt": [
                3,
                4,
                5
            ]
        },
        "4": {
            "intv_type": "hard",
            "inode": 4,
            "new_mui": 1.0,
            "new_vari": 2.0,
            "true_params": {
                "Si": [
                    [
                        1.0,
                        -0.8592390113537465,
                        0.0757857391286405,
                        1.3635240817002974,
                        0.0,
                        2.621068319087008
                    ],
                    [
                        -0.8592390113537465,
                        1.7382916786321636,
                        -0.978147893791311,
                        -1.4284148282255706,
                        0.0,
                        -3.5574913818067655
                    ],
                    [
                        0.0757857391286405,
                        -0.978147893791311,
                        1.839366949140906,
                        -0.4504118565702618,
                        0.0,
                        1.1891924805052987
                    ],
                    [
                        1.3635240817002974,
                        -1.4284148282255706,
                        -0.4504118565702618,
                        3.546467302254812,
                        0.0,
                        5.007415918716494
                    ],
                    [
                        0.0,
                        0.0,
                        0.0,
                        0.0,
                        2.0,
                        -1.3604184628133786
                    ],
                    [
                        2.621068319087008,
                        -3.5574913818067655,
                        1.1891924805052987,
                        5.007415918716494,
                        -1.3604184628133786,
                        11.422751673863448
                    ]
                ],
                "mui": [
                    0.0,
                    0.0,
                    0.0,
                    0.0,
                    1.0,
                    -0.6802092314066893
                ],
                "Ai": [
                    [
                        0.0,
                        0.0,
                        0.0,
                        0.0,
                        0.0,
                        0.0
                    ],
                    [
                        -0.8592390113537465,
                        0.0,
                        0.0,
                        0.0,
                        0.0,
                        0.0
                    ],
                    [
                        -0.7087251095326916,
                        -0.9130298302277049,
                        0.0,
                        0.0,
                        0.0,
                        0.0
                    ],
                    [
                        0.584211981465046,
                        -0.9765023978221937,
                        -0.7882334505262847,
                        0.0,
                        0.0,
                        0.0
                    ],
                    [
                        0.0,
                        0.0,
                        0.0,
                        0.0,
                        0.0,
                        0.0
                    ],
                    [
                        0.8078526082144447,
                        -0.571607623077304,
                        0.5393526523438965,
                        0.9396188301499226,
                        -0.6802092314066893,
                        0.0
                    ]
                ]
            },
            "est_params": {
                "mui": [
                    0.1273806674792257,
                    -0.22076649390792838,
                    0.11478939892499135,
                    0.2832499834798105,
                    0.8075896078313008,
                    0.027899708235161125
                ],
                "Si": [
                    [
                        0.961927692481405,
                        -0.8313850642155363,
                        0.06615390209405173,
                        1.3120778205872325,
                        0.09760347442942184,
                        2.4520133321328346
                    ],
                    [
                        -0.8313850642155363,
                        1.5434701096420504,
                        -0.8463631638440152,
                        -1.2844148357503986,
                        -0.09314613865165397,
                        -3.1426494894770065
                    ],
                    [
                        0.06615390209405173,
                        -0.8463631638440151,
                        1.7745669593237414,
                        -0.5645416562131145,
                        -0.004942600502414678,
                        0.959077727648034
                    ],
                    [
                        1.3120778205872325,
                        -1.284414835750399,
                        -0.5645416562131145,
                        3.4582723077345943,
                        0.18931703019513046,
                        4.623510846908506
                    ],
                    [
                        0.09760347442942181,
                        -0.09314613865165398,
                        -0.004942600502414683,
                        0.18931703019513046,
                        2.1452263406560212,
                        -1.1666672318626279
                    ],
                    [
                        2.4520133321328346,
                        -3.1426494894770065,
                        0.9590777276480339,
                        4.6235108469085064,
                        -1.1666672318626279,
                        10.450067407550705
                    ]
                ]
            },
            "est_tgt": [
                0,
                1,
                3,
                4,
                5
            ],
            "oracle_est_tgt": [
                3,
                4,
                5
            ]
        },
        "5": {
            "intv_type": "hard",
            "inode": 5,
            "new_mui": 1.0,
            "new_vari": 2.0,
            "true_params": {
                "Si": [
                    [
                        1.0,
                        -0.8592390113537465,
                        0.0757857391286405,
                        1.3635240817002974,
                        -1.7127333269043805,
                        0.0
                    ],
                    [
                        -0.8592390113537465,
                        1.7382916786321636,
                        -0.978147893791311,
                        -1.4284148282255706,
                        1.6371797237375993,
                        0.0
                    ],
                    [
                        0.0757857391286405,
                        -0.978147893791311,
                        1.839366949140906,
                        -0.4504118565702618,
                        0.2271128538985021,
                        0.0
                    ],
                    [
                        1.3635240817002974,
                        -1.4284148282255706,
                        -0.4504118565702618,
                        3.546467302254812,
                        -3.422869331544952,
                        0.0
                    ],
                    [
                        -1.7127333269043805,
                        1.6371797237375993,
                        0.2271128538985021,
                        -3.422869331544952,
                        4.634405449908358,
                        0.0
                    ],
                    [
                        0.0,
                        0.0,
                        0.0,
                        0.0,
                        0.0,
                        2.0
                    ]
                ],
                "mui": [
                    0.0,
                    0.0,
                    0.0,
                    0.0,
                    0.0,
                    1.0
                ],
                "Ai": [
                    [
                        0.0,
                        0.0,
                        0.0,
                        0.0,
                        0.0,
                        0.0
                    ],
                    [
                        -0.8592390113537465,
                        0.0,
                        0.0,
                        0.0,
                        0.0,
                        0.0
                    ],
                    [
                        -0.7087251095326916,
                        -0.9130298302277049,
                        0.0,
                        0.0,
                        0.0,
                        0.0
                    ],
                    [
                        0.584211981465046,
                        -0.9765023978221937,
                        -0.7882334505262847,
                        0.0,
                        0.0,
                        0.0
                    ],
                    [
                        -0.833884615710416,
                        0.0,
                        -0.0,
                        -0.6445421265299922,
                        0.0,
                        0.0
                    ],
                    [
                        0.0,
                        0.0,
                        0.0,
                        0.0,
                        0.0,
                        0.0
                    ]
                ]
            },
            "est_params": {
                "mui": [
                    0.009779330099120982,
                    -0.003909221073352686,
                    0.007349779395490608,
                    0.00432393002176751,
                    -0.009987841627964575,
                    0.985452596446134
                ],
                "Si": [
                    [
                        0.9994336862709495,
                        -0.8550406548191861,
                        0.08153944348073973,
                        1.35245020115714,
                        -1.7008034701488968,
                        0.00032453511469149234
                    ],
                    [
                        -0.8550406548191861,
                        1.7142593751867845,
                        -0.9657247475700927,
                        -1.4202777109675455,
                        1.6184418279262018,
                        -0.014548715747873274
                    ],
                    [
                        0.08153944348073976,
                        -0.9657247475700927,
                        1.8146847678339937,
                        -0.43844262620670543,
                        0.22238058485337356,
                        0.006924454109115683
                    ],
                    [
                        1.35245020115714,
                        -1.4202777109675455,
                        -0.4384426262067053,
                        3.501076637663535,
                        -3.386595657030983,
                        -0.003102481349955714
                    ],
                    [
                        -1.7008034701488968,
                        1.6184418279262023,
                        0.22238058485337361,
                        -3.386595657030983,
                        4.583025349390277,
                        -0.00046229954912990425
                    ],
                    [
                        0.0003245351146915338,
                        -0.014548715747873229,
                        0.006924454109115675,
                        -0.0031024813499557257,
                        -0.0004622995491299098,
                        1.9519678519649135
                    ]
                ]
            },
            "est_tgt": [
                3,
                5
            ],
            "oracle_est_tgt": [
                3,
                5
            ]
        },
        "obs": {
            "intv_type": "obs",
            "true_params": {
                "Si": [
                    [
                        1.0,
                        -0.8592390113537465,
                        0.0757857391286405,
                        1.3635240817002974,
                        -1.7127333269043805,
                        3.7860853389852585
                    ],
                    [
                        -0.8592390113537465,
                        1.7382916786321636,
                        -0.978147893791311,
                        -1.4284148282255706,
                        1.6371797237375993,
                        -4.671116143364934
                    ],
                    [
                        0.0757857391286405,
                        -0.978147893791311,
                        1.839366949140906,
                        -0.4504118565702618,
                        0.2271128538985021,
                        1.034708220712419
                    ],
                    [
                        1.3635240817002974,
                        -1.4284148282255706,
                        -0.4504118565702618,
                        3.546467302254812,
                        -3.422869331544952,
                        7.335683235932214
                    ],
                    [
                        -1.7127333269043805,
                        1.6371797237375993,
                        0.2271128538985021,
                        -3.422869331544952,
                        4.634405449908358,
                        -8.565524421791416
                    ],
                    [
                        3.7860853389852585,
                        -4.671116143364934,
                        1.034708220712419,
                        7.335683235932214,
                        -8.565524421791416,
                        20.00581201913083
                    ]
                ],
                "mui": [
                    0.0,
                    0.0,
                    0.0,
                    0.0,
                    0.0,
                    0.0
                ],
                "Ai": [
                    [
                        0.0,
