{
    "expt_args": {
        "save_dir": "all_expt_logs/expt_logs_11.05.24-hard_var_shift-corr",
        "exp_name": "410",
        "num_nodes": 6,
        "obs_noise_mean": 0.0,
        "obs_noise_var": 1.0,
        "max_edge_strength": 1.0,
        "graph_sparsity_method": "adj_dense_prop",
        "adj_dense_prop": 0.8,
        "num_parents": null,
        "new_noise_mean": 1.0,
        "mix_samples": 4096,
        "stage2_samples": 4096,
        "gmm_tol": 0.001,
        "intv_type": "hard",
        "new_noise_var": 0.5,
        "intv_targets": [
            0,
            1,
            2,
            3,
            4,
            5
        ]
    },
    "intv_args_dict": {
        "0": {
            "intv_type": "hard",
            "inode": 0,
            "new_mui": 1.0,
            "new_vari": 0.5,
            "true_params": {
                "Si": [
                    [
                        0.5,
                        0.3273025092745482,
                        0.0,
                        0.1392893663041006,
                        0.04399974354531001,
                        -0.7891952446672764
                    ],
                    [
                        0.3273025092745482,
                        1.2142538651548314,
                        0.0,
                        -0.5884707956001667,
                        0.11777551144063911,
                        -0.731341030185233
                    ],
                    [
                        0.0,
                        0.0,
                        1.0,
                        0.6357873546191655,
                        -0.2708798274930609,
                        -1.5006250938651744
                    ],
                    [
                        0.1392893663041006,
                        -0.5884707956001667,
                        0.6357873546191655,
                        1.9049531644910234,
                        0.5153187434390573,
                        -1.331623916731449
                    ],
                    [
                        0.04399974354531001,
                        0.11777551144063911,
                        -0.2708798274930609,
                        0.5153187434390573,
                        1.626497822769049,
                        0.6136608883155784
                    ],
                    [
                        -0.7891952446672764,
                        -0.731341030185233,
                        -1.5006250938651744,
                        -1.331623916731449,
                        0.6136608883155784,
                        4.90532745955195
                    ]
                ],
                "mui": [
                    1.0,
                    0.6546050185490964,
                    0.0,
                    0.2785787326082012,
                    0.08799948709062003,
                    -1.5783904893345528
                ],
                "Ai": [
                    [
                        0.0,
                        0.0,
                        0.0,
                        0.0,
                        0.0,
                        0.0
                    ],
                    [
                        0.6546050185490964,
                        0.0,
                        0.0,
                        0.0,
                        0.0,
                        0.0
                    ],
                    [
                        0.0,
                        -0.0,
                        0.0,
                        0.0,
                        0.0,
                        0.0
                    ],
                    [
                        0.7234812388888912,
                        -0.6796503138133543,
                        0.6357873546191655,
                        0.0,
                        0.0,
                        0.0
                    ],
                    [
                        -0.5025468570011373,
                        0.5890284184994932,
                        -0.738662844781393,
                        0.7357538867197706,
                        0.0,
                        0.0
                    ],
                    [
                        -0.9572691349022358,
                        -0.7268742038217432,
                        -0.9241199890570816,
                        -0.6855822112186969,
                        0.5191254205409661,
                        0.0
                    ]
                ]
            },
            "est_params": {
                "mui": [
                    0.5791581547224609,
                    0.35172871279182866,
                    0.4372631654583785,
                    0.6503405646874276,
                    0.03311680911591718,
                    -1.6441186097964475
                ],
                "Si": [
                    [
                        0.8142644855620951,
                        0.5386317253374343,
                        -0.42507819361436194,
                        -0.12142042005666616,
                        0.07057520813225954,
                        -0.5697081027549881
                    ],
                    [
                        0.5386317253374343,
                        1.3211675493802162,
                        -0.28946999418106945,
                        -0.7799836005988606,
                        0.07764423516787929,
                        -0.5024682805214012
                    ],
                    [
                        -0.42507819361436194,
                        -0.28946999418106945,
                        0.7660682773631491,
                        0.337835388925413,
                        -0.16056610936363946,
                        -0.1670341816952298
                    ],
                    [
                        -0.12142042005666616,
                        -0.7799836005988606,
                        0.337835388925413,
                        1.5215867576342241,
                        0.6097177393141353,
                        -0.1590285528372902
                    ],
                    [
                        0.07057520813225956,
                        0.07764423516787929,
                        -0.16056610936363944,
                        0.6097177393141353,
                        1.4000428359480461,
                        0.21132331628053316
                    ],
                    [
                        -0.5697081027549881,
                        -0.5024682805214012,
                        -0.16703418169522974,
                        -0.1590285528372902,
                        0.2113233162805331,
                        1.5527608556817123
                    ]
                ]
            },
            "est_tgt": [
                0,
                3,
                5
            ],
            "oracle_est_tgt": [
                0
            ]
        },
        "1": {
            "intv_type": "hard",
            "inode": 1,
            "new_mui": 1.0,
            "new_vari": 0.5,
            "true_params": {
                "Si": [
                    [
                        1.0,
                        0.0,
                        0.0,
                        0.7234812388888912,
                        0.02975727648019919,
                        -1.4378272437679869
                    ],
                    [
                        0.0,
                        0.5,
                        0.0,
                        -0.33982515690667714,
                        0.04448652925050298,
                        -0.10736493120547591
                    ],
                    [
                        0.0,
                        0.0,
                        1.0,
                        0.6357873546191655,
                        -0.2708798274930609,
                        -1.5006250938651744
                    ],
                    [
                        0.7234812388888912,
                        -0.33982515690667714,
                        0.6357873546191655,
                        2.158612937851137,
                        0.554825465466544,
                        -2.2249825505074337
                    ],
                    [
                        0.02975727648019919,
                        0.04448652925050298,
                        -0.2708798274930609,
                        0.554825465466544,
                        1.6195532608389502,
                        0.6498764285421896
                    ],
                    [
                        -1.4378272437679869,
                        -0.10736493120547591,
                        -1.5006250938651744,
                        -2.2249825505074337,
                        0.6498764285421896,
                        5.703961917156998
                    ]
                ],
                "mui": [
                    0.0,
                    1.0,
                    0.0,
                    -0.6796503138133543,
                    0.08897305850100597,
                    -0.21472986241095182
                ],
                "Ai": [
                    [
                        0.0,
                        0.0,
                        0.0,
                        0.0,
                        0.0,
                        0.0
                    ],
                    [
                        0.0,
                        0.0,
                        0.0,
                        0.0,
                        0.0,
                        0.0
                    ],
                    [
                        0.0,
                        -0.0,
                        0.0,
                        0.0,
                        0.0,
                        0.0
                    ],
                    [
                        0.7234812388888912,
                        -0.6796503138133543,
                        0.6357873546191655,
                        0.0,
                        0.0,
                        0.0
                    ],
                    [
                        -0.5025468570011373,
                        0.5890284184994932,
                        -0.738662844781393,
                        0.7357538867197706,
                        0.0,
                        0.0
                    ],
                    [
                        -0.9572691349022358,
                        -0.7268742038217432,
                        -0.9241199890570816,
                        -0.6855822112186969,
                        0.5191254205409661,
                        0.0
                    ]
                ]
            },
            "est_params": {
                "mui": [
                    -0.56748834310496,
                    0.4579872606197509,
                    -0.02165088612804113,
                    -1.3344432761235856,
                    -0.7815692426656684,
                    0.7165015720499553
                ],
                "Si": [
                    [
                        0.7365211828251976,
                        0.34342278931387266,
                        -0.3798703732440875,
                        -0.13881921293636307,
                        0.04923688298485271,
                        -0.26760786539174547
                    ],
                    [
                        0.34342278931387266,
                        1.2599440151980315,
                        -0.2649798172396391,
                        -0.7593001906796704,
                        0.29850911815937176,
                        -0.23049551117311448
                    ],
                    [
                        -0.3798703732440875,
                        -0.2649798172396391,
                        0.9691776277681983,
                        0.44329560280665753,
                        -0.33338646013517764,
                        -0.5110386809207367
                    ],
                    [
                        -0.13881921293636307,
                        -0.7593001906796704,
                        0.44329560280665753,
                        1.5601673365203594,
                        0.3923476365879166,
                        -0.38922467844271447
                    ],
                    [
                        0.0492368829848527,
                        0.29850911815937176,
                        -0.3333864601351776,
                        0.3923476365879166,
                        1.5982169853079007,
                        0.4511886671690112
                    ],
                    [
                        -0.2676078653917455,
                        -0.23049551117311448,
                        -0.5110386809207367,
                        -0.38922467844271436,
                        0.4511886671690112,
                        1.8219781795039816
                    ]
                ]
            },
            "est_tgt": [
                0,
                1,
                4,
                5
            ],
            "oracle_est_tgt": [
                1
            ]
        },
        "2": {
            "intv_type": "hard",
            "inode": 2,
            "new_mui": 1.0,
            "new_vari": 0.5,
            "true_params": {
                "Si": [
                    [
                        1.0,
                        0.6546050185490964,
                        0.0,
                        0.2785787326082012,
                        0.08799948709062003,
                        -1.5783904893345528
                    ],
                    [
                        0.6546050185490964,
                        1.4285077303096627,
                        0.0,
                        -0.497291277386979,
                        0.14657796438027226,
                        -1.2479521979595143
                    ],
                    [
                        0.0,
                        0.0,
                        0.5,
                        0.31789367730958273,
                        -0.13543991374653044,
                        -0.7503125469325872
                    ],
                    [
                        0.2785787326082012,
                        -0.497291277386979,
                        0.31789367730958273,
                        1.7416434394750009,
                        0.6136871207017501,
                        -1.0744376984194401
                    ],
                    [
                        0.08799948709062003,
                        0.14657796438027226,
                        -0.13543991374653044,
                        0.6136871207017501,
                        1.59368183716182,
                        0.3409675782915233
                    ],
                    [
                        -1.5783904893345528,
                        -1.2479521979595143,
                        -0.7503125469325872,
                        -1.0744376984194401,
                        0.3409675782915233,
                        5.0250478917939025
                    ]
                ],
                "mui": [
                    0.0,
                    0.0,
                    1.0,
                    0.6357873546191655,
                    -0.2708798274930609,
                    -1.5006250938651744
                ],
                "Ai": [
                    [
                        0.0,
                        0.0,
                        0.0,
                        0.0,
                        0.0,
                        0.0
                    ],
                    [
                        0.6546050185490964,
                        0.0,
                        0.0,
                        0.0,
                        0.0,
                        0.0
                    ],
                    [
                        0.0,
                        0.0,
                        0.0,
                        0.0,
                        0.0,
                        0.0
                    ],
                    [
                        0.7234812388888912,
                        -0.6796503138133543,
                        0.6357873546191655,
                        0.0,
                        0.0,
                        0.0
                    ],
                    [
                        -0.5025468570011373,
                        0.5890284184994932,
                        -0.738662844781393,
                        0.7357538867197706,
                        0.0,
                        0.0
                    ],
                    [
                        -0.9572691349022358,
                        -0.7268742038217432,
                        -0.9241199890570816,
                        -0.6855822112186969,
                        0.5191254205409661,
                        0.0
                    ]
                ]
            },
            "est_params": {
                "mui": [
                    0.9361141751585617,
                    0.7916399213372156,
                    1.0510265051291507,
                    0.9403088929744212,
                    -0.2739053106728989,
                    -3.8654882755325586
                ],
                "Si": [
                    [
                        0.7372783829610324,
                        0.3664862754856493,
                        -0.08710639073851369,
                        0.3403387524307992,
                        0.2996386879849545,
                        -0.8945620753097382
                    ],
                    [
                        0.3664862754856493,
                        1.152980907447946,
                        -0.10769284668012459,
                        -0.5587990714249806,
                        0.3710576135841426,
                        -0.44826618005481583
                    ],
                    [
                        -0.08710639073851369,
                        -0.10769284668012456,
                        0.591450489423711,
                        0.25434923650125224,
                        -0.13165956214155436,
                        -0.5157287024067965
                    ],
                    [
                        0.3403387524307992,
                        -0.5587990714249806,
                        0.25434923650125224,
                        1.7491913812869548,
                        0.5297885544928836,
                        -0.9711814591374932
                    ],
                    [
                        0.2996386879849545,
                        0.3710576135841426,
                        -0.13165956214155436,
                        0.5297885544928836,
                        1.5889510202961956,
                        -0.034999973645618264
                    ],
                    [
                        -0.8945620753097382,
                        -0.44826618005481583,
                        -0.5157287024067965,
                        -0.9711814591374932,
                        -0.03499997364561828,
                        2.6744115860114173
                    ]
                ]
            },
            "est_tgt": [
                0,
                1,
                4,
                5
            ],
            "oracle_est_tgt": [
                2,
                4,
                5
            ]
        },
        "3": {
            "intv_type": "hard",
            "inode": 3,
            "new_mui": 1.0,
            "new_vari": 0.5,
            "true_params": {
                "Si": [
                    [
                        1.0,
                        0.6546050185490964,
                        0.0,
                        0.0,
                        -0.11696589818333171,
                        -1.4938046076612015
                    ],
                    [
                        0.6546050185490964,
                        1.4285077303096627,
                        0.0,
                        0.0,
                        0.5124619545495817,
                        -1.3989465712644
                    ],
                    [
                        0.0,
                        0.0,
                        1.0,
                        0.0,
                        -0.738662844781393,
                        -1.3075786489922085
                    ],
                    [
                        0.0,
                        0.0,
                        0.0,
                        0.5,
                        0.3678769433598853,
                        -0.1518168326803228
                    ],
                    [
                        -0.11696589818333171,
                        0.5124619545495817,
                        -0.738662844781393,
                        0.3678769433598853,
                        2.1769251883100122,
                        1.2999728845837246
                    ],
                    [
                        -1.4938046076612015,
                        -1.3989465712644,
                        -1.3075786489922085,
                        -0.1518168326803228,
                        1.2999728845837246,
                        5.434122676714307
                    ]
                ],
                "mui": [
                    0.0,
                    0.0,
                    0.0,
                    1.0,
                    0.7357538867197706,
                    -0.3036336653606456
                ],
                "Ai": [
                    [
                        0.0,
                        0.0,
                        0.0,
                        0.0,
                        0.0,
                        0.0
                    ],
                    [
                        0.6546050185490964,
                        0.0,
                        0.0,
                        0.0,
                        0.0,
                        0.0
                    ],
                    [
                        0.0,
                        -0.0,
                        0.0,
                        0.0,
                        0.0,
                        0.0
                    ],
                    [
                        0.0,
                        0.0,
                        0.0,
                        0.0,
                        0.0,
                        0.0
                    ],
                    [
                        -0.5025468570011373,
                        0.5890284184994932,
                        -0.738662844781393,
                        0.7357538867197706,
                        0.0,
                        0.0
                    ],
                    [
                        -0.9572691349022358,
                        -0.7268742038217432,
                        -0.9241199890570816,
                        -0.6855822112186969,
                        0.5191254205409661,
                        0.0
                    ]
                ]
            },
            "est_params": {
                "mui": [
                    0.13593234565402265,
                    0.1614374585559247,
                    0.1584277537249668,
                    1.0754792340170758,
                    1.0066816452385223,
                    -0.5028177228195236
                ],
                "Si": [
                    [
                        0.8787707142224891,
                        0.5109285606112912,
                        -0.06733969049853346,
                        -0.013660296014578023,
                        -0.04195817811752988,
                        -0.961681893273338
                    ],
                    [
                        0.5109285606112912,
                        1.3874614464657342,
                        -0.12063126396544863,
                        -0.10959494199943925,
                        0.522018368651575,
                        -0.9007602366101077
                    ],
                    [
                        -0.06733969049853347,
                        -0.12063126396544863,
                        1.0527560895014916,
                        -0.057151589778276786,
                        -0.79867858554804,
                        -1.2193040293709427
                    ],
                    [
                        -0.013660296014578023,
                        -0.10959494199943925,
                        -0.0571515897782768,
                        0.48572625506330785,
                        0.3281140157273315,
                        -0.049142511738893495
                    ],
                    [
                        -0.04195817811752986,
                        0.5220183686515749,
                        -0.79867858554804,
                        0.32811401572733145,
                        2.11835437067337,
                        1.2524488382679766
                    ],
                    [
                        -0.9616818932733381,
                        -0.9007602366101077,
                        -1.2193040293709427,
                        -0.049142511738893495,
                        1.2524488382679766,
                        3.9424041323536447
                    ]
                ]
            },
            "est_tgt": [
                2,
                3,
                4,
                5
            ],
            "oracle_est_tgt": [
                2,
                3,
                4,
                5
            ]
        },
        "4": {
            "intv_type": "hard",
            "inode": 4,
            "new_mui": 1.0,
            "new_vari": 0.5,
            "true_params": {
                "Si": [
                    [
                        1.0,
                        0.6546050185490964,
                        0.0,
                        0.2785787326082012,
                        0.0,
                        -1.6240732600778602
                    ],
                    [
                        0.6546050185490964,
                        1.4285077303096627,
                        0.0,
                        -0.497291277386979,
                        0.0,
                        -1.3240445453604615
                    ],
                    [
                        0.0,
                        0.0,
                        1.0,
                        0.6357873546191655,
                        0.0,
                        -1.3600044895017749
                    ],
                    [
                        0.2785787326082012,
                        -0.497291277386979,
                        0.6357873546191655,
                        1.943756219621819,
                        0.0,
                        -1.8253551113595718
                    ],
                    [
                        0.0,
                        0.0,
                        0.0,
                        0.0,
                        0.5,
                        0.25956271027048305
                    ],
                    [
                        -1.6240732600778602,
                        -1.3240445453604615,
                        -1.3600044895017749,
                        -1.8253551113595718,
                        0.25956271027048305,
                        6.16007295801312
                    ]
                ],
                "mui": [
                    0.0,
                    0.0,
                    0.0,
                    0.0,
                    1.0,
                    0.5191254205409661
                ],
                "Ai": [
                    [
                        0.0,
                        0.0,
                        0.0,
                        0.0,
                        0.0,
                        0.0
                    ],
                    [
                        0.6546050185490964,
                        0.0,
                        0.0,
                        0.0,
                        0.0,
                        0.0
                    ],
                    [
                        0.0,
                        -0.0,
                        0.0,
                        0.0,
                        0.0,
                        0.0
                    ],
                    [
                        0.7234812388888912,
                        -0.6796503138133543,
                        0.6357873546191655,
                        0.0,
                        0.0,
                        0.0
                    ],
                    [
                        0.0,
                        0.0,
                        0.0,
                        0.0,
                        0.0,
                        0.0
                    ],
                    [
                        -0.9572691349022358,
                        -0.7268742038217432,
                        -0.9241199890570816,
                        -0.6855822112186969,
                        0.5191254205409661,
                        0.0
                    ]
                ]
            },
            "est_params": {
                "mui": [
                    0.37127553847471334,
                    0.48815850986246584,
                    -0.28918552820228044,
                    -0.5099152349035891,
                    0.5949907344334128,
                    0.3371034307295989
                ],
                "Si": [
                    [
                        0.7020221298677057,
                        0.41975624024439373,
                        -0.23968636235464222,
                        -0.09298125928802159,
                        -0.014259877977493217,
                        -0.46440266129445823
                    ],
                    [
                        0.41975624024439373,
                        1.138093649152298,
                        -0.16712464667152985,
                        -0.6453281857396117,
                        0.07121340482237334,
                        -0.3270270020951737
                    ],
                    [
                        -0.23968636235464227,
                        -0.16712464667152982,
                        0.7073179539171967,
                        0.22718272915239734,
                        0.036992130972996425,
                        -0.3263122897966859
                    ],
                    [
                        -0.0929812592880216,
                        -0.6453281857396117,
                        0.22718272915239734,
                        1.0123920019729145,
                        0.08459215082135732,
                        -0.1682454706633966
                    ],
                    [
                        -0.014259877977493224,
                        0.07121340482237334,
                        0.036992130972996425,
                        0.0845921508213573,
                        0.7170584605482757,
                        0.07148901860919886
                    ],
                    [
                        -0.46440266129445823,
                        -0.32702700209517366,
                        -0.3263122897966859,
                        -0.16824547066339662,
                        0.07148901860919886,
                        1.5517220391417343
                    ]
                ]
            },
            "est_tgt": [
                0,
                1,
                2,
                3,
                4,
                5
            ],
            "oracle_est_tgt": [
                2,
                3,
                4
            ]
        },
        "5": {
            "intv_type": "hard",
            "inode": 5,
            "new_mui": 1.0,
            "new_vari": 0.5,
            "true_params": {
                "Si": [
                    [
                        1.0,
                        0.6546050185490964,
                        0.0,
                        0.2785787326082012,
                        0.08799948709062003,
                        0.0
                    ],
                    [
                        0.6546050185490964,
                        1.4285077303096627,
                        0.0,
                        -0.497291277386979,
                        0.14657796438027226,
                        0.0
                    ],
                    [
                        0.0,
                        0.0,
                        1.0,
                        0.6357873546191655,
                        -0.2708798274930609,
                        0.0
                    ],
                    [
                        0.2785787326082012,
                        -0.497291277386979,
                        0.6357873546191655,
                        1.943756219621819,
                        0.5275761362309956,
                        0.0
                    ],
                    [
                        0.08799948709062003,
                        0.14657796438027226,
                        -0.2708798274930609,
                        0.5275761362309956,
                        1.6303697776331552,
                        0.0
                    ],
                    [
                        0.0,
                        0.0,
                        0.0,
                        0.0,
                        0.0,
                        0.5
                    ]
                ],
                "mui": [
                    0.0,
                    0.0,
                    0.0,
                    0.0,
                    0.0,
                    1.0
                ],
                "Ai": [
                    [
                        0.0,
                        0.0,
                        0.0,
                        0.0,
                        0.0,
                        0.0
                    ],
                    [
                        0.6546050185490964,
                        0.0,
                        0.0,
                        0.0,
                        0.0,
                        0.0
                    ],
                    [
                        0.0,
                        -0.0,
                        0.0,
                        0.0,
                        0.0,
                        0.0
                    ],
                    [
                        0.7234812388888912,
                        -0.6796503138133543,
                        0.6357873546191655,
                        0.0,
                        0.0,
                        0.0
                    ],
                    [
                        -0.5025468570011373,
                        0.5890284184994932,
                        -0.738662844781393,
                        0.7357538867197706,
                        0.0,
                        0.0
                    ],
                    [
                        0.0,
                        0.0,
                        0.0,
                        0.0,
                        0.0,
                        0.0
                    ]
                ]
            },
            "est_params": {
                "mui": [
                    0.05923372884951908,
                    -0.06516855812223642,
                    0.0210327522688892,
                    0.18153278250266758,
                    0.022036429958438873,
                    1.0663878186123916
                ],
                "Si": [
                    [
                        1.020945136415216,
                        0.727135602207398,
                        -0.013914229768644933,
                        0.11241654090734902,
                        0.08308803790461503,
                        -0.03862764378270103
                    ],
                    [
                        0.727135602207398,
                        1.5329954116632174,
                        -0.04605285376657781,
                        -0.5683566945359867,
                        0.2997355232951273,
                        -0.08188606610522642
                    ],
                    [
                        -0.013914229768644959,
                        -0.046052853766577806,
                        1.034667693948078,
                        0.6802542269579362,
                        -0.3842111609750219,
                        -0.022793641546055038
                    ],
                    [
                        0.11241654090734905,
                        -0.5683566945359867,
                        0.6802542269579362,
                        1.6971949978107566,
                        0.19991737407015842,
                        0.07786296764269618
                    ],
                    [
                        0.08308803790461503,
                        0.2997355232951273,
                        -0.3842111609750219,
                        0.19991737407015844,
                        1.45613612750439,
                        0.10428784357655875
                    ],
                    [
                        -0.03862764378270102,
                        -0.08188606610522642,
                        -0.02279364154605504,
                        0.07786296764269618,
                        0.10428784357655872,
                        0.6449439214567311
                    ]
                ]
            },
            "est_tgt": [
                2,
                3,
                5
            ],
            "oracle_est_tgt": [
                2,
                3,
                5
            ]
        },
        "obs": {
            "intv_type": "obs",
            "true_params": {
                "Si": [
                    [
                        1.0,
                        0.6546050185490964,
                        0.0,
                        0.2785787326082012,
                        0.08799948709062003,
                        -1.5783904893345528
                    ],
                    [
                        0.6546050185490964,
                        1.4285077303096627,
                        0.0,
                        -0.497291277386979,
                        0.14657796438027226,
                        -1.2479521979595143
                    ],
                    [
                        0.0,
                        0.0,
                        1.0,
                        0.6357873546191655,
                        -0.2708798274930609,
                        -1.5006250938651744
                    ],
                    [
                        0.2785787326082012,
                        -0.497291277386979,
                        0.6357873546191655,
                        1.943756219621819,
                        0.5275761362309956,
                        -1.551476927771278
                    ],
                    [
                        0.08799948709062003,
                        0.14657796438027226,
                        -0.2708798274930609,
                        0.5275761362309956,
                        1.6303697776331552,
                        0.5442121115705016
                    ],
                    [
                        -1.5783904893345528,
                        -1.2479521979595143,
                        -1.5006250938651744,
                        -1.551476927771278,
                        0.5442121115705016,
                        6.150985727962834
                    ]
                ],
                "mui": [
                    0.0,
                    0.0,
                    0.0,
                    0.0,
                    0.0,
                    0.0
                ],
                "Ai": [
                    [
                        0.0,
                        0.0,
                        0.0,
                        0.0,
                        0.0,
                        0.0
                    ],
                    [
                        0.6546050185490964,
                        0.0,
                        0.0,
                        0.0,
                        0.0,
                        0.0
                    ],
                    [
