{
    "expt_args": {
        "save_dir": "all_expt_logs/expt_logs_11.05.24-hard_var_shift-corr",
        "exp_name": "109",
        "num_nodes": 6,
        "obs_noise_mean": 0.0,
        "obs_noise_var": 1.0,
        "max_edge_strength": 1.0,
        "graph_sparsity_method": "adj_dense_prop",
        "adj_dense_prop": 0.8,
        "num_parents": null,
        "new_noise_mean": 1.0,
        "mix_samples": 32768,
        "stage2_samples": 32768,
        "gmm_tol": 0.001,
        "intv_type": "hard",
        "new_noise_var": 8.0,
        "intv_targets": [
            0,
            1,
            2,
            3,
            4,
            5
        ]
    },
    "intv_args_dict": {
        "0": {
            "intv_type": "hard",
            "inode": 0,
            "new_mui": 1.0,
            "new_vari": 8.0,
            "true_params": {
                "Si": [
                    [
                        8.0,
                        0.0,
                        -4.7192625263364185,
                        -6.375698679878363,
                        -15.593900028306633,
                        -14.695303288978067
                    ],
                    [
                        0.0,
                        1.0,
                        -0.6987280188387341,
                        0.680059842901655,
                        -0.7068897293961363,
                        -1.5438525947968855
                    ],
                    [
                        -4.7192625263364185,
                        -0.6987280188387341,
                        4.272150693370701,
                        3.2858976156728628,
                        10.297581875540686,
                        9.685169337773582
                    ],
                    [
                        -6.375698679878363,
                        0.680059842901655,
                        3.2858976156728628,
                        6.543673097002762,
                        12.88409732136386,
                        11.048902712423095
                    ],
                    [
                        -15.593900028306633,
                        -0.7068897293961363,
                        10.297581875540686,
                        12.88409732136386,
                        33.139670590713294,
                        31.02185952805729
                    ],
                    [
                        -14.695303288978067,
                        -1.5438525947968855,
                        9.685169337773582,
                        11.048902712423095,
                        31.02185952805729,
                        31.454440755796355
                    ]
                ],
                "mui": [
                    1.0,
                    0.0,
                    -0.5899078157920523,
                    -0.7969623349847954,
                    -1.9492375035383291,
                    -1.8369129111222584
                ],
                "Ai": [
                    [
                        0.0,
                        0.0,
                        0.0,
                        0.0,
                        0.0,
                        0.0
                    ],
                    [
                        0.0,
                        0.0,
                        0.0,
                        0.0,
                        0.0,
                        0.0
                    ],
                    [
                        -0.5899078157920523,
                        -0.6987280188387341,
                        0.0,
                        0.0,
                        0.0,
                        0.0
                    ],
                    [
                        -0.7969623349847954,
                        0.680059842901655,
                        0.0,
                        0.0,
                        0.0,
                        0.0
                    ],
                    [
                        -0.8457109545315713,
                        -0.9216387597723623,
                        0.6046947100042841,
                        0.9370736616070696,
                        0.0,
                        0.0
                    ],
                    [
                        -0.7525935767316259,
                        -0.9652965411370326,
                        -0.6434285371987466,
                        -0.5131285250431505,
                        0.9607997801467948,
                        0.0
                    ]
                ]
            },
            "est_params": {
                "mui": [
                    0.792117683951188,
                    0.019686993624298228,
                    -0.5137645275371043,
                    -0.6039487471426589,
                    -1.6002065070060412,
                    -1.5270772737561857
                ],
                "Si": [
                    [
                        7.268970034052996,
                        -0.048633294216637195,
                        -4.241614616273636,
                        -5.842629273303488,
                        -14.099206403872888,
                        -13.246532337806633
                    ],
                    [
                        -0.048633294216637174,
                        0.9641077493478477,
                        -0.6658465824805615,
                        0.6811232867241708,
                        -0.6061137318699131,
                        -1.3959243693178796
                    ],
                    [
                        -4.241614616273636,
                        -0.6658465824805615,
                        3.9230619516712224,
                        2.9653428605683736,
                        9.27006731426271,
                        8.703931740074074
                    ],
                    [
                        -5.842629273303488,
                        0.6811232867241708,
                        2.9653428605683736,
                        6.12799415052216,
                        11.830350863563284,
                        10.04934701340766
                    ],
                    [
                        -14.099206403872888,
                        -0.606113731869913,
                        9.27006731426271,
                        11.830350863563284,
                        30.027719321421174,
                        27.991247545987907
                    ],
                    [
                        -13.246532337806634,
                        -1.3959243693178796,
                        8.703931740074074,
                        10.04934701340766,
                        27.991247545987907,
                        28.39249397688201
                    ]
                ]
            },
            "est_tgt": [
                0
            ],
            "oracle_est_tgt": [
                0
            ]
        },
        "1": {
            "intv_type": "hard",
            "inode": 1,
            "new_mui": 1.0,
            "new_vari": 8.0,
            "true_params": {
                "Si": [
                    [
                        1.0,
                        0.0,
                        -0.5899078157920523,
                        -0.7969623349847954,
                        -1.9492375035383291,
                        -1.8369129111222584
                    ],
                    [
                        0.0,
                        8.0,
                        -5.589824150709873,
                        5.44047874321324,
                        -5.65511783516909,
                        -12.350820758375084
                    ],
                    [
                        -0.5899078157920523,
                        -5.589824150709873,
                        5.253757985614969,
                        -3.3312806234802186,
                        5.705954429443822,
                        9.651035809961385
                    ],
                    [
                        -0.7969623349847954,
                        5.44047874321324,
                        -3.3312806234802186,
                        5.335000082803806,
                        -1.355276012708529,
                        -6.548135178825072
                    ],
                    [
                        -1.9492375035383291,
                        -5.65511783516909,
                        5.705954429443822,
                        -1.355276012708529,
                        10.040834300991126,
                        13.597137569148815
                    ],
                    [
                        -1.8369129111222584,
                        -12.350820758375084,
                        9.651035809961385,
                        -6.548135178825072,
                        13.597137569148815,
                        24.51906329569034
                    ]
                ],
                "mui": [
                    0.0,
                    1.0,
                    -0.6987280188387341,
                    0.680059842901655,
                    -0.7068897293961363,
                    -1.5438525947968855
                ],
                "Ai": [
                    [
                        0.0,
                        0.0,
                        0.0,
                        0.0,
                        0.0,
                        0.0
                    ],
                    [
                        0.0,
                        0.0,
                        0.0,
                        0.0,
                        0.0,
                        0.0
                    ],
                    [
                        -0.5899078157920523,
                        -0.6987280188387341,
                        0.0,
                        0.0,
                        0.0,
                        0.0
                    ],
                    [
                        -0.7969623349847954,
                        0.680059842901655,
                        0.0,
                        0.0,
                        0.0,
                        0.0
                    ],
                    [
                        -0.8457109545315713,
                        -0.9216387597723623,
                        0.6046947100042841,
                        0.9370736616070696,
                        0.0,
                        0.0
                    ],
                    [
                        -0.7525935767316259,
                        -0.9652965411370326,
                        -0.6434285371987466,
                        -0.5131285250431505,
                        0.9607997801467948,
                        0.0
                    ]
                ]
            },
            "est_params": {
                "mui": [
                    0.007946664021042164,
                    0.7970569526256174,
                    -0.5979438149829575,
                    0.5114644020185245,
                    -0.6107221258667062,
                    -1.2116809453669528
                ],
                "Si": [
                    [
                        0.9606387481961678,
                        0.01919365223762548,
                        -0.5802566801245521,
                        -0.7493501532367653,
                        -1.8794594104843685,
                        -1.768668663804539
                    ],
                    [
                        0.019193652237625494,
                        7.007292880291828,
                        -4.974354556693339,
                        4.7405049474609555,
                        -5.069903849517522,
                        -10.886254883390524
                    ],
                    [
                        -0.5802566801245521,
                        -4.974354556693339,
                        4.812611257469184,
                        -2.9032321476795135,
                        5.318759055442724,
                        8.733811755543567
                    ],
                    [
                        -0.7493501532367653,
                        4.7405049474609555,
                        -2.9032321476795135,
                        4.824977515028812,
                        -0.9806918713274456,
                        -5.578442643569239
                    ],
                    [
                        -1.8794594104843685,
                        -5.069903849517521,
                        5.318759055442726,
                        -0.9806918713274457,
                        9.4875443394257,
                        12.459975183906312
                    ],
                    [
                        -1.768668663804539,
                        -10.886254883390524,
                        8.733811755543567,
                        -5.578442643569239,
                        12.459975183906312,
                        22.032238915010172
                    ]
                ]
            },
            "est_tgt": [
                1
            ],
            "oracle_est_tgt": [
                1
            ]
        },
        "2": {
            "intv_type": "hard",
            "inode": 2,
            "new_mui": 1.0,
            "new_vari": 8.0,
            "true_params": {
                "Si": [
                    [
                        1.0,
                        0.0,
                        0.0,
                        -0.7969623349847954,
                        -1.5925233679386934,
                        -1.8737455710600623
                    ],
                    [
                        0.0,
                        1.0,
                        0.0,
                        0.680059842901655,
                        -0.2843725926725799,
                        -1.587479769785824
                    ],
                    [
                        0.0,
                        0.0,
                        8.0,
                        0.0,
                        4.837557680034273,
                        -0.4995039421656049
                    ],
                    [
                        -0.7969623349847954,
                        0.680059842901655,
                        0.0,
                        2.097630353311841,
                        2.0128644227388905,
                        0.800935045639617
                    ],
                    [
                        -1.5925233679386934,
                        -0.2843725926725799,
                        4.837557680034273,
                        2.0128644227388905,
                        7.420351034629126,
                        4.457017566259541
                    ],
                    [
                        -1.8737455710600623,
                        -1.587479769785824,
                        -0.4995039421656049,
                        0.800935045639617,
                        4.457017566259541,
                        8.135271582089171
                    ]
                ],
                "mui": [
                    0.0,
                    0.0,
                    1.0,
                    0.0,
                    0.6046947100042841,
                    -0.06243799277070061
                ],
                "Ai": [
                    [
                        0.0,
                        0.0,
                        0.0,
                        0.0,
                        0.0,
                        0.0
                    ],
                    [
                        0.0,
                        0.0,
                        0.0,
                        0.0,
                        0.0,
                        0.0
                    ],
                    [
                        0.0,
                        0.0,
                        0.0,
                        0.0,
                        0.0,
                        0.0
                    ],
                    [
                        -0.7969623349847954,
                        0.680059842901655,
                        0.0,
                        0.0,
                        0.0,
                        0.0
                    ],
                    [
                        -0.8457109545315713,
                        -0.9216387597723623,
                        0.6046947100042841,
                        0.9370736616070696,
                        0.0,
                        0.0
                    ],
                    [
                        -0.7525935767316259,
                        -0.9652965411370326,
                        -0.6434285371987466,
                        -0.5131285250431505,
                        0.9607997801467948,
                        0.0
                    ]
                ]
            },
            "est_params": {
                "mui": [
                    -0.013177200290993077,
                    -0.007124475713751056,
                    0.8343300434345763,
                    0.01852602821709687,
                    0.5740211762463208,
                    0.020858850049720632
                ],
                "Si": [
                    [
                        0.9193581982520529,
                        0.012358976966703298,
                        -0.07320699131320843,
                        -0.7323442636378725,
                        -1.5135625623385935,
                        -1.722149762460261
                    ],
                    [
                        0.012358976966703296,
                        0.980756375123716,
                        -0.13150400498697165,
                        0.6557270966285864,
                        -0.3886790265591699,
                        -1.571737499446369
                    ],
                    [
                        -0.07320699131320844,
                        -0.13150400498697162,
                        6.866193342816334,
                        -0.017283816243526137,
                        4.322781280276013,
                        -0.13930561787690646
                    ],
                    [
                        -0.7323442636378725,
                        0.6557270966285863,
                        -0.017283816243526144,
                        1.9824762158911966,
                        1.8438747384300491,
                        0.6638785799316669
                    ],
                    [
                        -1.5135625623385935,
                        -0.3886790265591699,
                        4.322781280276013,
                        1.8438747384300491,
                        6.932226754375171,
                        4.383889980812705
                    ],
                    [
                        -1.722149762460261,
                        -1.571737499446369,
                        -0.13930561787690648,
                        0.6638785799316668,
                        4.383889980812705,
                        7.6995429468092
                    ]
                ]
            },
            "est_tgt": [
                2
            ],
            "oracle_est_tgt": [
                2
            ]
        },
        "3": {
            "intv_type": "hard",
            "inode": 3,
            "new_mui": 1.0,
            "new_vari": 8.0,
            "true_params": {
                "Si": [
                    [
                        1.0,
                        0.0,
                        -0.5899078157920523,
                        0.0,
                        -1.202425090131207,
                        -1.5283198159754916
                    ],
                    [
                        0.0,
                        1.0,
                        -0.6987280188387341,
                        0.0,
                        -1.3441558964959186,
                        -1.8071796839121441
                    ],
                    [
                        -0.5899078157920523,
                        -0.6987280188387341,
                        1.8362120754428524,
                        0.0,
                        2.2532140551461417,
                        2.101856891928655
                    ],
                    [
                        0.0,
                        0.0,
                        0.0,
                        8.0,
                        7.496589292856557,
                        3.097693144082191
                    ],
                    [
                        -1.202425090131207,
                        -1.3441558964959186,
                        2.2532140551461417,
                        7.496589292856557,
                        11.6430932419904,
                        8.09263183390706
                    ],
                    [
                        -1.5283198159754916,
                        -1.8071796839121441,
                        2.101856891928655,
                        3.097693144082191,
                        8.09263183390706,
                        8.728157442181248
                    ]
                ],
                "mui": [
                    0.0,
                    0.0,
                    0.0,
                    1.0,
                    0.9370736616070696,
                    0.3872116430102739
                ],
                "Ai": [
                    [
                        0.0,
                        0.0,
                        0.0,
                        0.0,
                        0.0,
                        0.0
                    ],
                    [
                        0.0,
                        0.0,
                        0.0,
                        0.0,
                        0.0,
                        0.0
                    ],
                    [
                        -0.5899078157920523,
                        -0.6987280188387341,
                        0.0,
                        0.0,
                        0.0,
                        0.0
                    ],
                    [
                        0.0,
                        0.0,
                        0.0,
                        0.0,
                        0.0,
                        0.0
                    ],
                    [
                        -0.8457109545315713,
                        -0.9216387597723623,
                        0.6046947100042841,
                        0.9370736616070696,
                        0.0,
                        0.0
                    ],
                    [
                        -0.7525935767316259,
                        -0.9652965411370326,
                        -0.6434285371987466,
                        -0.5131285250431505,
                        0.9607997801467948,
                        0.0
                    ]
                ]
            },
            "est_params": {
                "mui": [
                    -0.02468817405934842,
                    0.012415855712620015,
                    -0.0027934066359162524,
                    1.1349887824432605,
                    1.0624761229257107,
                    0.44262003955582496
                ],
                "Si": [
                    [
                        0.9889176478420209,
                        -0.024613935315848375,
                        -0.5900667081053631,
                        0.02073551593781367,
                        -1.142124658308368,
                        -1.483651770007617
                    ],
                    [
                        -0.02461393531584837,
                        0.9209839788178785,
                        -0.6299438996668114,
                        -0.03248431192063145,
                        -1.231102301001787,
                        -1.6361696924099476
                    ],
                    [
                        -0.5900667081053631,
                        -0.6299438996668114,
                        1.8283253643888284,
                        -0.006506481401787821,
                        2.1577006078232133,
                        2.0081052909335684
                    ],
                    [
                        0.020735515937813694,
                        -0.032484311920631455,
                        -0.006506481401787824,
                        7.797788571866221,
                        7.264027086758759,
                        2.9967644602589814
                    ],
                    [
                        -1.142124658308368,
                        -1.231102301001787,
                        2.1577006078232133,
                        7.264027086758759,
                        11.013887931492222,
                        7.594779236414099
                    ],
                    [
                        -1.483651770007617,
                        -1.6361696924099476,
                        2.0081052909335684,
                        2.9967644602589814,
                        7.594779236414099,
                        8.239280621918294
                    ]
                ]
            },
            "est_tgt": [
                1,
                2,
                3
            ],
            "oracle_est_tgt": [
                3
            ]
        },
        "4": {
            "intv_type": "hard",
            "inode": 4,
            "new_mui": 1.0,
            "new_vari": 8.0,
            "true_params": {
                "Si": [
                    [
                        1.0,
                        0.0,
                        -0.5899078157920523,
                        -0.7969623349847954,
                        0.0,
                        0.035914053731255335
                    ],
                    [
                        0.0,
                        1.0,
                        -0.6987280188387341,
                        0.680059842901655,
                        0.0,
                        -0.8646730982050506
                    ],
                    [
                        -0.5899078157920523,
                        -0.6987280188387341,
                        1.8362120754428524,
                        -0.005042556423039572,
                        0.0,
                        -0.060443197339624666
                    ],
                    [
                        -0.7969623349847954,
                        0.680059842901655,
                        -0.005042556423039572,
                        2.097630353311841,
                        0.0,
                        -1.1297801244901953
                    ],
                    [
                        0.0,
                        0.0,
                        0.0,
                        0.0,
                        8.0,
                        7.686398241174358
                    ],
                    [
                        0.035914053731255335,
                        -0.8646730982050506,
                        -0.060443197339624666,
                        -1.1297801244901953,
                        7.686398241174358,
                        9.811340291950644
                    ]
                ],
                "mui": [
                    0.0,
                    0.0,
                    0.0,
                    0.0,
                    1.0,
                    0.9607997801467948
                ],
                "Ai": [
                    [
                        0.0,
                        0.0,
                        0.0,
                        0.0,
                        0.0,
                        0.0
                    ],
                    [
                        0.0,
                        0.0,
                        0.0,
                        0.0,
                        0.0,
                        0.0
                    ],
                    [
                        -0.5899078157920523,
                        -0.6987280188387341,
                        0.0,
                        0.0,
                        0.0,
                        0.0
                    ],
                    [
                        -0.7969623349847954,
                        0.680059842901655,
                        0.0,
                        0.0,
                        0.0,
                        0.0
                    ],
                    [
                        0.0,
                        0.0,
                        0.0,
                        0.0,
                        0.0,
                        0.0
                    ],
                    [
                        -0.7525935767316259,
                        -0.9652965411370326,
                        -0.6434285371987466,
                        -0.5131285250431505,
                        0.9607997801467948,
                        0.0
                    ]
                ]
            },
            "est_params": {
                "mui": [
                    -0.031875450571495226,
                    -0.0709468952013254,
                    0.06765992790492174,
                    -0.0778363974793669,
                    1.3009688894871798,
                    1.3153733893710615
                ],
                "Si": [
                    [
                        1.0002033465670002,
                        0.0430790989815368,
                        -0.6261037478414404,
                        -0.8387499451292935,
                        0.10594476529322577,
                        0.13460752631543568
                    ],
                    [
                        0.0430790989815368,
                        1.051724583782966,
                        -0.7558907786449862,
                        0.6687789147553943,
                        0.25036579492737127,
                        -0.6733822886210734
                    ],
                    [
                        -0.6261037478414404,
                        -0.7558907786449862,
                        1.885471212440613,
                        0.015955899772478955,
                        -0.26942859343287934,
                        -0.3261406570573812
                    ],
                    [
                        -0.8387499451292935,
                        0.6687789147553942,
                        0.015955899772478948,
                        2.0737401487185507,
                        0.03175236980332512,
                        -1.0096698393047312
                    ],
                    [
                        0.1059447652932258,
                        0.25036579492737127,
                        -0.26942859343287934,
                        0.03175236980332514,
                        7.6972689354167425,
                        7.139530960028839
                    ],
                    [
                        0.13460752631543568,
                        -0.6733822886210735,
                        -0.3261406570573812,
                        -1.0096698393047314,
                        7.139530960028839,
                        9.08445618817643
                    ]
                ]
            },
            "est_tgt": [
                1,
                3,
                4,
                5
            ],
            "oracle_est_tgt": [
                4,
                5
            ]
        },
        "5": {
            "intv_type": "hard",
            "inode": 5,
            "new_mui": 1.0,
            "new_vari": 8.0,
            "true_params": {
                "Si": [
                    [
                        1.0,
                        0.0,
                        -0.5899078157920523,
                        -0.7969623349847954,
                        -1.9492375035383291,
                        0.0
                    ],
                    [
                        0.0,
                        1.0,
                        -0.6987280188387341,
                        0.680059842901655,
                        -0.7068897293961363,
                        0.0
                    ],
                    [
                        -0.5899078157920523,
                        -0.6987280188387341,
                        1.8362120754428524,
                        -0.005042556423039572,
                        2.248488808334944,
                        0.0
                    ],
                    [
                        -0.7969623349847954,
                        0.680059842901655,
                        -0.005042556423039572,
                        2.097630353311841,
                        2.0098152155449798,
                        0.0
                    ],
                    [
                        -1.9492375035383291,
                        -0.7068897293961363,
                        2.248488808334944,
                        2.0098152155449798,
                        6.5429826743109265,
                        0.0
                    ],
                    [
                        0.0,
                        0.0,
                        0.0,
                        0.0,
                        0.0,
                        8.0
                    ]
                ],
                "mui": [
                    0.0,
                    0.0,
                    0.0,
                    0.0,
                    0.0,
                    1.0
                ],
                "Ai": [
                    [
                        0.0,
                        0.0,
                        0.0,
                        0.0,
                        0.0,
                        0.0
                    ],
                    [
                        0.0,
                        0.0,
                        0.0,
                        0.0,
                        0.0,
                        0.0
                    ],
                    [
                        -0.5899078157920523,
                        -0.6987280188387341,
                        0.0,
                        0.0,
                        0.0,
                        0.0
                    ],
                    [
                        -0.7969623349847954,
                        0.680059842901655,
                        0.0,
                        0.0,
                        0.0,
                        0.0
                    ],
                    [
                        -0.8457109545315713,
                        -0.9216387597723623,
                        0.6046947100042841,
                        0.9370736616070696,
                        0.0,
                        0.0
                    ],
                    [
                        0.0,
                        0.0,
                        0.0,
                        0.0,
                        0.0,
                        0.0
                    ]
                ]
            },
            "est_params": {
                "mui": [
                    -0.009696455886013318,
                    -0.03708744771228248,
                    0.034992895349160245,
                    -0.039577738496109294,
                    0.014864980663034549,
                    0.9250247652195536
                ],
                "Si": [
                    [
                        0.951280538746784,
                        0.008316523720843344,
                        -0.5476853345048092,
                        -0.7380786138389067,
                        -1.842982172258327,
                        -0.07763309933993169
                    ],
                    [
                        0.008316523720843348,
                        0.9648276755319279,
                        -0.7007020047542164,
                        0.6678792309841816,
                        -0.686052009507547,
                        -0.08216538398684475
                    ],
                    [
                        -0.5476853345048092,
                        -0.7007020047542164,
                        1.785711267211083,
                        -0.03316246187723025,
                        2.174462382163828,
                        0.1939621158525034
                    ],
                    [
                        -0.7380786138389067,
                        0.6678792309841816,
                        -0.03316246187723024,
                        2.026483431783916,
                        1.9248936146079094,
                        0.007064819999108163
                    ],
                    [
                        -1.842982172258327,
                        -0.686052009507547,
                        2.174462382163828,
                        1.9248936146079094,
                        6.369248093229182,
                        0.24502453886859843
                    ],
                    [
                        -0.07763309933993166,
                        -0.08216538398684468,
                        0.19396211585250336,
                        0.007064819999108152,
                        0.24502453886859843,
                        7.602183889951454
                    ]
                ]
            },
            "est_tgt": [
                4,
                5
            ],
            "oracle_est_tgt": [
                4,
                5
            ]
        },
        "obs": {
            "intv_type": "obs",
            "true_params": {
                "Si": [
                    [
                        1.0,
                        0.0,
                        -0.5899078157920523,
                        -0.7969623349847954,
                        -1.9492375035383291,
                        -1.8369129111222584
                    ],
                    [
                        0.0,
                        1.0,
                        -0.6987280188387341,
                        0.680059842901655,
                        -0.7068897293961363,
                        -1.5438525947968855
                    ],
                    [
                        -0.5899078157920523,
                        -0.6987280188387341,
                        1.8362120754428524,
                        -0.005042556423039572,
                        2.248488808334944,
                        2.099904355371118
                    ],
                    [
                        -0.7969623349847954,
                        0.680059842901655,
                        -0.005042556423039572,
                        2.097630353311841,
                        2.0098152155449798,
                        0.8012498927411045
                    ],
                    [
                        -1.9492375035383291,
                        -0.7068897293961363,
                        2.248488808334944,
                        2.0098152155449798,
                        6.5429826743109265,
                        5.957802768404362
                    ],
                    [
                        -1.8369129111222584,
                        -1.5438525947968855,
                        2.099904355371118,
                        0.8012498927411045,
                        5.957802768404362,
                        7.834697454462805
                    ]
                ],
                "mui": [
                    0.0,
                    0.0,
                    0.0,
                    0.0,
                    0.0,
                    0.0
                ],
                "Ai": [
                    [
                        0.0,
                        0.0,
                        0.0,
                        0.0,
                        0.0,
                        0.0
                    ],
                    [
                        0.0,
                        0.0,
                        0.0,
                        0.0,
                        0.0,
                        0.0
                    ],
                    [
                        -0.5899078157920523,
                        -0.6987280188387341,
                        0.0,
                        0.0,
                        0.0,
                        0.0
                    ],
                    [
                        -0.7969623349847954,
                        0.680059842901655,
