{
    "expt_args": {
        "save_dir": "all_expt_logs/expt_logs_11.05.24-hard_var_shift-corr",
        "exp_name": "503",
        "num_nodes": 6,
        "obs_noise_mean": 0.0,
        "obs_noise_var": 1.0,
        "max_edge_strength": 1.0,
        "graph_sparsity_method": "adj_dense_prop",
        "adj_dense_prop": 0.8,
        "num_parents": null,
        "new_noise_mean": 1.0,
        "mix_samples": 131072,
        "stage2_samples": 131072,
        "gmm_tol": 0.001,
        "intv_type": "hard",
        "new_noise_var": 8.0,
        "intv_targets": [
            0,
            1,
            2,
            3,
            4,
            5
        ]
    },
    "intv_args_dict": {
        "0": {
            "intv_type": "hard",
            "inode": 0,
            "new_mui": 1.0,
            "new_vari": 8.0,
            "true_params": {
                "Si": [
                    [
                        8.0,
                        -5.848910897382957,
                        4.087787931719827,
                        2.541656302251507,
                        -9.619356345082377,
                        12.554246056870921
                    ],
                    [
                        -5.848910897382957,
                        5.276219835690639,
                        -2.9886384225033296,
                        -1.858240155455114,
                        7.958599094324698,
                        -9.257098879970131
                    ],
                    [
                        4.087787931719827,
                        -2.9886384225033296,
                        3.088751271839283,
                        1.9204871356559745,
                        -4.528099548153795,
                        6.9797797382079825
                    ],
                    [
                        2.541656302251507,
                        -1.858240155455114,
                        1.9204871356559745,
                        2.1940977157489945,
                        -2.192789912736557,
                        3.934424450232777
                    ],
                    [
                        -9.619356345082377,
                        7.958599094324698,
                        -4.528099548153795,
                        -2.192789912736557,
                        13.96107607436312,
                        -15.852940200466351
                    ],
                    [
                        12.554246056870921,
                        -9.257098879970131,
                        6.9797797382079825,
                        3.934424450232777,
                        -15.852940200466351,
                        21.614628953602804
                    ]
                ],
                "mui": [
                    1.0,
                    -0.7311138621728697,
                    0.5109734914649784,
                    0.3177070377814384,
                    -1.202419543135297,
                    1.5692807571088652
                ],
                "Ai": [
                    [
                        0.0,
                        0.0,
                        0.0,
                        0.0,
                        0.0,
                        0.0
                    ],
                    [
                        -0.7311138621728697,
                        0.0,
                        0.0,
                        0.0,
                        0.0,
                        0.0
                    ],
                    [
                        0.5109734914649784,
                        -0.0,
                        0.0,
                        0.0,
                        0.0,
                        0.0
                    ],
                    [
                        0.0,
                        0.0,
                        0.6217681407905555,
                        0.0,
                        0.0,
                        0.0
                    ],
                    [
                        -0.7234042371624232,
                        0.925754325254422,
                        -0.0,
                        0.6226381246335826,
                        0.0,
                        0.0
                    ],
                    [
                        0.7522458116975558,
                        0.5242141455701333,
                        0.8169453039687915,
                        -0.0,
                        -0.6510687423115189,
                        0.0
                    ]
                ]
            },
            "est_params": {
                "mui": [
                    0.9945418974058997,
                    -0.7235808496662549,
                    0.4789298754733651,
                    0.2762786628438192,
                    -1.2184499335556833,
                    1.5436114158228893
                ],
                "Si": [
                    [
                        8.049273120725879,
                        -5.859414709110348,
                        4.148357551167929,
                        2.5957953117839088,
                        -9.642688007077876,
                        12.681479579933647
                    ],
                    [
                        -5.859414709110348,
                        5.2688129548460445,
                        -3.0153599427856843,
                        -1.8708919413919796,
                        7.975669088561643,
                        -9.325035072212936
                    ],
                    [
                        4.148357551167929,
                        -3.0153599427856843,
                        3.1685202803739156,
                        1.976584752981457,
                        -4.571928553851597,
                        7.140830314133231
                    ],
                    [
                        2.5957953117839088,
                        -1.8708919413919805,
                        1.976584752981457,
                        2.250499214096885,
                        -2.1972205306386465,
                        4.032298701142356
                    ],
                    [
                        -9.642688007077878,
                        7.975669088561643,
                        -4.571928553851597,
                        -2.1972205306386465,
                        13.993994358503313,
                        -15.964620274147254
                    ],
                    [
                        12.681479579933647,
                        -9.325035072212936,
                        7.140830314133231,
                        4.032298701142356,
                        -15.964620274147254,
                        21.942450398514996
                    ]
                ]
            },
            "est_tgt": [
                0,
                1,
                2
            ],
            "oracle_est_tgt": [
                0
            ]
        },
        "1": {
            "intv_type": "hard",
            "inode": 1,
            "new_mui": 1.0,
            "new_vari": 8.0,
            "true_params": {
                "Si": [
                    [
                        1.0,
                        0.0,
                        0.5109734914649784,
                        0.3177070377814384,
                        -0.5255877229752977,
                        1.5118769437743091
                    ],
                    [
                        0.0,
                        8.0,
                        0.0,
                        0.0,
                        7.406034602035376,
                        -0.6281244693016959
                    ],
                    [
                        0.5109734914649784,
                        0.0,
                        1.2610939089799102,
                        0.784108015148733,
                        0.11857515525892515,
                        1.3374218384439693
                    ],
                    [
                        0.3177070377814384,
                        0.0,
                        0.784108015148733,
                        1.4875333827580004,
                        0.6963643784628759,
                        0.4261860692216042
                    ],
                    [
                        -0.5255877229752977,
                        7.406034602035376,
                        0.11857515525892515,
                        0.6963643784628759,
                        8.669963962286797,
                        -2.0608961788751143
                    ],
                    [
                        1.5118769437743091,
                        -0.6281244693016959,
                        1.3374218384439693,
                        0.4261860692216042,
                        -2.0608961788751143,
                        4.242416940326587
                    ]
                ],
                "mui": [
                    0.0,
                    1.0,
                    0.0,
                    0.0,
                    0.925754325254422,
                    -0.07851555866271198
                ],
                "Ai": [
                    [
                        0.0,
                        0.0,
                        0.0,
                        0.0,
                        0.0,
                        0.0
                    ],
                    [
                        0.0,
                        0.0,
                        0.0,
                        0.0,
                        0.0,
                        0.0
                    ],
                    [
                        0.5109734914649784,
                        -0.0,
                        0.0,
                        0.0,
                        0.0,
                        0.0
                    ],
                    [
                        0.0,
                        0.0,
                        0.6217681407905555,
                        0.0,
                        0.0,
                        0.0
                    ],
                    [
                        -0.7234042371624232,
                        0.925754325254422,
                        -0.0,
                        0.6226381246335826,
                        0.0,
                        0.0
                    ],
                    [
                        0.7522458116975558,
                        0.5242141455701333,
                        0.8169453039687915,
                        -0.0,
                        -0.6510687423115189,
                        0.0
                    ]
                ]
            },
            "est_params": {
                "mui": [
                    0.12367787117019678,
                    -0.03342108581951369,
                    0.2423229154125219,
                    0.1874915862406266,
                    -1.2215596794874823,
                    1.1212951851716326
                ],
                "Si": [
                    [
                        1.05192848970872,
                        -0.8245739444756356,
                        0.5207978284767214,
                        0.28219903884935893,
                        0.046853504741540646,
                        0.7495820699388304
                    ],
                    [
                        -0.8245739444756356,
                        1.6845062509631088,
                        -0.4119468448343733,
                        -0.17949480535239457,
                        0.15066100441311484,
                        -0.20089669457031928
                    ],
                    [
                        0.5207978284767214,
                        -0.4119468448343733,
                        1.3920370636345072,
                        0.8606372618979747,
                        0.32498363615434595,
                        1.0890040934387428
                    ],
                    [
                        0.28219903884935893,
                        -0.17949480535239457,
                        0.8606372618979745,
                        1.5029565860148981,
                        0.3364324761472984,
                        0.5746083713120069
                    ],
                    [
                        0.04685350474154062,
                        0.15066100441311472,
                        0.32498363615434606,
                        0.33643247614729843,
                        4.771804962943711,
                        -2.63768279500884
                    ],
                    [
                        0.7495820699388304,
                        -0.20089669457031928,
                        1.0890040934387428,
                        0.5746083713120071,
                        -2.63768279500884,
                        3.9081156543548916
                    ]
                ]
            },
            "est_tgt": [
                0,
                1,
                2,
                4,
                5
            ],
            "oracle_est_tgt": [
                1
            ]
        },
        "2": {
            "intv_type": "hard",
            "inode": 2,
            "new_mui": 1.0,
            "new_vari": 8.0,
            "true_params": {
                "Si": [
                    [
                        1.0,
                        -0.7311138621728697,
                        0.0,
                        0.0,
                        -1.4002360573224226,
                        1.2806355119042743
                    ],
                    [
                        -0.7311138621728697,
                        1.53452747946133,
                        0.0,
                        0.0,
                        1.9494863170771302,
                        -1.0148059338067759
                    ],
                    [
                        0.0,
                        0.0,
                        8.0,
                        4.974145126324444,
                        3.097092393109927,
                        4.519142382545679
                    ],
                    [
                        0.0,
                        0.0,
                        4.974145126324444,
                        4.092764967217153,
                        2.548311503754114,
                        2.4044785364428387
                    ],
                    [
                        -1.4002360573224226,
                        1.9494863170771302,
                        3.097092393109927,
                        2.548311503754114,
                        5.404357982632759,
                        -1.0198268737467444
                    ],
                    [
                        1.2806355119042743,
                        -1.0148059338067759,
                        4.519142382545679,
                        2.4044785364428387,
                        -1.0198268737467444,
                        5.787246622083934
                    ]
                ],
                "mui": [
                    0.0,
                    0.0,
                    1.0,
                    0.6217681407905555,
                    0.38713654913874085,
                    0.5648927978182099
                ],
                "Ai": [
                    [
                        0.0,
                        0.0,
                        0.0,
                        0.0,
                        0.0,
                        0.0
                    ],
                    [
                        -0.7311138621728697,
                        0.0,
                        0.0,
                        0.0,
                        0.0,
                        0.0
                    ],
                    [
                        0.0,
                        0.0,
                        0.0,
                        0.0,
                        0.0,
                        0.0
                    ],
                    [
                        0.0,
                        0.0,
                        0.6217681407905555,
                        0.0,
                        0.0,
                        0.0
                    ],
                    [
                        -0.7234042371624232,
                        0.925754325254422,
                        -0.0,
                        0.6226381246335826,
                        0.0,
                        0.0
                    ],
                    [
                        0.7522458116975558,
                        0.5242141455701333,
                        0.8169453039687915,
                        -0.0,
                        -0.6510687423115189,
                        0.0
                    ]
                ]
            },
            "est_params": {
                "mui": [
                    -0.038484172293283256,
                    0.03561181854177981,
                    1.0267498544381328,
                    0.643458503164498,
                    0.4740997427978756,
                    0.48412569176691234
                ],
                "Si": [
                    [
                        1.011866760028212,
                        -0.7368924981935214,
                        0.025204664416206973,
                        0.006898081440092299,
                        -1.4230969553199986,
                        1.3153602692926134
                    ],
                    [
                        -0.7368924981935214,
                        1.5412141791255751,
                        -0.04903793602415285,
                        -0.037183773846567195,
                        1.9666475913566563,
                        -1.072962811625724
                    ],
                    [
                        0.02520466441620697,
                        -0.04903793602415285,
                        8.21672414258008,
                        5.137804453415513,
                        3.125958337973272,
                        4.703966188979031
                    ],
                    [
                        0.006898081440092343,
                        -0.03718377384656719,
                        5.137804453415513,
                        4.21153338070298,
                        2.5984306472930285,
                        2.5071679983248036
                    ],
                    [
                        -1.4230969553199986,
                        1.9666475913566563,
                        3.125958337973272,
                        2.5984306472930285,
                        5.51870465111593,
                        -1.0811241779378227
                    ],
                    [
                        1.3153602692926134,
                        -1.072962811625724,
                        4.703966188979032,
                        2.5071679983248036,
                        -1.0811241779378227,
                        5.938476274050656
                    ]
                ]
            },
            "est_tgt": [
                2,
                5
            ],
            "oracle_est_tgt": [
                2
            ]
        },
        "3": {
            "intv_type": "hard",
            "inode": 3,
            "new_mui": 1.0,
            "new_vari": 8.0,
            "true_params": {
                "Si": [
                    [
                        1.0,
                        -0.7311138621728697,
                        0.5109734914649784,
                        0.0,
                        -1.4002360573224226,
                        1.6980729062091258
                    ],
                    [
                        -0.7311138621728697,
                        1.53452747946133,
                        -0.3735798028129162,
                        0.0,
                        1.9494863170771302,
                        -1.320000199372375
                    ],
                    [
                        0.5109734914649784,
                        -0.3735798028129162,
                        1.2610939089799102,
                        0.0,
                        -0.7154835070851939,
                        1.6846155456165512
                    ],
                    [
                        0.0,
                        0.0,
                        0.0,
                        8.0,
                        4.981104997068661,
                        -3.243041765763115
                    ],
                    [
                        -1.4002360573224226,
                        1.9494863170771302,
                        -0.7154835070851939,
                        4.981104997068661,
                        6.919107960930911,
                        -5.120699214722714
                    ],
                    [
                        1.6980729062091258,
                        -1.320000199372375,
                        1.6846155456165512,
                        -3.243041765763115,
                        -5.120699214722714,
                        6.295571411455881
                    ]
                ],
                "mui": [
                    0.0,
                    0.0,
                    0.0,
                    1.0,
                    0.6226381246335826,
                    -0.4053802207203894
                ],
                "Ai": [
                    [
                        0.0,
                        0.0,
                        0.0,
                        0.0,
                        0.0,
                        0.0
                    ],
                    [
                        -0.7311138621728697,
                        0.0,
                        0.0,
                        0.0,
                        0.0,
                        0.0
                    ],
                    [
                        0.5109734914649784,
                        -0.0,
                        0.0,
                        0.0,
                        0.0,
                        0.0
                    ],
                    [
                        0.0,
                        0.0,
                        0.0,
                        0.0,
                        0.0,
                        0.0
                    ],
                    [
                        -0.7234042371624232,
                        0.925754325254422,
                        -0.0,
                        0.6226381246335826,
                        0.0,
                        0.0
                    ],
                    [
                        0.7522458116975558,
                        0.5242141455701333,
                        0.8169453039687915,
                        -0.0,
                        -0.6510687423115189,
                        0.0
                    ]
                ]
            },
            "est_params": {
                "mui": [
                    0.018405569329590848,
                    0.758694460240415,
                    -0.001877294883252525,
                    0.7565404748605526,
                    1.1730438156782006,
                    -0.3582058460214464
                ],
                "Si": [
                    [
                        1.019195581533044,
                        -0.21138629969499478,
                        0.5197794727593047,
                        0.08934995856713955,
                        -0.8859165764336483,
                        1.6734096932009255
                    ],
                    [
                        -0.21138629969499478,
                        6.452639001536221,
                        -0.08796371918281759,
                        -0.43577124791932065,
                        5.900488749661737,
                        -0.6667875671191652
                    ],
                    [
                        0.5197794727593048,
                        -0.08796371918281759,
                        1.2729970901774434,
                        0.25928693026372784,
                        -0.2973200612918738,
                        1.6037750883253983
                    ],
                    [
                        0.08934995856713954,
                        -0.43577124791932065,
                        0.25928693026372784,
                        6.498802955562868,
                        3.606648985035855,
                        -2.2702014523086893
                    ],
                    [
                        -0.8859165764336483,
                        5.900488749661737,
                        -0.2973200612918738,
                        3.606648985035855,
                        9.390395368596328,
                        -3.910343019153992
                    ],
                    [
                        1.6734096932009255,
                        -0.6667875671191652,
                        1.6037750883253983,
                        -2.2702014523086893,
                        -3.910343019153991,
                        5.792141665224287
                    ]
                ]
            },
            "est_tgt": [
                0,
                1,
                3
            ],
            "oracle_est_tgt": [
                3
            ]
        },
        "4": {
            "intv_type": "hard",
            "inode": 4,
            "new_mui": 1.0,
            "new_vari": 8.0,
            "true_params": {
                "Si": [
                    [
                        1.0,
                        -0.7311138621728697,
                        0.5109734914649784,
                        0.3177070377814384,
                        0.0,
                        0.7864229774289762
                    ],
                    [
                        -0.7311138621728697,
                        1.53452747946133,
                        -0.3735798028129162,
                        -0.23228001943188925,
                        0.0,
                        -0.05075059475945287
                    ],
                    [
                        0.5109734914649784,
                        -0.3735798028129162,
                        1.2610939089799102,
                        0.784108015148733,
                        0.0,
                        1.2187865985139594
                    ],
                    [
                        0.3177070377814384,
                        -0.23228001943188925,
                        0.784108015148733,
                        1.4875333827580004,
                        0.0,
                        0.7578026773784697
                    ],
                    [
                        0.0,
                        0.0,
                        0.0,
                        0.0,
                        8.0,
                        -5.208549938492151
                    ],
                    [
                        0.7864229774289762,
                        -0.05075059475945287,
                        1.2187865985139594,
                        0.7578026773784697,
                        -5.208549938492151,
                        5.951785257241566
                    ]
                ],
                "mui": [
                    0.0,
                    0.0,
                    0.0,
                    0.0,
                    1.0,
                    -0.6510687423115189
                ],
                "Ai": [
                    [
                        0.0,
                        0.0,
                        0.0,
                        0.0,
                        0.0,
                        0.0
                    ],
                    [
                        -0.7311138621728697,
                        0.0,
                        0.0,
                        0.0,
                        0.0,
                        0.0
                    ],
                    [
                        0.5109734914649784,
                        -0.0,
                        0.0,
                        0.0,
                        0.0,
                        0.0
                    ],
                    [
                        0.0,
                        0.0,
                        0.6217681407905555,
                        0.0,
                        0.0,
                        0.0
                    ],
                    [
                        0.0,
                        0.0,
                        0.0,
                        0.0,
                        0.0,
                        0.0
                    ],
                    [
                        0.7522458116975558,
                        0.5242141455701333,
                        0.8169453039687915,
                        -0.0,
                        -0.6510687423115189,
                        0.0
                    ]
                ]
            },
            "est_params": {
                "mui": [
                    -0.09105863860765423,
                    -0.052918884858613846,
                    -0.13750387079001614,
                    -0.13448158246071543,
                    2.6317345663934977,
                    -2.0090100085980445
                ],
                "Si": [
                    [
                        1.0597308730538597,
                        -0.7639963850597393,
                        0.5540237141551179,
                        0.3313034656499867,
                        0.1067192259076966,
                        0.8052481051818536
                    ],
                    [
                        -0.7639963850597393,
                        1.5250808761050545,
                        -0.4112967874259105,
                        -0.2519213040071094,
                        0.17058959427814763,
                        -0.2611887857881163
                    ],
                    [
                        0.5540237141551179,
                        -0.4112967874259105,
                        1.2692055798967459,
                        0.7657658988261735,
                        0.22534029918490406,
                        1.0800621718839614
                    ],
                    [
                        0.33130346564998664,
                        -0.2519213040071094,
                        0.7657658988261735,
                        1.4551313324332646,
                        0.24255898015076616,
                        0.5693009205877944
                    ],
                    [
                        0.1067192259076966,
                        0.17058959427814765,
                        0.22534029918490406,
                        0.24255898015076618,
                        5.167095443682153,
                        -2.8981116425369877
                    ],
                    [
                        0.8052481051818536,
                        -0.2611887857881163,
                        1.0800621718839614,
                        0.5693009205877944,
                        -2.8981116425369877,
                        4.141302038152685
                    ]
                ]
            },
            "est_tgt": [
                0,
                1,
                2,
                3,
                4,
                5
            ],
            "oracle_est_tgt": [
                4
            ]
        },
        "5": {
            "intv_type": "hard",
            "inode": 5,
            "new_mui": 1.0,
            "new_vari": 8.0,
            "true_params": {
                "Si": [
                    [
                        1.0,
                        -0.7311138621728697,
                        0.5109734914649784,
                        0.3177070377814384,
                        -1.202419543135297,
                        0.0
                    ],
                    [
                        -0.7311138621728697,
                        1.53452747946133,
                        -0.3735798028129162,
                        -0.23228001943188925,
                        1.8048599213882066,
                        0.0
                    ],
                    [
                        0.5109734914649784,
                        -0.3735798028129162,
                        1.2610939089799102,
                        0.784108015148733,
                        -0.22726796302282615,
                        0.0
                    ],
                    [
                        0.3177070377814384,
                        -0.23228001943188925,
                        0.784108015148733,
                        1.4875333827580004,
                        0.4813301458036233,
                        0.0
                    ],
                    [
                        -1.202419543135297,
                        1.8048599213882066,
                        -0.22726796302282615,
                        0.4813301458036233,
                        3.8403867703672443,
                        0.0
                    ],
                    [
                        0.0,
                        0.0,
                        0.0,
                        0.0,
                        0.0,
                        8.0
                    ]
                ],
                "mui": [
                    0.0,
                    0.0,
                    0.0,
                    0.0,
                    0.0,
                    1.0
                ],
                "Ai": [
                    [
                        0.0,
                        0.0,
                        0.0,
                        0.0,
                        0.0,
                        0.0
                    ],
                    [
                        -0.7311138621728697,
                        0.0,
                        0.0,
                        0.0,
                        0.0,
                        0.0
                    ],
                    [
                        0.5109734914649784,
                        -0.0,
                        0.0,
                        0.0,
                        0.0,
                        0.0
                    ],
                    [
                        0.0,
                        0.0,
                        0.6217681407905555,
                        0.0,
                        0.0,
                        0.0
                    ],
                    [
                        -0.7234042371624232,
                        0.925754325254422,
                        -0.0,
                        0.6226381246335826,
                        0.0,
                        0.0
                    ],
                    [
                        0.0,
                        0.0,
                        0.0,
                        0.0,
                        0.0,
                        0.0
                    ]
                ]
            },
            "est_params": {
                "mui": [
                    -0.01905984063375106,
                    -0.006798050533430474,
                    -0.016042324822067185,
                    -0.0036657710989008154,
                    0.013532387345753669,
                    1.0597294072720314
                ],
                "Si": [
                    [
                        1.0086447505056328,
                        -0.7280334233746242,
                        0.5099652648984254,
                        0.3163412097689116,
                        -1.2150956306967986,
                        -0.10038519695991573
                    ],
                    [
                        -0.7280334233746243,
                        1.5123996884647017,
                        -0.3625632157506209,
                        -0.21603819641349606,
                        1.792493281108658,
                        0.11921418419267522
                    ],
                    [
                        0.5099652648984253,
                        -0.36256321575062084,
                        1.3918947977077398,
                        0.854369897189339,
                        -0.1706059562114724,
                        -0.04323038315884365
                    ],
                    [
                        0.3163412097689116,
                        -0.21603819641349611,
                        0.8543698971893389,
                        1.5156018349268352,
                        0.5153185629556198,
                        0.00714510880451877
                    ],
                    [
                        -1.2150956306967986,
                        1.792493281108658,
                        -0.17060595621147243,
                        0.5153185629556198,
                        3.8739639296520054,
                        0.2039537480619248
                    ],
                    [
                        -0.1003851969599157,
                        0.11921418419267522,
                        -0.043230383158843734,
                        0.007145108804518794,
                        0.20395374806192496,
                        8.362254896003723
                    ]
                ]
            },
            "est_tgt": [
                2,
                5
            ],
            "oracle_est_tgt": [
                5
            ]
        },
        "obs": {
            "intv_type": "obs",
            "true_params": {
                "Si": [
                    [
                        1.0,
                        -0.7311138621728697,
                        0.5109734914649784,
                        0.3177070377814384,
                        -1.202419543135297,
                        1.5692807571088652
                    ],
                    [
                        -0.7311138621728697,
                        1.53452747946133,
                        -0.3735798028129162,
                        -0.23228001943188925,
                        1.8048599213882066,
                        -1.2258384738261394
                    ],
                    [
                        0.5109734914649784,
                        -0.3735798028129162,
                        1.2610939089799102,
                        0.784108015148733,
                        -0.22726796302282615,
                        1.3667536653669314
                    ],
                    [
                        0.3177070377814384,
                        -0.23228001943188925,
                        0.784108015148733,
                        1.4875333827580004,
                        0.4813301458036233,
                        0.4444236647134846
                    ],
                    [
                        -1.202419543135297,
                        1.8048599213882066,
                        -0.22726796302282615,
                        0.4813301458036233,
                        3.8403867703672443,
                        -2.644403243369367
                    ],
                    [
                        1.5692807571088652,
                        -1.2258384738261394,
                        1.3667536653669314,
                        0.4444236647134846,
                        -2.644403243369367,
                        4.376134291177591
                    ]
                ],
                "mui": [
                    0.0,
                    0.0,
                    0.0,
                    0.0,
                    0.0,
                    0.0
                ],
                "Ai": [
                    [
                        0.0,
                        0.0,
                        0.0,
                        0.0,
                        0.0,
                        0.0
                    ],
                    [
                        -0.7311138621728697,
                        0.0,
                        0.0,
                        0.0,
                        0.0,
                        0.0
                    ],
                    [
                        0.5109734914649784,
                        -0.0,
                        0.0,
                        0.0,
                        0.0,
                        0.0
                    ],
                    [
                        0.0,
                        0.0,
