{
    "expt_args": {
        "save_dir": "all_expt_logs/expt_logs_11.05.24-hard_var_shift-corr",
        "exp_name": "15",
        "num_nodes": 6,
        "obs_noise_mean": 0.0,
        "obs_noise_var": 1.0,
        "max_edge_strength": 1.0,
        "graph_sparsity_method": "adj_dense_prop",
        "adj_dense_prop": 0.8,
        "num_parents": null,
        "new_noise_mean": 1.0,
        "mix_samples": 131072,
        "stage2_samples": 131072,
        "gmm_tol": 0.001,
        "intv_type": "hard",
        "new_noise_var": 0.2,
        "intv_targets": [
            0,
            1,
            2,
            3,
            4,
            5
        ]
    },
    "intv_args_dict": {
        "0": {
            "intv_type": "hard",
            "inode": 0,
            "new_mui": 1.0,
            "new_vari": 0.2,
            "true_params": {
                "Si": [
                    [
                        0.2,
                        -0.10934849425085424,
                        -0.15225435378801078,
                        -0.17399405431103024,
                        -0.06471122595996306,
                        -0.17327436727813417
                    ],
                    [
                        -0.10934849425085424,
                        1.0597854659746455,
                        0.08324392164927913,
                        0.09512993923756255,
                        0.6271692831950841,
                        -0.9008158975257139
                    ],
                    [
                        -0.15225435378801078,
                        0.08324392164927913,
                        1.1159069412370237,
                        0.1324567615104098,
                        0.04926282945682062,
                        0.9528617688996806
                    ],
                    [
                        -0.17399405431103024,
                        0.09512993923756255,
                        0.1324567615104098,
                        1.1513696546779486,
                        0.05629684282105581,
                        0.15074354835450537
                    ],
                    [
                        -0.06471122595996306,
                        0.6271692831950841,
                        0.04926282945682062,
                        0.05629684282105581,
                        1.371151824979685,
                        -1.0413728090810133
                    ],
                    [
                        -0.17327436727813417,
                        -0.9008158975257139,
                        0.9528617688996806,
                        0.15074354835450537,
                        -1.0413728090810133,
                        3.0735566697731205
                    ]
                ],
                "mui": [
                    1.0,
                    -0.5467424712542712,
                    -0.7612717689400539,
                    -0.8699702715551512,
                    -0.3235561297998153,
                    -0.8663718363906708
                ],
                "Ai": [
                    [
                        0.0,
                        0.0,
                        0.0,
                        0.0,
                        0.0,
                        0.0
                    ],
                    [
                        -0.5467424712542712,
                        0.0,
                        0.0,
                        0.0,
                        0.0,
                        0.0
                    ],
                    [
                        -0.7612717689400539,
                        -0.0,
                        0.0,
                        0.0,
                        0.0,
                        0.0
                    ],
                    [
                        -0.8699702715551512,
                        -0.0,
                        -0.0,
                        0.0,
                        0.0,
                        0.0
                    ],
                    [
                        0.0,
                        0.5917889075958404,
                        0.0,
                        -0.0,
                        0.0,
                        0.0
                    ],
                    [
                        -0.7857143354592768,
                        -0.6947579150752073,
                        0.8209528848098868,
                        -0.0,
                        -0.5082799531393045,
                        0.0
                    ]
                ]
            },
            "est_params": {
                "mui": [
                    0.9352373373143761,
                    -0.36603847763021036,
                    -1.0692853600944277,
                    -0.9271114870766122,
                    0.1251036348460329,
                    -1.652982315165058
                ],
                "Si": [
                    [
                        0.41138136214318816,
                        -0.1466899523219089,
                        -0.25055492655607803,
                        -0.33041435924641915,
                        -0.06281836998263449,
                        -0.3415401749009117
                    ],
                    [
                        -0.1466899523219089,
                        1.2752134871405814,
                        0.060236672207332274,
                        0.1091311123396512,
                        0.5195459218116343,
                        -1.068933321696776
                    ],
                    [
                        -0.25055492655607803,
                        0.060236672207332254,
                        1.01831779031097,
                        0.17776725946294422,
                        0.05887842179486204,
                        0.8175690237524024
                    ],
                    [
                        -0.33041435924641915,
                        0.1091311123396512,
                        0.17776725946294422,
                        1.2220264717375706,
                        0.057639781059588766,
                        0.23026140404442885
                    ],
                    [
                        -0.06281836998263447,
                        0.5195459218116343,
                        0.05887842179486202,
                        0.057639781059588766,
                        1.4033565203907858,
                        -1.0127074782231864
                    ],
                    [
                        -0.3415401749009117,
                        -1.068933321696776,
                        0.8175690237524024,
                        0.23026140404442885,
                        -1.0127074782231864,
                        3.114967316891286
                    ]
                ]
            },
            "est_tgt": [
                0,
                1,
                2,
                3,
                4,
                5
            ],
            "oracle_est_tgt": [
                0
            ]
        },
        "1": {
            "intv_type": "hard",
            "inode": 1,
            "new_mui": 1.0,
            "new_vari": 0.2,
            "true_params": {
                "Si": [
                    [
                        1.0,
                        0.0,
                        -0.7612717689400539,
                        -0.8699702715551512,
                        0.0,
                        -1.4106825902949396
                    ],
                    [
                        0.0,
                        0.2,
                        0.0,
                        0.0,
                        0.11835778151916808,
                        -0.19911047065927626
                    ],
                    [
                        -0.7612717689400539,
                        0.0,
                        1.5795347061851188,
                        0.662283807552049,
                        0.0,
                        1.8948657157366529
                    ],
                    [
                        -0.8699702715551512,
                        0.0,
                        0.662283807552049,
                        1.7568482733897435,
                        0.0,
                        1.2272519161570126
                    ],
                    [
                        0.0,
                        0.11835778151916808,
                        0.0,
                        0.0,
                        1.0700428222306957,
                        -0.6261113210616512
                    ],
                    [
                        -1.4106825902949396,
                        -0.19911047065927626,
                        1.8948657157366529,
                        1.2272519161570126,
                        -0.6261113210616512,
                        4.120562418033002
                    ]
                ],
                "mui": [
                    0.0,
                    1.0,
                    0.0,
                    0.0,
                    0.5917889075958404,
                    -0.9955523532963813
                ],
                "Ai": [
                    [
                        0.0,
                        0.0,
                        0.0,
                        0.0,
                        0.0,
                        0.0
                    ],
                    [
                        0.0,
                        0.0,
                        0.0,
                        0.0,
                        0.0,
                        0.0
                    ],
                    [
                        -0.7612717689400539,
                        -0.0,
                        0.0,
                        0.0,
                        0.0,
                        0.0
                    ],
                    [
                        -0.8699702715551512,
                        -0.0,
                        -0.0,
                        0.0,
                        0.0,
                        0.0
                    ],
                    [
                        0.0,
                        0.5917889075958404,
                        0.0,
                        -0.0,
                        0.0,
                        0.0
                    ],
                    [
                        -0.7857143354592768,
                        -0.6947579150752073,
                        0.8209528848098868,
                        -0.0,
                        -0.5082799531393045,
                        0.0
                    ]
                ]
            },
            "est_params": {
                "mui": [
                    0.07635776979539052,
                    0.9183642604328167,
                    -0.03756497459807928,
                    -0.04289438009871474,
                    0.8402616833480753,
                    -1.429011354861927
                ],
                "Si": [
                    [
                        0.6645189215747107,
                        -0.15184721305151908,
                        -0.23536005489459397,
                        -0.522182038715151,
                        -0.13687346253611865,
                        -0.32964658950379855
                    ],
                    [
                        -0.15184721305151908,
                        0.4355479891849639,
                        0.11773113012820248,
                        0.11189494658979174,
                        0.1466588804982123,
                        -0.13787352891520047
                    ],
                    [
                        -0.2353600548945939,
                        0.11773113012820248,
                        0.9437897663348501,
                        0.14809149682364198,
                        0.1497602483198888,
                        0.5322575920643199
                    ],
                    [
                        -0.522182038715151,
                        0.11189494658979174,
                        0.14809149682364198,
                        1.4294878823992,
                        0.09386294413302151,
                        0.23184060964033776
                    ],
                    [
                        -0.13687346253611865,
                        0.14665888049821232,
                        0.1497602483198888,
                        0.0938629441330215,
                        0.7564188357893249,
                        -0.20407035448187352
                    ],
                    [
                        -0.32964658950379855,
                        -0.13787352891520047,
                        0.5322575920643199,
                        0.23184060964033776,
                        -0.20407035448187352,
                        1.2967655443348143
                    ]
                ]
            },
            "est_tgt": [
                0,
                1,
                2,
                3,
                4,
                5
            ],
            "oracle_est_tgt": [
                1
            ]
        },
        "2": {
            "intv_type": "hard",
            "inode": 2,
            "new_mui": 1.0,
            "new_vari": 0.2,
            "true_params": {
                "Si": [
                    [
                        1.0,
                        -0.5467424712542712,
                        0.0,
                        -0.8699702715551512,
                        -0.3235561297998153,
                        -0.241403581555008
                    ],
                    [
                        -0.5467424712542712,
                        1.2989273298732276,
                        0.0,
                        0.4756496961878128,
                        0.7686907855920591,
                        -0.8635667625473642
                    ],
                    [
                        0.0,
                        0.0,
                        0.2,
                        0.0,
                        0.0,
                        0.16419057696197736
                    ],
                    [
                        -0.8699702715551512,
                        0.4756496961878128,
                        0.0,
                        1.7568482733897435,
                        0.2814842141052791,
                        0.21001393939979637
                    ],
                    [
                        -0.3235561297998153,
                        0.7686907855920591,
                        0.0,
                        0.2814842141052791,
                        1.4549026802845129,
                        -1.0193291841832857
                    ],
                    [
                        -0.241403581555008,
                        -0.8635667625473642,
                        0.16419057696197736,
                        0.21001393939979637,
                        -1.0193291841832857,
                        2.4425414159203767
                    ]
                ],
                "mui": [
                    0.0,
                    0.0,
                    1.0,
                    0.0,
                    0.0,
                    0.8209528848098868
                ],
                "Ai": [
                    [
                        0.0,
                        0.0,
                        0.0,
                        0.0,
                        0.0,
                        0.0
                    ],
                    [
                        -0.5467424712542712,
                        0.0,
                        0.0,
                        0.0,
                        0.0,
                        0.0
                    ],
                    [
                        0.0,
                        0.0,
                        0.0,
                        0.0,
                        0.0,
                        0.0
                    ],
                    [
                        -0.8699702715551512,
                        -0.0,
                        -0.0,
                        0.0,
                        0.0,
                        0.0
                    ],
                    [
                        0.0,
                        0.5917889075958404,
                        0.0,
                        -0.0,
                        0.0,
                        0.0
                    ],
                    [
                        -0.7857143354592768,
                        -0.6947579150752073,
                        0.8209528848098868,
                        -0.0,
                        -0.5082799531393045,
                        0.0
                    ]
                ]
            },
            "est_params": {
                "mui": [
                    -0.8268341773494834,
                    0.6240555136055715,
                    0.9146810332078718,
                    0.9195412209602786,
                    0.5259845129620473,
                    0.779641175101068
                ],
                "Si": [
                    [
                        0.6027258614178239,
                        -0.29686878917197174,
                        -0.26077579707360315,
                        -0.4096163506259107,
                        -0.1504601798752615,
                        -0.18859350065675604
                    ],
                    [
                        -0.2968687891719717,
                        0.8992827463828452,
                        0.18069829168593304,
                        0.1724508649669271,
                        0.3412220698910791,
                        -0.12800945030621655
                    ],
                    [
                        -0.26077579707360315,
                        0.18069829168593304,
                        0.8290512116986095,
                        0.14157461068248176,
                        0.1531968069868505,
                        0.3161627521544606
                    ],
                    [
                        -0.4096163506259107,
                        0.1724508649669271,
                        0.14157461068248176,
                        1.2030418997359258,
                        0.10531068310744088,
                        0.09446870798568241
                    ],
                    [
                        -0.15046017987526153,
                        0.3412220698910791,
                        0.1531968069868505,
                        0.1053106831074409,
                        0.9433533887822251,
                        -0.16193212958823444
                    ],
                    [
                        -0.18859350065675604,
                        -0.12800945030621655,
                        0.3161627521544606,
                        0.0944687079856824,
                        -0.16193212958823444,
                        0.8959867202941258
                    ]
                ]
            },
            "est_tgt": [
                0,
                1,
                2,
                3,
                4,
                5
            ],
            "oracle_est_tgt": [
                2
            ]
        },
        "3": {
            "intv_type": "hard",
            "inode": 3,
            "new_mui": 1.0,
            "new_vari": 0.2,
            "true_params": {
                "Si": [
                    [
                        1.0,
                        -0.5467424712542712,
                        -0.7612717689400539,
                        0.0,
                        -0.3235561297998153,
                        -0.8663718363906708
                    ],
                    [
                        -0.5467424712542712,
                        1.2989273298732276,
                        0.4162196082463956,
                        0.0,
                        0.7686907855920591,
                        -0.5218700744430447
                    ],
                    [
                        -0.7612717689400539,
                        0.4162196082463956,
                        1.5795347061851188,
                        0.0,
                        0.24631414728410309,
                        1.4804973052588557
                    ],
                    [
                        0.0,
                        0.0,
                        0.0,
                        0.2,
                        0.0,
                        0.0
                    ],
                    [
                        -0.3235561297998153,
                        0.7686907855920591,
                        0.24631414728410309,
                        0.0,
                        1.4549026802845129,
                        -0.8171168744009139
                    ],
                    [
                        -0.8663718363906708,
                        -0.5218700744430447,
                        1.4804973052588557,
                        0.0,
                        -0.8171168744009139,
                        3.674036796885875
                    ]
                ],
                "mui": [
                    0.0,
                    0.0,
                    0.0,
                    1.0,
                    0.0,
                    0.0
                ],
                "Ai": [
                    [
                        0.0,
                        0.0,
                        0.0,
                        0.0,
                        0.0,
                        0.0
                    ],
                    [
                        -0.5467424712542712,
                        0.0,
                        0.0,
                        0.0,
                        0.0,
                        0.0
                    ],
                    [
                        -0.7612717689400539,
                        -0.0,
                        0.0,
                        0.0,
                        0.0,
                        0.0
                    ],
                    [
                        0.0,
                        0.0,
                        0.0,
                        0.0,
                        0.0,
                        0.0
                    ],
                    [
                        0.0,
                        0.5917889075958404,
                        0.0,
                        -0.0,
                        0.0,
                        0.0
                    ],
                    [
                        -0.7857143354592768,
                        -0.6947579150752073,
                        0.8209528848098868,
                        -0.0,
                        -0.5082799531393045,
                        0.0
                    ]
                ]
            },
            "est_params": {
                "mui": [
                    0.04760836499826915,
                    -0.04923654665339653,
                    -0.08033327087707491,
                    0.957762133668122,
                    -0.014377691815594847,
                    -0.05603074935412415
                ],
                "Si": [
                    [
                        0.9587446256752442,
                        -0.5532345478555666,
                        -0.7108342320458079,
                        0.005338330624466146,
                        -0.3330056714539833,
                        -0.7762009258785587
                    ],
                    [
                        -0.5532345478555666,
                        1.3721030745768306,
                        0.409128620124176,
                        0.00930105187285492,
                        0.7802623027297152,
                        -0.5952405111211512
                    ],
                    [
                        -0.7108342320458078,
                        0.40912862012417606,
                        1.5231805086971508,
                        -0.013744558537265337,
                        0.23675511346674163,
                        1.4096557042415179
                    ],
                    [
                        0.005338330624466145,
                        0.009301051872854918,
                        -0.013744558537265335,
                        0.22615563940221997,
                        0.0035281225755657013,
                        -0.02939528869683171
                    ],
                    [
                        -0.3330056714539833,
                        0.7802623027297152,
                        0.23675511346674158,
                        0.003528122575565705,
                        1.5419314050969195,
                        -0.9103713491869622
                    ],
                    [
                        -0.7762009258785587,
                        -0.5952405111211512,
                        1.4096557042415179,
                        -0.02939528869683171,
                        -0.9103713491869622,
                        3.668325526978324
                    ]
                ]
            },
            "est_tgt": [
                2,
                3,
                4
            ],
            "oracle_est_tgt": [
                3
            ]
        },
        "4": {
            "intv_type": "hard",
            "inode": 4,
            "new_mui": 1.0,
            "new_vari": 0.2,
            "true_params": {
                "Si": [
                    [
                        1.0,
                        -0.5467424712542712,
                        -0.7612717689400539,
                        -0.8699702715551512,
                        0.0,
                        -1.0308289308832557
                    ],
                    [
                        -0.5467424712542712,
                        1.2989273298732276,
                        0.4162196082463956,
                        0.4756496961878128,
                        0.0,
                        -0.13115995796369784
                    ],
                    [
                        -0.7612717689400539,
                        0.4162196082463956,
                        1.5795347061851188,
                        0.662283807552049,
                        0.0,
                        1.6056938484979675
                    ],
                    [
                        -0.8699702715551512,
                        0.4756496961878128,
                        0.662283807552049,
                        1.7568482733897435,
                        0.0,
                        0.8967905249274121
                    ],
                    [
                        0.0,
                        0.0,
                        0.0,
                        0.0,
                        0.2,
                        -0.1016559906278609
                    ],
                    [
                        -1.0308289308832557,
                        -0.13115995796369784,
                        1.6056938484979675,
                        0.8967905249274121,
                        -0.1016559906278609,
                        3.2709301865358986
                    ]
                ],
                "mui": [
                    0.0,
                    0.0,
                    0.0,
                    0.0,
                    1.0,
                    -0.5082799531393045
                ],
                "Ai": [
                    [
                        0.0,
                        0.0,
                        0.0,
                        0.0,
                        0.0,
                        0.0
                    ],
                    [
                        -0.5467424712542712,
                        0.0,
                        0.0,
                        0.0,
                        0.0,
                        0.0
                    ],
                    [
                        -0.7612717689400539,
                        -0.0,
                        0.0,
                        0.0,
                        0.0,
                        0.0
                    ],
                    [
                        -0.8699702715551512,
                        -0.0,
                        -0.0,
                        0.0,
                        0.0,
                        0.0
                    ],
                    [
                        0.0,
                        0.0,
                        0.0,
                        0.0,
                        0.0,
                        0.0
                    ],
                    [
                        -0.7857143354592768,
                        -0.6947579150752073,
                        0.8209528848098868,
                        -0.0,
                        -0.5082799531393045,
                        0.0
                    ]
                ]
            },
            "est_params": {
                "mui": [
                    0.24409392697077487,
                    -0.11904415227330249,
                    0.3397429019621071,
                    -0.3405305186257819,
                    0.3698159841637149,
                    0.4133601137217136
                ],
                "Si": [
                    [
                        0.6167314537451611,
                        -0.28237664942506957,
                        -0.008735873631749186,
                        -0.41767188776477676,
                        -0.17777290160644363,
                        -0.2550024892397377
                    ],
                    [
                        -0.28237664942506957,
                        0.8834401804356086,
                        0.1129230425750392,
                        0.14146581484287107,
                        0.04898134060011385,
                        -0.008804245459302092
                    ],
                    [
                        -0.008735873631749195,
                        0.1129230425750392,
                        0.6654992156858778,
                        -0.07217371805429884,
                        -0.007979058378592488,
                        0.12141033970089146
                    ],
                    [
                        -0.41767188776477676,
                        0.1414658148428711,
                        -0.07217371805429884,
                        1.242859628829628,
                        0.09904696581198202,
                        0.22082117286978822
                    ],
                    [
                        -0.17777290160644363,
                        0.048981340600113846,
                        -0.007979058378592488,
                        0.09904696581198201,
                        0.7814528268753229,
                        -0.07963704762561546
                    ],
                    [
                        -0.2550024892397377,
                        -0.008804245459302092,
                        0.12141033970089146,
                        0.2208211728697882,
                        -0.07963704762561546,
                        0.8698852039365037
                    ]
                ]
            },
            "est_tgt": [
                0,
                1,
                2,
                3,
                4,
                5
            ],
            "oracle_est_tgt": [
                4
            ]
        },
        "5": {
            "intv_type": "hard",
            "inode": 5,
            "new_mui": 1.0,
            "new_vari": 0.2,
            "true_params": {
                "Si": [
                    [
                        1.0,
                        -0.5467424712542712,
                        -0.7612717689400539,
                        -0.8699702715551512,
                        -0.3235561297998153,
                        0.0
                    ],
                    [
                        -0.5467424712542712,
                        1.2989273298732276,
                        0.4162196082463956,
                        0.4756496961878128,
                        0.7686907855920591,
                        0.0
                    ],
                    [
                        -0.7612717689400539,
                        0.4162196082463956,
                        1.5795347061851188,
                        0.662283807552049,
                        0.24631414728410309,
                        0.0
                    ],
                    [
                        -0.8699702715551512,
                        0.4756496961878128,
                        0.662283807552049,
                        1.7568482733897435,
                        0.2814842141052791,
                        0.0
                    ],
                    [
                        -0.3235561297998153,
                        0.7686907855920591,
                        0.24631414728410309,
                        0.2814842141052791,
                        1.4549026802845129,
                        0.0
                    ],
                    [
                        0.0,
                        0.0,
                        0.0,
                        0.0,
                        0.0,
                        0.2
                    ]
                ],
                "mui": [
                    0.0,
                    0.0,
                    0.0,
                    0.0,
                    0.0,
                    1.0
                ],
                "Ai": [
                    [
                        0.0,
                        0.0,
                        0.0,
                        0.0,
                        0.0,
                        0.0
                    ],
                    [
                        -0.5467424712542712,
                        0.0,
                        0.0,
                        0.0,
                        0.0,
                        0.0
                    ],
                    [
                        -0.7612717689400539,
                        -0.0,
                        0.0,
                        0.0,
                        0.0,
                        0.0
                    ],
                    [
                        -0.8699702715551512,
                        -0.0,
                        -0.0,
                        0.0,
                        0.0,
                        0.0
                    ],
                    [
                        0.0,
                        0.5917889075958404,
                        0.0,
                        -0.0,
                        0.0,
                        0.0
                    ],
                    [
                        0.0,
                        0.0,
                        0.0,
                        0.0,
                        0.0,
                        0.0
                    ]
                ]
            },
            "est_params": {
                "mui": [
                    0.4161227532331307,
                    -0.30377577714168674,
                    -0.4517424388037544,
                    -0.43521711824959186,
                    -0.3379936255470723,
                    1.0139063058303206
                ],
                "Si": [
                    [
                        0.7701147074863258,
                        -0.39830865471859345,
                        -0.5282542389570642,
                        -0.6545691144254788,
                        -0.2003456277662641,
                        -0.015932647902763036
                    ],
                    [
                        -0.39830865471859345,
                        1.2749905139494304,
                        0.2102847446164974,
                        0.3477828012456052,
                        0.8705070507436913,
                        0.02240547641217995
                    ],
                    [
                        -0.5282542389570642,
                        0.2102847446164974,
                        1.3642937433703666,
                        0.4347809662058622,
                        0.028118051463948468,
                        0.011681038650775452
                    ],
                    [
                        -0.6545691144254786,
                        0.3477828012456052,
                        0.4347809662058622,
                        1.5544156609226083,
                        0.16931653968557836,
                        0.015530417268417746
                    ],
                    [
                        -0.2003456277662641,
                        0.8705070507436913,
                        0.02811805146394847,
                        0.16931653968557836,
                        1.630866869647794,
                        0.0309125323991532
                    ],
                    [
                        -0.01593264790276304,
                        0.022405476412179954,
                        0.011681038650775454,
                        0.015530417268417742,
                        0.0309125323991532,
                        0.19082986259873194
                    ]
                ]
            },
            "est_tgt": [
                0,
                1,
                2,
                3,
                4,
                5
            ],
            "oracle_est_tgt": [
                5
            ]
        },
        "obs": {
            "intv_type": "obs",
            "true_params": {
                "Si": [
                    [
                        1.0,
                        -0.5467424712542712,
                        -0.7612717689400539,
                        -0.8699702715551512,
                        -0.3235561297998153,
                        -0.8663718363906708
                    ],
                    [
                        -0.5467424712542712,
                        1.2989273298732276,
                        0.4162196082463956,
                        0.4756496961878128,
                        0.7686907855920591,
                        -0.5218700744430447
                    ],
                    [
                        -0.7612717689400539,
                        0.4162196082463956,
                        1.5795347061851188,
                        0.662283807552049,
                        0.24631414728410309,
                        1.4804973052588557
                    ],
                    [
                        -0.8699702715551512,
                        0.4756496961878128,
                        0.662283807552049,
                        1.7568482733897435,
                        0.2814842141052791,
                        0.7537177417725269
                    ],
                    [
                        -0.3235561297998153,
                        0.7686907855920591,
                        0.24631414728410309,
                        0.2814842141052791,
                        1.4549026802845129,
                        -0.8171168744009139
                    ],
                    [
                        -0.8663718363906708,
                        -0.5218700744430447,
                        1.4804973052588557,
                        0.7537177417725269,
                        -0.8171168744009139,
                        3.674036796885875
                    ]
                ],
                "mui": [
                    0.0,
                    0.0,
                    0.0,
                    0.0,
                    0.0,
                    0.0
                ],
                "Ai": [
                    [
                        0.0,
                        0.0,
                        0.0,
                        0.0,
                        0.0,
                        0.0
                    ],
                    [
                        -0.5467424712542712,
                        0.0,
                        0.0,
                        0.0,
                        0.0,
                        0.0
                    ],
                    [
                        -0.7612717689400539,
                        -0.0,
                        0.0,
                        0.0,
                        0.0,
