{
    "expt_args": {
        "save_dir": "all_expt_logs/expt_logs_11.05.24-hard_var_shift-corr",
        "exp_name": "146",
        "num_nodes": 6,
        "obs_noise_mean": 0.0,
        "obs_noise_var": 1.0,
        "max_edge_strength": 1.0,
        "graph_sparsity_method": "adj_dense_prop",
        "adj_dense_prop": 0.8,
        "num_parents": null,
        "new_noise_mean": 1.0,
        "mix_samples": 4096,
        "stage2_samples": 4096,
        "gmm_tol": 0.001,
        "intv_type": "hard",
        "new_noise_var": 2.0,
        "intv_targets": [
            0,
            1,
            2,
            3,
            4,
            5
        ]
    },
    "intv_args_dict": {
        "0": {
            "intv_type": "hard",
            "inode": 0,
            "new_mui": 1.0,
            "new_vari": 2.0,
            "true_params": {
                "Si": [
                    [
                        2.0,
                        0.0,
                        1.1308157672419994,
                        -0.21573950188034818,
                        0.7241919222269326,
                        -0.36987349371921824
                    ],
                    [
                        0.0,
                        1.0,
                        -0.6463520598256706,
                        -1.08370074129459,
                        2.2469320950468448,
                        -1.7318728783659785
                    ],
                    [
                        1.1308157672419994,
                        -0.6463520598256706,
                        2.057143134962443,
                        1.3454862202286484,
                        -2.5647956117843775,
                        1.5581780177180802
                    ],
                    [
                        -0.21573950188034818,
                        -1.08370074129459,
                        1.3454862202286484,
                        2.7859908109700013,
                        -4.421789355909834,
                        3.7451136744636573
                    ],
                    [
                        0.7241919222269326,
                        2.2469320950468448,
                        -2.5647956117843775,
                        -4.421789355909834,
                        9.17680472055423,
                        -6.6393587015019815
                    ],
                    [
                        -0.36987349371921824,
                        -1.7318728783659785,
                        1.5581780177180802,
                        3.7451136744636573,
                        -6.6393587015019815,
                        6.671081234278958
                    ]
                ],
                "mui": [
                    1.0,
                    0.0,
                    0.5654078836209997,
                    -0.10786975094017409,
                    0.3620959611134663,
                    -0.18493674685960912
                ],
                "Ai": [
                    [
                        0.0,
                        0.0,
                        0.0,
                        0.0,
                        0.0,
                        0.0
                    ],
                    [
                        0.0,
                        0.0,
                        0.0,
                        0.0,
                        0.0,
                        0.0
                    ],
                    [
                        0.5654078836209997,
                        -0.6463520598256706,
                        0.0,
                        0.0,
                        0.0,
                        0.0
                    ],
                    [
                        -0.541545982127893,
                        -0.5879391266342793,
                        0.7670148290299004,
                        0.0,
                        0.0,
                        0.0
                    ],
                    [
                        0.8211648685521942,
                        0.8273709301844758,
                        -0.9533540466808755,
                        -0.7413105689005559,
                        0.0,
                        0.0
                    ],
                    [
                        0.6960805132423562,
                        0.0,
                        -0.9843630099424577,
                        0.8562911427601732,
                        -0.6409426410615524,
                        0.0
                    ]
                ]
            },
            "est_params": {
                "mui": [
                    0.4986202579882899,
                    -1.0154054083582589,
                    1.715104285272393,
                    2.7124810730085644,
                    -4.633095386663964,
                    3.8513958601404026
                ],
                "Si": [
                    [
                        1.6881762527463398,
                        0.0975408613334267,
                        0.7360908578324583,
                        -0.49750478361621486,
                        1.4621459338376332,
                        -0.9103262852508468
                    ],
                    [
                        0.09754086133342668,
                        1.157858041252247,
                        -0.37164305053319335,
                        -0.28882974646658616,
                        1.1767734018717848,
                        -0.5371376824652869
                    ],
                    [
                        0.7360908578324583,
                        -0.37164305053319335,
                        1.4824956058015069,
                        0.28663061769762327,
                        -1.0408292211804913,
                        0.028042038571931455
                    ],
                    [
                        -0.49750478361621486,
                        -0.28882974646658616,
                        0.28663061769762327,
                        1.4293337812930191,
                        -1.7282797064539888,
                        1.564434148056952
                    ],
                    [
                        1.4621459338376332,
                        1.1767734018717848,
                        -1.0408292211804913,
                        -1.7282797064539888,
                        5.242807397578211,
                        -3.056197870356185
                    ],
                    [
                        -0.9103262852508468,
                        -0.5371376824652868,
                        0.028042038571931466,
                        1.5644341480569524,
                        -3.056197870356185,
                        3.797903653430785
                    ]
                ]
            },
            "est_tgt": [
                0,
                1,
                2,
                3,
                4,
                5
            ],
            "oracle_est_tgt": [
                0
            ]
        },
        "1": {
            "intv_type": "hard",
            "inode": 1,
            "new_mui": 1.0,
            "new_vari": 2.0,
            "true_params": {
                "Si": [
                    [
                        1.0,
                        0.0,
                        0.5654078836209997,
                        -0.10786975094017409,
                        0.3620959611134663,
                        -0.18493674685960912
                    ],
                    [
                        0.0,
                        2.0,
                        -1.2927041196513411,
                        -2.16740148258918,
                        4.4938641900936895,
                        -3.463745756731957
                    ],
                    [
                        0.5654078836209997,
                        -1.2927041196513411,
                        2.155228045342552,
                        2.1069288341848207,
                        -4.2218367107471915,
                        2.7821423146517876
                    ],
                    [
                        -0.10786975094017409,
                        -2.16740148258918,
                        2.1069288341848207,
                        3.9487622244845504,
                        -6.8177321318089525,
                        5.601996515753432
                    ],
                    [
                        0.3620959611134663,
                        4.4938641900936895,
                        -4.2218367107471915,
                        -6.8177321318089525,
                        14.094395075251148,
                        -10.463794607344333
                    ],
                    [
                        -0.18493674685960912,
                        -3.463745756731957,
                        2.7821423146517876,
                        5.601996515753432,
                        -10.463794607344333,
                        9.636263300759603
                    ]
                ],
                "mui": [
                    0.0,
                    1.0,
                    -0.6463520598256706,
                    -1.08370074129459,
                    2.2469320950468448,
                    -1.7318728783659785
                ],
                "Ai": [
                    [
                        0.0,
                        0.0,
                        0.0,
                        0.0,
                        0.0,
                        0.0
                    ],
                    [
                        0.0,
                        0.0,
                        0.0,
                        0.0,
                        0.0,
                        0.0
                    ],
                    [
                        0.5654078836209997,
                        -0.6463520598256706,
                        0.0,
                        0.0,
                        0.0,
                        0.0
                    ],
                    [
                        -0.541545982127893,
                        -0.5879391266342793,
                        0.7670148290299004,
                        0.0,
                        0.0,
                        0.0
                    ],
                    [
                        0.8211648685521942,
                        0.8273709301844758,
                        -0.9533540466808755,
                        -0.7413105689005559,
                        0.0,
                        0.0
                    ],
                    [
                        0.6960805132423562,
                        0.0,
                        -0.9843630099424577,
                        0.8562911427601732,
                        -0.6409426410615524,
                        0.0
                    ]
                ]
            },
            "est_params": {
                "mui": [
                    0.9914975587872247,
                    1.4853432500705661,
                    -0.6556340908687767,
                    -2.1989407531913328,
                    4.313454008006285,
                    -3.3872411342593236
                ],
                "Si": [
                    [
                        2.002038606381149,
                        -0.9758547774943512,
                        1.970574000345032,
                        1.0386417655970488,
                        -1.7908210672112623,
                        1.4312071680458802
                    ],
                    [
                        -0.9758547774943512,
                        1.552351005204933,
                        -1.5292122240510753,
                        -1.4295806570649314,
                        2.8398262471297744,
                        -2.203368345744666
                    ],
                    [
                        1.970574000345032,
                        -1.5292122240510753,
                        3.0771631554271246,
                        2.235648567757387,
                        -4.269056158101416,
                        3.08234201055506
                    ],
                    [
                        1.038641765597049,
                        -1.4295806570649314,
                        2.235648567757387,
                        2.902394941139688,
                        -4.620989313111778,
                        4.138767859629712
                    ],
                    [
                        -1.7908210672112623,
                        2.8398262471297744,
                        -4.269056158101416,
                        -4.620989313111778,
                        9.230611076065326,
                        -7.162943103533209
                    ],
                    [
                        1.4312071680458809,
                        -2.203368345744666,
                        3.082342010555059,
                        4.138767859629712,
                        -7.162943103533209,
                        7.299875916891663
                    ]
                ]
            },
            "est_tgt": [
                0,
                1,
                4
            ],
            "oracle_est_tgt": [
                1
            ]
        },
        "2": {
            "intv_type": "hard",
            "inode": 2,
            "new_mui": 1.0,
            "new_vari": 2.0,
            "true_params": {
                "Si": [
                    [
                        1.0,
                        0.0,
                        0.0,
                        -0.541545982127893,
                        1.2226186286492329,
                        -0.5512689275086103
                    ],
                    [
                        0.0,
                        1.0,
                        0.0,
                        -0.5879391266342793,
                        1.2632164186286294,
                        -1.3130963342072346
                    ],
                    [
                        0.0,
                        0.0,
                        2.0,
                        1.5340296580598007,
                        -3.043900491888387,
                        1.2958156094426103
                    ],
                    [
                        -0.541545982127893,
                        -0.5879391266342793,
                        1.5340296580598007,
                        2.815567963289878,
                        -4.480825948208661,
                        3.3958966694537533
                    ],
                    [
                        1.2226186286492329,
                        1.2632164186286294,
                        -3.043900491888387,
                        -4.480825948208661,
                        9.27271849323592,
                        -5.932828199885557
                    ],
                    [
                        -0.5512689275086103,
                        -1.3130963342072346,
                        1.2958156094426103,
                        3.3958966694537533,
                        -5.932828199885557,
                        6.0511983035450205
                    ]
                ],
                "mui": [
                    0.0,
                    0.0,
                    1.0,
                    0.7670148290299004,
                    -1.5219502459441936,
                    0.6479078047213052
                ],
                "Ai": [
                    [
                        0.0,
                        0.0,
                        0.0,
                        0.0,
                        0.0,
                        0.0
                    ],
                    [
                        0.0,
                        0.0,
                        0.0,
                        0.0,
                        0.0,
                        0.0
                    ],
                    [
                        0.0,
                        0.0,
                        0.0,
                        0.0,
                        0.0,
                        0.0
                    ],
                    [
                        -0.541545982127893,
                        -0.5879391266342793,
                        0.7670148290299004,
                        0.0,
                        0.0,
                        0.0
                    ],
                    [
                        0.8211648685521942,
                        0.8273709301844758,
                        -0.9533540466808755,
                        -0.7413105689005559,
                        0.0,
                        0.0
                    ],
                    [
                        0.6960805132423562,
                        0.0,
                        -0.9843630099424577,
                        0.8562911427601732,
                        -0.6409426410615524,
                        0.0
                    ]
                ]
            },
            "est_params": {
                "mui": [
                    0.10261137498040666,
                    -0.19116980809770517,
                    1.2864666444187465,
                    1.2117449374321656,
                    -2.371614814662051,
                    1.5645425034974563
                ],
                "Si": [
                    [
                        1.1753104466100948,
                        -0.059089104234237515,
                        0.11482929893802299,
                        -0.5116734291566273,
                        1.2037761206220399,
                        -0.24482467469625202
                    ],
                    [
                        -0.059089104234237515,
                        0.9079417098446443,
                        0.07566016856258995,
                        -0.3676338641881494,
                        0.9821419787541679,
                        -1.0125857000454195
                    ],
                    [
                        0.11482929893802299,
                        0.07566016856258995,
                        1.38542344393258,
                        0.7812464999640628,
                        -1.4927900119667947,
                        0.32952219359416157
                    ],
                    [
                        -0.5116734291566273,
                        -0.3676338641881494,
                        0.7812464999640628,
                        1.5958574663008276,
                        -2.4452773768830727,
                        1.5647014687340846
                    ],
                    [
                        1.2037761206220399,
                        0.9821419787541679,
                        -1.4927900119667947,
                        -2.4452773768830722,
                        5.556755640097825,
                        -2.725981199914977
                    ],
                    [
                        -0.24482467469625202,
                        -1.0125857000454195,
                        0.3295221935941615,
                        1.5647014687340846,
                        -2.7259811999149774,
                        3.1731412389536033
                    ]
                ]
            },
            "est_tgt": [
                0,
                1,
                2,
                4,
                5
            ],
            "oracle_est_tgt": [
                2,
                4
            ]
        },
        "3": {
            "intv_type": "hard",
            "inode": 3,
            "new_mui": 1.0,
            "new_vari": 2.0,
            "true_params": {
                "Si": [
                    [
                        1.0,
                        0.0,
                        0.5654078836209997,
                        0.0,
                        0.28213097467684456,
                        -0.04131586495865261
                    ],
                    [
                        0.0,
                        1.0,
                        -0.6463520598256706,
                        0.0,
                        1.4435732819997982,
                        -0.28900261283833917
                    ],
                    [
                        0.5654078836209997,
                        -0.6463520598256706,
                        1.737457060101665,
                        0.0,
                        -1.726891533714784,
                        -0.20988063105928034
                    ],
                    [
                        0.0,
                        0.0,
                        0.0,
                        2.0,
                        -1.4826211378011118,
                        2.662857393276275
                    ],
                    [
                        0.28213097467684456,
                        1.4435732819997982,
                        -1.726891533714784,
                        -1.4826211378011118,
                        5.171468364825908,
                        -2.687895918659631
                    ],
                    [
                        -0.04131586495865261,
                        -0.28900261283833917,
                        -0.20988063105928034,
                        2.662857393276275,
                        -2.687895918659631,
                        5.1808078705328535
                    ]
                ],
                "mui": [
                    0.0,
                    0.0,
                    0.0,
                    1.0,
                    -0.7413105689005559,
                    1.3314286966381375
                ],
                "Ai": [
                    [
                        0.0,
                        0.0,
                        0.0,
                        0.0,
                        0.0,
                        0.0
                    ],
                    [
                        0.0,
                        0.0,
                        0.0,
                        0.0,
                        0.0,
                        0.0
                    ],
                    [
                        0.5654078836209997,
                        -0.6463520598256706,
                        0.0,
                        0.0,
                        0.0,
                        0.0
                    ],
                    [
                        0.0,
                        0.0,
                        0.0,
                        0.0,
                        0.0,
                        0.0
                    ],
                    [
                        0.8211648685521942,
                        0.8273709301844758,
                        -0.9533540466808755,
                        -0.7413105689005559,
                        0.0,
                        0.0
                    ],
                    [
                        0.6960805132423562,
                        0.0,
                        -0.9843630099424577,
                        0.8562911427601732,
                        -0.6409426410615524,
                        0.0
                    ]
                ]
            },
            "est_params": {
                "mui": [
                    0.0018316699602495537,
                    -0.1151765502808489,
                    0.08145620928337846,
                    0.798109831724085,
                    -0.6637814103274952,
                    1.0028012097692152
                ],
                "Si": [
                    [
                        1.239302912755732,
                        -0.0343951092044087,
                        0.7103616445004926,
                        -0.12648766426888378,
                        0.39596054637893335,
                        -0.20595167353210558
                    ],
                    [
                        -0.0343951092044087,
                        0.7788041754895803,
                        -0.46971839953059635,
                        0.021081385085885758,
                        1.0727687697246362,
                        -0.130564403857927
                    ],
                    [
                        0.7103616445004926,
                        -0.4697183995305963,
                        1.5424766556472758,
                        -0.08464441581719144,
                        -1.2157918824462697,
                        -0.4308810251208121
                    ],
                    [
                        -0.1264876642688838,
                        0.021081385085885727,
                        -0.0846444158171914,
                        1.5164583512138525,
                        -0.990461876160555,
                        1.8602517345018146
                    ],
                    [
                        0.39596054637893335,
                        1.0727687697246364,
                        -1.2157918824462697,
                        -0.990461876160555,
                        3.951685150832963,
                        -1.6646913225142277
                    ],
                    [
                        -0.20595167353210558,
                        -0.13056440385792703,
                        -0.4308810251208121,
                        1.8602517345018146,
                        -1.6646913225142277,
                        3.8417098173944084
                    ]
                ]
            },
            "est_tgt": [
                0,
                1,
                2,
                3,
                4,
                5
            ],
            "oracle_est_tgt": [
                2,
                3,
                4,
                5
            ]
        },
        "4": {
            "intv_type": "hard",
            "inode": 4,
            "new_mui": 1.0,
            "new_vari": 2.0,
            "true_params": {
                "Si": [
                    [
                        1.0,
                        0.0,
                        0.5654078836209997,
                        -0.10786975094017409,
                        0.0,
                        0.047145994774177157
                    ],
                    [
                        0.0,
                        1.0,
                        -0.6463520598256706,
                        -1.08370074129459,
                        0.0,
                        -0.29171828708068664
                    ],
                    [
                        0.5654078836209997,
                        -0.6463520598256706,
                        1.737457060101665,
                        1.4064766278144565,
                        0.0,
                        -0.1123655726085532
                    ],
                    [
                        -0.10786975094017409,
                        -1.08370074129459,
                        1.4064766278144565,
                        2.7743549278021065,
                        0.0,
                        0.9160859531830655
                    ],
                    [
                        0.0,
                        0.0,
                        0.0,
                        0.0,
                        2.0,
                        -1.2818852821231048
                    ],
                    [
                        0.047145994774177157,
                        -0.29171828708068664,
                        -0.1123655726085532,
                        0.9160859531830655,
                        -1.2818852821231048,
                        2.7494771474861794
                    ]
                ],
                "mui": [
                    0.0,
                    0.0,
                    0.0,
                    0.0,
                    1.0,
                    -0.6409426410615524
                ],
                "Ai": [
                    [
                        0.0,
                        0.0,
                        0.0,
                        0.0,
                        0.0,
                        0.0
                    ],
                    [
                        0.0,
                        0.0,
                        0.0,
                        0.0,
                        0.0,
                        0.0
                    ],
                    [
                        0.5654078836209997,
                        -0.6463520598256706,
                        0.0,
                        0.0,
                        0.0,
                        0.0
                    ],
                    [
                        -0.541545982127893,
                        -0.5879391266342793,
                        0.7670148290299004,
                        0.0,
                        0.0,
                        0.0
                    ],
                    [
                        0.0,
                        0.0,
                        0.0,
                        0.0,
                        0.0,
                        0.0
                    ],
                    [
                        0.6960805132423562,
                        0.0,
                        -0.9843630099424577,
                        0.8562911427601732,
                        -0.6409426410615524,
                        0.0
                    ]
                ]
            },
            "est_params": {
                "mui": [
                    -0.05206957918591974,
                    -0.12929036556905293,
                    0.027581806762554447,
                    -0.015153618464287984,
                    0.8854392447994366,
                    -0.6378410228974494
                ],
                "Si": [
                    [
                        1.0535090531656799,
                        -0.028526699343712412,
                        0.617622727474004,
                        -0.12623527646521407,
                        0.14665231439966717,
                        -0.12271944733073482
                    ],
                    [
                        -0.02852669934371242,
                        1.0217983465976812,
                        -0.7153265446251993,
                        -1.2299162466441345,
                        -0.03663078998541143,
                        -0.2455196987218213
                    ],
                    [
                        0.617622727474004,
                        -0.7153265446251993,
                        1.8374369017109393,
                        1.5057141118184096,
                        0.1871760353473416,
                        -0.26362694650765556
                    ],
                    [
                        -0.12623527646521404,
                        -1.2299162466441345,
                        1.5057141118184096,
                        2.9545921923130694,
                        0.15565443071576504,
                        0.7349466743855735
                    ],
                    [
                        0.14665231439966717,
                        -0.03663078998541141,
                        0.1871760353473416,
                        0.15565443071576504,
                        1.796702404873211,
                        -1.0690881501405791
                    ],
                    [
                        -0.12271944733073482,
                        -0.2455196987218213,
                        -0.26362694650765556,
                        0.7349466743855735,
                        -1.0690881501405791,
                        2.2850518093300547
                    ]
                ]
            },
            "est_tgt": [
                1,
                2,
                3,
                4
            ],
            "oracle_est_tgt": [
                2,
                3,
                4,
                5
            ]
        },
        "5": {
            "intv_type": "hard",
            "inode": 5,
            "new_mui": 1.0,
            "new_vari": 2.0,
            "true_params": {
                "Si": [
                    [
                        1.0,
                        0.0,
                        0.5654078836209997,
                        -0.10786975094017409,
                        0.3620959611134663,
                        0.0
                    ],
                    [
                        0.0,
                        1.0,
                        -0.6463520598256706,
                        -1.08370074129459,
                        2.2469320950468448,
                        0.0
                    ],
                    [
                        0.5654078836209997,
                        -0.6463520598256706,
                        1.737457060101665,
                        1.4064766278144565,
                        -2.7695275228252543,
                        0.0
                    ],
                    [
                        -0.10786975094017409,
                        -1.08370074129459,
                        1.4064766278144565,
                        2.7743549278021065,
                        -4.3827301547680815,
                        0.0
                    ],
                    [
                        0.3620959611134663,
                        2.2469320950468448,
                        -2.7695275228252543,
                        -4.3827301547680815,
                        9.045691235499545,
                        0.0
                    ],
                    [
                        0.0,
                        0.0,
                        0.0,
                        0.0,
                        0.0,
                        2.0
                    ]
                ],
                "mui": [
                    0.0,
                    0.0,
                    0.0,
                    0.0,
                    0.0,
                    1.0
                ],
                "Ai": [
                    [
                        0.0,
                        0.0,
                        0.0,
                        0.0,
                        0.0,
                        0.0
                    ],
                    [
                        0.0,
                        0.0,
                        0.0,
                        0.0,
                        0.0,
                        0.0
                    ],
                    [
                        0.5654078836209997,
                        -0.6463520598256706,
                        0.0,
                        0.0,
                        0.0,
                        0.0
                    ],
                    [
                        -0.541545982127893,
                        -0.5879391266342793,
                        0.7670148290299004,
                        0.0,
                        0.0,
                        0.0
                    ],
                    [
                        0.8211648685521942,
                        0.8273709301844758,
                        -0.9533540466808755,
                        -0.7413105689005559,
                        0.0,
                        0.0
                    ],
                    [
                        0.0,
                        0.0,
                        0.0,
                        0.0,
                        0.0,
                        0.0
                    ]
                ]
            },
            "est_params": {
                "mui": [
                    -0.05900868928366111,
                    -0.1077583619438785,
                    -0.06830161979389848,
                    -0.004087949038624399,
                    -0.22311410041073226,
                    1.090269547824441
                ],
                "Si": [
                    [
                        0.893888940561538,
                        0.05240464395374587,
                        0.5349247765877556,
                        -0.11003074031383896,
                        0.4193806739702919,
                        0.016844159569252046
                    ],
                    [
                        0.052404643953745854,
                        0.9957555279290872,
                        -0.5612470014541666,
                        -1.0045878633517156,
                        2.1418102570006865,
                        -0.033012550668278844
                    ],
                    [
                        0.5349247765877556,
                        -0.5612470014541666,
                        1.5745996961105213,
                        1.2472880185231412,
                        -2.363277883968938,
                        -0.012936471015190541
                    ],
                    [
                        -0.11003074031383896,
                        -1.0045878633517158,
                        1.247288018523141,
                        2.472592420686916,
                        -4.001346823438031,
                        -0.01758987174562237
                    ],
                    [
                        0.41938067397029183,
                        2.141810257000686,
                        -2.363277883968938,
                        -4.001346823438031,
                        8.445244975654967,
                        0.06267251192481572
                    ],
                    [
                        0.016844159569252046,
                        -0.03301255066827886,
                        -0.012936471015190553,
                        -0.01758987174562237,
                        0.06267251192481572,
                        1.9110419976552602
                    ]
                ]
            },
            "est_tgt": [
                2,
                3,
                5
            ],
            "oracle_est_tgt": [
                3,
                5
            ]
        },
        "obs": {
            "intv_type": "obs",
            "true_params": {
                "Si": [
                    [
                        1.0,
                        0.0,
                        0.5654078836209997,
                        -0.10786975094017409,
                        0.3620959611134663,
                        -0.18493674685960912
                    ],
                    [
                        0.0,
                        1.0,
                        -0.6463520598256706,
                        -1.08370074129459,
                        2.2469320950468448,
                        -1.7318728783659785
                    ],
                    [
                        0.5654078836209997,
                        -0.6463520598256706,
                        1.737457060101665,
                        1.4064766278144565,
                        -2.7695275228252543,
                        1.6627427123637242
                    ],
                    [
                        -0.10786975094017409,
                        -1.08370074129459,
                        1.4064766278144565,
                        2.7743549278021065,
                        -4.3827301547680815,
                        3.7251645936402253
                    ],
                    [
                        0.3620959611134663,
                        2.2469320950468448,
                        -2.7695275228252543,
                        -4.3827301547680815,
                        9.045691235499545,
                        -6.572393852402653
                    ],
                    [
                        -0.18493674685960912,
                        -1.7318728783659785,
                        1.6627427123637242,
                        3.7251645936402253,
                        -6.572393852402653,
                        6.636879633939943
                    ]
                ],
                "mui": [
                    0.0,
                    0.0,
                    0.0,
                    0.0,
                    0.0,
                    0.0
                ],
                "Ai": [
                    [
                        0.0,
                        0.0,
                        0.0,
                        0.0,
                        0.0,
                        0.0
                    ],
                    [
                        0.0,
                        0.0,
