{
    "expt_args": {
        "save_dir": "all_expt_logs/expt_logs_11.05.24-hard_var_shift-corr",
        "exp_name": "301",
        "num_nodes": 6,
        "obs_noise_mean": 0.0,
        "obs_noise_var": 1.0,
        "max_edge_strength": 1.0,
        "graph_sparsity_method": "adj_dense_prop",
        "adj_dense_prop": 0.8,
        "num_parents": null,
        "new_noise_mean": 1.0,
        "mix_samples": 32768,
        "stage2_samples": 32768,
        "gmm_tol": 0.001,
        "intv_type": "hard",
        "new_noise_var": 0.5,
        "intv_targets": [
            0,
            1,
            2,
            3,
            4,
            5
        ]
    },
    "intv_args_dict": {
        "0": {
            "intv_type": "hard",
            "inode": 0,
            "new_mui": 1.0,
            "new_vari": 0.5,
            "true_params": {
                "Si": [
                    [
                        0.5,
                        -0.308027452295404,
                        0.34261360823722026,
                        0.28904895479136583,
                        0.36449262505588464,
                        -0.3084177671151215
                    ],
                    [
                        -0.308027452295404,
                        1.1897618227351947,
                        -0.2110687937340932,
                        -0.17807002626606766,
                        -0.8456971090942726,
                        1.167765809307705
                    ],
                    [
                        0.34261360823722026,
                        -0.2110687937340932,
                        1.234768169098655,
                        0.19806421071653402,
                        -0.3432908903690607,
                        -0.666782113334948
                    ],
                    [
                        0.28904895479136583,
                        -0.17807002626606766,
                        0.19806421071653402,
                        1.167098596531962,
                        0.2107124246031293,
                        -0.17829566644742548
                    ],
                    [
                        0.36449262505588464,
                        -0.8456971090942726,
                        -0.3432908903690607,
                        0.2107124246031293,
                        2.003246297520434,
                        -1.2811111145458207
                    ],
                    [
                        -0.3084177671151215,
                        1.167765809307705,
                        -0.666782113334948,
                        -0.17829566644742548,
                        -1.2811111145458207,
                        2.870720265573378
                    ]
                ],
                "mui": [
                    1.0,
                    -0.616054904590808,
                    0.6852272164744405,
                    0.5780979095827317,
                    0.7289852501117693,
                    -0.616835534230243
                ],
                "Ai": [
                    [
                        0.0,
                        0.0,
                        0.0,
                        0.0,
                        0.0,
                        0.0
                    ],
                    [
                        -0.616054904590808,
                        0.0,
                        0.0,
                        0.0,
                        0.0,
                        0.0
                    ],
                    [
                        0.6852272164744405,
                        0.0,
                        0.0,
                        0.0,
                        0.0,
                        0.0
                    ],
                    [
                        0.5780979095827317,
                        -0.0,
                        0.0,
                        0.0,
                        0.0,
                        0.0
                    ],
                    [
                        0.7526977617815449,
                        -0.6211496397414165,
                        -0.5930511572615664,
                        0.0,
                        0.0,
                        0.0
                    ],
                    [
                        0.8388274553719131,
                        0.5311293961379387,
                        -0.881875945443976,
                        -0.0,
                        -0.7190443437453863,
                        0.0
                    ]
                ]
            },
            "est_params": {
                "mui": [
                    1.0463374401970358,
                    -1.1901218158854825,
                    0.9261675531265385,
                    0.7866349288654506,
                    1.403063308694158,
                    -1.9408276846940768
                ],
                "Si": [
                    [
                        0.6338508456236693,
                        -0.23734990040072396,
                        0.3380119722923068,
                        0.25683758063448303,
                        0.292640073204072,
                        -0.016734883691504266
                    ],
                    [
                        -0.23734990040072396,
                        0.9157586502746169,
                        -0.03322148728541386,
                        -0.05117997912326139,
                        -0.4975965589316718,
                        0.4851305188214811
                    ],
                    [
                        0.3380119722923068,
                        -0.03322148728541385,
                        1.0968639113836662,
                        0.14126653594509408,
                        -0.43083084782903086,
                        -0.3342958870874477
                    ],
                    [
                        0.25683758063448303,
                        -0.05117997912326138,
                        0.14126653594509406,
                        0.9872903600553694,
                        0.071137133344903,
                        0.054970470233022935
                    ],
                    [
                        0.29264007320407204,
                        -0.4975965589316717,
                        -0.43083084782903086,
                        0.071137133344903,
                        1.5073950998416359,
                        -0.565417549941981
                    ],
                    [
                        -0.01673488369150426,
                        0.4851305188214811,
                        -0.3342958870874477,
                        0.05497047023302292,
                        -0.565417549941981,
                        1.6372249459679449
                    ]
                ]
            },
            "est_tgt": [
                0,
                1,
                2,
                3,
                4,
                5
            ],
            "oracle_est_tgt": [
                0
            ]
        },
        "1": {
            "intv_type": "hard",
            "inode": 1,
            "new_mui": 1.0,
            "new_vari": 0.5,
            "true_params": {
                "Si": [
                    [
                        1.0,
                        0.0,
                        0.6852272164744405,
                        0.5780979095827317,
                        0.34632296806425605,
                        -0.014479515296145523
                    ],
                    [
                        0.0,
                        0.5,
                        0.0,
                        0.0,
                        -0.31057481987070823,
                        0.48888176560674435
                    ],
                    [
                        0.6852272164744405,
                        0.0,
                        1.4695363381973099,
                        0.39612842143306803,
                        -0.3557412338537297,
                        -0.46536762322566794
                    ],
                    [
                        0.5780979095827317,
                        0.0,
                        0.39612842143306803,
                        1.3341971930639243,
                        0.20020858387843357,
                        -0.008370577524472915
                    ],
                    [
                        0.34632296806425605,
                        -0.31057481987070823,
                        -0.3557412338537297,
                        0.20020858387843357,
                        1.6645627108135645,
                        -0.7576249675772065
                    ],
                    [
                        -0.014479515296145523,
                        0.48888176560674435,
                        -0.46536762322566794,
                        -0.008370577524472915,
                        -0.7576249675772065,
                        2.202676122306499
                    ]
                ],
                "mui": [
                    0.0,
                    1.0,
                    0.0,
                    0.0,
                    -0.6211496397414165,
                    0.9777635312134887
                ],
                "Ai": [
                    [
                        0.0,
                        0.0,
                        0.0,
                        0.0,
                        0.0,
                        0.0
                    ],
                    [
                        0.0,
                        0.0,
                        0.0,
                        0.0,
                        0.0,
                        0.0
                    ],
                    [
                        0.6852272164744405,
                        0.0,
                        0.0,
                        0.0,
                        0.0,
                        0.0
                    ],
                    [
                        0.5780979095827317,
                        -0.0,
                        0.0,
                        0.0,
                        0.0,
                        0.0
                    ],
                    [
                        0.7526977617815449,
                        -0.6211496397414165,
                        -0.5930511572615664,
                        0.0,
                        0.0,
                        0.0
                    ],
                    [
                        0.8388274553719131,
                        0.5311293961379387,
                        -0.881875945443976,
                        -0.0,
                        -0.7190443437453863,
                        0.0
                    ]
                ]
            },
            "est_params": {
                "mui": [
                    -0.2545800838381883,
                    1.1018513157243235,
                    -0.4705586017056302,
                    0.48311348891665773,
                    -1.0090326388964217,
                    1.9167736198400893
                ],
                "Si": [
                    [
                        1.1160047963775381,
                        -0.10831476926806355,
                        0.7778746570727743,
                        0.21202149234525458,
                        0.3530840970896973,
                        0.03567673939735085
                    ],
                    [
                        -0.10831476926806355,
                        0.6451077269283904,
                        -0.0057190899302305915,
                        -0.05821945973357031,
                        -0.31936440772301605,
                        0.4316272321371951
                    ],
                    [
                        0.7778746570727744,
                        -0.005719089930230592,
                        1.5704739170698696,
                        0.2172157973833649,
                        -0.5059164182290143,
                        -0.2966808182391614
                    ],
                    [
                        0.21202149234525458,
                        -0.05821945973357032,
                        0.2172157973833649,
                        1.1916323739531525,
                        0.053125564824671095,
                        -0.15819241415570834
                    ],
                    [
                        0.3530840970896973,
                        -0.31936440772301605,
                        -0.5059164182290145,
                        0.05312556482467108,
                        1.6128128212481094,
                        -0.42435811193465883
                    ],
                    [
                        0.03567673939735083,
                        0.4316272321371951,
                        -0.2966808182391614,
                        -0.1581924141557083,
                        -0.42435811193465883,
                        1.58891596963928
                    ]
                ]
            },
            "est_tgt": [
                1,
                2,
                3,
                4,
                5
            ],
            "oracle_est_tgt": [
                1
            ]
        },
        "2": {
            "intv_type": "hard",
            "inode": 2,
            "new_mui": 1.0,
            "new_vari": 0.5,
            "true_params": {
                "Si": [
                    [
                        1.0,
                        -0.616054904590808,
                        0.0,
                        0.5780979095827317,
                        1.135360043829058,
                        -0.3047516317210164
                    ],
                    [
                        -0.616054904590808,
                        1.3795236454703896,
                        0.0,
                        -0.3561400525321353,
                        -1.3205937632187426,
                        1.1655072686172725
                    ],
                    [
                        0.0,
                        0.0,
                        0.5,
                        0.0,
                        -0.2965255786307832,
                        -0.22772293263169552
                    ],
                    [
                        0.5780979095827317,
                        -0.3561400525321353,
                        0.0,
                        1.3341971930639243,
                        0.6563492679613371,
                        -0.17617628123984608
                    ],
                    [
                        1.135360043829058,
                        -1.3205937632187426,
                        -0.2965255786307832,
                        0.6563492679613371,
                        2.850724141639054,
                        -1.5373332861264655
                    ],
                    [
                        -0.3047516317210164,
                        1.1655072686172725,
                        -0.22772293263169552,
                        -0.17617628123984608,
                        -1.5373332861264655,
                        2.669635316372686
                    ]
                ],
                "mui": [
                    0.0,
                    0.0,
                    1.0,
                    0.0,
                    -0.5930511572615664,
                    -0.45544586526339104
                ],
                "Ai": [
                    [
                        0.0,
                        0.0,
                        0.0,
                        0.0,
                        0.0,
                        0.0
                    ],
                    [
                        -0.616054904590808,
                        0.0,
                        0.0,
                        0.0,
                        0.0,
                        0.0
                    ],
                    [
                        0.0,
                        0.0,
                        0.0,
                        0.0,
                        0.0,
                        0.0
                    ],
                    [
                        0.5780979095827317,
                        -0.0,
                        0.0,
                        0.0,
                        0.0,
                        0.0
                    ],
                    [
                        0.7526977617815449,
                        -0.6211496397414165,
                        -0.5930511572615664,
                        0.0,
                        0.0,
                        0.0
                    ],
                    [
                        0.8388274553719131,
                        0.5311293961379387,
                        -0.881875945443976,
                        -0.0,
                        -0.7190443437453863,
                        0.0
                    ]
                ]
            },
            "est_params": {
                "mui": [
                    0.3493491692901813,
                    0.261075276006348,
                    0.6680435408016637,
                    0.47050393466997703,
                    -0.44734149475425294,
                    0.43092977597935256
                ],
                "Si": [
                    [
                        0.6303333508696449,
                        -0.09878436104077114,
                        0.28859993963335634,
                        0.18817060789731063,
                        0.271360173579473,
                        0.04554181052687395
                    ],
                    [
                        -0.09878436104077115,
                        0.7395006284032783,
                        -0.053179887241675196,
                        -0.06466466772120572,
                        -0.17949117319485014,
                        0.25391337947874215
                    ],
                    [
                        0.28859993963335634,
                        -0.053179887241675196,
                        0.7732151289285469,
                        0.08788461219699362,
                        -0.2275251232302024,
                        -0.21754841350900656
                    ],
                    [
                        0.18817060789731063,
                        -0.06466466772120574,
                        0.08788461219699362,
                        0.8863472384722939,
                        0.07639324540587757,
                        -0.08734454260695203
                    ],
                    [
                        0.271360173579473,
                        -0.1794911731948501,
                        -0.2275251232302024,
                        0.07639324540587757,
                        0.9788569000051,
                        -0.17084984055925923
                    ],
                    [
                        0.04554181052687395,
                        0.25391337947874215,
                        -0.21754841350900658,
                        -0.08734454260695203,
                        -0.17084984055925923,
                        1.1101487960200955
                    ]
                ]
            },
            "est_tgt": [
                0,
                1,
                2,
                3,
                4,
                5
            ],
            "oracle_est_tgt": [
                2
            ]
        },
        "3": {
            "intv_type": "hard",
            "inode": 3,
            "new_mui": 1.0,
            "new_vari": 0.5,
            "true_params": {
                "Si": [
                    [
                        1.0,
                        -0.616054904590808,
                        0.6852272164744405,
                        0.0,
                        0.7289852501117693,
                        -0.616835534230243
                    ],
                    [
                        -0.616054904590808,
                        1.3795236454703896,
                        -0.4221375874681864,
                        0.0,
                        -1.0702445784471288,
                        1.3577680874019211
                    ],
                    [
                        0.6852272164744405,
                        -0.4221375874681864,
                        1.4695363381973099,
                        0.0,
                        -0.09353062347655494,
                        -0.8781183614065049
                    ],
                    [
                        0.0,
                        0.0,
                        0.0,
                        0.5,
                        0.0,
                        0.0
                    ],
                    [
                        0.7289852501117693,
                        -1.0702445784471288,
                        -0.09353062347655494,
                        0.0,
                        2.2689560449606936,
                        -1.505943117645151
                    ],
                    [
                        -0.616835534230243,
                        1.3577680874019211,
                        -0.8781183614065049,
                        0.0,
                        -1.505943117645151,
                        3.0609633037179322
                    ]
                ],
                "mui": [
                    0.0,
                    0.0,
                    0.0,
                    1.0,
                    0.0,
                    0.0
                ],
                "Ai": [
                    [
                        0.0,
                        0.0,
                        0.0,
                        0.0,
                        0.0,
                        0.0
                    ],
                    [
                        -0.616054904590808,
                        0.0,
                        0.0,
                        0.0,
                        0.0,
                        0.0
                    ],
                    [
                        0.6852272164744405,
                        0.0,
                        0.0,
                        0.0,
                        0.0,
                        0.0
                    ],
                    [
                        0.0,
                        0.0,
                        0.0,
                        0.0,
                        0.0,
                        0.0
                    ],
                    [
                        0.7526977617815449,
                        -0.6211496397414165,
                        -0.5930511572615664,
                        0.0,
                        0.0,
                        0.0
                    ],
                    [
                        0.8388274553719131,
                        0.5311293961379387,
                        -0.881875945443976,
                        -0.0,
                        -0.7190443437453863,
                        0.0
                    ]
                ]
            },
            "est_params": {
                "mui": [
                    0.5869867293941846,
                    -0.6408466111293172,
                    0.11076711174618892,
                    0.5357077570344664,
                    1.0953771692677423,
                    0.46256220461737313
                ],
                "Si": [
                    [
                        0.7584752423827434,
                        -0.25116939091305546,
                        0.4815595392006726,
                        0.3847796414364996,
                        0.28304228052118974,
                        -0.02584858507024941
                    ],
                    [
                        -0.25116939091305546,
                        0.8474918446729088,
                        -0.17625176842438622,
                        -0.04985654181875811,
                        -0.3383653599197133,
                        -0.018278489486046233
                    ],
                    [
                        0.4815595392006726,
                        -0.17625176842438622,
                        1.3078953047540955,
                        0.24607719152090496,
                        -0.35736387565384164,
                        0.07545062122151476
                    ],
                    [
                        0.3847796414364996,
                        -0.049856541818758114,
                        0.24607719152090496,
                        1.167921087773144,
                        0.11862900444462064,
                        -0.05671540864233949
                    ],
                    [
                        0.28304228052118974,
                        -0.3383653599197133,
                        -0.3573638756538416,
                        0.11862900444462064,
                        1.2459670647989707,
                        -0.08209471503902224
                    ],
                    [
                        -0.025848585070249407,
                        -0.018278489486046236,
                        0.07545062122151476,
                        -0.0567154086423395,
                        -0.08209471503902224,
                        0.9609735245716078
                    ]
                ]
            },
            "est_tgt": [
                0,
                1,
                2,
                3,
                4,
                5
            ],
            "oracle_est_tgt": [
                3
            ]
        },
        "4": {
            "intv_type": "hard",
            "inode": 4,
            "new_mui": 1.0,
            "new_vari": 0.5,
            "true_params": {
                "Si": [
                    [
                        1.0,
                        -0.616054904590808,
                        0.6852272164744405,
                        0.5780979095827317,
                        0.0,
                        -0.09266281346355948
                    ],
                    [
                        -0.616054904590808,
                        1.3795236454703896,
                        -0.4221375874681864,
                        -0.3561400525321353,
                        0.0,
                        0.5882147768453477
                    ],
                    [
                        0.6852272164744405,
                        -0.4221375874681864,
                        1.4695363381973099,
                        0.39612842143306803,
                        0.0,
                        -0.9453710271843011
                    ],
                    [
                        0.5780979095827317,
                        -0.3561400525321353,
                        0.39612842143306803,
                        1.3341971930639243,
                        0.0,
                        -0.053568178759338336
                    ],
                    [
                        0.0,
                        0.0,
                        0.0,
                        0.0,
                        0.5,
                        -0.35952217187269314
                    ],
                    [
                        -0.09266281346355948,
                        0.5882147768453477,
                        -0.9453710271843011,
                        -0.053568178759338336,
                        -0.35952217187269314,
                        2.326902399729657
                    ]
                ],
                "mui": [
                    0.0,
                    0.0,
                    0.0,
                    0.0,
                    1.0,
                    -0.7190443437453863
                ],
                "Ai": [
                    [
                        0.0,
                        0.0,
                        0.0,
                        0.0,
                        0.0,
                        0.0
                    ],
                    [
                        -0.616054904590808,
                        0.0,
                        0.0,
                        0.0,
                        0.0,
                        0.0
                    ],
                    [
                        0.6852272164744405,
                        0.0,
                        0.0,
                        0.0,
                        0.0,
                        0.0
                    ],
                    [
                        0.5780979095827317,
                        -0.0,
                        0.0,
                        0.0,
                        0.0,
                        0.0
                    ],
                    [
                        0.0,
                        0.0,
                        0.0,
                        0.0,
                        0.0,
                        0.0
                    ],
                    [
                        0.8388274553719131,
                        0.5311293961379387,
                        -0.881875945443976,
                        -0.0,
                        -0.7190443437453863,
                        0.0
                    ]
                ]
            },
            "est_params": {
                "mui": [
                    0.09866401924884527,
                    -0.27842718257584476,
                    0.4328804214435036,
                    0.06684145971984248,
                    0.817666835110702,
                    -1.3589353141560883
                ],
                "Si": [
                    [
                        0.8046656209966586,
                        -0.32446374679455,
                        0.3818353190949414,
                        0.32975337039116337,
                        0.02991616670515418,
                        0.2015907951893872
                    ],
                    [
                        -0.32446374679455,
                        1.072715319286788,
                        -0.133634037559153,
                        -0.1833538692242196,
                        0.08535459541499206,
                        0.2613396898003822
                    ],
                    [
                        0.38183531909494134,
                        -0.13363403755915304,
                        0.951376485327827,
                        0.08132842409495514,
                        -0.24516428739081658,
                        -0.2416723591057527
                    ],
                    [
                        0.32975337039116337,
                        -0.1833538692242196,
                        0.08132842409495514,
                        1.1896101147567975,
                        0.012524297210438129,
                        0.11431597157901963
                    ],
                    [
                        0.02991616670515418,
                        0.08535459541499206,
                        -0.24516428739081658,
                        0.012524297210438129,
                        0.7742918269895592,
                        -0.15115607698446737
                    ],
                    [
                        0.2015907951893872,
                        0.2613396898003822,
                        -0.24167235910575272,
                        0.11431597157901963,
                        -0.15115607698446734,
                        1.132388403126442
                    ]
                ]
            },
            "est_tgt": [
                0,
                1,
                2,
                3,
                4,
                5
            ],
            "oracle_est_tgt": [
                4
            ]
        },
        "5": {
            "intv_type": "hard",
            "inode": 5,
            "new_mui": 1.0,
            "new_vari": 0.5,
            "true_params": {
                "Si": [
                    [
                        1.0,
                        -0.616054904590808,
                        0.6852272164744405,
                        0.5780979095827317,
                        0.7289852501117693,
                        0.0
                    ],
                    [
                        -0.616054904590808,
                        1.3795236454703896,
                        -0.4221375874681864,
                        -0.3561400525321353,
                        -1.0702445784471288,
                        0.0
                    ],
                    [
                        0.6852272164744405,
                        -0.4221375874681864,
                        1.4695363381973099,
                        0.39612842143306803,
                        -0.09353062347655494,
                        0.0
                    ],
                    [
                        0.5780979095827317,
                        -0.3561400525321353,
                        0.39612842143306803,
                        1.3341971930639243,
                        0.4214248492062586,
                        0.0
                    ],
                    [
                        0.7289852501117693,
                        -1.0702445784471288,
                        -0.09353062347655494,
                        0.4214248492062586,
                        2.2689560449606936,
                        0.0
                    ],
                    [
                        0.0,
                        0.0,
                        0.0,
                        0.0,
                        0.0,
                        0.5
                    ]
                ],
                "mui": [
                    0.0,
                    0.0,
                    0.0,
                    0.0,
                    0.0,
                    1.0
                ],
                "Ai": [
                    [
                        0.0,
                        0.0,
                        0.0,
                        0.0,
                        0.0,
                        0.0
                    ],
                    [
                        -0.616054904590808,
                        0.0,
                        0.0,
                        0.0,
                        0.0,
                        0.0
                    ],
                    [
                        0.6852272164744405,
                        0.0,
                        0.0,
                        0.0,
                        0.0,
                        0.0
                    ],
                    [
                        0.5780979095827317,
                        -0.0,
                        0.0,
                        0.0,
                        0.0,
                        0.0
                    ],
                    [
                        0.7526977617815449,
                        -0.6211496397414165,
                        -0.5930511572615664,
                        0.0,
                        0.0,
                        0.0
                    ],
                    [
                        0.0,
                        0.0,
                        0.0,
                        0.0,
                        0.0,
                        0.0
                    ]
                ]
            },
            "est_params": {
                "mui": [
                    -0.42047554912417556,
                    0.49035573148219774,
                    -0.8833508415551643,
                    -0.23813559651420194,
                    0.25504466843128126,
                    0.7691152316713438
                ],
                "Si": [
                    [
                        0.8332520611712007,
                        -0.28036611878696016,
                        0.42293311156545743,
                        0.4282532425463192,
                        0.1262092314893272,
                        0.1962933842734576
                    ],
                    [
                        -0.28036611878696016,
                        0.8245822141826423,
                        -0.10075218246457267,
                        -0.1705155725648985,
                        -0.12494558564337019,
                        0.09388721184661401
                    ],
                    [
                        0.42293311156545743,
                        -0.10075218246457267,
                        0.918382547044228,
                        0.2227569805872081,
                        -0.1752014063072175,
                        -0.11764659807547323
                    ],
                    [
                        0.4282532425463192,
                        -0.1705155725648985,
                        0.22275698058720814,
                        1.3322718281608028,
                        0.031691235514228554,
                        0.02875298068807118
                    ],
                    [
                        0.1262092314893272,
                        -0.12494558564337019,
                        -0.1752014063072175,
                        0.03169123551422856,
                        0.9643841537015032,
                        -0.22629138508428245
                    ],
                    [
                        0.1962933842734576,
                        0.09388721184661401,
                        -0.11764659807547323,
                        0.02875298068807118,
                        -0.22629138508428245,
                        1.0153705806891866
                    ]
                ]
            },
            "est_tgt": [
                1,
                2,
                3,
                4,
                5
            ],
            "oracle_est_tgt": [
                5
            ]
        },
        "obs": {
            "intv_type": "obs",
            "true_params": {
                "Si": [
                    [
                        1.0,
                        -0.616054904590808,
                        0.6852272164744405,
                        0.5780979095827317,
                        0.7289852501117693,
                        -0.616835534230243
                    ],
                    [
                        -0.616054904590808,
                        1.3795236454703896,
                        -0.4221375874681864,
                        -0.3561400525321353,
                        -1.0702445784471288,
                        1.3577680874019211
                    ],
                    [
                        0.6852272164744405,
                        -0.4221375874681864,
                        1.4695363381973099,
                        0.39612842143306803,
                        -0.09353062347655494,
                        -0.8781183614065049
                    ],
                    [
                        0.5780979095827317,
                        -0.3561400525321353,
                        0.39612842143306803,
                        1.3341971930639243,
                        0.4214248492062586,
                        -0.35659133289485095
                    ],
                    [
                        0.7289852501117693,
                        -1.0702445784471288,
                        -0.09353062347655494,
                        0.4214248492062586,
                        2.2689560449606936,
                        -1.505943117645151
                    ],
                    [
                        -0.616835534230243,
                        1.3577680874019211,
                        -0.8781183614065049,
                        -0.35659133289485095,
                        -1.505943117645151,
                        3.0609633037179322
                    ]
                ],
                "mui": [
                    0.0,
                    0.0,
                    0.0,
                    0.0,
                    0.0,
                    0.0
                ],
                "Ai": [
                    [
                        0.0,
                        0.0,
                        0.0,
                        0.0,
                        0.0,
                        0.0
                    ],
                    [
                        -0.616054904590808,
                        0.0,
                        0.0,
                        0.0,
