{
    "expt_args": {
        "save_dir": "all_expt_logs/expt_logs_11.05.24-hard_var_shift-corr",
        "exp_name": "45",
        "num_nodes": 6,
        "obs_noise_mean": 0.0,
        "obs_noise_var": 1.0,
        "max_edge_strength": 1.0,
        "graph_sparsity_method": "adj_dense_prop",
        "adj_dense_prop": 0.8,
        "num_parents": null,
        "new_noise_mean": 1.0,
        "mix_samples": 32768,
        "stage2_samples": 32768,
        "gmm_tol": 0.001,
        "intv_type": "hard",
        "new_noise_var": 4.0,
        "intv_targets": [
            0,
            1,
            2,
            3,
            4,
            5
        ]
    },
    "intv_args_dict": {
        "0": {
            "intv_type": "hard",
            "inode": 0,
            "new_mui": 1.0,
            "new_vari": 4.0,
            "true_params": {
                "Si": [
                    [
                        4.0,
                        -2.186969885017085,
                        -3.0450870757602155,
                        -3.4798810862206047,
                        -1.2942245191992612,
                        -3.4654873455626833
                    ],
                    [
                        -2.186969885017085,
                        2.1957093194929103,
                        1.6648784329855824,
                        1.902598784751251,
                        1.2993964195807153,
                        0.8991767621169648
                    ],
                    [
                        -3.0450870757602155,
                        1.6648784329855824,
                        3.3181388247404753,
                        2.649135230208196,
                        0.9852565891364123,
                        3.4591305666057623
                    ],
                    [
                        -3.4798810862206047,
                        1.902598784751251,
                        2.649135230208196,
                        4.027393093558974,
                        1.1259368564211163,
                        3.0148709670901077
                    ],
                    [
                        -1.2942245191992612,
                        1.2993964195807153,
                        0.9852565891364123,
                        1.1259368564211163,
                        1.7689683876776177,
                        0.02384288064945872
                    ],
                    [
                        -3.4654873455626833,
                        0.8991767621169648,
                        3.4591305666057623,
                        3.0148709670901077,
                        0.02384288064945872,
                        5.925837273558705
                    ]
                ],
                "mui": [
                    1.0,
                    -0.5467424712542712,
                    -0.7612717689400539,
                    -0.8699702715551512,
                    -0.3235561297998153,
                    -0.8663718363906708
                ],
                "Ai": [
                    [
                        0.0,
                        0.0,
                        0.0,
                        0.0,
                        0.0,
                        0.0
                    ],
                    [
                        -0.5467424712542712,
                        0.0,
                        0.0,
                        0.0,
                        0.0,
                        0.0
                    ],
                    [
                        -0.7612717689400539,
                        -0.0,
                        0.0,
                        0.0,
                        0.0,
                        0.0
                    ],
                    [
                        -0.8699702715551512,
                        -0.0,
                        -0.0,
                        0.0,
                        0.0,
                        0.0
                    ],
                    [
                        0.0,
                        0.5917889075958404,
                        0.0,
                        -0.0,
                        0.0,
                        0.0
                    ],
                    [
                        -0.7857143354592768,
                        -0.6947579150752073,
                        0.8209528848098868,
                        -0.0,
                        -0.5082799531393045,
                        0.0
                    ]
                ]
            },
            "est_params": {
                "mui": [
                    1.695040601412807,
                    -0.9389015424963291,
                    -1.938272160431132,
                    -1.5258848677428198,
                    -0.5131837227342123,
                    -2.1374377190456113
                ],
                "Si": [
                    [
                        3.0795509901248517,
                        -1.7192184906969254,
                        -1.2948362106576985,
                        -2.5788768478282638,
                        -1.0634875158963222,
                        -1.5828774689203895
                    ],
                    [
                        -1.7192184906969254,
                        2.0100627792219736,
                        0.6873100221154136,
                        1.4263984424347593,
                        1.1835835620134283,
                        -0.1830534966145782
                    ],
                    [
                        -1.2948362106576987,
                        0.6873100221154136,
                        1.8222498231578734,
                        1.053509605930559,
                        0.34809558095832394,
                        1.6925430966094104
                    ],
                    [
                        -2.5788768478282638,
                        1.4263984424347593,
                        1.053509605930559,
                        3.1482235831843903,
                        0.9059120257021964,
                        1.3204341047642796
                    ],
                    [
                        -1.0634875158963222,
                        1.1835835620134283,
                        0.34809558095832394,
                        0.9059120257021964,
                        1.6140720654106226,
                        -0.6066605862468739
                    ],
                    [
                        -1.5828774689203895,
                        -0.1830534966145782,
                        1.6925430966094104,
                        1.3204341047642796,
                        -0.6066605862468739,
                        3.940099971900775
                    ]
                ]
            },
            "est_tgt": [
                0,
                2,
                5
            ],
            "oracle_est_tgt": [
                0
            ]
        },
        "1": {
            "intv_type": "hard",
            "inode": 1,
            "new_mui": 1.0,
            "new_vari": 4.0,
            "true_params": {
                "Si": [
                    [
                        1.0,
                        0.0,
                        -0.7612717689400539,
                        -0.8699702715551512,
                        0.0,
                        -1.4106825902949396
                    ],
                    [
                        0.0,
                        4.0,
                        0.0,
                        0.0,
                        2.3671556303833614,
                        -3.982209413185525
                    ],
                    [
                        -0.7612717689400539,
                        0.0,
                        1.5795347061851188,
                        0.662283807552049,
                        0.0,
                        1.8948657157366529
                    ],
                    [
                        -0.8699702715551512,
                        0.0,
                        0.662283807552049,
                        1.7568482733897435,
                        0.0,
                        1.2272519161570126
                    ],
                    [
                        0.0,
                        2.3671556303833614,
                        0.0,
                        0.0,
                        2.400856444613912,
                        -2.864907311586239
                    ],
                    [
                        -1.4106825902949396,
                        -3.982209413185525,
                        1.8948657157366529,
                        1.2272519161570126,
                        -2.864907311586239,
                        7.88683547301806
                    ]
                ],
                "mui": [
                    0.0,
                    1.0,
                    0.0,
                    0.0,
                    0.5917889075958404,
                    -0.9955523532963813
                ],
                "Ai": [
                    [
                        0.0,
                        0.0,
                        0.0,
                        0.0,
                        0.0,
                        0.0
                    ],
                    [
                        0.0,
                        0.0,
                        0.0,
                        0.0,
                        0.0,
                        0.0
                    ],
                    [
                        -0.7612717689400539,
                        -0.0,
                        0.0,
                        0.0,
                        0.0,
                        0.0
                    ],
                    [
                        -0.8699702715551512,
                        -0.0,
                        -0.0,
                        0.0,
                        0.0,
                        0.0
                    ],
                    [
                        0.0,
                        0.5917889075958404,
                        0.0,
                        -0.0,
                        0.0,
                        0.0
                    ],
                    [
                        -0.7857143354592768,
                        -0.6947579150752073,
                        0.8209528848098868,
                        -0.0,
                        -0.5082799531393045,
                        0.0
                    ]
                ]
            },
            "est_params": {
                "mui": [
                    0.32006065520217714,
                    1.3087740844108426,
                    -0.3518676206554907,
                    -0.3167130488960077,
                    2.334523903818299,
                    -2.6730274252424393
                ],
                "Si": [
                    [
                        0.9883284228574141,
                        -0.45004464595263083,
                        -0.7207233674119515,
                        -0.8622887502435215,
                        -0.2102750737821326,
                        -0.9081172959422967
                    ],
                    [
                        -0.45004464595263083,
                        4.000250849398501,
                        0.41056211446277385,
                        0.40640891724368977,
                        -0.10877854190622964,
                        -2.003414354655152
                    ],
                    [
                        -0.7207233674119515,
                        0.41056211446277396,
                        1.4823648216533485,
                        0.6499817733336155,
                        0.23945310855643423,
                        1.296071666749741
                    ],
                    [
                        -0.8622887502435215,
                        0.4064089172436898,
                        0.6499817733336155,
                        1.7699102816171046,
                        0.22644555875351097,
                        0.7631225083055471
                    ],
                    [
                        -0.2102750737821326,
                        -0.10877854190622967,
                        0.23945310855643423,
                        0.22644555875351094,
                        2.072358623381801,
                        -0.5619476877775136
                    ],
                    [
                        -0.9081172959422968,
                        -2.003414354655152,
                        1.296071666749741,
                        0.7631225083055471,
                        -0.5619476877775136,
                        4.349928628325273
                    ]
                ]
            },
            "est_tgt": [
                0,
                1,
                2,
                4,
                5
            ],
            "oracle_est_tgt": [
                1
            ]
        },
        "2": {
            "intv_type": "hard",
            "inode": 2,
            "new_mui": 1.0,
            "new_vari": 4.0,
            "true_params": {
                "Si": [
                    [
                        1.0,
                        -0.5467424712542712,
                        0.0,
                        -0.8699702715551512,
                        -0.3235561297998153,
                        -0.241403581555008
                    ],
                    [
                        -0.5467424712542712,
                        1.2989273298732276,
                        0.0,
                        0.4756496961878128,
                        0.7686907855920591,
                        -0.8635667625473642
                    ],
                    [
                        0.0,
                        0.0,
                        4.0,
                        0.0,
                        0.0,
                        3.2838115392395473
                    ],
                    [
                        -0.8699702715551512,
                        0.4756496961878128,
                        0.0,
                        1.7568482733897435,
                        0.2814842141052791,
                        0.21001393939979637
                    ],
                    [
                        -0.3235561297998153,
                        0.7686907855920591,
                        0.0,
                        0.2814842141052791,
                        1.4549026802845129,
                        -1.0193291841832857
                    ],
                    [
                        -0.241403581555008,
                        -0.8635667625473642,
                        3.2838115392395473,
                        0.21001393939979637,
                        -1.0193291841832857,
                        5.003603244415543
                    ]
                ],
                "mui": [
                    0.0,
                    0.0,
                    1.0,
                    0.0,
                    0.0,
                    0.8209528848098868
                ],
                "Ai": [
                    [
                        0.0,
                        0.0,
                        0.0,
                        0.0,
                        0.0,
                        0.0
                    ],
                    [
                        -0.5467424712542712,
                        0.0,
                        0.0,
                        0.0,
                        0.0,
                        0.0
                    ],
                    [
                        0.0,
                        0.0,
                        0.0,
                        0.0,
                        0.0,
                        0.0
                    ],
                    [
                        -0.8699702715551512,
                        -0.0,
                        -0.0,
                        0.0,
                        0.0,
                        0.0
                    ],
                    [
                        0.0,
                        0.5917889075958404,
                        0.0,
                        -0.0,
                        0.0,
                        0.0
                    ],
                    [
                        -0.7857143354592768,
                        -0.6947579150752073,
                        0.8209528848098868,
                        -0.0,
                        -0.5082799531393045,
                        0.0
                    ]
                ]
            },
            "est_params": {
                "mui": [
                    -0.3403720901315904,
                    -0.20503350201544474,
                    1.6560726945662163,
                    0.3589910744149796,
                    -0.4351996837681573,
                    2.207428321017459
                ],
                "Si": [
                    [
                        1.518168363651912,
                        -0.8068897577581571,
                        -0.18408402700051332,
                        -1.3225498722159865,
                        -0.486857005925659,
                        -0.5110500515889849
                    ],
                    [
                        -0.8068897577581571,
                        1.9086636604642242,
                        0.48978708427711964,
                        0.7227495324395582,
                        0.9885992063733617,
                        -0.7626204008620626
                    ],
                    [
                        -0.1840840270005133,
                        0.48978708427711964,
                        2.692661875904435,
                        0.11997795920222312,
                        0.6699128596886541,
                        1.4392279911973362
                    ],
                    [
                        -1.3225498722159865,
                        0.7227495324395582,
                        0.11997795920222312,
                        2.152282881071081,
                        0.4589916952377865,
                        0.3678178028290366
                    ],
                    [
                        -0.486857005925659,
                        0.9885992063733617,
                        0.669912859688654,
                        0.4589916952377865,
                        1.963214490957575,
                        -0.7732117503111244
                    ],
                    [
                        -0.5110500515889848,
                        -0.7626204008620626,
                        1.4392279911973362,
                        0.3678178028290366,
                        -0.7732117503111244,
                        3.2420140050786244
                    ]
                ]
            },
            "est_tgt": [
                0,
                1,
                2,
                3,
                4,
                5
            ],
            "oracle_est_tgt": [
                2
            ]
        },
        "3": {
            "intv_type": "hard",
            "inode": 3,
            "new_mui": 1.0,
            "new_vari": 4.0,
            "true_params": {
                "Si": [
                    [
                        1.0,
                        -0.5467424712542712,
                        -0.7612717689400539,
                        0.0,
                        -0.3235561297998153,
                        -0.8663718363906708
                    ],
                    [
                        -0.5467424712542712,
                        1.2989273298732276,
                        0.4162196082463956,
                        0.0,
                        0.7686907855920591,
                        -0.5218700744430447
                    ],
                    [
                        -0.7612717689400539,
                        0.4162196082463956,
                        1.5795347061851188,
                        0.0,
                        0.24631414728410309,
                        1.4804973052588557
                    ],
                    [
                        0.0,
                        0.0,
                        0.0,
                        4.0,
                        0.0,
                        0.0
                    ],
                    [
                        -0.3235561297998153,
                        0.7686907855920591,
                        0.24631414728410309,
                        0.0,
                        1.4549026802845129,
                        -0.8171168744009139
                    ],
                    [
                        -0.8663718363906708,
                        -0.5218700744430447,
                        1.4804973052588557,
                        0.0,
                        -0.8171168744009139,
                        3.674036796885875
                    ]
                ],
                "mui": [
                    0.0,
                    0.0,
                    0.0,
                    1.0,
                    0.0,
                    0.0
                ],
                "Ai": [
                    [
                        0.0,
                        0.0,
                        0.0,
                        0.0,
                        0.0,
                        0.0
                    ],
                    [
                        -0.5467424712542712,
                        0.0,
                        0.0,
                        0.0,
                        0.0,
                        0.0
                    ],
                    [
                        -0.7612717689400539,
                        -0.0,
                        0.0,
                        0.0,
                        0.0,
                        0.0
                    ],
                    [
                        0.0,
                        0.0,
                        0.0,
                        0.0,
                        0.0,
                        0.0
                    ],
                    [
                        0.0,
                        0.5917889075958404,
                        0.0,
                        -0.0,
                        0.0,
                        0.0
                    ],
                    [
                        -0.7857143354592768,
                        -0.6947579150752073,
                        0.8209528848098868,
                        -0.0,
                        -0.5082799531393045,
                        0.0
                    ]
                ]
            },
            "est_params": {
                "mui": [
                    -0.07449676142144249,
                    -0.04501582530316506,
                    0.011574638440335377,
                    1.030209459121768,
                    -0.09309230218981601,
                    0.14953021537969516
                ],
                "Si": [
                    [
                        1.0436526760244613,
                        -0.5853158463488523,
                        -0.8159300319987902,
                        -0.011971892952268736,
                        -0.34380647695859934,
                        -0.9248476512049106
                    ],
                    [
                        -0.5853158463488523,
                        1.3972077016560756,
                        0.46849089569893115,
                        0.06819416494471639,
                        0.8100549986863689,
                        -0.5549451234718964
                    ],
                    [
                        -0.8159300319987902,
                        0.46849089569893104,
                        1.6117632664357409,
                        0.032731456706220484,
                        0.280870109377572,
                        1.5315886885898669
                    ],
                    [
                        -0.011971892952268736,
                        0.06819416494471638,
                        0.032731456706220456,
                        3.6770744027484015,
                        0.08957377200820858,
                        -0.015580220800995276
                    ],
                    [
                        -0.34380647695859934,
                        0.8100549986863689,
                        0.280870109377572,
                        0.08957377200820858,
                        1.4259147719940781,
                        -0.8494693926510494
                    ],
                    [
                        -0.9248476512049106,
                        -0.5549451234718964,
                        1.5315886885898669,
                        -0.015580220800995309,
                        -0.8494693926510494,
                        3.8315585876732716
                    ]
                ]
            },
            "est_tgt": [
                0,
                3
            ],
            "oracle_est_tgt": [
                3
            ]
        },
        "4": {
            "intv_type": "hard",
            "inode": 4,
            "new_mui": 1.0,
            "new_vari": 4.0,
            "true_params": {
                "Si": [
                    [
                        1.0,
                        -0.5467424712542712,
                        -0.7612717689400539,
                        -0.8699702715551512,
                        0.0,
                        -1.0308289308832557
                    ],
                    [
                        -0.5467424712542712,
                        1.2989273298732276,
                        0.4162196082463956,
                        0.4756496961878128,
                        0.0,
                        -0.13115995796369784
                    ],
                    [
                        -0.7612717689400539,
                        0.4162196082463956,
                        1.5795347061851188,
                        0.662283807552049,
                        0.0,
                        1.6056938484979675
                    ],
                    [
                        -0.8699702715551512,
                        0.4756496961878128,
                        0.662283807552049,
                        1.7568482733897435,
                        0.0,
                        0.8967905249274121
                    ],
                    [
                        0.0,
                        0.0,
                        0.0,
                        0.0,
                        4.0,
                        -2.033119812557218
                    ],
                    [
                        -1.0308289308832557,
                        -0.13115995796369784,
                        1.6056938484979675,
                        0.8967905249274121,
                        -2.033119812557218,
                        4.252654527436414
                    ]
                ],
                "mui": [
                    0.0,
                    0.0,
                    0.0,
                    0.0,
                    1.0,
                    -0.5082799531393045
                ],
                "Ai": [
                    [
                        0.0,
                        0.0,
                        0.0,
                        0.0,
                        0.0,
                        0.0
                    ],
                    [
                        -0.5467424712542712,
                        0.0,
                        0.0,
                        0.0,
                        0.0,
                        0.0
                    ],
                    [
                        -0.7612717689400539,
                        -0.0,
                        0.0,
                        0.0,
                        0.0,
                        0.0
                    ],
                    [
                        -0.8699702715551512,
                        -0.0,
                        -0.0,
                        0.0,
                        0.0,
                        0.0
                    ],
                    [
                        0.0,
                        0.0,
                        0.0,
                        0.0,
                        0.0,
                        0.0
                    ],
                    [
                        -0.7857143354592768,
                        -0.6947579150752073,
                        0.8209528848098868,
                        -0.0,
                        -0.5082799531393045,
                        0.0
                    ]
                ]
            },
            "est_params": {
                "mui": [
                    0.4917358053853004,
                    -0.058961970554533776,
                    -0.5123413820651884,
                    -0.5623964717820354,
                    0.09646391425465621,
                    -0.974386333696321
                ],
                "Si": [
                    [
                        0.6582853326467354,
                        -0.3564152214125832,
                        -0.21822663144681415,
                        -0.4791776278397802,
                        -0.2178803858637972,
                        -0.21377747790789986
                    ],
                    [
                        -0.3564152214125832,
                        1.1864499934980146,
                        0.1433730531934698,
                        0.29901634544057176,
                        0.4733288370251791,
                        -0.7161140536494127
                    ],
                    [
                        -0.21822663144681415,
                        0.1433730531934698,
                        0.9444279813393007,
                        0.08001113648391979,
                        0.13609264866569462,
                        0.6096420023713613
                    ],
                    [
                        -0.4791776278397802,
                        0.29901634544057176,
                        0.08001113648391979,
                        1.3241770180612404,
                        0.12380724594843512,
                        0.04267389614401967
                    ],
                    [
                        -0.21788038586379715,
                        0.4733288370251791,
                        0.13609264866569462,
                        0.1238072459484351,
                        1.374628208126247,
                        -0.6771458164865956
                    ],
                    [
                        -0.2137774779078999,
                        -0.7161140536494127,
                        0.6096420023713613,
                        0.04267389614401967,
                        -0.6771458164865956,
                        2.2645730128981167
                    ]
                ]
            },
            "est_tgt": [
                0,
                1,
                2,
                3,
                4,
                5
            ],
            "oracle_est_tgt": [
                4
            ]
        },
        "5": {
            "intv_type": "hard",
            "inode": 5,
            "new_mui": 1.0,
            "new_vari": 4.0,
            "true_params": {
                "Si": [
                    [
                        1.0,
                        -0.5467424712542712,
                        -0.7612717689400539,
                        -0.8699702715551512,
                        -0.3235561297998153,
                        0.0
                    ],
                    [
                        -0.5467424712542712,
                        1.2989273298732276,
                        0.4162196082463956,
                        0.4756496961878128,
                        0.7686907855920591,
                        0.0
                    ],
                    [
                        -0.7612717689400539,
                        0.4162196082463956,
                        1.5795347061851188,
                        0.662283807552049,
                        0.24631414728410309,
                        0.0
                    ],
                    [
                        -0.8699702715551512,
                        0.4756496961878128,
                        0.662283807552049,
                        1.7568482733897435,
                        0.2814842141052791,
                        0.0
                    ],
                    [
                        -0.3235561297998153,
                        0.7686907855920591,
                        0.24631414728410309,
                        0.2814842141052791,
                        1.4549026802845129,
                        0.0
                    ],
                    [
                        0.0,
                        0.0,
                        0.0,
                        0.0,
                        0.0,
                        4.0
                    ]
                ],
                "mui": [
                    0.0,
                    0.0,
                    0.0,
                    0.0,
                    0.0,
                    1.0
                ],
                "Ai": [
                    [
                        0.0,
                        0.0,
                        0.0,
                        0.0,
                        0.0,
                        0.0
                    ],
                    [
                        -0.5467424712542712,
                        0.0,
                        0.0,
                        0.0,
                        0.0,
                        0.0
                    ],
                    [
                        -0.7612717689400539,
                        -0.0,
                        0.0,
                        0.0,
                        0.0,
                        0.0
                    ],
                    [
                        -0.8699702715551512,
                        -0.0,
                        -0.0,
                        0.0,
                        0.0,
                        0.0
                    ],
                    [
                        0.0,
                        0.5917889075958404,
                        0.0,
                        -0.0,
                        0.0,
                        0.0
                    ],
                    [
                        0.0,
                        0.0,
                        0.0,
                        0.0,
                        0.0,
                        0.0
                    ]
                ]
            },
            "est_params": {
                "mui": [
                    0.03572924350663066,
                    -0.13167427185114086,
                    0.0209757827749893,
                    -0.07259888295007222,
                    -0.1400443194547896,
                    1.0748447694062662
                ],
                "Si": [
                    [
                        0.9229448929854083,
                        -0.49975332488762136,
                        -0.6710652631836155,
                        -0.8069314286308001,
                        -0.3063751885152705,
                        -0.0242128948671796
                    ],
                    [
                        -0.4997533248876215,
                        1.2766096464119177,
                        0.36295037462302754,
                        0.4438393962273518,
                        0.808393559214898,
                        -0.05039324193268949
                    ],
                    [
                        -0.6710652631836155,
                        0.3629503746230274,
                        1.43782243151842,
                        0.6080497042634591,
                        0.2173832946832224,
                        0.08131192602586927
                    ],
                    [
                        -0.8069314286307999,
                        0.4438393962273518,
                        0.608049704263459,
                        1.654829059940443,
                        0.3109012422842496,
                        0.04006348615335365
                    ],
                    [
                        -0.3063751885152705,
                        0.8083935592148982,
                        0.2173832946832224,
                        0.31090124228424965,
                        1.4845752985003795,
                        -0.06134513073573561
                    ],
                    [
                        -0.024212894867179556,
                        -0.050393241932689514,
                        0.08131192602586929,
                        0.04006348615335366,
                        -0.06134513073573561,
                        3.6609324568848876
                    ]
                ]
            },
            "est_tgt": [
                1,
                2,
                5
            ],
            "oracle_est_tgt": [
                5
            ]
        },
        "obs": {
            "intv_type": "obs",
            "true_params": {
                "Si": [
                    [
                        1.0,
                        -0.5467424712542712,
                        -0.7612717689400539,
                        -0.8699702715551512,
                        -0.3235561297998153,
                        -0.8663718363906708
                    ],
                    [
                        -0.5467424712542712,
                        1.2989273298732276,
                        0.4162196082463956,
                        0.4756496961878128,
                        0.7686907855920591,
                        -0.5218700744430447
                    ],
                    [
                        -0.7612717689400539,
                        0.4162196082463956,
                        1.5795347061851188,
                        0.662283807552049,
                        0.24631414728410309,
                        1.4804973052588557
                    ],
                    [
                        -0.8699702715551512,
                        0.4756496961878128,
                        0.662283807552049,
                        1.7568482733897435,
                        0.2814842141052791,
                        0.7537177417725269
                    ],
                    [
                        -0.3235561297998153,
                        0.7686907855920591,
                        0.24631414728410309,
                        0.2814842141052791,
                        1.4549026802845129,
                        -0.8171168744009139
                    ],
                    [
                        -0.8663718363906708,
                        -0.5218700744430447,
                        1.4804973052588557,
                        0.7537177417725269,
                        -0.8171168744009139,
                        3.674036796885875
                    ]
                ],
                "mui": [
                    0.0,
                    0.0,
                    0.0,
                    0.0,
                    0.0,
                    0.0
                ],
                "Ai": [
                    [
                        0.0,
                        0.0,
                        0.0,
                        0.0,
                        0.0,
                        0.0
                    ],
                    [
                        -0.5467424712542712,
                        0.0,
                        0.0,
                        0.0,
                        0.0,
                        0.0
                    ],
                    [
                        -0.7612717689400539,
                        -0.0,
                        0.0,
                        0.0,
                        0.0,
                        0.0
                    ],
                    [
                        -0.8699702715551512,
                        -0.0,
                        -0.0,
                        0.0,
                        0.0,
                        0.0
                    ],
