{
    "expt_args": {
        "save_dir": "all_expt_logs/expt_logs_11.05.24-hard_var_shift-corr",
        "exp_name": "27",
        "num_nodes": 6,
        "obs_noise_mean": 0.0,
        "obs_noise_var": 1.0,
        "max_edge_strength": 1.0,
        "graph_sparsity_method": "adj_dense_prop",
        "adj_dense_prop": 0.8,
        "num_parents": null,
        "new_noise_mean": 1.0,
        "mix_samples": 8192,
        "stage2_samples": 8192,
        "gmm_tol": 0.001,
        "intv_type": "hard",
        "new_noise_var": 1.0,
        "intv_targets": [
            0,
            1,
            2,
            3,
            4,
            5
        ]
    },
    "intv_args_dict": {
        "0": {
            "intv_type": "hard",
            "inode": 0,
            "new_mui": 1.0,
            "new_vari": 1.0,
            "true_params": {
                "Si": [
                    [
                        1.0,
                        -0.5467424712542712,
                        -0.7612717689400539,
                        -0.8699702715551512,
                        -0.3235561297998153,
                        -0.8663718363906708
                    ],
                    [
                        -0.5467424712542712,
                        1.2989273298732276,
                        0.4162196082463956,
                        0.4756496961878128,
                        0.7686907855920591,
                        -0.5218700744430447
                    ],
                    [
                        -0.7612717689400539,
                        0.4162196082463956,
                        1.5795347061851188,
                        0.662283807552049,
                        0.24631414728410309,
                        1.4804973052588557
                    ],
                    [
                        -0.8699702715551512,
                        0.4756496961878128,
                        0.662283807552049,
                        1.7568482733897435,
                        0.2814842141052791,
                        0.7537177417725269
                    ],
                    [
                        -0.3235561297998153,
                        0.7686907855920591,
                        0.24631414728410309,
                        0.2814842141052791,
                        1.4549026802845129,
                        -0.8171168744009139
                    ],
                    [
                        -0.8663718363906708,
                        -0.5218700744430447,
                        1.4804973052588557,
                        0.7537177417725269,
                        -0.8171168744009139,
                        3.674036796885875
                    ]
                ],
                "mui": [
                    1.0,
                    -0.5467424712542712,
                    -0.7612717689400539,
                    -0.8699702715551512,
                    -0.3235561297998153,
                    -0.8663718363906708
                ],
                "Ai": [
                    [
                        0.0,
                        0.0,
                        0.0,
                        0.0,
                        0.0,
                        0.0
                    ],
                    [
                        -0.5467424712542712,
                        0.0,
                        0.0,
                        0.0,
                        0.0,
                        0.0
                    ],
                    [
                        -0.7612717689400539,
                        -0.0,
                        0.0,
                        0.0,
                        0.0,
                        0.0
                    ],
                    [
                        -0.8699702715551512,
                        -0.0,
                        -0.0,
                        0.0,
                        0.0,
                        0.0
                    ],
                    [
                        0.0,
                        0.5917889075958404,
                        0.0,
                        -0.0,
                        0.0,
                        0.0
                    ],
                    [
                        -0.7857143354592768,
                        -0.6947579150752073,
                        0.8209528848098868,
                        -0.0,
                        -0.5082799531393045,
                        0.0
                    ]
                ]
            },
            "est_params": {
                "mui": [
                    1.0111774539661846,
                    -0.8660916540102342,
                    -0.9161884437330985,
                    -1.228909624440101,
                    -0.3122134287886036,
                    -0.6322418225134574
                ],
                "Si": [
                    [
                        0.7667389913631342,
                        -0.4556838611322535,
                        -0.51084803818935,
                        -0.4615686016394655,
                        -0.3941603044642789,
                        -0.3611426105778585
                    ],
                    [
                        -0.4556838611322535,
                        1.0808806988623256,
                        0.3886861008974447,
                        0.26817552282223894,
                        0.5119535287174085,
                        -0.3107533097160329
                    ],
                    [
                        -0.51084803818935,
                        0.3886861008974447,
                        0.9924161085146118,
                        0.2025250746534819,
                        0.43452628015081535,
                        0.4837709974515587
                    ],
                    [
                        -0.4615686016394655,
                        0.26817552282223894,
                        0.20252507465348193,
                        1.0818616942545531,
                        0.27887789840584165,
                        0.18927263934797064
                    ],
                    [
                        -0.39416030446427885,
                        0.5119535287174085,
                        0.4345262801508153,
                        0.27887789840584165,
                        1.718118109656633,
                        -0.3118272230020596
                    ],
                    [
                        -0.3611426105778585,
                        -0.3107533097160329,
                        0.4837709974515587,
                        0.18927263934797064,
                        -0.31182722300205956,
                        1.5681031956377378
                    ]
                ]
            },
            "est_tgt": [
                0,
                1,
                2,
                3,
                4,
                5
            ],
            "oracle_est_tgt": [
                0
            ]
        },
        "1": {
            "intv_type": "hard",
            "inode": 1,
            "new_mui": 1.0,
            "new_vari": 1.0,
            "true_params": {
                "Si": [
                    [
                        1.0,
                        0.0,
                        -0.7612717689400539,
                        -0.8699702715551512,
                        0.0,
                        -1.4106825902949396
                    ],
                    [
                        0.0,
                        1.0,
                        0.0,
                        0.0,
                        0.5917889075958404,
                        -0.9955523532963813
                    ],
                    [
                        -0.7612717689400539,
                        0.0,
                        1.5795347061851188,
                        0.662283807552049,
                        0.0,
                        1.8948657157366529
                    ],
                    [
                        -0.8699702715551512,
                        0.0,
                        0.662283807552049,
                        1.7568482733897435,
                        0.0,
                        1.2272519161570126
                    ],
                    [
                        0.0,
                        0.5917889075958404,
                        0.0,
                        0.0,
                        1.350214111153478,
                        -1.0974367927510382
                    ],
                    [
                        -1.4106825902949396,
                        -0.9955523532963813,
                        1.8948657157366529,
                        1.2272519161570126,
                        -1.0974367927510382,
                        4.913462008556172
                    ]
                ],
                "mui": [
                    0.0,
                    1.0,
                    0.0,
                    0.0,
                    0.5917889075958404,
                    -0.9955523532963813
                ],
                "Ai": [
                    [
                        0.0,
                        0.0,
                        0.0,
                        0.0,
                        0.0,
                        0.0
                    ],
                    [
                        0.0,
                        0.0,
                        0.0,
                        0.0,
                        0.0,
                        0.0
                    ],
                    [
                        -0.7612717689400539,
                        -0.0,
                        0.0,
                        0.0,
                        0.0,
                        0.0
                    ],
                    [
                        -0.8699702715551512,
                        -0.0,
                        -0.0,
                        0.0,
                        0.0,
                        0.0
                    ],
                    [
                        0.0,
                        0.5917889075958404,
                        0.0,
                        -0.0,
                        0.0,
                        0.0
                    ],
                    [
                        -0.7857143354592768,
                        -0.6947579150752073,
                        0.8209528848098868,
                        -0.0,
                        -0.5082799531393045,
                        0.0
                    ]
                ]
            },
            "est_params": {
                "mui": [
                    0.9083467817326363,
                    0.40426126633065135,
                    -1.1001962927613318,
                    -0.6057460966841057,
                    0.9494024963947865,
                    -2.767582082481235
                ],
                "Si": [
                    [
                        0.8451331449148344,
                        -0.46372028380519414,
                        -0.5563780529175951,
                        -0.714843121335837,
                        -0.4098576687910719,
                        -0.4764817148461043
                    ],
                    [
                        -0.46372028380519414,
                        1.7627985041967873,
                        0.5124712342580187,
                        0.2686968868152354,
                        0.5180899548028861,
                        -0.5499700924760198
                    ],
                    [
                        -0.5563780529175951,
                        0.5124712342580187,
                        1.334338978985568,
                        0.47542931564556756,
                        0.4563424467392199,
                        0.7377373985162268
                    ],
                    [
                        -0.714843121335837,
                        0.26869688681523546,
                        0.47542931564556756,
                        1.880791834760301,
                        0.24922274321505353,
                        0.5144403673175092
                    ],
                    [
                        -0.4098576687910719,
                        0.5180899548028861,
                        0.4563424467392199,
                        0.24922274321505355,
                        1.3997334261982508,
                        -0.3070579446103488
                    ],
                    [
                        -0.4764817148461043,
                        -0.5499700924760197,
                        0.7377373985162268,
                        0.5144403673175092,
                        -0.30705794461034885,
                        2.0693463081822423
                    ]
                ]
            },
            "est_tgt": [
                0,
                1,
                3,
                4,
                5
            ],
            "oracle_est_tgt": [
                1
            ]
        },
        "2": {
            "intv_type": "hard",
            "inode": 2,
            "new_mui": 1.0,
            "new_vari": 1.0,
            "true_params": {
                "Si": [
                    [
                        1.0,
                        -0.5467424712542712,
                        0.0,
                        -0.8699702715551512,
                        -0.3235561297998153,
                        -0.241403581555008
                    ],
                    [
                        -0.5467424712542712,
                        1.2989273298732276,
                        0.0,
                        0.4756496961878128,
                        0.7686907855920591,
                        -0.8635667625473642
                    ],
                    [
                        0.0,
                        0.0,
                        1.0,
                        0.0,
                        0.0,
                        0.8209528848098868
                    ],
                    [
                        -0.8699702715551512,
                        0.4756496961878128,
                        0.0,
                        1.7568482733897435,
                        0.2814842141052791,
                        0.21001393939979637
                    ],
                    [
                        -0.3235561297998153,
                        0.7686907855920591,
                        0.0,
                        0.2814842141052791,
                        1.4549026802845129,
                        -1.0193291841832857
                    ],
                    [
                        -0.241403581555008,
                        -0.8635667625473642,
                        0.8209528848098868,
                        0.21001393939979637,
                        -1.0193291841832857,
                        2.9817123271825174
                    ]
                ],
                "mui": [
                    0.0,
                    0.0,
                    1.0,
                    0.0,
                    0.0,
                    0.8209528848098868
                ],
                "Ai": [
                    [
                        0.0,
                        0.0,
                        0.0,
                        0.0,
                        0.0,
                        0.0
                    ],
                    [
                        -0.5467424712542712,
                        0.0,
                        0.0,
                        0.0,
                        0.0,
                        0.0
                    ],
                    [
                        0.0,
                        0.0,
                        0.0,
                        0.0,
                        0.0,
                        0.0
                    ],
                    [
                        -0.8699702715551512,
                        -0.0,
                        -0.0,
                        0.0,
                        0.0,
                        0.0
                    ],
                    [
                        0.0,
                        0.5917889075958404,
                        0.0,
                        -0.0,
                        0.0,
                        0.0
                    ],
                    [
                        -0.7857143354592768,
                        -0.6947579150752073,
                        0.8209528848098868,
                        -0.0,
                        -0.5082799531393045,
                        0.0
                    ]
                ]
            },
            "est_params": {
                "mui": [
                    -0.7738545120189105,
                    0.43090406473009146,
                    0.8480525648766544,
                    0.8533295016487216,
                    0.44391726096215794,
                    0.9255655569056915
                ],
                "Si": [
                    [
                        0.5811239700537624,
                        -0.31375807888178325,
                        -0.30359257817705876,
                        -0.3702206312080224,
                        -0.18020521567759895,
                        -0.10372590267962951
                    ],
                    [
                        -0.31375807888178325,
                        0.995141137205228,
                        0.22758041391894943,
                        0.2243343581413577,
                        0.28009669725516817,
                        -0.27542740987328745
                    ],
                    [
                        -0.30359257817705876,
                        0.22758041391894943,
                        0.9121337334297668,
                        0.08924172226426104,
                        0.11174784569760858,
                        0.2765819745440783
                    ],
                    [
                        -0.3702206312080224,
                        0.2243343581413577,
                        0.08924172226426104,
                        1.1016364049514051,
                        0.019641223631354877,
                        -0.04395326671449696
                    ],
                    [
                        -0.18020521567759895,
                        0.28009669725516817,
                        0.11174784569760862,
                        0.019641223631354877,
                        1.0719655691869687,
                        -0.17060815097828044
                    ],
                    [
                        -0.1037259026796295,
                        -0.27542740987328745,
                        0.2765819745440783,
                        -0.04395326671449696,
                        -0.17060815097828044,
                        1.1934813263774933
                    ]
                ]
            },
            "est_tgt": [
                0,
                1,
                2,
                3,
                4,
                5
            ],
            "oracle_est_tgt": [
                2,
                5
            ]
        },
        "3": {
            "intv_type": "hard",
            "inode": 3,
            "new_mui": 1.0,
            "new_vari": 1.0,
            "true_params": {
                "Si": [
                    [
                        1.0,
                        -0.5467424712542712,
                        -0.7612717689400539,
                        0.0,
                        -0.3235561297998153,
                        -0.8663718363906708
                    ],
                    [
                        -0.5467424712542712,
                        1.2989273298732276,
                        0.4162196082463956,
                        0.0,
                        0.7686907855920591,
                        -0.5218700744430447
                    ],
                    [
                        -0.7612717689400539,
                        0.4162196082463956,
                        1.5795347061851188,
                        0.0,
                        0.24631414728410309,
                        1.4804973052588557
                    ],
                    [
                        0.0,
                        0.0,
                        0.0,
                        1.0,
                        0.0,
                        0.0
                    ],
                    [
                        -0.3235561297998153,
                        0.7686907855920591,
                        0.24631414728410309,
                        0.0,
                        1.4549026802845129,
                        -0.8171168744009139
                    ],
                    [
                        -0.8663718363906708,
                        -0.5218700744430447,
                        1.4804973052588557,
                        0.0,
                        -0.8171168744009139,
                        3.674036796885875
                    ]
                ],
                "mui": [
                    0.0,
                    0.0,
                    0.0,
                    1.0,
                    0.0,
                    0.0
                ],
                "Ai": [
                    [
                        0.0,
                        0.0,
                        0.0,
                        0.0,
                        0.0,
                        0.0
                    ],
                    [
                        -0.5467424712542712,
                        0.0,
                        0.0,
                        0.0,
                        0.0,
                        0.0
                    ],
                    [
                        -0.7612717689400539,
                        -0.0,
                        0.0,
                        0.0,
                        0.0,
                        0.0
                    ],
                    [
                        0.0,
                        0.0,
                        0.0,
                        0.0,
                        0.0,
                        0.0
                    ],
                    [
                        0.0,
                        0.5917889075958404,
                        0.0,
                        -0.0,
                        0.0,
                        0.0
                    ],
                    [
                        -0.7857143354592768,
                        -0.6947579150752073,
                        0.8209528848098868,
                        -0.0,
                        -0.5082799531393045,
                        0.0
                    ]
                ]
            },
            "est_params": {
                "mui": [
                    0.03715516965083095,
                    -0.17880335452171195,
                    -0.2206443660896983,
                    0.7379697337740119,
                    -0.40568199023800094,
                    0.12871986911052388
                ],
                "Si": [
                    [
                        0.7618211464904201,
                        -0.4349999422095634,
                        -0.49487165970415936,
                        0.09031951059948054,
                        -0.17890172151240777,
                        -0.5039822415934638
                    ],
                    [
                        -0.4349999422095633,
                        1.0866452489706517,
                        0.23126202193670778,
                        -0.09023812487766725,
                        0.5030639706509287,
                        -0.4762566795207657
                    ],
                    [
                        -0.49487165970415936,
                        0.23126202193670778,
                        1.2072915972909497,
                        -0.08803968177093131,
                        0.05024389094633076,
                        1.1225171974034556
                    ],
                    [
                        0.09031951059948054,
                        -0.09023812487766722,
                        -0.08803968177093131,
                        0.9597612770072405,
                        0.10622464579832931,
                        -0.0769823642566911
                    ],
                    [
                        -0.17890172151240777,
                        0.5030639706509287,
                        0.05024389094633077,
                        0.10622464579832931,
                        0.9292503489442939,
                        -0.6588888404328771
                    ],
                    [
                        -0.5039822415934638,
                        -0.4762566795207656,
                        1.1225171974034556,
                        -0.07698236425669111,
                        -0.6588888404328771,
                        2.8430689873756365
                    ]
                ]
            },
            "est_tgt": [
                0,
                3,
                4
            ],
            "oracle_est_tgt": [
                3
            ]
        },
        "4": {
            "intv_type": "hard",
            "inode": 4,
            "new_mui": 1.0,
            "new_vari": 1.0,
            "true_params": {
                "Si": [
                    [
                        1.0,
                        -0.5467424712542712,
                        -0.7612717689400539,
                        -0.8699702715551512,
                        0.0,
                        -1.0308289308832557
                    ],
                    [
                        -0.5467424712542712,
                        1.2989273298732276,
                        0.4162196082463956,
                        0.4756496961878128,
                        0.0,
                        -0.13115995796369784
                    ],
                    [
                        -0.7612717689400539,
                        0.4162196082463956,
                        1.5795347061851188,
                        0.662283807552049,
                        0.0,
                        1.6056938484979675
                    ],
                    [
                        -0.8699702715551512,
                        0.4756496961878128,
                        0.662283807552049,
                        1.7568482733897435,
                        0.0,
                        0.8967905249274121
                    ],
                    [
                        0.0,
                        0.0,
                        0.0,
                        0.0,
                        1.0,
                        -0.5082799531393045
                    ],
                    [
                        -1.0308289308832557,
                        -0.13115995796369784,
                        1.6056938484979675,
                        0.8967905249274121,
                        -0.5082799531393045,
                        3.4776089951465337
                    ]
                ],
                "mui": [
                    0.0,
                    0.0,
                    0.0,
                    0.0,
                    1.0,
                    -0.5082799531393045
                ],
                "Ai": [
                    [
                        0.0,
                        0.0,
                        0.0,
                        0.0,
                        0.0,
                        0.0
                    ],
                    [
                        -0.5467424712542712,
                        0.0,
                        0.0,
                        0.0,
                        0.0,
                        0.0
                    ],
                    [
                        -0.7612717689400539,
                        -0.0,
                        0.0,
                        0.0,
                        0.0,
                        0.0
                    ],
                    [
                        -0.8699702715551512,
                        -0.0,
                        -0.0,
                        0.0,
                        0.0,
                        0.0
                    ],
                    [
                        0.0,
                        0.0,
                        0.0,
                        0.0,
                        0.0,
                        0.0
                    ],
                    [
                        -0.7857143354592768,
                        -0.6947579150752073,
                        0.8209528848098868,
                        -0.0,
                        -0.5082799531393045,
                        0.0
                    ]
                ]
            },
            "est_params": {
                "mui": [
                    0.029046037363866635,
                    0.6547563370939742,
                    0.2769586606812599,
                    0.00438775648044367,
                    0.8479547001403356,
                    -0.839920487291391
                ],
                "Si": [
                    [
                        0.6805149548830599,
                        -0.4029205184028363,
                        -0.08306622797777342,
                        -0.4792510944222097,
                        -0.27980118684098665,
                        -0.1415917811713926
                    ],
                    [
                        -0.4029205184028363,
                        1.0112407665226022,
                        0.08960568316699472,
                        0.3327083389561228,
                        0.27913930365544126,
                        -0.3719548538825672
                    ],
                    [
                        -0.0830662279777734,
                        0.0896056831669947,
                        0.9785504542526429,
                        0.10134883792015457,
                        0.1835033773825121,
                        0.5888561299871783
                    ],
                    [
                        -0.4792510944222097,
                        0.3327083389561228,
                        0.10134883792015456,
                        1.2765805085675288,
                        0.22021586397567947,
                        0.005988827721263312
                    ],
                    [
                        -0.27980118684098665,
                        0.27913930365544126,
                        0.1835033773825121,
                        0.22021586397567947,
                        0.8816556170333375,
                        -0.0970283266513857
                    ],
                    [
                        -0.14159178117139262,
                        -0.3719548538825672,
                        0.5888561299871784,
                        0.005988827721263296,
                        -0.09702832665138571,
                        1.5065129930030559
                    ]
                ]
            },
            "est_tgt": [
                0,
                1,
                2,
                4,
                5
            ],
            "oracle_est_tgt": [
                4
            ]
        },
        "5": {
            "intv_type": "hard",
            "inode": 5,
            "new_mui": 1.0,
            "new_vari": 1.0,
            "true_params": {
                "Si": [
                    [
                        1.0,
                        -0.5467424712542712,
                        -0.7612717689400539,
                        -0.8699702715551512,
                        -0.3235561297998153,
                        0.0
                    ],
                    [
                        -0.5467424712542712,
                        1.2989273298732276,
                        0.4162196082463956,
                        0.4756496961878128,
                        0.7686907855920591,
                        0.0
                    ],
                    [
                        -0.7612717689400539,
                        0.4162196082463956,
                        1.5795347061851188,
                        0.662283807552049,
                        0.24631414728410309,
                        0.0
                    ],
                    [
                        -0.8699702715551512,
                        0.4756496961878128,
                        0.662283807552049,
                        1.7568482733897435,
                        0.2814842141052791,
                        0.0
                    ],
                    [
                        -0.3235561297998153,
                        0.7686907855920591,
                        0.24631414728410309,
                        0.2814842141052791,
                        1.4549026802845129,
                        0.0
                    ],
                    [
                        0.0,
                        0.0,
                        0.0,
                        0.0,
                        0.0,
                        1.0
                    ]
                ],
                "mui": [
                    0.0,
                    0.0,
                    0.0,
                    0.0,
                    0.0,
                    1.0
                ],
                "Ai": [
                    [
                        0.0,
                        0.0,
                        0.0,
                        0.0,
                        0.0,
                        0.0
                    ],
                    [
                        -0.5467424712542712,
                        0.0,
                        0.0,
                        0.0,
                        0.0,
                        0.0
                    ],
                    [
                        -0.7612717689400539,
                        -0.0,
                        0.0,
                        0.0,
                        0.0,
                        0.0
                    ],
                    [
                        -0.8699702715551512,
                        -0.0,
                        -0.0,
                        0.0,
                        0.0,
                        0.0
                    ],
                    [
                        0.0,
                        0.5917889075958404,
                        0.0,
                        -0.0,
                        0.0,
                        0.0
                    ],
                    [
                        0.0,
                        0.0,
                        0.0,
                        0.0,
                        0.0,
                        0.0
                    ]
                ]
            },
            "est_params": {
                "mui": [
                    0.41687713443276886,
                    -0.15976302226190195,
                    -0.14843940183275928,
                    -0.4038431491511782,
                    -0.15816953180135923,
                    1.043440192839657
                ],
                "Si": [
                    [
                        0.7357980554445378,
                        -0.40850591164043204,
                        -0.5023733737089134,
                        -0.5097392296054741,
                        -0.19848388344426318,
                        -0.053827816776681824
                    ],
                    [
                        -0.40850591164043204,
                        1.2781364281988281,
                        0.2149726217393557,
                        0.30221442043868885,
                        0.7000724030044027,
                        0.034299899464527744
                    ],
                    [
                        -0.5023733737089134,
                        0.2149726217393557,
                        1.5221233374701648,
                        0.4047437461098277,
                        0.10976322440705459,
                        -0.0144341855460588
                    ],
                    [
                        -0.5097392296054741,
                        0.30221442043868885,
                        0.4047437461098278,
                        1.4209245706153084,
                        0.10570245962561342,
                        0.09210475281581468
                    ],
                    [
                        -0.19848388344426318,
                        0.7000724030044025,
                        0.10976322440705462,
                        0.1057024596256134,
                        1.3475570966961476,
                        0.06639536812598412
                    ],
                    [
                        -0.05382781677668183,
                        0.034299899464527744,
                        -0.0144341855460588,
                        0.09210475281581468,
                        0.06639536812598414,
                        1.0076337448416262
                    ]
                ]
            },
            "est_tgt": [
                0,
                2,
                4,
                5
            ],
            "oracle_est_tgt": [
                2,
                5
            ]
        },
        "obs": {
            "intv_type": "obs",
            "true_params": {
                "Si": [
                    [
                        1.0,
                        -0.5467424712542712,
                        -0.7612717689400539,
                        -0.8699702715551512,
                        -0.3235561297998153,
                        -0.8663718363906708
                    ],
                    [
                        -0.5467424712542712,
                        1.2989273298732276,
                        0.4162196082463956,
                        0.4756496961878128,
                        0.7686907855920591,
                        -0.5218700744430447
                    ],
                    [
                        -0.7612717689400539,
                        0.4162196082463956,
                        1.5795347061851188,
                        0.662283807552049,
                        0.24631414728410309,
                        1.4804973052588557
                    ],
                    [
                        -0.8699702715551512,
                        0.4756496961878128,
                        0.662283807552049,
                        1.7568482733897435,
                        0.2814842141052791,
                        0.7537177417725269
                    ],
                    [
                        -0.3235561297998153,
                        0.7686907855920591,
                        0.24631414728410309,
                        0.2814842141052791,
                        1.4549026802845129,
                        -0.8171168744009139
                    ],
                    [
                        -0.8663718363906708,
                        -0.5218700744430447,
                        1.4804973052588557,
                        0.7537177417725269,
                        -0.8171168744009139,
                        3.674036796885875
                    ]
                ],
                "mui": [
                    0.0,
                    0.0,
                    0.0,
                    0.0,
                    0.0,
                    0.0
                ],
                "Ai": [
                    [
                        0.0,
                        0.0,
                        0.0,
                        0.0,
                        0.0,
                        0.0
                    ],
                    [
                        -0.5467424712542712,
                        0.0,
                        0.0,
                        0.0,
                        0.0,
                        0.0
                    ],
                    [
                        -0.7612717689400539,
                        -0.0,
                        0.0,
                        0.0,
                        0.0,
                        0.0
                    ],
                    [
                        -0.8699702715551512,
