{
    "expt_args": {
        "save_dir": "all_expt_logs/expt_logs_11.05.24-hard_var_shift-corr",
        "exp_name": "308",
        "num_nodes": 6,
        "obs_noise_mean": 0.0,
        "obs_noise_var": 1.0,
        "max_edge_strength": 1.0,
        "graph_sparsity_method": "adj_dense_prop",
        "adj_dense_prop": 0.8,
        "num_parents": null,
        "new_noise_mean": 1.0,
        "mix_samples": 16384,
        "stage2_samples": 16384,
        "gmm_tol": 0.001,
        "intv_type": "hard",
        "new_noise_var": 1.0,
        "intv_targets": [
            0,
            1,
            2,
            3,
            4,
            5
        ]
    },
    "intv_args_dict": {
        "0": {
            "intv_type": "hard",
            "inode": 0,
            "new_mui": 1.0,
            "new_vari": 1.0,
            "true_params": {
                "Si": [
                    [
                        1.0,
                        0.0,
                        -0.6673796106210726,
                        0.023743151414962527,
                        1.4734214748283783,
                        0.0
                    ],
                    [
                        0.0,
                        1.0,
                        0.0,
                        0.9314189889897314,
                        0.15304981483747296,
                        0.5013538390666701
                    ],
                    [
                        -0.6673796106210726,
                        0.0,
                        1.4453955446727345,
                        0.8958110669427405,
                        -2.698466014994542,
                        0.0
                    ],
                    [
                        0.023743151414962527,
                        0.9314189889897314,
                        0.8958110669427405,
                        2.699223122152322,
                        -2.2694643234816545,
                        0.46697048590959833
                    ],
                    [
                        1.4734214748283783,
                        0.15304981483747296,
                        -2.698466014994542,
                        -2.2694643234816545,
                        6.916455090441822,
                        0.07673211223721008
                    ],
                    [
                        0.0,
                        0.5013538390666701,
                        0.0,
                        0.46697048590959833,
                        0.07673211223721008,
                        1.2513556719468886
                    ]
                ],
                "mui": [
                    1.0,
                    0.0,
                    -0.6673796106210726,
                    0.023743151414962527,
                    1.4734214748283783,
                    0.0
                ],
                "Ai": [
                    [
                        0.0,
                        0.0,
                        0.0,
                        0.0,
                        0.0,
                        0.0
                    ],
                    [
                        0.0,
                        0.0,
                        0.0,
                        0.0,
                        0.0,
                        0.0
                    ],
                    [
                        -0.6673796106210726,
                        0.0,
                        0.0,
                        0.0,
                        0.0,
                        0.0
                    ],
                    [
                        0.6321642863179708,
                        0.9314189889897314,
                        0.9116567620889754,
                        0.0,
                        0.0,
                        0.0
                    ],
                    [
                        0.8872216478924653,
                        0.9758536813838603,
                        -0.9097884019698097,
                        -0.8833874725260282,
                        0.0,
                        0.0
                    ],
                    [
                        -0.0,
                        0.5013538390666701,
                        -0.0,
                        -0.0,
                        0.0,
                        0.0
                    ]
                ]
            },
            "est_params": {
                "mui": [
                    0.7958729185739138,
                    0.11259262239170134,
                    -1.3253223356163455,
                    -1.036026147626174,
                    3.1386622967551636,
                    0.575018855632279
                ],
                "Si": [
                    [
                        1.222893566187146,
                        0.07067217695611422,
                        -0.6540337132209041,
                        0.3211191478764395,
                        1.4423091972654314,
                        -0.16920666623597375
                    ],
                    [
                        0.0706721769561142,
                        1.1666179811012254,
                        -0.13086449638802244,
                        1.0360951249509394,
                        0.36192399334351216,
                        0.30965998829159724
                    ],
                    [
                        -0.6540337132209041,
                        -0.13086449638802242,
                        1.116104352382428,
                        0.27679754955172337,
                        -1.907277356584742,
                        0.20622966386701916
                    ],
                    [
                        0.32111914787643947,
                        1.0360951249509394,
                        0.2767975495517233,
                        2.2563922575506448,
                        -0.9061977066436646,
                        0.4148417790042455
                    ],
                    [
                        1.4423091972654314,
                        0.3619239933435122,
                        -1.907277356584742,
                        -0.9061977066436646,
                        4.899307450360198,
                        -0.4461515248186532
                    ],
                    [
                        -0.1692066662359737,
                        0.3096599882915973,
                        0.20622966386701916,
                        0.41484177900424557,
                        -0.4461515248186532,
                        1.3128998255691167
                    ]
                ]
            },
            "est_tgt": [
                0,
                1,
                2,
                3,
                4,
                5
            ],
            "oracle_est_tgt": [
                0
            ]
        },
        "1": {
            "intv_type": "hard",
            "inode": 1,
            "new_mui": 1.0,
            "new_vari": 1.0,
            "true_params": {
                "Si": [
                    [
                        1.0,
                        0.0,
                        -0.6673796106210726,
                        0.023743151414962527,
                        1.4734214748283783,
                        0.0
                    ],
                    [
                        0.0,
                        1.0,
                        0.0,
                        0.9314189889897314,
                        0.15304981483747296,
                        0.5013538390666701
                    ],
                    [
                        -0.6673796106210726,
                        0.0,
                        1.4453955446727345,
                        0.8958110669427405,
                        -2.698466014994542,
                        0.0
                    ],
                    [
                        0.023743151414962527,
                        0.9314189889897314,
                        0.8958110669427405,
                        2.699223122152322,
                        -2.2694643234816545,
                        0.46697048590959833
                    ],
                    [
                        1.4734214748283783,
                        0.15304981483747296,
                        -2.698466014994542,
                        -2.2694643234816545,
                        6.916455090441822,
                        0.07673211223721008
                    ],
                    [
                        0.0,
                        0.5013538390666701,
                        0.0,
                        0.46697048590959833,
                        0.07673211223721008,
                        1.2513556719468886
                    ]
                ],
                "mui": [
                    0.0,
                    1.0,
                    0.0,
                    0.9314189889897314,
                    0.15304981483747296,
                    0.5013538390666701
                ],
                "Ai": [
                    [
                        0.0,
                        0.0,
                        0.0,
                        0.0,
                        0.0,
                        0.0
                    ],
                    [
                        0.0,
                        0.0,
                        0.0,
                        0.0,
                        0.0,
                        0.0
                    ],
                    [
                        -0.6673796106210726,
                        0.0,
                        0.0,
                        0.0,
                        0.0,
                        0.0
                    ],
                    [
                        0.6321642863179708,
                        0.9314189889897314,
                        0.9116567620889754,
                        0.0,
                        0.0,
                        0.0
                    ],
                    [
                        0.8872216478924653,
                        0.9758536813838603,
                        -0.9097884019698097,
                        -0.8833874725260282,
                        0.0,
                        0.0
                    ],
                    [
                        -0.0,
                        0.5013538390666701,
                        -0.0,
                        -0.0,
                        0.0,
                        0.0
                    ]
                ]
            },
            "est_params": {
                "mui": [
                    0.07290232904646698,
                    0.5865582111810399,
                    0.5994304520091491,
                    1.4114677577898798,
                    -0.5748085133636995,
                    0.44222162194942716
                ],
                "Si": [
                    [
                        0.8342921241033271,
                        0.010272792447890504,
                        -0.19747146439397775,
                        0.2827629292220707,
                        0.4850111588389708,
                        0.05079036425433839
                    ],
                    [
                        0.010272792447890509,
                        1.0448928572660228,
                        -0.10311939465294247,
                        0.8486084451256775,
                        0.3925411980982799,
                        0.5672595408731407
                    ],
                    [
                        -0.19747146439397775,
                        -0.10311939465294247,
                        0.5038620042616982,
                        -0.022898412266133053,
                        -0.3449243580200952,
                        -0.11798566248666838
                    ],
                    [
                        0.28276292922207064,
                        0.8486084451256775,
                        -0.022898412266133056,
                        1.3862351118583904,
                        0.31281674862688147,
                        0.5285749215990472
                    ],
                    [
                        0.4850111588389708,
                        0.3925411980982798,
                        -0.3449243580200952,
                        0.31281674862688147,
                        1.9386752484244758,
                        0.1713224056094151
                    ],
                    [
                        0.05079036425433839,
                        0.5672595408731405,
                        -0.11798566248666838,
                        0.5285749215990472,
                        0.1713224056094151,
                        1.1827965557698203
                    ]
                ]
            },
            "est_tgt": [
                0,
                1,
                2,
                3,
                4,
                5
            ],
            "oracle_est_tgt": [
                1
            ]
        },
        "2": {
            "intv_type": "hard",
            "inode": 2,
            "new_mui": 1.0,
            "new_vari": 1.0,
            "true_params": {
                "Si": [
                    [
                        1.0,
                        0.0,
                        0.0,
                        0.6321642863179708,
                        0.32877563678081256,
                        0.0
                    ],
                    [
                        0.0,
                        1.0,
                        0.0,
                        0.9314189889897314,
                        0.15304981483747296,
                        0.5013538390666701
                    ],
                    [
                        0.0,
                        0.0,
                        1.0,
                        0.9116567620889754,
                        -1.7151345648428522,
                        0.0
                    ],
                    [
                        0.6321642863179708,
                        0.9314189889897314,
                        0.9116567620889754,
                        3.0982910698091173,
                        -2.0966077768722835,
                        0.46697048590959833
                    ],
                    [
                        0.32877563678081256,
                        0.15304981483747296,
                        -1.7151345648428522,
                        -2.0966077768722835,
                        4.853577667297017,
                        0.07673211223721008
                    ],
                    [
                        0.0,
                        0.5013538390666701,
                        0.0,
                        0.46697048590959833,
                        0.07673211223721008,
                        1.2513556719468886
                    ]
                ],
                "mui": [
                    0.0,
                    0.0,
                    1.0,
                    0.9116567620889754,
                    -1.7151345648428522,
                    0.0
                ],
                "Ai": [
                    [
                        0.0,
                        0.0,
                        0.0,
                        0.0,
                        0.0,
                        0.0
                    ],
                    [
                        0.0,
                        0.0,
                        0.0,
                        0.0,
                        0.0,
                        0.0
                    ],
                    [
                        0.0,
                        0.0,
                        0.0,
                        0.0,
                        0.0,
                        0.0
                    ],
                    [
                        0.6321642863179708,
                        0.9314189889897314,
                        0.9116567620889754,
                        0.0,
                        0.0,
                        0.0
                    ],
                    [
                        0.8872216478924653,
                        0.9758536813838603,
                        -0.9097884019698097,
                        -0.8833874725260282,
                        0.0,
                        0.0
                    ],
                    [
                        -0.0,
                        0.5013538390666701,
                        -0.0,
                        -0.0,
                        0.0,
                        0.0
                    ]
                ]
            },
            "est_params": {
                "mui": [
                    -0.21765599166701605,
                    0.3336073520251105,
                    1.2069143302594445,
                    1.586970982601828,
                    -2.594498396671382,
                    0.2883991507123576
                ],
                "Si": [
                    [
                        1.1208061497330268,
                        -0.053703418315667786,
                        -0.1826835161790783,
                        0.5345068870498263,
                        0.6190353255744084,
                        -0.07760370299304431
                    ],
                    [
                        -0.05370341831566779,
                        1.1288288129751305,
                        -0.10638589958187199,
                        0.9543600866226083,
                        0.2951573197936345,
                        0.5390105768496973
                    ],
                    [
                        -0.1826835161790783,
                        -0.10638589958187199,
                        0.8332201487274172,
                        0.38453947226786744,
                        -1.2582129716553605,
                        -0.054658970690169395
                    ],
                    [
                        0.5345068870498263,
                        0.9543600866226083,
                        0.38453947226786744,
                        2.3882439469905496,
                        -0.9383813607199728,
                        0.43846115356911847
                    ],
                    [
                        0.6190353255744084,
                        0.2951573197936345,
                        -1.2582129716553603,
                        -0.9383813607199728,
                        3.486703184437367,
                        0.15335528391054937
                    ],
                    [
                        -0.07760370299304431,
                        0.5390105768496973,
                        -0.054658970690169395,
                        0.43846115356911847,
                        0.15335528391054937,
                        1.2908746190295475
                    ]
                ]
            },
            "est_tgt": [
                0,
                1,
                2,
                3,
                4,
                5
            ],
            "oracle_est_tgt": [
                2
            ]
        },
        "3": {
            "intv_type": "hard",
            "inode": 3,
            "new_mui": 1.0,
            "new_vari": 1.0,
            "true_params": {
                "Si": [
                    [
                        1.0,
                        0.0,
                        -0.6673796106210726,
                        0.0,
                        1.4943958773466448,
                        0.0
                    ],
                    [
                        0.0,
                        1.0,
                        0.0,
                        0.0,
                        0.9758536813838603,
                        0.5013538390666701
                    ],
                    [
                        -0.6673796106210726,
                        0.0,
                        1.4453955446727345,
                        0.0,
                        -1.9071177407071498,
                        0.0
                    ],
                    [
                        0.0,
                        0.0,
                        0.0,
                        1.0,
                        -0.8833874725260282,
                        0.0
                    ],
                    [
                        1.4943958773466448,
                        0.9758536813838603,
                        -1.9071177407071498,
                        -0.8833874725260282,
                        5.793597808675785,
                        0.48924798952914145
                    ],
                    [
                        0.0,
                        0.5013538390666701,
                        0.0,
                        0.0,
                        0.48924798952914145,
                        1.2513556719468886
                    ]
                ],
                "mui": [
                    0.0,
                    0.0,
                    0.0,
                    1.0,
                    -0.8833874725260282,
                    0.0
                ],
                "Ai": [
                    [
                        0.0,
                        0.0,
                        0.0,
                        0.0,
                        0.0,
                        0.0
                    ],
                    [
                        0.0,
                        0.0,
                        0.0,
                        0.0,
                        0.0,
                        0.0
                    ],
                    [
                        -0.6673796106210726,
                        0.0,
                        0.0,
                        0.0,
                        0.0,
                        0.0
                    ],
                    [
                        0.0,
                        0.0,
                        0.0,
                        0.0,
                        0.0,
                        0.0
                    ],
                    [
                        0.8872216478924653,
                        0.9758536813838603,
                        -0.9097884019698097,
                        -0.8833874725260282,
                        0.0,
                        0.0
                    ],
                    [
                        -0.0,
                        0.5013538390666701,
                        -0.0,
                        -0.0,
                        0.0,
                        0.0
                    ]
                ]
            },
            "est_params": {
                "mui": [
                    -0.0906757491230251,
                    -0.18194689372814718,
                    0.281976872899112,
                    0.70528084970635,
                    -1.1601834976245433,
                    0.08140067999529689
                ],
                "Si": [
                    [
                        0.8489561353626645,
                        -0.044246257507697014,
                        -0.4721448475740004,
                        0.08527540554561955,
                        1.069850319193072,
                        -0.04007615325295526
                    ],
                    [
                        -0.04424625750769701,
                        0.8819603039032975,
                        0.028759017732318124,
                        0.210672066935277,
                        0.6070474436541204,
                        0.35888403402124963
                    ],
                    [
                        -0.47214484757400027,
                        0.028759017732318117,
                        1.1054705184200537,
                        -0.012473807845912439,
                        -1.4068492036410962,
                        0.09195506110922455
                    ],
                    [
                        0.08527540554561955,
                        0.21067206693527704,
                        -0.012473807845912455,
                        1.367419228219404,
                        -0.867498708598953,
                        -0.033967421563480794
                    ],
                    [
                        1.069850319193072,
                        0.6070474436541204,
                        -1.4068492036410962,
                        -0.867498708598953,
                        4.52017989949365,
                        0.25647927159034545
                    ],
                    [
                        -0.040076153252955264,
                        0.35888403402124963,
                        0.09195506110922455,
                        -0.033967421563480815,
                        0.25647927159034545,
                        1.3939497704640913
                    ]
                ]
            },
            "est_tgt": [
                1,
                2,
                3,
                4,
                5
            ],
            "oracle_est_tgt": [
                3,
                4
            ]
        },
        "4": {
            "intv_type": "hard",
            "inode": 4,
            "new_mui": 1.0,
            "new_vari": 1.0,
            "true_params": {
                "Si": [
                    [
                        1.0,
                        0.0,
                        -0.6673796106210726,
                        0.023743151414962527,
                        0.0,
                        0.0
                    ],
                    [
                        0.0,
                        1.0,
                        0.0,
                        0.9314189889897314,
                        0.0,
                        0.5013538390666701
                    ],
                    [
                        -0.6673796106210726,
                        0.0,
                        1.4453955446727345,
                        0.8958110669427405,
                        0.0,
                        0.0
                    ],
                    [
                        0.023743151414962527,
                        0.9314189889897314,
                        0.8958110669427405,
                        2.699223122152322,
                        0.0,
                        0.46697048590959833
                    ],
                    [
                        0.0,
                        0.0,
                        0.0,
                        0.0,
                        1.0,
                        0.0
                    ],
                    [
                        0.0,
                        0.5013538390666701,
                        0.0,
                        0.46697048590959833,
                        0.0,
                        1.2513556719468886
                    ]
                ],
                "mui": [
                    0.0,
                    0.0,
                    0.0,
                    0.0,
                    1.0,
                    0.0
                ],
                "Ai": [
                    [
                        0.0,
                        0.0,
                        0.0,
                        0.0,
                        0.0,
                        0.0
                    ],
                    [
                        0.0,
                        0.0,
                        0.0,
                        0.0,
                        0.0,
                        0.0
                    ],
                    [
                        -0.6673796106210726,
                        0.0,
                        0.0,
                        0.0,
                        0.0,
                        0.0
                    ],
                    [
                        0.6321642863179708,
                        0.9314189889897314,
                        0.9116567620889754,
                        0.0,
                        0.0,
                        0.0
                    ],
                    [
                        0.0,
                        0.0,
                        0.0,
                        0.0,
                        0.0,
                        0.0
                    ],
                    [
                        -0.0,
                        0.5013538390666701,
                        -0.0,
                        -0.0,
                        0.0,
                        0.0
                    ]
                ]
            },
            "est_params": {
                "mui": [
                    0.011005275482539044,
                    0.12088144891115167,
                    0.137528781106422,
                    0.34540815369749456,
                    0.9657472589311595,
                    -0.014665317891848263
                ],
                "Si": [
                    [
                        1.0680410871354502,
                        0.04824214054711745,
                        -0.8260386194976757,
                        -0.08109027253946088,
                        -0.08839495540431844,
                        0.011036865330326365
                    ],
                    [
                        0.048242140547117444,
                        0.8664627520938192,
                        -0.1214710282027818,
                        0.7203468298233252,
                        -0.05675809995676906,
                        0.4274862244772219
                    ],
                    [
                        -0.8260386194976755,
                        -0.12147102820278177,
                        1.6240359082202238,
                        0.8967114014333679,
                        0.11314335389786769,
                        -0.010084047372577648
                    ],
                    [
                        -0.08109027253946088,
                        0.7203468298233252,
                        0.8967114014333677,
                        2.411906318114992,
                        0.03569676264834935,
                        0.36714168304328304
                    ],
                    [
                        -0.08839495540431844,
                        -0.05675809995676907,
                        0.11314335389786773,
                        0.035696762648349374,
                        0.9720616131366503,
                        0.017009176452003057
                    ],
                    [
                        0.011036865330326362,
                        0.4274862244772219,
                        -0.010084047372577645,
                        0.36714168304328304,
                        0.017009176452003057,
                        1.1310052065300706
                    ]
                ]
            },
            "est_tgt": [
                1,
                3,
                4
            ],
            "oracle_est_tgt": [
                3,
                4
            ]
        },
        "5": {
            "intv_type": "hard",
            "inode": 5,
            "new_mui": 1.0,
            "new_vari": 1.0,
            "true_params": {
                "Si": [
                    [
                        1.0,
                        0.0,
                        -0.6673796106210726,
                        0.023743151414962527,
                        1.4734214748283783,
                        0.0
                    ],
                    [
                        0.0,
                        1.0,
                        0.0,
                        0.9314189889897314,
                        0.15304981483747296,
                        0.0
                    ],
                    [
                        -0.6673796106210726,
                        0.0,
                        1.4453955446727345,
                        0.8958110669427405,
                        -2.698466014994542,
                        0.0
                    ],
                    [
                        0.023743151414962527,
                        0.9314189889897314,
                        0.8958110669427405,
                        2.699223122152322,
                        -2.2694643234816545,
                        0.0
                    ],
                    [
                        1.4734214748283783,
                        0.15304981483747296,
                        -2.698466014994542,
                        -2.2694643234816545,
                        6.916455090441822,
                        0.0
                    ],
                    [
                        0.0,
                        0.0,
                        0.0,
                        0.0,
                        0.0,
                        1.0
                    ]
                ],
                "mui": [
                    0.0,
                    0.0,
                    0.0,
                    0.0,
                    0.0,
                    1.0
                ],
                "Ai": [
                    [
                        0.0,
                        0.0,
                        0.0,
                        0.0,
                        0.0,
                        0.0
                    ],
                    [
                        0.0,
                        0.0,
                        0.0,
                        0.0,
                        0.0,
                        0.0
                    ],
                    [
                        -0.6673796106210726,
                        0.0,
                        0.0,
                        0.0,
                        0.0,
                        0.0
                    ],
                    [
                        0.6321642863179708,
                        0.9314189889897314,
                        0.9116567620889754,
                        0.0,
                        0.0,
                        0.0
                    ],
                    [
                        0.8872216478924653,
                        0.9758536813838603,
                        -0.9097884019698097,
                        -0.8833874725260282,
                        0.0,
                        0.0
                    ],
                    [
                        0.0,
                        0.0,
                        0.0,
                        0.0,
                        0.0,
                        0.0
                    ]
                ]
            },
            "est_params": {
                "mui": [
                    0.5259559426728209,
                    0.5593507723015456,
                    -0.503650159683503,
                    0.37983471170529065,
                    1.2283740552003466,
                    0.28142991556886454
                ],
                "Si": [
                    [
                        0.9603036872965887,
                        -0.1761257409890252,
                        -0.36381782859505596,
                        0.3159142082976844,
                        0.657128025499947,
                        -0.11895291819496127
                    ],
                    [
                        -0.1761257409890252,
                        0.9808589656892207,
                        0.01678595535110527,
                        0.7055790270939208,
                        0.16848733644840855,
                        0.4658561890549802
                    ],
                    [
                        -0.36381782859505596,
                        0.01678595535110527,
                        0.7416713400733894,
                        0.060412386923252556,
                        -0.9284746118869064,
                        0.01331260665382741
                    ],
                    [
                        0.3159142082976843,
                        0.7055790270939207,
                        0.060412386923252556,
                        1.6041149335339926,
                        -0.42335871589421115,
                        0.3356787305243961
                    ],
                    [
                        0.6571280254999469,
                        0.16848733644840852,
                        -0.9284746118869065,
                        -0.4233587158942111,
                        2.6238652559739335,
                        0.02780892846351234
                    ],
                    [
                        -0.11895291819496126,
                        0.4658561890549802,
                        0.013312606653827413,
                        0.3356787305243961,
                        0.02780892846351234,
                        1.125477036810075
                    ]
                ]
            },
            "est_tgt": [
                0,
                1,
                2,
                3,
                4,
                5
            ],
            "oracle_est_tgt": [
                5
            ]
        },
        "obs": {
            "intv_type": "obs",
            "true_params": {
                "Si": [
                    [
                        1.0,
                        0.0,
                        -0.6673796106210726,
                        0.023743151414962527,
                        1.4734214748283783,
                        0.0
                    ],
                    [
                        0.0,
                        1.0,
                        0.0,
                        0.9314189889897314,
                        0.15304981483747296,
                        0.5013538390666701
                    ],
                    [
                        -0.6673796106210726,
                        0.0,
                        1.4453955446727345,
                        0.8958110669427405,
                        -2.698466014994542,
                        0.0
                    ],
                    [
                        0.023743151414962527,
                        0.9314189889897314,
                        0.8958110669427405,
                        2.699223122152322,
                        -2.2694643234816545,
                        0.46697048590959833
                    ],
                    [
                        1.4734214748283783,
                        0.15304981483747296,
                        -2.698466014994542,
                        -2.2694643234816545,
                        6.916455090441822,
                        0.07673211223721008
                    ],
                    [
                        0.0,
                        0.5013538390666701,
                        0.0,
                        0.46697048590959833,
                        0.07673211223721008,
                        1.2513556719468886
                    ]
                ],
                "mui": [
                    0.0,
                    0.0,
                    0.0,
                    0.0,
                    0.0,
                    0.0
                ],
                "Ai": [
                    [
                        0.0,
                        0.0,
                        0.0,
                        0.0,
                        0.0,
                        0.0
                    ],
                    [
                        0.0,
                        0.0,
                        0.0,
                        0.0,
                        0.0,
                        0.0
                    ],
                    [
                        -0.6673796106210726,
                        0.0,
                        0.0,
                        0.0,
                        0.0,
                        0.0
                    ],
                    [
                        0.6321642863179708,
                        0.9314189889897314,
                        0.9116567620889754,
                        0.0,
                        0.0,
                        0.0
                    ],
                    [
                        0.8872216478924653,
                        0.9758536813838603,
                        -0.9097884019698097,
                        -0.8833874725260282,
                        0.0,
                        0.0
                    ],
                    [
                        -0.0,
