{
    "expt_args": {
        "save_dir": "all_expt_logs/expt_logs_11.05.24-hard_var_shift-corr",
        "exp_name": "499",
        "num_nodes": 6,
        "obs_noise_mean": 0.0,
        "obs_noise_var": 1.0,
        "max_edge_strength": 1.0,
        "graph_sparsity_method": "adj_dense_prop",
        "adj_dense_prop": 0.8,
        "num_parents": null,
        "new_noise_mean": 1.0,
        "mix_samples": 8192,
        "stage2_samples": 8192,
        "gmm_tol": 0.001,
        "intv_type": "hard",
        "new_noise_var": 8.0,
        "intv_targets": [
            0,
            1,
            2,
            3,
            4,
            5
        ]
    },
    "intv_args_dict": {
        "0": {
            "intv_type": "hard",
            "inode": 0,
            "new_mui": 1.0,
            "new_vari": 8.0,
            "true_params": {
                "Si": [
                    [
                        8.0,
                        -4.158097703925657,
                        -3.957640092093953,
                        -5.277802488799332,
                        0.8321341679150738,
                        2.755609136334063
                    ],
                    [
                        -4.158097703925657,
                        3.1612220644239777,
                        1.2168535974465373,
                        3.890934098862192,
                        -1.4948657756194388,
                        -3.0769438734699577
                    ],
                    [
                        -3.957640092093953,
                        1.2168535974465373,
                        3.66376375313384,
                        0.9628904184823728,
                        1.3726359496473441,
                        2.0817145032416087
                    ],
                    [
                        -5.277802488799332,
                        3.890934098862192,
                        0.9628904184823728,
                        6.266723721509229,
                        -2.9242714564333827,
                        -6.328485028195941
                    ],
                    [
                        0.8321341679150738,
                        -1.4948657756194388,
                        1.3726359496473441,
                        -2.9242714564333827,
                        3.308734148491975,
                        5.432290402533763
                    ],
                    [
                        2.755609136334063,
                        -3.0769438734699577,
                        2.0817145032416087,
                        -6.328485028195941,
                        5.432290402533763,
                        11.183729443818578
                    ]
                ],
                "mui": [
                    1.0,
                    -0.5197622129907071,
                    -0.4947050115117441,
                    -0.6597253110999165,
                    0.10401677098938422,
                    0.34445114204175786
                ],
                "Ai": [
                    [
                        0.0,
                        0.0,
                        0.0,
                        0.0,
                        0.0,
                        0.0
                    ],
                    [
                        -0.5197622129907071,
                        0.0,
                        0.0,
                        0.0,
                        0.0,
                        0.0
                    ],
                    [
                        -0.9313978790775281,
                        -0.8401781750409618,
                        0.0,
                        0.0,
                        0.0,
                        0.0
                    ],
                    [
                        -0.7000356291814137,
                        0.5732467666451004,
                        -0.6837657153887391,
                        0.0,
                        0.0,
                        0.0
                    ],
                    [
                        -0.0,
                        -0.0,
                        0.5182168206377398,
                        -0.5462595161124209,
                        0.0,
                        0.0
                    ],
                    [
                        0.5625878324854934,
                        0.7835847619098213,
                        0.7696465672382535,
                        -0.722477053188859,
                        0.8965157619614093,
                        0.0
                    ]
                ]
            },
            "est_params": {
                "mui": [
                    0.7731658390590558,
                    -0.4959882850086047,
                    -0.22857406660885807,
                    -0.8096515808672975,
                    0.3648650328406816,
                    0.8040579152874497
                ],
                "Si": [
                    [
                        6.405461818078865,
                        -3.187879767715034,
                        -3.2957446122875855,
                        -4.004267962989854,
                        0.629294255546105,
                        1.921012726655065
                    ],
                    [
                        -3.1878797677150335,
                        2.5673152525530107,
                        0.8201097562220656,
                        3.1557524141715447,
                        -1.3883037356788412,
                        -2.6232021814731916
                    ],
                    [
                        -3.2957446122875855,
                        0.8201097562220655,
                        3.468320138536308,
                        0.31540337086429693,
                        1.5748398567601067,
                        2.7693082697007814
                    ],
                    [
                        -4.004267962989854,
                        3.1557524141715447,
                        0.31540337086429676,
                        5.47283720027094,
                        -2.9590040862025275,
                        -6.071901576740449
                    ],
                    [
                        0.6292942555461051,
                        -1.3883037356788415,
                        1.5748398567601067,
                        -2.9590040862025275,
                        3.412592131626079,
                        5.684419782178743
                    ],
                    [
                        1.921012726655065,
                        -2.6232021814731916,
                        2.7693082697007814,
                        -6.071901576740449,
                        5.684419782178743,
                        11.672433391989403
                    ]
                ]
            },
            "est_tgt": [
                0,
                1,
                2,
                3,
                4
            ],
            "oracle_est_tgt": [
                0,
                1,
                2,
                4
            ]
        },
        "1": {
            "intv_type": "hard",
            "inode": 1,
            "new_mui": 1.0,
            "new_vari": 8.0,
            "true_params": {
                "Si": [
                    [
                        1.0,
                        0.0,
                        -0.9313978790775281,
                        -0.06317769208241342,
                        -0.4481546321382519,
                        -0.5103926065845009
                    ],
                    [
                        0.0,
                        8.0,
                        -6.7214254003276945,
                        9.181854380447913,
                        -8.498831031989754,
                        -13.157458965052433
                    ],
                    [
                        -0.9313978790775281,
                        -6.7214254003276945,
                        7.514696935671406,
                        -8.339315803834754,
                        8.449672969771239,
                        13.593090372778107
                    ],
                    [
                        -0.06317769208241342,
                        9.181854380447913,
                        -8.339315803834754,
                        12.00983320728675,
                        -10.882059398560648,
                        -17.691874282093437
                    ],
                    [
                        -0.4481546321382519,
                        -8.498831031989754,
                        8.449672969771239,
                        -10.882059398560648,
                        11.323191163187861,
                        17.605038522042094
                    ],
                    [
                        -0.5103926065845009,
                        -13.157458965052433,
                        13.593090372778107,
                        -17.691874282093437,
                        17.605038522042094,
                        29.42991804450733
                    ]
                ],
                "mui": [
                    0.0,
                    1.0,
                    -0.8401781750409618,
                    1.147731797555989,
                    -1.0623538789987192,
                    -1.644682370631554
                ],
                "Ai": [
                    [
                        0.0,
                        0.0,
                        0.0,
                        0.0,
                        0.0,
                        0.0
                    ],
                    [
                        0.0,
                        0.0,
                        0.0,
                        0.0,
                        0.0,
                        0.0
                    ],
                    [
                        -0.9313978790775281,
                        -0.8401781750409618,
                        0.0,
                        0.0,
                        0.0,
                        0.0
                    ],
                    [
                        -0.7000356291814137,
                        0.5732467666451004,
                        -0.6837657153887391,
                        0.0,
                        0.0,
                        0.0
                    ],
                    [
                        -0.0,
                        -0.0,
                        0.5182168206377398,
                        -0.5462595161124209,
                        0.0,
                        0.0
                    ],
                    [
                        0.5625878324854934,
                        0.7835847619098213,
                        0.7696465672382535,
                        -0.722477053188859,
                        0.8965157619614093,
                        0.0
                    ]
                ]
            },
            "est_params": {
                "mui": [
                    -0.05011378084075705,
                    2.380457984014566,
                    -3.2158255101358852,
                    3.6272585232861707,
                    -3.7611176770848704,
                    -6.674431813706134
                ],
                "Si": [
                    [
                        1.1037647634262504,
                        0.15263383089763044,
                        -0.7082740285191803,
                        -0.1724293266291585,
                        -0.1763208235198976,
                        0.23684220328138236
                    ],
                    [
                        0.15263383089763044,
                        5.01645328186824,
                        -1.4166753993869858,
                        3.7491741091111224,
                        -2.803365090322527,
                        -2.509711090557207
                    ],
                    [
                        -0.7082740285191803,
                        -1.416675399386986,
                        2.950717323142898,
                        -2.3069317034476353,
                        2.5694648077070763,
                        4.725689571578506
                    ],
                    [
                        -0.1724293266291585,
                        3.7491741091111224,
                        -2.3069317034476353,
                        4.757012593600231,
                        -3.742756494419992,
                        -5.904036823684264
                    ],
                    [
                        -0.17632082351989764,
                        -2.803365090322527,
                        2.5694648077070763,
                        -3.742756494419992,
                        4.314977657209815,
                        6.288879399200189
                    ],
                    [
                        0.2368422032813823,
                        -2.509711090557207,
                        4.725689571578506,
                        -5.904036823684265,
                        6.288879399200189,
                        12.774151814651814
                    ]
                ]
            },
            "est_tgt": [
                0,
                1,
                2,
                3,
                4,
                5
            ],
            "oracle_est_tgt": [
                0,
                1,
                2,
                4
            ]
        },
        "2": {
            "intv_type": "hard",
            "inode": 2,
            "new_mui": 1.0,
            "new_vari": 8.0,
            "true_params": {
                "Si": [
                    [
                        1.0,
                        -0.5197622129907071,
                        0.0,
                        -0.9979876372026386,
                        0.5451602437844916,
                        1.3650780011620438
                    ],
                    [
                        -0.5197622129907071,
                        1.2701527580529972,
                        0.0,
                        1.0919630294949108,
                        -0.5964951961045432,
                        -0.6208251272888916
                    ],
                    [
                        0.0,
                        0.0,
                        8.0,
                        -5.470125723109913,
                        7.133842795682045,
                        16.504815360594854
                    ],
                    [
                        -0.9979876372026386,
                        1.0919630294949108,
                        -5.470125723109913,
                        6.064875607806961,
                        -6.147707175521392,
                        -13.809123436196815
                    ],
                    [
                        0.5451602437844916,
                        -0.5964951961045432,
                        7.133842795682045,
                        -6.147707175521392,
                        8.055120879408967,
                        16.99295378953537
                    ],
                    [
                        1.3650780011620438,
                        -0.6208251272888916,
                        16.504815360594854,
                        -13.809123436196815,
                        16.99295378953537,
                        39.195607371381115
                    ]
                ],
                "mui": [
                    0.0,
                    0.0,
                    1.0,
                    -0.6837657153887391,
                    0.8917303494602556,
                    2.0631019200743568
                ],
                "Ai": [
                    [
                        0.0,
                        0.0,
                        0.0,
                        0.0,
                        0.0,
                        0.0
                    ],
                    [
                        -0.5197622129907071,
                        0.0,
                        0.0,
                        0.0,
                        0.0,
                        0.0
                    ],
                    [
                        0.0,
                        0.0,
                        0.0,
                        0.0,
                        0.0,
                        0.0
                    ],
                    [
                        -0.7000356291814137,
                        0.5732467666451004,
                        -0.6837657153887391,
                        0.0,
                        0.0,
                        0.0
                    ],
                    [
                        -0.0,
                        -0.0,
                        0.5182168206377398,
                        -0.5462595161124209,
                        0.0,
                        0.0
                    ],
                    [
                        0.5625878324854934,
                        0.7835847619098213,
                        0.7696465672382535,
                        -0.722477053188859,
                        0.8965157619614093,
                        0.0
                    ]
                ]
            },
            "est_params": {
                "mui": [
                    -0.056915096640072375,
                    -0.8045731172210672,
                    2.820251115500449,
                    -2.493487791809565,
                    2.9279272970886305,
                    5.8598369898264595
                ],
                "Si": [
                    [
                        1.0194266884310543,
                        -0.20991786746575378,
                        -0.2647581300955169,
                        -0.575595717345385,
                        0.14810902882654173,
                        0.7011883762830744
                    ],
                    [
                        -0.20991786746575378,
                        3.205727022021806,
                        -0.318990127800657,
                        2.127449938635489,
                        -1.3990292486345592,
                        -0.5986586035912282
                    ],
                    [
                        -0.2647581300955169,
                        -0.318990127800657,
                        4.001705002490568,
                        -2.458062993790431,
                        3.32802363771172,
                        7.536835381582297
                    ],
                    [
                        -0.575595717345385,
                        2.127449938635489,
                        -2.4580629937904312,
                        3.946935678539348,
                        -3.4108135691380776,
                        -6.44123626454528
                    ],
                    [
                        0.1481090288265417,
                        -1.3990292486345592,
                        3.32802363771172,
                        -3.4108135691380768,
                        4.394920304560172,
                        8.044760964145159
                    ],
                    [
                        0.7011883762830745,
                        -0.5986586035912284,
                        7.536835381582297,
                        -6.441236264545279,
                        8.044760964145159,
                        18.763352039735697
                    ]
                ]
            },
            "est_tgt": [
                0,
                1,
                2,
                3,
                4
            ],
            "oracle_est_tgt": [
                0,
                2,
                3,
                4
            ]
        },
        "3": {
            "intv_type": "hard",
            "inode": 3,
            "new_mui": 1.0,
            "new_vari": 8.0,
            "true_params": {
                "Si": [
                    [
                        1.0,
                        -0.5197622129907071,
                        -0.4947050115117441,
                        0.0,
                        -0.2563644582191725,
                        -0.45527270893631155
                    ],
                    [
                        -0.5197622129907071,
                        1.2701527580529972,
                        -0.5830492034800244,
                        0.0,
                        -0.3021459045027849,
                        -0.01675993409447679
                    ],
                    [
                        -0.4947050115117441,
                        -0.5830492034800244,
                        1.9506324142299958,
                        0.0,
                        1.0108505279351871,
                        1.6723574813999815
                    ],
                    [
                        0.0,
                        0.0,
                        0.0,
                        8.0,
                        -4.370076128899367,
                        -9.697658556040453
                    ],
                    [
                        -0.2563644582191725,
                        -0.3021459045027849,
                        1.0108505279351871,
                        -4.370076128899367,
                        3.911035418273563,
                        7.060597809188382
                    ],
                    [
                        -0.45527270893631155,
                        -0.01675993409447679,
                        1.6723574813999815,
                        -9.697658556040453,
                        7.060597809188382,
                        15.354133480484794
                    ]
                ],
                "mui": [
                    0.0,
                    0.0,
                    0.0,
                    1.0,
                    -0.5462595161124209,
                    -1.2122073195050567
                ],
                "Ai": [
                    [
                        0.0,
                        0.0,
                        0.0,
                        0.0,
                        0.0,
                        0.0
                    ],
                    [
                        -0.5197622129907071,
                        0.0,
                        0.0,
                        0.0,
                        0.0,
                        0.0
                    ],
                    [
                        -0.9313978790775281,
                        -0.8401781750409618,
                        0.0,
                        0.0,
                        0.0,
                        0.0
                    ],
                    [
                        0.0,
                        0.0,
                        0.0,
                        0.0,
                        0.0,
                        0.0
                    ],
                    [
                        -0.0,
                        -0.0,
                        0.5182168206377398,
                        -0.5462595161124209,
                        0.0,
                        0.0
                    ],
                    [
                        0.5625878324854934,
                        0.7835847619098213,
                        0.7696465672382535,
                        -0.722477053188859,
                        0.8965157619614093,
                        0.0
                    ]
                ]
            },
            "est_params": {
                "mui": [
                    0.0013665253280745666,
                    0.07921590241182076,
                    0.014166558131380678,
                    1.018762348837784,
                    -0.5302761203294617,
                    -1.1126314301006965
                ],
                "Si": [
                    [
                        0.8488554421106815,
                        -0.4498648983331252,
                        -0.4281132627301628,
                        0.15288897511389804,
                        -0.32936087240089373,
                        -0.5711904859879952
                    ],
                    [
                        -0.44986489833312526,
                        1.2602635315693531,
                        -0.6741384499970108,
                        -0.18479018169867611,
                        -0.250911035847012,
                        0.053834046189581895
                    ],
                    [
                        -0.42811326273016287,
                        -0.6741384499970108,
                        1.9543288125447849,
                        0.06639446022473168,
                        1.0238228200444073,
                        1.671674998815536
                    ],
                    [
                        0.15288897511389804,
                        -0.18479018169867611,
                        0.06639446022473162,
                        8.297285714876038,
                        -4.596069291889998,
                        -10.209609972669329
                    ],
                    [
                        -0.3293608724008938,
                        -0.250911035847012,
                        1.0238228200444073,
                        -4.596069291889998,
                        3.998132475338442,
                        7.386610350278575
                    ],
                    [
                        -0.5711904859879952,
                        0.05383404618958181,
                        1.671674998815536,
                        -10.209609972669329,
                        7.386610350278575,
                        16.08776827390299
                    ]
                ]
            },
            "est_tgt": [
                0,
                1,
                3,
                4
            ],
            "oracle_est_tgt": [
                0,
                2,
                3,
                4
            ]
        },
        "4": {
            "intv_type": "hard",
            "inode": 4,
            "new_mui": 1.0,
            "new_vari": 8.0,
            "true_params": {
                "Si": [
                    [
                        1.0,
                        -0.5197622129907071,
                        -0.4947050115117441,
                        -0.6597253110999165,
                        0.0,
                        0.2511984673414447
                    ],
                    [
                        -0.5197622129907071,
                        1.2701527580529972,
                        -0.5830492034800244,
                        1.4906320852192645,
                        0.0,
                        -0.8228288446136217
                    ],
                    [
                        -0.4947050115117441,
                        -0.5830492034800244,
                        1.9506324142299958,
                        -1.3216955048735395,
                        0.0,
                        1.7210087236930705
                    ],
                    [
                        -0.6597253110999165,
                        1.4906320852192645,
                        -1.3216955048735395,
                        3.2200613187680576,
                        0.0,
                        -2.54677566614697
                    ],
                    [
                        0.0,
                        0.0,
                        0.0,
                        0.0,
                        8.0,
                        7.172126095691274
                    ],
                    [
                        0.2511984673414447,
                        -0.8228288446136217,
                        1.7210087236930705,
                        -2.54677566614697,
                        7.172126095691274,
                        10.091044583316588
                    ]
                ],
                "mui": [
                    0.0,
                    0.0,
                    0.0,
                    0.0,
                    1.0,
                    0.8965157619614093
                ],
                "Ai": [
                    [
                        0.0,
                        0.0,
                        0.0,
                        0.0,
                        0.0,
                        0.0
                    ],
                    [
                        -0.5197622129907071,
                        0.0,
                        0.0,
                        0.0,
                        0.0,
                        0.0
                    ],
                    [
                        -0.9313978790775281,
                        -0.8401781750409618,
                        0.0,
                        0.0,
                        0.0,
                        0.0
                    ],
                    [
                        -0.7000356291814137,
                        0.5732467666451004,
                        -0.6837657153887391,
                        0.0,
                        0.0,
                        0.0
                    ],
                    [
                        0.0,
                        0.0,
                        0.0,
                        0.0,
                        0.0,
                        0.0
                    ],
                    [
                        0.5625878324854934,
                        0.7835847619098213,
                        0.7696465672382535,
                        -0.722477053188859,
                        0.8965157619614093,
                        0.0
                    ]
                ]
            },
            "est_params": {
                "mui": [
                    0.022227720994641494,
                    -0.06252526967912268,
                    0.10922083030140908,
                    -0.1242580984531256,
                    1.1727752486011291,
                    1.1938163664537182
                ],
                "Si": [
                    [
                        0.9450948356467491,
                        -0.4723612173508089,
                        -0.4183520993626723,
                        -0.6736288625401567,
                        0.0879656460669186,
                        0.3781903685724603
                    ],
                    [
                        -0.4723612173508088,
                        1.2877901085708507,
                        -0.690373130760583,
                        1.5979025268865767,
                        -0.025952721863302435,
                        -0.9755499439723674
                    ],
                    [
                        -0.4183520993626723,
                        -0.6903731307605832,
                        1.925364743077356,
                        -1.4104154005968255,
                        -0.1998607987860466,
                        1.5820412494529945
                    ],
                    [
                        -0.6736288625401567,
                        1.5979025268865767,
                        -1.4104154005968255,
                        3.3743323690714844,
                        -0.015733688713785922,
                        -2.6966228347442867
                    ],
                    [
                        0.08796564606691858,
                        -0.025952721863302504,
                        -0.19986079878604665,
                        -0.015733688713785877,
                        7.385695648519202,
                        6.368951946795654
                    ],
                    [
                        0.37819036857246024,
                        -0.9755499439723674,
                        1.5820412494529945,
                        -2.6966228347442867,
                        6.368951946795654,
                        9.268761343763707
                    ]
                ]
            },
            "est_tgt": [
                3,
                4
            ],
            "oracle_est_tgt": [
                2,
                4
            ]
        },
        "5": {
            "intv_type": "hard",
            "inode": 5,
            "new_mui": 1.0,
            "new_vari": 8.0,
            "true_params": {
                "Si": [
                    [
                        1.0,
                        -0.5197622129907071,
                        -0.4947050115117441,
                        -0.6597253110999165,
                        0.10401677098938422,
                        0.0
                    ],
                    [
                        -0.5197622129907071,
                        1.2701527580529972,
                        -0.5830492034800244,
                        1.4906320852192645,
                        -1.116417866076309,
                        0.0
                    ],
                    [
                        -0.4947050115117441,
                        -0.5830492034800244,
                        1.9506324142299958,
                        -1.3216955048735395,
                        1.7328392748753685,
                        0.0
                    ],
                    [
                        -0.6597253110999165,
                        1.4906320852192645,
                        -1.3216955048735395,
                        3.2200613187680576,
                        -2.443913980229321,
                        0.0
                    ],
                    [
                        0.10401677098938422,
                        -1.116417866076309,
                        1.7328392748753685,
                        -2.443913980229321,
                        3.232997727962569,
                        0.0
                    ],
                    [
                        0.0,
                        0.0,
                        0.0,
                        0.0,
                        0.0,
                        8.0
                    ]
                ],
                "mui": [
                    0.0,
                    0.0,
                    0.0,
                    0.0,
                    0.0,
                    1.0
                ],
                "Ai": [
                    [
                        0.0,
                        0.0,
                        0.0,
                        0.0,
                        0.0,
                        0.0
                    ],
                    [
                        -0.5197622129907071,
                        0.0,
                        0.0,
                        0.0,
                        0.0,
                        0.0
                    ],
                    [
                        -0.9313978790775281,
                        -0.8401781750409618,
                        0.0,
                        0.0,
                        0.0,
                        0.0
                    ],
                    [
                        -0.7000356291814137,
                        0.5732467666451004,
                        -0.6837657153887391,
                        0.0,
                        0.0,
                        0.0
                    ],
                    [
                        -0.0,
                        -0.0,
                        0.5182168206377398,
                        -0.5462595161124209,
                        0.0,
                        0.0
                    ],
                    [
                        0.0,
                        0.0,
                        0.0,
                        0.0,
                        0.0,
                        0.0
                    ]
                ]
            },
            "est_params": {
                "mui": [
                    0.042058593504038407,
                    -0.0674047562174614,
                    0.045343208751493155,
                    -0.1267589949821374,
                    0.06673723742727386,
                    1.071107259647171
                ],
                "Si": [
                    [
                        0.9577467014910673,
                        -0.520100790579364,
                        -0.3994561064459212,
                        -0.6553281587944954,
                        0.1457594578380238,
                        0.11994500774058368
                    ],
                    [
                        -0.520100790579364,
                        1.2452072980783802,
                        -0.6405351747592058,
                        1.5356594727828334,
                        -1.1586932877348735,
                        0.03327761258433829
                    ],
                    [
                        -0.3994561064459212,
                        -0.6405351747592058,
                        1.945734008269438,
                        -1.4783000053076876,
                        1.827744474003071,
                        -0.11448531264201454
                    ],
                    [
                        -0.6553281587944954,
                        1.5356594727828334,
                        -1.4783000053076876,
                        3.3054336621448455,
                        -2.5289311967373234,
                        -0.0334495940906604
                    ],
                    [
                        0.1457594578380238,
                        -1.1586932877348735,
                        1.827744474003071,
                        -2.5289311967373234,
                        3.2416973048634596,
                        0.015389322780854593
                    ],
                    [
                        0.11994500774058366,
                        0.033277612584338284,
                        -0.11448531264201454,
                        -0.03344959409066035,
                        0.01538932278085454,
                        8.205592015914938
                    ]
                ]
            },
            "est_tgt": [
                5
            ],
            "oracle_est_tgt": [
                5
            ]
        },
        "obs": {
            "intv_type": "obs",
            "true_params": {
                "Si": [
                    [
                        1.0,
                        -0.5197622129907071,
                        -0.4947050115117441,
                        -0.6597253110999165,
                        0.10401677098938422,
                        0.34445114204175786
                    ],
                    [
                        -0.5197622129907071,
                        1.2701527580529972,
                        -0.5830492034800244,
                        1.4906320852192645,
                        -1.116417866076309,
                        -1.8237150584863546
                    ],
                    [
                        -0.4947050115117441,
                        -0.5830492034800244,
                        1.9506324142299958,
                        -1.3216955048735395,
                        1.7328392748753685,
                        3.274526446564617
                    ],
                    [
                        -0.6597253110999165,
                        1.4906320852192645,
                        -1.3216955048735395,
                        3.2200613187680576,
                        -2.443913980229321,
                        -4.7377830703004
                    ],
                    [
                        0.10401677098938422,
                        -1.116417866076309,
                        1.7328392748753685,
                        -2.443913980229321,
                        3.232997727962569,
                        5.181489533622237
                    ],
                    [
                        0.34445114204175786,
                        -1.8237150584863546,
                        3.274526446564617,
                        -4.7377830703004,
                        5.181489533622237,
                        10.353203319041478
                    ]
                ],
                "mui": [
                    0.0,
                    0.0,
                    0.0,
                    0.0,
                    0.0,
                    0.0
                ],
                "Ai": [
                    [
                        0.0,
