{
    "expt_args": {
        "save_dir": "all_expt_logs/expt_logs_11.05.24-hard_var_shift-corr",
        "exp_name": "434",
        "num_nodes": 6,
        "obs_noise_mean": 0.0,
        "obs_noise_var": 1.0,
        "max_edge_strength": 1.0,
        "graph_sparsity_method": "adj_dense_prop",
        "adj_dense_prop": 0.8,
        "num_parents": null,
        "new_noise_mean": 1.0,
        "mix_samples": 4096,
        "stage2_samples": 4096,
        "gmm_tol": 0.001,
        "intv_type": "hard",
        "new_noise_var": 4.0,
        "intv_targets": [
            0,
            1,
            2,
            3,
            4,
            5
        ]
    },
    "intv_args_dict": {
        "0": {
            "intv_type": "hard",
            "inode": 0,
            "new_mui": 1.0,
            "new_vari": 4.0,
            "true_params": {
                "Si": [
                    [
                        4.0,
                        -3.911189943373906,
                        3.781596233126121,
                        7.303495731892628,
                        0.6751239576136179,
                        -1.4157826951140173
                    ],
                    [
                        -3.911189943373906,
                        4.824351693287294,
                        -3.6976352892258824,
                        -7.141339764513173,
                        0.17360343675519618,
                        -0.07503294862875287
                    ],
                    [
                        3.781596233126121,
                        -3.6976352892258824,
                        4.575117517598417,
                        7.825195615385236,
                        1.8136596787733956,
                        -2.3560111804380366
                    ],
                    [
                        7.303495731892628,
                        -7.141339764513173,
                        7.825195615385236,
                        15.182541540627259,
                        2.9785790755660955,
                        -4.833509845312154
                    ],
                    [
                        0.6751239576136179,
                        0.17360343675519618,
                        1.8136596787733956,
                        2.9785790755660955,
                        3.631470898959452,
                        -4.093434722954876
                    ],
                    [
                        -1.4157826951140173,
                        -0.07503294862875287,
                        -2.3560111804380366,
                        -4.833509845312154,
                        -4.093434722954876,
                        6.712949035161978
                    ]
                ],
                "mui": [
                    1.0,
                    -0.9777974858434765,
                    0.9453990582815303,
                    1.825873932973157,
                    0.16878098940340447,
                    -0.35394567377850433
                ],
                "Ai": [
                    [
                        0.0,
                        0.0,
                        0.0,
                        0.0,
                        0.0,
                        0.0
                    ],
                    [
                        -0.9777974858434765,
                        0.0,
                        0.0,
                        0.0,
                        0.0,
                        0.0
                    ],
                    [
                        0.9453990582815303,
                        0.0,
                        0.0,
                        0.0,
                        0.0,
                        0.0
                    ],
                    [
                        0.9556552500178472,
                        -0.0,
                        0.9204776282907694,
                        0.0,
                        0.0,
                        0.0
                    ],
                    [
                        -0.7617294385455937,
                        0.8337379451424896,
                        0.564237650362535,
                        0.663960161415881,
                        0.0,
                        0.0
                    ],
                    [
                        -0.0,
                        -0.9835573963820843,
                        0.5120180332225346,
                        -0.9329240153234566,
                        -0.5707120742219971,
                        0.0
                    ]
                ]
            },
            "est_params": {
                "mui": [
                    1.0450540162258581,
                    -0.8953309285625733,
                    1.130926004201923,
                    2.074427939325292,
                    0.5121118921956419,
                    -0.8818993776786722
                ],
                "Si": [
                    [
                        4.348101747127789,
                        -4.4918187098406825,
                        3.868204835950903,
                        7.719146483686437,
                        0.08861609315894053,
                        -0.7047697620910223
                    ],
                    [
                        -4.491818709840681,
                        5.5298296205785675,
                        -4.1535546749241155,
                        -8.064658723240225,
                        0.5293052099282993,
                        -0.4465002148447466
                    ],
                    [
                        3.868204835950903,
                        -4.1535546749241155,
                        4.201989653939114,
                        7.520783273305255,
                        0.9118075599902107,
                        -1.1986071062425823
                    ],
                    [
                        7.719146483686435,
                        -8.064658723240226,
                        7.520783273305255,
                        15.117046842090172,
                        1.5870397590254712,
                        -2.994483033425409
                    ],
                    [
                        0.08861609315894058,
                        0.5293052099282993,
                        0.9118075599902105,
                        1.5870397590254712,
                        3.135204495779524,
                        -3.2223468163442845
                    ],
                    [
                        -0.7047697620910223,
                        -0.4465002148447466,
                        -1.198607106242582,
                        -2.994483033425409,
                        -3.2223468163442845,
                        5.212281965405033
                    ]
                ]
            },
            "est_tgt": [
                0,
                2,
                3
            ],
            "oracle_est_tgt": [
                0
            ]
        },
        "1": {
            "intv_type": "hard",
            "inode": 1,
            "new_mui": 1.0,
            "new_vari": 4.0,
            "true_params": {
                "Si": [
                    [
                        1.0,
                        0.0,
                        0.9453990582815303,
                        1.825873932973157,
                        0.984007856016037,
                        -1.780925439149657
                    ],
                    [
                        0.0,
                        4.0,
                        0.0,
                        0.0,
                        3.3349517805699582,
                        -5.837526833647761
                    ],
                    [
                        0.9453990582815303,
                        0.0,
                        1.8937793793996043,
                        2.6466571250643858,
                        2.1056782254413706,
                        -2.701216786787664
                    ],
                    [
                        1.825873932973157,
                        0.0,
                        2.6466571250643858,
                        5.181094683294664,
                        3.5425621339742017,
                        -5.500214463461118
                    ],
                    [
                        0.984007856016037,
                        3.3349517805699582,
                        2.1056782254413706,
                        3.5425621339742017,
                        6.571151153636024,
                        -9.257147862245107
                    ],
                    [
                        -1.780925439149657,
                        -5.837526833647761,
                        -2.701216786787664,
                        -5.500214463461118,
                        -9.257147862245107,
                        15.77291920756836
                    ]
                ],
                "mui": [
                    0.0,
                    1.0,
                    0.0,
                    0.0,
                    0.8337379451424896,
                    -1.4593817084119403
                ],
                "Ai": [
                    [
                        0.0,
                        0.0,
                        0.0,
                        0.0,
                        0.0,
                        0.0
                    ],
                    [
                        0.0,
                        0.0,
                        0.0,
                        0.0,
                        0.0,
                        0.0
                    ],
                    [
                        0.9453990582815303,
                        0.0,
                        0.0,
                        0.0,
                        0.0,
                        0.0
                    ],
                    [
                        0.9556552500178472,
                        -0.0,
                        0.9204776282907694,
                        0.0,
                        0.0,
                        0.0
                    ],
                    [
                        -0.7617294385455937,
                        0.8337379451424896,
                        0.564237650362535,
                        0.663960161415881,
                        0.0,
                        0.0
                    ],
                    [
                        -0.0,
                        -0.9835573963820843,
                        0.5120180332225346,
                        -0.9329240153234566,
                        -0.5707120742219971,
                        0.0
                    ]
                ]
            },
            "est_params": {
                "mui": [
                    -0.17378140620762034,
                    0.6163309088503337,
                    -0.206831703640942,
                    -0.4428346241718297,
                    0.21795949911161638,
                    -0.3898291831862847
                ],
                "Si": [
                    [
                        0.9307913955957859,
                        -0.38300698188368193,
                        0.9021703666815171,
                        1.7065479795833736,
                        0.7322147838565859,
                        -1.2572602289237358
                    ],
                    [
                        -0.38300698188368193,
                        3.0206495215160216,
                        -0.5160963825080115,
                        -0.957582397667924,
                        1.7398890470416648,
                        -3.266923598416078
                    ],
                    [
                        0.9021703666815171,
                        -0.5160963825080115,
                        1.9139839430628969,
                        2.6604347089786797,
                        1.7541012213282643,
                        -2.191382867827424
                    ],
                    [
                        1.7065479795833736,
                        -0.9575823976679239,
                        2.6604347089786797,
                        5.003526740426711,
                        2.7894655041053986,
                        -4.280588868205905
                    ],
                    [
                        0.732214783856586,
                        1.739889047041665,
                        1.7541012213282643,
                        2.7894655041053986,
                        4.53254951051918,
                        -6.079767929167044
                    ],
                    [
                        -1.2572602289237353,
                        -3.266923598416078,
                        -2.191382867827424,
                        -4.280588868205905,
                        -6.079767929167044,
                        10.698225968055617
                    ]
                ]
            },
            "est_tgt": [
                1,
                4,
                5
            ],
            "oracle_est_tgt": [
                1,
                4,
                5
            ]
        },
        "2": {
            "intv_type": "hard",
            "inode": 2,
            "new_mui": 1.0,
            "new_vari": 4.0,
            "true_params": {
                "Si": [
                    [
                        1.0,
                        -0.9777974858434765,
                        0.0,
                        0.9556552500178472,
                        -0.9424392910984423,
                        0.6080276989046663
                    ],
                    [
                        -0.9777974858434765,
                        1.9560879233218236,
                        0.0,
                        -0.93443730080057,
                        1.7552527145386545,
                        -2.0539096637241174
                    ],
                    [
                        0.0,
                        0.0,
                        4.0,
                        3.6819105131630776,
                        4.701592500088727,
                        -4.070126214983831
                    ],
                    [
                        0.9556552500178472,
                        -0.93443730080057,
                        3.6819105131630776,
                        5.302393213621873,
                        4.091023818725897,
                        -4.477249358843774
                    ],
                    [
                        -0.9424392910984423,
                        1.7552527145386545,
                        4.701592500088727,
                        4.091023818725897,
                        8.550396883746599,
                        -8.015520753688962
                    ],
                    [
                        0.6080276989046663,
                        -2.0539096637241174,
                        -4.070126214983831,
                        -4.477249358843774,
                        -8.015520753688962,
                        9.687647946457194
                    ]
                ],
                "mui": [
                    0.0,
                    0.0,
                    1.0,
                    0.9204776282907694,
                    1.1753981250221817,
                    -1.0175315537459577
                ],
                "Ai": [
                    [
                        0.0,
                        0.0,
                        0.0,
                        0.0,
                        0.0,
                        0.0
                    ],
                    [
                        -0.9777974858434765,
                        0.0,
                        0.0,
                        0.0,
                        0.0,
                        0.0
                    ],
                    [
                        0.0,
                        0.0,
                        0.0,
                        0.0,
                        0.0,
                        0.0
                    ],
                    [
                        0.9556552500178472,
                        -0.0,
                        0.9204776282907694,
                        0.0,
                        0.0,
                        0.0
                    ],
                    [
                        -0.7617294385455937,
                        0.8337379451424896,
                        0.564237650362535,
                        0.663960161415881,
                        0.0,
                        0.0
                    ],
                    [
                        -0.0,
                        -0.9835573963820843,
                        0.5120180332225346,
                        -0.9329240153234566,
                        -0.5707120742219971,
                        0.0
                    ]
                ]
            },
            "est_params": {
                "mui": [
                    0.12565245622579213,
                    -0.10900264492741234,
                    1.0410394836183516,
                    1.1280081965105104,
                    1.2149046893341737,
                    -1.1231218185983436
                ],
                "Si": [
                    [
                        1.1157485398215545,
                        -1.1441989989341057,
                        0.24297765296198923,
                        1.1886596171457615,
                        -0.8842867257070584,
                        0.6497454095196201
                    ],
                    [
                        -1.1441989989341057,
                        2.0587637640338996,
                        -0.2935263086929765,
                        -1.1753211652745914,
                        1.582047227939794,
                        -2.093421154662008
                    ],
                    [
                        0.24297765296198923,
                        -0.2935263086929766,
                        3.4690458500565877,
                        3.2392563757066783,
                        3.7149585440173025,
                        -2.995578685690984
                    ],
                    [
                        1.1886596171457615,
                        -1.1753211652745914,
                        3.2392563757066783,
                        5.020058607309495,
                        3.280280839604178,
                        -3.7152365243619
                    ],
                    [
                        -0.8842867257070584,
                        1.582047227939794,
                        3.7149585440173025,
                        3.280280839604178,
                        7.253426124361713,
                        -6.947254909212613
                    ],
                    [
                        0.6497454095196202,
                        -2.093421154662008,
                        -2.995578685690984,
                        -3.7152365243619005,
                        -6.947254909212613,
                        9.061563735966862
                    ]
                ]
            },
            "est_tgt": [
                0,
                2,
                3
            ],
            "oracle_est_tgt": [
                2,
                3
            ]
        },
        "3": {
            "intv_type": "hard",
            "inode": 3,
            "new_mui": 1.0,
            "new_vari": 4.0,
            "true_params": {
                "Si": [
                    [
                        1.0,
                        -0.9777974858434765,
                        0.9453990582815303,
                        0.0,
                        -1.0435265618585023,
                        2.0413345244209182
                    ],
                    [
                        -0.9777974858434765,
                        1.9560879233218236,
                        -0.9244088223064706,
                        0.0,
                        1.85409559373862,
                        -3.455393474156203
                    ],
                    [
                        0.9453990582815303,
                        -0.9244088223064706,
                        1.8937793793996043,
                        0.0,
                        -0.42231137851025613,
                        2.1198765304550977
                    ],
                    [
                        0.0,
                        0.0,
                        0.0,
                        4.0,
                        2.655840645663524,
                        -5.247416384983544
                    ],
                    [
                        -1.0435265618585023,
                        1.85409559373862,
                        -0.42231137851025613,
                        2.655840645663524,
                        4.865803156350893,
                        -7.294510607581985
                    ],
                    [
                        2.0413345244209182,
                        -3.455393474156203,
                        2.1198765304550977,
                        -5.247416384983544,
                        -7.294510607581985,
                        14.54249886395537
                    ]
                ],
                "mui": [
                    0.0,
                    0.0,
                    0.0,
                    1.0,
                    0.663960161415881,
                    -1.311854096245886
                ],
                "Ai": [
                    [
                        0.0,
                        0.0,
                        0.0,
                        0.0,
                        0.0,
                        0.0
                    ],
                    [
                        -0.9777974858434765,
                        0.0,
                        0.0,
                        0.0,
                        0.0,
                        0.0
                    ],
                    [
                        0.9453990582815303,
                        0.0,
                        0.0,
                        0.0,
                        0.0,
                        0.0
                    ],
                    [
                        0.0,
                        0.0,
                        0.0,
                        0.0,
                        0.0,
                        0.0
                    ],
                    [
                        -0.7617294385455937,
                        0.8337379451424896,
                        0.564237650362535,
                        0.663960161415881,
                        0.0,
                        0.0
                    ],
                    [
                        -0.0,
                        -0.9835573963820843,
                        0.5120180332225346,
                        -0.9329240153234566,
                        -0.5707120742219971,
                        0.0
                    ]
                ]
            },
            "est_params": {
                "mui": [
                    0.2729966067876385,
                    -0.4264189836852413,
                    0.1973477663039387,
                    0.5439522453687249,
                    -0.13205613267299443,
                    -0.08825514873890375
                ],
                "Si": [
                    [
                        0.9236598699216473,
                        -1.0479347696143224,
                        0.9354621718354753,
                        0.25709538123231646,
                        -0.7619917705552761,
                        1.7873446311495182
                    ],
                    [
                        -1.0479347696143222,
                        2.1878654132164512,
                        -1.0400978189764643,
                        -0.4044164180033091,
                        1.6020004205476217,
                        -3.43374337249969
                    ],
                    [
                        0.9354621718354753,
                        -1.0400978189764643,
                        1.899051313796143,
                        0.10066796093611854,
                        -0.3905194294779189,
                        2.0252725952831545
                    ],
                    [
                        0.25709538123231634,
                        -0.40441641800330924,
                        0.10066796093611854,
                        3.5865086726039435,
                        2.006703881998175,
                        -3.824660973653947
                    ],
                    [
                        -0.7619917705552761,
                        1.6020004205476217,
                        -0.39051942947791896,
                        2.006703881998175,
                        3.9051133282223023,
                        -5.966984086294306
                    ],
                    [
                        1.7873446311495185,
                        -3.43374337249969,
                        2.025272595283155,
                        -3.824660973653947,
                        -5.966984086294306,
                        12.610955155131007
                    ]
                ]
            },
            "est_tgt": [
                0,
                1,
                3
            ],
            "oracle_est_tgt": [
                2,
                3
            ]
        },
        "4": {
            "intv_type": "hard",
            "inode": 4,
            "new_mui": 1.0,
            "new_vari": 4.0,
            "true_params": {
                "Si": [
                    [
                        1.0,
                        -0.9777974858434765,
                        0.9453990582815303,
                        1.825873932973157,
                        0.0,
                        -0.25762032522684647
                    ],
                    [
                        -0.9777974858434765,
                        1.9560879233218236,
                        -0.9244088223064706,
                        -1.7853349411282933,
                        0.0,
                        -0.7316568900730951
                    ],
                    [
                        0.9453990582815303,
                        -0.9244088223064706,
                        1.8937793793996043,
                        2.6466571250643858,
                        0.0,
                        -0.5902716646415443
                    ],
                    [
                        1.825873932973157,
                        -1.7853349411282933,
                        2.6466571250643858,
                        5.181094683294664,
                        0.0,
                        -1.7224520935542909
                    ],
                    [
                        0.0,
                        0.0,
                        0.0,
                        0.0,
                        4.0,
                        -2.2828482968879884
                    ],
                    [
                        -0.25762032522684647,
                        -0.7316568900730951,
                        -0.5902716646415443,
                        -1.7224520935542909,
                        -2.2828482968879884,
                        4.327162819020611
                    ]
                ],
                "mui": [
                    0.0,
                    0.0,
                    0.0,
                    0.0,
                    1.0,
                    -0.5707120742219971
                ],
                "Ai": [
                    [
                        0.0,
                        0.0,
                        0.0,
                        0.0,
                        0.0,
                        0.0
                    ],
                    [
                        -0.9777974858434765,
                        0.0,
                        0.0,
                        0.0,
                        0.0,
                        0.0
                    ],
                    [
                        0.9453990582815303,
                        0.0,
                        0.0,
                        0.0,
                        0.0,
                        0.0
                    ],
                    [
                        0.9556552500178472,
                        -0.0,
                        0.9204776282907694,
                        0.0,
                        0.0,
                        0.0
                    ],
                    [
                        0.0,
                        0.0,
                        0.0,
                        0.0,
                        0.0,
                        0.0
                    ],
                    [
                        -0.0,
                        -0.9835573963820843,
                        0.5120180332225346,
                        -0.9329240153234566,
                        -0.5707120742219971,
                        0.0
                    ]
                ]
            },
            "est_params": {
                "mui": [
                    -0.07132761697609603,
                    -0.01170823562823266,
                    -0.11921273979862339,
                    -0.1691230458762012,
                    0.9673917288034575,
                    -0.4084098311964194
                ],
                "Si": [
                    [
                        0.9520580339809054,
                        -0.9532381259319862,
                        0.8830313727382844,
                        1.6564729924231558,
                        -0.1259274353361321,
                        -0.09885574258322515
                    ],
                    [
                        -0.953238125931986,
                        1.9504107875766867,
                        -0.7970971774747578,
                        -1.4818241879048637,
                        0.08217521191767346,
                        -0.9944013184839353
                    ],
                    [
                        0.8830313727382845,
                        -0.7970971774747577,
                        1.8165332035530435,
                        2.4100364377353145,
                        -0.10945769044783338,
                        -0.49479136273439134
                    ],
                    [
                        1.6564729924231558,
                        -1.4818241879048637,
                        2.4100364377353145,
                        4.5459619484391025,
                        -0.32364288506527805,
                        -1.251124601333102
                    ],
                    [
                        -0.1259274353361321,
                        0.08217521191767342,
                        -0.10945769044783334,
                        -0.32364288506527794,
                        4.038109677840544,
                        -2.027054837257435
                    ],
                    [
                        -0.09885574258322516,
                        -0.9944013184839353,
                        -0.4947913627343912,
                        -1.251124601333102,
                        -2.027054837257435,
                        3.870130749359049
                    ]
                ]
            },
            "est_tgt": [
                1,
                4,
                5
            ],
            "oracle_est_tgt": [
                1,
                4,
                5
            ]
        },
        "5": {
            "intv_type": "hard",
            "inode": 5,
            "new_mui": 1.0,
            "new_vari": 4.0,
            "true_params": {
                "Si": [
                    [
                        1.0,
                        -0.9777974858434765,
                        0.9453990582815303,
                        1.825873932973157,
                        0.16878098940340447,
                        0.0
                    ],
                    [
                        -0.9777974858434765,
                        1.9560879233218236,
                        -0.9244088223064706,
                        -1.7853349411282933,
                        0.6687043180456662,
                        0.0
                    ],
                    [
                        0.9453990582815303,
                        -0.9244088223064706,
                        1.8937793793996043,
                        2.6466571250643858,
                        1.334963513459985,
                        0.0
                    ],
                    [
                        1.825873932973157,
                        -1.7853349411282933,
                        2.6466571250643858,
                        5.181094683294664,
                        2.0540606487668107,
                        0.0
                    ],
                    [
                        0.16878098940340447,
                        0.6687043180456662,
                        1.334963513459985,
                        2.0540606487668107,
                        3.546009831807476,
                        0.0
                    ],
                    [
                        0.0,
                        0.0,
                        0.0,
                        0.0,
                        0.0,
                        4.0
                    ]
                ],
                "mui": [
                    0.0,
                    0.0,
                    0.0,
                    0.0,
                    0.0,
                    1.0
                ],
                "Ai": [
                    [
                        0.0,
                        0.0,
                        0.0,
                        0.0,
                        0.0,
                        0.0
                    ],
                    [
                        -0.9777974858434765,
                        0.0,
                        0.0,
                        0.0,
                        0.0,
                        0.0
                    ],
                    [
                        0.9453990582815303,
                        0.0,
                        0.0,
                        0.0,
                        0.0,
                        0.0
                    ],
                    [
                        0.9556552500178472,
                        -0.0,
                        0.9204776282907694,
                        0.0,
                        0.0,
                        0.0
                    ],
                    [
                        -0.7617294385455937,
                        0.8337379451424896,
                        0.564237650362535,
                        0.663960161415881,
                        0.0,
                        0.0
                    ],
                    [
                        0.0,
                        0.0,
                        0.0,
                        0.0,
                        0.0,
                        0.0
                    ]
                ]
            },
            "est_params": {
                "mui": [
                    0.054374171553342864,
                    -0.09334508386635137,
                    -0.047525469873628844,
                    -0.007044057783047669,
                    -0.1113088701387606,
                    0.9656486912391418
                ],
                "Si": [
                    [
                        0.9185084771471764,
                        -0.9077024187499838,
                        0.8405373385677338,
                        1.6433944733439896,
                        0.11801951110078181,
                        0.015212129119741893
                    ],
                    [
                        -0.9077024187499838,
                        1.8173618006594636,
                        -0.8393881465352596,
                        -1.6531220377605025,
                        0.6307590431350854,
                        -0.10032065041627435
                    ],
                    [
                        0.8405373385677337,
                        -0.8393881465352596,
                        1.734785734403938,
                        2.4407308086695054,
                        1.2423756949287872,
                        0.09910819642112072
                    ],
                    [
                        1.6433944733439896,
                        -1.6531220377605023,
                        2.4407308086695054,
                        4.8032819908936695,
                        1.88351676546045,
                        -0.19393923801371957
                    ],
                    [
                        0.11801951110078183,
                        0.6307590431350854,
                        1.2423756949287876,
                        1.88351676546045,
                        3.330541432011655,
                        -0.1671543802555587
                    ],
                    [
                        0.015212129119741884,
                        -0.10032065041627433,
                        0.09910819642112068,
                        -0.19393923801371957,
                        -0.16715438025555882,
                        4.159995168989998
                    ]
                ]
            },
            "est_tgt": [
                1,
                5
            ],
            "oracle_est_tgt": [
                1,
                5
            ]
        },
        "obs": {
            "intv_type": "obs",
            "true_params": {
                "Si": [
                    [
                        1.0,
                        -0.9777974858434765,
                        0.9453990582815303,
                        1.825873932973157,
                        0.16878098940340447,
                        -0.35394567377850433
                    ],
                    [
                        -0.9777974858434765,
                        1.9560879233218236,
                        -0.9244088223064706,
                        -1.7853349411282933,
                        0.6687043180456662,
                        -1.1132945184661434
                    ],
                    [
                        0.9453990582815303,
                        -0.9244088223064706,
                        1.8937793793996043,
                        2.6466571250643858,
                        1.334963513459985,
                        -1.3521514604189775
                    ],
                    [
                        1.825873932973157,
                        -1.7853349411282933,
                        2.6466571250643858,
                        5.181094683294664,
                        2.0540606487668107,
                        -2.8947293069897784
                    ],
                    [
                        0.16878098940340447,
                        0.6687043180456662,
                        1.334963513459985,
                        2.0540606487668107,
                        3.546009831807476,
                        -3.914216819908704
                    ],
                    [
                        -0.35394567377850433,
                        -1.1132945184661434,
                        -1.3521514604189775,
                        -2.8947293069897784,
                        -3.914216819908704,
                        6.33711641520242
                    ]
                ],
                "mui": [
                    0.0,
                    0.0,
                    0.0,
                    0.0,
                    0.0,
                    0.0
                ],
                "Ai": [
                    [
                        0.0,
                        0.0,
                        0.0,
                        0.0,
                        0.0,
                        0.0
                    ],
                    [
                        -0.9777974858434765,
                        0.0,
                        0.0,
                        0.0,
                        0.0,
                        0.0
                    ],
                    [
                        0.9453990582815303,
