{
    "expt_args": {
        "save_dir": "expt_logs_29.04.24-11",
        "exp_name": "95",
        "num_nodes": 8,
        "obs_noise_mean": 0.0,
        "obs_noise_var": 1.0,
        "max_edge_strength": 1.0,
        "num_parents": 2,
        "new_noise_mean": 1.0,
        "mix_samples": 131072,
        "stage2_samples": 131072,
        "intv_targets": [
            0,
            1,
            2,
            3,
            4,
            5,
            6,
            7
        ]
    },
    "intv_args_dict": {
        "0": {
            "intv_type": "do",
            "inode": 0,
            "new_mui": 1.0,
            "true_params": {
                "Si": [
                    [
                        0.0,
                        0.0,
                        0.0,
                        0.0,
                        0.0,
                        0.0,
                        0.0,
                        0.0
                    ],
                    [
                        0.0,
                        1.0,
                        -0.6632080872231443,
                        0.3834503278293476,
                        0.557180494017867,
                        -0.10775026842307048,
                        -0.34439913034185377,
                        0.06868809728680736
                    ],
                    [
                        0.0,
                        -0.6632080872231443,
                        1.4398449669581819,
                        0.39968321176168364,
                        -1.2096558311855616,
                        1.2028087053708159,
                        0.747701006668587,
                        -0.7667604227911129
                    ],
                    [
                        0.0,
                        0.3834503278293476,
                        0.39968321176168364,
                        1.5747378198575812,
                        -0.33578554554793,
                        1.484896524374986,
                        0.20755258145193373,
                        -0.9465843419214444
                    ],
                    [
                        0.0,
                        0.557180494017867,
                        -1.2096558311855616,
                        -0.33578554554793,
                        2.016267211748868,
                        -1.010514741268545,
                        -1.2462759944371586,
                        0.644177837084119
                    ],
                    [
                        0.0,
                        -0.10775026842307048,
                        1.2028087053708159,
                        1.484896524374986,
                        -1.010514741268545,
                        2.909861276684402,
                        0.6246098020785171,
                        -1.8549636802688165
                    ],
                    [
                        0.0,
                        -0.34439913034185377,
                        0.747701006668587,
                        0.20755258145193373,
                        -1.2462759944371586,
                        0.6246098020785171,
                        1.7703363151767526,
                        -0.3981731041542039
                    ],
                    [
                        0.0,
                        0.06868809728680736,
                        -0.7667604227911129,
                        -0.9465843419214444,
                        0.644177837084119,
                        -1.8549636802688165,
                        -0.3981731041542039,
                        2.1824928846907445
                    ]
                ],
                "mui": [
                    1.0,
                    -0.6266074632957286,
                    -0.22204800277848252,
                    -0.6572697421446622,
                    -0.37996889533053363,
                    -0.6538519245311524,
                    0.8178173884954688,
                    -0.32115844159640144
                ],
                "Ai": [
                    [
                        0.0,
                        0.0,
                        0.0,
                        0.0,
                        0.0,
                        0.0,
                        0.0,
                        0.0
                    ],
                    [
                        -0.6266074632957286,
                        0.0,
                        0.0,
                        0.0,
                        0.0,
                        0.0,
                        0.0,
                        0.0
                    ],
                    [
                        -0.6376191399505893,
                        -0.6632080872231443,
                        0.0,
                        0.0,
                        0.0,
                        0.0,
                        0.0,
                        0.0
                    ],
                    [
                        -0.0,
                        0.8171821629712201,
                        0.6539905702264729,
                        0.0,
                        0.0,
                        0.0,
                        0.0,
                        0.0
                    ],
                    [
                        -0.5665179110426539,
                        0.0,
                        -0.8401292215099255,
                        -0.0,
                        0.0,
                        0.0,
                        0.0,
                        0.0
                    ],
                    [
                        0.0,
                        0.0,
                        0.6171003095667287,
                        0.7863225706868548,
                        0.0,
                        0.0,
                        0.0,
                        0.0
                    ],
                    [
                        0.5829546133018448,
                        0.0,
                        0.0,
                        0.0,
                        -0.6181105297824909,
                        -0.0,
                        0.0,
                        0.0
                    ],
                    [
                        -0.7379726663834825,
                        0.0,
                        0.0,
                        0.0,
                        -0.0,
                        -0.63747495288931,
                        0.0,
                        0.0
                    ]
                ]
            },
            "est_params": {
                "mui": [
                    1.000000253963564,
                    -0.6284004180358986,
                    -0.22632519448809826,
                    -0.6655272067730129,
                    -0.38590810414230264,
                    -0.6642856997193923,
                    0.8171119457926322,
                    -0.32626468509710516
                ],
                "Si": [
                    [
                        1.0157969502016189e-06,
                        7.900328047089874e-07,
                        -6.462396576850693e-07,
                        1.0710309423628314e-06,
                        2.6822396820283664e-06,
                        7.611406817767253e-07,
                        -1.6595689450852148e-06,
                        -1.0562332170665607e-06
                    ],
                    [
                        7.900328047089874e-07,
                        0.9956900575823041,
                        -0.6663263726869282,
                        0.37956884444521805,
                        0.5799073621122861,
                        -0.1204462947601362,
                        -0.37205804259802827,
                        0.08022273409870961
                    ],
                    [
                        -6.462396576850693e-07,
                        -0.6663263726869282,
                        1.4374346364698791,
                        0.39240786819178236,
                        -1.2185509906205805,
                        1.192438216378982,
                        0.7550010142688095,
                        -0.7569517872338851
                    ],
                    [
                        1.0710309423628314e-06,
                        0.37956884444521805,
                        0.39240786819178236,
                        1.5514062532296384,
                        -0.3242115908123491,
                        1.4673454188422022,
                        0.19405203120134495,
                        -0.9141740457073052
                    ],
                    [
                        2.682239682028366e-06,
                        0.5799073621122861,
                        -1.2185509906205805,
                        -0.3242115908123491,
                        2.030567741812929,
                        -1.0114770057245708,
                        -1.2538563064818644,
                        0.6498565407578981
                    ],
                    [
                        7.611406817767253e-07,
                        -0.12044629476013619,
                        1.192438216378982,
                        1.4673454188422022,
                        -1.0114770057245708,
                        2.8859685239508304,
                        0.619326843909547,
                        -1.8099310501193533
                    ],
                    [
                        -1.659568945085215e-06,
                        -0.37205804259802827,
                        0.7550010142688095,
                        0.1940520312013449,
                        -1.2538563064818644,
                        0.6193268439095468,
                        1.7789512831712095,
                        -0.3842550416662941
                    ],
                    [
                        -1.0562332170665614e-06,
                        0.08022273409870963,
                        -0.7569517872338851,
                        -0.9141740457073052,
                        0.6498565407578982,
                        -1.8099310501193533,
                        -0.38425504166629415,
                        2.129555518427591
                    ]
                ]
            },
            "est_tgt": [
                0
            ]
        },
        "1": {
            "intv_type": "do",
            "inode": 1,
            "new_mui": 1.0,
            "true_params": {
                "Si": [
                    [
                        1.0,
                        0.0,
                        -0.6376191399505893,
                        -0.4169969049235991,
                        -0.0308354393761371,
                        -0.7213690468971663,
                        0.6020143230707048,
                        -0.2781179671969049
                    ],
                    [
                        0.0,
                        0.0,
                        0.0,
                        0.0,
                        0.0,
                        0.0,
                        0.0,
                        0.0
                    ],
                    [
                        -0.6376191399505893,
                        0.0,
                        1.4065581676313292,
                        0.9198757781059158,
                        -0.8204679551749144,
                        1.5913065672217184,
                        0.13543686327897275,
                        -0.5438725821256354
                    ],
                    [
                        -0.4169969049235991,
                        0.0,
                        0.9198757781059158,
                        1.6015900846610083,
                        -0.5365783058573905,
                        1.8270220599893177,
                        0.08857443144550027,
                        -0.8569484838192925
                    ],
                    [
                        -0.0308354393761371,
                        0.0,
                        -0.8204679551749144,
                        -0.5365783058573905,
                        1.706767933156393,
                        -0.9282346619646015,
                        -1.0729468930165735,
                        0.614482058821623
                    ],
                    [
                        -0.7213690468971663,
                        0.0,
                        1.5913065672217184,
                        1.8270220599893177,
                        -0.9282346619646015,
                        3.418624458160484,
                        0.1532262048875532,
                        -1.6469368264268844
                    ],
                    [
                        0.6020143230707048,
                        0.0,
                        0.13543686327897275,
                        0.08857443144550027,
                        -1.0729468930165735,
                        0.1532262048875532,
                        2.0141467993788065,
                        -0.541947982939636
                    ],
                    [
                        -0.2781179671969049,
                        0.0,
                        -0.5438725821256354,
                        -0.8569484838192925,
                        0.614482058821623,
                        -1.6469368264268844,
                        -0.541947982939636,
                        2.255124433659602
                    ]
                ],
                "mui": [
                    0.0,
                    1.0,
                    -0.6632080872231443,
                    0.3834503278293476,
                    0.557180494017867,
                    -0.10775026842307048,
                    -0.34439913034185377,
                    0.06868809728680736
                ],
                "Ai": [
                    [
                        0.0,
                        0.0,
                        0.0,
                        0.0,
                        0.0,
                        0.0,
                        0.0,
                        0.0
                    ],
                    [
                        0.0,
                        0.0,
                        0.0,
                        0.0,
                        0.0,
                        0.0,
                        0.0,
                        0.0
                    ],
                    [
                        -0.6376191399505893,
                        -0.6632080872231443,
                        0.0,
                        0.0,
                        0.0,
                        0.0,
                        0.0,
                        0.0
                    ],
                    [
                        -0.0,
                        0.8171821629712201,
                        0.6539905702264729,
                        0.0,
                        0.0,
                        0.0,
                        0.0,
                        0.0
                    ],
                    [
                        -0.5665179110426539,
                        0.0,
                        -0.8401292215099255,
                        -0.0,
                        0.0,
                        0.0,
                        0.0,
                        0.0
                    ],
                    [
                        0.0,
                        0.0,
                        0.6171003095667287,
                        0.7863225706868548,
                        0.0,
                        0.0,
                        0.0,
                        0.0
                    ],
                    [
                        0.5829546133018448,
                        0.0,
                        0.0,
                        0.0,
                        -0.6181105297824909,
                        -0.0,
                        0.0,
                        0.0
                    ],
                    [
                        -0.7379726663834825,
                        0.0,
                        0.0,
                        0.0,
                        -0.0,
                        -0.63747495288931,
                        0.0,
                        0.0
                    ]
                ]
            },
            "est_params": {
                "mui": [
                    0.012149518294332435,
                    0.9999998040912278,
                    -0.668493707150123,
                    0.3927593529371045,
                    0.5498023644338984,
                    -0.10188867534073677,
                    -0.3238300003484452,
                    0.04946729405992656
                ],
                "Si": [
                    [
                        1.001384779873004,
                        6.859910687405708e-08,
                        -0.6398973137353358,
                        -0.4060563186149035,
                        -0.02634624051824991,
                        -0.7102347618674626,
                        0.6032453682919593,
                        -0.28834541742627734
                    ],
                    [
                        6.859910687405696e-08,
                        1.0142298718859975e-06,
                        -8.088021849227922e-07,
                        -1.357490929120275e-07,
                        1.9027963754399342e-06,
                        -4.5084660358701183e-07,
                        -1.2446389171651133e-06,
                        -5.0661029208941434e-08
                    ],
                    [
                        -0.6398973137353358,
                        -8.088021849227922e-07,
                        1.4082470911072427,
                        0.9203772746456389,
                        -0.8271838779608004,
                        1.5775476748922121,
                        0.1276196624770323,
                        -0.5379226910933764
                    ],
                    [
                        -0.4060563186149035,
                        -1.3574909291202745e-07,
                        0.9203772746456389,
                        1.6028509051142676,
                        -0.5486723601961748,
                        1.8168212252778828,
                        0.08877947292756692,
                        -0.873708248382245
                    ],
                    [
                        -0.026346240518249922,
                        1.9027963754399336e-06,
                        -0.8271838779608004,
                        -0.5486723601961748,
                        1.7177740972775186,
                        -0.9342709461013956,
                        -1.0701661169755412,
                        0.6088696568856476
                    ],
                    [
                        -0.7102347618674626,
                        -4.508466035870115e-07,
                        1.5775476748922121,
                        1.8168212252778828,
                        -0.9342709461013957,
                        3.3791098626115725,
                        0.13798442147444104,
                        -1.647050548782778
                    ],
                    [
                        0.6032453682919594,
                        -1.2446389171651133e-06,
                        0.1276196624770323,
                        0.08877947292756691,
                        -1.0701661169755412,
                        0.13798442147444104,
                        2.0332540908379313,
                        -0.5296228477966025
                    ],
                    [
                        -0.28834541742627734,
                        -5.066102920894145e-08,
                        -0.5379226910933764,
                        -0.873708248382245,
                        0.6088696568856478,
                        -1.647050548782778,
                        -0.5296228477966026,
                        2.278226508224842
                    ]
                ]
            },
            "est_tgt": [
                1
            ]
        },
        "2": {
            "intv_type": "do",
            "inode": 2,
            "new_mui": 1.0,
            "true_params": {
                "Si": [
                    [
                        1.0,
                        -0.6266074632957286,
                        0.0,
                        -0.512052442189913,
                        -0.5665179110426539,
                        -0.4026383926692545,
                        0.9331252994276897,
                        -0.481300775985222
                    ],
                    [
                        -0.6266074632957286,
                        1.392636913057908,
                        0.0,
                        1.1380380448462242,
                        0.3549843511500326,
                        0.8948650009629252,
                        -0.5847032768114518,
                        -0.10803484386699419
                    ],
                    [
                        0.0,
                        0.0,
                        0.0,
                        0.0,
                        0.0,
                        0.0,
                        0.0,
                        0.0
                    ],
                    [
                        -0.512052442189913,
                        1.1380380448462242,
                        0.0,
                        1.929984391030976,
                        0.2900868798937188,
                        1.517590287740981,
                        -0.47780908844114234,
                        -0.5895450910918922
                    ],
                    [
                        -0.5665179110426539,
                        0.3549843511500326,
                        0.0,
                        0.2900868798937188,
                        1.3209425435321323,
                        0.22810186112055789,
                        -1.1467427251553166,
                        0.2726655101943563
                    ],
                    [
                        -0.4026383926692545,
                        0.8948650009629252,
                        0.0,
                        1.517590287740981,
                        0.22810186112055789,
                        2.193315496305892,
                        -0.3757120707205818,
                        -1.1010475644525026
                    ],
                    [
                        0.9331252994276897,
                        -0.5847032768114518,
                        0.0,
                        -0.47780908844114234,
                        -1.1467427251553166,
                        -0.3757120707205818,
                        2.252783451460007,
                        -0.44911393070598965
                    ],
                    [
                        -0.481300775985222,
                        -0.10803484386699419,
                        0.0,
                        -0.5895450910918922,
                        0.2726655101943563,
                        -1.1010475644525026,
                        -0.44911393070598965,
                        2.0570770612645024
                    ]
                ],
                "mui": [
                    0.0,
                    0.0,
                    1.0,
                    0.6539905702264729,
                    -0.8401292215099255,
                    1.131347855952171,
                    0.5192927181932517,
                    -0.7212059211745321
                ],
                "Ai": [
                    [
                        0.0,
                        0.0,
                        0.0,
                        0.0,
                        0.0,
                        0.0,
                        0.0,
                        0.0
                    ],
                    [
                        -0.6266074632957286,
                        0.0,
                        0.0,
                        0.0,
                        0.0,
                        0.0,
                        0.0,
                        0.0
                    ],
                    [
                        0.0,
                        0.0,
                        0.0,
                        0.0,
                        0.0,
                        0.0,
                        0.0,
                        0.0
                    ],
                    [
                        -0.0,
                        0.8171821629712201,
                        0.6539905702264729,
                        0.0,
                        0.0,
                        0.0,
                        0.0,
                        0.0
                    ],
                    [
                        -0.5665179110426539,
                        0.0,
                        -0.8401292215099255,
                        -0.0,
                        0.0,
                        0.0,
                        0.0,
                        0.0
                    ],
                    [
                        0.0,
                        0.0,
                        0.6171003095667287,
                        0.7863225706868548,
                        0.0,
                        0.0,
                        0.0,
                        0.0
                    ],
                    [
                        0.5829546133018448,
                        0.0,
                        0.0,
                        0.0,
                        -0.6181105297824909,
                        -0.0,
                        0.0,
                        0.0
                    ],
                    [
                        -0.7379726663834825,
                        0.0,
                        0.0,
                        0.0,
                        -0.0,
                        -0.63747495288931,
                        0.0,
                        0.0
                    ]
                ]
            },
            "est_params": {
                "mui": [
                    0.011886938536854661,
                    -0.008280100255022368,
                    1.0000007556504582,
                    0.6411852498533194,
                    -0.8515477894013979,
                    1.1136280774932663,
                    0.5470525882921945,
                    -0.7214736578358192
                ],
                "Si": [
                    [
                        0.9813802883826059,
                        -0.611737565948288,
                        -9.160578671646056e-07,
                        -0.5059605949357754,
                        -0.56548253623372,
                        -0.3910242138018365,
                        0.9332787949385037,
                        -0.48665656502022625
                    ],
                    [
                        -0.611737565948288,
                        1.3780776359295115,
                        2.809685862598595e-07,
                        1.1166671777170571,
                        0.3474560822977664,
                        0.8910839205928862,
                        -0.5792754237036832,
                        -0.10715714862420504
                    ],
                    [
                        -9.160578671646058e-07,
                        2.8096858625985945e-07,
                        1.008948926942838e-06,
                        -7.516628213814247e-07,
                        1.16020124509312e-06,
                        -3.172845290416998e-07,
                        -1.6639331133507523e-06,
                        1.350397004648427e-06
                    ],
                    [
                        -0.5059605949357754,
                        1.1166671777170571,
                        -7.516628213814245e-07,
                        1.9125009823349453,
                        0.29432069954124374,
                        1.5040016524064348,
                        -0.4900436012745037,
                        -0.5829883975592621
                    ],
                    [
                        -0.56548253623372,
                        0.3474560822977664,
                        1.16020124509312e-06,
                        0.2943206995412437,
                        1.3150204772376166,
                        0.22853949122027886,
                        -1.1692454997656365,
                        0.27614130498297396
                    ],
                    [
                        -0.3910242138018365,
                        0.8910839205928862,
                        -3.1728452904169965e-07,
                        1.5040016524064348,
                        0.22853949122027883,
                        2.167375794587601,
                        -0.3813186158484809,
                        -1.0961067776168447
                    ],
                    [
                        0.9332787949385037,
                        -0.5792754237036832,
                        -1.6639331133507525e-06,
                        -0.4900436012745037,
                        -1.1692454997656365,
                        -0.3813186158484809,
                        2.270986359224415,
                        -0.4564626360872802
                    ],
                    [
                        -0.4866565650202262,
                        -0.10715714862420506,
                        1.3503970046484274e-06,
                        -0.5829883975592621,
                        0.2761413049829739,
                        -1.0961067776168447,
                        -0.45646263608728016,
                        2.047687604740906
                    ]
                ]
            },
            "est_tgt": [
                2
            ]
        },
        "3": {
            "intv_type": "do",
            "inode": 3,
            "new_mui": 1.0,
            "true_params": {
                "Si": [
                    [
                        1.0,
                        -0.6266074632957286,
                        -0.22204800277848252,
                        0.0,
                        -0.37996889533053363,
                        -0.13702589125327538,
                        0.8178173884954688,
                        -0.6506220928121851
                    ],
                    [
                        -0.6266074632957286,
                        1.392636913057908,
                        -0.5240711514722365,
                        0.0,
                        0.7952718396522128,
                        -0.3234044698085091,
                        -0.8568496095861369,
                        0.6685814296195106
                    ],
                    [
                        -0.22204800277848252,
                        -0.5240711514722365,
                        1.4891502824960947,
                        0.0,
                        -1.1252844968594704,
                        0.9189551003197216,
                        0.5661062889156537,
                        -0.42194550260814195
                    ],
                    [
                        0.0,
                        0.0,
                        0.0,
                        0.0,
                        0.0,
                        0.0,
                        0.0,
                        0.0
                    ],
                    [
                        -0.37996889533053363,
                        0.7952718396522128,
                        -1.1252844968594704,
                        0.0,
                        2.1606435731675737,
                        -0.6944134113626197,
                        -1.5570211641258838,
                        0.7230778155239513
                    ],
                    [
                        -0.13702589125327538,
                        -0.3234044698085091,
                        0.9189551003197216,
                        0.0,
                        -0.6944134113626197,
                        1.5670874768852243,
                        0.3493443661375219,
                        -0.8978576531690834
                    ],
                    [
                        0.8178173884954688,
                        -0.8568496095861369,
                        0.5661062889156537,
                        0.0,
                        -1.5570211641258838,
                        0.3493443661375219,
                        2.439161596102301,
                        -0.8262251621484402
                    ],
                    [
                        -0.6506220928121851,
                        0.6685814296195106,
                        -0.42194550260814195,
                        0.0,
                        0.7230778155239513,
                        -0.8978576531690834,
                        -0.8262251621484402,
                        2.0525030857958777
                    ]
                ],
                "mui": [
                    0.0,
                    0.0,
                    0.0,
                    1.0,
                    0.0,
                    0.7863225706868548,
                    0.0,
                    -0.5012609437044039
                ],
                "Ai": [
                    [
                        0.0,
                        0.0,
                        0.0,
                        0.0,
                        0.0,
                        0.0,
                        0.0,
                        0.0
                    ],
                    [
                        -0.6266074632957286,
                        0.0,
                        0.0,
                        0.0,
                        0.0,
                        0.0,
                        0.0,
                        0.0
                    ],
                    [
                        -0.6376191399505893,
                        -0.6632080872231443,
                        0.0,
                        0.0,
                        0.0,
                        0.0,
                        0.0,
                        0.0
                    ],
                    [
                        0.0,
                        0.0,
                        0.0,
                        0.0,
                        0.0,
                        0.0,
                        0.0,
                        0.0
                    ],
                    [
                        -0.5665179110426539,
                        0.0,
                        -0.8401292215099255,
                        -0.0,
                        0.0,
                        0.0,
                        0.0,
                        0.0
                    ],
                    [
                        0.0,
                        0.0,
                        0.6171003095667287,
                        0.7863225706868548,
                        0.0,
                        0.0,
                        0.0,
                        0.0
                    ],
                    [
                        0.5829546133018448,
                        0.0,
                        0.0,
                        0.0,
                        -0.6181105297824909,
                        -0.0,
                        0.0,
                        0.0
                    ],
                    [
                        -0.7379726663834825,
                        0.0,
                        0.0,
                        0.0,
                        -0.0,
                        -0.63747495288931,
                        0.0,
                        0.0
                    ]
                ]
            },
            "est_params": {
                "mui": [
                    -0.009520695973591217,
                    0.011142019142121734,
                    -0.006442961395684539,
                    1.0000005458468586,
                    -0.006330567370092003,
                    0.7834565093229025,
                    -0.01610378706920057,
                    -0.48262910812091064
                ],
                "Si": [
                    [
                        0.9910916795877287,
                        -0.6194427363744467,
                        -0.22306558643746302,
                        7.189947185854601e-07,
                        -0.37697894387772485,
                        -0.1468843384690368,
                        0.8227127659594288,
                        -0.6454954543149475
                    ],
                    [
                        -0.6194427363744467,
                        1.3885809063326553,
                        -0.5334930990999324,
                        -4.309253326977161e-07,
                        0.8028662302850376,
                        -0.33148135521178834,
                        -0.8728719173846697,
                        0.6765337521711197
                    ],
                    [
                        -0.22306558643746296,
                        -0.5334930990999323,
                        1.5097929564106911,
                        5.109871148350013e-07,
                        -1.1359592484043142,
                        0.9453311764187543,
                        0.5645423327269343,
                        -0.43779692670280584
                    ],
                    [
                        7.189947185854601e-07,
                        -4.3092533269771604e-07,
                        5.109871148350012e-07,
                        1.0083008922865805e-06,
                        -8.734671284517965e-07,
                        3.15926391212714e-07,
                        9.028349495087929e-07,
                        -2.2651699936839698e-07
                    ],
                    [
                        -0.37697894387772485,
                        0.8028662302850376,
                        -1.1359592484043142,
                        -8.734671284517965e-07,
                        2.177593506604706,
                        -0.6977771535335464,
                        -1.5604742359694794,
                        0.7375567978378264
                    ],
                    [
                        -0.1468843384690368,
                        -0.33148135521178834,
                        0.9453311764187543,
                        3.15926391212714e-07,
                        -0.6977771535335465,
                        1.5949734412109904,
                        0.33684137502715505,
                        -0.9133751815514952
                    ],
                    [
                        0.8227127659594289,
                        -0.8728719173846696,
                        0.5645423327269343,
                        9.028349495087929e-07,
                        -1.5604742359694799,
                        0.33684137502715505,
                        2.4497695836330546,
                        -0.832958738100237
                    ],
                    [
                        -0.6454954543149475,
                        0.6765337521711197,
                        -0.43779692670280584,
                        -2.265169993683971e-07,
                        0.7375567978378262,
                        -0.9133751815514952,
                        -0.832958738100237,
                        2.060362863259377
                    ]
                ]
            },
            "est_tgt": [
                3
            ]
        },
        "4": {
            "intv_type": "do",
            "inode": 4,
            "new_mui": 1.0,
            "true_params": {
                "Si": [
                    [
                        1.0,
                        -0.6266074632957286,
                        -0.22204800277848252,
                        -0.6572697421446622,
                        0.0,
                        -0.6538519245311524,
                        0.5829546133018448,
                        -0.32115844159640144
                    ],
                    [
                        -0.6266074632957286,
                        1.392636913057908,
                        -0.5240711514722365,
                        0.795300453655652,
                        0.0,
                        0.30195822737842504,
