{
    "expt_args": {
        "save_dir": "expt_logs_29.04.24-11",
        "exp_name": "92",
        "num_nodes": 8,
        "obs_noise_mean": 0.0,
        "obs_noise_var": 1.0,
        "max_edge_strength": 1.0,
        "num_parents": 2,
        "new_noise_mean": 1.0,
        "mix_samples": 16384,
        "stage2_samples": 16384,
        "intv_targets": [
            0,
            1,
            2,
            3,
            4,
            5,
            6,
            7
        ]
    },
    "intv_args_dict": {
        "0": {
            "intv_type": "do",
            "inode": 0,
            "new_mui": 1.0,
            "true_params": {
                "Si": [
                    [
                        0.0,
                        0.0,
                        0.0,
                        0.0,
                        0.0,
                        0.0,
                        0.0,
                        0.0
                    ],
                    [
                        0.0,
                        1.0,
                        -0.8780915667961696,
                        -0.06315659059859835,
                        0.052831954636576105,
                        -1.5735890443882192,
                        -0.005898702413610721,
                        -0.9614655081891387
                    ],
                    [
                        0.0,
                        -0.8780915667961696,
                        1.771044799678552,
                        1.0137243836677081,
                        -0.8480039873006069,
                        2.344235324075881,
                        0.09467988078522813,
                        0.5769815010756009
                    ],
                    [
                        0.0,
                        -0.06315659059859835,
                        1.0137243836677081,
                        1.9222646168545892,
                        -1.6080189901734636,
                        1.0216955033195396,
                        0.1795357670128936,
                        -1.1254910814721968
                    ],
                    [
                        0.0,
                        0.052831954636576105,
                        -0.8480039873006069,
                        -1.6080189901734636,
                        2.345145226149728,
                        -0.8546720139919912,
                        -1.0312279819126842,
                        0.941499425422273
                    ],
                    [
                        0.0,
                        -1.5735890443882192,
                        2.344235324075881,
                        1.0216955033195396,
                        -0.8546720139919912,
                        4.4025503361132525,
                        0.09542436781791609,
                        1.904037774175249
                    ],
                    [
                        0.0,
                        -0.005898702413610721,
                        0.09467988078522813,
                        0.1795357670128936,
                        -1.0312279819126842,
                        0.09542436781791609,
                        1.793003549518533,
                        -0.10511867242758878
                    ],
                    [
                        0.0,
                        -0.9614655081891387,
                        0.5769815010756009,
                        -1.1254910814721968,
                        0.941499425422273,
                        1.904037774175249,
                        -0.10511867242758878,
                        3.2812607961416673
                    ]
                ],
                "mui": [
                    1.0,
                    -0.5715555352410389,
                    1.3021207687848975,
                    0.8029437360794681,
                    0.10151563597680954,
                    1.6696111404351626,
                    -0.6062255136450255,
                    0.3356474703127825
                ],
                "Ai": [
                    [
                        0.0,
                        0.0,
                        0.0,
                        0.0,
                        0.0,
                        0.0,
                        0.0,
                        0.0
                    ],
                    [
                        -0.5715555352410389,
                        0.0,
                        0.0,
                        0.0,
                        0.0,
                        0.0,
                        0.0,
                        0.0
                    ],
                    [
                        0.8002426733340704,
                        -0.8780915667961696,
                        0.0,
                        0.0,
                        0.0,
                        0.0,
                        0.0,
                        0.0
                    ],
                    [
                        -0.0,
                        0.7782896810091842,
                        0.9582671140754806,
                        0.0,
                        0.0,
                        0.0,
                        0.0,
                        0.0
                    ],
                    [
                        0.7731967168934044,
                        0.0,
                        -0.0,
                        -0.8365232216596032,
                        0.0,
                        0.0,
                        0.0,
                        0.0
                    ],
                    [
                        0.0,
                        -0.7284434252381808,
                        0.9624800545957426,
                        0.0,
                        0.0,
                        0.0,
                        0.0,
                        0.0
                    ],
                    [
                        0.0,
                        -0.0,
                        -0.0,
                        -0.643614162344031,
                        -0.8810421436879304,
                        0.0,
                        0.0,
                        0.0
                    ],
                    [
                        -0.0,
                        -0.0,
                        -0.0,
                        -0.9300947957129937,
                        -0.0,
                        0.6483313594856068,
                        0.0,
                        0.0
                    ]
                ]
            },
            "est_params": {
                "mui": [
                    0.9999993261233486,
                    -0.5972620803359805,
                    1.2660491299588186,
                    0.7338086199272229,
                    0.1530637412793651,
                    1.6538387520157036,
                    -0.629202234463513,
                    0.3740978273749031
                ],
                "Si": [
                    [
                        1.00530154425328e-06,
                        -3.1016519756250216e-07,
                        6.411019163310595e-07,
                        -1.3294449584559589e-06,
                        2.3124625673098973e-06,
                        -8.04917879697896e-07,
                        -9.116236574124444e-07,
                        -2.9044882035209166e-07
                    ],
                    [
                        -3.101651975625021e-07,
                        0.9883929121220507,
                        -0.8275217434036295,
                        -0.017622678468309297,
                        -0.015090993714123424,
                        -1.531899340772478,
                        0.018627392375066686,
                        -0.9710242734499506
                    ],
                    [
                        6.411019163310595e-07,
                        -0.8275217434036295,
                        1.7552451478059872,
                        1.059886854704807,
                        -0.8413745342476769,
                        2.3301622333110252,
                        0.054657939060929986,
                        0.4979348155851866
                    ],
                    [
                        -1.3294449584559589e-06,
                        -0.017622678468309318,
                        1.059886854704807,
                        2.0663210184925767,
                        -1.7108008960101424,
                        1.030416119871921,
                        0.15825664665567538,
                        -1.3150274228032501
                    ],
                    [
                        2.3124625673098973e-06,
                        -0.015090993714123426,
                        -0.8413745342476769,
                        -1.7108008960101424,
                        2.386799304062592,
                        -0.7705209825460283,
                        -0.9879802392243502,
                        1.1473204290324521
                    ],
                    [
                        -8.049178796978961e-07,
                        -1.531899340772478,
                        2.3301622333110252,
                        1.0304161198719213,
                        -0.7705209825460283,
                        4.393497132395571,
                        -0.02375116402040363,
                        1.8990687281170313
                    ],
                    [
                        -9.116236574124445e-07,
                        0.01862739237506668,
                        0.05465793906093,
                        0.15825664665567538,
                        -0.9879802392243501,
                        -0.023751164020403632,
                        1.7626270509500035,
                        -0.17975143848905256
                    ],
                    [
                        -2.9044882035209176e-07,
                        -0.9710242734499506,
                        0.4979348155851866,
                        -1.3150274228032501,
                        1.1473204290324521,
                        1.8990687281170313,
                        -0.17975143848905256,
                        3.494686986924148
                    ]
                ]
            },
            "est_tgt": [
                0,
                1,
                2,
                5
            ]
        },
        "1": {
            "intv_type": "do",
            "inode": 1,
            "new_mui": 1.0,
            "true_params": {
                "Si": [
                    [
                        1.0,
                        0.0,
                        0.8002426733340704,
                        0.7668462371358872,
                        0.13171203208694798,
                        0.770217611920419,
                        -0.6095969496602643,
                        -0.21388346283605814
                    ],
                    [
                        0.0,
                        0.0,
                        0.0,
                        0.0,
                        0.0,
                        0.0,
                        0.0,
                        0.0
                    ],
                    [
                        0.8002426733340704,
                        0.0,
                        1.6403883362248597,
                        1.5719301969172754,
                        -0.6962111048093494,
                        1.5788410554079224,
                        -0.39832521271162835,
                        -0.4384319275125508
                    ],
                    [
                        0.7668462371358872,
                        0.0,
                        1.5719301969172754,
                        2.5063290133280196,
                        -1.5036794278525605,
                        1.5129514617496356,
                        -0.28830390193699434,
                        -1.3502296936089961
                    ],
                    [
                        0.13171203208694798,
                        0.0,
                        -0.6962111048093494,
                        -1.5036794278525605,
                        2.35970207011548,
                        -0.670089302167065,
                        -1.111207594928112,
                        0.9641245020156237
                    ],
                    [
                        0.770217611920419,
                        0.0,
                        1.5788410554079224,
                        1.5129514617496356,
                        -0.670089302167065,
                        2.519603025207017,
                        -0.3833800724775488,
                        0.22634937395681032
                    ],
                    [
                        -0.6095969496602643,
                        0.0,
                        -0.39832521271162835,
                        -0.28830390193699434,
                        -1.111207594928112,
                        -0.3833800724775488,
                        2.164577195863467,
                        0.019592635186288055
                    ],
                    [
                        -0.21388346283605814,
                        0.0,
                        -0.4384319275125508,
                        -1.3502296936089961,
                        0.9641245020156237,
                        0.22634937395681032,
                        0.019592635186288055,
                        2.4025910083790123
                    ]
                ],
                "mui": [
                    0.0,
                    1.0,
                    -0.8780915667961696,
                    -0.06315659059859835,
                    0.052831954636576105,
                    -1.5735890443882192,
                    -0.005898702413610721,
                    -0.9614655081891387
                ],
                "Ai": [
                    [
                        0.0,
                        0.0,
                        0.0,
                        0.0,
                        0.0,
                        0.0,
                        0.0,
                        0.0
                    ],
                    [
                        0.0,
                        0.0,
                        0.0,
                        0.0,
                        0.0,
                        0.0,
                        0.0,
                        0.0
                    ],
                    [
                        0.8002426733340704,
                        -0.8780915667961696,
                        0.0,
                        0.0,
                        0.0,
                        0.0,
                        0.0,
                        0.0
                    ],
                    [
                        -0.0,
                        0.7782896810091842,
                        0.9582671140754806,
                        0.0,
                        0.0,
                        0.0,
                        0.0,
                        0.0
                    ],
                    [
                        0.7731967168934044,
                        0.0,
                        -0.0,
                        -0.8365232216596032,
                        0.0,
                        0.0,
                        0.0,
                        0.0
                    ],
                    [
                        0.0,
                        -0.7284434252381808,
                        0.9624800545957426,
                        0.0,
                        0.0,
                        0.0,
                        0.0,
                        0.0
                    ],
                    [
                        0.0,
                        -0.0,
                        -0.0,
                        -0.643614162344031,
                        -0.8810421436879304,
                        0.0,
                        0.0,
                        0.0
                    ],
                    [
                        -0.0,
                        -0.0,
                        -0.0,
                        -0.9300947957129937,
                        -0.0,
                        0.6483313594856068,
                        0.0,
                        0.0
                    ]
                ]
            },
            "est_params": {
                "mui": [
                    -0.036507665188483356,
                    1.0000017696371009,
                    -0.915736566137592,
                    -0.11455576836405468,
                    0.07050376207071925,
                    -1.5931294899601087,
                    0.01831359425121158,
                    -0.9239155289653416
                ],
                "Si": [
                    [
                        0.9802345139166384,
                        1.3889017051777178e-06,
                        0.744890291781654,
                        0.6994154765491568,
                        0.1788567462572288,
                        0.7079403312736796,
                        -0.5748946372145739,
                        -0.16765295079284964
                    ],
                    [
                        1.388901705177718e-06,
                        1.0197104867693224e-06,
                        8.565412756902959e-08,
                        -6.661319999600517e-06,
                        8.323663261746086e-06,
                        3.871113436706397e-06,
                        -2.575741457281549e-06,
                        3.777772147743048e-06
                    ],
                    [
                        0.744890291781654,
                        8.565412756902947e-08,
                        1.5176704712006448,
                        1.4444499486190685,
                        -0.6405530191155994,
                        1.4372917309090147,
                        -0.343237352022906,
                        -0.3774350294783697
                    ],
                    [
                        0.6994154765491569,
                        -6.661319999600517e-06,
                        1.4444499486190685,
                        2.378562950297941,
                        -1.4666282890578408,
                        1.3869932644445795,
                        -0.2187599477060244,
                        -1.296861665160569
                    ],
                    [
                        0.1788567462572288,
                        8.323663261746086e-06,
                        -0.6405530191155994,
                        -1.4666282890578408,
                        2.3469139537193366,
                        -0.6314084150922047,
                        -1.1027161240150263,
                        0.9147038892119853
                    ],
                    [
                        0.7079403312736796,
                        3.871113436706396e-06,
                        1.4372917309090147,
                        1.3869932644445795,
                        -0.6314084150922048,
                        2.370121629635613,
                        -0.3132079881361814,
                        0.262750020769446
                    ],
                    [
                        -0.574894637214574,
                        -2.575741457281549e-06,
                        -0.34323735202290606,
                        -0.2187599477060244,
                        -1.102716124015026,
                        -0.3132079881361814,
                        2.123275163615344,
                        -0.002096904782947762
                    ],
                    [
                        -0.16765295079284964,
                        3.777772147743048e-06,
                        -0.3774350294783697,
                        -1.296861665160569,
                        0.9147038892119853,
                        0.26275002076944604,
                        -0.00209690478294776,
                        2.3503538475775976
                    ]
                ]
            },
            "est_tgt": [
                0,
                1,
                5
            ]
        },
        "2": {
            "intv_type": "do",
            "inode": 2,
            "new_mui": 1.0,
            "true_params": {
                "Si": [
                    [
                        1.0,
                        -0.5715555352410389,
                        0.0,
                        -0.44483577520178164,
                        1.1453121726746458,
                        0.41634587180482413,
                        -0.7227656869679986,
                        0.6836695245455741
                    ],
                    [
                        -0.5715555352410389,
                        1.3266757298646703,
                        0.0,
                        1.0325380305990008,
                        -1.3056669032133619,
                        -0.9664082128429841,
                        0.4857914676971505,
                        -1.586910999086422
                    ],
                    [
                        0.0,
                        0.0,
                        0.0,
                        0.0,
                        0.0,
                        0.0,
                        0.0,
                        0.0
                    ],
                    [
                        -0.44483577520178164,
                        1.0325380305990008,
                        0.0,
                        1.8036136944647476,
                        -1.85271029926578,
                        -0.7521455396982218,
                        0.4714845365426783,
                        -2.1651712509819308
                    ],
                    [
                        1.1453121726746458,
                        -1.3056669032133619,
                        0.0,
                        -1.85271029926578,
                        3.4353868000738257,
                        0.9511044711968697,
                        -1.8342899634061591,
                        2.3398270621348707
                    ],
                    [
                        0.41634587180482413,
                        -0.9664082128429841,
                        0.0,
                        -0.7521455396982218,
                        0.9511044711968697,
                        1.7039737087416522,
                        -0.3538716006807954,
                        1.8043062432082637
                    ],
                    [
                        -0.7227656869679986,
                        0.4857914676971505,
                        0.0,
                        0.4714845365426783,
                        -1.8342899634061591,
                        -0.3538716006807954,
                        2.312632636459538,
                        -0.6679513696502257
                    ],
                    [
                        0.6836695245455741,
                        -1.586910999086422,
                        0.0,
                        -2.1651712509819308,
                        2.3398270621348707,
                        1.8043062432082637,
                        -0.6679513696502257,
                        4.183602831953268
                    ]
                ],
                "mui": [
                    0.0,
                    0.0,
                    1.0,
                    0.9582671140754806,
                    -0.8016126934768716,
                    0.9624800545957426,
                    0.08950027994079635,
                    -0.2672732534306753
                ],
                "Ai": [
                    [
                        0.0,
                        0.0,
                        0.0,
                        0.0,
                        0.0,
                        0.0,
                        0.0,
                        0.0
                    ],
                    [
                        -0.5715555352410389,
                        0.0,
                        0.0,
                        0.0,
                        0.0,
                        0.0,
                        0.0,
                        0.0
                    ],
                    [
                        0.0,
                        0.0,
                        0.0,
                        0.0,
                        0.0,
                        0.0,
                        0.0,
                        0.0
                    ],
                    [
                        -0.0,
                        0.7782896810091842,
                        0.9582671140754806,
                        0.0,
                        0.0,
                        0.0,
                        0.0,
                        0.0
                    ],
                    [
                        0.7731967168934044,
                        0.0,
                        -0.0,
                        -0.8365232216596032,
                        0.0,
                        0.0,
                        0.0,
                        0.0
                    ],
                    [
                        0.0,
                        -0.7284434252381808,
                        0.9624800545957426,
                        0.0,
                        0.0,
                        0.0,
                        0.0,
                        0.0
                    ],
                    [
                        0.0,
                        -0.0,
                        -0.0,
                        -0.643614162344031,
                        -0.8810421436879304,
                        0.0,
                        0.0,
                        0.0
                    ],
                    [
                        -0.0,
                        -0.0,
                        -0.0,
                        -0.9300947957129937,
                        -0.0,
                        0.6483313594856068,
                        0.0,
                        0.0
                    ]
                ]
            },
            "est_params": {
                "mui": [
                    -0.04072097664552496,
                    -0.018321256454086148,
                    1.00000033164733,
                    0.9325306592044006,
                    -0.8431946034009611,
                    0.9582136447171087,
                    0.1678324651705801,
                    -0.24995637765889783
                ],
                "Si": [
                    [
                        0.9984167733675638,
                        -0.5539716991457052,
                        1.1777010522988141e-06,
                        -0.44364344285880364,
                        1.1596664749504233,
                        0.4193662031741216,
                        -0.7451097428459134,
                        0.6863794831825571
                    ],
                    [
                        -0.5539716991457052,
                        1.3060145975733706,
                        1.3992677916968773e-06,
                        1.0044129861053117,
                        -1.2910419955218844,
                        -0.9650406652354178,
                        0.4783191485130422,
                        -1.5743526821878502
                    ],
                    [
                        1.1777010522988141e-06,
                        1.3992677916968776e-06,
                        1.0085072360204573e-06,
                        -6.730008763037135e-07,
                        1.1222023203401214e-06,
                        -3.435152704821264e-06,
                        -1.6912463745847654e-06,
                        -4.449184151744765e-06
                    ],
                    [
                        -0.44364344285880364,
                        1.0044129861053117,
                        -6.730008763037134e-07,
                        1.7748030200113272,
                        -1.8294535032456556,
                        -0.763290626831117,
                        0.47885740420431505,
                        -2.1659770164728824
                    ],
                    [
                        1.1596664749504233,
                        -1.2910419955218844,
                        1.1222023203401208e-06,
                        -1.8294535032456556,
                        3.4792062603344345,
                        1.0309755208930567,
                        -1.87137520184145,
                        2.4096634832614066
                    ],
                    [
                        0.41936620317412165,
                        -0.9650406652354176,
                        -3.4351527048212638e-06,
                        -0.763290626831117,
                        1.0309755208930567,
                        1.7108903390656067,
                        -0.41895018139621926,
                        1.834680038599165
                    ],
                    [
                        -0.7451097428459134,
                        0.4783191485130422,
                        -1.6912463745847654e-06,
                        0.47885740420431505,
                        -1.87137520184145,
                        -0.41895018139621926,
                        2.284668275810562,
                        -0.7491640748123648
                    ],
                    [
                        0.6863794831825571,
                        -1.5743526821878502,
                        -4.449184151744765e-06,
                        -2.165977016472882,
                        2.4096634832614066,
                        1.834680038599165,
                        -0.7491640748123648,
                        4.199565105988471
                    ]
                ]
            },
            "est_tgt": [
                0,
                2,
                5
            ]
        },
        "3": {
            "intv_type": "do",
            "inode": 3,
            "new_mui": 1.0,
            "true_params": {
                "Si": [
                    [
                        1.0,
                        -0.5715555352410389,
                        1.3021207687848975,
                        0.0,
                        0.7731967168934044,
                        1.6696111404351626,
                        -0.6812188929442349,
                        1.0824612604906434
                    ],
                    [
                        -0.5715555352410389,
                        1.3266757298646703,
                        -1.6223258997474947,
                        0.0,
                        -0.44192486337062376,
                        -2.5278645334040397,
                        0.3893544289730501,
                        -1.6388938495372904
                    ],
                    [
                        1.3021207687848975,
                        -1.6223258997474947,
                        3.4665632961795243,
                        0.0,
                        1.0067955034231986,
                        4.518270665831144,
                        -0.8870292685913439,
                        2.929336563302244
                    ],
                    [
                        0.0,
                        0.0,
                        0.0,
                        0.0,
                        0.0,
                        0.0,
                        0.0,
                        0.0
                    ],
                    [
                        0.7731967168934044,
                        -0.44192486337062376,
                        1.0067955034231986,
                        0.0,
                        1.5978331630147393,
                        1.2909378522731205,
                        -1.4077583551981725,
                        0.8369554927756617
                    ],
                    [
                        1.6696111404351626,
                        -2.5278645334040397,
                        4.518270665831144,
                        0.0,
                        1.2909378522731205,
                        7.190151696378456,
                        -1.1373706527346028,
                        4.661600824220788
                    ],
                    [
                        -0.6812188929442349,
                        0.3893544289730501,
                        -0.8870292685913439,
                        0.0,
                        -1.4077583551981725,
                        -1.1373706527346028,
                        2.2402944390583928,
                        -0.7373930615264571
                    ],
                    [
                        1.0824612604906434,
                        -1.6388938495372904,
                        2.929336563302244,
                        0.0,
                        0.8369554927756617,
                        4.661600824220788,
                        -0.7373930615264571,
                        4.022261999746288
                    ]
                ],
                "mui": [
                    0.0,
                    0.0,
                    0.0,
                    1.0,
                    -0.8365232216596032,
                    0.0,
                    0.09339805011167968,
                    -0.9300947957129937
                ],
                "Ai": [
                    [
                        0.0,
                        0.0,
                        0.0,
                        0.0,
                        0.0,
                        0.0,
                        0.0,
                        0.0
                    ],
                    [
                        -0.5715555352410389,
                        0.0,
                        0.0,
                        0.0,
                        0.0,
                        0.0,
                        0.0,
                        0.0
                    ],
                    [
                        0.8002426733340704,
                        -0.8780915667961696,
                        0.0,
                        0.0,
                        0.0,
                        0.0,
                        0.0,
                        0.0
                    ],
                    [
                        0.0,
                        0.0,
                        0.0,
                        0.0,
                        0.0,
                        0.0,
                        0.0,
                        0.0
                    ],
                    [
                        0.7731967168934044,
                        0.0,
                        -0.0,
                        -0.8365232216596032,
                        0.0,
                        0.0,
                        0.0,
                        0.0
                    ],
                    [
                        0.0,
                        -0.7284434252381808,
                        0.9624800545957426,
                        0.0,
                        0.0,
                        0.0,
                        0.0,
                        0.0
                    ],
                    [
                        0.0,
                        -0.0,
                        -0.0,
                        -0.643614162344031,
                        -0.8810421436879304,
                        0.0,
                        0.0,
                        0.0
                    ],
                    [
                        -0.0,
                        -0.0,
                        -0.0,
                        -0.9300947957129937,
                        -0.0,
                        0.6483313594856068,
                        0.0,
                        0.0
                    ]
                ]
            },
            "est_params": {
                "mui": [
                    -0.02599452836903246,
                    0.028986553015182527,
                    -0.05868454458982463,
                    1.0000003168526093,
                    -0.8721995573858713,
                    -0.08112185960830642,
                    0.1509101053022044,
                    -0.9499292285997394
                ],
                "Si": [
                    [
                        0.9489568198570527,
                        -0.5764506009120316,
                        1.2972204567088745,
                        6.669577852094156e-08,
                        0.7452848711677418,
                        1.6720058293288977,
                        -0.667047566860515,
                        1.1031044000464758
                    ],
                    [
                        -0.5764506009120316,
                        1.311994411443715,
                        -1.5869787679963798,
                        -1.4120801807180227e-06,
                        -0.4467988875032813,
                        -2.4658674282570123,
                        0.4332381162511831,
                        -1.6347186595253393
                    ],
                    [
                        1.2972204567088739,
                        -1.5869787679963796,
                        3.3942919544081676,
                        1.4441356072592755e-06,
                        1.0495529496118154,
                        4.451777597726182,
                        -0.9764563363411611,
                        2.952172142295218
                    ],
                    [
                        6.66957785209416e-08,
                        -1.4120801807180227e-06,
                        1.444135607259275e-06,
                        1.001445528699796e-06,
                        -6.054070709530626e-07,
                        2.7309423489891323e-06,
                        7.622997383378395e-08,
                        2.752144636152591e-06
                    ],
                    [
                        0.7452848711677419,
                        -0.4467988875032813,
                        1.0495529496118154,
                        -6.054070709530625e-07,
                        1.5772998157528284,
                        1.3003512599518405,
                        -1.3756531030386276,
                        0.8825952991864625
                    ],
                    [
                        1.6720058293288977,
                        -2.4658674282570123,
                        4.451777597726182,
                        2.7309423489891323e-06,
                        1.3003512599518405,
                        7.065327241115474,
                        -1.2127147704802266,
                        4.65942747904258
                    ],
                    [
                        -0.6670475668605151,
                        0.43323811625118297,
                        -0.9764563363411611,
                        7.622997383378397e-08,
                        -1.375653103038628,
                        -1.2127147704802268,
                        2.2607386509331073,
                        -0.8234906146061903
                    ],
                    [
                        1.1031044000464754,
                        -1.6347186595253393,
                        2.952172142295218,
                        2.752144636152591e-06,
                        0.8825952991864626,
                        4.65942747904258,
                        -0.8234906146061903,
                        4.092479696529105
                    ]
                ]
            },
            "est_tgt": [
                3
            ]
        },
        "4": {
            "intv_type": "do",
            "inode": 4,
            "new_mui": 1.0,
            "true_params": {
                "Si": [
                    [
                        1.0,
                        -0.5715555352410389,
                        1.3021207687848975,
                        0.8029437360794681,
                        0.0,
                        1.6696111404351626,
                        -0.5167859601061736,
                        0.3356474703127825
                    ],
                    [
                        -0.5715555352410389,
                        1.3266757298646703,
                        -1.6223258997474947,
