{
    "expt_args": {
        "save_dir": "expt_logs_29.04.24-11",
        "exp_name": "108",
        "num_nodes": 6,
        "obs_noise_mean": 0.0,
        "obs_noise_var": 1.0,
        "max_edge_strength": 1.0,
        "num_parents": 2,
        "new_noise_mean": 1.0,
        "mix_samples": 16384,
        "stage2_samples": 16384,
        "intv_targets": [
            0,
            1,
            2,
            3,
            4,
            5
        ]
    },
    "intv_args_dict": {
        "0": {
            "intv_type": "do",
            "inode": 0,
            "new_mui": 1.0,
            "true_params": {
                "Si": [
                    [
                        0.0,
                        0.0,
                        0.0,
                        0.0,
                        0.0,
                        0.0
                    ],
                    [
                        0.0,
                        1.0,
                        0.727352510434732,
                        -0.40183366247913144,
                        0.5516943093748716,
                        1.2981632083550503
                    ],
                    [
                        0.0,
                        0.727352510434732,
                        1.529041674435707,
                        -0.8447354031327813,
                        0.4012762409163686,
                        1.6962268377948466
                    ],
                    [
                        0.0,
                        -0.40183366247913144,
                        -0.8447354031327813,
                        1.4666830951937582,
                        -0.2216893449049997,
                        -0.9370986321599578
                    ],
                    [
                        0.0,
                        0.5516943093748716,
                        0.4012762409163686,
                        -0.2216893449049997,
                        1.3043666109966165,
                        0.716189254689307
                    ],
                    [
                        0.0,
                        1.2981632083550503,
                        1.6962268377948466,
                        -0.9370986321599578,
                        0.716189254689307,
                        3.250738587690223
                    ]
                ],
                "mui": [
                    1.0,
                    -0.710585230971692,
                    0.15802471448919597,
                    0.5365323424225478,
                    -0.9566534229512884,
                    -0.4149497786813692
                ],
                "Ai": [
                    [
                        0.0,
                        0.0,
                        0.0,
                        0.0,
                        0.0,
                        0.0
                    ],
                    [
                        -0.710585230971692,
                        0.0,
                        0.0,
                        0.0,
                        0.0,
                        0.0
                    ],
                    [
                        0.6748706661143,
                        0.727352510434732,
                        0.0,
                        0.0,
                        0.0,
                        0.0
                    ],
                    [
                        0.6238347836383752,
                        0.0,
                        -0.5524606799514022,
                        0.0,
                        0.0,
                        0.0
                    ],
                    [
                        -0.5646275946983772,
                        0.5516943093748716,
                        -0.0,
                        0.0,
                        0.0,
                        0.0
                    ],
                    [
                        0.0,
                        0.7511907970571869,
                        0.7520045692437947,
                        0.0,
                        -0.0,
                        0.0
                    ]
                ]
            },
            "est_params": {
                "mui": [
                    0.9999976167634081,
                    -0.6724698687190718,
                    0.19578485992069034,
                    0.5268661773812076,
                    -0.9596820997493097,
                    -0.35947785563917783
                ],
                "Si": [
                    [
                        1.0080777957395417e-06,
                        -2.8584989240091197e-06,
                        -1.687519381088368e-06,
                        3.2290239118460956e-06,
                        -1.0629521666642912e-06,
                        -3.097516686837025e-06
                    ],
                    [
                        -2.8584989240091197e-06,
                        1.0002887964551588,
                        0.7034351716481335,
                        -0.39101335082559346,
                        0.5765197464918836,
                        1.2496929538293284
                    ],
                    [
                        -1.687519381088368e-06,
                        0.7034351716481335,
                        1.5450081621876879,
                        -0.8427332533038507,
                        0.3636295076185946,
                        1.702220342495227
                    ],
                    [
                        3.2290239118460956e-06,
                        -0.39101335082559346,
                        -0.8427332533038507,
                        1.4712132042977346,
                        -0.22821275899036295,
                        -0.9517265686334887
                    ],
                    [
                        -1.0629521666642912e-06,
                        0.5765197464918836,
                        0.3636295076185946,
                        -0.22821275899036295,
                        1.3630842701325574,
                        0.686689126497573
                    ],
                    [
                        -3.097516686837025e-06,
                        1.2496929538293284,
                        1.702220342495227,
                        -0.9517265686334887,
                        0.686689126497573,
                        3.2591434055530355
                    ]
                ]
            },
            "est_tgt": [
                0
            ]
        },
        "1": {
            "intv_type": "do",
            "inode": 1,
            "new_mui": 1.0,
            "true_params": {
                "Si": [
                    [
                        1.0,
                        0.0,
                        0.6748706661143,
                        0.2509952765576132,
                        -0.5646275946983772,
                        0.5075058245665569
                    ],
                    [
                        0.0,
                        0.0,
                        0.0,
                        0.0,
                        0.0,
                        0.0
                    ],
                    [
                        0.6748706661143,
                        0.0,
                        1.4554504159815589,
                        -0.3830713304694229,
                        -0.38105060094060883,
                        1.094505363125914
                    ],
                    [
                        0.2509952765576132,
                        0.0,
                        -0.3830713304694229,
                        1.3682114317465985,
                        -0.14171885928337913,
                        -0.28807139085930566
                    ],
                    [
                        -0.5646275946983772,
                        0.0,
                        -0.38105060094060883,
                        -0.14171885928337913,
                        1.318804320694875,
                        -0.2865517930204316
                    ],
                    [
                        0.5075058245665569,
                        0.0,
                        1.094505363125914,
                        -0.28807139085930566,
                        -0.2865517930204316,
                        1.823073034132526
                    ]
                ],
                "mui": [
                    0.0,
                    1.0,
                    0.727352510434732,
                    -0.40183366247913144,
                    0.5516943093748716,
                    1.2981632083550503
                ],
                "Ai": [
                    [
                        0.0,
                        0.0,
                        0.0,
                        0.0,
                        0.0,
                        0.0
                    ],
                    [
                        0.0,
                        0.0,
                        0.0,
                        0.0,
                        0.0,
                        0.0
                    ],
                    [
                        0.6748706661143,
                        0.727352510434732,
                        0.0,
                        0.0,
                        0.0,
                        0.0
                    ],
                    [
                        0.6238347836383752,
                        0.0,
                        -0.5524606799514022,
                        0.0,
                        0.0,
                        0.0
                    ],
                    [
                        -0.5646275946983772,
                        0.5516943093748716,
                        -0.0,
                        0.0,
                        0.0,
                        0.0
                    ],
                    [
                        0.0,
                        0.7511907970571869,
                        0.7520045692437947,
                        0.0,
                        -0.0,
                        0.0
                    ]
                ]
            },
            "est_params": {
                "mui": [
                    0.012352456000074829,
                    0.9999988456314185,
                    0.730423849024284,
                    -0.41612791912992836,
                    0.5198963892602777,
                    1.2790285720515637
                ],
                "Si": [
                    [
                        0.9999211674867746,
                        -7.080042467640753e-07,
                        0.6869015786719719,
                        0.22068786907004223,
                        -0.5505874697769253,
                        0.48830306932416884
                    ],
                    [
                        -7.080042467640753e-07,
                        1.013928232949465e-06,
                        1.0667150775889111e-06,
                        -1.0298610905992394e-06,
                        2.598623941996121e-07,
                        -1.0570351864953593e-07
                    ],
                    [
                        0.6869015786719719,
                        1.0667150775889111e-06,
                        1.4577150529394811,
                        -0.3543489519077311,
                        -0.3699932610256063,
                        1.0812382970012397
                    ],
                    [
                        0.2206878690700422,
                        -1.0298610905992391e-06,
                        -0.35434895190773114,
                        1.3537051201173451,
                        -0.09518767957476797,
                        -0.25570589691004053
                    ],
                    [
                        -0.5505874697769253,
                        2.598623941996126e-07,
                        -0.3699932610256063,
                        -0.09518767957476797,
                        1.260688491610366,
                        -0.2446786020337921
                    ],
                    [
                        0.48830306932416884,
                        -1.0570351864953593e-07,
                        1.0812382970012397,
                        -0.2557058969100406,
                        -0.2446786020337921,
                        1.7726569026139034
                    ]
                ]
            },
            "est_tgt": [
                1
            ]
        },
        "2": {
            "intv_type": "do",
            "inode": 2,
            "new_mui": 1.0,
            "true_params": {
                "Si": [
                    [
                        1.0,
                        -0.710585230971692,
                        0.0,
                        0.6238347836383752,
                        -0.9566534229512884,
                        -0.5337850860306906
                    ],
                    [
                        -0.710585230971692,
                        1.5049313704750928,
                        0.0,
                        -0.44328778381985035,
                        1.2314781028825728,
                        1.1304905957035498
                    ],
                    [
                        0.0,
                        0.0,
                        0.0,
                        0.0,
                        0.0,
                        0.0
                    ],
                    [
                        0.6238347836383752,
                        -0.44328778381985035,
                        0.0,
                        1.3891698372771384,
                        -0.596793681123728,
                        -0.3329937036533474
                    ],
                    [
                        -0.9566534229512884,
                        1.2314781028825728,
                        0.0,
                        -0.596793681123728,
                        2.2195523826410333,
                        0.9250750176628323
                    ],
                    [
                        -0.5337850860306906,
                        1.1304905957035498,
                        0.0,
                        -0.3329937036533474,
                        0.9250750176628323,
                        1.8492141316522037
                    ]
                ],
                "mui": [
                    0.0,
                    0.0,
                    1.0,
                    -0.5524606799514022,
                    0.0,
                    0.7520045692437947
                ],
                "Ai": [
                    [
                        0.0,
                        0.0,
                        0.0,
                        0.0,
                        0.0,
                        0.0
                    ],
                    [
                        -0.710585230971692,
                        0.0,
                        0.0,
                        0.0,
                        0.0,
                        0.0
                    ],
                    [
                        0.0,
                        0.0,
                        0.0,
                        0.0,
                        0.0,
                        0.0
                    ],
                    [
                        0.6238347836383752,
                        0.0,
                        -0.5524606799514022,
                        0.0,
                        0.0,
                        0.0
                    ],
                    [
                        -0.5646275946983772,
                        0.5516943093748716,
                        -0.0,
                        0.0,
                        0.0,
                        0.0
                    ],
                    [
                        0.0,
                        0.7511907970571869,
                        0.7520045692437947,
                        0.0,
                        -0.0,
                        0.0
                    ]
                ]
            },
            "est_params": {
                "mui": [
                    0.00875318696883541,
                    0.011881147818015012,
                    0.9999994664840082,
                    -0.559601777374487,
                    0.023461261304798555,
                    0.7828589077890691
                ],
                "Si": [
                    [
                        0.9691631066144061,
                        -0.6581779662757912,
                        5.570845316352345e-07,
                        0.6388550563569564,
                        -0.9244742727519435,
                        -0.49521833464388515
                    ],
                    [
                        -0.6581779662757912,
                        1.4660654482149627,
                        -1.6229524895460147e-06,
                        -0.4476024467546782,
                        1.1757784530217565,
                        1.1132431170340855
                    ],
                    [
                        5.570845316352346e-07,
                        -1.6229524895460147e-06,
                        1.0102847084450236e-06,
                        9.318321292579824e-07,
                        -6.868005513084334e-07,
                        -1.5985361969945027e-06
                    ],
                    [
                        0.6388550563569563,
                        -0.44760244675467825,
                        9.318321292579824e-07,
                        1.43157676457284,
                        -0.6133962865090297,
                        -0.34116478868429767
                    ],
                    [
                        -0.9244742727519435,
                        1.1757784530217565,
                        -6.868005513084332e-07,
                        -0.6133962865090297,
                        2.1258895785668175,
                        0.8618346760119199
                    ],
                    [
                        -0.49521833464388515,
                        1.1132431170340855,
                        -1.5985361969945027e-06,
                        -0.34116478868429767,
                        0.86183467601192,
                        1.8761000382801392
                    ]
                ]
            },
            "est_tgt": [
                2
            ]
        },
        "3": {
            "intv_type": "do",
            "inode": 3,
            "new_mui": 1.0,
            "true_params": {
                "Si": [
                    [
                        1.0,
                        -0.710585230971692,
                        0.15802471448919597,
                        0.0,
                        -0.9566534229512884,
                        -0.4149497786813692
                    ],
                    [
                        -0.710585230971692,
                        1.5049313704750928,
                        0.615062482190191,
                        0.0,
                        1.2314781028825728,
                        1.5930203926810034
                    ],
                    [
                        0.15802471448919597,
                        0.615062482190191,
                        1.554013484825099,
                        0.0,
                        0.25010135688937923,
                        1.6306545174913682
                    ],
                    [
                        0.0,
                        0.0,
                        0.0,
                        0.0,
                        0.0,
                        0.0
                    ],
                    [
                        -0.9566534229512884,
                        1.2314781028825728,
                        0.25010135688937923,
                        0.0,
                        2.2195523826410333,
                        1.1131523808177184
                    ],
                    [
                        -0.4149497786813692,
                        1.5930203926810034,
                        1.6306545174913682,
                        0.0,
                        1.1131523808177184,
                        3.4229219065179404
                    ]
                ],
                "mui": [
                    0.0,
                    0.0,
                    0.0,
                    1.0,
                    0.0,
                    0.0
                ],
                "Ai": [
                    [
                        0.0,
                        0.0,
                        0.0,
                        0.0,
                        0.0,
                        0.0
                    ],
                    [
                        -0.710585230971692,
                        0.0,
                        0.0,
                        0.0,
                        0.0,
                        0.0
                    ],
                    [
                        0.6748706661143,
                        0.727352510434732,
                        0.0,
                        0.0,
                        0.0,
                        0.0
                    ],
                    [
                        0.0,
                        0.0,
                        0.0,
                        0.0,
                        0.0,
                        0.0
                    ],
                    [
                        -0.5646275946983772,
                        0.5516943093748716,
                        -0.0,
                        0.0,
                        0.0,
                        0.0
                    ],
                    [
                        0.0,
                        0.7511907970571869,
                        0.7520045692437947,
                        0.0,
                        -0.0,
                        0.0
                    ]
                ]
            },
            "est_params": {
                "mui": [
                    -0.004034637990997926,
                    0.01052089452475511,
                    0.003208154646117101,
                    0.9999992643951808,
                    -0.013178488054550356,
                    -0.009053174045168992
                ],
                "Si": [
                    [
                        1.0519317553806935,
                        -0.7343369776452037,
                        0.1970381306323274,
                        1.7808444838603386e-06,
                        -0.9920373137426707,
                        -0.4061853992294581
                    ],
                    [
                        -0.7343369776452038,
                        1.4912183629011042,
                        0.5688253076797474,
                        1.6256207097638793e-06,
                        1.2058329740663194,
                        1.5718147572294476
                    ],
                    [
                        0.1970381306323274,
                        0.5688253076797474,
                        1.5517111177206147,
                        4.315429026797204e-06,
                        0.20502787695385732,
                        1.5984478323306943
                    ],
                    [
                        1.7808444838603382e-06,
                        1.625620709763879e-06,
                        4.315429026797204e-06,
                        1.026954247461347e-06,
                        3.1055674008326464e-06,
                        2.8744928562335627e-06
                    ],
                    [
                        -0.9920373137426707,
                        1.2058329740663194,
                        0.20502787695385735,
                        3.1055674008326464e-06,
                        2.181861128359907,
                        1.067963455275409
                    ],
                    [
                        -0.4061853992294581,
                        1.5718147572294476,
                        1.598447832330694,
                        2.8744928562335622e-06,
                        1.067963455275409,
                        3.4146491092358473
                    ]
                ]
            },
            "est_tgt": [
                3
            ]
        },
        "4": {
            "intv_type": "do",
            "inode": 4,
            "new_mui": 1.0,
            "true_params": {
                "Si": [
                    [
                        1.0,
                        -0.710585230971692,
                        0.15802471448919597,
                        0.5365323424225478,
                        0.0,
                        -0.4149497786813692
                    ],
                    [
                        -0.710585230971692,
                        1.5049313704750928,
                        0.615062482190191,
                        -0.7830856209432404,
                        0.0,
                        1.5930203926810034
                    ],
                    [
                        0.15802471448919597,
                        0.615062482190191,
                        1.554013484825099,
                        -0.7599500329072386,
                        0.0,
                        1.6306545174913682
                    ],
                    [
                        0.5365323424225478,
                        -0.7830856209432404,
                        -0.7599500329072386,
                        1.7545500496591844,
                        0.0,
                        -1.1597326089035906
                    ],
                    [
                        0.0,
                        0.0,
                        0.0,
                        0.0,
                        0.0,
                        0.0
                    ],
                    [
                        -0.4149497786813692,
                        1.5930203926810034,
                        1.6306545174913682,
                        -1.1597326089035906,
                        0.0,
                        3.4229219065179404
                    ]
                ],
                "mui": [
                    0.0,
                    0.0,
                    0.0,
                    0.0,
                    1.0,
                    0.0
                ],
                "Ai": [
                    [
                        0.0,
                        0.0,
                        0.0,
                        0.0,
                        0.0,
                        0.0
                    ],
                    [
                        -0.710585230971692,
                        0.0,
                        0.0,
                        0.0,
                        0.0,
                        0.0
                    ],
                    [
                        0.6748706661143,
                        0.727352510434732,
                        0.0,
                        0.0,
                        0.0,
                        0.0
                    ],
                    [
                        0.6238347836383752,
                        0.0,
                        -0.5524606799514022,
                        0.0,
                        0.0,
                        0.0
                    ],
                    [
                        0.0,
                        0.0,
                        0.0,
                        0.0,
                        0.0,
                        0.0
                    ],
                    [
                        0.0,
                        0.7511907970571869,
                        0.7520045692437947,
                        0.0,
                        -0.0,
                        0.0
                    ]
                ]
            },
            "est_params": {
                "mui": [
                    -0.014044937234252881,
                    0.01825562161397243,
                    0.018295286567823383,
                    0.010138424256376573,
                    0.9999991546096925,
                    0.03152848193593387
                ],
                "Si": [
                    [
                        1.0444379894402613,
                        -0.7876096647455668,
                        0.13137409542140607,
                        0.5815631321103731,
                        9.558850800908084e-07,
                        -0.503615044406129
                    ],
                    [
                        -0.7876096647455668,
                        1.5476377512404573,
                        0.5654772172224812,
                        -0.8100234779513248,
                        1.309019308200563e-06,
                        1.6207526178510538
                    ],
                    [
                        0.13137409542140607,
                        0.5654772172224812,
                        1.4848225658807954,
                        -0.7152102459417314,
                        1.632273355088533e-06,
                        1.5570178634316378
                    ],
                    [
                        0.5815631321103731,
                        -0.8100234779513248,
                        -0.7152102459417315,
                        1.6933252535898637,
                        2.5321029303116275e-07,
                        -1.1872289373130853
                    ],
                    [
                        9.558850800908084e-07,
                        1.3090193082005632e-06,
                        1.6322733550885332e-06,
                        2.5321029303116296e-07,
                        1.0074796077262358e-06,
                        2.6325823011446305e-06
                    ],
                    [
                        -0.503615044406129,
                        1.6207526178510538,
                        1.557017863431638,
                        -1.1872289373130853,
                        2.63258230114463e-06,
                        3.418282028611617
                    ]
                ]
            },
            "est_tgt": [
                4
            ]
        },
        "5": {
            "intv_type": "do",
            "inode": 5,
            "new_mui": 1.0,
            "true_params": {
                "Si": [
                    [
                        1.0,
                        -0.710585230971692,
                        0.15802471448919597,
                        0.5365323424225478,
                        -0.9566534229512884,
                        0.0
                    ],
                    [
                        -0.710585230971692,
                        1.5049313704750928,
                        0.615062482190191,
                        -0.7830856209432404,
                        1.2314781028825728,
                        0.0
                    ],
                    [
                        0.15802471448919597,
                        0.615062482190191,
                        1.554013484825099,
                        -0.7599500329072386,
                        0.25010135688937923,
                        0.0
                    ],
                    [
                        0.5365323424225478,
                        -0.7830856209432404,
                        -0.7599500329072386,
                        1.7545500496591844,
                        -0.7349648468076028,
                        0.0
                    ],
                    [
                        -0.9566534229512884,
                        1.2314781028825728,
                        0.25010135688937923,
                        -0.7349648468076028,
                        2.2195523826410333,
                        0.0
                    ],
                    [
                        0.0,
                        0.0,
                        0.0,
                        0.0,
                        0.0,
                        0.0
                    ]
                ],
                "mui": [
                    0.0,
                    0.0,
                    0.0,
                    0.0,
                    0.0,
                    1.0
                ],
                "Ai": [
                    [
                        0.0,
                        0.0,
                        0.0,
                        0.0,
                        0.0,
                        0.0
                    ],
                    [
                        -0.710585230971692,
                        0.0,
                        0.0,
                        0.0,
                        0.0,
                        0.0
                    ],
                    [
                        0.6748706661143,
                        0.727352510434732,
                        0.0,
                        0.0,
                        0.0,
                        0.0
                    ],
                    [
                        0.6238347836383752,
                        0.0,
                        -0.5524606799514022,
                        0.0,
                        0.0,
                        0.0
                    ],
                    [
                        -0.5646275946983772,
                        0.5516943093748716,
                        -0.0,
                        0.0,
                        0.0,
                        0.0
                    ],
                    [
                        0.0,
                        0.0,
                        0.0,
                        0.0,
                        0.0,
                        0.0
                    ]
                ]
            },
            "est_params": {
                "mui": [
                    0.006436707973963771,
                    -0.0039225765985394815,
                    0.03186076255805758,
                    -0.026285164798248606,
                    -0.0041692648872060575,
                    0.9999999637072334
                ],
                "Si": [
                    [
                        0.9697437653241565,
                        -0.6930147584010163,
                        0.1334070413575716,
                        0.5415572876159499,
                        -0.9638543975258823,
                        2.8068104555122795e-07
                    ],
                    [
                        -0.6930147584010163,
                        1.4883148409314593,
                        0.656129874683485,
                        -0.765299029032123,
                        1.2226242682039883,
                        -1.3619440216190607e-07
                    ],
                    [
                        0.1334070413575716,
                        0.656129874683485,
                        1.5778988467755148,
                        -0.7956008038856881,
                        0.2559653747400539,
                        1.7266300172411864e-07
                    ],
                    [
                        0.54155728761595,
                        -0.7652990290321232,
                        -0.7956008038856881,
                        1.7870019563329327,
                        -0.7494681395490739,
                        5.897029764681347e-07
                    ],
                    [
                        -0.9638543975258823,
                        1.2226242682039883,
                        0.2559653747400539,
                        -0.7494681395490739,
                        2.208726875024576,
                        -3.019621423094763e-07
                    ],
                    [
                        2.806810455512279e-07,
                        -1.3619440216190607e-07,
                        1.7266300172411872e-07,
                        5.897029764681347e-07,
                        -3.019621423094766e-07,
                        1.0060784536174206e-06
                    ]
                ]
            },
            "est_tgt": [
                5
            ]
        },
        "obs": {
            "intv_type": "obs",
            "true_params": {
                "Si": [
                    [
                        1.0,
                        -0.710585230971692,
                        0.15802471448919597,
                        0.5365323424225478,
                        -0.9566534229512884,
                        -0.4149497786813692
                    ],
                    [
                        -0.710585230971692,
                        1.5049313704750928,
                        0.615062482190191,
                        -0.7830856209432404,
                        1.2314781028825728,
                        1.5930203926810034
                    ],
                    [
                        0.15802471448919597,
                        0.615062482190191,
                        1.554013484825099,
                        -0.7599500329072386,
                        0.25010135688937923,
                        1.6306545174913682
                    ],
                    [
                        0.5365323424225478,
                        -0.7830856209432404,
                        -0.7599500329072386,
                        1.7545500496591844,
                        -0.7349648468076028,
                        -1.1597326089035906
                    ],
                    [
                        -0.9566534229512884,
                        1.2314781028825728,
                        0.25010135688937923,
                        -0.7349648468076028,
                        2.2195523826410333,
                        1.1131523808177184
                    ],
                    [
                        -0.4149497786813692,
                        1.5930203926810034,
                        1.6306545174913682,
                        -1.1597326089035906,
                        1.1131523808177184,
                        3.4229219065179404
                    ]
                ],
                "mui": [
                    0.0,
                    0.0,
                    0.0,
                    0.0,
                    0.0,
                    0.0
                ],
                "Ai": [
                    [
                        0.0,
                        0.0,
                        0.0,
                        0.0,
                        0.0,
                        0.0
                    ],
                    [
                        -0.710585230971692,
                        0.0,
                        0.0,
                        0.0,
                        0.0,
                        0.0
                    ],
                    [
                        0.6748706661143,
                        0.727352510434732,
                        0.0,
                        0.0,
                        0.0,
                        0.0
                    ],
                    [
                        0.6238347836383752,
                        0.0,
                        -0.5524606799514022,
                        0.0,
                        0.0,
                        0.0
                    ],
                    [
                        -0.5646275946983772,
                        0.5516943093748716,
                        -0.0,
                        0.0,
                        0.0,
                        0.0
                    ],
                    [
                        0.0,
                        0.7511907970571869,
                        0.7520045692437947,
                        0.0,
                        -0.0,
                        0.0
                    ]
                ]
            },
            "est_params": {
                "mui": [
                    0.014803167122521624,
                    -0.0026768073370141794,
                    0.013460961460059066,
                    0.022971547278141564,
                    -0.012135635326009675,
                    0.00697876284870318
                ],
                "Si": [
                    [
                        1.0030135632120825,
                        -0.7301111058245536,
                        0.11512409033765406,
