{
    "expt_args": {
        "save_dir": "expt_logs_29.04.24-11",
        "exp_name": "227",
        "num_nodes": 6,
        "obs_noise_mean": 0.0,
        "obs_noise_var": 1.0,
        "max_edge_strength": 1.0,
        "num_parents": 2,
        "new_noise_mean": 1.0,
        "mix_samples": 8192,
        "stage2_samples": 8192,
        "intv_targets": [
            0,
            1,
            2,
            3,
            4,
            5
        ]
    },
    "intv_args_dict": {
        "0": {
            "intv_type": "do",
            "inode": 0,
            "new_mui": 1.0,
            "true_params": {
                "Si": [
                    [
                        0.0,
                        0.0,
                        0.0,
                        0.0,
                        0.0,
                        0.0
                    ],
                    [
                        0.0,
                        1.0,
                        -0.891916208153731,
                        0.8334363219931963,
                        1.331495482243509,
                        0.7882877664210922
                    ],
                    [
                        0.0,
                        -0.891916208153731,
                        1.7955145223673297,
                        -1.6777887944259329,
                        -2.680430575180943,
                        -1.5869003382542193
                    ],
                    [
                        0.0,
                        0.8334363219931963,
                        -1.6777887944259329,
                        2.567781938622122,
                        3.1765903328179137,
                        1.4828527267399936
                    ],
                    [
                        0.0,
                        1.331495482243509,
                        -2.680430575180943,
                        3.1765903328179137,
                        5.452934092713904,
                        2.3690012714647297
                    ],
                    [
                        0.0,
                        0.7882877664210922,
                        -1.5869003382542193,
                        1.4828527267399936,
                        2.3690012714647297,
                        2.4025242637587354
                    ]
                ],
                "mui": [
                    1.0,
                    -0.675099339949835,
                    -0.11021700804175172,
                    0.7750320439634829,
                    0.6160862995697247,
                    0.6970299982062084
                ],
                "Ai": [
                    [
                        0.0,
                        0.0,
                        0.0,
                        0.0,
                        0.0,
                        0.0
                    ],
                    [
                        -0.675099339949835,
                        0.0,
                        0.0,
                        0.0,
                        0.0,
                        0.0
                    ],
                    [
                        -0.7123490514568951,
                        -0.891916208153731,
                        0.0,
                        0.0,
                        0.0,
                        0.0
                    ],
                    [
                        0.672041587053231,
                        -0.0,
                        -0.9344334303761693,
                        0.0,
                        0.0,
                        0.0
                    ],
                    [
                        0.0,
                        -0.0,
                        -0.8649963753836758,
                        0.6719063955664162,
                        0.0,
                        0.0
                    ],
                    [
                        0.5996186962289795,
                        -0.0,
                        -0.8838137026939449,
                        -0.0,
                        0.0,
                        0.0
                    ]
                ]
            },
            "est_params": {
                "mui": [
                    0.9999979965426855,
                    -0.6213483006724595,
                    -0.13526639796724002,
                    0.7995497997294025,
                    0.5761964296787767,
                    0.7281432260059424
                ],
                "Si": [
                    [
                        1.0048030273832313e-06,
                        8.149931058750908e-07,
                        -6.957842596884626e-07,
                        3.151992264583571e-08,
                        -2.0766708032346485e-06,
                        9.039489897761772e-07
                    ],
                    [
                        8.149931058750909e-07,
                        1.0309756498889626,
                        -0.8909708530191954,
                        0.8164630776870851,
                        1.2639665414164314,
                        0.7513718095701234
                    ],
                    [
                        -6.957842596884626e-07,
                        -0.8909708530191957,
                        1.774854358524201,
                        -1.661395405488812,
                        -2.575918175606857,
                        -1.521126134353327
                    ],
                    [
                        3.1519922645835526e-08,
                        0.816463077687085,
                        -1.661395405488812,
                        2.5708804384999278,
                        3.0656453853976586,
                        1.4619232282083638
                    ],
                    [
                        -2.0766708032346485e-06,
                        1.2639665414164316,
                        -2.5759181756068568,
                        3.0656453853976586,
                        5.129190523857955,
                        2.2135995156669495
                    ],
                    [
                        9.039489897761772e-07,
                        0.7513718095701234,
                        -1.521126134353327,
                        1.4619232282083643,
                        2.2135995156669495,
                        2.2417352696467057
                    ]
                ]
            },
            "est_tgt": [
                0
            ]
        },
        "1": {
            "intv_type": "do",
            "inode": 1,
            "new_mui": 1.0,
            "true_params": {
                "Si": [
                    [
                        1.0,
                        0.0,
                        -0.7123490514568951,
                        1.3376843548313078,
                        1.5149780207785046,
                        1.2292025490076173
                    ],
                    [
                        0.0,
                        0.0,
                        0.0,
                        0.0,
                        0.0,
                        0.0
                    ],
                    [
                        -0.7123490514568951,
                        0.0,
                        1.5074411711115383,
                        -1.88733161168898,
                        -2.5720413295641014,
                        -1.7594349725279188
                    ],
                    [
                        1.3376843548313078,
                        0.0,
                        -1.88733161168898,
                        3.6625652689650274,
                        4.093436031655032,
                        2.4701500887480203
                    ],
                    [
                        1.5149780207785046,
                        0.0,
                        -2.5720413295641014,
                        4.093436031655032,
                        5.975212276920985,
                        3.181614516598672
                    ],
                    [
                        1.2292025490076173,
                        0.0,
                        -1.7594349725279188,
                        2.4701500887480203,
                        3.181614516598672,
                        3.2920655675564046
                    ]
                ],
                "mui": [
                    0.0,
                    1.0,
                    -0.891916208153731,
                    0.8334363219931963,
                    1.331495482243509,
                    0.7882877664210922
                ],
                "Ai": [
                    [
                        0.0,
                        0.0,
                        0.0,
                        0.0,
                        0.0,
                        0.0
                    ],
                    [
                        0.0,
                        0.0,
                        0.0,
                        0.0,
                        0.0,
                        0.0
                    ],
                    [
                        -0.7123490514568951,
                        -0.891916208153731,
                        0.0,
                        0.0,
                        0.0,
                        0.0
                    ],
                    [
                        0.672041587053231,
                        -0.0,
                        -0.9344334303761693,
                        0.0,
                        0.0,
                        0.0
                    ],
                    [
                        0.0,
                        -0.0,
                        -0.8649963753836758,
                        0.6719063955664162,
                        0.0,
                        0.0
                    ],
                    [
                        0.5996186962289795,
                        -0.0,
                        -0.8838137026939449,
                        -0.0,
                        0.0,
                        0.0
                    ]
                ]
            },
            "est_params": {
                "mui": [
                    -0.07005091351450947,
                    1.0000016363223936,
                    -0.8810896646302308,
                    0.770199112139484,
                    1.2710896633526398,
                    0.7237763123382522
                ],
                "Si": [
                    [
                        0.9881419902482588,
                        3.3552670769590813e-06,
                        -0.7202392553080351,
                        1.3828462353663702,
                        1.5496794209637537,
                        1.244852790692312
                    ],
                    [
                        3.3552670769590813e-06,
                        1.0091889666768018e-06,
                        -3.866521413533915e-06,
                        7.245745485093959e-06,
                        7.697458363082286e-06,
                        1.3970613213740435e-06
                    ],
                    [
                        -0.7202392553080351,
                        -3.866521413533915e-06,
                        1.5154370146415448,
                        -1.9619205031724063,
                        -2.655296642700666,
                        -1.736071093112725
                    ],
                    [
                        1.3828462353663702,
                        7.245745485093959e-06,
                        -1.9619205031724065,
                        3.8938441274685753,
                        4.280603947001251,
                        2.555469099528085
                    ],
                    [
                        1.5496794209637537,
                        7.697458363082288e-06,
                        -2.655296642700666,
                        4.280603947001251,
                        6.172613617042519,
                        3.280664984150341
                    ],
                    [
                        1.244852790692312,
                        1.397061321374044e-06,
                        -1.7360710931127252,
                        2.555469099528085,
                        3.280664984150341,
                        3.2564632944582876
                    ]
                ]
            },
            "est_tgt": [
                1,
                2
            ]
        },
        "2": {
            "intv_type": "do",
            "inode": 2,
            "new_mui": 1.0,
            "true_params": {
                "Si": [
                    [
                        1.0,
                        -0.675099339949835,
                        0.0,
                        0.672041587053231,
                        0.45154904042767036,
                        0.5996186962289795
                    ],
                    [
                        -0.675099339949835,
                        1.4557591188007029,
                        0.0,
                        -0.4536948318384758,
                        -0.3048404591477016,
                        -0.4048021860457646
                    ],
                    [
                        0.0,
                        0.0,
                        0.0,
                        0.0,
                        0.0,
                        0.0
                    ],
                    [
                        0.672041587053231,
                        -0.4536948318384758,
                        0.0,
                        1.4516398947290254,
                        0.9753661293277913,
                        0.40296870024051257
                    ],
                    [
                        0.45154904042767036,
                        -0.3048404591477016,
                        0.0,
                        0.9753661293277913,
                        1.6553547403142033,
                        0.27075724690468644
                    ],
                    [
                        0.5996186962289795,
                        -0.4048021860457646,
                        0.0,
                        0.40296870024051257,
                        0.27075724690468644,
                        1.3595425808673411
                    ]
                ],
                "mui": [
                    0.0,
                    0.0,
                    1.0,
                    -0.9344334303761693,
                    -1.4928481734844894,
                    -0.8838137026939449
                ],
                "Ai": [
                    [
                        0.0,
                        0.0,
                        0.0,
                        0.0,
                        0.0,
                        0.0
                    ],
                    [
                        -0.675099339949835,
                        0.0,
                        0.0,
                        0.0,
                        0.0,
                        0.0
                    ],
                    [
                        0.0,
                        0.0,
                        0.0,
                        0.0,
                        0.0,
                        0.0
                    ],
                    [
                        0.672041587053231,
                        -0.0,
                        -0.9344334303761693,
                        0.0,
                        0.0,
                        0.0
                    ],
                    [
                        0.0,
                        -0.0,
                        -0.8649963753836758,
                        0.6719063955664162,
                        0.0,
                        0.0
                    ],
                    [
                        0.5996186962289795,
                        -0.0,
                        -0.8838137026939449,
                        -0.0,
                        0.0,
                        0.0
                    ]
                ]
            },
            "est_params": {
                "mui": [
                    0.03178126431785619,
                    -0.04441412918803889,
                    1.0000082696841937,
                    -0.9419636315423233,
                    -1.4568893686178617,
                    -0.8896244057421507
                ],
                "Si": [
                    [
                        0.979766057680234,
                        -0.6572361738597495,
                        2.140618062972054e-06,
                        0.6684712680213944,
                        0.42875425650578314,
                        0.6389659344321252
                    ],
                    [
                        -0.6572361738597495,
                        1.403052612391395,
                        -4.786418266453321e-06,
                        -0.43360067774644917,
                        -0.3013588059160189,
                        -0.44045848413452776
                    ],
                    [
                        2.140618062972054e-06,
                        -4.786418266453321e-06,
                        1.0259815351681725e-06,
                        8.623257505217846e-06,
                        -5.226888349666515e-07,
                        1.380523755146304e-06
                    ],
                    [
                        0.6684712680213944,
                        -0.43360067774644917,
                        8.623257505217846e-06,
                        1.4511748430625229,
                        0.9951671127708789,
                        0.37908387292094436
                    ],
                    [
                        0.4287542565057831,
                        -0.3013588059160189,
                        -5.226888349666509e-07,
                        0.9951671127708789,
                        1.656741929371492,
                        0.30811957865590256
                    ],
                    [
                        0.6389659344321253,
                        -0.44045848413452776,
                        1.3805237551463038e-06,
                        0.37908387292094436,
                        0.3081195786559025,
                        1.4175727798129696
                    ]
                ]
            },
            "est_tgt": [
                1,
                2
            ]
        },
        "3": {
            "intv_type": "do",
            "inode": 3,
            "new_mui": 1.0,
            "true_params": {
                "Si": [
                    [
                        1.0,
                        -0.675099339949835,
                        -0.11021700804175172,
                        0.0,
                        0.09533731246174869,
                        0.6970299982062084
                    ],
                    [
                        -0.675099339949835,
                        1.4557591188007029,
                        -0.8175087787734987,
                        0.0,
                        0.7071421304834117,
                        0.3177232747068463
                    ],
                    [
                        -0.11021700804175172,
                        -0.8175087787734987,
                        1.8076623112290051,
                        0.0,
                        -1.5636213471307676,
                        -1.6637248991718554
                    ],
                    [
                        0.0,
                        0.0,
                        0.0,
                        0.0,
                        0.0,
                        0.0
                    ],
                    [
                        0.09533731246174869,
                        0.7071421304834117,
                        -1.5636213471307676,
                        0.0,
                        2.352526797740654,
                        1.4391160074192264
                    ],
                    [
                        0.6970299982062084,
                        0.3177232747068463,
                        -1.6637248991718554,
                        0.0,
                        1.4391160074192264,
                        2.888375082158082
                    ]
                ],
                "mui": [
                    0.0,
                    0.0,
                    0.0,
                    1.0,
                    0.6719063955664162,
                    0.0
                ],
                "Ai": [
                    [
                        0.0,
                        0.0,
                        0.0,
                        0.0,
                        0.0,
                        0.0
                    ],
                    [
                        -0.675099339949835,
                        0.0,
                        0.0,
                        0.0,
                        0.0,
                        0.0
                    ],
                    [
                        -0.7123490514568951,
                        -0.891916208153731,
                        0.0,
                        0.0,
                        0.0,
                        0.0
                    ],
                    [
                        0.0,
                        0.0,
                        0.0,
                        0.0,
                        0.0,
                        0.0
                    ],
                    [
                        0.0,
                        -0.0,
                        -0.8649963753836758,
                        0.6719063955664162,
                        0.0,
                        0.0
                    ],
                    [
                        0.5996186962289795,
                        -0.0,
                        -0.8838137026939449,
                        -0.0,
                        0.0,
                        0.0
                    ]
                ]
            },
            "est_params": {
                "mui": [
                    0.009498685150360085,
                    0.013162651661342296,
                    -0.007155593884813557,
                    1.0000006056244266,
                    0.7061730311870519,
                    0.02067290273591606
                ],
                "Si": [
                    [
                        0.9474153183112659,
                        -0.6591898174704187,
                        -0.061307693372504815,
                        2.6228218841563725e-07,
                        0.05852127989824081,
                        0.5835975930907458
                    ],
                    [
                        -0.6591898174704187,
                        1.5217307232376198,
                        -0.8890556987765269,
                        3.819567159498157e-08,
                        0.7396427592064497,
                        0.3395849021761474
                    ],
                    [
                        -0.061307693372504815,
                        -0.8890556987765269,
                        1.8313612250880293,
                        -4.807338717956498e-07,
                        -1.5191691254893123,
                        -1.5871793734122763
                    ],
                    [
                        2.622821884156372e-07,
                        3.819567159498157e-08,
                        -4.807338717956498e-07,
                        1.0008093831748817e-06,
                        9.64709696892331e-07,
                        8.773885669542011e-07
                    ],
                    [
                        0.05852127989824082,
                        0.7396427592064497,
                        -1.5191691254893127,
                        9.64709696892331e-07,
                        2.345517544064634,
                        1.2869035915091434
                    ],
                    [
                        0.5835975930907458,
                        0.3395849021761474,
                        -1.5871793734122763,
                        8.773885669542011e-07,
                        1.2869035915091434,
                        2.691643829269547
                    ]
                ]
            },
            "est_tgt": [
                3
            ]
        },
        "4": {
            "intv_type": "do",
            "inode": 4,
            "new_mui": 1.0,
            "true_params": {
                "Si": [
                    [
                        1.0,
                        -0.675099339949835,
                        -0.11021700804175172,
                        0.7750320439634829,
                        0.0,
                        0.6970299982062084
                    ],
                    [
                        -0.675099339949835,
                        1.4557591188007029,
                        -0.8175087787734987,
                        0.3102127006734775,
                        0.0,
                        0.3177232747068463
                    ],
                    [
                        -0.11021700804175172,
                        -0.8175087787734987,
                        1.8076623112290051,
                        -1.7632105074480715,
                        0.0,
                        -1.6637248991718554
                    ],
                    [
                        0.7750320439634829,
                        0.3102127006734775,
                        -1.7632105074480715,
                        3.168456607792336,
                        0.0,
                        2.023073310953614
                    ],
                    [
                        0.0,
                        0.0,
                        0.0,
                        0.0,
                        0.0,
                        0.0
                    ],
                    [
                        0.6970299982062084,
                        0.3177232747068463,
                        -1.6637248991718554,
                        2.023073310953614,
                        0.0,
                        2.888375082158082
                    ]
                ],
                "mui": [
                    0.0,
                    0.0,
                    0.0,
                    0.0,
                    1.0,
                    0.0
                ],
                "Ai": [
                    [
                        0.0,
                        0.0,
                        0.0,
                        0.0,
                        0.0,
                        0.0
                    ],
                    [
                        -0.675099339949835,
                        0.0,
                        0.0,
                        0.0,
                        0.0,
                        0.0
                    ],
                    [
                        -0.7123490514568951,
                        -0.891916208153731,
                        0.0,
                        0.0,
                        0.0,
                        0.0
                    ],
                    [
                        0.672041587053231,
                        -0.0,
                        -0.9344334303761693,
                        0.0,
                        0.0,
                        0.0
                    ],
                    [
                        0.0,
                        0.0,
                        0.0,
                        0.0,
                        0.0,
                        0.0
                    ],
                    [
                        0.5996186962289795,
                        -0.0,
                        -0.8838137026939449,
                        -0.0,
                        0.0,
                        0.0
                    ]
                ]
            },
            "est_params": {
                "mui": [
                    -0.03446670839634653,
                    0.02147233588291279,
                    0.009525158038142493,
                    -0.04400424091270343,
                    0.999997496859526,
                    0.0008337157010777271
                ],
                "Si": [
                    [
                        0.9543699247602504,
                        -0.636659982655778,
                        -0.09685919749810125,
                        0.7099812122393452,
                        -2.333585070679622e-06,
                        0.6286126808389186
                    ],
                    [
                        -0.636659982655778,
                        1.4301385566987028,
                        -0.7915958349131096,
                        0.31576324119610605,
                        6.303534565355624e-09,
                        0.32500270654592206
                    ],
                    [
                        -0.09685919749810128,
                        -0.7915958349131096,
                        1.7341550587064654,
                        -1.6313582601391285,
                        2.5173774959319705e-06,
                        -1.5663881835611988
                    ],
                    [
                        0.7099812122393452,
                        0.31576324119610594,
                        -1.6313582601391285,
                        2.9804884251758312,
                        -4.7672923187694705e-06,
                        1.824483561829235
                    ],
                    [
                        -2.333585070679622e-06,
                        6.303534565355624e-09,
                        2.5173774959319705e-06,
                        -4.7672923187694705e-06,
                        1.0112699344540583e-06,
                        -7.87653778233538e-06
                    ],
                    [
                        0.6286126808389186,
                        0.32500270654592206,
                        -1.5663881835611988,
                        1.824483561829235,
                        -7.87653778233538e-06,
                        2.62851707954957
                    ]
                ]
            },
            "est_tgt": [
                4
            ]
        },
        "5": {
            "intv_type": "do",
            "inode": 5,
            "new_mui": 1.0,
            "true_params": {
                "Si": [
                    [
                        1.0,
                        -0.675099339949835,
                        -0.11021700804175172,
                        0.7750320439634829,
                        0.6160862995697247,
                        0.0
                    ],
                    [
                        -0.675099339949835,
                        1.4557591188007029,
                        -0.8175087787734987,
                        0.3102127006734775,
                        0.9155760280518516,
                        0.0
                    ],
                    [
                        -0.11021700804175172,
                        -0.8175087787734987,
                        1.8076623112290051,
                        -1.7632105074480715,
                        -2.7483337638150327,
                        0.0
                    ],
                    [
                        0.7750320439634829,
                        0.3102127006734775,
                        -1.7632105074480715,
                        3.168456607792336,
                        3.654076956831336,
                        0.0
                    ],
                    [
                        0.6160862995697247,
                        0.9155760280518516,
                        -2.7483337638150327,
                        3.654076956831336,
                        5.83249642123142,
                        0.0
                    ],
                    [
                        0.0,
                        0.0,
                        0.0,
                        0.0,
                        0.0,
                        0.0
                    ]
                ],
                "mui": [
                    0.0,
                    0.0,
                    0.0,
                    0.0,
                    0.0,
                    1.0
                ],
                "Ai": [
                    [
                        0.0,
                        0.0,
                        0.0,
                        0.0,
                        0.0,
                        0.0
                    ],
                    [
                        -0.675099339949835,
                        0.0,
                        0.0,
                        0.0,
                        0.0,
                        0.0
                    ],
                    [
                        -0.7123490514568951,
                        -0.891916208153731,
                        0.0,
                        0.0,
                        0.0,
                        0.0
                    ],
                    [
                        0.672041587053231,
                        -0.0,
                        -0.9344334303761693,
                        0.0,
                        0.0,
                        0.0
                    ],
                    [
                        0.0,
                        -0.0,
                        -0.8649963753836758,
                        0.6719063955664162,
                        0.0,
                        0.0
                    ],
                    [
                        0.0,
                        0.0,
                        0.0,
                        0.0,
                        0.0,
                        0.0
                    ]
                ]
            },
            "est_params": {
                "mui": [
                    0.030546908662596902,
                    0.05693291163674866,
                    -0.05715365280120189,
                    0.09580591466589124,
                    0.11616043368241784,
                    1.0000001997239696
                ],
                "Si": [
                    [
                        1.0964458713332486,
                        -0.7407869811926688,
                        -0.13031412283033186,
                        0.8347517755246202,
                        0.6445905495767638,
                        2.772032366090101e-07
                    ],
                    [
                        -0.7407869811926688,
                        1.528399532091357,
                        -0.8246903917687585,
                        0.2783194362696625,
                        0.932441218351261,
                        3.652009103535221e-06
                    ],
                    [
                        -0.13031412283033186,
                        -0.8246903917687585,
                        1.810545880423281,
                        -1.7645686863921066,
                        -2.784162694845618,
                        -9.333692087321455e-07
                    ],
                    [
                        0.8347517755246202,
                        0.27831943626966255,
                        -1.7645686863921066,
                        3.208329692525088,
                        3.6772948687199882,
                        6.341211661935307e-07
                    ],
                    [
                        0.6445905495767639,
                        0.932441218351261,
                        -2.784162694845618,
                        3.677294868719989,
                        5.949020552971232,
                        8.555443424579489e-06
                    ],
                    [
                        2.772032366090097e-07,
                        3.6520091035352228e-06,
                        -9.333692087321455e-07,
                        6.341211661935308e-07,
                        8.555443424579489e-06,
                        1.0162193880495592e-06
                    ]
                ]
            },
            "est_tgt": [
                5
            ]
        },
        "obs": {
            "intv_type": "obs",
            "true_params": {
                "Si": [
                    [
                        1.0,
                        -0.675099339949835,
                        -0.11021700804175172,
                        0.7750320439634829,
                        0.6160862995697247,
                        0.6970299982062084
                    ],
                    [
                        -0.675099339949835,
                        1.4557591188007029,
                        -0.8175087787734987,
                        0.3102127006734775,
                        0.9155760280518516,
                        0.3177232747068463
                    ],
                    [
                        -0.11021700804175172,
                        -0.8175087787734987,
                        1.8076623112290051,
                        -1.7632105074480715,
                        -2.7483337638150327,
                        -1.6637248991718554
                    ],
                    [
                        0.7750320439634829,
                        0.3102127006734775,
                        -1.7632105074480715,
                        3.168456607792336,
                        3.654076956831336,
                        2.023073310953614
                    ],
                    [
                        0.6160862995697247,
                        0.9155760280518516,
                        -2.7483337638150327,
                        3.654076956831336,
                        5.83249642123142,
                        2.7984319037486847
                    ],
                    [
                        0.6970299982062084,
                        0.3177232747068463,
                        -1.6637248991718554,
                        2.023073310953614,
                        2.7984319037486847,
                        2.888375082158082
                    ]
                ],
                "mui": [
                    0.0,
                    0.0,
                    0.0,
                    0.0,
                    0.0,
                    0.0
                ],
                "Ai": [
                    [
                        0.0,
                        0.0,
                        0.0,
                        0.0,
                        0.0,
                        0.0
                    ],
                    [
                        -0.675099339949835,
                        0.0,
                        0.0,
                        0.0,
                        0.0,
                        0.0
                    ],
                    [
                        -0.7123490514568951,
                        -0.891916208153731,
                        0.0,
                        0.0,
                        0.0,
                        0.0
                    ],
                    [
                        0.672041587053231,
                        -0.0,
                        -0.9344334303761693,
                        0.0,
                        0.0,
                        0.0
                    ],
                    [
                        0.0,
                        -0.0,
                        -0.8649963753836758,
                        0.6719063955664162,
                        0.0,
                        0.0
                    ],
                    [
                        0.5996186962289795,
                        -0.0,
                        -0.8838137026939449,
                        -0.0,
                        0.0,
                        0.0
                    ]
                ]
            },
            "est_params": {
                "mui": [
                    -0.038994553042577255,
                    -0.01001404012458326,
                    0.09358170051783807,
                    -0.12422959501009263,
                    -0.1534311039301964,
                    -0.14383613832956532
                ],
                "Si": [
                    [
                        0.9172969861829898,
                        -0.6090719573363215,
                        -0.06989865635302703,
