{
    "expt_args": {
        "save_dir": "expt_logs_29.04.24-11",
        "exp_name": "81",
        "num_nodes": 6,
        "obs_noise_mean": 0.0,
        "obs_noise_var": 1.0,
        "max_edge_strength": 1.0,
        "num_parents": 2,
        "new_noise_mean": 1.0,
        "mix_samples": 2048,
        "stage2_samples": 2048,
        "intv_targets": [
            0,
            1,
            2,
            3,
            4,
            5
        ]
    },
    "intv_args_dict": {
        "0": {
            "intv_type": "do",
            "inode": 0,
            "new_mui": 1.0,
            "true_params": {
                "Si": [
                    [
                        0.0,
                        0.0,
                        0.0,
                        0.0,
                        0.0,
                        0.0
                    ],
                    [
                        0.0,
                        1.0,
                        0.6212564603669609,
                        -0.4077042162165956,
                        -0.9953324858260723,
                        0.012268708228706182
                    ],
                    [
                        0.0,
                        0.6212564603669609,
                        1.3859595895476853,
                        -0.9095463857722229,
                        -1.1472148922226928,
                        -0.38341478242840027
                    ],
                    [
                        0.0,
                        -0.4077042162165956,
                        -0.9095463857722229,
                        1.5968966441087207,
                        1.5587382602063231,
                        0.8474776077501933
                    ],
                    [
                        0.0,
                        -0.9953324858260723,
                        -1.1472148922226928,
                        1.5587382602063231,
                        2.9198039601758374,
                        1.414174448096501
                    ],
                    [
                        0.0,
                        0.012268708228706182,
                        -0.38341478242840027,
                        0.8474776077501933,
                        1.414174448096501,
                        2.05481775955291
                    ]
                ],
                "mui": [
                    1.0,
                    0.7462215363387312,
                    -0.09160528965743875,
                    0.5654682229166934,
                    -0.04186876076211049,
                    0.5273770630953267
                ],
                "Ai": [
                    [
                        0.0,
                        0.0,
                        0.0,
                        0.0,
                        0.0,
                        0.0
                    ],
                    [
                        0.7462215363387312,
                        0.0,
                        0.0,
                        0.0,
                        0.0,
                        0.0
                    ],
                    [
                        -0.5552002399728344,
                        0.6212564603669609,
                        0.0,
                        0.0,
                        0.0,
                        0.0
                    ],
                    [
                        0.5053515638496475,
                        -0.0,
                        -0.6562575075288146,
                        0.0,
                        0.0,
                        0.0
                    ],
                    [
                        -0.0,
                        -0.6667759402964457,
                        -0.0,
                        0.8058698744363211,
                        0.0,
                        0.0
                    ],
                    [
                        -0.0,
                        0.7482158106136497,
                        0.0,
                        -0.0,
                        0.7393982542166773,
                        0.0
                    ]
                ]
            },
            "est_params": {
                "mui": [
                    1.0000030027104672,
                    0.7168973881969561,
                    -0.12614753761848432,
                    0.5671255182630622,
                    0.10387483588593711,
                    0.626670028857279
                ],
                "Si": [
                    [
                        1.0017273801563304e-06,
                        4.83313306409774e-07,
                        -2.573318871504735e-06,
                        -2.2092051485505515e-06,
                        -8.558261569544367e-07,
                        -3.203067254535164e-06
                    ],
                    [
                        4.833133064097739e-07,
                        0.9597830919873552,
                        0.43441440670188874,
                        -0.442824238832866,
                        -1.0447291664611587,
                        -0.0026808174130244227
                    ],
                    [
                        -2.573318871504735e-06,
                        0.43441440670188874,
                        1.2477136546570602,
                        -0.9416885938978082,
                        -1.0949222758398196,
                        -0.4576315983536852
                    ],
                    [
                        -2.2092051485505515e-06,
                        -0.44282423883286587,
                        -0.9416885938978082,
                        1.984421120680867,
                        1.90562594726624,
                        1.02810310385583
                    ],
                    [
                        -8.558261569544367e-07,
                        -1.0447291664611587,
                        -1.0949222758398196,
                        1.9056259472662405,
                        3.254876071924146,
                        1.5784550723113575
                    ],
                    [
                        -3.2030672545351633e-06,
                        -0.0026808174130244222,
                        -0.4576315983536852,
                        1.02810310385583,
                        1.5784550723113575,
                        2.2105153192411584
                    ]
                ]
            },
            "est_tgt": [
                0,
                1,
                3
            ]
        },
        "1": {
            "intv_type": "do",
            "inode": 1,
            "new_mui": 1.0,
            "true_params": {
                "Si": [
                    [
                        1.0,
                        0.0,
                        -0.5552002399728344,
                        0.8697058895136196,
                        0.7008697759788696,
                        0.5182218887920098
                    ],
                    [
                        0.0,
                        0.0,
                        0.0,
                        0.0,
                        0.0,
                        0.0
                    ],
                    [
                        -0.5552002399728344,
                        0.0,
                        1.3082473064658928,
                        -1.1391184260925638,
                        -0.917981223003314,
                        -0.6787537136923407
                    ],
                    [
                        0.8697058895136196,
                        0.0,
                        -1.1391184260925638,
                        2.1870622504426085,
                        1.7624875811486027,
                        1.303180240579851
                    ],
                    [
                        0.7008697759788696,
                        0.0,
                        -0.917981223003314,
                        1.7624875811486027,
                        2.4203356457157996,
                        1.7895919510606566
                    ],
                    [
                        0.5182218887920098,
                        0.0,
                        -0.6787537136923407,
                        1.303180240579851,
                        1.7895919510606566,
                        2.323221164374467
                    ]
                ],
                "mui": [
                    0.0,
                    1.0,
                    0.6212564603669609,
                    -0.4077042162165956,
                    -0.9953324858260723,
                    0.012268708228706182
                ],
                "Ai": [
                    [
                        0.0,
                        0.0,
                        0.0,
                        0.0,
                        0.0,
                        0.0
                    ],
                    [
                        0.0,
                        0.0,
                        0.0,
                        0.0,
                        0.0,
                        0.0
                    ],
                    [
                        -0.5552002399728344,
                        0.6212564603669609,
                        0.0,
                        0.0,
                        0.0,
                        0.0
                    ],
                    [
                        0.5053515638496475,
                        -0.0,
                        -0.6562575075288146,
                        0.0,
                        0.0,
                        0.0
                    ],
                    [
                        -0.0,
                        -0.6667759402964457,
                        -0.0,
                        0.8058698744363211,
                        0.0,
                        0.0
                    ],
                    [
                        -0.0,
                        0.7482158106136497,
                        0.0,
                        -0.0,
                        0.7393982542166773,
                        0.0
                    ]
                ]
            },
            "est_params": {
                "mui": [
                    -0.056465390177230804,
                    0.999999248628127,
                    0.6009656657413559,
                    -0.3870826078389435,
                    -1.0236472382829314,
                    0.07197674683384771
                ],
                "Si": [
                    [
                        0.820301528711739,
                        -2.5638953705519706e-07,
                        -0.3625423882241423,
                        0.6002476965157126,
                        0.422688423536354,
                        0.29927969809365107
                    ],
                    [
                        -2.56389537055197e-07,
                        1.0008675653823939e-06,
                        -1.161660791518469e-06,
                        -3.97647726402245e-07,
                        -1.5208406771742245e-06,
                        -1.1541498485929242e-06
                    ],
                    [
                        -0.36254238822414225,
                        -1.161660791518469e-06,
                        1.2521898607646493,
                        -0.9206196877939976,
                        -0.7719055515112417,
                        -0.5554543544088149
                    ],
                    [
                        0.6002476965157125,
                        -3.97647726402245e-07,
                        -0.9206196877939975,
                        1.6939503081230949,
                        1.337549252246098,
                        0.9896057199466401
                    ],
                    [
                        0.422688423536354,
                        -1.5208406771742245e-06,
                        -0.7719055515112417,
                        1.337549252246098,
                        1.963302272654532,
                        1.415348170168782
                    ],
                    [
                        0.29927969809365107,
                        -1.1541498485929242e-06,
                        -0.555454354408815,
                        0.9896057199466399,
                        1.415348170168782,
                        2.0979747022262916
                    ]
                ]
            },
            "est_tgt": [
                0,
                1
            ]
        },
        "2": {
            "intv_type": "do",
            "inode": 2,
            "new_mui": 1.0,
            "true_params": {
                "Si": [
                    [
                        1.0,
                        0.7462215363387312,
                        0.0,
                        0.5053515638496475,
                        -0.09031496525600188,
                        0.49155602406911925
                    ],
                    [
                        0.7462215363387312,
                        1.5568465812957364,
                        0.0,
                        0.3771042203670644,
                        -0.7341709124241586,
                        0.6220125358821909
                    ],
                    [
                        0.0,
                        0.0,
                        0.0,
                        0.0,
                        0.0,
                        0.0
                    ],
                    [
                        0.5053515638496475,
                        0.3771042203670644,
                        0.0,
                        1.2553802030852843,
                        0.760229065505174,
                        0.8442673837670731
                    ],
                    [
                        -0.09031496525600188,
                        -0.7341709124241586,
                        0.0,
                        0.760229065505174,
                        2.1021732020314143,
                        1.0050249112747052
                    ],
                    [
                        0.49155602406911925,
                        0.6220125358821909,
                        0.0,
                        0.8442673837670731,
                        1.0050249112747052,
                        2.2085132785877333
                    ]
                ],
                "mui": [
                    0.0,
                    0.0,
                    1.0,
                    -0.6562575075288146,
                    -0.5288581551901389,
                    -0.3910367966758413
                ],
                "Ai": [
                    [
                        0.0,
                        0.0,
                        0.0,
                        0.0,
                        0.0,
                        0.0
                    ],
                    [
                        0.7462215363387312,
                        0.0,
                        0.0,
                        0.0,
                        0.0,
                        0.0
                    ],
                    [
                        0.0,
                        0.0,
                        0.0,
                        0.0,
                        0.0,
                        0.0
                    ],
                    [
                        0.5053515638496475,
                        -0.0,
                        -0.6562575075288146,
                        0.0,
                        0.0,
                        0.0
                    ],
                    [
                        -0.0,
                        -0.6667759402964457,
                        -0.0,
                        0.8058698744363211,
                        0.0,
                        0.0
                    ],
                    [
                        -0.0,
                        0.7482158106136497,
                        0.0,
                        -0.0,
                        0.7393982542166773,
                        0.0
                    ]
                ]
            },
            "est_params": {
                "mui": [
                    0.04837498578637875,
                    0.014759082152223017,
                    0.9999944285500412,
                    -0.6990236672863638,
                    -0.6143547258324202,
                    -0.4209878946644031
                ],
                "Si": [
                    [
                        1.0176614183590351,
                        0.7964103014032131,
                        3.627928486365373e-06,
                        0.5480307516582256,
                        -0.09699589986807847,
                        0.6106272522343359
                    ],
                    [
                        0.7964103014032131,
                        1.607830264349123,
                        -1.2758690085118044e-05,
                        0.4026781936353603,
                        -0.8775280865505971,
                        0.6603806278915567
                    ],
                    [
                        3.627928486365373e-06,
                        -1.2758690085118046e-05,
                        1.010395305691649e-06,
                        4.59008294891693e-06,
                        1.4189823889031814e-05,
                        7.604335251680099e-06
                    ],
                    [
                        0.5480307516582257,
                        0.40267819363536034,
                        4.59008294891693e-06,
                        1.2852696514169977,
                        0.767249853553292,
                        0.9982989085707189
                    ],
                    [
                        -0.09699589986807848,
                        -0.8775280865505969,
                        1.4189823889031814e-05,
                        0.767249853553292,
                        2.3088660902453886,
                        1.1592533660399522
                    ],
                    [
                        0.6106272522343359,
                        0.6603806278915567,
                        7.604335251680099e-06,
                        0.9982989085707189,
                        1.1592533660399524,
                        2.5598124213730293
                    ]
                ]
            },
            "est_tgt": [
                2,
                3
            ]
        },
        "3": {
            "intv_type": "do",
            "inode": 3,
            "new_mui": 1.0,
            "true_params": {
                "Si": [
                    [
                        1.0,
                        0.7462215363387312,
                        -0.09160528965743875,
                        0.0,
                        -0.4975625665617158,
                        0.19043785862974494
                    ],
                    [
                        0.7462215363387312,
                        1.5568465812957364,
                        0.5528986203820325,
                        0.0,
                        -1.0380678431407715,
                        0.3973116758485207
                    ],
                    [
                        -0.09160528965743875,
                        0.5528986203820325,
                        1.3943511186409085,
                        0.0,
                        -0.3686594974938373,
                        0.14110130058897022
                    ],
                    [
                        0.0,
                        0.0,
                        0.0,
                        0.0,
                        0.0,
                        0.0
                    ],
                    [
                        -0.4975625665617158,
                        -1.0380678431407715,
                        -0.3686594974938373,
                        0.0,
                        1.6921586622016913,
                        0.47448038796202324
                    ],
                    [
                        0.19043785862974494,
                        0.3973116758485207,
                        0.14110130058897022,
                        0.0,
                        0.47448038796202324,
                        1.6481048481304401
                    ]
                ],
                "mui": [
                    0.0,
                    0.0,
                    0.0,
                    1.0,
                    0.8058698744363211,
                    0.5958587782840287
                ],
                "Ai": [
                    [
                        0.0,
                        0.0,
                        0.0,
                        0.0,
                        0.0,
                        0.0
                    ],
                    [
                        0.7462215363387312,
                        0.0,
                        0.0,
                        0.0,
                        0.0,
                        0.0
                    ],
                    [
                        -0.5552002399728344,
                        0.6212564603669609,
                        0.0,
                        0.0,
                        0.0,
                        0.0
                    ],
                    [
                        0.0,
                        0.0,
                        0.0,
                        0.0,
                        0.0,
                        0.0
                    ],
                    [
                        -0.0,
                        -0.6667759402964457,
                        -0.0,
                        0.8058698744363211,
                        0.0,
                        0.0
                    ],
                    [
                        -0.0,
                        0.7482158106136497,
                        0.0,
                        -0.0,
                        0.7393982542166773,
                        0.0
                    ]
                ]
            },
            "est_params": {
                "mui": [
                    0.04251833898715366,
                    -0.03358795539308493,
                    -0.06417789865233346,
                    0.9999892938323022,
                    0.8145112745764133,
                    0.5929608491533688
                ],
                "Si": [
                    [
                        1.159012272436525,
                        0.8975511474621463,
                        -0.06314894127616313,
                        1.632264175669507e-05,
                        -0.6353626385171669,
                        0.3583442711180207
                    ],
                    [
                        0.8975511474621463,
                        1.7974398684537678,
                        0.5592960839500182,
                        1.6318596703192982e-05,
                        -1.2536782642655122,
                        0.6327503676687845
                    ],
                    [
                        -0.06314894127616313,
                        0.5592960839500182,
                        1.196704993325308,
                        -6.16795310786071e-06,
                        -0.41651607573886174,
                        0.18821492659252165
                    ],
                    [
                        1.632264175669507e-05,
                        1.6318596703192982e-05,
                        -6.16795310786071e-06,
                        1.0471292632110792e-06,
                        -9.77113818383111e-06,
                        2.2256559040757813e-05
                    ],
                    [
                        -0.635362638517167,
                        -1.2536782642655122,
                        -0.41651607573886185,
                        -9.77113818383111e-06,
                        1.9586950905354195,
                        0.3750090192200796
                    ],
                    [
                        0.3583442711180207,
                        0.6327503676687845,
                        0.18821492659252162,
                        2.2256559040757813e-05,
                        0.3750090192200797,
                        1.901358695633508
                    ]
                ]
            },
            "est_tgt": [
                0,
                2,
                3
            ]
        },
        "4": {
            "intv_type": "do",
            "inode": 4,
            "new_mui": 1.0,
            "true_params": {
                "Si": [
                    [
                        1.0,
                        0.7462215363387312,
                        -0.09160528965743875,
                        0.5654682229166934,
                        0.0,
                        0.5583347517090469
                    ],
                    [
                        0.7462215363387312,
                        1.5568465812957364,
                        0.5528986203820325,
                        0.014260349839031516,
                        0.0,
                        1.1648572268252788
                    ],
                    [
                        -0.09160528965743875,
                        0.5528986203820325,
                        1.3943511186409085,
                        -0.9613462661245837,
                        0.0,
                        0.413687489436311
                    ],
                    [
                        0.5654682229166934,
                        0.014260349839031516,
                        -0.9613462661245837,
                        1.9166509552372841,
                        0.0,
                        0.010669819214445231
                    ],
                    [
                        0.0,
                        0.0,
                        0.0,
                        0.0,
                        0.0,
                        0.0
                    ],
                    [
                        0.5583347517090469,
                        1.1648572268252788,
                        0.413687489436311,
                        0.010669819214445231,
                        0.0,
                        1.8715645942182442
                    ]
                ],
                "mui": [
                    0.0,
                    0.0,
                    0.0,
                    0.0,
                    1.0,
                    0.7393982542166773
                ],
                "Ai": [
                    [
                        0.0,
                        0.0,
                        0.0,
                        0.0,
                        0.0,
                        0.0
                    ],
                    [
                        0.7462215363387312,
                        0.0,
                        0.0,
                        0.0,
                        0.0,
                        0.0
                    ],
                    [
                        -0.5552002399728344,
                        0.6212564603669609,
                        0.0,
                        0.0,
                        0.0,
                        0.0
                    ],
                    [
                        0.5053515638496475,
                        -0.0,
                        -0.6562575075288146,
                        0.0,
                        0.0,
                        0.0
                    ],
                    [
                        0.0,
                        0.0,
                        0.0,
                        0.0,
                        0.0,
                        0.0
                    ],
                    [
                        -0.0,
                        0.7482158106136497,
                        0.0,
                        -0.0,
                        0.7393982542166773,
                        0.0
                    ]
                ]
            },
            "est_params": {
                "mui": [
                    0.01079666593063064,
                    0.04604633904886513,
                    -0.07010857841984763,
                    -0.08983739869670827,
                    1.0000150747814867,
                    0.7919887705645183
                ],
                "Si": [
                    [
                        1.0669597606119339,
                        0.7590036063347133,
                        -0.16654957645936075,
                        0.6347412665699151,
                        3.5237588723953225e-06,
                        0.7374336586751222
                    ],
                    [
                        0.7590036063347134,
                        1.5581105630408787,
                        0.4323407194367648,
                        0.18699580374562028,
                        1.0016023528316853e-06,
                        1.3566231549151226
                    ],
                    [
                        -0.16654957645936072,
                        0.4323407194367648,
                        1.3785328363016025,
                        -0.9164985144943906,
                        8.249117690134126e-08,
                        0.48948108286736824
                    ],
                    [
                        0.6347412665699151,
                        0.18699580374562025,
                        -0.9164985144943906,
                        1.8622165653620102,
                        -3.1180429033222906e-07,
                        0.13182956311549385
                    ],
                    [
                        3.5237588723953225e-06,
                        1.0016023528316846e-06,
                        8.249117690134126e-08,
                        -3.118042903322287e-07,
                        1.0280148781640192e-06,
                        -7.033495728757766e-06
                    ],
                    [
                        0.7374336586751222,
                        1.3566231549151229,
                        0.48948108286736824,
                        0.13182956311549388,
                        -7.033495728757766e-06,
                        2.202799513212454
                    ]
                ]
            },
            "est_tgt": [
                4
            ]
        },
        "5": {
            "intv_type": "do",
            "inode": 5,
            "new_mui": 1.0,
            "true_params": {
                "Si": [
                    [
                        1.0,
                        0.7462215363387312,
                        -0.09160528965743875,
                        0.5654682229166934,
                        -0.04186876076211049,
                        0.0
                    ],
                    [
                        0.7462215363387312,
                        1.5568465812957364,
                        0.5528986203820325,
                        0.014260349839031516,
                        -1.026575856806573,
                        0.0
                    ],
                    [
                        -0.09160528965743875,
                        0.5528986203820325,
                        1.3943511186409085,
                        -0.9613462661245837,
                        -1.1433794922654816,
                        0.0
                    ],
                    [
                        0.5654682229166934,
                        0.014260349839031516,
                        -0.9613462661245837,
                        1.9166509552372841,
                        1.5350628064624483,
                        0.0
                    ],
                    [
                        -0.04186876076211049,
                        -1.026575856806573,
                        -1.1433794922654816,
                        1.5350628064624483,
                        2.9215569533035923,
                        0.0
                    ],
                    [
                        0.0,
                        0.0,
                        0.0,
                        0.0,
                        0.0,
                        0.0
                    ]
                ],
                "mui": [
                    0.0,
                    0.0,
                    0.0,
                    0.0,
                    0.0,
                    1.0
                ],
                "Ai": [
                    [
                        0.0,
                        0.0,
                        0.0,
                        0.0,
                        0.0,
                        0.0
                    ],
                    [
                        0.7462215363387312,
                        0.0,
                        0.0,
                        0.0,
                        0.0,
                        0.0
                    ],
                    [
                        -0.5552002399728344,
                        0.6212564603669609,
                        0.0,
                        0.0,
                        0.0,
                        0.0
                    ],
                    [
                        0.5053515638496475,
                        -0.0,
                        -0.6562575075288146,
                        0.0,
                        0.0,
                        0.0
                    ],
                    [
                        -0.0,
                        -0.6667759402964457,
                        -0.0,
                        0.8058698744363211,
                        0.0,
                        0.0
                    ],
                    [
                        0.0,
                        0.0,
                        0.0,
                        0.0,
                        0.0,
                        0.0
                    ]
                ]
            },
            "est_params": {
                "mui": [
                    -0.07450285422338897,
                    -0.0856836272168039,
                    -0.07494661705017003,
                    -0.0478131485826259,
                    0.023314753608010722,
                    0.9999979244181073
                ],
                "Si": [
                    [
                        0.9974894463854738,
                        0.790394983088283,
                        -0.13648575638825042,
                        0.5339817039028739,
                        -0.12199231468694251,
                        -5.255057481279859e-06
                    ],
                    [
                        0.790394983088283,
                        1.568395483236887,
                        0.37171076755562105,
                        0.08557678560344514,
                        -1.0173515997683769,
                        -4.098024981684817e-06
                    ],
                    [
                        -0.13648575638825042,
                        0.37171076755562105,
                        1.2198193713345278,
                        -0.899920245870964,
                        -1.0978890600960445,
                        3.2286840029567626e-06
                    ],
                    [
                        0.5339817039028739,
                        0.08557678560344521,
                        -0.899920245870964,
                        1.7836611095605361,
                        1.4390378699796469,
                        -6.948810752855654e-06
                    ],
                    [
                        -0.12199231468694251,
                        -1.0173515997683769,
                        -1.0978890600960445,
                        1.4390378699796469,
                        2.9127041441942367,
                        -2.0897291911567623e-06
                    ],
                    [
                        -5.25505748127986e-06,
                        -4.098024981684818e-06,
                        3.228684002956763e-06,
                        -6.948810752855653e-06,
                        -2.0897291911567627e-06,
                        1.0021704703999016e-06
                    ]
                ]
            },
            "est_tgt": [
                5
            ]
        },
        "obs": {
            "intv_type": "obs",
            "true_params": {
                "Si": [
                    [
                        1.0,
                        0.7462215363387312,
                        -0.09160528965743875,
                        0.5654682229166934,
                        -0.04186876076211049,
                        0.5273770630953267
                    ],
                    [
                        0.7462215363387312,
                        1.5568465812957364,
                        0.5528986203820325,
                        0.014260349839031516,
                        -1.026575856806573,
                        0.4058088304815089
                    ],
                    [
                        -0.09160528965743875,
                        0.5528986203820325,
                        1.3943511186409085,
                        -0.9613462661245837,
                        -1.1433794922654816,
                        -0.431725311051937
                    ],
                    [
                        0.5654682229166934,
                        0.014260349839031516,
                        -0.9613462661245837,
                        1.9166509552372841,
                        1.5350628064624483,
                        1.1456925784257326
                    ],
                    [
                        -0.04186876076211049,
                        -1.026575856806573,
                        -1.1433794922654816,
                        1.5350628064624483,
                        2.9215569533035923,
                        1.3920938240103384
                    ],
                    [
                        0.5273770630953267,
                        0.4058088304815089,
                        -0.431725311051937,
                        1.1456925784257326,
                        1.3920938240103384,
                        2.332944326231962
                    ]
                ],
                "mui": [
                    0.0,
                    0.0,
                    0.0,
                    0.0,
                    0.0,
                    0.0
                ],
                "Ai": [
                    [
                        0.0,
                        0.0,
                        0.0,
                        0.0,
                        0.0,
                        0.0
                    ],
                    [
                        0.7462215363387312,
                        0.0,
                        0.0,
                        0.0,
                        0.0,
                        0.0
                    ],
                    [
                        -0.5552002399728344,
                        0.6212564603669609,
                        0.0,
                        0.0,
                        0.0,
                        0.0
                    ],
                    [
                        0.5053515638496475,
                        -0.0,
                        -0.6562575075288146,
                        0.0,
                        0.0,
                        0.0
                    ],
                    [
                        -0.0,
                        -0.6667759402964457,
                        -0.0,
                        0.8058698744363211,
                        0.0,
                        0.0
                    ],
                    [
                        -0.0,
                        0.7482158106136497,
                        0.0,
                        -0.0,
                        0.7393982542166773,
                        0.0
                    ]
                ]
            },
            "est_params": {
                "mui": [
                    -0.02432150588463548,
                    0.11699733315851095,
                    0.16696060671920473,
                    -0.018592239240421835,
                    -0.007916399022026628,
                    0.08528057391610541
