{
    "expt_args": {
        "save_dir": "expt_logs_29.04.24-tol",
        "exp_name": "14",
        "num_nodes": 9,
        "obs_noise_mean": 0.0,
        "obs_noise_var": 1.0,
        "max_edge_strength": 1.0,
        "num_parents": 2,
        "new_noise_mean": 1.0,
        "mix_samples": 16384,
        "stage2_samples": 16384,
        "gmm_tol": 1000,
        "intv_targets": [
            0,
            1,
            2,
            3,
            4,
            5,
            6,
            7,
            8
        ]
    },
    "intv_args_dict": {
        "0": {
            "intv_type": "do",
            "inode": 0,
            "new_mui": 1.0,
            "true_params": {
                "Si": [
                    [
                        0.0,
                        0.0,
                        0.0,
                        0.0,
                        0.0,
                        0.0,
                        0.0,
                        0.0,
                        0.0
                    ],
                    [
                        0.0,
                        1.0,
                        -0.7586607368746712,
                        -0.46144739597262124,
                        0.45770412723425735,
                        0.35805011536353076,
                        0.5538895299467829,
                        0.24277161989217944,
                        0.7867286091271678
                    ],
                    [
                        0.0,
                        -0.7586607368746712,
                        1.575566113675219,
                        0.9583214802089305,
                        0.03576582648937848,
                        -0.7435888024049346,
                        -0.4579635805958209,
                        -0.43316490298797933,
                        -0.6715189444999615
                    ],
                    [
                        0.0,
                        -0.46144739597262124,
                        0.9583214802089305,
                        1.582888938432162,
                        0.6514535124608716,
                        -1.2282083980964087,
                        -0.3406148099641418,
                        -0.6728192759454431,
                        -0.5311901180667805
                    ],
                    [
                        0.0,
                        0.45770412723425735,
                        0.03576582648937848,
                        0.6514535124608716,
                        1.7527094190316335,
                        -0.5054812473238701,
                        0.901924508072382,
                        -0.17001126570626593,
                        1.229892735951556
                    ],
                    [
                        0.0,
                        0.35805011536353076,
                        -0.7435888024049346,
                        -1.2282083980964087,
                        -0.5054812473238701,
                        1.953001712583006,
                        0.9139383988041168,
                        1.1080556211860924,
                        0.41216547046039215
                    ],
                    [
                        0.0,
                        0.5538895299467829,
                        -0.4579635805958209,
                        -0.3406148099641418,
                        0.901924508072382,
                        0.9139383988041168,
                        2.2268389089780225,
                        1.502528845665676,
                        1.1310804255234355
                    ],
                    [
                        0.0,
                        0.24277161989217944,
                        -0.43316490298797933,
                        -0.6728192759454431,
                        -0.17001126570626593,
                        1.1080556211860924,
                        1.502528845665676,
                        2.450722504642126,
                        0.3300822072915561
                    ],
                    [
                        0.0,
                        0.7867286091271678,
                        -0.6715189444999615,
                        -0.5311901180667806,
                        1.229892735951556,
                        0.41216547046039215,
                        1.1310804255234357,
                        0.3300822072915561,
                        2.591556635530549
                    ]
                ],
                "mui": [
                    1.0,
                    0.8269542377728296,
                    0.25694160470368255,
                    -0.5674472113728378,
                    0.26146990940456966,
                    -0.37463865826176845,
                    -0.059844511580399995,
                    -0.2007103995652712,
                    0.6734010274559058
                ],
                "Ai": [
                    [
                        0.0,
                        0.0,
                        0.0,
                        0.0,
                        0.0,
                        0.0,
                        0.0,
                        0.0,
                        0.0
                    ],
                    [
                        0.8269542377728296,
                        0.0,
                        0.0,
                        0.0,
                        0.0,
                        0.0,
                        0.0,
                        0.0,
                        0.0
                    ],
                    [
                        0.8843193160940495,
                        -0.7586607368746712,
                        0.0,
                        0.0,
                        0.0,
                        0.0,
                        0.0,
                        0.0,
                        0.0
                    ],
                    [
                        -0.7237292339485331,
                        0.0,
                        0.6082394587514435,
                        0.0,
                        0.0,
                        0.0,
                        0.0,
                        0.0,
                        0.0
                    ],
                    [
                        0.0,
                        0.7482772412389503,
                        0.0,
                        0.6296993255151739,
                        0.0,
                        0.0,
                        0.0,
                        0.0,
                        0.0
                    ],
                    [
                        -0.814937035212222,
                        -0.0,
                        0.0,
                        -0.7759283473879972,
                        0.0,
                        0.0,
                        0.0,
                        0.0,
                        0.0
                    ],
                    [
                        -0.0,
                        0.0,
                        0.0,
                        -0.0,
                        0.7019464947475635,
                        0.6496457122127635,
                        0.0,
                        0.0,
                        0.0
                    ],
                    [
                        0.0,
                        -0.0,
                        0.0,
                        -0.0,
                        -0.5611705367063258,
                        -0.0,
                        0.9020240744989911,
                        0.0,
                        0.0
                    ],
                    [
                        -0.0,
                        0.0,
                        0.0,
                        -0.7371381926485887,
                        0.9756916817770996,
                        0.0,
                        -0.0,
                        0.0,
                        0.0
                    ]
                ]
            },
            "est_params": {
                "mui": [
                    0.5347312539971195,
                    0.9170953996190709,
                    -0.5036364787616476,
                    -0.8329410151497694,
                    0.29099861041458014,
                    0.09410761260488819,
                    -0.19590067468178327,
                    -0.5699268511543828,
                    1.0336288272322904
                ],
                "Si": [
                    [
                        0.6720213680998881,
                        0.28664939433566117,
                        0.35020433906608484,
                        -0.35550862837625863,
                        -0.06109542583515515,
                        -0.1415680316647011,
                        -0.06130718434288047,
                        0.013351584580086886,
                        0.06228184876778463
                    ],
                    [
                        0.28664939433566117,
                        0.6770672414261317,
                        -0.17107706314731777,
                        -0.25582410434002956,
                        0.11977597495472443,
                        -0.037784081748307864,
                        0.05176125431618023,
                        0.0332584535147964,
                        0.08519986701814602
                    ],
                    [
                        0.3502043390660849,
                        -0.17107706314731777,
                        1.1119217350887107,
                        0.020349950631890556,
                        -0.04775396938683122,
                        -0.04156675690485307,
                        -0.035423075126567796,
                        -0.08379657963113657,
                        0.03328193307880602
                    ],
                    [
                        -0.35550862837625863,
                        -0.25582410434002945,
                        0.02034995063189056,
                        0.8489085416336162,
                        0.24556186852888076,
                        -0.14122565117091054,
                        0.04506451140318803,
                        -0.12748180844135534,
                        -0.22418872045315835
                    ],
                    [
                        -0.061095425835155134,
                        0.11977597495472446,
                        -0.04775396938683121,
                        0.2455618685288808,
                        0.7417449398885778,
                        -0.053129360902978116,
                        0.345330260375128,
                        -0.1507725339422873,
                        0.22757423681668748
                    ],
                    [
                        -0.1415680316647011,
                        -0.037784081748307864,
                        -0.04156675690485308,
                        -0.14122565117091052,
                        -0.05312936090297812,
                        0.8501173066099467,
                        0.24020159644750302,
                        0.026176046992213816,
                        0.06564321962064525
                    ],
                    [
                        -0.06130718434288047,
                        0.051761254316180234,
                        -0.03542307512656779,
                        0.045064511403188026,
                        0.34533026037512793,
                        0.24020159644750302,
                        0.9322960963597324,
                        0.2648081543842641,
                        0.11931820843331382
                    ],
                    [
                        0.013351584580086891,
                        0.0332584535147964,
                        -0.08379657963113657,
                        -0.12748180844135534,
                        -0.1507725339422873,
                        0.026176046992213823,
                        0.2648081543842641,
                        1.1082014682891332,
                        -0.014541707277705195
                    ],
                    [
                        0.062281848767784594,
                        0.08519986701814597,
                        0.033281933078806024,
                        -0.22418872045315827,
                        0.22757423681668754,
                        0.06564321962064523,
                        0.11931820843331385,
                        -0.014541707277705183,
                        0.8314077141103756
                    ]
                ]
            },
            "est_tgt": [
                0,
                1,
                2,
                3,
                4,
                5,
                6,
                7,
                8
            ]
        },
        "1": {
            "intv_type": "do",
            "inode": 1,
            "new_mui": 1.0,
            "true_params": {
                "Si": [
                    [
                        1.0,
                        0.0,
                        0.8843193160940495,
                        -0.18585133176404178,
                        -0.11703045825791393,
                        -0.6707297184966907,
                        -0.5178858056278928,
                        -0.40147141944608356,
                        0.022812470161070315
                    ],
                    [
                        0.0,
                        0.0,
                        0.0,
                        0.0,
                        0.0,
                        0.0,
                        0.0,
                        0.0,
                        0.0
                    ],
                    [
                        0.8843193160940495,
                        0.0,
                        1.7820206528170472,
                        0.44388753615069776,
                        0.27951568211868677,
                        -1.0650894839901253,
                        -0.4957257631069033,
                        -0.6040125380241887,
                        -0.054485330167905716
                    ],
                    [
                        -0.18585133176404178,
                        0.0,
                        0.44388753615069776,
                        1.4044959567007167,
                        0.8844101566232303,
                        -0.93833109329788,
                        0.011225837963937918,
                        -0.486178946160887,
                        -0.1723959780081492
                    ],
                    [
                        -0.11703045825791393,
                        0.0,
                        0.27951568211868677,
                        0.8844101566232303,
                        1.5569124791044175,
                        -0.5908664565595908,
                        0.7090153973417979,
                        -0.23414445391103245,
                        0.8671340507038393
                    ],
                    [
                        -0.6707297184966907,
                        0.0,
                        -1.0650894839901253,
                        -0.93833109329788,
                        -0.5908664565595908,
                        2.274680182745818,
                        1.0629795893302476,
                        1.2904100268262448,
                        0.1151761995132708
                    ],
                    [
                        -0.5178858056278928,
                        0.0,
                        -0.4957257631069033,
                        0.011225837963937918,
                        0.7090153973417979,
                        1.0629795893302476,
                        2.1882510052642057,
                        1.5759765367355865,
                        0.6835054315305742
                    ],
                    [
                        -0.40147141944608356,
                        0.0,
                        -0.6040125380241887,
                        -0.486178946160887,
                        -0.23414445391103245,
                        1.2904100268262448,
                        1.5759765367355865,
                        2.552963745849106,
                        0.12992827366159593
                    ],
                    [
                        0.022812470161070315,
                        0.0,
                        -0.054485330167905716,
                        -0.1723959780081492,
                        0.8671340507038394,
                        0.11517619951327078,
                        0.6835054315305742,
                        0.12992827366159593,
                        1.9731351399062307
                    ]
                ],
                "mui": [
                    0.0,
                    1.0,
                    -0.7586607368746712,
                    -0.46144739597262124,
                    0.45770412723425735,
                    0.35805011536353076,
                    0.5538895299467829,
                    0.24277161989217944,
                    0.7867286091271678
                ],
                "Ai": [
                    [
                        0.0,
                        0.0,
                        0.0,
                        0.0,
                        0.0,
                        0.0,
                        0.0,
                        0.0,
                        0.0
                    ],
                    [
                        0.0,
                        0.0,
                        0.0,
                        0.0,
                        0.0,
                        0.0,
                        0.0,
                        0.0,
                        0.0
                    ],
                    [
                        0.8843193160940495,
                        -0.7586607368746712,
                        0.0,
                        0.0,
                        0.0,
                        0.0,
                        0.0,
                        0.0,
                        0.0
                    ],
                    [
                        -0.7237292339485331,
                        0.0,
                        0.6082394587514435,
                        0.0,
                        0.0,
                        0.0,
                        0.0,
                        0.0,
                        0.0
                    ],
                    [
                        0.0,
                        0.7482772412389503,
                        0.0,
                        0.6296993255151739,
                        0.0,
                        0.0,
                        0.0,
                        0.0,
                        0.0
                    ],
                    [
                        -0.814937035212222,
                        -0.0,
                        0.0,
                        -0.7759283473879972,
                        0.0,
                        0.0,
                        0.0,
                        0.0,
                        0.0
                    ],
                    [
                        -0.0,
                        0.0,
                        0.0,
                        -0.0,
                        0.7019464947475635,
                        0.6496457122127635,
                        0.0,
                        0.0,
                        0.0
                    ],
                    [
                        0.0,
                        -0.0,
                        0.0,
                        -0.0,
                        -0.5611705367063258,
                        -0.0,
                        0.9020240744989911,
                        0.0,
                        0.0
                    ],
                    [
                        -0.0,
                        0.0,
                        0.0,
                        -0.7371381926485887,
                        0.9756916817770996,
                        0.0,
                        -0.0,
                        0.0,
                        0.0
                    ]
                ]
            },
            "est_params": {
                "mui": [
                    0.21511265291243478,
                    1.1506866370848507,
                    -1.3893308655988352,
                    -1.7748432174151185,
                    0.12946073995628254,
                    1.6247309905109135,
                    1.5079735572781505,
                    1.515182801161394,
                    1.5008141315945156
                ],
                "Si": [
                    [
                        0.9378704211698378,
                        0.4233204131735591,
                        0.49359293716216884,
                        -0.4042398541360124,
                        -0.04998480688040936,
                        -0.3955308705813395,
                        -0.2849615627605446,
                        -0.15686951309541838,
                        0.17121664037327605
                    ],
                    [
                        0.4233204131735591,
                        0.7949965416639885,
                        -0.08957414951570664,
                        -0.29080367697268406,
                        0.09729192623977183,
                        -0.1772517571281943,
                        -0.15647373655064004,
                        -0.1697569041171885,
                        0.20970936065704598
                    ],
                    [
                        0.49359293716216884,
                        -0.08957414951570664,
                        1.2195026674591314,
                        0.13003323932586827,
                        0.10280186822128148,
                        -0.3031099299655834,
                        0.044044857200005005,
                        0.11698174755688981,
                        0.023549522823903355
                    ],
                    [
                        -0.4042398541360124,
                        -0.290803676972684,
                        0.13003323932586827,
                        0.9627264590777243,
                        0.4061572118199252,
                        -0.24075006757341982,
                        0.2583660087124826,
                        0.10661829748781451,
                        -0.2583144666324601
                    ],
                    [
                        -0.04998480688040934,
                        0.09729192623977181,
                        0.10280186822128148,
                        0.4061572118199253,
                        1.100700588873381,
                        -0.22589139727905788,
                        0.6045251787879098,
                        0.014902114476719755,
                        0.6014706555646311
                    ],
                    [
                        -0.3955308705813395,
                        -0.1772517571281943,
                        -0.3031099299655834,
                        -0.24075006757341982,
                        -0.22589139727905788,
                        1.2647679534358507,
                        0.4047531330583497,
                        0.28751240796306715,
                        0.008150919929304187
                    ],
                    [
                        -0.28496156276054463,
                        -0.15647373655064006,
                        0.044044857200004985,
                        0.2583660087124826,
                        0.6045251787879098,
                        0.4047531330583497,
                        1.3967520199972747,
                        0.7871264826119435,
                        0.30166135211035033
                    ],
                    [
                        -0.15686951309541838,
                        -0.16975690411718847,
                        0.11698174755688981,
                        0.1066182974878145,
                        0.014902114476719757,
                        0.2875124079630671,
                        0.7871264826119435,
                        1.5233032776067532,
                        -0.08722977814559695
                    ],
                    [
                        0.1712166403732761,
                        0.209709360657046,
                        0.02354952282390335,
                        -0.25831446663246005,
                        0.601470655564631,
                        0.008150919929304189,
                        0.3016613521103504,
                        -0.08722977814559696,
                        1.5241895392585671
                    ]
                ]
            },
            "est_tgt": [
                1,
                2,
                3,
                4,
                5,
                6,
                7,
                8
            ]
        },
        "2": {
            "intv_type": "do",
            "inode": 2,
            "new_mui": 1.0,
            "true_params": {
                "Si": [
                    [
                        1.0,
                        0.8269542377728296,
                        0.0,
                        -0.7237292339485331,
                        0.16305922519850716,
                        -0.2533750067581556,
                        -0.05014513515797006,
                        -0.13673615205105866,
                        0.6925839891429716
                    ],
                    [
                        0.8269542377728296,
                        1.6838533113704415,
                        0.0,
                        -0.598490957013823,
                        0.8831197585248101,
                        -0.20952953558437612,
                        0.4837828545644835,
                        -0.05919700722032016,
                        1.3028231447753518
                    ],
                    [
                        0.0,
                        0.0,
                        0.0,
                        0.0,
                        0.0,
                        0.0,
                        0.0,
                        0.0,
                        0.0
                    ],
                    [
                        -0.7237292339485331,
                        -0.598490957013823,
                        0.0,
                        1.5237840040717305,
                        0.5116885973740171,
                        -0.5925534478452128,
                        -0.025771789320543345,
                        -0.31039133922493023,
                        -0.6239890786302453
                    ],
                    [
                        0.16305922519850716,
                        0.8831197585248101,
                        0.0,
                        0.5116885973740171,
                        1.9830283812327767,
                        -0.5299166892849768,
                        1.0477217161673142,
                        -0.16774688964195733,
                        1.557639088429553
                    ],
                    [
                        -0.2533750067581556,
                        -0.20952953558437612,
                        0.0,
                        -0.5925534478452128,
                        -0.5299166892849768,
                        1.666263694329964,
                        0.7105079018854366,
                        0.9382688655581206,
                        -0.08024152817790178
                    ],
                    [
                        -0.05014513515797006,
                        0.4837828545644835,
                        0.0,
                        -0.025771789320543345,
                        1.0477217161673142,
                        0.7105079018854366,
                        2.197022998087709,
                        1.3938170787225796,
                        1.0412507334827414
                    ],
                    [
                        -0.13673615205105866,
                        -0.05919700722032016,
                        0.0,
                        -0.31039133922493023,
                        -0.16774688964195733,
                        0.9382688655581206,
                        1.3938170787225796,
                        2.3513911725468164,
                        0.06513206594240119
                    ],
                    [
                        0.6925839891429716,
                        1.3028231447753518,
                        0.0,
                        -0.6239890786302453,
                        1.557639088429553,
                        -0.08024152817790178,
                        1.0412507334827414,
                        0.06513206594240119,
                        2.9797416834455364
                    ]
                ],
                "mui": [
                    0.0,
                    0.0,
                    1.0,
                    0.6082394587514435,
                    0.38300797692749844,
                    -0.47195023804517744,
                    -0.03774934165922933,
                    -0.2489836069483209,
                    -0.07465883817915933
                ],
                "Ai": [
                    [
                        0.0,
                        0.0,
                        0.0,
                        0.0,
                        0.0,
                        0.0,
                        0.0,
                        0.0,
                        0.0
                    ],
                    [
                        0.8269542377728296,
                        0.0,
                        0.0,
                        0.0,
                        0.0,
                        0.0,
                        0.0,
                        0.0,
                        0.0
                    ],
                    [
                        0.0,
                        0.0,
                        0.0,
                        0.0,
                        0.0,
                        0.0,
                        0.0,
                        0.0,
                        0.0
                    ],
                    [
                        -0.7237292339485331,
                        0.0,
                        0.6082394587514435,
                        0.0,
                        0.0,
                        0.0,
                        0.0,
                        0.0,
                        0.0
                    ],
                    [
                        0.0,
                        0.7482772412389503,
                        0.0,
                        0.6296993255151739,
                        0.0,
                        0.0,
                        0.0,
                        0.0,
                        0.0
                    ],
                    [
                        -0.814937035212222,
                        -0.0,
                        0.0,
                        -0.7759283473879972,
                        0.0,
                        0.0,
                        0.0,
                        0.0,
                        0.0
                    ],
                    [
                        -0.0,
                        0.0,
                        0.0,
                        -0.0,
                        0.7019464947475635,
                        0.6496457122127635,
                        0.0,
                        0.0,
                        0.0
                    ],
                    [
                        0.0,
                        -0.0,
                        0.0,
                        -0.0,
                        -0.5611705367063258,
                        -0.0,
                        0.9020240744989911,
                        0.0,
                        0.0
                    ],
                    [
                        -0.0,
                        0.0,
                        0.0,
                        -0.7371381926485887,
                        0.9756916817770996,
                        0.0,
                        -0.0,
                        0.0,
                        0.0
                    ]
                ]
            },
            "est_params": {
                "mui": [
                    0.3134157691783152,
                    -0.2877252414754114,
                    0.8740394072002002,
                    0.7431639141626734,
                    -0.28116846427950193,
                    -1.3754888147180335,
                    -1.768126525040399,
                    -1.565088700271613,
                    -0.639121293239348
                ],
                "Si": [
                    [
                        0.7746371192380765,
                        0.4859659654893327,
                        0.22480124366275078,
                        -0.393378515815717,
                        -0.01957798458818595,
                        -0.21832183744112038,
                        -0.022640446751920416,
                        0.08969681223514211,
                        -0.015578158755073915
                    ],
                    [
                        0.4859659654893327,
                        1.0882575762379936,
                        -0.274824353961771,
                        -0.4159583404947752,
                        0.20342014273726283,
                        -0.038649757916035636,
                        0.139216231685311,
                        -0.013968323714156227,
                        0.03388823903674265
                    ],
                    [
                        0.22480124366275078,
                        -0.274824353961771,
                        1.0061585490423122,
                        0.2711849012212929,
                        0.10002245774853433,
                        -0.3243284863013739,
                        0.0013203988014255385,
                        0.07125775234288637,
                        -0.04824906507161491
                    ],
                    [
                        -0.393378515815717,
                        -0.4159583404947752,
                        0.2711849012212929,
                        1.1289306640202164,
                        0.54464290875844,
                        -0.49814531125957656,
                        0.10021995068998461,
                        -0.14946313489229143,
                        -0.1231526844582677
                    ],
                    [
                        -0.019577984588185958,
                        0.20342014273726283,
                        0.10002245774853434,
                        0.5446429087584399,
                        1.1921123483730636,
                        -0.4555742148319649,
                        0.42591632681888275,
                        -0.30367989166327447,
                        0.3567005405703113
                    ],
                    [
                        -0.21832183744112038,
                        -0.038649757916035636,
                        -0.3243284863013739,
                        -0.49814531125957656,
                        -0.45557421483196486,
                        1.3490564281986313,
                        0.2914609626882826,
                        0.1507497604250516,
                        0.0775837443936343
                    ],
                    [
                        -0.022640446751920413,
                        0.139216231685311,
                        0.0013203988014255407,
                        0.10021995068998461,
                        0.42591632681888275,
                        0.2914609626882826,
                        1.0572299413326989,
                        0.3420137560349618,
                        0.0923560444301184
                    ],
                    [
                        0.08969681223514214,
                        -0.013968323714156223,
                        0.07125775234288637,
                        -0.14946313489229146,
                        -0.30367989166327447,
                        0.1507497604250516,
                        0.3420137560349618,
                        1.7863150197856832,
                        -0.26630403192698193
                    ],
                    [
                        -0.015578158755073953,
                        0.0338882390367426,
                        -0.04824906507161488,
                        -0.12315268445826774,
                        0.3567005405703114,
                        0.07758374439363427,
                        0.09235604443011848,
                        -0.2663040319269819,
                        1.6932622409218934
                    ]
                ]
            },
            "est_tgt": [
                0,
                1,
                2,
                3,
                4,
                5,
                6,
                7,
                8
            ]
        },
        "3": {
            "intv_type": "do",
            "inode": 3,
            "new_mui": 1.0,
            "true_params": {
                "Si": [
                    [
                        1.0,
                        0.8269542377728296,
                        0.25694160470368255,
                        0.0,
                        0.618791035671512,
                        -0.814937035212222,
                        -0.09506215217816949,
                        -0.4329956474352411,
                        0.6037492662629308
                    ],
                    [
                        0.8269542377728296,
                        1.6838533113704415,
                        -0.5461817880048097,
                        0.0,
                        1.2599891104833452,
                        -0.6739156347867727,
                        0.44663853699151523,
                        -0.3041900524087099,
                        1.229360894228327
                    ],
                    [
                        0.25694160470368255,
                        -0.5461817880048097,
                        1.6415851019029226,
                        0.0,
                        -0.4086954015431962,
                        -0.20939122955988979,
                        -0.42291241899123533,
                        -0.1521293655012959,
                        -0.3987607036662481
                    ],
                    [
                        0.0,
                        0.0,
                        0.0,
                        0.0,
                        0.0,
                        0.0,
                        0.0,
                        0.0,
                        0.0
                    ],
                    [
                        0.618791035671512,
                        1.2599891104833452,
                        -0.4086954015431962,
                        0.0,
                        1.9428211755835967,
                        -0.5042757320260423,
                        1.0361559470385755,
                        -0.15561639266256497,
                        1.8955944601973211
                    ],
                    [
                        -0.814937035212222,
                        -0.6739156347867727,
                        -0.20939122955988979,
                        0.0,
                        -0.5042757320260423,
                        1.6641223713604865,
                        0.727115380669734,
                        0.9388602614916278,
                        -0.4920176370598673
                    ],
                    [
                        -0.09506215217816949,
                        0.44663853699151523,
                        -0.42291241899123533,
                        0.0,
                        1.0361559470385755,
                        0.727115380669734,
                        2.199693424371614,
                        1.402716236389233,
                        1.010968738549411
                    ],
                    [
                        -0.4329956474352411,
                        -0.3041900524087099,
                        -0.1521293655012959,
                        0.0,
                        -0.15561639266256497,
