{
    "expt_args": {
        "save_dir": "all_expt_logs/expt_logs_30.04.24-igsp",
        "exp_name": "210",
        "num_nodes": 8,
        "obs_noise_mean": 0.0,
        "obs_noise_var": 1.0,
        "max_edge_strength": 1.0,
        "graph_sparsity_method": "adj_dense_prop",
        "adj_dense_prop": 0.8,
        "num_parents": null,
        "new_noise_mean": 1.0,
        "mix_samples": 4096,
        "stage2_samples": 4096,
        "gmm_tol": 0.001,
        "intv_type": "do",
        "new_noise_sigma": 0.0,
        "intv_targets": [
            0,
            1,
            2,
            3,
            4,
            5,
            6,
            7
        ]
    },
    "intv_args_dict": {
        "0": {
            "intv_type": "do",
            "inode": 0,
            "new_mui": 1.0,
            "new_sigmai": 0.0,
            "true_params": {
                "Si": [
                    [
                        0.0,
                        0.0,
                        0.0,
                        0.0,
                        0.0,
                        0.0,
                        0.0,
                        0.0
                    ],
                    [
                        0.0,
                        1.0,
                        0.6771881422528575,
                        1.347495800644205,
                        -0.9732036744391309,
                        -1.3014488590227757,
                        -0.25056910885619754,
                        -0.6847392041516493
                    ],
                    [
                        0.0,
                        0.6771881422528575,
                        1.4585837800078765,
                        1.8668930411899383,
                        -2.139392930656757,
                        -1.0391427530731523,
                        -0.9265905998543198,
                        -1.435202641305096
                    ],
                    [
                        0.0,
                        1.347495800644205,
                        1.8668930411899383,
                        3.726595399970068,
                        -3.686436959266355,
                        -1.7703105442067586,
                        -2.150370125721653,
                        -2.8007112792080586
                    ],
                    [
                        0.0,
                        -0.9732036744391309,
                        -2.139392930656757,
                        -3.686436959266355,
                        5.064440414267179,
                        0.4067658746252836,
                        2.9331327427303284,
                        4.115278217498795
                    ],
                    [
                        0.0,
                        -1.3014488590227757,
                        -1.0391427530731523,
                        -1.7703105442067586,
                        0.4067658746252836,
                        3.666875604626459,
                        -0.20173314993676028,
                        -0.13983169682518756
                    ],
                    [
                        0.0,
                        -0.25056910885619754,
                        -0.9265905998543198,
                        -2.150370125721653,
                        2.9331327427303284,
                        -0.20173314993676028,
                        3.0945670455532044,
                        3.471512912878119
                    ],
                    [
                        0.0,
                        -0.6847392041516493,
                        -1.435202641305096,
                        -2.8007112792080586,
                        4.115278217498795,
                        -0.13983169682518756,
                        3.471512912878119,
                        5.436175864302211
                    ]
                ],
                "mui": [
                    1.0,
                    -0.9821511306835455,
                    0.03295880261173234,
                    0.12645384905912074,
                    -1.337241070010044,
                    2.3315775375624224,
                    -2.174757427332433,
                    -1.1890378462494828
                ],
                "Ai": [
                    [
                        0.0,
                        0.0,
                        0.0,
                        0.0,
                        0.0,
                        0.0,
                        0.0,
                        0.0
                    ],
                    [
                        -0.9821511306835455,
                        0.0,
                        0.0,
                        0.0,
                        0.0,
                        0.0,
                        0.0,
                        0.0
                    ],
                    [
                        0.698059902210866,
                        0.6771881422528575,
                        0.0,
                        0.0,
                        0.0,
                        0.0,
                        0.0,
                        0.0
                    ],
                    [
                        0.7836805689356328,
                        0.7011976881001627,
                        0.9543848632581621,
                        0.0,
                        0.0,
                        0.0,
                        0.0,
                        0.0
                    ],
                    [
                        -0.5056238321366842,
                        0.7039820691714023,
                        -0.5620183842339582,
                        -0.9622245631187247,
                        0.0,
                        0.0,
                        0.0,
                        0.0
                    ],
                    [
                        0.5708373987100452,
                        -0.6095562620082958,
                        -0.8277706071773823,
                        -0.794052512383806,
                        -0.9644910857335223,
                        0.0,
                        0.0,
                        0.0
                    ],
                    [
                        -0.775265883398113,
                        0.660739851662866,
                        0.5757441261005257,
                        -0.5903478193700389,
                        0.5196289959107749,
                        0.0,
                        0.0,
                        0.0
                    ],
                    [
                        0.8588789177545278,
                        -0.7648275433973839,
                        -0.0,
                        0.6693825787387406,
                        0.5977629662462487,
                        0.0,
                        0.9584451991344656,
                        0.0
                    ]
                ]
            },
            "est_params": {
                "mui": [
                    0.9999960702398989,
                    -0.9328140747608827,
                    0.06536219407418965,
                    0.23307043722989998,
                    -1.4744046639965698,
                    2.3685941169848403,
                    -2.2472550520975583,
                    -1.2746891306414312
                ],
                "Si": [
                    [
                        1.030113211676118e-06,
                        7.517200239434021e-06,
                        3.40661034893737e-06,
                        2.804593880177148e-06,
                        -1.659966233037578e-06,
                        8.600383903507885e-07,
                        1.0169643228460442e-06,
                        -7.663242357442096e-06
                    ],
                    [
                        7.517200239434021e-06,
                        0.9194558414721539,
                        0.6548036933739516,
                        1.3076379564573193,
                        -0.8465680355125467,
                        -1.2491548986868528,
                        -0.21556242867103145,
                        -0.48012051201896333
                    ],
                    [
                        3.40661034893737e-06,
                        0.6548036933739516,
                        1.3939539695794734,
                        1.8834200554871867,
                        -2.084243648663489,
                        -0.9481120611780782,
                        -0.9590619447672998,
                        -1.2984438279511608
                    ],
                    [
                        2.8045938801771485e-06,
                        1.3076379564573193,
                        1.8834200554871867,
                        3.8695869275248977,
                        -3.7697275733412465,
                        -1.6599872922787264,
                        -2.3029930514160255,
                        -2.689236840054894
                    ],
                    [
                        -1.6599662330375784e-06,
                        -0.8465680355125467,
                        -2.0842436486634894,
                        -3.7697275733412465,
                        5.285388287371064,
                        -0.03561533383385205,
                        3.200372918300878,
                        4.118967742973108
                    ],
                    [
                        8.600383903507887e-07,
                        -1.2491548986868528,
                        -0.9481120611780782,
                        -1.6599872922787264,
                        -0.0356153338338521,
                        3.800291275713606,
                        -0.34529484509630337,
                        -0.5549286855642267
                    ],
                    [
                        1.0169643228460431e-06,
                        -0.2155624286710315,
                        -0.9590619447672997,
                        -2.3029930514160255,
                        3.200372918300878,
                        -0.34529484509630337,
                        3.2942246842777085,
                        3.5457946787916215
                    ],
                    [
                        -7.663242357442096e-06,
                        -0.48012051201896333,
                        -1.2984438279511608,
                        -2.689236840054894,
                        4.118967742973109,
                        -0.5549286855642267,
                        3.5457946787916215,
                        5.131779262905016
                    ]
                ]
            },
            "est_tgt": [
                0,
                1,
                3,
                5,
                6
            ]
        },
        "1": {
            "intv_type": "do",
            "inode": 1,
            "new_mui": 1.0,
            "new_sigmai": 0.0,
            "true_params": {
                "Si": [
                    [
                        1.0,
                        0.0,
                        0.698059902210866,
                        1.449898373253156,
                        -2.2930741592458177,
                        1.0533580691463933,
                        -2.4208541609099155,
                        -1.8615552298303757
                    ],
                    [
                        0.0,
                        0.0,
                        0.0,
                        0.0,
                        0.0,
                        0.0,
                        0.0,
                        0.0
                    ],
                    [
                        0.698059902210866,
                        0.0,
                        1.4872876270746438,
                        1.966500779906954,
                        -3.0810540656950662,
                        0.5774900127469403,
                        -2.446809389353581,
                        -2.2709824334134585
                    ],
                    [
                        1.449898373253156,
                        0.0,
                        1.966500779906954,
                        4.0130557599784495,
                        -5.699773588027475,
                        1.510648478988065,
                        -5.322721813553187,
                        -4.577093976529223
                    ],
                    [
                        -2.2930741592458177,
                        0.0,
                        -3.0810540656950662,
                        -5.699773588027475,
                        9.375504122126268,
                        -3.2752371058629604,
                        8.240476084975782,
                        7.7175717015188265
                    ],
                    [
                        1.0533580691463933,
                        0.0,
                        0.5774900127469403,
                        1.510648478988065,
                        -3.2752371058629604,
                        3.0826696938105917,
                        -3.077862295385093,
                        -2.9918689753000103
                    ],
                    [
                        -2.4208541609099155,
                        0.0,
                        -2.446809389353581,
                        -5.322721813553187,
                        8.240476084975782,
                        -3.077862295385093,
                        8.892317035635067,
                        7.806492144593419
                    ],
                    [
                        -1.8615552298303757,
                        0.0,
                        -2.2709824334134585,
                        -4.577093976529223,
                        7.7175717015188265,
                        -2.9918689753000103,
                        7.806492144593419,
                        8.432695960308799
                    ]
                ],
                "mui": [
                    0.0,
                    1.0,
                    0.6771881422528575,
                    1.347495800644205,
                    -0.9732036744391309,
                    -1.3014488590227757,
                    -0.25056910885619754,
                    -0.6847392041516493
                ],
                "Ai": [
                    [
                        0.0,
                        0.0,
                        0.0,
                        0.0,
                        0.0,
                        0.0,
                        0.0,
                        0.0
                    ],
                    [
                        0.0,
                        0.0,
                        0.0,
                        0.0,
                        0.0,
                        0.0,
                        0.0,
                        0.0
                    ],
                    [
                        0.698059902210866,
                        0.6771881422528575,
                        0.0,
                        0.0,
                        0.0,
                        0.0,
                        0.0,
                        0.0
                    ],
                    [
                        0.7836805689356328,
                        0.7011976881001627,
                        0.9543848632581621,
                        0.0,
                        0.0,
                        0.0,
                        0.0,
                        0.0
                    ],
                    [
                        -0.5056238321366842,
                        0.7039820691714023,
                        -0.5620183842339582,
                        -0.9622245631187247,
                        0.0,
                        0.0,
                        0.0,
                        0.0
                    ],
                    [
                        0.5708373987100452,
                        -0.6095562620082958,
                        -0.8277706071773823,
                        -0.794052512383806,
                        -0.9644910857335223,
                        0.0,
                        0.0,
                        0.0
                    ],
                    [
                        -0.775265883398113,
                        0.660739851662866,
                        0.5757441261005257,
                        -0.5903478193700389,
                        0.5196289959107749,
                        0.0,
                        0.0,
                        0.0
                    ],
                    [
                        0.8588789177545278,
                        -0.7648275433973839,
                        -0.0,
                        0.6693825787387406,
                        0.5977629662462487,
                        0.0,
                        0.9584451991344656,
                        0.0
                    ]
                ]
            },
            "est_params": {
                "mui": [
                    0.12109700452636296,
                    1.0000052360448852,
                    0.797272694939516,
                    1.5880134291371342,
                    -1.3988811936372618,
                    -1.0826298633217912,
                    -0.6802835715837248,
                    -1.081203880784913
                ],
                "Si": [
                    [
                        1.0316732512304778,
                        -2.583174250070085e-06,
                        0.7133794615011837,
                        1.4082708738506273,
                        -2.249476094090434,
                        1.0221161744976763,
                        -2.467399701550035,
                        -1.8569039503653189
                    ],
                    [
                        -2.583174250070085e-06,
                        1.0126746843636676e-06,
                        -3.1383684881451564e-06,
                        -1.9286441618336024e-06,
                        8.863588629887001e-06,
                        -8.417131022962488e-06,
                        3.7572104341561943e-06,
                        1.902057909366915e-06
                    ],
                    [
                        0.7133794615011837,
                        -3.138368488145157e-06,
                        1.4505952402116953,
                        1.8359257967435452,
                        -2.946031953772486,
                        0.5479351695195047,
                        -2.3551664296388344,
                        -2.2329903301240472
                    ],
                    [
                        1.4082708738506273,
                        -1.9286441618336024e-06,
                        1.8359257967435456,
                        3.6025669570517413,
                        -5.151235661216305,
                        1.323633251988885,
                        -4.910609533942946,
                        -4.254721156639323
                    ],
                    [
                        -2.249476094090434,
                        8.863588629887005e-06,
                        -2.946031953772486,
                        -5.151235661216305,
                        8.68093451744859,
                        -3.0831160755465365,
                        7.726381235180353,
                        7.178488935007475
                    ],
                    [
                        1.0221161744976763,
                        -8.417131022962488e-06,
                        0.5479351695195045,
                        1.323633251988885,
                        -3.083116075546536,
                        3.022199524712105,
                        -2.9331768839590984,
                        -2.7401360850152554
                    ],
                    [
                        -2.467399701550035,
                        3.7572104341561947e-06,
                        -2.3551664296388344,
                        -4.910609533942946,
                        7.726381235180354,
                        -2.9331768839590984,
                        8.60284253262112,
                        7.430153319122154
                    ],
                    [
                        -1.8569039503653184,
                        1.9020579093669155e-06,
                        -2.2329903301240472,
                        -4.254721156639323,
                        7.178488935007475,
                        -2.7401360850152554,
                        7.430153319122154,
                        7.768581150266152
                    ]
                ]
            },
            "est_tgt": [
                0,
                1,
                3,
                7
            ]
        },
        "2": {
            "intv_type": "do",
            "inode": 2,
            "new_mui": 1.0,
            "new_sigmai": 0.0,
            "true_params": {
                "Si": [
                    [
                        1.0,
                        -0.9821511306835455,
                        0.0,
                        0.09499846673536982,
                        -1.288450475505709,
                        2.336778997507273,
                        -2.14981064034499,
                        -1.157018192466794
                    ],
                    [
                        -0.9821511306835455,
                        1.964620843502967,
                        0.0,
                        0.6078948365828161,
                        1.2947255214270472,
                        -3.4896471803505804,
                        2.373439080165979,
                        1.1095194396633885
                    ],
                    [
                        0.0,
                        0.0,
                        0.0,
                        0.0,
                        0.0,
                        0.0,
                        0.0,
                        0.0
                    ],
                    [
                        0.09499846673536982,
                        0.6078948365828161,
                        0.0,
                        1.5007029064790842,
                        -1.0640996224595018,
                        -0.4816397396857046,
                        -1.1108624328145833,
                        -1.0795782650827583
                    ],
                    [
                        -1.288450475505709,
                        1.2947255214270472,
                        0.0,
                        -1.0640996224595018,
                        3.586837612862659,
                        -4.139225691911327,
                        4.34638216405776,
                        3.5006933704267693
                    ],
                    [
                        2.336778997507273,
                        -3.4896471803505804,
                        0.0,
                        -0.4816397396857046,
                        -4.139225691911327,
                        8.835750662328572,
                        -5.9839007141997715,
                        -3.8559294934738397
                    ],
                    [
                        -2.14981064034499,
                        2.373439080165979,
                        0.0,
                        -1.1108624328145833,
                        4.34638216405776,
                        -5.9839007141997715,
                        7.14920204557146,
                        5.04493409590244
                    ],
                    [
                        -1.157018192466794,
                        1.1095194396633885,
                        0.0,
                        -1.0795782650827583,
                        3.5006933704267693,
                        -3.8559294934738397,
                        5.04493409590244,
                        5.36289727380339
                    ]
                ],
                "mui": [
                    0.0,
                    0.0,
                    1.0,
                    0.9543848632581621,
                    -1.480350942329667,
                    -0.1578170179944176,
                    -0.7569081705220374,
                    -0.9715053717179404
                ],
                "Ai": [
                    [
                        0.0,
                        0.0,
                        0.0,
                        0.0,
                        0.0,
                        0.0,
                        0.0,
                        0.0
                    ],
                    [
                        -0.9821511306835455,
                        0.0,
                        0.0,
                        0.0,
                        0.0,
                        0.0,
                        0.0,
                        0.0
                    ],
                    [
                        0.0,
                        0.0,
                        0.0,
                        0.0,
                        0.0,
                        0.0,
                        0.0,
                        0.0
                    ],
                    [
                        0.7836805689356328,
                        0.7011976881001627,
                        0.9543848632581621,
                        0.0,
                        0.0,
                        0.0,
                        0.0,
                        0.0
                    ],
                    [
                        -0.5056238321366842,
                        0.7039820691714023,
                        -0.5620183842339582,
                        -0.9622245631187247,
                        0.0,
                        0.0,
                        0.0,
                        0.0
                    ],
                    [
                        0.5708373987100452,
                        -0.6095562620082958,
                        -0.8277706071773823,
                        -0.794052512383806,
                        -0.9644910857335223,
                        0.0,
                        0.0,
                        0.0
                    ],
                    [
                        -0.775265883398113,
                        0.660739851662866,
                        0.5757441261005257,
                        -0.5903478193700389,
                        0.5196289959107749,
                        0.0,
                        0.0,
                        0.0
                    ],
                    [
                        0.8588789177545278,
                        -0.7648275433973839,
                        -0.0,
                        0.6693825787387406,
                        0.5977629662462487,
                        0.0,
                        0.9584451991344656,
                        0.0
                    ]
                ]
            },
            "est_params": {
                "mui": [
                    -0.047231812052814855,
                    0.039219665347087394,
                    1.0000028092472553,
                    0.9889398873381152,
                    -1.3437338261076373,
                    -0.4213162715208787,
                    -0.8128491302558842,
                    -1.0889541427224487
                ],
                "Si": [
                    [
                        0.9868692197731996,
                        -0.955822880674612,
                        5.370766034408358e-06,
                        0.06900684024254775,
                        -1.253369135272878,
                        2.3653090693648027,
                        -2.1072345236250225,
                        -1.2009818853023575
                    ],
                    [
                        -0.955822880674612,
                        2.0057290141924864,
                        -4.010372664944969e-06,
                        0.7004875251262798,
                        1.177295120332873,
                        -3.5784843390319483,
                        2.3662904263405635,
                        1.0909598085696464
                    ],
                    [
                        5.370766034408358e-06,
                        -4.010372664944969e-06,
                        1.0098221317862289e-06,
                        1.5423803214107628e-06,
                        -1.373364557678562e-05,
                        1.020524654710426e-05,
                        -1.0876950905086325e-05,
                        -9.313364112214038e-06
                    ],
                    [
                        0.06900684024254773,
                        0.7004875251262798,
                        1.542380321410762e-06,
                        1.594247315804618,
                        -1.1464615721451288,
                        -0.5311778868660242,
                        -1.0547570896768845,
                        -1.1351045941697195
                    ],
                    [
                        -1.253369135272878,
                        1.177295120332873,
                        -1.373364557678562e-05,
                        -1.1464615721451288,
                        3.639220467500442,
                        -4.0886243655794425,
                        4.257568627717769,
                        3.602078781645088
                    ],
                    [
                        2.3653090693648022,
                        -3.5784843390319483,
                        1.020524654710426e-05,
                        -0.5311778868660242,
                        -4.0886243655794425,
                        9.053872106027372,
                        -6.072799313292152,
                        -3.8516000446412857
                    ],
                    [
                        -2.1072345236250225,
                        2.3662904263405635,
                        -1.0876950905086325e-05,
                        -1.0547570896768845,
                        4.257568627717769,
                        -6.072799313292151,
                        6.8912115076687845,
                        4.895720621012811
                    ],
                    [
                        -1.2009818853023575,
                        1.0909598085696466,
                        -9.313364112214038e-06,
                        -1.1351045941697198,
                        3.602078781645088,
                        -3.8516000446412857,
                        4.895720621012811,
                        5.193771944938002
                    ]
                ]
            },
            "est_tgt": [
                2,
                3,
                4,
                5
            ]
        },
        "3": {
            "intv_type": "do",
            "inode": 3,
            "new_mui": 1.0,
            "new_sigmai": 0.0,
            "true_params": {
                "Si": [
                    [
                        1.0,
                        -0.9821511306835455,
                        0.03295880261173234,
                        0.0,
                        -1.2155640703444506,
                        2.314632152592154,
                        -2.036878776127765,
                        -1.0688007142698177
                    ],
                    [
                        -0.9821511306835455,
                        1.964620843502967,
                        0.6448176170017688,
                        0.0,
                        1.5172575097471506,
                        -3.7553379474663746,
                        3.219192500392661,
                        1.6462349130403355
                    ],
                    [
                        0.03295880261173234,
                        0.6448176170017688,
                        1.4596700626774755,
                        0.0,
                        -0.383086125964778,
                        -1.2130273196491799,
                        1.0418386670337392,
                        0.3046839164734803
                    ],
                    [
                        0.0,
                        0.0,
                        0.0,
                        0.0,
                        0.0,
                        0.0,
                        0.0,
                        0.0
                    ],
                    [
                        -1.2155640703444506,
                        1.5172575097471506,
                        -0.383086125964778,
                        0.0,
                        2.898041690170046,
                        -4.096771189188333,
                        3.230244761503097,
                        2.6238918936333633
                    ],
                    [
                        2.314632152592154,
                        -3.7553379474663746,
                        -1.2130273196491799,
                        0.0,
                        -4.096771189188333,
                        9.565776011962669,
                        -7.102951232475502,
                        -4.396512951327906
                    ],
                    [
                        -2.036878776127765,
                        3.219192500392661,
                        1.0418386670337392,
                        0.0,
                        3.230244761503097,
                        -7.102951232475502,
                        6.984532733788188,
                        4.413653226597928
                    ],
                    [
                        -1.0688007142698177,
                        1.6462349130403355,
                        0.3046839164734803,
                        0.0,
                        2.6238918936333633,
                        -4.396512951327906,
                        4.413653226597928,
                        4.62165394196192
                    ]
                ],
                "mui": [
                    0.0,
                    0.0,
                    0.0,
                    1.0,
                    -0.9622245631187247,
                    0.13400450121803686,
                    -1.090347602944106,
                    -0.9508380557356598
                ],
                "Ai": [
                    [
                        0.0,
                        0.0,
                        0.0,
                        0.0,
                        0.0,
                        0.0,
                        0.0,
                        0.0
                    ],
                    [
                        -0.9821511306835455,
                        0.0,
                        0.0,
                        0.0,
                        0.0,
                        0.0,
                        0.0,
                        0.0
                    ],
                    [
                        0.698059902210866,
                        0.6771881422528575,
                        0.0,
                        0.0,
                        0.0,
                        0.0,
                        0.0,
                        0.0
                    ],
                    [
                        0.0,
                        0.0,
                        0.0,
                        0.0,
                        0.0,
                        0.0,
                        0.0,
                        0.0
                    ],
                    [
                        -0.5056238321366842,
                        0.7039820691714023,
                        -0.5620183842339582,
                        -0.9622245631187247,
                        0.0,
                        0.0,
                        0.0,
                        0.0
                    ],
                    [
                        0.5708373987100452,
                        -0.6095562620082958,
                        -0.8277706071773823,
                        -0.794052512383806,
                        -0.9644910857335223,
                        0.0,
                        0.0,
                        0.0
                    ],
                    [
                        -0.775265883398113,
                        0.660739851662866,
                        0.5757441261005257,
                        -0.5903478193700389,
                        0.5196289959107749,
                        0.0,
                        0.0,
                        0.0
                    ],
                    [
                        0.8588789177545278,
                        -0.7648275433973839,
                        -0.0,
                        0.6693825787387406,
                        0.5977629662462487,
                        0.0,
                        0.9584451991344656,
                        0.0
                    ]
                ]
            },
            "est_params": {
                "mui": [
                    0.038542926021465376,
                    -0.08727254547347875,
                    0.03514872145986831,
                    0.9999968091457399,
                    -1.072202587470368,
                    0.2847493825204517,
                    -1.305942674064347,
                    -1.1073334207148566
                ],
                "Si": [
                    [
                        0.9655116376438625,
                        -1.021408199161814,
                        0.021503539006018202,
                        2.781038495986557e-07,
                        -1.2628099541201454,
                        2.375487426697003,
                        -2.03936722653122,
                        -1.1015398845200723
                    ],
                    [
                        -1.021408199161814,
                        2.161002109070689,
                        0.6745466430914245,
                        4.9974436958680694e-06,
                        1.6966645314308268,
                        -3.9809860538750166,
                        3.4181834132168567,
                        1.8338539981269049
                    ],
                    [
                        0.021503539006018205,
                        0.6745466430914245,
                        1.5380640971612998,
                        -4.782153798322536e-07,
                        -0.41865362032548353,
                        -1.2161033585083376,
                        0.9745891603522268,
                        0.2097907558350776
                    ],
                    [
                        2.7810384959865575e-07,
                        4.9974436958680694e-06,
                        -4.782153798322538e-07,
                        1.0087218836212909e-06,
                        7.149916017161556e-06,
                        -3.7303406196762586e-06,
                        1.2021087445199411e-05,
                        5.158300398820001e-06
                    ],
                    [
                        -1.2628099541201454,
                        1.6966645314308268,
                        -0.41865362032548353,
                        7.149916017161556e-06,
                        3.1481319518354764,
                        -4.3562549287447965,
                        3.460801332527576,
                        2.8074493002362857
                    ],
                    [
                        2.375487426697003,
                        -3.9809860538750166,
                        -1.2161033585083376,
                        -3.7303406196762586e-06,
                        -4.3562549287447965,
                        9.78943601392805,
                        -7.327290649452702,
                        -4.5649323285634935
                    ],
                    [
                        -2.03936722653122,
                        3.4181834132168567,
                        0.9745891603522268,
                        1.2021087445199411e-05,
                        3.460801332527576,
                        -7.327290649452703,
                        6.969268656829168,
                        4.35272512417898
                    ],
                    [
                        -1.1015398845200726,
                        1.8338539981269049,
                        0.2097907558350776,
                        5.158300398820001e-06,
                        2.8074493002362857,
