{
    "expt_args": {
        "save_dir": "all_expt_logs/expt_logs_30.04.24-igsp",
        "exp_name": "62",
        "num_nodes": 6,
        "obs_noise_mean": 0.0,
        "obs_noise_var": 1.0,
        "max_edge_strength": 1.0,
        "graph_sparsity_method": "adj_dense_prop",
        "adj_dense_prop": 0.8,
        "num_parents": null,
        "new_noise_mean": 1.0,
        "mix_samples": 65536,
        "stage2_samples": 65536,
        "gmm_tol": 0.001,
        "intv_type": "do",
        "new_noise_sigma": 0.0,
        "intv_targets": [
            0,
            1,
            2,
            3,
            4,
            5
        ]
    },
    "intv_args_dict": {
        "0": {
            "intv_type": "do",
            "inode": 0,
            "new_mui": 1.0,
            "new_sigmai": 0.0,
            "true_params": {
                "Si": [
                    [
                        0.0,
                        0.0,
                        0.0,
                        0.0,
                        0.0,
                        0.0
                    ],
                    [
                        0.0,
                        1.0,
                        -0.9167539024237346,
                        -0.005766714954191454,
                        -0.005695118314836674,
                        0.0013913695279712257
                    ],
                    [
                        0.0,
                        -0.9167539024237346,
                        1.8404377176091462,
                        0.8445546317380037,
                        0.8340690651954775,
                        -0.20377070631055247
                    ],
                    [
                        0.0,
                        -0.005766714954191454,
                        0.8445546317380037,
                        1.7044039860077531,
                        1.683242961322052,
                        -0.4112316610621136
                    ],
                    [
                        0.0,
                        -0.005695118314836674,
                        0.8340690651954775,
                        1.683242961322052,
                        2.6623446613010575,
                        -1.295224355928872
                    ],
                    [
                        0.0,
                        0.0013913695279712257,
                        -0.20377070631055247,
                        -0.4112316610621136,
                        -1.295224355928872,
                        1.8897161621588514
                    ]
                ],
                "mui": [
                    1.0,
                    -0.624275824548898,
                    1.0912230701022865,
                    0.9737611315709671,
                    1.4896710640493693,
                    -1.6534697117695958
                ],
                "Ai": [
                    [
                        0.0,
                        0.0,
                        0.0,
                        0.0,
                        0.0,
                        0.0
                    ],
                    [
                        -0.624275824548898,
                        0.0,
                        0.0,
                        0.0,
                        0.0,
                        0.0
                    ],
                    [
                        0.5189157717582896,
                        -0.9167539024237346,
                        0.0,
                        0.0,
                        0.0,
                        0.0
                    ],
                    [
                        0.5346517227612319,
                        0.7636354747474603,
                        0.8392679732995834,
                        0.0,
                        0.0,
                        0.0
                    ],
                    [
                        0.5279996620919869,
                        -0.0,
                        0.0,
                        0.9875845017616587,
                        0.0,
                        0.0
                    ],
                    [
                        -0.9490809632032907,
                        -0.0,
                        -0.0,
                        0.6367838094568624,
                        -0.8890983408302253,
                        0.0
                    ]
                ]
            },
            "est_params": {
                "mui": [
                    0.9999984278222165,
                    -0.6198352292053044,
                    1.0838634649513716,
                    0.9565906373540717,
                    1.4733140065357733,
                    -1.6544331031241537
                ],
                "Si": [
                    [
                        1.0088745323727338e-06,
                        8.403292190059348e-07,
                        -8.362237023797915e-07,
                        -6.818169351037393e-07,
                        1.2715621704925338e-06,
                        -1.5060952839120004e-06
                    ],
                    [
                        8.403292190059348e-07,
                        0.9833656663361622,
                        -0.8996935840807343,
                        0.0013226472879500442,
                        -0.0014868525444930304,
                        0.0061421983220794965
                    ],
                    [
                        -8.362237023797913e-07,
                        -0.8996935840807343,
                        1.8125328987564062,
                        0.826837422457358,
                        0.8163856815000976,
                        -0.21354497879286438
                    ],
                    [
                        -6.818169351037392e-07,
                        0.0013226472879500403,
                        0.826837422457358,
                        1.6984422427967203,
                        1.687222980466426,
                        -0.4247210894864822
                    ],
                    [
                        1.2715621704925338e-06,
                        -0.0014868525444930183,
                        0.8163856815000976,
                        1.6872229804664256,
                        2.6757400538600624,
                        -1.289515459022566
                    ],
                    [
                        -1.5060952839120004e-06,
                        0.006142198322079496,
                        -0.21354497879286435,
                        -0.4247210894864822,
                        -1.289515459022566,
                        1.8535603980217803
                    ]
                ]
            },
            "est_tgt": [
                0
            ]
        },
        "1": {
            "intv_type": "do",
            "inode": 1,
            "new_mui": 1.0,
            "new_sigmai": 0.0,
            "true_params": {
                "Si": [
                    [
                        1.0,
                        0.0,
                        0.5189157717582896,
                        0.9701611108380008,
                        1.4861157393674713,
                        -1.6526011134102696
                    ],
                    [
                        0.0,
                        0.0,
                        0.0,
                        0.0,
                        0.0,
                        0.0
                    ],
                    [
                        0.5189157717582896,
                        0.0,
                        1.2692735781795013,
                        1.3426998748599641,
                        1.6000169390715988,
                        -1.06005594503997
                    ],
                    [
                        0.9701611108380008,
                        0.0,
                        1.3426998748599641,
                        2.6455833119888137,
                        3.1249818157366827,
                        -2.014512969388874
                    ],
                    [
                        1.4861157393674713,
                        0.0,
                        1.6000169390715988,
                        3.1249818157366827,
                        4.870852217724163,
                        -3.7511729574499997
                    ],
                    [
                        -1.6526011134102696,
                        0.0,
                        -1.06005594503997,
                        -2.014512969388874,
                        -3.7511729574499997,
                        4.620804666294552
                    ]
                ],
                "mui": [
                    0.0,
                    1.0,
                    -0.9167539024237346,
                    -0.005766714954191454,
                    -0.005695118314836674,
                    0.0013913695279712257
                ],
                "Ai": [
                    [
                        0.0,
                        0.0,
                        0.0,
                        0.0,
                        0.0,
                        0.0
                    ],
                    [
                        0.0,
                        0.0,
                        0.0,
                        0.0,
                        0.0,
                        0.0
                    ],
                    [
                        0.5189157717582896,
                        -0.9167539024237346,
                        0.0,
                        0.0,
                        0.0,
                        0.0
                    ],
                    [
                        0.5346517227612319,
                        0.7636354747474603,
                        0.8392679732995834,
                        0.0,
                        0.0,
                        0.0
                    ],
                    [
                        0.5279996620919869,
                        -0.0,
                        0.0,
                        0.9875845017616587,
                        0.0,
                        0.0
                    ],
                    [
                        -0.9490809632032907,
                        -0.0,
                        -0.0,
                        0.6367838094568624,
                        -0.8890983408302253,
                        0.0
                    ]
                ]
            },
            "est_params": {
                "mui": [
                    0.013007349203756007,
                    1.0000003358089797,
                    -0.9201964645746705,
                    -0.005420760947276983,
                    0.0012924248575706602,
                    -0.032894422904234756
                ],
                "Si": [
                    [
                        0.9858846003838934,
                        7.902600382457293e-07,
                        0.4982318306465899,
                        0.9558797515342844,
                        1.4606441270513268,
                        -1.6010012536331488
                    ],
                    [
                        7.902600382457293e-07,
                        1.0117965162642561e-06,
                        9.719087770442237e-07,
                        1.3740839657785748e-06,
                        1.4465756097522931e-06,
                        -8.488268935536103e-07
                    ],
                    [
                        0.4982318306465899,
                        9.719087770442237e-07,
                        1.2763398564868451,
                        1.3516077451748056,
                        1.5856529650224784,
                        -1.0170358471124246
                    ],
                    [
                        0.9558797515342844,
                        1.374083965778575e-06,
                        1.3516077451748056,
                        2.672547580046161,
                        3.1566041508902742,
                        -2.0005547841858315
                    ],
                    [
                        1.4606441270513268,
                        1.4465756097522931e-06,
                        1.5856529650224784,
                        3.1566041508902742,
                        4.9026841723149355,
                        -3.7060599823377807
                    ],
                    [
                        -1.601001253633149,
                        -8.488268935536107e-07,
                        -1.0170358471124246,
                        -2.0005547841858315,
                        -3.70605998233778,
                        4.476090663701768
                    ]
                ]
            },
            "est_tgt": [
                1
            ]
        },
        "2": {
            "intv_type": "do",
            "inode": 2,
            "new_mui": 1.0,
            "new_sigmai": 0.0,
            "true_params": {
                "Si": [
                    [
                        1.0,
                        -0.624275824548898,
                        0.0,
                        0.05793255710847195,
                        0.585212957639736,
                        -1.4325023184660188
                    ],
                    [
                        -0.624275824548898,
                        1.3897203051162064,
                        0.0,
                        0.7274695798903429,
                        0.3888202581887527,
                        0.7100297047771525
                    ],
                    [
                        0.0,
                        0.0,
                        0.0,
                        0.0,
                        0.0,
                        0.0
                    ],
                    [
                        0.05793255710847195,
                        0.7274695798903429,
                        0.0,
                        1.5864953194659055,
                        1.5973865601993378,
                        -0.46496189422408896
                    ],
                    [
                        0.585212957639736,
                        0.3888202581887527,
                        0.0,
                        1.5973865601993378,
                        2.8865464540608654,
                        -2.1046482415717254
                    ],
                    [
                        -1.4325023184660188,
                        0.7100297047771525,
                        0.0,
                        -0.46496189422408896,
                        -2.1046482415717254,
                        3.934719733557054
                    ]
                ],
                "mui": [
                    0.0,
                    0.0,
                    1.0,
                    0.8392679732995834,
                    0.8288480432555861,
                    -0.2024951628660714
                ],
                "Ai": [
                    [
                        0.0,
                        0.0,
                        0.0,
                        0.0,
                        0.0,
                        0.0
                    ],
                    [
                        -0.624275824548898,
                        0.0,
                        0.0,
                        0.0,
                        0.0,
                        0.0
                    ],
                    [
                        0.0,
                        0.0,
                        0.0,
                        0.0,
                        0.0,
                        0.0
                    ],
                    [
                        0.5346517227612319,
                        0.7636354747474603,
                        0.8392679732995834,
                        0.0,
                        0.0,
                        0.0
                    ],
                    [
                        0.5279996620919869,
                        -0.0,
                        0.0,
                        0.9875845017616587,
                        0.0,
                        0.0
                    ],
                    [
                        -0.9490809632032907,
                        -0.0,
                        -0.0,
                        0.6367838094568624,
                        -0.8890983408302253,
                        0.0
                    ]
                ]
            },
            "est_params": {
                "mui": [
                    0.009953416905817691,
                    0.0008455821154835432,
                    0.9999987596221165,
                    0.8558076818315195,
                    0.8407403295664164,
                    -0.20880590821019815
                ],
                "Si": [
                    [
                        1.0010325796159028,
                        -0.6235130984011216,
                        -4.420049681679354e-08,
                        0.08258242587035576,
                        0.5996985746222365,
                        -1.4494903968934783
                    ],
                    [
                        -0.6235130984011217,
                        1.3984154179946546,
                        -6.897210440186621e-07,
                        0.707973778123209,
                        0.3777443980633715,
                        0.7034287734773185
                    ],
                    [
                        -4.4200496816793446e-08,
                        -6.89721044018662e-07,
                        1.0138978673732226e-06,
                        -4.0195367896709947e-07,
                        -1.543491954763242e-06,
                        6.326752880080062e-07
                    ],
                    [
                        0.08258242587035576,
                        0.707973778123209,
                        -4.019536789670997e-07,
                        1.549647818590794,
                        1.5871767483950634,
                        -0.5180067352908796
                    ],
                    [
                        0.5996985746222366,
                        0.3777443980633715,
                        -1.5434919547632423e-06,
                        1.5871767483950634,
                        2.8908537553416043,
                        -2.1301649225051937
                    ],
                    [
                        -1.4494903968934783,
                        0.7034287734773185,
                        6.326752880080062e-07,
                        -0.5180067352908795,
                        -2.1301649225051937,
                        3.944012536761179
                    ]
                ]
            },
            "est_tgt": [
                2,
                3,
                4
            ]
        },
        "3": {
            "intv_type": "do",
            "inode": 3,
            "new_mui": 1.0,
            "new_sigmai": 0.0,
            "true_params": {
                "Si": [
                    [
                        1.0,
                        -0.624275824548898,
                        1.0912230701022865,
                        0.0,
                        0.5279996620919869,
                        -1.418524586728196
                    ],
                    [
                        -0.624275824548898,
                        1.3897203051162064,
                        -1.5979780842786193,
                        0.0,
                        -0.32961742441401465,
                        0.8855506060226292
                    ],
                    [
                        1.0912230701022865,
                        -1.5979780842786193,
                        3.031205506332606,
                        0.0,
                        0.5761654122809878,
                        -1.5479267545451192
                    ],
                    [
                        0.0,
                        0.0,
                        0.0,
                        0.0,
                        0.0,
                        0.0
                    ],
                    [
                        0.5279996620919869,
                        -0.32961742441401465,
                        0.5761654122809878,
                        0.0,
                        1.2787836431692523,
                        -1.638078843291888
                    ],
                    [
                        -1.418524586728196,
                        0.8855506060226292,
                        -1.5479267545451192,
                        0.0,
                        -1.638078843291888,
                        3.802707862819459
                    ]
                ],
                "mui": [
                    0.0,
                    0.0,
                    0.0,
                    1.0,
                    0.9875845017616587,
                    -0.24127593248907309
                ],
                "Ai": [
                    [
                        0.0,
                        0.0,
                        0.0,
                        0.0,
                        0.0,
                        0.0
                    ],
                    [
                        -0.624275824548898,
                        0.0,
                        0.0,
                        0.0,
                        0.0,
                        0.0
                    ],
                    [
                        0.5189157717582896,
                        -0.9167539024237346,
                        0.0,
                        0.0,
                        0.0,
                        0.0
                    ],
                    [
                        0.0,
                        0.0,
                        0.0,
                        0.0,
                        0.0,
                        0.0
                    ],
                    [
                        0.5279996620919869,
                        -0.0,
                        0.0,
                        0.9875845017616587,
                        0.0,
                        0.0
                    ],
                    [
                        -0.9490809632032907,
                        -0.0,
                        -0.0,
                        0.6367838094568624,
                        -0.8890983408302253,
                        0.0
                    ]
                ]
            },
            "est_params": {
                "mui": [
                    0.007735340975396138,
                    -0.006406632020813146,
                    0.00482757490368998,
                    1.000000586699261,
                    1.0108774548051722,
                    -0.2733416500705421
                ],
                "Si": [
                    [
                        1.0121083771767332,
                        -0.6085876136514103,
                        1.085400046474962,
                        -4.827060340770764e-07,
                        0.5289133534648925,
                        -1.4378328979643735
                    ],
                    [
                        -0.6085876136514103,
                        1.372560601124609,
                        -1.5895762028030316,
                        -3.9608355634025554e-07,
                        -0.31193896708447966,
                        0.8568258793756838
                    ],
                    [
                        1.085400046474962,
                        -1.589576202803032,
                        3.0310241783026712,
                        1.7308271039214795e-06,
                        0.5541909609789948,
                        -1.5293994011530414
                    ],
                    [
                        -4.827060340770763e-07,
                        -3.960835563402558e-07,
                        1.73082710392148e-06,
                        1.0118277461451163e-06,
                        -6.479786101130597e-07,
                        4.4483948851070703e-07
                    ],
                    [
                        0.5289133534648925,
                        -0.3119389670844796,
                        0.5541909609789948,
                        -6.4797861011306e-07,
                        1.2526951069029644,
                        -1.6300547284746716
                    ],
                    [
                        -1.4378328979643735,
                        0.8568258793756838,
                        -1.5293994011530416,
                        4.448394885107068e-07,
                        -1.6300547284746718,
                        3.8427756429673625
                    ]
                ]
            },
            "est_tgt": [
                2,
                3,
                4
            ]
        },
        "4": {
            "intv_type": "do",
            "inode": 4,
            "new_mui": 1.0,
            "new_sigmai": 0.0,
            "true_params": {
                "Si": [
                    [
                        1.0,
                        -0.624275824548898,
                        1.0912230701022865,
                        0.9737611315709671,
                        0.0,
                        -0.3290056403405053
                    ],
                    [
                        -0.624275824548898,
                        1.3897203051162064,
                        -1.5979780842786193,
                        -0.6136622482793248,
                        0.0,
                        0.2017181166882252
                    ],
                    [
                        1.0912230701022865,
                        -1.5979780842786193,
                        3.031205506332606,
                        1.907145243277151,
                        0.0,
                        0.17878017075922875
                    ],
                    [
                        0.9737611315709671,
                        -0.6136622482793248,
                        1.907145243277151,
                        2.6526147273661236,
                        0.0,
                        0.7649639584322768
                    ],
                    [
                        0.0,
                        0.0,
                        0.0,
                        0.0,
                        0.0,
                        0.0
                    ],
                    [
                        -0.3290056403405053,
                        0.2017181166882252,
                        0.17878017075922875,
                        0.7649639584322768,
                        0.0,
                        1.7993696535813883
                    ]
                ],
                "mui": [
                    0.0,
                    0.0,
                    0.0,
                    0.0,
                    1.0,
                    -0.8890983408302253
                ],
                "Ai": [
                    [
                        0.0,
                        0.0,
                        0.0,
                        0.0,
                        0.0,
                        0.0
                    ],
                    [
                        -0.624275824548898,
                        0.0,
                        0.0,
                        0.0,
                        0.0,
                        0.0
                    ],
                    [
                        0.5189157717582896,
                        -0.9167539024237346,
                        0.0,
                        0.0,
                        0.0,
                        0.0
                    ],
                    [
                        0.5346517227612319,
                        0.7636354747474603,
                        0.8392679732995834,
                        0.0,
                        0.0,
                        0.0
                    ],
                    [
                        0.0,
                        0.0,
                        0.0,
                        0.0,
                        0.0,
                        0.0
                    ],
                    [
                        -0.9490809632032907,
                        -0.0,
                        -0.0,
                        0.6367838094568624,
                        -0.8890983408302253,
                        0.0
                    ]
                ]
            },
            "est_params": {
                "mui": [
                    0.001152115152970452,
                    -0.002717937560801158,
                    0.00973258994520701,
                    0.012466901806197242,
                    0.9999992523720079,
                    -0.8780971139138282
                ],
                "Si": [
                    [
                        0.9974443999640549,
                        -0.6527717890806886,
                        1.1177825276870064,
                        0.9790484215972013,
                        4.653476368471899e-07,
                        -0.3288498095954686
                    ],
                    [
                        -0.6527717890806886,
                        1.4263617382993052,
                        -1.6460599620915335,
                        -0.6595830325951179,
                        -6.170993588717929e-07,
                        0.22070177851942496
                    ],
                    [
                        1.1177825276870061,
                        -1.6460599620915335,
                        3.08784418752834,
                        1.9788930577018284,
                        1.582203171998704e-06,
                        0.16025674017926983
                    ],
                    [
                        0.9790484215972013,
                        -0.6595830325951179,
                        1.9788930577018284,
                        2.713308813317196,
                        -6.048491681567676e-07,
                        0.794270071954357
                    ],
                    [
                        4.653476368471898e-07,
                        -6.170993588717929e-07,
                        1.582203171998704e-06,
                        -6.048491681567677e-07,
                        1.004972412219953e-06,
                        -6.900455198194864e-07
                    ],
                    [
                        -0.32884980959546867,
                        0.22070177851942496,
                        0.16025674017926983,
                        0.794270071954357,
                        -6.900455198194864e-07,
                        1.8146570276946552
                    ]
                ]
            },
            "est_tgt": [
                3,
                4
            ]
        },
        "5": {
            "intv_type": "do",
            "inode": 5,
            "new_mui": 1.0,
            "new_sigmai": 0.0,
            "true_params": {
                "Si": [
                    [
                        1.0,
                        -0.624275824548898,
                        1.0912230701022865,
                        0.9737611315709671,
                        1.4896710640493693,
                        0.0
                    ],
                    [
                        -0.624275824548898,
                        1.3897203051162064,
                        -1.5979780842786193,
                        -0.6136622482793248,
                        -0.9356607501308909,
                        0.0
                    ],
                    [
                        1.0912230701022865,
                        -1.5979780842786193,
                        3.031205506332606,
                        1.907145243277151,
                        2.45963249714997,
                        0.0
                    ],
                    [
                        0.9737611315709671,
                        -0.6136622482793248,
                        1.907145243277151,
                        2.6526147273661236,
                        3.1338267423192923,
                        0.0
                    ],
                    [
                        1.4896710640493693,
                        -0.9356607501308909,
                        2.45963249714997,
                        3.1338267423192923,
                        4.881464540367038,
                        0.0
                    ],
                    [
                        0.0,
                        0.0,
                        0.0,
                        0.0,
                        0.0,
                        0.0
                    ]
                ],
                "mui": [
                    0.0,
                    0.0,
                    0.0,
                    0.0,
                    0.0,
                    1.0
                ],
                "Ai": [
                    [
                        0.0,
                        0.0,
                        0.0,
                        0.0,
                        0.0,
                        0.0
                    ],
                    [
                        -0.624275824548898,
                        0.0,
                        0.0,
                        0.0,
                        0.0,
                        0.0
                    ],
                    [
                        0.5189157717582896,
                        -0.9167539024237346,
                        0.0,
                        0.0,
                        0.0,
                        0.0
                    ],
                    [
                        0.5346517227612319,
                        0.7636354747474603,
                        0.8392679732995834,
                        0.0,
                        0.0,
                        0.0
                    ],
                    [
                        0.5279996620919869,
                        -0.0,
                        0.0,
                        0.9875845017616587,
                        0.0,
                        0.0
                    ],
                    [
                        0.0,
                        0.0,
                        0.0,
                        0.0,
                        0.0,
                        0.0
                    ]
                ]
            },
            "est_params": {
                "mui": [
                    -0.00505038234898275,
                    -0.0017698903176812868,
                    -0.009686080784302848,
                    0.006592681525149748,
                    0.009035833303432696,
                    1.0000009745461713
                ],
                "Si": [
                    [
                        0.9605196830831471,
                        -0.5827982135039851,
                        1.0251925758695422,
                        0.9139320686054287,
                        1.394054368393016,
                        4.24785216622449e-07
                    ],
                    [
                        -0.5827982135039851,
                        1.3475627155383818,
                        -1.5426115352685763,
                        -0.5820916013211143,
                        -0.8838150558432507,
                        -1.9759486786265995e-07
                    ],
                    [
                        1.0251925758695422,
                        -1.5426115352685763,
                        2.9314915846095975,
                        1.8372591218877825,
                        2.3576213489223123,
                        7.108129236299718e-07
                    ],
                    [
                        0.9139320686054285,
                        -0.5820916013211143,
                        1.8372591218877825,
                        2.6066357511522793,
                        3.050587761914024,
                        -5.240526566666328e-07
                    ],
                    [
                        1.394054368393016,
                        -0.8838150558432507,
                        2.3576213489223123,
                        3.050587761914024,
                        4.7501295406692865,
                        2.6682545622660915e-07
                    ],
                    [
                        4.247852166224488e-07,
                        -1.9759486786266003e-07,
                        7.108129236299716e-07,
                        -5.240526566666325e-07,
                        2.668254562266089e-07,
                        1.0086122598018264e-06
                    ]
                ]
            },
            "est_tgt": [
                5
            ]
        },
        "obs": {
            "intv_type": "obs",
            "true_params": {
                "Si": [
                    [
                        1.0,
                        -0.624275824548898,
                        1.0912230701022865,
                        0.9737611315709671,
                        1.4896710640493693,
                        -1.6534697117695958
                    ],
                    [
                        -0.624275824548898,
                        1.3897203051162064,
                        -1.5979780842786193,
                        -0.6136622482793248,
                        -0.9356607501308909,
                        1.0336125372095644
                    ],
                    [
                        1.0912230701022865,
                        -1.5979780842786193,
                        3.031205506332606,
                        1.907145243277151,
                        2.45963249714997,
                        -2.0080750015089137
                    ],
                    [
                        0.9737611315709671,
                        -0.6136622482793248,
                        1.907145243277151,
                        2.6526147273661236,
                        3.1338267423192923,
                        -2.021316198613196
                    ],
                    [
                        1.4896710640493693,
                        -0.9356607501308909,
                        2.45963249714997,
                        3.1338267423192923,
                        4.881464540367038,
                        -3.75835034083409
                    ],
                    [
                        -1.6534697117695958,
                        1.0336125372095644,
                        -2.0080750015089137,
                        -2.021316198613196,
                        -3.75835034083409,
                        4.623678249898282
                    ]
                ],
                "mui": [
                    0.0,
                    0.0,
                    0.0,
                    0.0,
                    0.0,
                    0.0
                ],
                "Ai": [
                    [
                        0.0,
                        0.0,
                        0.0,
                        0.0,
                        0.0,
                        0.0
                    ],
                    [
                        -0.624275824548898,
                        0.0,
                        0.0,
                        0.0,
                        0.0,
                        0.0
                    ],
                    [
                        0.5189157717582896,
                        -0.9167539024237346,
                        0.0,
                        0.0,
                        0.0,
                        0.0
                    ],
                    [
                        0.5346517227612319,
                        0.7636354747474603,
                        0.8392679732995834,
                        0.0,
                        0.0,
                        0.0
                    ],
                    [
                        0.5279996620919869,
                        -0.0,
                        0.0,
                        0.9875845017616587,
                        0.0,
                        0.0
                    ],
                    [
                        -0.9490809632032907,
                        -0.0,
