{
    "expt_args": {
        "save_dir": "all_expt_logs/expt_logs_30.04.24-igsp",
        "exp_name": "8",
        "num_nodes": 6,
        "obs_noise_mean": 0.0,
        "obs_noise_var": 1.0,
        "max_edge_strength": 1.0,
        "graph_sparsity_method": "adj_dense_prop",
        "adj_dense_prop": 0.8,
        "num_parents": null,
        "new_noise_mean": 1.0,
        "mix_samples": 1024,
        "stage2_samples": 1024,
        "gmm_tol": 0.001,
        "intv_type": "do",
        "new_noise_sigma": 0.0,
        "intv_targets": [
            0,
            1,
            2,
            3,
            4,
            5
        ]
    },
    "intv_args_dict": {
        "0": {
            "intv_type": "do",
            "inode": 0,
            "new_mui": 1.0,
            "new_sigmai": 0.0,
            "true_params": {
                "Si": [
                    [
                        0.0,
                        0.0,
                        0.0,
                        0.0,
                        0.0,
                        0.0
                    ],
                    [
                        0.0,
                        1.0,
                        -0.9167539024237346,
                        -0.005766714954191454,
                        -0.005695118314836674,
                        0.0013913695279712257
                    ],
                    [
                        0.0,
                        -0.9167539024237346,
                        1.8404377176091462,
                        0.8445546317380037,
                        0.8340690651954775,
                        -0.20377070631055247
                    ],
                    [
                        0.0,
                        -0.005766714954191454,
                        0.8445546317380037,
                        1.7044039860077531,
                        1.683242961322052,
                        -0.4112316610621136
                    ],
                    [
                        0.0,
                        -0.005695118314836674,
                        0.8340690651954775,
                        1.683242961322052,
                        2.6623446613010575,
                        -1.295224355928872
                    ],
                    [
                        0.0,
                        0.0013913695279712257,
                        -0.20377070631055247,
                        -0.4112316610621136,
                        -1.295224355928872,
                        1.8897161621588514
                    ]
                ],
                "mui": [
                    1.0,
                    -0.624275824548898,
                    1.0912230701022865,
                    0.9737611315709671,
                    1.4896710640493693,
                    -1.6534697117695958
                ],
                "Ai": [
                    [
                        0.0,
                        0.0,
                        0.0,
                        0.0,
                        0.0,
                        0.0
                    ],
                    [
                        -0.624275824548898,
                        0.0,
                        0.0,
                        0.0,
                        0.0,
                        0.0
                    ],
                    [
                        0.5189157717582896,
                        -0.9167539024237346,
                        0.0,
                        0.0,
                        0.0,
                        0.0
                    ],
                    [
                        0.5346517227612319,
                        0.7636354747474603,
                        0.8392679732995834,
                        0.0,
                        0.0,
                        0.0
                    ],
                    [
                        0.5279996620919869,
                        -0.0,
                        0.0,
                        0.9875845017616587,
                        0.0,
                        0.0
                    ],
                    [
                        -0.9490809632032907,
                        -0.0,
                        -0.0,
                        0.6367838094568624,
                        -0.8890983408302253,
                        0.0
                    ]
                ]
            },
            "est_params": {
                "mui": [
                    0.9999999999983944,
                    -0.562111727369108,
                    0.9583078275814783,
                    0.9360781933743195,
                    1.3990505130253585,
                    -1.480760930247434
                ],
                "Si": [
                    [
                        1.000000010721903e-06,
                        -2.508339344182369e-12,
                        2.0646136426282683e-12,
                        2.521137755811514e-12,
                        4.55794362803614e-12,
                        -1.639985344682563e-13
                    ],
                    [
                        -2.5083393441823695e-12,
                        1.1396650309019378,
                        -0.9946698558355613,
                        -0.03347679464533011,
                        -0.09493864862185225,
                        0.20218218408035712
                    ],
                    [
                        2.0646136426282687e-12,
                        -0.9946698558355613,
                        2.0887659136713683,
                        0.9787380048480196,
                        1.0504371224509863,
                        -0.3548561793555725
                    ],
                    [
                        2.5211377558115143e-12,
                        -0.033476794645330106,
                        0.9787380048480193,
                        1.466890813969814,
                        1.4710537536472903,
                        -0.37482174289021597
                    ],
                    [
                        4.55794362803614e-12,
                        -0.09493864862185228,
                        1.0504371224509863,
                        1.47105375364729,
                        2.378496699410212,
                        -1.054599396169484
                    ],
                    [
                        -1.6399853446825628e-13,
                        0.20218218408035707,
                        -0.3548561793555725,
                        -0.37482174289021597,
                        -1.0545993961694842,
                        1.7792114833279742
                    ]
                ]
            },
            "est_tgt": [
                0,
                1
            ]
        },
        "1": {
            "intv_type": "do",
            "inode": 1,
            "new_mui": 1.0,
            "new_sigmai": 0.0,
            "true_params": {
                "Si": [
                    [
                        1.0,
                        0.0,
                        0.5189157717582896,
                        0.9701611108380008,
                        1.4861157393674713,
                        -1.6526011134102696
                    ],
                    [
                        0.0,
                        0.0,
                        0.0,
                        0.0,
                        0.0,
                        0.0
                    ],
                    [
                        0.5189157717582896,
                        0.0,
                        1.2692735781795013,
                        1.3426998748599641,
                        1.6000169390715988,
                        -1.06005594503997
                    ],
                    [
                        0.9701611108380008,
                        0.0,
                        1.3426998748599641,
                        2.6455833119888137,
                        3.1249818157366827,
                        -2.014512969388874
                    ],
                    [
                        1.4861157393674713,
                        0.0,
                        1.6000169390715988,
                        3.1249818157366827,
                        4.870852217724163,
                        -3.7511729574499997
                    ],
                    [
                        -1.6526011134102696,
                        0.0,
                        -1.06005594503997,
                        -2.014512969388874,
                        -3.7511729574499997,
                        4.620804666294552
                    ]
                ],
                "mui": [
                    0.0,
                    1.0,
                    -0.9167539024237346,
                    -0.005766714954191454,
                    -0.005695118314836674,
                    0.0013913695279712257
                ],
                "Ai": [
                    [
                        0.0,
                        0.0,
                        0.0,
                        0.0,
                        0.0,
                        0.0
                    ],
                    [
                        0.0,
                        0.0,
                        0.0,
                        0.0,
                        0.0,
                        0.0
                    ],
                    [
                        0.5189157717582896,
                        -0.9167539024237346,
                        0.0,
                        0.0,
                        0.0,
                        0.0
                    ],
                    [
                        0.5346517227612319,
                        0.7636354747474603,
                        0.8392679732995834,
                        0.0,
                        0.0,
                        0.0
                    ],
                    [
                        0.5279996620919869,
                        -0.0,
                        0.0,
                        0.9875845017616587,
                        0.0,
                        0.0
                    ],
                    [
                        -0.9490809632032907,
                        -0.0,
                        -0.0,
                        0.6367838094568624,
                        -0.8890983408302253,
                        0.0
                    ]
                ]
            },
            "est_params": {
                "mui": [
                    0.3917407324981233,
                    -0.3446258398329906,
                    0.44498747700939234,
                    1.3725112477248356,
                    1.4656730381646548,
                    -0.610859242474619
                ],
                "Si": [
                    [
                        0.22048871382562293,
                        -0.0376461914524807,
                        0.15739781594109803,
                        0.05349164591114489,
                        -0.13231455788389243,
                        -0.009308205607821645
                    ],
                    [
                        -0.037646191452480715,
                        1.3472141168960947,
                        -0.7987459415890185,
                        0.8373749624592278,
                        1.5114879226674123,
                        -0.8646801522765717
                    ],
                    [
                        0.157397815941098,
                        -0.7987459415890183,
                        1.5952527072296006,
                        0.05143033864410066,
                        -0.7491898161313462,
                        1.2519651494908937
                    ],
                    [
                        0.05349164591114489,
                        0.8373749624592278,
                        0.05143033864410065,
                        1.2037889239349926,
                        1.3279770327629996,
                        -0.2307957758943583
                    ],
                    [
                        -0.13231455788389243,
                        1.5114879226674125,
                        -0.7491898161313462,
                        1.3279770327629998,
                        2.5139857118273814,
                        -0.9702427701081581
                    ],
                    [
                        -0.009308205607821668,
                        -0.8646801522765717,
                        1.2519651494908937,
                        -0.23079577589435826,
                        -0.9702427701081581,
                        1.3406080130344915
                    ]
                ]
            },
            "est_tgt": [
                0,
                2,
                3,
                4,
                5
            ]
        },
        "2": {
            "intv_type": "do",
            "inode": 2,
            "new_mui": 1.0,
            "new_sigmai": 0.0,
            "true_params": {
                "Si": [
                    [
                        1.0,
                        -0.624275824548898,
                        0.0,
                        0.05793255710847195,
                        0.585212957639736,
                        -1.4325023184660188
                    ],
                    [
                        -0.624275824548898,
                        1.3897203051162064,
                        0.0,
                        0.7274695798903429,
                        0.3888202581887527,
                        0.7100297047771525
                    ],
                    [
                        0.0,
                        0.0,
                        0.0,
                        0.0,
                        0.0,
                        0.0
                    ],
                    [
                        0.05793255710847195,
                        0.7274695798903429,
                        0.0,
                        1.5864953194659055,
                        1.5973865601993378,
                        -0.46496189422408896
                    ],
                    [
                        0.585212957639736,
                        0.3888202581887527,
                        0.0,
                        1.5973865601993378,
                        2.8865464540608654,
                        -2.1046482415717254
                    ],
                    [
                        -1.4325023184660188,
                        0.7100297047771525,
                        0.0,
                        -0.46496189422408896,
                        -2.1046482415717254,
                        3.934719733557054
                    ]
                ],
                "mui": [
                    0.0,
                    0.0,
                    1.0,
                    0.8392679732995834,
                    0.8288480432555861,
                    -0.2024951628660714
                ],
                "Ai": [
                    [
                        0.0,
                        0.0,
                        0.0,
                        0.0,
                        0.0,
                        0.0
                    ],
                    [
                        -0.624275824548898,
                        0.0,
                        0.0,
                        0.0,
                        0.0,
                        0.0
                    ],
                    [
                        0.0,
                        0.0,
                        0.0,
                        0.0,
                        0.0,
                        0.0
                    ],
                    [
                        0.5346517227612319,
                        0.7636354747474603,
                        0.8392679732995834,
                        0.0,
                        0.0,
                        0.0
                    ],
                    [
                        0.5279996620919869,
                        -0.0,
                        0.0,
                        0.9875845017616587,
                        0.0,
                        0.0
                    ],
                    [
                        -0.9490809632032907,
                        -0.0,
                        -0.0,
                        0.6367838094568624,
                        -0.8890983408302253,
                        0.0
                    ]
                ]
            },
            "est_params": {
                "mui": [
                    0.009061964959390082,
                    -0.06350223185751701,
                    1.0000025553857905,
                    0.857746907992366,
                    0.8898640994220389,
                    -0.3641153873371741
                ],
                "Si": [
                    [
                        1.039751254596798,
                        -0.7170356449652083,
                        -5.26746225046222e-07,
                        -0.10378005942525137,
                        0.36815007243222925,
                        -1.4285994647903266
                    ],
                    [
                        -0.7170356449652083,
                        1.5167814834585418,
                        -8.868010986296374e-07,
                        0.9869344042575297,
                        0.8670052743005053,
                        0.5858142829669477
                    ],
                    [
                        -5.267462250462222e-07,
                        -8.868010986296374e-07,
                        1.004182698901537e-06,
                        9.54613546492048e-07,
                        2.8143971098911496e-07,
                        2.6299271970627796e-08
                    ],
                    [
                        -0.10378005942525134,
                        0.9869344042575297,
                        9.54613546492048e-07,
                        1.7260885291901298,
                        2.0659832136781033,
                        -0.4945337129720778
                    ],
                    [
                        0.3681500724322293,
                        0.8670052743005054,
                        2.8143971098911485e-07,
                        2.0659832136781033,
                        3.6609508624894587,
                        -2.0989603917461914
                    ],
                    [
                        -1.4285994647903266,
                        0.5858142829669477,
                        2.6299271970627958e-08,
                        -0.4945337129720778,
                        -2.0989603917461914,
                        3.636712547889386
                    ]
                ]
            },
            "est_tgt": [
                2
            ]
        },
        "3": {
            "intv_type": "do",
            "inode": 3,
            "new_mui": 1.0,
            "new_sigmai": 0.0,
            "true_params": {
                "Si": [
                    [
                        1.0,
                        -0.624275824548898,
                        1.0912230701022865,
                        0.0,
                        0.5279996620919869,
                        -1.418524586728196
                    ],
                    [
                        -0.624275824548898,
                        1.3897203051162064,
                        -1.5979780842786193,
                        0.0,
                        -0.32961742441401465,
                        0.8855506060226292
                    ],
                    [
                        1.0912230701022865,
                        -1.5979780842786193,
                        3.031205506332606,
                        0.0,
                        0.5761654122809878,
                        -1.5479267545451192
                    ],
                    [
                        0.0,
                        0.0,
                        0.0,
                        0.0,
                        0.0,
                        0.0
                    ],
                    [
                        0.5279996620919869,
                        -0.32961742441401465,
                        0.5761654122809878,
                        0.0,
                        1.2787836431692523,
                        -1.638078843291888
                    ],
                    [
                        -1.418524586728196,
                        0.8855506060226292,
                        -1.5479267545451192,
                        0.0,
                        -1.638078843291888,
                        3.802707862819459
                    ]
                ],
                "mui": [
                    0.0,
                    0.0,
                    0.0,
                    1.0,
                    0.9875845017616587,
                    -0.24127593248907309
                ],
                "Ai": [
                    [
                        0.0,
                        0.0,
                        0.0,
                        0.0,
                        0.0,
                        0.0
                    ],
                    [
                        -0.624275824548898,
                        0.0,
                        0.0,
                        0.0,
                        0.0,
                        0.0
                    ],
                    [
                        0.5189157717582896,
                        -0.9167539024237346,
                        0.0,
                        0.0,
                        0.0,
                        0.0
                    ],
                    [
                        0.0,
                        0.0,
                        0.0,
                        0.0,
                        0.0,
                        0.0
                    ],
                    [
                        0.5279996620919869,
                        -0.0,
                        0.0,
                        0.9875845017616587,
                        0.0,
                        0.0
                    ],
                    [
                        -0.9490809632032907,
                        -0.0,
                        -0.0,
                        0.6367838094568624,
                        -0.8890983408302253,
                        0.0
                    ]
                ]
            },
            "est_params": {
                "mui": [
                    0.013465323815224688,
                    -0.0016265049060421963,
                    -0.021529338132492096,
                    0.9999854979256921,
                    1.0577757664541574,
                    -0.2817932229198587
                ],
                "Si": [
                    [
                        0.9805024802523986,
                        -0.7265589842198673,
                        1.1675318789304128,
                        -4.639300027473656e-06,
                        0.4064833150035992,
                        -1.362740506830218
                    ],
                    [
                        -0.7265589842198673,
                        1.6089291679233513,
                        -1.7789479462131725,
                        -1.4525244527092924e-05,
                        -0.3805392477102166,
                        1.0151813308440978
                    ],
                    [
                        1.1675318789304128,
                        -1.7789479462131725,
                        3.050911295891559,
                        6.899458588782684e-08,
                        0.5392467059780276,
                        -1.6247293948778223
                    ],
                    [
                        -4.639300027473656e-06,
                        -1.4525244527092924e-05,
                        6.899458588782703e-08,
                        1.0316040616228346e-06,
                        4.486917087304827e-07,
                        1.4224761971879787e-06
                    ],
                    [
                        0.4064833150035992,
                        -0.3805392477102167,
                        0.5392467059780276,
                        4.486917087304824e-07,
                        1.1299977883150987,
                        -1.4046843012037478
                    ],
                    [
                        -1.3627405068302183,
                        1.0151813308440978,
                        -1.6247293948778223,
                        1.4224761971879791e-06,
                        -1.4046843012037475,
                        3.4387025850657986
                    ]
                ]
            },
            "est_tgt": [
                2,
                3,
                4
            ]
        },
        "4": {
            "intv_type": "do",
            "inode": 4,
            "new_mui": 1.0,
            "new_sigmai": 0.0,
            "true_params": {
                "Si": [
                    [
                        1.0,
                        -0.624275824548898,
                        1.0912230701022865,
                        0.9737611315709671,
                        0.0,
                        -0.3290056403405053
                    ],
                    [
                        -0.624275824548898,
                        1.3897203051162064,
                        -1.5979780842786193,
                        -0.6136622482793248,
                        0.0,
                        0.2017181166882252
                    ],
                    [
                        1.0912230701022865,
                        -1.5979780842786193,
                        3.031205506332606,
                        1.907145243277151,
                        0.0,
                        0.17878017075922875
                    ],
                    [
                        0.9737611315709671,
                        -0.6136622482793248,
                        1.907145243277151,
                        2.6526147273661236,
                        0.0,
                        0.7649639584322768
                    ],
                    [
                        0.0,
                        0.0,
                        0.0,
                        0.0,
                        0.0,
                        0.0
                    ],
                    [
                        -0.3290056403405053,
                        0.2017181166882252,
                        0.17878017075922875,
                        0.7649639584322768,
                        0.0,
                        1.7993696535813883
                    ]
                ],
                "mui": [
                    0.0,
                    0.0,
                    0.0,
                    0.0,
                    1.0,
                    -0.8890983408302253
                ],
                "Ai": [
                    [
                        0.0,
                        0.0,
                        0.0,
                        0.0,
                        0.0,
                        0.0
                    ],
                    [
                        -0.624275824548898,
                        0.0,
                        0.0,
                        0.0,
                        0.0,
                        0.0
                    ],
                    [
                        0.5189157717582896,
                        -0.9167539024237346,
                        0.0,
                        0.0,
                        0.0,
                        0.0
                    ],
                    [
                        0.5346517227612319,
                        0.7636354747474603,
                        0.8392679732995834,
                        0.0,
                        0.0,
                        0.0
                    ],
                    [
                        0.0,
                        0.0,
                        0.0,
                        0.0,
                        0.0,
                        0.0
                    ],
                    [
                        -0.9490809632032907,
                        -0.0,
                        -0.0,
                        0.6367838094568624,
                        -0.8890983408302253,
                        0.0
                    ]
                ]
            },
            "est_params": {
                "mui": [
                    0.04879646905792369,
                    -0.028308372849905828,
                    0.13162951556562305,
                    0.1563750984130524,
                    0.9999996994031918,
                    -0.8957379442480768
                ],
                "Si": [
                    [
                        0.8408929663337976,
                        -0.5596478842932988,
                        0.9864918708834207,
                        0.9412590370182546,
                        -4.21382682137254e-08,
                        -0.24972285701704283
                    ],
                    [
                        -0.5596478842932987,
                        1.3053900066706419,
                        -1.5451013140525087,
                        -0.7194696918489376,
                        1.5976290327158896e-07,
                        0.05890814742211123
                    ],
                    [
                        0.9864918708834207,
                        -1.5451013140525087,
                        3.075098945494402,
                        2.170685645839853,
                        2.0983622089431616e-07,
                        0.36599692460276534
                    ],
                    [
                        0.9412590370182546,
                        -0.7194696918489376,
                        2.170685645839853,
                        2.940227959319895,
                        -3.0941547909756125e-09,
                        0.9626303388114612
                    ],
                    [
                        -4.21382682137254e-08,
                        1.5976290327158896e-07,
                        2.0983622089431616e-07,
                        -3.0941547909756026e-09,
                        1.0006832163706884e-06,
                        -5.69199519049949e-07
                    ],
                    [
                        -0.24972285701704286,
                        0.05890814742211124,
                        0.36599692460276534,
                        0.962630338811461,
                        -5.691995190499489e-07,
                        1.683149595952536
                    ]
                ]
            },
            "est_tgt": [
                3,
                4,
                5
            ]
        },
        "5": {
            "intv_type": "do",
            "inode": 5,
            "new_mui": 1.0,
            "new_sigmai": 0.0,
            "true_params": {
                "Si": [
                    [
                        1.0,
                        -0.624275824548898,
                        1.0912230701022865,
                        0.9737611315709671,
                        1.4896710640493693,
                        0.0
                    ],
                    [
                        -0.624275824548898,
                        1.3897203051162064,
                        -1.5979780842786193,
                        -0.6136622482793248,
                        -0.9356607501308909,
                        0.0
                    ],
                    [
                        1.0912230701022865,
                        -1.5979780842786193,
                        3.031205506332606,
                        1.907145243277151,
                        2.45963249714997,
                        0.0
                    ],
                    [
                        0.9737611315709671,
                        -0.6136622482793248,
                        1.907145243277151,
                        2.6526147273661236,
                        3.1338267423192923,
                        0.0
                    ],
                    [
                        1.4896710640493693,
                        -0.9356607501308909,
                        2.45963249714997,
                        3.1338267423192923,
                        4.881464540367038,
                        0.0
                    ],
                    [
                        0.0,
                        0.0,
                        0.0,
                        0.0,
                        0.0,
                        0.0
                    ]
                ],
                "mui": [
                    0.0,
                    0.0,
                    0.0,
                    0.0,
                    0.0,
                    1.0
                ],
                "Ai": [
                    [
                        0.0,
                        0.0,
                        0.0,
                        0.0,
                        0.0,
                        0.0
                    ],
                    [
                        -0.624275824548898,
                        0.0,
                        0.0,
                        0.0,
                        0.0,
                        0.0
                    ],
                    [
                        0.5189157717582896,
                        -0.9167539024237346,
                        0.0,
                        0.0,
                        0.0,
                        0.0
                    ],
                    [
                        0.5346517227612319,
                        0.7636354747474603,
                        0.8392679732995834,
                        0.0,
                        0.0,
                        0.0
                    ],
                    [
                        0.5279996620919869,
                        -0.0,
                        0.0,
                        0.9875845017616587,
                        0.0,
                        0.0
                    ],
                    [
                        0.0,
                        0.0,
                        0.0,
                        0.0,
                        0.0,
                        0.0
                    ]
                ]
            },
            "est_params": {
                "mui": [
                    -0.041871313673096655,
                    0.07130872629206379,
                    -0.047619303672205286,
                    -0.14795647772144596,
                    -0.04168239218092146,
                    1.0000018386437979
                ],
                "Si": [
                    [
                        1.1593837667143403,
                        -0.8113642258171491,
                        1.478910267881694,
                        1.277889409112972,
                        1.8148780357368666,
                        -8.518825255299954e-07
                    ],
                    [
                        -0.8113642258171491,
                        1.408693185562316,
                        -1.7068205073553984,
                        -0.7782560810802985,
                        -1.130833821451898,
                        -1.2399286550639958e-07
                    ],
                    [
                        1.478910267881694,
                        -1.7068205073553984,
                        3.2897674381079645,
                        2.373054692117441,
                        3.0675946866442185,
                        2.1896298501449793e-06
                    ],
                    [
                        1.277889409112972,
                        -0.7782560810802986,
                        2.373054692117441,
                        3.1357665941771407,
                        3.74390426351881,
                        2.270305033606809e-06
                    ],
                    [
                        1.8148780357368663,
                        -1.130833821451898,
                        3.0675946866442185,
                        3.74390426351881,
                        5.519438326325258,
                        7.563113989831254e-07
                    ],
                    [
                        -8.518825255299957e-07,
                        -1.239928655063996e-07,
                        2.1896298501449797e-06,
                        2.2703050336068094e-06,
                        7.563113989831253e-07,
                        1.0011405885894558e-06
                    ]
                ]
            },
            "est_tgt": [
                4,
                5
            ]
        },
        "obs": {
            "intv_type": "obs",
            "true_params": {
                "Si": [
                    [
                        1.0,
                        -0.624275824548898,
                        1.0912230701022865,
                        0.9737611315709671,
                        1.4896710640493693,
                        -1.6534697117695958
                    ],
                    [
                        -0.624275824548898,
                        1.3897203051162064,
                        -1.5979780842786193,
                        -0.6136622482793248,
                        -0.9356607501308909,
                        1.0336125372095644
                    ],
                    [
                        1.0912230701022865,
                        -1.5979780842786193,
                        3.031205506332606,
                        1.907145243277151,
                        2.45963249714997,
                        -2.0080750015089137
                    ],
                    [
                        0.9737611315709671,
                        -0.6136622482793248,
                        1.907145243277151,
                        2.6526147273661236,
                        3.1338267423192923,
                        -2.021316198613196
                    ],
                    [
                        1.4896710640493693,
                        -0.9356607501308909,
                        2.45963249714997,
                        3.1338267423192923,
                        4.881464540367038,
                        -3.75835034083409
                    ],
                    [
                        -1.6534697117695958,
                        1.0336125372095644,
                        -2.0080750015089137,
                        -2.021316198613196,
                        -3.75835034083409,
                        4.623678249898282
                    ]
                ],
                "mui": [
                    0.0,
                    0.0,
                    0.0,
                    0.0,
                    0.0,
                    0.0
                ],
                "Ai": [
                    [
                        0.0,
                        0.0,
                        0.0,
                        0.0,
                        0.0,
                        0.0
                    ],
                    [
                        -0.624275824548898,
                        0.0,
                        0.0,
                        0.0,
                        0.0,
                        0.0
                    ],
                    [
                        0.5189157717582896,
                        -0.9167539024237346,
                        0.0,
                        0.0,
                        0.0,
                        0.0
                    ],
                    [
                        0.5346517227612319,
                        0.7636354747474603,
                        0.8392679732995834,
                        0.0,
                        0.0,
                        0.0
                    ],
                    [
                        0.5279996620919869,
                        -0.0,
                        0.0,
                        0.9875845017616587,
                        0.0,
                        0.0
                    ],
                    [
                        -0.9490809632032907,
