{
    "expt_args": {
        "save_dir": "all_expt_logs/expt_logs_30.04.24-igsp",
        "exp_name": "166",
        "num_nodes": 8,
        "obs_noise_mean": 0.0,
        "obs_noise_var": 1.0,
        "max_edge_strength": 1.0,
        "graph_sparsity_method": "adj_dense_prop",
        "adj_dense_prop": 0.8,
        "num_parents": null,
        "new_noise_mean": 1.0,
        "mix_samples": 65536,
        "stage2_samples": 65536,
        "gmm_tol": 0.001,
        "intv_type": "do",
        "new_noise_sigma": 0.0,
        "intv_targets": [
            0,
            1,
            2,
            3,
            4,
            5,
            6,
            7
        ]
    },
    "intv_args_dict": {
        "0": {
            "intv_type": "do",
            "inode": 0,
            "new_mui": 1.0,
            "new_sigmai": 0.0,
            "true_params": {
                "Si": [
                    [
                        0.0,
                        0.0,
                        0.0,
                        0.0,
                        0.0,
                        0.0,
                        0.0,
                        0.0
                    ],
                    [
                        0.0,
                        1.0,
                        0.9911217116552968,
                        0.05748771011973386,
                        -0.1224688672431907,
                        1.2698511310501255,
                        1.648344671072719,
                        2.2178515671575534
                    ],
                    [
                        0.0,
                        0.9911217116552968,
                        1.9823222473145252,
                        0.9466648842845239,
                        -0.7923713701018198,
                        1.1173303590779455,
                        2.126421333068655,
                        3.672906098277918
                    ],
                    [
                        0.0,
                        0.05748771011973386,
                        0.9466648842845239,
                        1.7948488030335077,
                        -0.6040117520600753,
                        -0.8804144075396709,
                        0.5520003600626072,
                        1.4581004807318865
                    ],
                    [
                        0.0,
                        -0.1224688672431907,
                        -0.7923713701018198,
                        -0.6040117520600753,
                        1.4652259576599316,
                        -0.06074215405744317,
                        -0.532475063101328,
                        -1.261156818820139
                    ],
                    [
                        0.0,
                        1.2698511310501255,
                        1.1173303590779455,
                        -0.8804144075396709,
                        -0.06074215405744317,
                        3.317642309377125,
                        2.8075234635316395,
                        4.1393752260375996
                    ],
                    [
                        0.0,
                        1.648344671072719,
                        2.126421333068655,
                        0.5520003600626072,
                        -0.532475063101328,
                        2.8075234635316395,
                        4.599512073335758,
                        6.445569587846128
                    ],
                    [
                        0.0,
                        2.2178515671575534,
                        3.672906098277918,
                        1.4581004807318865,
                        -1.261156818820139,
                        4.1393752260375996,
                        6.445569587846128,
                        11.168739907494395
                    ]
                ],
                "mui": [
                    1.0,
                    -0.7549742953246832,
                    -0.7482714158379515,
                    0.8002183014923323,
                    0.7538275052420487,
                    -2.5498947675797656,
                    -2.6116843889066703,
                    -4.54994040754368
                ],
                "Ai": [
                    [
                        0.0,
                        0.0,
                        0.0,
                        0.0,
                        0.0,
                        0.0,
                        0.0,
                        0.0
                    ],
                    [
                        -0.7549742953246832,
                        0.0,
                        0.0,
                        0.0,
                        0.0,
                        0.0,
                        0.0,
                        0.0
                    ],
                    [
                        0.0,
                        0.9911217116552968,
                        0.0,
                        0.0,
                        0.0,
                        0.0,
                        0.0,
                        0.0
                    ],
                    [
                        0.8436200449298079,
                        -0.824300953758524,
                        0.8896875666315097,
                        0.0,
                        0.0,
                        0.0,
                        0.0,
                        0.0
                    ],
                    [
                        0.6613666584959086,
                        0.5425637084623822,
                        -0.6709898167752633,
                        0.0,
                        0.0,
                        0.0,
                        0.0,
                        0.0
                    ],
                    [
                        -0.8928834497507698,
                        0.7275287894625091,
                        0.5951920711181716,
                        -0.8277498373752804,
                        0.0,
                        0.0,
                        0.0,
                        0.0
                    ],
                    [
                        -0.6692110540344482,
                        0.5938443556743553,
                        0.0,
                        0.6807459173898497,
                        0.0,
                        0.7995943513430501,
                        0.0,
                        0.0
                    ],
                    [
                        -0.9573209957867952,
                        -0.8443460306040953,
                        0.5376785711571661,
                        0.7364446131354843,
                        -0.0,
                        0.886142148437504,
                        0.8260939547346566,
                        0.0
                    ]
                ]
            },
            "est_params": {
                "mui": [
                    0.9999998758837646,
                    -0.751011378002466,
                    -0.742929570802967,
                    0.8140023073110875,
                    0.766859759603564,
                    -2.5560219179636348,
                    -2.6026405561622505,
                    -4.535221683683433
                ],
                "Si": [
                    [
                        1.0186977772291277e-06,
                        -6.223679863340524e-07,
                        -2.447371622662929e-06,
                        1.4548525877046462e-08,
                        1.5144132591090927e-06,
                        -2.211008729373424e-06,
                        -3.53879977193979e-06,
                        -5.028181779440087e-06
                    ],
                    [
                        -6.223679863340524e-07,
                        1.0009372693503396,
                        0.9983876866152074,
                        0.056789545570534936,
                        -0.13281838028078452,
                        1.2610048564376761,
                        1.6239371198409145,
                        2.1858528788680056
                    ],
                    [
                        -2.4473716226629293e-06,
                        0.9983876866152074,
                        1.9823226226583592,
                        0.9550784900717468,
                        -0.7787049948125941,
                        1.1050760933772985,
                        2.1018787196474147,
                        3.6558367205027724
                    ],
                    [
                        1.4548525877046217e-08,
                        0.05678954557053492,
                        0.9550784900717468,
                        1.8163005303916198,
                        -0.606510907646106,
                        -0.902395601158779,
                        0.5184765847571422,
                        1.459186999076107
                    ],
                    [
                        1.514413259109093e-06,
                        -0.13281838028078452,
                        -0.7787049948125941,
                        -0.606510907646106,
                        1.43973835691144,
                        -0.05532665182714457,
                        -0.5221698960549068,
                        -1.2446483748161086
                    ],
                    [
                        -2.211008729373424e-06,
                        1.2610048564376761,
                        1.1050760933772987,
                        -0.902395601158779,
                        -0.05532665182714458,
                        3.3085368810869196,
                        2.761648212217904,
                        4.052410503523069
                    ],
                    [
                        -3.5387997719397894e-06,
                        1.6239371198409145,
                        2.1018787196474147,
                        0.5184765847571422,
                        -0.5221698960549068,
                        2.761648212217904,
                        4.485976797707805,
                        6.2910116137664005
                    ],
                    [
                        -5.028181779440088e-06,
                        2.1858528788680056,
                        3.6558367205027724,
                        1.459186999076107,
                        -1.2446483748161086,
                        4.052410503523068,
                        6.291011613766401,
                        10.96923866661087
                    ]
                ]
            },
            "est_tgt": [
                0
            ]
        },
        "1": {
            "intv_type": "do",
            "inode": 1,
            "new_mui": 1.0,
            "new_sigmai": 0.0,
            "true_params": {
                "Si": [
                    [
                        1.0,
                        0.0,
                        0.0,
                        0.8436200449298079,
                        0.6613666584959086,
                        -1.5911898047479451,
                        -1.3672265324113477,
                        -2.875519483494161
                    ],
                    [
                        0.0,
                        0.0,
                        0.0,
                        0.0,
                        0.0,
                        0.0,
                        0.0,
                        0.0
                    ],
                    [
                        0.0,
                        0.0,
                        1.0,
                        0.8896875666315097,
                        -0.6709898167752633,
                        -0.1412466674758695,
                        0.49271114127717475,
                        1.4747452568393413
                    ],
                    [
                        0.8436200449298079,
                        0.0,
                        0.8896875666315097,
                        2.503238746426068,
                        -0.03902912716591115,
                        -2.2957748558300106,
                        -0.6961789092675159,
                        -1.0952446031113463
                    ],
                    [
                        0.6613666584959086,
                        0.0,
                        -0.6709898167752633,
                        -0.03902912716591115,
                        1.8876331911861453,
                        -0.9575848086691555,
                        -1.2348422015565435,
                        -2.891311761915232
                    ],
                    [
                        -1.5911898047479451,
                        0.0,
                        -0.1412466674758695,
                        -2.2957748558300106,
                        -0.9575848086691555,
                        4.237005409081646,
                        2.8898880377633227,
                        5.898531190471273
                    ],
                    [
                        -1.3672265324113477,
                        0.0,
                        0.49271114127717475,
                        -0.6961789092675159,
                        -1.2348422015565435,
                        2.8898880377633227,
                        3.751780309611486,
                        6.721272308190688
                    ],
                    [
                        -2.875519483494161,
                        0.0,
                        1.4747452568393413,
                        -1.0952446031113463,
                        -2.891311761915232,
                        5.898531190471273,
                        6.721272308190688,
                        14.518486633505706
                    ]
                ],
                "mui": [
                    0.0,
                    1.0,
                    0.9911217116552968,
                    0.05748771011973386,
                    -0.1224688672431907,
                    1.2698511310501255,
                    1.648344671072719,
                    2.2178515671575534
                ],
                "Ai": [
                    [
                        0.0,
                        0.0,
                        0.0,
                        0.0,
                        0.0,
                        0.0,
                        0.0,
                        0.0
                    ],
                    [
                        0.0,
                        0.0,
                        0.0,
                        0.0,
                        0.0,
                        0.0,
                        0.0,
                        0.0
                    ],
                    [
                        0.0,
                        0.9911217116552968,
                        0.0,
                        0.0,
                        0.0,
                        0.0,
                        0.0,
                        0.0
                    ],
                    [
                        0.8436200449298079,
                        -0.824300953758524,
                        0.8896875666315097,
                        0.0,
                        0.0,
                        0.0,
                        0.0,
                        0.0
                    ],
                    [
                        0.6613666584959086,
                        0.5425637084623822,
                        -0.6709898167752633,
                        0.0,
                        0.0,
                        0.0,
                        0.0,
                        0.0
                    ],
                    [
                        -0.8928834497507698,
                        0.7275287894625091,
                        0.5951920711181716,
                        -0.8277498373752804,
                        0.0,
                        0.0,
                        0.0,
                        0.0
                    ],
                    [
                        -0.6692110540344482,
                        0.5938443556743553,
                        0.0,
                        0.6807459173898497,
                        0.0,
                        0.7995943513430501,
                        0.0,
                        0.0
                    ],
                    [
                        -0.9573209957867952,
                        -0.8443460306040953,
                        0.5376785711571661,
                        0.7364446131354843,
                        -0.0,
                        0.886142148437504,
                        0.8260939547346566,
                        0.0
                    ]
                ]
            },
            "est_params": {
                "mui": [
                    -0.0044421930365686,
                    0.9999988893536661,
                    0.9925727768870821,
                    0.0516198599076736,
                    -0.1378693493557256,
                    1.2952196172080077,
                    1.6561208747682301,
                    2.2526564563487845
                ],
                "Si": [
                    [
                        0.9971423063773878,
                        6.9166814622688e-07,
                        -0.009848373170069147,
                        0.8415467138420429,
                        0.6895781520580779,
                        -1.5926493381073328,
                        -1.3621880957673653,
                        -2.884835329891322
                    ],
                    [
                        6.916681462268799e-07,
                        1.026963626657941e-06,
                        -5.742315779758231e-07,
                        -1.0894534342767699e-06,
                        -1.7913064225291973e-06,
                        1.9656840711373528e-06,
                        1.5058436503849292e-06,
                        -1.6431875911880953e-07
                    ],
                    [
                        -0.009848373170069145,
                        -5.742315779758229e-07,
                        0.9777519703654735,
                        0.8269084523622717,
                        -0.6398330040683684,
                        -0.11047194141428819,
                        0.4825371494052478,
                        1.4449138891263698
                    ],
                    [
                        0.8415467138420429,
                        -1.0894534342767695e-06,
                        0.8269084523622717,
                        2.4181467062149014,
                        0.04554583404473529,
                        -2.266818307228378,
                        -0.7365352888326734,
                        -1.2273205065578692
                    ],
                    [
                        0.6895781520580779,
                        -1.7913064225291973e-06,
                        -0.6398330040683684,
                        0.045545834044735285,
                        1.8806045941784868,
                        -1.0317218317502777,
                        -1.230567845290497,
                        -2.904704094825943
                    ],
                    [
                        -1.5926493381073328,
                        1.9656840711373528e-06,
                        -0.1104719414142882,
                        -2.266818307228378,
                        -1.0317218317502779,
                        4.206895033577961,
                        2.902538111224836,
                        5.956715786834281
                    ],
                    [
                        -1.3621880957673658,
                        1.5058436503849288e-06,
                        0.4825371494052478,
                        -0.7365352888326735,
                        -1.230567845290497,
                        2.902538111224836,
                        3.738750963019582,
                        6.702674259351143
                    ],
                    [
                        -2.884835329891322,
                        -1.643187591188103e-07,
                        1.4449138891263695,
                        -1.2273205065578692,
                        -2.904704094825943,
                        5.956715786834281,
                        6.702674259351144,
                        14.494529087390848
                    ]
                ]
            },
            "est_tgt": [
                1,
                2,
                5,
                6,
                7
            ]
        },
        "2": {
            "intv_type": "do",
            "inode": 2,
            "new_mui": 1.0,
            "new_sigmai": 0.0,
            "true_params": {
                "Si": [
                    [
                        1.0,
                        -0.7549742953246832,
                        0.0,
                        1.465946076629114,
                        0.25174500503077474,
                        -2.655585611434327,
                        -2.243002725624066,
                        -3.4464306862082017
                    ],
                    [
                        -0.7549742953246832,
                        1.5699861866010019,
                        0.0,
                        -1.9310525599455732,
                        0.35250270068776424,
                        3.4147426455514154,
                        2.8534173635678237,
                        3.3581661026488168
                    ],
                    [
                        0.0,
                        0.0,
                        0.0,
                        0.0,
                        0.0,
                        0.0,
                        0.0,
                        0.0
                    ],
                    [
                        1.465946076629114,
                        -1.9310525599455732,
                        0.0,
                        3.8284699619515044,
                        -0.07819117992446266,
                        -5.882830709776395,
                        -4.225434891329299,
                        -5.657078777847616
                    ],
                    [
                        0.25174500503077474,
                        0.35250270068776424,
                        0.0,
                        -0.07819117992446266,
                        1.3577509252983977,
                        0.09639965103088646,
                        0.06471348892510824,
                        -0.4573352923894727
                    ],
                    [
                        -2.655585611434327,
                        3.4147426455514154,
                        0.0,
                        -5.882830709776395,
                        0.09639965103088646,
                        10.724964188413733,
                        8.375880687284113,
                        11.74975168660711
                    ],
                    [
                        -2.243002725624066,
                        2.8534173635678237,
                        0.0,
                        -4.225434891329299,
                        0.06471348892510824,
                        8.375880687284113,
                        8.01638734756165,
                        10.670713248305656
                    ],
                    [
                        -3.4464306862082017,
                        3.3581661026488168,
                        0.0,
                        -5.657078777847616,
                        -0.4573352923894727,
                        11.74975168660711,
                        10.670713248305656,
                        16.52472295583083
                    ]
                ],
                "mui": [
                    0.0,
                    0.0,
                    1.0,
                    0.8896875666315097,
                    -0.6709898167752633,
                    -0.1412466674758695,
                    0.49271114127717475,
                    1.4747452568393413
                ],
                "Ai": [
                    [
                        0.0,
                        0.0,
                        0.0,
                        0.0,
                        0.0,
                        0.0,
                        0.0,
                        0.0
                    ],
                    [
                        -0.7549742953246832,
                        0.0,
                        0.0,
                        0.0,
                        0.0,
                        0.0,
                        0.0,
                        0.0
                    ],
                    [
                        0.0,
                        0.0,
                        0.0,
                        0.0,
                        0.0,
                        0.0,
                        0.0,
                        0.0
                    ],
                    [
                        0.8436200449298079,
                        -0.824300953758524,
                        0.8896875666315097,
                        0.0,
                        0.0,
                        0.0,
                        0.0,
                        0.0
                    ],
                    [
                        0.6613666584959086,
                        0.5425637084623822,
                        -0.6709898167752633,
                        0.0,
                        0.0,
                        0.0,
                        0.0,
                        0.0
                    ],
                    [
                        -0.8928834497507698,
                        0.7275287894625091,
                        0.5951920711181716,
                        -0.8277498373752804,
                        0.0,
                        0.0,
                        0.0,
                        0.0
                    ],
                    [
                        -0.6692110540344482,
                        0.5938443556743553,
                        0.0,
                        0.6807459173898497,
                        0.0,
                        0.7995943513430501,
                        0.0,
                        0.0
                    ],
                    [
                        -0.9573209957867952,
                        -0.8443460306040953,
                        0.5376785711571661,
                        0.7364446131354843,
                        -0.0,
                        0.886142148437504,
                        0.8260939547346566,
                        0.0
                    ]
                ]
            },
            "est_params": {
                "mui": [
                    0.004074913521020589,
                    -0.0157885325373741,
                    0.9999981987450601,
                    0.8738583882191674,
                    -0.676355854278257,
                    -0.1405207343894527,
                    0.4800357383084133,
                    1.4611005159268962
                ],
                "Si": [
                    [
                        1.0015191489907178,
                        -0.7601532001958257,
                        1.5239853827407467e-06,
                        1.4966305919656442,
                        0.25871750415675604,
                        -2.6933531063956666,
                        -2.2415642822860278,
                        -3.4626597462207678
                    ],
                    [
                        -0.7601532001958258,
                        1.5770237471316868,
                        -1.2339600695308074e-06,
                        -1.9564895575342245,
                        0.35630687044022424,
                        3.4544381561756365,
                        2.873222268782868,
                        3.383175238736
                    ],
                    [
                        1.5239853827407465e-06,
                        -1.233960069530807e-06,
                        1.0276111100111872e-06,
                        -3.213278378009895e-07,
                        -1.2665278686711319e-06,
                        -2.557065140277436e-06,
                        -2.687700843358003e-06,
                        -3.904272784469014e-06
                    ],
                    [
                        1.4966305919656442,
                        -1.9564895575342245,
                        -3.213278378009889e-07,
                        3.9071931799808453,
                        -0.06893851936651711,
                        -5.994548209502906,
                        -4.284705930925908,
                        -5.750655568017049
                    ],
                    [
                        0.25871750415675604,
                        0.35630687044022413,
                        -1.2665278686711325e-06,
                        -0.06893851936651711,
                        1.3859351826210549,
                        0.07983363407695655,
                        0.0763658646067882,
                        -0.4867312573606585
                    ],
                    [
                        -2.6933531063956666,
                        3.4544381561756357,
                        -2.5570651402774353e-06,
                        -5.994548209502905,
                        0.0798336340769566,
                        10.878239969331833,
                        8.441613542437473,
                        11.859212126408206
                    ],
                    [
                        -2.2415642822860278,
                        2.8732222687828677,
                        -2.6877008433580026e-06,
                        -4.284705930925908,
                        0.0763658646067882,
                        8.441613542437473,
                        8.023201929383228,
                        10.686724715005802
                    ],
                    [
                        -3.4626597462207678,
                        3.383175238736,
                        -3.904272784469014e-06,
                        -5.750655568017049,
                        -0.4867312573606585,
                        11.859212126408206,
                        10.686724715005802,
                        16.617190765524434
                    ]
                ]
            },
            "est_tgt": [
                1,
                2,
                5,
                6,
                7
            ]
        },
        "3": {
            "intv_type": "do",
            "inode": 3,
            "new_mui": 1.0,
            "new_sigmai": 0.0,
            "true_params": {
                "Si": [
                    [
                        1.0,
                        -0.7549742953246832,
                        -0.7482714158379515,
                        0.0,
                        0.7538275052420487,
                        -1.8875141986547646,
                        -2.6267939693163886,
                        -4.564775457614723
                    ],
                    [
                        -0.7549742953246832,
                        1.5699861866010019,
                        1.5560473965391572,
                        0.0,
                        -0.6915892568096703,
                        2.7424612757975275,
                        3.630421124247614,
                        5.6630739510816746
                    ],
                    [
                        -0.7482714158379515,
                        1.5560473965391572,
                        2.5422323590746583,
                        0.0,
                        -1.3564389447468783,
                        3.313304984934986,
                        4.074101416724103,
                        7.071047105716545
                    ],
                    [
                        0.0,
                        0.0,
                        0.0,
                        0.0,
                        0.0,
                        0.0,
                        0.0,
                        0.0
                    ],
                    [
                        0.7538275052420487,
                        -0.6915892568096703,
                        -1.3564389447468783,
                        0.0,
                        2.0334818653193825,
                        -1.9835729030787945,
                        -2.501219764723574,
                        -4.6910124888651925
                    ],
                    [
                        -1.8875141986547646,
                        2.7424612757975275,
                        3.313304984934986,
                        0.0,
                        -1.9835729030787945,
                        6.652602577506826,
                        8.21112395837927,
                        13.951175174347362
                    ],
                    [
                        -2.6267939693163886,
                        3.630421124247614,
                        4.074101416724103,
                        0.0,
                        -2.501219764723574,
                        8.21112395837927,
                        11.479352989590597,
                        18.39915751577745
                    ],
                    [
                        -4.564775457614723,
                        5.6630739510816746,
                        7.071047105716545,
                        0.0,
                        -4.6910124888651925,
                        13.951175174347362,
                        18.39915751577745,
                        31.952469017618895
                    ]
                ],
                "mui": [
                    0.0,
                    0.0,
                    0.0,
                    1.0,
                    0.0,
                    -0.8277498373752804,
                    0.01888182309944708,
                    0.01853875379178114
                ],
                "Ai": [
                    [
                        0.0,
                        0.0,
                        0.0,
                        0.0,
                        0.0,
                        0.0,
                        0.0,
                        0.0
                    ],
                    [
                        -0.7549742953246832,
                        0.0,
                        0.0,
                        0.0,
                        0.0,
                        0.0,
                        0.0,
                        0.0
                    ],
                    [
                        0.0,
                        0.9911217116552968,
                        0.0,
                        0.0,
                        0.0,
                        0.0,
                        0.0,
                        0.0
                    ],
                    [
                        0.0,
                        0.0,
                        0.0,
                        0.0,
                        0.0,
                        0.0,
                        0.0,
                        0.0
                    ],
                    [
                        0.6613666584959086,
                        0.5425637084623822,
                        -0.6709898167752633,
                        0.0,
                        0.0,
                        0.0,
                        0.0,
                        0.0
                    ],
                    [
                        -0.8928834497507698,
                        0.7275287894625091,
                        0.5951920711181716,
                        -0.8277498373752804,
                        0.0,
                        0.0,
                        0.0,
                        0.0
                    ],
                    [
                        -0.6692110540344482,
                        0.5938443556743553,
                        0.0,
                        0.6807459173898497,
                        0.0,
                        0.7995943513430501,
                        0.0,
                        0.0
                    ],
                    [
                        -0.9573209957867952,
                        -0.8443460306040953,
                        0.5376785711571661,
                        0.7364446131354843,
                        -0.0,
                        0.886142148437504,
                        0.8260939547346566,
                        0.0
                    ]
                ]
            },
            "est_params": {
                "mui": [
                    0.2990618281100499,
                    -0.3091054922000696,
                    -0.40054829563664884,
                    0.6567193577163726,
                    0.6906499284459908,
                    -1.2790040091035335,
                    -0.968936474895549,
                    -1.676216835223153
                ],
                "Si": [
                    [
                        0.8423084161605009,
                        -0.6013122063688464,
                        -0.5418687437936621,
                        0.2806127702617129,
                        0.32888304747492836,
                        -1.7508866337295748,
                        -2.117279998262644,
                        -3.692390790188722
                    ],
                    [
                        -0.6013122063688464,
                        1.3890984108394342,
                        1.3082107072440945,
                        -0.15649510408468298,
                        -0.2741284135228259,
                        2.4692217882659473,
                        3.093444172382758,
                        4.7319934981270295
                    ],
                    [
                        -0.5418687437936619,
                        1.3082107072440947,
                        2.151385487186978,
                        0.3038830298414753,
                        -0.5337230074487753,
                        2.4826290373251316,
                        3.329461067725528,
                        5.7467631142288145
                    ],
                    [
                        0.2806127702617129,
                        -0.15649510408468298,
                        0.3038830298414753,
                        1.2153153302794337,
                        -0.0831756861313469,
                        -1.207176814842826,
                        -0.3941797373510795,
                        -0.47564778583166517
                    ],
                    [
                        0.32888304747492847,
                        -0.2741284135228259,
                        -0.5337230074487753,
                        -0.08317568613134692,
                        0.9352129979796661,
                        -0.7551961832817435,
                        -1.0533800912029532,
                        -1.9756762464216897
                    ],
                    [
                        -1.7508866337295745,
                        2.4692217882659473,
                        2.4826290373251316,
                        -1.207176814842826,
                        -0.7551961832817435,
                        6.866360814142148,
                        7.264941994485511,
                        12.142837580913067
                    ],
                    [
                        -2.117279998262644,
                        3.093444172382758,
                        3.329461067725528,
                        -0.3941797373510794,
                        -1.0533800912029532,
                        7.264941994485511,
                        9.773750234564075,
                        15.442668701941388
                    ],
                    [
                        -3.6923907901887216,
                        4.7319934981270295,
                        5.7467631142288145,
                        -0.47564778583166517,
                        -1.97567624642169,
                        12.142837580913067,
                        15.442668701941388,
                        26.86483356445806
                    ]
                ]
            },
            "est_tgt": [
                0,
                1,
                2,
                3,
