{
    "expt_args": {
        "save_dir": "all_expt_logs/expt_logs_30.04.24-igsp",
        "exp_name": "185",
        "num_nodes": 8,
        "obs_noise_mean": 0.0,
        "obs_noise_var": 1.0,
        "max_edge_strength": 1.0,
        "graph_sparsity_method": "adj_dense_prop",
        "adj_dense_prop": 0.8,
        "num_parents": null,
        "new_noise_mean": 1.0,
        "mix_samples": 2048,
        "stage2_samples": 2048,
        "gmm_tol": 0.001,
        "intv_type": "do",
        "new_noise_sigma": 0.0,
        "intv_targets": [
            0,
            1,
            2,
            3,
            4,
            5,
            6,
            7
        ]
    },
    "intv_args_dict": {
        "0": {
            "intv_type": "do",
            "inode": 0,
            "new_mui": 1.0,
            "new_sigmai": 0.0,
            "true_params": {
                "Si": [
                    [
                        0.0,
                        0.0,
                        0.0,
                        0.0,
                        0.0,
                        0.0,
                        0.0,
                        0.0
                    ],
                    [
                        0.0,
                        1.0,
                        0.6371959248444561,
                        1.0704714313817623,
                        -0.2500305323309591,
                        -0.3516609006488842,
                        -0.8101223421932788,
                        1.4607468836368946
                    ],
                    [
                        0.0,
                        0.6371959248444561,
                        1.4060186466383817,
                        1.2540951784446157,
                        -0.5701871984678593,
                        0.10755417811674117,
                        -1.1453285375547275,
                        2.2339196017521794
                    ],
                    [
                        0.0,
                        1.0704714313817623,
                        1.2540951784446157,
                        2.473087530971465,
                        -1.2209736078927613,
                        0.39302793560090193,
                        -1.0872380926759726,
                        3.5835058231317563
                    ],
                    [
                        0.0,
                        -0.2500305323309591,
                        -0.5701871984678593,
                        -1.2209736078927613,
                        1.7472949749933224,
                        -1.2719372112936749,
                        1.052062455493746,
                        -2.9410127683428158
                    ],
                    [
                        0.0,
                        -0.3516609006488842,
                        0.10755417811674117,
                        0.39302793560090193,
                        -1.2719372112936749,
                        2.2212734869636765,
                        -0.4007879190789215,
                        2.2653970596501134
                    ],
                    [
                        0.0,
                        -0.8101223421932788,
                        -1.1453285375547275,
                        -1.0872380926759726,
                        1.052062455493746,
                        -0.4007879190789215,
                        2.5497633961770196,
                        -3.412571180419762
                    ],
                    [
                        0.0,
                        1.4607468836368946,
                        2.2339196017521794,
                        3.5835058231317563,
                        -2.9410127683428158,
                        2.2653970596501134,
                        -3.412571180419762,
                        8.867295507365561
                    ]
                ],
                "mui": [
                    1.0,
                    0.6814288294823897,
                    -0.521534958655937,
                    -0.5278599691891889,
                    1.5652217374080017,
                    -0.921886067389435,
                    0.5254844506730448,
                    -2.530306447734358
                ],
                "Ai": [
                    [
                        0.0,
                        0.0,
                        0.0,
                        0.0,
                        0.0,
                        0.0,
                        0.0,
                        0.0
                    ],
                    [
                        0.6814288294823897,
                        0.0,
                        0.0,
                        0.0,
                        0.0,
                        0.0,
                        0.0,
                        0.0
                    ],
                    [
                        -0.9557386318736435,
                        0.6371959248444561,
                        0.0,
                        0.0,
                        0.0,
                        0.0,
                        0.0,
                        0.0
                    ],
                    [
                        -0.7106322066305659,
                        0.7059984561444466,
                        0.571995144705745,
                        0.0,
                        0.0,
                        0.0,
                        0.0,
                        0.0
                    ],
                    [
                        0.8324637110051851,
                        0.5188977986726411,
                        -0.0,
                        -0.7183081289811435,
                        0.0,
                        0.0,
                        0.0,
                        0.0
                    ],
                    [
                        0.7186281751523498,
                        -0.5534720404494011,
                        0.0,
                        0.0,
                        -0.8071459830089254,
                        0.0,
                        0.0,
                        0.0
                    ],
                    [
                        -0.0,
                        -0.8667654700306899,
                        -0.7091036162380856,
                        0.6365115903101745,
                        0.6914611954062575,
                        0.0,
                        0.0,
                        0.0
                    ],
                    [
                        -0.9412063738326633,
                        -0.0,
                        0.0,
                        0.9817748462743896,
                        -0.0,
                        0.7000529759708662,
                        -0.8097125391047238,
                        0.0
                    ]
                ]
            },
            "est_params": {
                "mui": [
                    0.9999966972790324,
                    0.7273207215093744,
                    -0.3815772549247573,
                    -0.4403934147755191,
                    1.4807750169779361,
                    -0.7778448560004234,
                    0.46183021647422945,
                    -2.225853810391409
                ],
                "Si": [
                    [
                        1.0027720567955816e-06,
                        -1.5104924175338494e-06,
                        -3.3476419921637e-06,
                        -2.756121758409662e-06,
                        1.8318361834403341e-06,
                        -5.314351308885475e-06,
                        1.996376959675192e-06,
                        -8.414492803621857e-06
                    ],
                    [
                        -1.5104924175338492e-06,
                        0.8696776547516781,
                        0.508778240197199,
                        0.8592045113463325,
                        -0.031582896689308505,
                        -0.4929499970527778,
                        -0.6724065111990646,
                        0.9987382392061637
                    ],
                    [
                        -3.3476419921637e-06,
                        0.508778240197199,
                        1.3013667273445053,
                        1.1432758769765605,
                        -0.46075156393977335,
                        0.062274443838468356,
                        -1.0539730332173778,
                        2.07006662712024
                    ],
                    [
                        -2.7561217584096617e-06,
                        0.8592045113463322,
                        1.1432758769765605,
                        2.335579985705855,
                        -1.0669705967780763,
                        0.5019935212932769,
                        -0.7968325874665081,
                        3.2066961589218206
                    ],
                    [
                        1.8318361834403341e-06,
                        -0.03158289668930851,
                        -0.46075156393977335,
                        -1.0669705967780763,
                        1.5842537804479229,
                        -1.4010327897750303,
                        0.7043659947617756,
                        -2.565752495639221
                    ],
                    [
                        -5.314351308885475e-06,
                        -0.4929499970527777,
                        0.062274443838468335,
                        0.5019935212932769,
                        -1.4010327897750303,
                        2.547637040770459,
                        -0.1655160562299897,
                        2.350314689949616
                    ],
                    [
                        1.9963769596751924e-06,
                        -0.6724065111990646,
                        -1.0539730332173778,
                        -0.7968325874665079,
                        0.7043659947617755,
                        -0.16551605622998966,
                        2.4532333686093475,
                        -2.9622407937591357
                    ],
                    [
                        -8.414492803621857e-06,
                        0.9987382392061637,
                        2.07006662712024,
                        3.2066961589218206,
                        -2.5657524956392206,
                        2.3503146899496157,
                        -2.9622407937591357,
                        8.181059295471583
                    ]
                ]
            },
            "est_tgt": [
                0,
                1,
                4
            ]
        },
        "1": {
            "intv_type": "do",
            "inode": 1,
            "new_mui": 1.0,
            "new_sigmai": 0.0,
            "true_params": {
                "Si": [
                    [
                        1.0,
                        0.0,
                        -0.9557386318736435,
                        -1.2573100636700012,
                        1.735599750389146,
                        -0.6822541914855431,
                        1.077525170051343,
                        -3.525701486821096
                    ],
                    [
                        0.0,
                        0.0,
                        0.0,
                        0.0,
                        0.0,
                        0.0,
                        0.0,
                        0.0
                    ],
                    [
                        -0.9557386318736435,
                        0.0,
                        1.9134363324557038,
                        1.7736549447986756,
                        -2.069648493097042,
                        0.9836877584977931,
                        -1.6589543143180099,
                        4.672786755678777
                    ],
                    [
                        -1.2573100636700012,
                        0.0,
                        1.7736549447986756,
                        2.9080070417728088,
                        -3.135510098726711,
                        1.6272759442153264,
                        -1.5748085095972708,
                        6.452717976594972
                    ],
                    [
                        1.735599750389146,
                        0.0,
                        -2.069648493097042,
                        -3.135510098726711,
                        4.697086201446485,
                        -2.5439833779271575,
                        2.71965955120109,
                        -8.69498806789963
                    ],
                    [
                        -0.6822541914855431,
                        0.0,
                        0.9836877584977931,
                        1.6272759442153264,
                        -2.5439833779271575,
                        2.563078879718084,
                        -1.420822335269095,
                        5.184509241680419
                    ],
                    [
                        1.077525170051343,
                        0.0,
                        -1.6589543143180099,
                        -1.5748085095972708,
                        2.71965955120109,
                        -1.420822335269095,
                        3.054525678950472,
                        -6.028219587833483
                    ],
                    [
                        -3.525701486821096,
                        0.0,
                        4.672786755678777,
                        6.452717976594972,
                        -8.69498806789963,
                        5.184509241680419,
                        -6.028219587833483,
                        19.164085023483153
                    ]
                ],
                "mui": [
                    0.0,
                    1.0,
                    0.6371959248444561,
                    1.0704714313817623,
                    -0.2500305323309591,
                    -0.3516609006488842,
                    -0.8101223421932788,
                    1.4607468836368946
                ],
                "Ai": [
                    [
                        0.0,
                        0.0,
                        0.0,
                        0.0,
                        0.0,
                        0.0,
                        0.0,
                        0.0
                    ],
                    [
                        0.0,
                        0.0,
                        0.0,
                        0.0,
                        0.0,
                        0.0,
                        0.0,
                        0.0
                    ],
                    [
                        -0.9557386318736435,
                        0.6371959248444561,
                        0.0,
                        0.0,
                        0.0,
                        0.0,
                        0.0,
                        0.0
                    ],
                    [
                        -0.7106322066305659,
                        0.7059984561444466,
                        0.571995144705745,
                        0.0,
                        0.0,
                        0.0,
                        0.0,
                        0.0
                    ],
                    [
                        0.8324637110051851,
                        0.5188977986726411,
                        -0.0,
                        -0.7183081289811435,
                        0.0,
                        0.0,
                        0.0,
                        0.0
                    ],
                    [
                        0.7186281751523498,
                        -0.5534720404494011,
                        0.0,
                        0.0,
                        -0.8071459830089254,
                        0.0,
                        0.0,
                        0.0
                    ],
                    [
                        -0.0,
                        -0.8667654700306899,
                        -0.7091036162380856,
                        0.6365115903101745,
                        0.6914611954062575,
                        0.0,
                        0.0,
                        0.0
                    ],
                    [
                        -0.9412063738326633,
                        -0.0,
                        0.0,
                        0.9817748462743896,
                        -0.0,
                        0.7000529759708662,
                        -0.8097125391047238,
                        0.0
                    ]
                ]
            },
            "est_params": {
                "mui": [
                    -0.03205008250167401,
                    0.9999999695122754,
                    0.6289863860458365,
                    1.1534334873387269,
                    -0.38244902670343145,
                    -0.3446102135266724,
                    -0.7908514129958739,
                    1.5170682658831556
                ],
                "Si": [
                    [
                        1.0002600504684342,
                        -3.983974182332433e-08,
                        -0.9493400178613477,
                        -1.2206375960905345,
                        1.744206739844995,
                        -0.7855156801506994,
                        1.0138837831238527,
                        -3.4497853879890563
                    ],
                    [
                        -3.983974182332433e-08,
                        1.0000149154677502e-06,
                        5.869539110205419e-08,
                        7.177351627732588e-08,
                        -1.1119866366368631e-07,
                        6.955039126060545e-08,
                        -5.171585354491379e-08,
                        1.9068448806718082e-07
                    ],
                    [
                        -0.9493400178613478,
                        5.869539110205419e-08,
                        1.8372249644987122,
                        1.6690610782840654,
                        -1.9845149236466537,
                        1.0181970580297703,
                        -1.4104142495733043,
                        4.288285457884621
                    ],
                    [
                        -1.2206375960905345,
                        7.177351627732588e-08,
                        1.6690610782840654,
                        2.882515411318081,
                        -3.1257767890859562,
                        1.821525659887464,
                        -1.3911791246178478,
                        6.181857519934755
                    ],
                    [
                        1.744206739844995,
                        -1.1119866366368631e-07,
                        -1.9845149236466537,
                        -3.1257767890859562,
                        4.885981121309608,
                        -2.8931336319065375,
                        2.6516725212509464,
                        -8.667940721402548
                    ],
                    [
                        -0.7855156801506994,
                        6.955039126060545e-08,
                        1.0181970580297703,
                        1.821525659887464,
                        -2.8931336319065375,
                        2.674466574683913,
                        -1.394279532970531,
                        5.44603049587526
                    ],
                    [
                        1.0138837831238527,
                        -5.171585354491379e-08,
                        -1.4104142495733043,
                        -1.3911791246178478,
                        2.6516725212509464,
                        -1.394279532970531,
                        2.6654423994527785,
                        -5.307733258092378
                    ],
                    [
                        -3.4497853879890563,
                        1.9068448806718082e-07,
                        4.288285457884621,
                        6.181857519934755,
                        -8.667940721402548,
                        5.44603049587526,
                        -5.307733258092378,
                        17.909388277763306
                    ]
                ]
            },
            "est_tgt": [
                1,
                5
            ]
        },
        "2": {
            "intv_type": "do",
            "inode": 2,
            "new_mui": 1.0,
            "new_sigmai": 0.0,
            "true_params": {
                "Si": [
                    [
                        1.0,
                        0.6814288294823897,
                        0.0,
                        -0.22954450504368146,
                        1.350939314511501,
                        -0.7489288705191047,
                        0.19737539570235063,
                        -1.8506746123934035
                    ],
                    [
                        0.6814288294823897,
                        1.4643452496497398,
                        0.0,
                        0.5495802127584162,
                        0.9323423643652619,
                        -1.0733165912053626,
                        -0.27475115758210067,
                        -0.6307101451302709
                    ],
                    [
                        0.0,
                        0.0,
                        0.0,
                        0.0,
                        0.0,
                        0.0,
                        0.0,
                        0.0
                    ],
                    [
                        -0.22954450504368146,
                        0.5495802127584162,
                        0.0,
                        1.5511244998740907,
                        -1.0200968452364976,
                        0.35423264039090974,
                        -0.19440581328456435,
                        2.144298207424739
                    ],
                    [
                        1.350939314511501,
                        0.9323423643652619,
                        0.0,
                        -1.0200968452364976,
                        3.34114221186082,
                        -2.241991891438711,
                        0.8528445549251341,
                        -4.533090142630695
                    ],
                    [
                        -0.7489288705191047,
                        -1.0733165912053626,
                        0.0,
                        0.35423264039090974,
                        -2.241991891438711,
                        2.8654640853559115,
                        -0.39446345240250347,
                        3.378051986664924
                    ],
                    [
                        0.19737539570235063,
                        -0.27475115758210067,
                        0.0,
                        -0.19440581328456435,
                        0.8528445549251341,
                        -0.39446345240250347,
                        1.7041121783080757,
                        -2.032620030508326
                    ],
                    [
                        -1.8506746123934035,
                        -0.6307101451302709,
                        0.0,
                        2.144298207424739,
                        -4.533090142630695,
                        3.378051986664924,
                        -2.032620030508326,
                        8.857738056222932
                    ]
                ],
                "mui": [
                    0.0,
                    0.0,
                    1.0,
                    0.571995144705745,
                    -0.4108687621798821,
                    0.33163107093734134,
                    -0.6291218824837241,
                    1.3031376402695112
                ],
                "Ai": [
                    [
                        0.0,
                        0.0,
                        0.0,
                        0.0,
                        0.0,
                        0.0,
                        0.0,
                        0.0
                    ],
                    [
                        0.6814288294823897,
                        0.0,
                        0.0,
                        0.0,
                        0.0,
                        0.0,
                        0.0,
                        0.0
                    ],
                    [
                        0.0,
                        0.0,
                        0.0,
                        0.0,
                        0.0,
                        0.0,
                        0.0,
                        0.0
                    ],
                    [
                        -0.7106322066305659,
                        0.7059984561444466,
                        0.571995144705745,
                        0.0,
                        0.0,
                        0.0,
                        0.0,
                        0.0
                    ],
                    [
                        0.8324637110051851,
                        0.5188977986726411,
                        -0.0,
                        -0.7183081289811435,
                        0.0,
                        0.0,
                        0.0,
                        0.0
                    ],
                    [
                        0.7186281751523498,
                        -0.5534720404494011,
                        0.0,
                        0.0,
                        -0.8071459830089254,
                        0.0,
                        0.0,
                        0.0
                    ],
                    [
                        -0.0,
                        -0.8667654700306899,
                        -0.7091036162380856,
                        0.6365115903101745,
                        0.6914611954062575,
                        0.0,
                        0.0,
                        0.0
                    ],
                    [
                        -0.9412063738326633,
                        -0.0,
                        0.0,
                        0.9817748462743896,
                        -0.0,
                        0.7000529759708662,
                        -0.8097125391047238,
                        0.0
                    ]
                ]
            },
            "est_params": {
                "mui": [
                    0.012396365957755954,
                    -0.12084981282912015,
                    0.9999980103271658,
                    0.4718185587383083,
                    -0.4148031953870401,
                    0.2878781684492195,
                    -0.7029628125319711,
                    1.272163783252324
                ],
                "Si": [
                    [
                        1.0527214368881797,
                        0.8553426868998237,
                        -9.878046268692447e-08,
                        -0.1098950074878092,
                        1.3265683350650108,
                        -0.8474870120267962,
                        0.11353689407531964,
                        -1.69974026631823
                    ],
                    [
                        0.8553426868998237,
                        1.8000205538297769,
                        -6.567667189850863e-07,
                        0.5585853488854459,
                        1.267192229856264,
                        -1.5177946014195578,
                        -0.2719201915338056,
                        -1.0459542705680462
                    ],
                    [
                        -9.878046268692447e-08,
                        -6.567667189850858e-07,
                        1.0046720019468658e-06,
                        -1.4480104205958765e-06,
                        -1.172649525931903e-06,
                        -1.366792748560053e-06,
                        -2.9311382424295366e-06,
                        1.3740550847447544e-06
                    ],
                    [
                        -0.1098950074878092,
                        0.5585853488854459,
                        -1.4480104205958767e-06,
                        1.3802019583432017,
                        -0.7363111917765393,
                        0.19586468089651723,
                        -0.1469665773502211,
                        1.7481411417751562
                    ],
                    [
                        1.3265683350650108,
                        1.267192229856264,
                        -1.172649525931903e-06,
                        -0.7363111917765393,
                        3.0968302493848645,
                        -2.35293698887854,
                        0.643089545660468,
                        -4.049613299699993
                    ],
                    [
                        -0.8474870120267962,
                        -1.517794601419558,
                        -1.366792748560053e-06,
                        0.1958646808965172,
                        -2.35293698887854,
                        3.228945418583415,
                        -0.22253973921815756,
                        3.37842918773765
                    ],
                    [
                        0.11353689407531968,
                        -0.2719201915338056,
                        -2.9311382424295366e-06,
                        -0.1469665773502211,
                        0.6430895456604682,
                        -0.22253973921815753,
                        1.8102939526428992,
                        -1.8012078402589435
                    ],
                    [
                        -1.6997402663182302,
                        -1.0459542705680462,
                        1.3740550847447544e-06,
                        1.748141141775156,
                        -4.049613299699993,
                        3.37842918773765,
                        -1.801207840258944,
                        7.989574219649251
                    ]
                ]
            },
            "est_tgt": [
                2,
                6
            ]
        },
        "3": {
            "intv_type": "do",
            "inode": 3,
            "new_mui": 1.0,
            "new_sigmai": 0.0,
            "true_params": {
                "Si": [
                    [
                        1.0,
                        0.6814288294823897,
                        -0.521534958655937,
                        0.0,
                        1.1860556305756715,
                        -0.6158436673665867,
                        0.5992947896349154,
                        -1.8575860716929733
                    ],
                    [
                        0.6814288294823897,
                        1.4643452496497398,
                        0.2818069684333944,
                        0.0,
                        1.3271102987168186,
                        -1.3919519436379528,
                        -0.5514289654103899,
                        -1.1693063104559989
                    ],
                    [
                        -0.521534958655937,
                        0.2818069684333944,
                        1.6780173597386316,
                        0.0,
                        -0.2879299115309582,
                        -0.2983605219684348,
                        -1.6332410881734578,
                        1.604459644422391
                    ],
                    [
                        0.0,
                        0.0,
                        0.0,
                        0.0,
                        0.0,
                        0.0,
                        0.0,
                        0.0
                    ],
                    [
                        1.1860556305756715,
                        1.3271102987168186,
                        -0.2879299115309582,
                        0.0,
                        2.6759828842875666,
                        -2.0420942871557948,
                        0.9042170836960277,
                        -3.2780532128958386
                    ],
                    [
                        -0.6158436673665867,
                        -1.3919519436379528,
                        -0.2983605219684348,
                        0.0,
                        -2.0420942871557948,
                        2.976112072397301,
                        0.0060354488289473835,
                        2.658185119518543
                    ],
                    [
                        0.5992947896349154,
                        -0.5514289654103899,
                        -1.6332410881734578,
                        0.0,
                        0.9042170836960277,
                        0.0060354488289473835,
                        3.2613277738041138,
                        -3.2005729344747484
                    ],
                    [
                        -1.8575860716929733,
                        -1.1693063104559989,
                        1.604459644422391,
                        0.0,
                        -3.2780532128958386,
                        2.658185119518543,
                        -3.2005729344747484,
                        7.2007862915840395
                    ]
                ],
                "mui": [
                    0.0,
                    0.0,
                    0.0,
                    1.0,
                    -0.7183081289811435,
                    0.579779520869787,
                    0.1398293927748408,
                    1.2744296126010588
                ],
                "Ai": [
                    [
                        0.0,
                        0.0,
                        0.0,
                        0.0,
                        0.0,
                        0.0,
                        0.0,
                        0.0
                    ],
                    [
                        0.6814288294823897,
                        0.0,
                        0.0,
                        0.0,
                        0.0,
                        0.0,
                        0.0,
                        0.0
                    ],
                    [
                        -0.9557386318736435,
                        0.6371959248444561,
                        0.0,
                        0.0,
                        0.0,
                        0.0,
                        0.0,
                        0.0
                    ],
                    [
                        0.0,
                        0.0,
                        0.0,
                        0.0,
                        0.0,
                        0.0,
                        0.0,
                        0.0
                    ],
                    [
                        0.8324637110051851,
                        0.5188977986726411,
                        -0.0,
                        -0.7183081289811435,
                        0.0,
                        0.0,
                        0.0,
                        0.0
                    ],
                    [
                        0.7186281751523498,
                        -0.5534720404494011,
                        0.0,
                        0.0,
                        -0.8071459830089254,
                        0.0,
                        0.0,
                        0.0
                    ],
                    [
                        -0.0,
                        -0.8667654700306899,
                        -0.7091036162380856,
                        0.6365115903101745,
                        0.6914611954062575,
                        0.0,
                        0.0,
                        0.0
                    ],
                    [
                        -0.9412063738326633,
                        -0.0,
                        0.0,
                        0.9817748462743896,
                        -0.0,
                        0.7000529759708662,
                        -0.8097125391047238,
                        0.0
                    ]
                ]
            },
            "est_params": {
                "mui": [
                    0.02424593138800607,
                    -0.05221852813865041,
                    0.004619720514423205,
                    0.999997794959127,
                    -0.6969594899931784,
                    0.5137393083818946,
                    0.1810681313692726,
                    1.140431168792041
                ],
                "Si": [
                    [
                        0.9611158121421175,
                        0.5967427845897076,
                        -0.7142850703449,
                        -6.13007460441987e-07,
                        1.120041123463534,
                        -0.6095152738508546,
                        0.7404828265521165,
                        -1.9972368582821034
                    ],
                    [
                        0.5967427845897075,
                        1.3562329858598203,
                        0.1740098670812485,
                        -1.6298485666336072e-06,
                        1.3152819861949723,
                        -1.4298736971153096,
                        -0.3892378641582364,
                        -1.30180273018682
                    ],
                    [
                        -0.7142850703449001,
                        0.1740098670812484,
                        1.9802942794616345,
                        1.4878984140242416e-06,
                        -0.5505542051252514,
                        -0.07200825216907214,
                        -1.9305013907898876,
                        2.25085713007633
                    ],
                    [
                        -6.130074604419871e-07,
                        -1.6298485666336074e-06,
                        1.4878984140242416e-06,
                        1.002652684597889e-06,
                        -7.761588169141098e-08,
                        -2.1406660075559536e-06,
                        2.7540929604701354e-06,
                        -3.7816073164836408e-06
                    ],
                    [
                        1.120041123463534,
                        1.3152819861949723,
                        -0.5505542051252514,
                        -7.761588169141086e-08,
                        2.857338887171229,
                        -2.3911022890302145,
                        1.1644205722523755,
                        -3.7761724110547945
                    ],
                    [
                        -0.6095152738508547,
                        -1.4298736971153099,
                        -0.07200825216907211,
                        -2.140666007555953e-06,
                        -2.391102289030215,
                        3.3691970526716593,
                        -0.38712617147802747,
                        3.3036114047805047
                    ],
                    [
                        0.7404828265521165,
                        -0.38923786415823647,
                        -1.9305013907898876,
                        2.7540929604701345e-06,
                        1.1644205722523755,
                        -0.38712617147802747,
                        3.4272393527162555,
                        -3.835590572880885
                    ],
                    [
                        -1.997236858282103,
                        -1.30180273018682,
                        2.25085713007633,
                        -3.781607316483641e-06,
                        -3.7761724110547945,
                        3.3036114047805047,
                        -3.835590572880885,
                        8.567465852717094
                    ]
                ]
            },
            "est_tgt": [
                0,
                3
            ]
        },
        "4": {
            "intv_type": "do",
            "inode": 4,
