{
    "expt_args": {
        "save_dir": "all_expt_logs/expt_logs_30.04.24-igsp",
        "exp_name": "83",
        "num_nodes": 6,
        "obs_noise_mean": 0.0,
        "obs_noise_var": 1.0,
        "max_edge_strength": 1.0,
        "graph_sparsity_method": "adj_dense_prop",
        "adj_dense_prop": 0.8,
        "num_parents": null,
        "new_noise_mean": 1.0,
        "mix_samples": 8192,
        "stage2_samples": 8192,
        "gmm_tol": 0.001,
        "intv_type": "do",
        "new_noise_sigma": 0.0,
        "intv_targets": [
            0,
            1,
            2,
            3,
            4,
            5
        ]
    },
    "intv_args_dict": {
        "0": {
            "intv_type": "do",
            "inode": 0,
            "new_mui": 1.0,
            "new_sigmai": 0.0,
            "true_params": {
                "Si": [
                    [
                        0.0,
                        0.0,
                        0.0,
                        0.0,
                        0.0,
                        0.0
                    ],
                    [
                        0.0,
                        1.0,
                        -0.9066801599954217,
                        0.6932698591099821,
                        0.5978230164665386,
                        0.9863235255236107
                    ],
                    [
                        0.0,
                        -0.9066801599954217,
                        1.8220689125293235,
                        -1.3931985213884692,
                        -1.760540538879007,
                        -2.267957215449328
                    ],
                    [
                        0.0,
                        0.6932698591099821,
                        -1.3931985213884692,
                        2.0652737153089316,
                        2.0571658562629005,
                        3.0794986770976465
                    ],
                    [
                        0.0,
                        0.5978230164665386,
                        -1.760540538879007,
                        2.0571658562629005,
                        3.347689997511879,
                        3.7312486182566156
                    ],
                    [
                        0.0,
                        0.9863235255236107,
                        -2.267957215449328,
                        3.0794986770976465,
                        3.7312486182566156,
                        5.931146504704947
                    ]
                ],
                "mui": [
                    1.0,
                    0.0,
                    0.6764776861189781,
                    -0.014374747101742913,
                    -1.315401917265673,
                    -1.2710828905493217
                ],
                "Ai": [
                    [
                        0.0,
                        0.0,
                        0.0,
                        0.0,
                        0.0,
                        0.0
                    ],
                    [
                        0.0,
                        0.0,
                        0.0,
                        0.0,
                        0.0,
                        0.0
                    ],
                    [
                        0.6764776861189781,
                        -0.9066801599954217,
                        0.0,
                        0.0,
                        0.0,
                        0.0
                    ],
                    [
                        0.5028766617623472,
                        -0.0,
                        -0.7646244946106273,
                        0.0,
                        0.0,
                        0.0
                    ],
                    [
                        -0.8486616781737583,
                        -0.5069724439710582,
                        -0.6748479811295162,
                        0.7110134364810183,
                        0.0,
                        0.0
                    ],
                    [
                        -0.584539951352544,
                        -0.0,
                        0.0,
                        0.9818956838104173,
                        0.5111961813614256,
                        0.0
                    ]
                ]
            },
            "est_params": {
                "mui": [
                    0.9999984710260446,
                    0.004236366498684371,
                    0.6657125238153457,
                    -0.01970821082186882,
                    -1.3206680216688564,
                    -1.2983572085477155
                ],
                "Si": [
                    [
                        1.0063439196520519e-06,
                        -2.1015102677739266e-06,
                        5.390635891073601e-06,
                        -7.96356269505582e-06,
                        -6.5134191797829045e-06,
                        -1.0299018817393054e-05
                    ],
                    [
                        -2.1015102677739266e-06,
                        1.0011209022225913,
                        -0.955626323694624,
                        0.7065426011395263,
                        0.6571155065925989,
                        0.9970510871166165
                    ],
                    [
                        5.390635891073602e-06,
                        -0.955626323694624,
                        1.9238736524901132,
                        -1.4417526505057334,
                        -1.8370947149326744,
                        -2.3131044059934855
                    ],
                    [
                        -7.96356269505582e-06,
                        0.7065426011395263,
                        -1.4417526505057332,
                        2.0180286169104664,
                        2.068068241761351,
                        3.057201048602163
                    ],
                    [
                        -6.513419179782905e-06,
                        0.6571155065925989,
                        -1.8370947149326744,
                        2.068068241761351,
                        3.386643072261673,
                        3.7380546662727427
                    ],
                    [
                        -1.0299018817393055e-05,
                        0.9970510871166167,
                        -2.3131044059934855,
                        3.057201048602163,
                        3.7380546662727427,
                        5.9851301418255884
                    ]
                ]
            },
            "est_tgt": [
                0
            ]
        },
        "1": {
            "intv_type": "do",
            "inode": 1,
            "new_mui": 1.0,
            "new_sigmai": 0.0,
            "true_params": {
                "Si": [
                    [
                        1.0,
                        0.0,
                        0.6764776861189781,
                        -0.014374747101742913,
                        -1.315401917265673,
                        -1.2710828905493217
                    ],
                    [
                        0.0,
                        0.0,
                        0.0,
                        0.0,
                        0.0,
                        0.0
                    ],
                    [
                        0.6764776861189781,
                        0.0,
                        1.4576220598168868,
                        -0.7743486902685599,
                        -2.10834631596853,
                        -2.23353645618456
                    ],
                    [
                        -0.014374747101742913,
                        0.0,
                        -0.7743486902685599,
                        1.5848572511127963,
                        1.6616217477622808,
                        2.413981800618031
                    ],
                    [
                        -1.315401917265673,
                        0.0,
                        -2.10834631596853,
                        1.6616217477622808,
                        4.7205798424409355,
                        4.813586584248352
                    ],
                    [
                        -1.2710828905493217,
                        0.0,
                        -2.23353645618456,
                        2.413981800618031,
                        4.813586584248352,
                        6.573964122350842
                    ]
                ],
                "mui": [
                    0.0,
                    1.0,
                    -0.9066801599954217,
                    0.6932698591099821,
                    0.5978230164665386,
                    0.9863235255236107
                ],
                "Ai": [
                    [
                        0.0,
                        0.0,
                        0.0,
                        0.0,
                        0.0,
                        0.0
                    ],
                    [
                        0.0,
                        0.0,
                        0.0,
                        0.0,
                        0.0,
                        0.0
                    ],
                    [
                        0.6764776861189781,
                        -0.9066801599954217,
                        0.0,
                        0.0,
                        0.0,
                        0.0
                    ],
                    [
                        0.5028766617623472,
                        -0.0,
                        -0.7646244946106273,
                        0.0,
                        0.0,
                        0.0
                    ],
                    [
                        -0.8486616781737583,
                        -0.5069724439710582,
                        -0.6748479811295162,
                        0.7110134364810183,
                        0.0,
                        0.0
                    ],
                    [
                        -0.584539951352544,
                        -0.0,
                        0.0,
                        0.9818956838104173,
                        0.5111961813614256,
                        0.0
                    ]
                ]
            },
            "est_params": {
                "mui": [
                    0.032714212449659996,
                    1.000005110433733,
                    -0.888515116227054,
                    0.6561416582669473,
                    0.486216449821051,
                    0.8752478995447848
                ],
                "Si": [
                    [
                        1.0156173359095113,
                        -5.657438419540378e-06,
                        0.6917902613675134,
                        0.0068576767454232935,
                        -1.3160466766313246,
                        -1.277339991984876
                    ],
                    [
                        -5.657438419540378e-06,
                        1.0191992099579503e-06,
                        -3.914597075604933e-06,
                        2.478440954567015e-06,
                        3.3625889865607242e-06,
                        1.119467390529175e-05
                    ],
                    [
                        0.6917902613675135,
                        -3.914597075604933e-06,
                        1.4293072527053605,
                        -0.7397658269059186,
                        -2.077558824781486,
                        -2.178977042015299
                    ],
                    [
                        0.0068576767454232935,
                        2.4784409545670144e-06,
                        -0.7397658269059186,
                        1.528760733395478,
                        1.6273699988527,
                        2.302585510416471
                    ],
                    [
                        -1.3160466766313246,
                        3.3625889865607242e-06,
                        -2.077558824781486,
                        1.6273699988527,
                        4.720985459945005,
                        4.7726541442449175
                    ],
                    [
                        -1.277339991984876,
                        1.119467390529175e-05,
                        -2.178977042015299,
                        2.302585510416471,
                        4.7726541442449175,
                        6.447786397755422
                    ]
                ]
            },
            "est_tgt": [
                1,
                2,
                3,
                4
            ]
        },
        "2": {
            "intv_type": "do",
            "inode": 2,
            "new_mui": 1.0,
            "new_sigmai": 0.0,
            "true_params": {
                "Si": [
                    [
                        1.0,
                        0.0,
                        0.0,
                        0.5028766617623472,
                        -0.491109614768009,
                        -0.3418208873783911
                    ],
                    [
                        0.0,
                        1.0,
                        0.0,
                        0.0,
                        -0.5069724439710582,
                        -0.25916237741347425
                    ],
                    [
                        0.0,
                        0.0,
                        0.0,
                        0.0,
                        0.0,
                        0.0
                    ],
                    [
                        0.5028766617623472,
                        0.0,
                        0.0,
                        1.2528849369452422,
                        0.46404587284708965,
                        1.1734692906706898
                    ],
                    [
                        -0.491109614768009,
                        -0.5069724439710582,
                        0.0,
                        0.46404587284708965,
                        2.003749819520117,
                        1.7670270861061832
                    ],
                    [
                        -0.3418208873783911,
                        -0.25916237741347425,
                        0.0,
                        1.1734692906706898,
                        1.7670270861061832,
                        3.2553298952527587
                    ]
                ],
                "mui": [
                    0.0,
                    0.0,
                    1.0,
                    -0.7646244946106273,
                    -1.2185062706601801,
                    -1.3736772435203324
                ],
                "Ai": [
                    [
                        0.0,
                        0.0,
                        0.0,
                        0.0,
                        0.0,
                        0.0
                    ],
                    [
                        0.0,
                        0.0,
                        0.0,
                        0.0,
                        0.0,
                        0.0
                    ],
                    [
                        0.0,
                        0.0,
                        0.0,
                        0.0,
                        0.0,
                        0.0
                    ],
                    [
                        0.5028766617623472,
                        -0.0,
                        -0.7646244946106273,
                        0.0,
                        0.0,
                        0.0
                    ],
                    [
                        -0.8486616781737583,
                        -0.5069724439710582,
                        -0.6748479811295162,
                        0.7110134364810183,
                        0.0,
                        0.0
                    ],
                    [
                        -0.584539951352544,
                        -0.0,
                        0.0,
                        0.9818956838104173,
                        0.5111961813614256,
                        0.0
                    ]
                ]
            },
            "est_params": {
                "mui": [
                    -0.034104663943672286,
                    -0.045253863186021794,
                    0.9999960505569364,
                    -0.8236581694357802,
                    -1.2480105991462576,
                    -1.4262327415437872
                ],
                "Si": [
                    [
                        0.9912379834734705,
                        -0.01879711977776041,
                        1.7021334441277886e-06,
                        0.5252244600493738,
                        -0.44894719217536894,
                        -0.29946419048311684
                    ],
                    [
                        -0.018797119777760416,
                        0.95331740601853,
                        4.77454215264874e-06,
                        -0.029390056451409737,
                        -0.47424749318593246,
                        -0.266825462743697
                    ],
                    [
                        1.7021334441277886e-06,
                        4.77454215264874e-06,
                        1.0191228441123047e-06,
                        3.6568937438801625e-06,
                        -2.931370894081186e-06,
                        7.023526572539096e-07
                    ],
                    [
                        0.525224460049374,
                        -0.02939005645140973,
                        3.6568937438801625e-06,
                        1.2511319678283352,
                        0.48369572196396493,
                        1.154155065366284
                    ],
                    [
                        -0.44894719217536894,
                        -0.47424749318593246,
                        -2.931370894081186e-06,
                        0.48369572196396493,
                        1.9509819200988467,
                        1.715268763275961
                    ],
                    [
                        -0.29946419048311684,
                        -0.26682546274369695,
                        7.023526572539094e-07,
                        1.154155065366284,
                        1.715268763275961,
                        3.148936127175214
                    ]
                ]
            },
            "est_tgt": [
                1,
                2,
                3,
                4
            ]
        },
        "3": {
            "intv_type": "do",
            "inode": 3,
            "new_mui": 1.0,
            "new_sigmai": 0.0,
            "true_params": {
                "Si": [
                    [
                        1.0,
                        0.0,
                        0.6764776861189781,
                        0.0,
                        -1.3051812789303172,
                        -1.251743637126144
                    ],
                    [
                        0.0,
                        1.0,
                        -0.9066801599954217,
                        0.0,
                        0.10489883153203883,
                        0.05362388210845376
                    ],
                    [
                        0.6764776861189781,
                        -0.9066801599954217,
                        2.27969097234621,
                        0.0,
                        -1.6528836820229074,
                        -1.2403760602197922
                    ],
                    [
                        0.0,
                        0.0,
                        0.0,
                        0.0,
                        0.0,
                        0.0
                    ],
                    [
                        -1.3051812789303172,
                        0.10489883153203883,
                        -1.6528836820229074,
                        0.0,
                        3.1699217333615493,
                        2.383382486601194
                    ],
                    [
                        -1.251743637126144,
                        0.05362388210845376,
                        -1.2403760602197922,
                        0.0,
                        2.383382486601194,
                        2.9500701906258024
                    ]
                ],
                "mui": [
                    0.0,
                    0.0,
                    0.0,
                    1.0,
                    0.7110134364810183,
                    1.3453630374361785
                ],
                "Ai": [
                    [
                        0.0,
                        0.0,
                        0.0,
                        0.0,
                        0.0,
                        0.0
                    ],
                    [
                        0.0,
                        0.0,
                        0.0,
                        0.0,
                        0.0,
                        0.0
                    ],
                    [
                        0.6764776861189781,
                        -0.9066801599954217,
                        0.0,
                        0.0,
                        0.0,
                        0.0
                    ],
                    [
                        0.0,
                        0.0,
                        0.0,
                        0.0,
                        0.0,
                        0.0
                    ],
                    [
                        -0.8486616781737583,
                        -0.5069724439710582,
                        -0.6748479811295162,
                        0.7110134364810183,
                        0.0,
                        0.0
                    ],
                    [
                        -0.584539951352544,
                        -0.0,
                        0.0,
                        0.9818956838104173,
                        0.5111961813614256,
                        0.0
                    ]
                ]
            },
            "est_params": {
                "mui": [
                    0.06931878109962386,
                    -0.04364913699974859,
                    0.09085719170068043,
                    1.0000014645739677,
                    0.6019451732753129,
                    1.2742596547598006
                ],
                "Si": [
                    [
                        1.0567321338793891,
                        -0.05717430281022418,
                        0.7644881725227152,
                        3.673345555392141e-07,
                        -1.3854209918607627,
                        -1.3389205785532976
                    ],
                    [
                        -0.05717430281022418,
                        0.941770807845764,
                        -0.8958141823706111,
                        2.0241368974564654e-06,
                        0.16932016032064456,
                        0.11552876816044848
                    ],
                    [
                        0.7644881725227153,
                        -0.8958141823706111,
                        2.2792030329338386,
                        -9.146527152722473e-07,
                        -1.7529223509802185,
                        -1.3826525006422232
                    ],
                    [
                        3.67334555539214e-07,
                        2.024136897456465e-06,
                        -9.146527152722473e-07,
                        1.0077328238596112e-06,
                        3.1596180652004495e-06,
                        -1.46272645741809e-06
                    ],
                    [
                        -1.3854209918607627,
                        0.1693201603206446,
                        -1.752922350980218,
                        3.1596180652004495e-06,
                        3.367878847505348,
                        2.5720841877167437
                    ],
                    [
                        -1.3389205785532976,
                        0.11552876816044845,
                        -1.3826525006422232,
                        -1.46272645741809e-06,
                        2.5720841877167437,
                        3.1284193444480923
                    ]
                ]
            },
            "est_tgt": [
                2,
                3
            ]
        },
        "4": {
            "intv_type": "do",
            "inode": 4,
            "new_mui": 1.0,
            "new_sigmai": 0.0,
            "true_params": {
                "Si": [
                    [
                        1.0,
                        0.0,
                        0.6764776861189781,
                        -0.014374747101742913,
                        0.0,
                        -0.5986544534876117
                    ],
                    [
                        0.0,
                        1.0,
                        -0.9066801599954217,
                        0.6932698591099821,
                        0.0,
                        0.6807186823759475
                    ],
                    [
                        0.6764776861189781,
                        -0.9066801599954217,
                        2.27969097234621,
                        -1.402922717046402,
                        0.0,
                        -1.7729519943225143
                    ],
                    [
                        -0.014374747101742913,
                        0.6932698591099821,
                        -1.402922717046402,
                        2.0654803486631708,
                        0.0,
                        2.036488853319161
                    ],
                    [
                        0.0,
                        0.0,
                        0.0,
                        0.0,
                        0.0,
                        0.0
                    ],
                    [
                        -0.5986544534876117,
                        0.6807186823759475,
                        -1.7729519943225143,
                        2.036488853319161,
                        0.0,
                        3.3495570603207425
                    ]
                ],
                "mui": [
                    0.0,
                    0.0,
                    0.0,
                    0.0,
                    1.0,
                    0.5111961813614256
                ],
                "Ai": [
                    [
                        0.0,
                        0.0,
                        0.0,
                        0.0,
                        0.0,
                        0.0
                    ],
                    [
                        0.0,
                        0.0,
                        0.0,
                        0.0,
                        0.0,
                        0.0
                    ],
                    [
                        0.6764776861189781,
                        -0.9066801599954217,
                        0.0,
                        0.0,
                        0.0,
                        0.0
                    ],
                    [
                        0.5028766617623472,
                        -0.0,
                        -0.7646244946106273,
                        0.0,
                        0.0,
                        0.0
                    ],
                    [
                        0.0,
                        0.0,
                        0.0,
                        0.0,
                        0.0,
                        0.0
                    ],
                    [
                        -0.584539951352544,
                        -0.0,
                        0.0,
                        0.9818956838104173,
                        0.5111961813614256,
                        0.0
                    ]
                ]
            },
            "est_params": {
                "mui": [
                    -0.0007201810068170343,
                    -0.013772487967441365,
                    0.021238543911087975,
                    -0.05507434197055553,
                    0.9999976227740915,
                    0.43022492396664086
                ],
                "Si": [
                    [
                        1.04127268531372,
                        -0.0014237695061570961,
                        0.724745800098193,
                        -0.031212236858809177,
                        -1.4320413979900677e-06,
                        -0.6342598498250428
                    ],
                    [
                        -0.0014237695061570946,
                        1.0275749659548281,
                        -0.9139148229798931,
                        0.6332094064687244,
                        2.3426599445759432e-07,
                        0.669276028443707
                    ],
                    [
                        0.724745800098193,
                        -0.9139148229798929,
                        2.2900677620794574,
                        -1.351074709725412,
                        -4.1131855899638155e-07,
                        -1.834371236989764
                    ],
                    [
                        -0.03121223685880917,
                        0.6332094064687244,
                        -1.3510747097254123,
                        1.9512036291657129,
                        -2.2548106868294265e-06,
                        1.9837920873109838
                    ],
                    [
                        -1.432041397990068e-06,
                        2.3426599445759432e-07,
                        -4.1131855899638155e-07,
                        -2.2548106868294265e-06,
                        1.0077204790776858e-06,
                        1.0665804469665994e-06
                    ],
                    [
                        -0.6342598498250428,
                        0.669276028443707,
                        -1.834371236989764,
                        1.9837920873109838,
                        1.0665804469665994e-06,
                        3.3505897321697513
                    ]
                ]
            },
            "est_tgt": [
                1,
                4
            ]
        },
        "5": {
            "intv_type": "do",
            "inode": 5,
            "new_mui": 1.0,
            "new_sigmai": 0.0,
            "true_params": {
                "Si": [
                    [
                        1.0,
                        0.0,
                        0.6764776861189781,
                        -0.014374747101742913,
                        -1.315401917265673,
                        0.0
                    ],
                    [
                        0.0,
                        1.0,
                        -0.9066801599954217,
                        0.6932698591099821,
                        0.5978230164665386,
                        0.0
                    ],
                    [
                        0.6764776861189781,
                        -0.9066801599954217,
                        2.27969097234621,
                        -1.402922717046402,
                        -2.650380584187357,
                        0.0
                    ],
                    [
                        -0.014374747101742913,
                        0.6932698591099821,
                        -1.402922717046402,
                        2.0654803486631708,
                        2.0760744261607424,
                        0.0
                    ],
                    [
                        -1.315401917265673,
                        0.5978230164665386,
                        -2.650380584187357,
                        2.0760744261607424,
                        5.0779722014580875,
                        0.0
                    ],
                    [
                        0.0,
                        0.0,
                        0.0,
                        0.0,
                        0.0,
                        0.0
                    ]
                ],
                "mui": [
                    0.0,
                    0.0,
                    0.0,
                    0.0,
                    0.0,
                    1.0
                ],
                "Ai": [
                    [
                        0.0,
                        0.0,
                        0.0,
                        0.0,
                        0.0,
                        0.0
                    ],
                    [
                        0.0,
                        0.0,
                        0.0,
                        0.0,
                        0.0,
                        0.0
                    ],
                    [
                        0.6764776861189781,
                        -0.9066801599954217,
                        0.0,
                        0.0,
                        0.0,
                        0.0
                    ],
                    [
                        0.5028766617623472,
                        -0.0,
                        -0.7646244946106273,
                        0.0,
                        0.0,
                        0.0
                    ],
                    [
                        -0.8486616781737583,
                        -0.5069724439710582,
                        -0.6748479811295162,
                        0.7110134364810183,
                        0.0,
                        0.0
                    ],
                    [
                        0.0,
                        0.0,
                        0.0,
                        0.0,
                        0.0,
                        0.0
                    ]
                ]
            },
            "est_params": {
                "mui": [
                    -0.01724303664319071,
                    0.02795723918550486,
                    0.002505065460199263,
                    -0.019357150861945737,
                    -0.07029911530358872,
                    1.0000020564936651
                ],
                "Si": [
                    [
                        0.961702854443574,
                        -0.016965842058234332,
                        0.6849753054505956,
                        -0.06708569833054838,
                        -1.3322008192662107,
                        -2.9358284154087296e-06
                    ],
                    [
                        -0.016965842058234343,
                        0.9099702428534938,
                        -0.8278583993349031,
                        0.6103807870531268,
                        0.5915161053333511,
                        -5.737545658453511e-07
                    ],
                    [
                        0.6849753054505956,
                        -0.8278583993349031,
                        2.2346936171423457,
                        -1.344412926012697,
                        -2.6944923520276873,
                        2.747656630516345e-06
                    ],
                    [
                        -0.06708569833054841,
                        0.6103807870531268,
                        -1.344412926012697,
                        1.9748552471332308,
                        2.0862747439569236,
                        -2.1889089133566872e-06
                    ],
                    [
                        -1.3322008192662105,
                        0.5915161053333511,
                        -2.6944923520276873,
                        2.0862747439569236,
                        5.2233759059455425,
                        -2.1447095793392842e-06
                    ],
                    [
                        -2.9358284154087296e-06,
                        -5.737545658453511e-07,
                        2.747656630516345e-06,
                        -2.1889089133566876e-06,
                        -2.1447095793392842e-06,
                        1.0150444507555277e-06
                    ]
                ]
            },
            "est_tgt": [
                5
            ]
        },
        "obs": {
            "intv_type": "obs",
            "true_params": {
                "Si": [
                    [
                        1.0,
                        0.0,
                        0.6764776861189781,
                        -0.014374747101742913,
                        -1.315401917265673,
                        -1.2710828905493217
                    ],
                    [
                        0.0,
                        1.0,
                        -0.9066801599954217,
                        0.6932698591099821,
                        0.5978230164665386,
                        0.9863235255236107
                    ],
                    [
                        0.6764776861189781,
                        -0.9066801599954217,
                        2.27969097234621,
                        -1.402922717046402,
                        -2.650380584187357,
                        -3.1278164281135554
                    ],
                    [
                        -0.014374747101742913,
                        0.6932698591099821,
                        -1.402922717046402,
                        2.0654803486631708,
                        2.0760744261607424,
                        3.0977701721946453
                    ],
                    [
                        -1.315401917265673,
                        0.5978230164665386,
                        -2.650380584187357,
                        2.0760744261607424,
                        5.0779722014580875,
                        5.4032334894887875
                    ],
                    [
                        -1.2710828905493217,
                        0.9863235255236107,
                        -3.1278164281135554,
                        3.0977701721946453,
                        5.4032334894887875,
                        7.546798219352166
                    ]
                ],
                "mui": [
                    0.0,
                    0.0,
                    0.0,
                    0.0,
                    0.0,
                    0.0
                ],
                "Ai": [
                    [
                        0.0,
                        0.0,
                        0.0,
                        0.0,
                        0.0,
                        0.0
                    ],
                    [
                        0.0,
                        0.0,
                        0.0,
                        0.0,
                        0.0,
                        0.0
                    ],
                    [
                        0.6764776861189781,
                        -0.9066801599954217,
                        0.0,
                        0.0,
                        0.0,
                        0.0
                    ],
                    [
                        0.5028766617623472,
                        -0.0,
                        -0.7646244946106273,
                        0.0,
                        0.0,
                        0.0
                    ],
                    [
                        -0.8486616781737583,
                        -0.5069724439710582,
                        -0.6748479811295162,
                        0.7110134364810183,
                        0.0,
                        0.0
                    ],
                    [
                        -0.584539951352544,
                        -0.0,
                        0.0,
                        0.9818956838104173,
                        0.5111961813614256,
                        0.0
                    ]
                ]
            },
