{
    "expt_args": {
        "save_dir": "expt_logs_30.04.24-spallunk",
        "exp_name": "291",
        "num_nodes": 6,
        "obs_noise_mean": 0.0,
        "obs_noise_var": 1.0,
        "max_edge_strength": 1.0,
        "graph_sparsity_method": "adj_dense_prop",
        "adj_dense_prop": 0.9,
        "num_parents": null,
        "new_noise_mean": 1.0,
        "mix_samples": 8192,
        "stage2_samples": 8192,
        "gmm_tol": 0.001,
        "intv_type": "do",
        "new_noise_sigma": 0.0,
        "intv_targets": [
            0,
            1,
            2,
            3,
            4,
            5
        ]
    },
    "intv_args_dict": {
        "0": {
            "intv_type": "do",
            "inode": 0,
            "new_mui": 1.0,
            "new_sigmai": 0.0,
            "true_params": {
                "Si": [
                    [
                        0.0,
                        0.0,
                        0.0,
                        0.0,
                        0.0,
                        0.0
                    ],
                    [
                        0.0,
                        1.0,
                        -0.5092555859363368,
                        0.8965483245046111,
                        0.9930888492412696,
                        0.2913776116296831
                    ],
                    [
                        0.0,
                        -0.5092555859363368,
                        1.2593412518073617,
                        -1.1762210761728216,
                        -0.35707242369288283,
                        -0.0011485768618985925
                    ],
                    [
                        0.0,
                        0.8965483245046111,
                        -1.1762210761728216,
                        2.3216933422437434,
                        1.4594030573216843,
                        0.8248246226840292
                    ],
                    [
                        0.0,
                        0.9930888492412696,
                        -0.35707242369288283,
                        1.4594030573216843,
                        2.46535170310304,
                        1.7542969540530178
                    ],
                    [
                        0.0,
                        0.2913776116296831,
                        -0.0011485768618985925,
                        0.8248246226840292,
                        1.7542969540530178,
                        2.535777058104272
                    ]
                ],
                "mui": [
                    1.0,
                    0.8348591494437099,
                    0.5418210232424963,
                    -0.7359643024913138,
                    -0.17070717457005966,
                    0.22389831972904117
                ],
                "Ai": [
                    [
                        0.0,
                        0.0,
                        0.0,
                        0.0,
                        0.0,
                        0.0
                    ],
                    [
                        0.8348591494437099,
                        0.0,
                        0.0,
                        0.0,
                        0.0,
                        0.0
                    ],
                    [
                        0.9669777085667645,
                        -0.5092555859363368,
                        0.0,
                        0.0,
                        0.0,
                        0.0
                    ],
                    [
                        -0.788571493786645,
                        0.5300631359503707,
                        -0.7196488338569849,
                        0.0,
                        0.0,
                        0.0
                    ],
                    [
                        -0.610447769357253,
                        0.710454593421896,
                        0.6351725092768152,
                        0.6760365143024415,
                        0.0,
                        0.0
                    ],
                    [
                        0.9708418671932961,
                        -0.6921819275036798,
                        0.0,
                        -0.0,
                        0.9904043730677399,
                        0.0
                    ]
                ]
            },
            "est_params": {
                "mui": [
                    1.0000003264058075,
                    0.8161421718460431,
                    0.5581422297008206,
                    -0.7637736008396406,
                    -0.19898043794014322,
                    0.20444872246827805
                ],
                "Si": [
                    [
                        1.0077868052556703e-06,
                        -3.1762818502464557e-06,
                        9.949157474966358e-07,
                        1.6320656476716724e-06,
                        -1.6309339641307627e-06,
                        2.213899023876214e-06
                    ],
                    [
                        -3.1762818502464557e-06,
                        0.980737183838037,
                        -0.5334112441588151,
                        0.8872830056323885,
                        0.9706106369425288,
                        0.2996532834731498
                    ],
                    [
                        9.949157474966358e-07,
                        -0.5334112441588151,
                        1.2585311080412638,
                        -1.1711267936605383,
                        -0.40894396351146145,
                        -0.04043282411483412
                    ],
                    [
                        1.6320656476716728e-06,
                        0.8872830056323885,
                        -1.1711267936605383,
                        2.327773236158341,
                        1.5212877100579907,
                        0.9264244594775749
                    ],
                    [
                        -1.6309339641307627e-06,
                        0.970610636942529,
                        -0.40894396351146145,
                        1.5212877100579907,
                        2.417033293629904,
                        1.736366467724078
                    ],
                    [
                        2.213899023876215e-06,
                        0.2996532834731498,
                        -0.04043282411483413,
                        0.9264244594775749,
                        1.736366467724078,
                        2.572608773114543
                    ]
                ]
            },
            "est_tgt": [
                0
            ]
        },
        "1": {
            "intv_type": "do",
            "inode": 1,
            "new_mui": 1.0,
            "new_sigmai": 0.0,
            "true_params": {
                "Si": [
                    [
                        1.0,
                        0.0,
                        0.9669777085667645,
                        -1.4844558741224163,
                        -0.9997964865696585,
                        -0.01936094528305543
                    ],
                    [
                        0.0,
                        0.0,
                        0.0,
                        0.0,
                        0.0,
                        0.0
                    ],
                    [
                        0.9669777085667645,
                        0.0,
                        1.9350458888650306,
                        -2.155084573484352,
                        -0.8181172955019079,
                        0.1285154969718106
                    ],
                    [
                        -1.4844558741224163,
                        0.0,
                        -2.155084573484352,
                        3.721503686288265,
                        2.0532046808654947,
                        0.5923309821332758
                    ],
                    [
                        -0.9997964865696585,
                        0.0,
                        -0.8181172955019079,
                        2.0532046808654947,
                        2.478719255172724,
                        1.4842901020956925
                    ],
                    [
                        -0.01936094528305543,
                        0.0,
                        0.1285154969718106,
                        0.5923309821332758,
                        1.4842901020956925,
                        2.451250991747507
                    ]
                ],
                "mui": [
                    0.0,
                    1.0,
                    -0.5092555859363368,
                    0.8965483245046111,
                    0.9930888492412696,
                    0.2913776116296831
                ],
                "Ai": [
                    [
                        0.0,
                        0.0,
                        0.0,
                        0.0,
                        0.0,
                        0.0
                    ],
                    [
                        0.0,
                        0.0,
                        0.0,
                        0.0,
                        0.0,
                        0.0
                    ],
                    [
                        0.9669777085667645,
                        -0.5092555859363368,
                        0.0,
                        0.0,
                        0.0,
                        0.0
                    ],
                    [
                        -0.788571493786645,
                        0.5300631359503707,
                        -0.7196488338569849,
                        0.0,
                        0.0,
                        0.0
                    ],
                    [
                        -0.610447769357253,
                        0.710454593421896,
                        0.6351725092768152,
                        0.6760365143024415,
                        0.0,
                        0.0
                    ],
                    [
                        0.9708418671932961,
                        -0.6921819275036798,
                        0.0,
                        -0.0,
                        0.9904043730677399,
                        0.0
                    ]
                ]
            },
            "est_params": {
                "mui": [
                    0.02990894518297119,
                    1.0000031162891596,
                    -0.4959546788212918,
                    0.8703515304076583,
                    1.0253391054808172,
                    0.4079927391045595
                ],
                "Si": [
                    [
                        0.9770874175783723,
                        2.2771029406117533e-06,
                        0.9005675180290776,
                        -1.4391132375422877,
                        -1.0071322548591863,
                        -0.06207243650821443
                    ],
                    [
                        2.2771029406117524e-06,
                        1.0067217929005778e-06,
                        3.950925882865129e-06,
                        -6.090793194050239e-06,
                        -5.011368608689298e-06,
                        -1.2721217265721903e-06
                    ],
                    [
                        0.9005675180290776,
                        3.950925882865128e-06,
                        1.8371539269374697,
                        -2.047733173012436,
                        -0.7372943960258883,
                        0.12528094069927473
                    ],
                    [
                        -1.4391132375422877,
                        -6.090793194050239e-06,
                        -2.047733173012436,
                        3.6410803943834846,
                        2.095072752555013,
                        0.7343892016715055
                    ],
                    [
                        -1.0071322548591863,
                        -5.011368608689299e-06,
                        -0.7372943960258883,
                        2.095072752555013,
                        2.656497145600148,
                        1.6386429145962813
                    ],
                    [
                        -0.062072436508214424,
                        -1.2721217265721906e-06,
                        0.1252809406992747,
                        0.7343892016715055,
                        1.6386429145962813,
                        2.51371597918597
                    ]
                ]
            },
            "est_tgt": [
                1,
                2,
                4
            ]
        },
        "2": {
            "intv_type": "do",
            "inode": 2,
            "new_mui": 1.0,
            "new_sigmai": 0.0,
            "true_params": {
                "Si": [
                    [
                        1.0,
                        0.8348591494437099,
                        0.0,
                        -0.34604343495565304,
                        -0.2512562493393355,
                        0.14412216383099005
                    ],
                    [
                        0.8348591494437099,
                        1.6969897994098746,
                        0.0,
                        0.24116560817271443,
                        0.8590330495941514,
                        0.4866806341074925
                    ],
                    [
                        0.0,
                        0.0,
                        0.0,
                        0.0,
                        0.0,
                        0.0
                    ],
                    [
                        -0.34604343495565304,
                        0.24116560817271443,
                        0.0,
                        1.4007129869694483,
                        1.3295117823200773,
                        0.8138703532199747
                    ],
                    [
                        -0.2512562493393355,
                        0.8590330495941514,
                        0.0,
                        1.3295117823200773,
                        2.6624813039753423,
                        1.798395888358249
                    ],
                    [
                        0.14412216383099005,
                        0.4866806341074925,
                        0.0,
                        0.8138703532199747,
                        1.798395888358249,
                        2.584187443579432
                    ]
                ],
                "mui": [
                    0.0,
                    0.0,
                    1.0,
                    -0.7196488338569849,
                    0.14866362011432235,
                    0.14723709947730607
                ],
                "Ai": [
                    [
                        0.0,
                        0.0,
                        0.0,
                        0.0,
                        0.0,
                        0.0
                    ],
                    [
                        0.8348591494437099,
                        0.0,
                        0.0,
                        0.0,
                        0.0,
                        0.0
                    ],
                    [
                        0.0,
                        0.0,
                        0.0,
                        0.0,
                        0.0,
                        0.0
                    ],
                    [
                        -0.788571493786645,
                        0.5300631359503707,
                        -0.7196488338569849,
                        0.0,
                        0.0,
                        0.0
                    ],
                    [
                        -0.610447769357253,
                        0.710454593421896,
                        0.6351725092768152,
                        0.6760365143024415,
                        0.0,
                        0.0
                    ],
                    [
                        0.9708418671932961,
                        -0.6921819275036798,
                        0.0,
                        -0.0,
                        0.9904043730677399,
                        0.0
                    ]
                ]
            },
            "est_params": {
                "mui": [
                    0.008910087025373568,
                    0.006999048907296083,
                    0.9999994186890083,
                    -0.7165897386724146,
                    0.1547948044151466,
                    0.1449453697434117
                ],
                "Si": [
                    [
                        0.9661903453030167,
                        0.784118413339291,
                        -6.984594717707513e-07,
                        -0.3243091127642464,
                        -0.20303542479048392,
                        0.18099144927833574
                    ],
                    [
                        0.784118413339291,
                        1.6693451654216338,
                        -6.023091501946377e-07,
                        0.3048580136959768,
                        0.9565253192161346,
                        0.5624887189273895
                    ],
                    [
                        -6.984594717707513e-07,
                        -6.023091501946378e-07,
                        1.0018889561094613e-06,
                        2.7524968554568324e-07,
                        1.9986321390896874e-07,
                        -3.3248715228081257e-07
                    ],
                    [
                        -0.3243091127642464,
                        0.3048580136959768,
                        2.7524968554568324e-07,
                        1.4655151859419415,
                        1.381733193569028,
                        0.8349746385781931
                    ],
                    [
                        -0.20303542479048395,
                        0.9565253192161346,
                        1.998632139089687e-07,
                        1.381733193569028,
                        2.7445134321420785,
                        1.8405479030777494
                    ],
                    [
                        0.18099144927833574,
                        0.5624887189273895,
                        -3.3248715228081247e-07,
                        0.8349746385781931,
                        1.8405479030777492,
                        2.5794891172833405
                    ]
                ]
            },
            "est_tgt": [
                1,
                2,
                4
            ]
        },
        "3": {
            "intv_type": "do",
            "inode": 3,
            "new_mui": 1.0,
            "new_sigmai": 0.0,
            "true_params": {
                "Si": [
                    [
                        1.0,
                        0.8348591494437099,
                        0.5418210232424963,
                        0.0,
                        0.3268315671371958,
                        0.7166628652865277
                    ],
                    [
                        0.8348591494437099,
                        1.6969897994098746,
                        -0.05691134732138581,
                        0.0,
                        0.6598477691909922,
                        0.2894066613454796
                    ],
                    [
                        0.5418210232424963,
                        -0.05691134732138581,
                        1.5529112730349075,
                        0.0,
                        0.6151801868262821,
                        1.1746926872324546
                    ],
                    [
                        0.0,
                        0.0,
                        0.0,
                        0.0,
                        0.0,
                        0.0
                    ],
                    [
                        0.3268315671371958,
                        0.6598477691909922,
                        0.6151801868262821,
                        0.0,
                        1.6600238203903246,
                        1.504661919270756
                    ],
                    [
                        0.7166628652865277,
                        0.2894066613454796,
                        1.1746926872324546,
                        0.0,
                        1.504661919270756,
                        2.9856679984346064
                    ]
                ],
                "mui": [
                    0.0,
                    0.0,
                    0.0,
                    1.0,
                    0.6760365143024415,
                    0.6695495201186097
                ],
                "Ai": [
                    [
                        0.0,
                        0.0,
                        0.0,
                        0.0,
                        0.0,
                        0.0
                    ],
                    [
                        0.8348591494437099,
                        0.0,
                        0.0,
                        0.0,
                        0.0,
                        0.0
                    ],
                    [
                        0.9669777085667645,
                        -0.5092555859363368,
                        0.0,
                        0.0,
                        0.0,
                        0.0
                    ],
                    [
                        0.0,
                        0.0,
                        0.0,
                        0.0,
                        0.0,
                        0.0
                    ],
                    [
                        -0.610447769357253,
                        0.710454593421896,
                        0.6351725092768152,
                        0.6760365143024415,
                        0.0,
                        0.0
                    ],
                    [
                        0.9708418671932961,
                        -0.6921819275036798,
                        0.0,
                        -0.0,
                        0.9904043730677399,
                        0.0
                    ]
                ]
            },
            "est_params": {
                "mui": [
                    -0.032077125389687905,
                    -0.020743966971898117,
                    -0.02458289162748414,
                    0.9999975428670798,
                    0.7008934718555639,
                    0.7202859333918841
                ],
                "Si": [
                    [
                        0.9633727140196452,
                        0.7882200675947647,
                        0.5304295414137326,
                        1.9147740779968347e-06,
                        0.2814133179218242,
                        0.6606510679730753
                    ],
                    [
                        0.7882200675947647,
                        1.614448894859836,
                        -0.029108033953121164,
                        3.1112617933230385e-07,
                        0.6554450561608438,
                        0.295745024025833
                    ],
                    [
                        0.5304295414137324,
                        -0.02910803395312116,
                        1.4993184145444933,
                        1.172063000528982e-06,
                        0.5376400370823938,
                        1.0683728209365344
                    ],
                    [
                        1.9147740779968347e-06,
                        3.1112617933230375e-07,
                        1.172063000528982e-06,
                        1.0079057178337887e-06,
                        5.169026758470733e-07,
                        3.1317949142830308e-06
                    ],
                    [
                        0.2814133179218242,
                        0.6554450561608438,
                        0.5376400370823938,
                        5.169026758470735e-07,
                        1.5825459369056971,
                        1.3899412004400014
                    ],
                    [
                        0.6606510679730754,
                        0.29574502402583297,
                        1.0683728209365344,
                        3.1317949142830303e-06,
                        1.3899412004400014,
                        2.762584033944568
                    ]
                ]
            },
            "est_tgt": [
                1,
                3,
                4
            ]
        },
        "4": {
            "intv_type": "do",
            "inode": 4,
            "new_mui": 1.0,
            "new_sigmai": 0.0,
            "true_params": {
                "Si": [
                    [
                        1.0,
                        0.8348591494437099,
                        0.5418210232424963,
                        -0.7359643024913138,
                        0.0,
                        0.39296745193726634
                    ],
                    [
                        0.8348591494437099,
                        1.6969897994098746,
                        -0.05691134732138581,
                        0.28212179290577966,
                        0.0,
                        -0.3641094548202717
                    ],
                    [
                        0.5418210232424963,
                        -0.05691134732138581,
                        1.5529112730349075,
                        -1.5749820076186154,
                        0.0,
                        0.5654155399750755
                    ],
                    [
                        -0.7359643024913138,
                        0.28212179290577966,
                        -1.5749820076186154,
                        2.8633367967852696,
                        0.0,
                        -0.9097845640225954
                    ],
                    [
                        0.0,
                        0.0,
                        0.0,
                        0.0,
                        0.0,
                        0.0
                    ],
                    [
                        0.39296745193726634,
                        -0.3641094548202717,
                        0.5654155399750755,
                        -0.9097845640225954,
                        0.0,
                        1.6335392390447772
                    ]
                ],
                "mui": [
                    0.0,
                    0.0,
                    0.0,
                    0.0,
                    1.0,
                    0.9904043730677399
                ],
                "Ai": [
                    [
                        0.0,
                        0.0,
                        0.0,
                        0.0,
                        0.0,
                        0.0
                    ],
                    [
                        0.8348591494437099,
                        0.0,
                        0.0,
                        0.0,
                        0.0,
                        0.0
                    ],
                    [
                        0.9669777085667645,
                        -0.5092555859363368,
                        0.0,
                        0.0,
                        0.0,
                        0.0
                    ],
                    [
                        -0.788571493786645,
                        0.5300631359503707,
                        -0.7196488338569849,
                        0.0,
                        0.0,
                        0.0
                    ],
                    [
                        0.0,
                        0.0,
                        0.0,
                        0.0,
                        0.0,
                        0.0
                    ],
                    [
                        0.9708418671932961,
                        -0.6921819275036798,
                        0.0,
                        -0.0,
                        0.9904043730677399,
                        0.0
                    ]
                ]
            },
            "est_params": {
                "mui": [
                    -0.034118275511820804,
                    -0.04281604502994564,
                    0.013838176834463504,
                    -0.030392169095269646,
                    1.000002138073925,
                    0.9500613052749092
                ],
                "Si": [
                    [
                        1.0282369022227258,
                        0.8608396049696354,
                        0.5555912615997972,
                        -0.7421971398010786,
                        9.226238901191277e-07,
                        0.4132682212393045
                    ],
                    [
                        0.8608396049696354,
                        1.7580074066896934,
                        0.008243409042834477,
                        0.2529595291523762,
                        3.807793230148819e-06,
                        -0.3617210048556805
                    ],
                    [
                        0.5555912615997971,
                        0.008243409042834472,
                        1.5076297771953573,
                        -1.5385088198010373,
                        -1.1598986191535966e-07,
                        0.5177243869371613
                    ],
                    [
                        -0.7421971398010787,
                        0.25295952915237613,
                        -1.5385088198010373,
                        2.760659372615207,
                        -6.01642824860026e-07,
                        -0.8641578630525928
                    ],
                    [
                        9.226238901191277e-07,
                        3.807793230148819e-06,
                        -1.1598986191535966e-07,
                        -6.016428248600261e-07,
                        1.00561948421688e-06,
                        -2.0638320201449864e-06
                    ],
                    [
                        0.4132682212393045,
                        -0.3617210048556806,
                        0.5177243869371614,
                        -0.8641578630525928,
                        -2.063832020144986e-06,
                        1.6908144484976166
                    ]
                ]
            },
            "est_tgt": [
                1,
                3,
                4
            ]
        },
        "5": {
            "intv_type": "do",
            "inode": 5,
            "new_mui": 1.0,
            "new_sigmai": 0.0,
            "true_params": {
                "Si": [
                    [
                        1.0,
                        0.8348591494437099,
                        0.5418210232424963,
                        -0.7359643024913138,
                        -0.17070717457005966,
                        0.0
                    ],
                    [
                        0.8348591494437099,
                        1.6969897994098746,
                        -0.05691134732138581,
                        0.28212179290577966,
                        0.8505724026757707,
                        0.0
                    ],
                    [
                        0.5418210232424963,
                        -0.05691134732138581,
                        1.5529112730349075,
                        -1.5749820076186154,
                        -0.44956515969326805,
                        0.0
                    ],
                    [
                        -0.7359643024913138,
                        0.28212179290577966,
                        -1.5749820076186154,
                        2.8633367967852696,
                        1.585037443984401,
                        0.0
                    ],
                    [
                        -0.17070717457005966,
                        0.8505724026757707,
                        -0.44956515969326805,
                        1.585037443984401,
                        2.494492642552733,
                        0.0
                    ],
                    [
                        0.0,
                        0.0,
                        0.0,
                        0.0,
                        0.0,
                        0.0
                    ]
                ],
                "mui": [
                    0.0,
                    0.0,
                    0.0,
                    0.0,
                    0.0,
                    1.0
                ],
                "Ai": [
                    [
                        0.0,
                        0.0,
                        0.0,
                        0.0,
                        0.0,
                        0.0
                    ],
                    [
                        0.8348591494437099,
                        0.0,
                        0.0,
                        0.0,
                        0.0,
                        0.0
                    ],
                    [
                        0.9669777085667645,
                        -0.5092555859363368,
                        0.0,
                        0.0,
                        0.0,
                        0.0
                    ],
                    [
                        -0.788571493786645,
                        0.5300631359503707,
                        -0.7196488338569849,
                        0.0,
                        0.0,
                        0.0
                    ],
                    [
                        -0.610447769357253,
                        0.710454593421896,
                        0.6351725092768152,
                        0.6760365143024415,
                        0.0,
                        0.0
                    ],
                    [
                        0.0,
                        0.0,
                        0.0,
                        0.0,
                        0.0,
                        0.0
                    ]
                ]
            },
            "est_params": {
                "mui": [
                    -0.015521589675831875,
                    -0.059243710454993576,
                    -0.004267730710759487,
                    -0.021080103796327347,
                    -0.08285319817773149,
                    0.999999064162414
                ],
                "Si": [
                    [
                        0.9762803348548996,
                        0.8258915687515523,
                        0.5698336340494842,
                        -0.7229978643830179,
                        -0.10284389377749713,
                        2.2230831409255768e-07
                    ],
                    [
                        0.8258915687515523,
                        1.6948804851427537,
                        0.020049000407344215,
                        0.2403944673903009,
                        0.9095007976783058,
                        -6.649459754186165e-07
                    ],
                    [
                        0.5698336340494842,
                        0.020049000407344218,
                        1.49082581647349,
                        -1.4814170447224206,
                        -0.3866667250228109,
                        -7.122477717716307e-07
                    ],
                    [
                        -0.7229978643830179,
                        0.2403944673903009,
                        -1.4814170447224204,
                        2.847862385899108,
                        1.6624205094297384,
                        1.5549731821056789e-06
                    ],
                    [
                        -0.10284389377749713,
                        0.9095007976783058,
                        -0.3866667250228109,
                        1.6624205094297384,
                        2.6327316638526987,
                        -1.5485819086105345e-06
                    ],
                    [
                        2.2230831409255768e-07,
                        -6.649459754186164e-07,
                        -7.122477717716309e-07,
                        1.5549731821056789e-06,
                        -1.5485819086105345e-06,
                        1.003865132369491e-06
                    ]
                ]
            },
            "est_tgt": [
                5
            ]
        },
        "obs": {
            "intv_type": "obs",
            "true_params": {
                "Si": [
                    [
                        1.0,
                        0.8348591494437099,
                        0.5418210232424963,
                        -0.7359643024913138,
                        -0.17070717457005966,
                        0.22389831972904117
                    ],
                    [
                        0.8348591494437099,
                        1.6969897994098746,
                        -0.05691134732138581,
                        0.28212179290577966,
                        0.8505724026757707,
                        0.47830117240054626
                    ],
                    [
                        0.5418210232424963,
                        -0.05691134732138581,
                        1.5529112730349075,
                        -1.5749820076186154,
                        -0.44956515969326805,
                        0.12016423983596608
                    ],
                    [
                        -0.7359643024913138,
                        0.28212179290577966,
                        -1.5749820076186154,
                        2.8633367967852696,
                        1.585037443984401,
                        0.6600434519756683
                    ],
                    [
                        -0.17070717457005966,
                        0.8505724026757707,
                        -0.44956515969326805,
                        1.585037443984401,
                        2.494492642552733,
                        1.7160759045010892
                    ],
                    [
                        0.22389831972904117,
                        0.47830117240054626,
                        0.12016423983596608,
                        0.6600434519756683,
                        1.7160759045010892,
                        2.58590751568176
                    ]
                ],
                "mui": [
                    0.0,
                    0.0,
                    0.0,
                    0.0,
                    0.0,
                    0.0
                ],
                "Ai": [
                    [
                        0.0,
                        0.0,
                        0.0,
                        0.0,
                        0.0,
                        0.0
                    ],
                    [
                        0.8348591494437099,
                        0.0,
                        0.0,
                        0.0,
                        0.0,
                        0.0
                    ],
                    [
                        0.9669777085667645,
                        -0.5092555859363368,
                        0.0,
                        0.0,
                        0.0,
                        0.0
                    ],
                    [
                        -0.788571493786645,
                        0.5300631359503707,
                        -0.7196488338569849,
                        0.0,
                        0.0,
                        0.0
                    ],
                    [
                        -0.610447769357253,
                        0.710454593421896,
                        0.6351725092768152,
