{
    "expt_args": {
        "save_dir": "expt_logs_30.04.24-spallunk",
        "exp_name": "119",
        "num_nodes": 6,
        "obs_noise_mean": 0.0,
        "obs_noise_var": 1.0,
        "max_edge_strength": 1.0,
        "graph_sparsity_method": "adj_dense_prop",
        "adj_dense_prop": 0.96,
        "num_parents": null,
        "new_noise_mean": 1.0,
        "mix_samples": 131072,
        "stage2_samples": 131072,
        "gmm_tol": 0.001,
        "intv_type": "do",
        "new_noise_sigma": 0.0,
        "intv_targets": [
            0,
            1,
            2,
            3,
            4,
            5
        ]
    },
    "intv_args_dict": {
        "0": {
            "intv_type": "do",
            "inode": 0,
            "new_mui": 1.0,
            "new_sigmai": 0.0,
            "true_params": {
                "Si": [
                    [
                        0.0,
                        0.0,
                        0.0,
                        0.0,
                        0.0,
                        0.0
                    ],
                    [
                        0.0,
                        1.0,
                        0.9411583751085913,
                        -1.0493132091919901,
                        -2.3770305539673156,
                        -0.635321282018564
                    ],
                    [
                        0.0,
                        0.9411583751085913,
                        1.8857790870370439,
                        -1.4960047736648576,
                        -3.237042278914043,
                        -1.376717767410401
                    ],
                    [
                        0.0,
                        -1.0493132091919901,
                        -1.4960047736648576,
                        2.3595642165481916,
                        3.9116852722800663,
                        0.9167611894553688
                    ],
                    [
                        0.0,
                        -2.3770305539673156,
                        -3.237042278914043,
                        3.9116852722800663,
                        8.476427816652397,
                        2.810525923889146
                    ],
                    [
                        0.0,
                        -0.635321282018564,
                        -1.376717767410401,
                        0.9167611894553688,
                        2.810525923889146,
                        2.4594418822541684
                    ]
                ],
                "mui": [
                    1.0,
                    -0.5192430885193462,
                    -1.001448731219498,
                    0.14002748562357464,
                    1.8377742021311636,
                    1.9392612398153743
                ],
                "Ai": [
                    [
                        0.0,
                        0.0,
                        0.0,
                        0.0,
                        0.0,
                        0.0
                    ],
                    [
                        -0.5192430885193462,
                        0.0,
                        0.0,
                        0.0,
                        0.0,
                        0.0
                    ],
                    [
                        -0.5127587497422637,
                        0.9411583751085913,
                        0.0,
                        0.0,
                        0.0,
                        0.0
                    ],
                    [
                        -0.6655255684249664,
                        -0.5707954837088687,
                        -0.5084348587217427,
                        0.0,
                        0.0,
                        0.0
                    ],
                    [
                        0.6958241572757042,
                        -0.9170966674615515,
                        -0.5376813401814757,
                        0.9090618336815635,
                        0.0,
                        0.0
                    ],
                    [
                        0.6577421432139706,
                        0.6143917175916828,
                        -0.5011580378463101,
                        -0.7405994566628704,
                        0.6542468312152575,
                        0.0
                    ]
                ]
            },
            "est_params": {
                "mui": [
                    0.999999922449962,
                    -0.5220997615994114,
                    -1.0067560528529196,
                    0.13933405919835315,
                    1.839417181581998,
                    1.94719231822534
                ],
                "Si": [
                    [
                        1.0097933819475818e-06,
                        4.894895065515507e-08,
                        -3.38327143136853e-07,
                        9.560627599712228e-08,
                        4.968011190763108e-07,
                        1.5127148740554875e-06
                    ],
                    [
                        4.894895065515496e-08,
                        1.0123387738774805,
                        0.9550617410817239,
                        -1.048773799607448,
                        -2.412654816691104,
                        -0.6628044127212966
                    ],
                    [
                        -3.3832714313685294e-07,
                        0.9550617410817239,
                        1.8918489421276314,
                        -1.4948623737603168,
                        -3.2668444985062957,
                        -1.404675809667997
                    ],
                    [
                        9.56062759971221e-08,
                        -1.048773799607448,
                        -1.4948623737603168,
                        2.3348726461524705,
                        3.9114771623579876,
                        0.9504620611799335
                    ],
                    [
                        4.968011190763111e-07,
                        -2.412654816691104,
                        -3.2668444985062957,
                        3.9114771623579876,
                        8.562843869207644,
                        2.8957598152234922
                    ],
                    [
                        1.5127148740554875e-06,
                        -0.6628044127212968,
                        -1.404675809667997,
                        0.9504620611799335,
                        2.8957598152234922,
                        2.5012675431992673
                    ]
                ]
            },
            "est_tgt": [
                0
            ]
        },
        "1": {
            "intv_type": "do",
            "inode": 1,
            "new_mui": 1.0,
            "new_sigmai": 0.0,
            "true_params": {
                "Si": [
                    [
                        1.0,
                        0.0,
                        -0.5127587497422637,
                        -0.40482114594142116,
                        0.6035175157843223,
                        1.6093750551379848
                    ],
                    [
                        0.0,
                        0.0,
                        0.0,
                        0.0,
                        0.0,
                        0.0
                    ],
                    [
                        -0.5127587497422637,
                        0.0,
                        1.2629215354372494,
                        -0.3008592740595891,
                        -1.3093389519998158,
                        -1.604000963092842
                    ],
                    [
                        -0.40482114594142116,
                        0.0,
                        -0.3008592740595891,
                        1.4223861657647239,
                        1.1731190610136797,
                        -0.40139887791799683
                    ],
                    [
                        0.6035175157843223,
                        0.0,
                        -1.3093389519998158,
                        1.1731190610136797,
                        3.190386954016712,
                        2.2716338601874666
                    ],
                    [
                        1.6093750551379848,
                        0.0,
                        -1.604000963092842,
                        -0.40139887791799683,
                        2.2716338601874666,
                        4.645896818968849
                    ]
                ],
                "mui": [
                    0.0,
                    1.0,
                    0.9411583751085913,
                    -1.0493132091919901,
                    -2.3770305539673156,
                    -0.635321282018564
                ],
                "Ai": [
                    [
                        0.0,
                        0.0,
                        0.0,
                        0.0,
                        0.0,
                        0.0
                    ],
                    [
                        0.0,
                        0.0,
                        0.0,
                        0.0,
                        0.0,
                        0.0
                    ],
                    [
                        -0.5127587497422637,
                        0.9411583751085913,
                        0.0,
                        0.0,
                        0.0,
                        0.0
                    ],
                    [
                        -0.6655255684249664,
                        -0.5707954837088687,
                        -0.5084348587217427,
                        0.0,
                        0.0,
                        0.0
                    ],
                    [
                        0.6958241572757042,
                        -0.9170966674615515,
                        -0.5376813401814757,
                        0.9090618336815635,
                        0.0,
                        0.0
                    ],
                    [
                        0.6577421432139706,
                        0.6143917175916828,
                        -0.5011580378463101,
                        -0.7405994566628704,
                        0.6542468312152575,
                        0.0
                    ]
                ]
            },
            "est_params": {
                "mui": [
                    -0.01096100839199668,
                    1.0000004811748595,
                    0.9518142788936644,
                    -1.045897986875437,
                    -2.3822308248508977,
                    -0.665359376321421
                ],
                "Si": [
                    [
                        0.9892640391985748,
                        8.904871397477409e-07,
                        -0.5031608293566733,
                        -0.4008748478545449,
                        0.5953953886859853,
                        1.5847228827889082
                    ],
                    [
                        8.90487139747741e-07,
                        1.008628742014235e-06,
                        -1.427470792844465e-07,
                        -1.407762799059211e-06,
                        -4.304228761586267e-07,
                        1.4467234430636862e-06
                    ],
                    [
                        -0.5031608293566733,
                        -1.427470792844466e-07,
                        1.257971950872364,
                        -0.31237351854414086,
                        -1.3131306981309498,
                        -1.5950194880618909
                    ],
                    [
                        -0.4008748478545449,
                        -1.4077627990592105e-06,
                        -0.31237351854414086,
                        1.4307110770722868,
                        1.1777880000379435,
                        -0.39142860911797395
                    ],
                    [
                        0.5953953886859853,
                        -4.304228761586268e-07,
                        -1.31313069813095,
                        1.1777880000379435,
                        3.192328446648112,
                        2.2750688343628114
                    ],
                    [
                        1.5847228827889082,
                        1.4467234430636862e-06,
                        -1.5950194880618906,
                        -0.39142860911797395,
                        2.2750688343628114,
                        4.638112296437516
                    ]
                ]
            },
            "est_tgt": [
                1,
                2
            ]
        },
        "2": {
            "intv_type": "do",
            "inode": 2,
            "new_mui": 1.0,
            "new_sigmai": 0.0,
            "true_params": {
                "Si": [
                    [
                        1.0,
                        -0.5192430885193462,
                        0.0,
                        -0.36914395855107923,
                        0.8364455795063249,
                        1.1593531752202926
                    ],
                    [
                        -0.5192430885193462,
                        1.2696133849751097,
                        0.0,
                        -0.3791200345625488,
                        -1.870303642620309,
                        -0.5043522536071667
                    ],
                    [
                        0.0,
                        0.0,
                        0.0,
                        0.0,
                        0.0,
                        0.0
                    ],
                    [
                        -0.36914395855107923,
                        -0.3791200345625488,
                        0.0,
                        1.4620747463572021,
                        1.4199467862959847,
                        -0.6295458249843902
                    ],
                    [
                        0.8364455795063249,
                        -1.870303642620309,
                        0.0,
                        1.4199467862959847,
                        4.588087707535733,
                        1.3511964663108031
                    ],
                    [
                        1.1593531752202926,
                        -0.5043522536071667,
                        0.0,
                        -0.6295458249843902,
                        1.3511964663108031,
                        2.8029428972072883
                    ]
                ],
                "mui": [
                    0.0,
                    0.0,
                    1.0,
                    -0.5084348587217427,
                    -0.9998800651586898,
                    -0.7787798219539022
                ],
                "Ai": [
                    [
                        0.0,
                        0.0,
                        0.0,
                        0.0,
                        0.0,
                        0.0
                    ],
                    [
                        -0.5192430885193462,
                        0.0,
                        0.0,
                        0.0,
                        0.0,
                        0.0
                    ],
                    [
                        0.0,
                        0.0,
                        0.0,
                        0.0,
                        0.0,
                        0.0
                    ],
                    [
                        -0.6655255684249664,
                        -0.5707954837088687,
                        -0.5084348587217427,
                        0.0,
                        0.0,
                        0.0
                    ],
                    [
                        0.6958241572757042,
                        -0.9170966674615515,
                        -0.5376813401814757,
                        0.9090618336815635,
                        0.0,
                        0.0
                    ],
                    [
                        0.6577421432139706,
                        0.6143917175916828,
                        -0.5011580378463101,
                        -0.7405994566628704,
                        0.6542468312152575,
                        0.0
                    ]
                ]
            },
            "est_params": {
                "mui": [
                    -0.0031961859110449468,
                    -0.008651716273433599,
                    1.0000000240671076,
                    -0.49844535670219103,
                    -0.9949476840676874,
                    -0.7919374122156705
                ],
                "Si": [
                    [
                        0.9971269463360359,
                        -0.526795532665082,
                        2.91864781670943e-07,
                        -0.35951340154405403,
                        0.8450998812317353,
                        1.1535271853755382
                    ],
                    [
                        -0.5267955326650822,
                        1.2978294338835639,
                        9.461620746990602e-07,
                        -0.39102559189109654,
                        -1.9114125638600576,
                        -0.5091024818207809
                    ],
                    [
                        2.9186478167094295e-07,
                        9.461620746990602e-07,
                        1.0074645194001873e-06,
                        -7.181195296227088e-07,
                        -1.406474729953561e-06,
                        9.808989592110636e-07
                    ],
                    [
                        -0.359513401544054,
                        -0.3910255918910966,
                        -7.181195296227088e-07,
                        1.4534017347514445,
                        1.4256440349922486,
                        -0.622788282251541
                    ],
                    [
                        0.8450998812317353,
                        -1.9114125638600576,
                        -1.4064747299535612e-06,
                        1.4256440349922483,
                        4.631258585323942,
                        1.3472078836527301
                    ],
                    [
                        1.1535271853755382,
                        -0.5091024818207809,
                        9.808989592110636e-07,
                        -0.622788282251541,
                        1.3472078836527306,
                        2.7854004700472057
                    ]
                ]
            },
            "est_tgt": [
                1,
                2
            ]
        },
        "3": {
            "intv_type": "do",
            "inode": 3,
            "new_mui": 1.0,
            "new_sigmai": 0.0,
            "true_params": {
                "Si": [
                    [
                        1.0,
                        -0.5192430885193462,
                        -1.001448731219498,
                        0.0,
                        1.7104805592843781,
                        1.9596840571197056
                    ],
                    [
                        -0.5192430885193462,
                        1.2696133849751097,
                        1.461153707300784,
                        0.0,
                        -2.3112951723680784,
                        -1.8059145810871686
                    ],
                    [
                        -1.001448731219498,
                        1.461153707300784,
                        2.8886786482981863,
                        0.0,
                        -3.590040022040853,
                        -3.5574311306030726
                    ],
                    [
                        0.0,
                        0.0,
                        0.0,
                        0.0,
                        0.0,
                        0.0
                    ],
                    [
                        1.7104805592843781,
                        -2.3112951723680784,
                        -3.590040022040853,
                        0.0,
                        6.240172324155324,
                        5.586804920728438
                    ],
                    [
                        1.9596840571197056,
                        -1.8059145810871686,
                        -3.5574311306030726,
                        0.0,
                        5.586804920728438,
                        6.6174124516449595
                    ]
                ],
                "mui": [
                    0.0,
                    0.0,
                    0.0,
                    1.0,
                    0.9090618336815635,
                    -0.1458486325979761
                ],
                "Ai": [
                    [
                        0.0,
                        0.0,
                        0.0,
                        0.0,
                        0.0,
                        0.0
                    ],
                    [
                        -0.5192430885193462,
                        0.0,
                        0.0,
                        0.0,
                        0.0,
                        0.0
                    ],
                    [
                        -0.5127587497422637,
                        0.9411583751085913,
                        0.0,
                        0.0,
                        0.0,
                        0.0
                    ],
                    [
                        0.0,
                        0.0,
                        0.0,
                        0.0,
                        0.0,
                        0.0
                    ],
                    [
                        0.6958241572757042,
                        -0.9170966674615515,
                        -0.5376813401814757,
                        0.9090618336815635,
                        0.0,
                        0.0
                    ],
                    [
                        0.6577421432139706,
                        0.6143917175916828,
                        -0.5011580378463101,
                        -0.7405994566628704,
                        0.6542468312152575,
                        0.0
                    ]
                ]
            },
            "est_params": {
                "mui": [
                    0.010874339934303525,
                    -0.010817457382871602,
                    -0.014000651069262206,
                    0.9999986113498329,
                    0.9389459130621972,
                    -0.10744331867054234
                ],
                "Si": [
                    [
                        1.009270949899009,
                        -0.5326380949359891,
                        -1.0323139915404458,
                        6.611759600204324e-08,
                        1.7397973658265193,
                        1.987065228591467
                    ],
                    [
                        -0.5326380949359891,
                        1.2804187912640634,
                        1.4903189747610206,
                        7.029854997293123e-07,
                        -2.348275872862635,
                        -1.8337303553224449
                    ],
                    [
                        -1.0323139915404458,
                        1.4903189747610206,
                        2.9515979965199275,
                        1.6065079399291955e-06,
                        -3.672714200942476,
                        -3.6366954868796664
                    ],
                    [
                        6.611759600204324e-08,
                        7.029854997293123e-07,
                        1.6065079399291955e-06,
                        1.0102987832751324e-06,
                        -9.010975880510116e-07,
                        -1.3526868347892065e-06
                    ],
                    [
                        1.7397973658265193,
                        -2.348275872862635,
                        -3.672714200942476,
                        -9.010975880510119e-07,
                        6.327806205046267,
                        5.658297782682716
                    ],
                    [
                        1.987065228591467,
                        -1.8337303553224449,
                        -3.6366954868796664,
                        -1.352686834789206e-06,
                        5.658297782682716,
                        6.681498580109247
                    ]
                ]
            },
            "est_tgt": [
                3
            ]
        },
        "4": {
            "intv_type": "do",
            "inode": 4,
            "new_mui": 1.0,
            "new_sigmai": 0.0,
            "true_params": {
                "Si": [
                    [
                        1.0,
                        -0.5192430885193462,
                        -1.001448731219498,
                        0.14002748562357464,
                        0.0,
                        0.7369032915819124
                    ],
                    [
                        -0.5192430885193462,
                        1.2696133849751097,
                        1.461153707300784,
                        -1.1220215133047733,
                        0.0,
                        0.537211484555336
                    ],
                    [
                        -1.001448731219498,
                        1.461153707300784,
                        2.8886786482981863,
                        -1.6362351214784427,
                        0.0,
                        0.0031360196927497225
                    ],
                    [
                        0.14002748562357464,
                        -1.1220215133047733,
                        -1.6362351214784427,
                        2.3791719132782516,
                        0.0,
                        -1.5392597895773057
                    ],
                    [
                        0.0,
                        0.0,
                        0.0,
                        0.0,
                        0.0,
                        0.0
                    ],
                    [
                        0.7369032915819124,
                        0.537211484555336,
                        0.0031360196927497225,
                        -1.5392597895773057,
                        0.0,
                        2.953153959400538
                    ]
                ],
                "mui": [
                    0.0,
                    0.0,
                    0.0,
                    0.0,
                    1.0,
                    0.6542468312152575
                ],
                "Ai": [
                    [
                        0.0,
                        0.0,
                        0.0,
                        0.0,
                        0.0,
                        0.0
                    ],
                    [
                        -0.5192430885193462,
                        0.0,
                        0.0,
                        0.0,
                        0.0,
                        0.0
                    ],
                    [
                        -0.5127587497422637,
                        0.9411583751085913,
                        0.0,
                        0.0,
                        0.0,
                        0.0
                    ],
                    [
                        -0.6655255684249664,
                        -0.5707954837088687,
                        -0.5084348587217427,
                        0.0,
                        0.0,
                        0.0
                    ],
                    [
                        0.0,
                        0.0,
                        0.0,
                        0.0,
                        0.0,
                        0.0
                    ],
                    [
                        0.6577421432139706,
                        0.6143917175916828,
                        -0.5011580378463101,
                        -0.7405994566628704,
                        0.6542468312152575,
                        0.0
                    ]
                ]
            },
            "est_params": {
                "mui": [
                    0.007456028937044636,
                    -0.004172024381716245,
                    -0.011739344363684557,
                    0.0011665954867367736,
                    1.0000005063132995,
                    0.6618538220135631
                ],
                "Si": [
                    [
                        1.01353306043816,
                        -0.5350963035819616,
                        -1.0248876740757813,
                        0.1676413497569411,
                        3.4025809885737865e-07,
                        0.7194629791525984
                    ],
                    [
                        -0.5350963035819616,
                        1.2855700787732796,
                        1.4912533634879392,
                        -1.1456880568806334,
                        -5.174527200518856e-08,
                        0.5416397081122173
                    ],
                    [
                        -1.0248876740757813,
                        1.4912533634879392,
                        2.9420417202191866,
                        -1.6911262728542813,
                        -6.835413087909061e-07,
                        0.016571556208597977
                    ],
                    [
                        0.16764134975694106,
                        -1.1456880568806334,
                        -1.6911262728542813,
                        2.4103868341106485,
                        2.3131373809253816e-08,
                        -1.5318105401249382
                    ],
                    [
                        3.4025809885737865e-07,
                        -5.174527200518853e-08,
                        -6.835413087909061e-07,
                        2.3131373809253908e-08,
                        1.0055454698383515e-06,
                        3.1496645432488576e-07
                    ],
                    [
                        0.7194629791525984,
                        0.5416397081122173,
                        0.016571556208597977,
                        -1.5318105401249382,
                        3.149664543248856e-07,
                        2.9352630028769595
                    ]
                ]
            },
            "est_tgt": [
                4,
                5
            ]
        },
        "5": {
            "intv_type": "do",
            "inode": 5,
            "new_mui": 1.0,
            "new_sigmai": 0.0,
            "true_params": {
                "Si": [
                    [
                        1.0,
                        -0.5192430885193462,
                        -1.001448731219498,
                        0.14002748562357464,
                        1.8377742021311636,
                        0.0
                    ],
                    [
                        -0.5192430885193462,
                        1.2696133849751097,
                        1.461153707300784,
                        -1.1220215133047733,
                        -3.3312821066830782,
                        0.0
                    ],
                    [
                        -1.001448731219498,
                        1.461153707300784,
                        2.8886786482981863,
                        -1.6362351214784427,
                        -5.077478921906223,
                        0.0
                    ],
                    [
                        0.14002748562357464,
                        -1.1220215133047733,
                        -1.6362351214784427,
                        2.3791719132782516,
                        4.169024172948364,
                        0.0
                    ],
                    [
                        1.8377742021311636,
                        -3.3312821066830782,
                        -5.077478921906223,
                        4.169024172948364,
                        11.85384183467123,
                        0.0
                    ],
                    [
                        0.0,
                        0.0,
                        0.0,
                        0.0,
                        0.0,
                        0.0
                    ]
                ],
                "mui": [
                    0.0,
                    0.0,
                    0.0,
                    0.0,
                    0.0,
                    1.0
                ],
                "Ai": [
                    [
                        0.0,
                        0.0,
                        0.0,
                        0.0,
                        0.0,
                        0.0
                    ],
                    [
                        -0.5192430885193462,
                        0.0,
                        0.0,
                        0.0,
                        0.0,
                        0.0
                    ],
                    [
                        -0.5127587497422637,
                        0.9411583751085913,
                        0.0,
                        0.0,
                        0.0,
                        0.0
                    ],
                    [
                        -0.6655255684249664,
                        -0.5707954837088687,
                        -0.5084348587217427,
                        0.0,
                        0.0,
                        0.0
                    ],
                    [
                        0.6958241572757042,
                        -0.9170966674615515,
                        -0.5376813401814757,
                        0.9090618336815635,
                        0.0,
                        0.0
                    ],
                    [
                        0.0,
                        0.0,
                        0.0,
                        0.0,
                        0.0,
                        0.0
                    ]
                ]
            },
            "est_params": {
                "mui": [
                    -0.012230049385939388,
                    0.0036006257999173707,
                    0.010445528140227466,
                    0.011390516509742996,
                    -0.013937469708703163,
                    1.0000005803091774
                ],
                "Si": [
                    [
                        1.013638923938506,
                        -0.5178065148233886,
                        -1.0009470560857145,
                        0.12442204242354855,
                        1.836781861532085,
                        2.9649571831301644e-07
                    ],
                    [
                        -0.5178065148233886,
                        1.2511876384084932,
                        1.4565950753505001,
                        -1.109894894412792,
                        -3.3067052701129116,
                        1.369950298881659e-07
                    ],
                    [
                        -1.0009470560857145,
                        1.4565950753505001,
                        2.9037520591878145,
                        -1.6389866769279198,
                        -5.100901881636138,
                        5.852780187129183e-07
                    ],
                    [
                        0.12442204242354855,
                        -1.109894894412792,
                        -1.6389866769279198,
                        2.361227660792096,
                        4.136292093578729,
                        6.105612815403062e-07
                    ],
                    [
                        1.836781861532085,
                        -3.3067052701129116,
                        -5.100901881636138,
                        4.136292093578729,
                        11.818467519429548,
                        5.549608970682902e-07
                    ],
                    [
                        2.9649571831301644e-07,
                        1.369950298881658e-07,
                        5.852780187129183e-07,
                        6.105612815403064e-07,
                        5.549608970682903e-07,
                        1.0072371597586375e-06
                    ]
                ]
            },
            "est_tgt": [
                4,
                5
            ]
        },
        "obs": {
            "intv_type": "obs",
            "true_params": {
                "Si": [
                    [
                        1.0,
                        -0.5192430885193462,
                        -1.001448731219498,
                        0.14002748562357464,
                        1.8377742021311636,
                        1.9392612398153743
                    ],
                    [
                        -0.5192430885193462,
                        1.2696133849751097,
                        1.461153707300784,
                        -1.1220215133047733,
                        -3.3312821066830782,
                        -1.6422692776261556
                    ],
                    [
                        -1.001448731219498,
                        1.461153707300784,
                        2.8886786482981863,
                        -1.6362351214784427,
                        -5.077478921906223,
                        -3.3187884755266577
                    ],
                    [
                        0.14002748562357464,
                        -1.1220215133047733,
                        -1.6362351214784427,
                        2.3791719132782516,
                        4.169024172948364,
                        1.1883110648339716
                    ],
                    [
                        1.8377742021311636,
                        -3.3312821066830782,
                        -5.077478921906223,
                        4.169024172948364,
                        11.85384183467123,
                        6.374450201614736
                    ],
                    [
                        1.9392612398153743,
                        -1.6422692776261556,
                        -3.3187884755266577,
                        1.1883110648339716,
                        6.374450201614736,
                        6.220176038504431
                    ]
                ],
                "mui": [
                    0.0,
                    0.0,
                    0.0,
                    0.0,
                    0.0,
                    0.0
                ],
                "Ai": [
                    [
                        0.0,
                        0.0,
                        0.0,
                        0.0,
                        0.0,
                        0.0
                    ],
                    [
                        -0.5192430885193462,
                        0.0,
                        0.0,
                        0.0,
                        0.0,
                        0.0
                    ],
                    [
                        -0.5127587497422637,
                        0.9411583751085913,
                        0.0,
                        0.0,
                        0.0,
                        0.0
                    ],
                    [
                        -0.6655255684249664,
                        -0.5707954837088687,
                        -0.5084348587217427,
                        0.0,
                        0.0,
                        0.0
                    ],
                    [
                        0.6958241572757042,
