{
    "expt_args": {
        "save_dir": "expt_logs_30.04.24-spallunk",
        "exp_name": "338",
        "num_nodes": 6,
        "obs_noise_mean": 0.0,
        "obs_noise_var": 1.0,
        "max_edge_strength": 1.0,
        "graph_sparsity_method": "adj_dense_prop",
        "adj_dense_prop": 0.4,
        "num_parents": null,
        "new_noise_mean": 1.0,
        "mix_samples": 4096,
        "stage2_samples": 4096,
        "gmm_tol": 0.001,
        "intv_type": "do",
        "new_noise_sigma": 0.0,
        "intv_targets": [
            0,
            1,
            2,
            3,
            4,
            5
        ]
    },
    "intv_args_dict": {
        "0": {
            "intv_type": "do",
            "inode": 0,
            "new_mui": 1.0,
            "new_sigmai": 0.0,
            "true_params": {
                "Si": [
                    [
                        0.0,
                        0.0,
                        0.0,
                        0.0,
                        0.0,
                        0.0
                    ],
                    [
                        0.0,
                        1.0,
                        0.9578678867896353,
                        -0.97201484921455,
                        -0.9524985345974104,
                        -1.027219114090561
                    ],
                    [
                        0.0,
                        0.9578678867896353,
                        1.9175108885428416,
                        -0.931061809545287,
                        -0.9123677585050458,
                        -1.6699465904370605
                    ],
                    [
                        0.0,
                        -0.97201484921455,
                        -0.931061809545287,
                        1.9448128670935843,
                        1.905764513237334,
                        0.49828396021872223
                    ],
                    [
                        0.0,
                        -0.9524985345974104,
                        -0.9123677585050458,
                        1.905764513237334,
                        2.8675001802833937,
                        0.48827931209615394
                    ],
                    [
                        0.0,
                        -1.027219114090561,
                        -1.6699465904370605,
                        0.49828396021872223,
                        0.48827931209615394,
                        2.775972180735109
                    ]
                ],
                "mui": [
                    1.0,
                    -0.5429298036223765,
                    0.27969568259066324,
                    -0.23466129256645496,
                    -0.22994971473624767,
                    0.3904158782771471
                ],
                "Ai": [
                    [
                        0.0,
                        0.0,
                        0.0,
                        0.0,
                        0.0,
                        0.0
                    ],
                    [
                        -0.5429298036223765,
                        0.0,
                        0.0,
                        0.0,
                        0.0,
                        0.0
                    ],
                    [
                        0.7997507062615408,
                        0.9578678867896353,
                        0.0,
                        0.0,
                        0.0,
                        0.0
                    ],
                    [
                        -0.7623971237685445,
                        -0.97201484921455,
                        0.0,
                        0.0,
                        0.0,
                        0.0
                    ],
                    [
                        -0.0,
                        0.0,
                        -0.0,
                        0.9799217937535523,
                        0.0,
                        0.0
                    ],
                    [
                        -0.0,
                        -0.8563060524136834,
                        -0.6860063883532134,
                        -0.5001882720743182,
                        0.0,
                        0.0
                    ]
                ]
            },
            "est_params": {
                "mui": [
                    0.9999976177873402,
                    -0.5482090184863876,
                    0.30542297603678786,
                    -0.2654286416708872,
                    -0.2512329213908257,
                    0.3692246771400413
                ],
                "Si": [
                    [
                        1.00896510129537e-06,
                        -4.5903346650351e-08,
                        4.5055713184906837e-07,
                        5.328952302642074e-07,
                        -1.4932829992899036e-06,
                        -4.6683117678966376e-07
                    ],
                    [
                        -4.590334665035093e-08,
                        0.9720786661989186,
                        0.9977451090130749,
                        -0.9828604799598342,
                        -1.0107913737772583,
                        -1.0447266378949907
                    ],
                    [
                        4.505571318490685e-07,
                        0.9977451090130749,
                        2.0339088231174407,
                        -1.0300862398076815,
                        -1.0458842801017965,
                        -1.7262861131560039
                    ],
                    [
                        5.328952302642074e-07,
                        -0.9828604799598342,
                        -1.0300862398076815,
                        2.0576269915962397,
                        2.074534570642012,
                        0.5230990052094763
                    ],
                    [
                        -1.4932829992899036e-06,
                        -1.0107913737772583,
                        -1.0458842801017965,
                        2.074534570642012,
                        3.140991442972173,
                        0.5384358760037756
                    ],
                    [
                        -4.6683117678966397e-07,
                        -1.0447266378949907,
                        -1.7262861131560039,
                        0.5230990052094763,
                        0.5384358760037757,
                        2.8367456040587675
                    ]
                ]
            },
            "est_tgt": [
                0,
                3
            ]
        },
        "1": {
            "intv_type": "do",
            "inode": 1,
            "new_mui": 1.0,
            "new_sigmai": 0.0,
            "true_params": {
                "Si": [
                    [
                        1.0,
                        0.0,
                        0.7997507062615408,
                        -0.7623971237685445,
                        -0.7470895570758211,
                        -0.1672919936131928
                    ],
                    [
                        0.0,
                        0.0,
                        0.0,
                        0.0,
                        0.0,
                        0.0
                    ],
                    [
                        0.7997507062615408,
                        0.0,
                        1.6396011921658333,
                        -0.6097276381856608,
                        -0.5974854009120096,
                        -0.8197982783972655
                    ],
                    [
                        -0.7623971237685445,
                        0.0,
                        -0.6097276381856608,
                        1.5812493743305494,
                        1.5495007232656741,
                        -0.3726453373141142
                    ],
                    [
                        -0.7470895570758211,
                        0.0,
                        -0.5974854009120096,
                        1.5495007232656741,
                        2.518389528164926,
                        -0.36516328737474435
                    ],
                    [
                        -0.1672919936131928,
                        0.0,
                        -0.8197982783972655,
                        -0.3726453373141142,
                        -0.36516328737474435,
                        1.7487796835091884
                    ]
                ],
                "mui": [
                    0.0,
                    1.0,
                    0.9578678867896353,
                    -0.97201484921455,
                    -0.9524985345974104,
                    -1.027219114090561
                ],
                "Ai": [
                    [
                        0.0,
                        0.0,
                        0.0,
                        0.0,
                        0.0,
                        0.0
                    ],
                    [
                        0.0,
                        0.0,
                        0.0,
                        0.0,
                        0.0,
                        0.0
                    ],
                    [
                        0.7997507062615408,
                        0.9578678867896353,
                        0.0,
                        0.0,
                        0.0,
                        0.0
                    ],
                    [
                        -0.7623971237685445,
                        -0.97201484921455,
                        0.0,
                        0.0,
                        0.0,
                        0.0
                    ],
                    [
                        -0.0,
                        0.0,
                        -0.0,
                        0.9799217937535523,
                        0.0,
                        0.0
                    ],
                    [
                        -0.0,
                        -0.8563060524136834,
                        -0.6860063883532134,
                        -0.5001882720743182,
                        0.0,
                        0.0
                    ]
                ]
            },
            "est_params": {
                "mui": [
                    -0.022074922705970244,
                    1.0000090821504792,
                    0.9828023460418818,
                    -0.9148474297347263,
                    -0.8900779148049607,
                    -1.0733732874190285
                ],
                "Si": [
                    [
                        0.9196634523969411,
                        -2.334152976161881e-06,
                        0.7230186924947294,
                        -0.6586222776522972,
                        -0.6399897754114606,
                        -0.2260615700629234
                    ],
                    [
                        -2.3341529761618796e-06,
                        1.0463086635457736e-06,
                        1.5648534761383089e-06,
                        -1.8704755373514223e-05,
                        -2.026083345869518e-05,
                        -6.9108906443648e-06
                    ],
                    [
                        0.7230186924947294,
                        1.564853476138307e-06,
                        1.6668850252073837,
                        -0.48029847539341475,
                        -0.5227391159142962,
                        -0.9942432928757461
                    ],
                    [
                        -0.6586222776522972,
                        -1.8704755373514223e-05,
                        -0.48029847539341475,
                        1.441804872575591,
                        1.4208369065638589,
                        -0.3483527271256241
                    ],
                    [
                        -0.6399897754114606,
                        -2.026083345869518e-05,
                        -0.5227391159142962,
                        1.4208369065638589,
                        2.431624123991544,
                        -0.3024058800620264
                    ],
                    [
                        -0.2260615700629234,
                        -6.910890644364801e-06,
                        -0.9942432928757461,
                        -0.3483527271256241,
                        -0.30240588006202646,
                        1.8596801058669212
                    ]
                ]
            },
            "est_tgt": [
                1,
                2,
                3
            ]
        },
        "2": {
            "intv_type": "do",
            "inode": 2,
            "new_mui": 1.0,
            "new_sigmai": 0.0,
            "true_params": {
                "Si": [
                    [
                        1.0,
                        -0.5429298036223765,
                        0.0,
                        -0.23466129256645496,
                        -0.22994971473624767,
                        0.5822889033291547
                    ],
                    [
                        -0.5429298036223765,
                        1.2947727716614323,
                        0.0,
                        -0.8446102397236716,
                        -0.8276519811326379,
                        -0.6862576244904657
                    ],
                    [
                        0.0,
                        0.0,
                        0.0,
                        0.0,
                        0.0,
                        0.0
                    ],
                    [
                        -0.23466129256645496,
                        -0.8446102397236716,
                        0.0,
                        1.9998787893225436,
                        1.9597248105226295,
                        -0.2770710557833705
                    ],
                    [
                        -0.22994971473624767,
                        -0.8276519811326379,
                        0.0,
                        1.9597248105226295,
                        2.920377051590675,
                        -0.271507965980431
                    ],
                    [
                        0.5822889033291547,
                        -0.6862576244904657,
                        0.0,
                        -0.2770710557833705,
                        -0.271507965980431,
                        1.7262342500003136
                    ]
                ],
                "mui": [
                    0.0,
                    0.0,
                    1.0,
                    0.0,
                    0.0,
                    -0.6860063883532134
                ],
                "Ai": [
                    [
                        0.0,
                        0.0,
                        0.0,
                        0.0,
                        0.0,
                        0.0
                    ],
                    [
                        -0.5429298036223765,
                        0.0,
                        0.0,
                        0.0,
                        0.0,
                        0.0
                    ],
                    [
                        0.0,
                        0.0,
                        0.0,
                        0.0,
                        0.0,
                        0.0
                    ],
                    [
                        -0.7623971237685445,
                        -0.97201484921455,
                        0.0,
                        0.0,
                        0.0,
                        0.0
                    ],
                    [
                        -0.0,
                        0.0,
                        -0.0,
                        0.9799217937535523,
                        0.0,
                        0.0
                    ],
                    [
                        -0.0,
                        -0.8563060524136834,
                        -0.6860063883532134,
                        -0.5001882720743182,
                        0.0,
                        0.0
                    ]
                ]
            },
            "est_params": {
                "mui": [
                    -0.05177438157775571,
                    0.0009864432815723098,
                    1.0000047656835231,
                    0.03346445352138436,
                    0.05669964286835475,
                    -0.7298092882873674
                ],
                "Si": [
                    [
                        0.9654186328454349,
                        -0.5254164084530032,
                        1.0242654029799211e-06,
                        -0.23880301556787425,
                        -0.27237121909131745,
                        0.6143816660993666
                    ],
                    [
                        -0.5254164084530032,
                        1.1445638044425384,
                        -4.365570376628788e-06,
                        -0.6996663796803456,
                        -0.673758557165384,
                        -0.7283777117063399
                    ],
                    [
                        1.0242654029799213e-06,
                        -4.365570376628788e-06,
                        1.013555690975423e-06,
                        3.0231704753693274e-06,
                        4.8957062425743036e-06,
                        3.0477055924043795e-06
                    ],
                    [
                        -0.2388030155678742,
                        -0.6996663796803456,
                        3.0231704753693274e-06,
                        1.8457942502513585,
                        1.7900944874572249,
                        -0.2201943815899014
                    ],
                    [
                        -0.27237121909131745,
                        -0.6737585571653841,
                        4.895706242574303e-06,
                        1.7900944874572249,
                        2.699868205479686,
                        -0.1708936885880968
                    ],
                    [
                        0.6143816660993666,
                        -0.7283777117063399,
                        3.0477055924043795e-06,
                        -0.2201943815899014,
                        -0.17089368858809684,
                        1.7241538348878889
                    ]
                ]
            },
            "est_tgt": [
                1,
                2
            ]
        },
        "3": {
            "intv_type": "do",
            "inode": 3,
            "new_mui": 1.0,
            "new_sigmai": 0.0,
            "true_params": {
                "Si": [
                    [
                        1.0,
                        -0.5429298036223765,
                        0.27969568259066324,
                        0.0,
                        0.0,
                        0.27304105182560595
                    ],
                    [
                        -0.5429298036223765,
                        1.2947727716614323,
                        0.80601276476666,
                        0.0,
                        0.0,
                        -1.661651666598289
                    ],
                    [
                        0.27969568259066324,
                        0.80601276476666,
                        1.9957405634026988,
                        0.0,
                        0.0,
                        -2.05928438478227
                    ],
                    [
                        0.0,
                        0.0,
                        0.0,
                        0.0,
                        0.0,
                        0.0
                    ],
                    [
                        0.0,
                        0.0,
                        0.0,
                        0.0,
                        1.0,
                        0.0
                    ],
                    [
                        0.27304105182560595,
                        -1.661651666598289,
                        -2.05928438478227,
                        0.0,
                        0.0,
                        3.835564622508053
                    ]
                ],
                "mui": [
                    0.0,
                    0.0,
                    0.0,
                    1.0,
                    0.9799217937535523,
                    -0.5001882720743182
                ],
                "Ai": [
                    [
                        0.0,
                        0.0,
                        0.0,
                        0.0,
                        0.0,
                        0.0
                    ],
                    [
                        -0.5429298036223765,
                        0.0,
                        0.0,
                        0.0,
                        0.0,
                        0.0
                    ],
                    [
                        0.7997507062615408,
                        0.9578678867896353,
                        0.0,
                        0.0,
                        0.0,
                        0.0
                    ],
                    [
                        0.0,
                        0.0,
                        0.0,
                        0.0,
                        0.0,
                        0.0
                    ],
                    [
                        -0.0,
                        0.0,
                        -0.0,
                        0.9799217937535523,
                        0.0,
                        0.0
                    ],
                    [
                        -0.0,
                        -0.8563060524136834,
                        -0.6860063883532134,
                        -0.5001882720743182,
                        0.0,
                        0.0
                    ]
                ]
            },
            "est_params": {
                "mui": [
                    0.01598975459185111,
                    0.03838438636561722,
                    0.04850128346118067,
                    0.999999641001283,
                    1.0334596298125334,
                    -0.5536972468790781
                ],
                "Si": [
                    [
                        1.0593611712030555,
                        -0.5025381375104602,
                        0.3880626819266319,
                        -6.023218035990302e-07,
                        -0.012769708641538926,
                        0.26911004592592364
                    ],
                    [
                        -0.5025381375104603,
                        1.1803983296383627,
                        0.7465533041536441,
                        6.946114426906587e-07,
                        -0.029722737233483676,
                        -1.5191581759780142
                    ],
                    [
                        0.3880626819266319,
                        0.7465533041536441,
                        2.0245173009864503,
                        5.379395683443005e-07,
                        -0.03422971170063368,
                        -1.955502772964028
                    ],
                    [
                        -6.023218035990302e-07,
                        6.946114426906587e-07,
                        5.379395683443007e-07,
                        1.001551740884915e-06,
                        8.108111541616868e-07,
                        -2.20954323614868e-07
                    ],
                    [
                        -0.01276970864153891,
                        -0.029722737233483676,
                        -0.03422971170063371,
                        8.108111541616868e-07,
                        1.0598028815132376,
                        0.013120966300001759
                    ],
                    [
                        0.26911004592592364,
                        -1.5191581759780142,
                        -1.9555027729640277,
                        -2.20954323614868e-07,
                        0.013120966300001764,
                        3.5178245826090455
                    ]
                ]
            },
            "est_tgt": [
                1,
                2,
                3
            ]
        },
        "4": {
            "intv_type": "do",
            "inode": 4,
            "new_mui": 1.0,
            "new_sigmai": 0.0,
            "true_params": {
                "Si": [
                    [
                        1.0,
                        -0.5429298036223765,
                        0.27969568259066324,
                        -0.23466129256645496,
                        0.0,
                        0.3904158782771471
                    ],
                    [
                        -0.5429298036223765,
                        1.2947727716614323,
                        0.80601276476666,
                        -0.8446102397236716,
                        0.0,
                        -1.2391875302146302
                    ],
                    [
                        0.27969568259066324,
                        0.80601276476666,
                        1.9957405634026988,
                        -0.9966955599472689,
                        0.0,
                        -1.5607489548681004
                    ],
                    [
                        -0.23466129256645496,
                        -0.8446102397236716,
                        -0.9966955599472689,
                        1.9998787893225436,
                        0.0,
                        0.40666846558373915
                    ],
                    [
                        0.0,
                        0.0,
                        0.0,
                        0.0,
                        0.0,
                        0.0
                    ],
                    [
                        0.3904158782771471,
                        -1.2391875302146302,
                        -1.5607489548681004,
                        0.40666846558373915,
                        0.0,
                        2.9283967387460255
                    ]
                ],
                "mui": [
                    0.0,
                    0.0,
                    0.0,
                    0.0,
                    1.0,
                    0.0
                ],
                "Ai": [
                    [
                        0.0,
                        0.0,
                        0.0,
                        0.0,
                        0.0,
                        0.0
                    ],
                    [
                        -0.5429298036223765,
                        0.0,
                        0.0,
                        0.0,
                        0.0,
                        0.0
                    ],
                    [
                        0.7997507062615408,
                        0.9578678867896353,
                        0.0,
                        0.0,
                        0.0,
                        0.0
                    ],
                    [
                        -0.7623971237685445,
                        -0.97201484921455,
                        0.0,
                        0.0,
                        0.0,
                        0.0
                    ],
                    [
                        0.0,
                        0.0,
                        0.0,
                        0.0,
                        0.0,
                        0.0
                    ],
                    [
                        -0.0,
                        -0.8563060524136834,
                        -0.6860063883532134,
                        -0.5001882720743182,
                        0.0,
                        0.0
                    ]
                ]
            },
            "est_params": {
                "mui": [
                    -0.01591433457684148,
                    -0.11598055512867798,
                    -0.11229590730491731,
                    0.2646447091615839,
                    1.0423847757984808,
                    0.026438083242009157
                ],
                "Si": [
                    [
                        0.9899127066785505,
                        -0.5491709937190058,
                        0.22937532436585673,
                        -0.25134218983559387,
                        -0.01532065844617959,
                        0.4262844512058382
                    ],
                    [
                        -0.5491709937190059,
                        1.2111259580519365,
                        0.736383758598088,
                        -0.6725835418083284,
                        -0.15932844161053275,
                        -1.2344930452909673
                    ],
                    [
                        0.22937532436585673,
                        0.736383758598088,
                        1.820646799910782,
                        -0.8522849380646922,
                        -0.15718267935789018,
                        -1.4878577576032794
                    ],
                    [
                        -0.25134218983559387,
                        -0.6725835418083284,
                        -0.8522849380646923,
                        1.7341874909058848,
                        0.3564243315214925,
                        0.3180119528665483
                    ],
                    [
                        -0.015320658446179587,
                        -0.15932844161053275,
                        -0.15718267935789018,
                        0.3564243315214925,
                        0.5010290679017019,
                        0.13006920837049143
                    ],
                    [
                        0.4262844512058382,
                        -1.234493045290967,
                        -1.4878577576032797,
                        0.31801195286654826,
                        0.13006920837049143,
                        2.988488701409587
                    ]
                ]
            },
            "est_tgt": [
                4
            ]
        },
        "5": {
            "intv_type": "do",
            "inode": 5,
            "new_mui": 1.0,
            "new_sigmai": 0.0,
            "true_params": {
                "Si": [
                    [
                        1.0,
                        -0.5429298036223765,
                        0.27969568259066324,
                        -0.23466129256645496,
                        -0.22994971473624767,
                        0.0
                    ],
                    [
                        -0.5429298036223765,
                        1.2947727716614323,
                        0.80601276476666,
                        -0.8446102397236716,
                        -0.8276519811326379,
                        0.0
                    ],
                    [
                        0.27969568259066324,
                        0.80601276476666,
                        1.9957405634026988,
                        -0.9966955599472689,
                        -0.9766837009297289,
                        0.0
                    ],
                    [
                        -0.23466129256645496,
                        -0.8446102397236716,
                        -0.9966955599472689,
                        1.9998787893225436,
                        1.9597248105226295,
                        0.0
                    ],
                    [
                        -0.22994971473624767,
                        -0.8276519811326379,
                        -0.9766837009297289,
                        1.9597248105226295,
                        2.920377051590675,
                        0.0
                    ],
                    [
                        0.0,
                        0.0,
                        0.0,
                        0.0,
                        0.0,
                        0.0
                    ]
                ],
                "mui": [
                    0.0,
                    0.0,
                    0.0,
                    0.0,
                    0.0,
                    1.0
                ],
                "Ai": [
                    [
                        0.0,
                        0.0,
                        0.0,
                        0.0,
                        0.0,
                        0.0
                    ],
                    [
                        -0.5429298036223765,
                        0.0,
                        0.0,
                        0.0,
                        0.0,
                        0.0
                    ],
                    [
                        0.7997507062615408,
                        0.9578678867896353,
                        0.0,
                        0.0,
                        0.0,
                        0.0
                    ],
                    [
                        -0.7623971237685445,
                        -0.97201484921455,
                        0.0,
                        0.0,
                        0.0,
                        0.0
                    ],
                    [
                        -0.0,
                        0.0,
                        -0.0,
                        0.9799217937535523,
                        0.0,
                        0.0
                    ],
                    [
                        0.0,
                        0.0,
                        0.0,
                        0.0,
                        0.0,
                        0.0
                    ]
                ]
            },
            "est_params": {
                "mui": [
                    0.022041192814335992,
                    0.026383960704353886,
                    0.0578459798170864,
                    -0.01966578966936632,
                    -0.03607351260291267,
                    0.9999981334458937
                ],
                "Si": [
                    [
                        1.0640177425790185,
                        -0.5935928656799119,
                        0.24407356307229808,
                        -0.21178293396642558,
                        -0.24390707681327142,
                        -3.5655825438663424e-06
                    ],
                    [
                        -0.5935928656799119,
                        1.3707323610034265,
                        0.9047991088469363,
                        -0.8859055288033311,
                        -0.8470500266094847,
                        3.4400065623694207e-06
                    ],
                    [
                        0.24407356307229808,
                        0.9047991088469363,
                        2.2035631310926918,
                        -1.0870911672677603,
                        -1.1268504927475964,
                        1.9354942363334953e-06
                    ],
                    [
                        -0.21178293396642556,
                        -0.8859055288033311,
                        -1.0870911672677603,
                        2.009887088536057,
                        1.9454894838627521,
                        6.148576768700688e-06
                    ],
                    [
                        -0.24390707681327142,
                        -0.8470500266094847,
                        -1.1268504927475964,
                        1.9454894838627517,
                        2.8755035129201527,
                        5.6744058546780055e-06
                    ],
                    [
                        -3.5655825438663424e-06,
                        3.4400065623694207e-06,
                        1.9354942363334953e-06,
                        6.148576768700687e-06,
                        5.6744058546780055e-06,
                        1.0145188109948004e-06
                    ]
                ]
            },
            "est_tgt": [
                5
            ]
        },
        "obs": {
            "intv_type": "obs",
            "true_params": {
                "Si": [
                    [
                        1.0,
                        -0.5429298036223765,
                        0.27969568259066324,
                        -0.23466129256645496,
                        -0.22994971473624767,
                        0.3904158782771471
                    ],
                    [
                        -0.5429298036223765,
                        1.2947727716614323,
                        0.80601276476666,
                        -0.8446102397236716,
                        -0.8276519811326379,
                        -1.2391875302146302
                    ],
                    [
                        0.27969568259066324,
                        0.80601276476666,
                        1.9957405634026988,
                        -0.9966955599472689,
                        -0.9766837009297289,
                        -1.5607489548681004
                    ],
                    [
                        -0.23466129256645496,
                        -0.8446102397236716,
                        -0.9966955599472689,
                        1.9998787893225436,
                        1.9597248105226295,
                        0.40666846558373915
                    ],
                    [
                        -0.22994971473624767,
                        -0.8276519811326379,
                        -0.9766837009297289,
                        1.9597248105226295,
                        2.920377051590675,
                        0.39850329225782233
                    ],
                    [
                        0.3904158782771471,
                        -1.2391875302146302,
                        -1.5607489548681004,
                        0.40666846558373915,
                        0.39850329225782233,
                        2.9283967387460255
                    ]
                ],
                "mui": [
                    0.0,
                    0.0,
                    0.0,
                    0.0,
                    0.0,
                    0.0
                ],
                "Ai": [
                    [
                        0.0,
                        0.0,
                        0.0,
                        0.0,
                        0.0,
                        0.0
                    ],
                    [
                        -0.5429298036223765,
                        0.0,
                        0.0,
                        0.0,
                        0.0,
                        0.0
                    ],
                    [
                        0.7997507062615408,
                        0.9578678867896353,
                        0.0,
                        0.0,
                        0.0,
                        0.0
                    ],
                    [
                        -0.7623971237685445,
                        -0.97201484921455,
                        0.0,
                        0.0,
                        0.0,
                        0.0
                    ],
                    [
                        -0.0,
                        0.0,
                        -0.0,
                        0.9799217937535523,
                        0.0,
                        0.0
                    ],
                    [
                        -0.0,
                        -0.8563060524136834,
                        -0.6860063883532134,
                        -0.5001882720743182,
                        0.0,
                        0.0
                    ]
                ]
            },
            "est_params": {
                "mui": [
                    0.0017254251792316517,
