{
    "expt_args": {
        "save_dir": "expt_logs_30.04.24-spallunk",
        "exp_name": "549",
        "num_nodes": 6,
        "obs_noise_mean": 0.0,
        "obs_noise_var": 1.0,
        "max_edge_strength": 1.0,
        "graph_sparsity_method": "adj_dense_prop",
        "adj_dense_prop": 0.9,
        "num_parents": null,
        "new_noise_mean": 1.0,
        "mix_samples": 32768,
        "stage2_samples": 32768,
        "gmm_tol": 0.001,
        "intv_type": "do",
        "new_noise_sigma": 0.0,
        "intv_targets": [
            0,
            1,
            2,
            3,
            4,
            5
        ]
    },
    "intv_args_dict": {
        "0": {
            "intv_type": "do",
            "inode": 0,
            "new_mui": 1.0,
            "new_sigmai": 0.0,
            "true_params": {
                "Si": [
                    [
                        0.0,
                        0.0,
                        0.0,
                        0.0,
                        0.0,
                        0.0
                    ],
                    [
                        0.0,
                        1.0,
                        -0.9204189093156259,
                        0.7751564722434092,
                        1.497078474907813,
                        1.6669754398580252
                    ],
                    [
                        0.0,
                        -0.9204189093156259,
                        1.8471709686257665,
                        -1.5556465835051503,
                        -2.4084266759799844,
                        -2.079276636728939
                    ],
                    [
                        0.0,
                        0.7751564722434092,
                        -1.5556465835051503,
                        2.3101311864876664,
                        2.567275149891063,
                        1.2083882712826026
                    ],
                    [
                        0.0,
                        1.497078474907813,
                        -2.4084266759799844,
                        2.567275149891063,
                        4.593616736460545,
                        3.5860696477450493
                    ],
                    [
                        0.0,
                        1.6669754398580252,
                        -2.079276636728939,
                        1.2083882712826026,
                        3.5860696477450493,
                        5.0450588773512814
                    ]
                ],
                "mui": [
                    1.0,
                    0.8677154234596176,
                    -0.13359292822485969,
                    1.0831318874034463,
                    0.3009704220030211,
                    -0.7524160895473104
                ],
                "Ai": [
                    [
                        0.0,
                        0.0,
                        0.0,
                        0.0,
                        0.0,
                        0.0
                    ],
                    [
                        0.8677154234596176,
                        0.0,
                        0.0,
                        0.0,
                        0.0,
                        0.0
                    ],
                    [
                        0.665068755432188,
                        -0.9204189093156259,
                        0.0,
                        0.0,
                        0.0,
                        0.0
                    ],
                    [
                        0.9706228744840493,
                        -0.0,
                        -0.8421779087739234,
                        0.0,
                        0.0,
                        0.0
                    ],
                    [
                        -0.8358412941078481,
                        0.5485984423320948,
                        -0.5765943688219067,
                        0.5389514084789083,
                        0.0,
                        0.0
                    ],
                    [
                        -0.6230847299178196,
                        0.7147600876137978,
                        -0.5284192210680476,
                        -0.9854314461191502,
                        0.8214077572750669,
                        0.0
                    ]
                ]
            },
            "est_params": {
                "mui": [
                    1.0000014865477773,
                    0.8525923013289906,
                    -0.09724596008806913,
                    1.0355770223479133,
                    0.24138181479105655,
                    -0.7990503427104796
                ],
                "Si": [
                    [
                        1.0119137207991834e-06,
                        -1.5245584321582249e-06,
                        2.3068310698266656e-06,
                        -9.854043745338835e-07,
                        -1.2932141818435367e-06,
                        -4.7147109454342706e-06
                    ],
                    [
                        -1.5245584321582249e-06,
                        0.9956586183408246,
                        -0.9238791864523189,
                        0.769329873255136,
                        1.501686476096169,
                        1.676377444025499
                    ],
                    [
                        2.3068310698266656e-06,
                        -0.9238791864523189,
                        1.8314391131564864,
                        -1.507831560767725,
                        -2.3919150394148048,
                        -2.1255126271350657
                    ],
                    [
                        -9.854043745338835e-07,
                        0.769329873255136,
                        -1.507831560767725,
                        2.189595559541939,
                        2.5057761713993165,
                        1.2479150759150244
                    ],
                    [
                        -1.2932141818435367e-06,
                        1.501686476096169,
                        -2.3919150394148048,
                        2.5057761713993165,
                        4.6027226904518255,
                        3.6651883768503217
                    ],
                    [
                        -4.71471094543427e-06,
                        1.676377444025499,
                        -2.1255126271350653,
                        1.2479150759150242,
                        3.6651883768503226,
                        5.148986571400662
                    ]
                ]
            },
            "est_tgt": [
                0
            ]
        },
        "1": {
            "intv_type": "do",
            "inode": 1,
            "new_mui": 1.0,
            "new_sigmai": 0.0,
            "true_params": {
                "Si": [
                    [
                        1.0,
                        0.0,
                        0.665068755432188,
                        0.4105166608432933,
                        -0.9980676608038904,
                        -2.198876389240499
                    ],
                    [
                        0.0,
                        0.0,
                        0.0,
                        0.0,
                        0.0,
                        0.0
                    ],
                    [
                        0.665068755432188,
                        0.0,
                        1.4423164494521195,
                        -0.5691561040626967,
                        -1.6942709559533928,
                        -2.0073649040602817
                    ],
                    [
                        0.4105166608432933,
                        0.0,
                        -0.5691561040626967,
                        1.8777875588567463,
                        0.9970816772010895,
                        -0.986453922912317
                    ],
                    [
                        -0.9980676608038904,
                        0.0,
                        -1.6942709559533928,
                        0.9970816772010895,
                        3.348511831970791,
                        3.285104012739786
                    ],
                    [
                        -2.198876389240499,
                        0.0,
                        -2.0073649040602817,
                        -0.986453922912317,
                        3.285104012739786,
                        7.1013091354207605
                    ]
                ],
                "mui": [
                    0.0,
                    1.0,
                    -0.9204189093156259,
                    0.7751564722434092,
                    1.497078474907813,
                    1.6669754398580252
                ],
                "Ai": [
                    [
                        0.0,
                        0.0,
                        0.0,
                        0.0,
                        0.0,
                        0.0
                    ],
                    [
                        0.0,
                        0.0,
                        0.0,
                        0.0,
                        0.0,
                        0.0
                    ],
                    [
                        0.665068755432188,
                        -0.9204189093156259,
                        0.0,
                        0.0,
                        0.0,
                        0.0
                    ],
                    [
                        0.9706228744840493,
                        -0.0,
                        -0.8421779087739234,
                        0.0,
                        0.0,
                        0.0
                    ],
                    [
                        -0.8358412941078481,
                        0.5485984423320948,
                        -0.5765943688219067,
                        0.5389514084789083,
                        0.0,
                        0.0
                    ],
                    [
                        -0.6230847299178196,
                        0.7147600876137978,
                        -0.5284192210680476,
                        -0.9854314461191502,
                        0.8214077572750669,
                        0.0
                    ]
                ]
            },
            "est_params": {
                "mui": [
                    -0.01602737992723886,
                    1.0000000577466968,
                    -0.9441523788473418,
                    0.7672484712675341,
                    1.498440660936787,
                    1.6999172728509435
                ],
                "Si": [
                    [
                        1.0190670357057414,
                        -4.2774892400612226e-07,
                        0.6626823218824819,
                        0.41622683095611157,
                        -0.9726072086621308,
                        -2.1730012814748716
                    ],
                    [
                        -4.2774892400612216e-07,
                        1.012185279414663e-06,
                        1.9234854372540835e-06,
                        -7.415627444812849e-07,
                        1.0450804367378092e-06,
                        2.5901848867561715e-06
                    ],
                    [
                        0.6626823218824819,
                        1.9234854372540835e-06,
                        1.3939513471319764,
                        -0.5402351568853024,
                        -1.6421592307129167,
                        -1.9442263037114458
                    ],
                    [
                        0.41622683095611157,
                        -7.415627444812849e-07,
                        -0.5402351568853024,
                        1.8956501915996864,
                        1.0121330983789643,
                        -1.0097432780800213
                    ],
                    [
                        -0.9726072086621308,
                        1.0450804367378092e-06,
                        -1.6421592307129167,
                        1.0121330983789643,
                        3.2898399092724415,
                        3.1348456820496593
                    ],
                    [
                        -2.173001281474872,
                        2.5901848867561715e-06,
                        -1.9442263037114458,
                        -1.009743278080021,
                        3.1348456820496593,
                        6.895861719991514
                    ]
                ]
            },
            "est_tgt": [
                1
            ]
        },
        "2": {
            "intv_type": "do",
            "inode": 2,
            "new_mui": 1.0,
            "new_sigmai": 0.0,
            "true_params": {
                "Si": [
                    [
                        1.0,
                        0.8677154234596176,
                        0.0,
                        0.9706228744840493,
                        0.16330460089465712,
                        -0.8252190146875426
                    ],
                    [
                        0.8677154234596176,
                        1.7529300561097036,
                        0.0,
                        0.842224438552518,
                        0.690300363250306,
                        0.4493278369978695
                    ],
                    [
                        0.0,
                        0.0,
                        0.0,
                        0.0,
                        0.0,
                        0.0
                    ],
                    [
                        0.9706228744840493,
                        0.842224438552518,
                        0.0,
                        1.9421087644716786,
                        0.6974585896157508,
                        -1.343709030515169
                    ],
                    [
                        0.16330460089465712,
                        0.690300363250306,
                        0.0,
                        0.6974585896157508,
                        1.618097264303963,
                        1.0334665633254076
                    ],
                    [
                        -0.8252190146875426,
                        0.4493278369978695,
                        0.0,
                        -1.343709030515169,
                        1.0334665633254076,
                        4.00837355613337
                    ]
                ],
                "mui": [
                    0.0,
                    0.0,
                    1.0,
                    -0.8421779087739234,
                    -1.0304873389454343,
                    -0.5449609205188795
                ],
                "Ai": [
                    [
                        0.0,
                        0.0,
                        0.0,
                        0.0,
                        0.0,
                        0.0
                    ],
                    [
                        0.8677154234596176,
                        0.0,
                        0.0,
                        0.0,
                        0.0,
                        0.0
                    ],
                    [
                        0.0,
                        0.0,
                        0.0,
                        0.0,
                        0.0,
                        0.0
                    ],
                    [
                        0.9706228744840493,
                        -0.0,
                        -0.8421779087739234,
                        0.0,
                        0.0,
                        0.0
                    ],
                    [
                        -0.8358412941078481,
                        0.5485984423320948,
                        -0.5765943688219067,
                        0.5389514084789083,
                        0.0,
                        0.0
                    ],
                    [
                        -0.6230847299178196,
                        0.7147600876137978,
                        -0.5284192210680476,
                        -0.9854314461191502,
                        0.8214077572750669,
                        0.0
                    ]
                ]
            },
            "est_params": {
                "mui": [
                    -0.0019687171429088935,
                    0.016598250469671172,
                    1.000001847850473,
                    -0.8381057849654218,
                    -0.9853594916414266,
                    -0.5025332548910588
                ],
                "Si": [
                    [
                        0.9683129431002505,
                        0.8495309938037429,
                        -7.57474185709334e-10,
                        0.9621158261360803,
                        0.182588139287025,
                        -0.8147081197100406
                    ],
                    [
                        0.8495309938037429,
                        1.750366845575937,
                        -3.469479419296653e-07,
                        0.8433484300646584,
                        0.7033038776217126,
                        0.4417328034930026
                    ],
                    [
                        -7.57474185709334e-10,
                        -3.469479419296653e-07,
                        1.0112341759681459e-06,
                        8.872091897315117e-07,
                        3.315430527829514e-06,
                        3.795172852614075e-07
                    ],
                    [
                        0.9621158261360803,
                        0.8433484300646584,
                        8.872091897315119e-07,
                        2.0086743685360187,
                        0.7464063053833456,
                        -1.368559796483527
                    ],
                    [
                        0.182588139287025,
                        0.7033038776217126,
                        3.315430527829515e-06,
                        0.7464063053833454,
                        1.625862067323152,
                        0.9594502056509289
                    ],
                    [
                        -0.8147081197100406,
                        0.4417328034930026,
                        3.795172852614075e-07,
                        -1.368559796483527,
                        0.9594502056509286,
                        3.925960350142743
                    ]
                ]
            },
            "est_tgt": [
                2
            ]
        },
        "3": {
            "intv_type": "do",
            "inode": 3,
            "new_mui": 1.0,
            "new_sigmai": 0.0,
            "true_params": {
                "Si": [
                    [
                        1.0,
                        0.8677154234596176,
                        -0.13359292822485969,
                        0.0,
                        -0.28278503428148466,
                        -0.16456512754930688
                    ],
                    [
                        0.8677154234596176,
                        1.7529300561097036,
                        -1.0363395536014703,
                        0.0,
                        0.8339298666310848,
                        1.9448824113642011
                    ],
                    [
                        -0.13359292822485969,
                        -1.0363395536014703,
                        1.8650180390974587,
                        0.0,
                        -1.5322306779166508,
                        -2.9015919808012223
                    ],
                    [
                        0.0,
                        0.0,
                        0.0,
                        0.0,
                        0.0,
                        0.0
                    ],
                    [
                        -0.28278503428148466,
                        0.8339298666310848,
                        -1.5322306779166508,
                        0.0,
                        2.5773316154791064,
                        3.698959144593178
                    ],
                    [
                        -0.16456512754930688,
                        1.9448824113642011,
                        -2.9015919808012223,
                        0.0,
                        3.698959144593178,
                        7.06427305036282
                    ]
                ],
                "mui": [
                    0.0,
                    0.0,
                    0.0,
                    1.0,
                    0.5389514084789083,
                    -0.5427325784002517
                ],
                "Ai": [
                    [
                        0.0,
                        0.0,
                        0.0,
                        0.0,
                        0.0,
                        0.0
                    ],
                    [
                        0.8677154234596176,
                        0.0,
                        0.0,
                        0.0,
                        0.0,
                        0.0
                    ],
                    [
                        0.665068755432188,
                        -0.9204189093156259,
                        0.0,
                        0.0,
                        0.0,
                        0.0
                    ],
                    [
                        0.0,
                        0.0,
                        0.0,
                        0.0,
                        0.0,
                        0.0
                    ],
                    [
                        -0.8358412941078481,
                        0.5485984423320948,
                        -0.5765943688219067,
                        0.5389514084789083,
                        0.0,
                        0.0
                    ],
                    [
                        -0.6230847299178196,
                        0.7147600876137978,
                        -0.5284192210680476,
                        -0.9854314461191502,
                        0.8214077572750669,
                        0.0
                    ]
                ]
            },
            "est_params": {
                "mui": [
                    0.01640655376776926,
                    0.013047164136154117,
                    -0.0099682750257182,
                    1.000000050231134,
                    0.5338235228277103,
                    -0.5627699813864242
                ],
                "Si": [
                    [
                        0.9974539206451226,
                        0.8752276728015684,
                        -0.13738594239768603,
                        8.304082929939064e-07,
                        -0.2626838520972607,
                        -0.14966056174396797
                    ],
                    [
                        0.8752276728015684,
                        1.753353755968405,
                        -1.014062570029659,
                        1.646405632351076e-06,
                        0.8277681634491199,
                        1.8981675892193215
                    ],
                    [
                        -0.13738594239768603,
                        -1.014062570029659,
                        1.8073235385174418,
                        5.550341190118872e-07,
                        -1.4967930761889456,
                        -2.7851383972155808
                    ],
                    [
                        8.304082929939063e-07,
                        1.6464056323510758e-06,
                        5.550341190118872e-07,
                        1.0119155837234846e-06,
                        2.28830866798741e-08,
                        -5.947985958345613e-07
                    ],
                    [
                        -0.2626838520972607,
                        0.8277681634491199,
                        -1.4967930761889456,
                        2.288308667987373e-08,
                        2.566114935386281,
                        3.6402866630402304
                    ],
                    [
                        -0.14966056174396794,
                        1.8981675892193215,
                        -2.785138397215581,
                        -5.947985958345613e-07,
                        3.6402866630402304,
                        6.847012354508527
                    ]
                ]
            },
            "est_tgt": [
                3
            ]
        },
        "4": {
            "intv_type": "do",
            "inode": 4,
            "new_mui": 1.0,
            "new_sigmai": 0.0,
            "true_params": {
                "Si": [
                    [
                        1.0,
                        0.8677154234596176,
                        -0.13359292822485969,
                        1.0831318874034463,
                        0.0,
                        -0.9996355288909424
                    ],
                    [
                        0.8677154234596176,
                        1.7529300561097036,
                        -1.0363395536014703,
                        1.7150067165843055,
                        0.0,
                        -0.43013559893766184
                    ],
                    [
                        -0.13359292822485969,
                        -1.0363395536014703,
                        1.8650180390974587,
                        -1.7003453439970957,
                        0.0,
                        0.03256795521137157
                    ],
                    [
                        1.0831318874034463,
                        1.7150067165843055,
                        -1.7003453439970957,
                        3.483305871997818,
                        0.0,
                        -1.9831285690206153
                    ],
                    [
                        0.0,
                        0.0,
                        0.0,
                        0.0,
                        0.0,
                        0.0
                    ],
                    [
                        -0.9996355288909424,
                        -0.43013559893766184,
                        0.03256795521137157,
                        -1.9831285690206153,
                        0.0,
                        3.2524415952383867
                    ]
                ],
                "mui": [
                    0.0,
                    0.0,
                    0.0,
                    0.0,
                    1.0,
                    0.8214077572750669
                ],
                "Ai": [
                    [
                        0.0,
                        0.0,
                        0.0,
                        0.0,
                        0.0,
                        0.0
                    ],
                    [
                        0.8677154234596176,
                        0.0,
                        0.0,
                        0.0,
                        0.0,
                        0.0
                    ],
                    [
                        0.665068755432188,
                        -0.9204189093156259,
                        0.0,
                        0.0,
                        0.0,
                        0.0
                    ],
                    [
                        0.9706228744840493,
                        -0.0,
                        -0.8421779087739234,
                        0.0,
                        0.0,
                        0.0
                    ],
                    [
                        0.0,
                        0.0,
                        0.0,
                        0.0,
                        0.0,
                        0.0
                    ],
                    [
                        -0.6230847299178196,
                        0.7147600876137978,
                        -0.5284192210680476,
                        -0.9854314461191502,
                        0.8214077572750669,
                        0.0
                    ]
                ]
            },
            "est_params": {
                "mui": [
                    0.00396893627585759,
                    0.01963810453389454,
                    0.00666312303194928,
                    0.01337155423606344,
                    1.000001951833824,
                    0.8128600359329455
                ],
                "Si": [
                    [
                        1.010283591307039,
                        0.8888016486934789,
                        -0.15307566564958036,
                        1.1012994270505738,
                        7.741803970699656e-07,
                        -0.9743737577468243
                    ],
                    [
                        0.8888016486934791,
                        1.8076426648998047,
                        -1.0942507250024176,
                        1.7655494034659032,
                        2.9099969317341146e-07,
                        -0.3882738319053145
                    ],
                    [
                        -0.15307566564958036,
                        -1.0942507250024176,
                        1.9285185106792033,
                        -1.7614424965951463,
                        -8.874623462892037e-07,
                        0.027367848544425442
                    ],
                    [
                        1.1012994270505738,
                        1.7655494034659032,
                        -1.7614424965951463,
                        3.5498628123118596,
                        1.9994210846884837e-06,
                        -1.9438319409883813
                    ],
                    [
                        7.741803970699655e-07,
                        2.9099969317341136e-07,
                        -8.874623462892033e-07,
                        1.9994210846884837e-06,
                        1.0102873683060707e-06,
                        -2.1960192682452713e-06
                    ],
                    [
                        -0.9743737577468243,
                        -0.38827383190531434,
                        0.027367848544425442,
                        -1.9438319409883813,
                        -2.1960192682452713e-06,
                        3.166947330342853
                    ]
                ]
            },
            "est_tgt": [
                4,
                5
            ]
        },
        "5": {
            "intv_type": "do",
            "inode": 5,
            "new_mui": 1.0,
            "new_sigmai": 0.0,
            "true_params": {
                "Si": [
                    [
                        1.0,
                        0.8677154234596176,
                        -0.13359292822485969,
                        1.0831318874034463,
                        0.3009704220030211,
                        0.0
                    ],
                    [
                        0.8677154234596176,
                        1.7529300561097036,
                        -1.0363395536014703,
                        1.7150067165843055,
                        1.7582351520849842,
                        0.0
                    ],
                    [
                        -0.13359292822485969,
                        -1.0363395536014703,
                        1.8650180390974587,
                        -1.7003453439970957,
                        -2.4486341959644395,
                        0.0
                    ],
                    [
                        1.0831318874034463,
                        1.7150067165843055,
                        -1.7003453439970957,
                        3.483305871997818,
                        2.893265811127807,
                        0.0
                    ],
                    [
                        0.3009704220030211,
                        1.7582351520849842,
                        -2.4486341959644395,
                        2.893265811127807,
                        4.684199931381221,
                        0.0
                    ],
                    [
                        0.0,
                        0.0,
                        0.0,
                        0.0,
                        0.0,
                        0.0
                    ]
                ],
                "mui": [
                    0.0,
                    0.0,
                    0.0,
                    0.0,
                    0.0,
                    1.0
                ],
                "Ai": [
                    [
                        0.0,
                        0.0,
                        0.0,
                        0.0,
                        0.0,
                        0.0
                    ],
                    [
                        0.8677154234596176,
                        0.0,
                        0.0,
                        0.0,
                        0.0,
                        0.0
                    ],
                    [
                        0.665068755432188,
                        -0.9204189093156259,
                        0.0,
                        0.0,
                        0.0,
                        0.0
                    ],
                    [
                        0.9706228744840493,
                        -0.0,
                        -0.8421779087739234,
                        0.0,
                        0.0,
                        0.0
                    ],
                    [
                        -0.8358412941078481,
                        0.5485984423320948,
                        -0.5765943688219067,
                        0.5389514084789083,
                        0.0,
                        0.0
                    ],
                    [
                        0.0,
                        0.0,
                        0.0,
                        0.0,
                        0.0,
                        0.0
                    ]
                ]
            },
            "est_params": {
                "mui": [
                    0.03552773778789042,
                    0.03889377593656064,
                    0.0039377849707460865,
                    0.017306024364634274,
                    0.02542114563828238,
                    1.0000010786329272
                ],
                "Si": [
                    [
                        1.0127888467739004,
                        0.8875304914118619,
                        -0.1391902242612889,
                        1.1134265419142515,
                        0.3519470667851619,
                        1.3862852840133856e-06
                    ],
                    [
                        0.8875304914118619,
                        1.8057643875971408,
                        -1.085275240194448,
                        1.7902342022749664,
                        1.863688715615273,
                        1.3417241455093167e-06
                    ],
                    [
                        -0.1391902242612889,
                        -1.085275240194448,
                        1.9097063178091698,
                        -1.732911653037027,
                        -2.5602071881218422,
                        5.675686373947471e-07
                    ],
                    [
                        1.1134265419142515,
                        1.790234202274966,
                        -1.732911653037027,
                        3.5347191339100705,
                        3.030173088500771,
                        -6.781151861872748e-07
                    ],
                    [
                        0.35194706678516186,
                        1.863688715615273,
                        -2.5602071881218422,
                        3.0301730885007707,
                        4.894124125084291,
                        -1.6567965582334024e-06
                    ],
                    [
                        1.3862852840133856e-06,
                        1.3417241455093171e-06,
                        5.675686373947476e-07,
                        -6.781151861872745e-07,
                        -1.6567965582334022e-06,
                        1.0102435007679397e-06
                    ]
                ]
            },
            "est_tgt": [
                4,
                5
            ]
        },
        "obs": {
            "intv_type": "obs",
            "true_params": {
                "Si": [
                    [
                        1.0,
                        0.8677154234596176,
                        -0.13359292822485969,
                        1.0831318874034463,
                        0.3009704220030211,
                        -0.7524160895473104
                    ],
                    [
                        0.8677154234596176,
                        1.7529300561097036,
                        -1.0363395536014703,
                        1.7150067165843055,
                        1.7582351520849842,
                        1.0140923940986513
                    ],
                    [
                        -0.13359292822485969,
                        -1.0363395536014703,
                        1.8650180390974587,
                        -1.7003453439970957,
                        -2.4486341959644395,
                        -1.9787591680828152
                    ],
                    [
                        1.0831318874034463,
                        1.7150067165843055,
                        -1.7003453439970957,
                        3.483305871997818,
                        2.893265811127807,
                        0.3934224120985039
                    ],
                    [
                        0.3009704220030211,
                        1.7582351520849842,
                        -2.4486341959644395,
                        2.893265811127807,
                        4.684199931381221,
                        3.3596146597521326
                    ],
                    [
                        -0.7524160895473104,
                        1.0140923940986513,
                        -1.9787591680828152,
                        0.3934224120985039,
                        3.3596146597521326,
                        5.611188849160948
                    ]
                ],
                "mui": [
                    0.0,
                    0.0,
                    0.0,
                    0.0,
                    0.0,
                    0.0
                ],
                "Ai": [
                    [
                        0.0,
                        0.0,
                        0.0,
                        0.0,
                        0.0,
                        0.0
                    ],
                    [
                        0.8677154234596176,
                        0.0,
                        0.0,
                        0.0,
                        0.0,
                        0.0
                    ],
                    [
                        0.665068755432188,
                        -0.9204189093156259,
                        0.0,
                        0.0,
                        0.0,
                        0.0
                    ],
                    [
                        0.9706228744840493,
                        -0.0,
                        -0.8421779087739234,
                        0.0,
                        0.0,
                        0.0
                    ],
                    [
                        -0.8358412941078481,
                        0.5485984423320948,
                        -0.5765943688219067,
                        0.5389514084789083,
                        0.0,
