{
    "expt_args": {
        "save_dir": "expt_logs_30.04.24-spallunk",
        "exp_name": "484",
        "num_nodes": 6,
        "obs_noise_mean": 0.0,
        "obs_noise_var": 1.0,
        "max_edge_strength": 1.0,
        "graph_sparsity_method": "adj_dense_prop",
        "adj_dense_prop": 0.9,
        "num_parents": null,
        "new_noise_mean": 1.0,
        "mix_samples": 16384,
        "stage2_samples": 16384,
        "gmm_tol": 0.001,
        "intv_type": "do",
        "new_noise_sigma": 0.0,
        "intv_targets": [
            0,
            1,
            2,
            3,
            4,
            5
        ]
    },
    "intv_args_dict": {
        "0": {
            "intv_type": "do",
            "inode": 0,
            "new_mui": 1.0,
            "new_sigmai": 0.0,
            "true_params": {
                "Si": [
                    [
                        0.0,
                        0.0,
                        0.0,
                        0.0,
                        0.0,
                        0.0
                    ],
                    [
                        0.0,
                        1.0,
                        -0.727318482839614,
                        -0.5237437800274294,
                        -0.6071928090976952,
                        -2.545682726256966
                    ],
                    [
                        0.0,
                        -0.727318482839614,
                        1.528992175480118,
                        0.38092853148623446,
                        1.0278000870236257,
                        3.2069419877552012
                    ],
                    [
                        0.0,
                        -0.5237437800274294,
                        0.38092853148623446,
                        1.2743075471174203,
                        -0.30486296690002457,
                        1.6021264423864143
                    ],
                    [
                        0.0,
                        -0.6071928090976952,
                        1.0278000870236257,
                        -0.30486296690002457,
                        2.100262248664096,
                        3.1499103410305507
                    ],
                    [
                        0.0,
                        -2.545682726256966,
                        3.2069419877552012,
                        1.6021264423864143,
                        3.1499103410305507,
                        10.344718389828127
                    ]
                ],
                "mui": [
                    1.0,
                    0.5672391726914836,
                    -1.0425457754425747,
                    0.5278159837757372,
                    -1.7805322891181417,
                    -3.237010367067554
                ],
                "Ai": [
                    [
                        0.0,
                        0.0,
                        0.0,
                        0.0,
                        0.0,
                        0.0
                    ],
                    [
                        0.5672391726914836,
                        0.0,
                        0.0,
                        0.0,
                        0.0,
                        0.0
                    ],
                    [
                        -0.629982240953407,
                        -0.727318482839614,
                        0.0,
                        0.0,
                        0.0,
                        0.0
                    ],
                    [
                        0.8249039722608067,
                        -0.5237437800274294,
                        0.0,
                        0.0,
                        0.0,
                        0.0
                    ],
                    [
                        -0.553014069416534,
                        -0.507082706927243,
                        0.5861775343195668,
                        -0.6228764239423248,
                        0.0,
                        0.0
                    ],
                    [
                        -0.6205113261565562,
                        -0.9235722544096745,
                        0.7826493519025848,
                        0.8774710023020966,
                        0.9771280952710992,
                        0.0
                    ]
                ]
            },
            "est_params": {
                "mui": [
                    1.0000011951955778,
                    0.5532770138455559,
                    -0.9903462181439728,
                    0.5355748546523379,
                    -1.7604181432558188,
                    -3.166195211080203
                ],
                "Si": [
                    [
                        1.0064884332400147e-06,
                        -1.4787697370479403e-06,
                        4.5756269299035203e-07,
                        1.0468126914811948e-06,
                        -3.487701394944872e-07,
                        2.0559687440467444e-06
                    ],
                    [
                        -1.4787697370479405e-06,
                        0.9929069927083539,
                        -0.7190870217498164,
                        -0.5438390671698395,
                        -0.5977256592652882,
                        -2.570227417513626
                    ],
                    [
                        4.5756269299035203e-07,
                        -0.7190870217498162,
                        1.4493137479405978,
                        0.4102772025856999,
                        0.96951585178704,
                        3.0985714727657325
                    ],
                    [
                        1.046812691481195e-06,
                        -0.5438390671698395,
                        0.4102772025856999,
                        1.2312741201473143,
                        -0.22130969111697077,
                        1.7050796598789686
                    ],
                    [
                        -3.487701394944872e-07,
                        -0.5977256592652882,
                        0.9695158517870403,
                        -0.22130969111697077,
                        2.049313632443893,
                        3.115696321973753
                    ],
                    [
                        2.0559687440467448e-06,
                        -2.570227417513626,
                        3.0985714727657325,
                        1.7050796598789686,
                        3.115696321973753,
                        10.409348503267958
                    ]
                ]
            },
            "est_tgt": [
                0
            ]
        },
        "1": {
            "intv_type": "do",
            "inode": 1,
            "new_mui": 1.0,
            "new_sigmai": 0.0,
            "true_params": {
                "Si": [
                    [
                        1.0,
                        0.0,
                        -0.629982240953407,
                        0.8249039722608067,
                        -1.4361087424213472,
                        -1.792999403490552
                    ],
                    [
                        0.0,
                        0.0,
                        0.0,
                        0.0,
                        0.0,
                        0.0
                    ],
                    [
                        -0.629982240953407,
                        0.0,
                        1.3968776239166767,
                        -0.5196748530162302,
                        1.4909005381229463,
                        2.4849776717420724
                    ],
                    [
                        0.8249039722608067,
                        0.0,
                        -0.5196748530162302,
                        1.6804665634516578,
                        -1.8075282301641658,
                        -1.2102113816145543
                    ],
                    [
                        -1.4361087424213472,
                        0.0,
                        1.4909005381229463,
                        -1.8075282301641658,
                        3.793987461303169,
                        4.179132213912147
                    ],
                    [
                        -1.792999403490552,
                        0.0,
                        2.4849776717420724,
                        -1.2102113816145543,
                        4.179132213912147,
                        7.079064707982504
                    ]
                ],
                "mui": [
                    0.0,
                    1.0,
                    -0.727318482839614,
                    -0.5237437800274294,
                    -0.6071928090976952,
                    -2.545682726256966
                ],
                "Ai": [
                    [
                        0.0,
                        0.0,
                        0.0,
                        0.0,
                        0.0,
                        0.0
                    ],
                    [
                        0.0,
                        0.0,
                        0.0,
                        0.0,
                        0.0,
                        0.0
                    ],
                    [
                        -0.629982240953407,
                        -0.727318482839614,
                        0.0,
                        0.0,
                        0.0,
                        0.0
                    ],
                    [
                        0.8249039722608067,
                        -0.5237437800274294,
                        0.0,
                        0.0,
                        0.0,
                        0.0
                    ],
                    [
                        -0.553014069416534,
                        -0.507082706927243,
                        0.5861775343195668,
                        -0.6228764239423248,
                        0.0,
                        0.0
                    ],
                    [
                        -0.6205113261565562,
                        -0.9235722544096745,
                        0.7826493519025848,
                        0.8774710023020966,
                        0.9771280952710992,
                        0.0
                    ]
                ]
            },
            "est_params": {
                "mui": [
                    -0.00851784264572084,
                    0.99999942552925,
                    -0.7262838345101358,
                    -0.5452479567188762,
                    -0.6269190481180876,
                    -2.567178943717059
                ],
                "Si": [
                    [
                        1.0351837579324747,
                        -3.3396658226996746e-07,
                        -0.655431391711344,
                        0.8301449013415518,
                        -1.418183576598119,
                        -1.7849902179264507
                    ],
                    [
                        -3.3396658226996767e-07,
                        1.0038992656587416e-06,
                        3.101442041935595e-07,
                        -6.236934536640451e-07,
                        7.079901462441423e-07,
                        1.5465363491928785e-06
                    ],
                    [
                        -0.655431391711344,
                        3.101442041935595e-07,
                        1.4062513580056193,
                        -0.5502015067150182,
                        1.4889441831825385,
                        2.4705981179558503
                    ],
                    [
                        0.8301449013415516,
                        -6.236934536640452e-07,
                        -0.5502015067150182,
                        1.7231244056503743,
                        -1.8408393682677044,
                        -1.2020829632956935
                    ],
                    [
                        -1.418183576598119,
                        7.079901462441423e-07,
                        1.488944183182538,
                        -1.8408393682677044,
                        3.7579783722603946,
                        4.075430388277073
                    ],
                    [
                        -1.7849902179264507,
                        1.5465363491928785e-06,
                        2.4705981179558503,
                        -1.2020829632956935,
                        4.075430388277073,
                        6.987168195786233
                    ]
                ]
            },
            "est_tgt": [
                1,
                2
            ]
        },
        "2": {
            "intv_type": "do",
            "inode": 2,
            "new_mui": 1.0,
            "new_sigmai": 0.0,
            "true_params": {
                "Si": [
                    [
                        1.0,
                        0.5672391726914836,
                        0.0,
                        0.5278159837757372,
                        -1.1694153770539326,
                        -1.8239230873153889
                    ],
                    [
                        0.5672391726914836,
                        1.3217602790357188,
                        0.0,
                        -0.22434587805713868,
                        -0.8441932651744943,
                        -2.594461411714705
                    ],
                    [
                        0.0,
                        0.0,
                        0.0,
                        0.0,
                        0.0,
                        0.0
                    ],
                    [
                        0.5278159837757372,
                        -0.22434587805713868,
                        0.0,
                        1.5528972598465698,
                        -1.1453908419207952,
                        0.12311257566816092
                    ],
                    [
                        -1.1694153770539326,
                        -0.8441932651744943,
                        0.0,
                        -1.1453908419207952,
                        2.78821591420921,
                        3.224705818886206
                    ],
                    [
                        -1.8239230873153889,
                        -2.594461411714705,
                        0.0,
                        0.12311257566816092,
                        3.224705818886206,
                        7.786915878499332
                    ]
                ],
                "mui": [
                    0.0,
                    0.0,
                    1.0,
                    0.0,
                    0.5861775343195668,
                    1.3554198895029725
                ],
                "Ai": [
                    [
                        0.0,
                        0.0,
                        0.0,
                        0.0,
                        0.0,
                        0.0
                    ],
                    [
                        0.5672391726914836,
                        0.0,
                        0.0,
                        0.0,
                        0.0,
                        0.0
                    ],
                    [
                        0.0,
                        0.0,
                        0.0,
                        0.0,
                        0.0,
                        0.0
                    ],
                    [
                        0.8249039722608067,
                        -0.5237437800274294,
                        0.0,
                        0.0,
                        0.0,
                        0.0
                    ],
                    [
                        -0.553014069416534,
                        -0.507082706927243,
                        0.5861775343195668,
                        -0.6228764239423248,
                        0.0,
                        0.0
                    ],
                    [
                        -0.6205113261565562,
                        -0.9235722544096745,
                        0.7826493519025848,
                        0.8774710023020966,
                        0.9771280952710992,
                        0.0
                    ]
                ]
            },
            "est_params": {
                "mui": [
                    -0.01968307826935736,
                    -0.008998087353456323,
                    0.9999989363307121,
                    -0.028027617840914478,
                    0.6140041212520083,
                    1.3895736340959945
                ],
                "Si": [
                    [
                        1.0486246952495228,
                        0.5880524348865294,
                        2.1164040275347994e-07,
                        0.5391322480199836,
                        -1.1815610659584463,
                        -1.8661621126329826
                    ],
                    [
                        0.5880524348865295,
                        1.289642305984478,
                        1.1425149613826364e-06,
                        -0.18876914822098603,
                        -0.8278754894741731,
                        -2.5242367933832153
                    ],
                    [
                        2.116404027534799e-07,
                        1.1425149613826364e-06,
                        1.0029495393830802e-06,
                        -8.003858007917644e-08,
                        1.0573920742109074e-07,
                        -1.0894061481438632e-06
                    ],
                    [
                        0.5391322480199836,
                        -0.18876914822098603,
                        -8.003858007917644e-08,
                        1.542832355407147,
                        -1.1304463934507227,
                        0.09563759051663748
                    ],
                    [
                        -1.1815610659584466,
                        -0.8278754894741731,
                        1.0573920742109074e-07,
                        -1.1304463934507227,
                        2.7173312865861123,
                        3.1200630368931077
                    ],
                    [
                        -1.8661621126329826,
                        -2.5242367933832153,
                        -1.0894061481438632e-06,
                        0.09563759051663746,
                        3.1200630368931077,
                        7.556731029809112
                    ]
                ]
            },
            "est_tgt": [
                1,
                2
            ]
        },
        "3": {
            "intv_type": "do",
            "inode": 3,
            "new_mui": 1.0,
            "new_sigmai": 0.0,
            "true_params": {
                "Si": [
                    [
                        1.0,
                        0.5672391726914836,
                        -1.0425457754425747,
                        0.0,
                        -1.4517681566443104,
                        -3.378908916824707
                    ],
                    [
                        0.5672391726914836,
                        1.3217602790357188,
                        -1.3186912859946611,
                        0.0,
                        -1.756920229977975,
                        -4.321528450197867
                    ],
                    [
                        -1.0425457754425747,
                        -1.3186912859946611,
                        2.615893869373277,
                        0.0,
                        2.7786062471249524,
                        6.627200016847791
                    ],
                    [
                        0.0,
                        0.0,
                        0.0,
                        0.0,
                        0.0,
                        0.0
                    ],
                    [
                        -1.4517681566443104,
                        -1.756920229977975,
                        2.7786062471249524,
                        0.0,
                        4.322508641012325,
                        8.92180037546
                    ],
                    [
                        -3.378908916824707,
                        -4.321528450197867,
                        6.627200016847791,
                        0.0,
                        8.92180037546,
                        20.99241063156283
                    ]
                ],
                "mui": [
                    0.0,
                    0.0,
                    0.0,
                    1.0,
                    -0.6228764239423248,
                    0.2688409485860591
                ],
                "Ai": [
                    [
                        0.0,
                        0.0,
                        0.0,
                        0.0,
                        0.0,
                        0.0
                    ],
                    [
                        0.5672391726914836,
                        0.0,
                        0.0,
                        0.0,
                        0.0,
                        0.0
                    ],
                    [
                        -0.629982240953407,
                        -0.727318482839614,
                        0.0,
                        0.0,
                        0.0,
                        0.0
                    ],
                    [
                        0.0,
                        0.0,
                        0.0,
                        0.0,
                        0.0,
                        0.0
                    ],
                    [
                        -0.553014069416534,
                        -0.507082706927243,
                        0.5861775343195668,
                        -0.6228764239423248,
                        0.0,
                        0.0
                    ],
                    [
                        -0.6205113261565562,
                        -0.9235722544096745,
                        0.7826493519025848,
                        0.8774710023020966,
                        0.9771280952710992,
                        0.0
                    ]
                ]
            },
            "est_params": {
                "mui": [
                    -0.03267954916963432,
                    -0.007138451116921013,
                    0.02786296320621037,
                    1.0000003484285007,
                    -0.5543608923388227,
                    0.37286124539831006
                ],
                "Si": [
                    [
                        0.922860712086554,
                        0.5471716802391647,
                        -1.0028045839329756,
                        5.035669120362285e-07,
                        -1.3620889891144097,
                        -3.179892390589347
                    ],
                    [
                        0.5471716802391647,
                        1.336206635127045,
                        -1.3101807755675028,
                        1.7643893917570873e-06,
                        -1.7700255042314326,
                        -4.333120092974138
                    ],
                    [
                        -1.0028045839329756,
                        -1.310180775567503,
                        2.6170928125113453,
                        -2.1792769609487674e-06,
                        2.7382460400772586,
                        6.5410171722294175
                    ],
                    [
                        5.035669120362286e-07,
                        1.7643893917570877e-06,
                        -2.1792769609487674e-06,
                        1.006124128498583e-06,
                        -1.7562965788964974e-06,
                        -6.915047589720652e-06
                    ],
                    [
                        -1.3620889891144097,
                        -1.7700255042314326,
                        2.7382460400772577,
                        -1.7562965788964974e-06,
                        4.275110649092108,
                        8.766652158620454
                    ],
                    [
                        -3.1798923905893477,
                        -4.333120092974138,
                        6.5410171722294175,
                        -6.91504758972065e-06,
                        8.766652158620454,
                        20.634901809165253
                    ]
                ]
            },
            "est_tgt": [
                3
            ]
        },
        "4": {
            "intv_type": "do",
            "inode": 4,
            "new_mui": 1.0,
            "new_sigmai": 0.0,
            "true_params": {
                "Si": [
                    [
                        1.0,
                        0.5672391726914836,
                        -1.0425457754425747,
                        0.5278159837757372,
                        0.0,
                        -1.497202242832854
                    ],
                    [
                        0.5672391726914836,
                        1.3217602790357188,
                        -1.3186912859946611,
                        -0.22434587805713868,
                        0.0,
                        -2.8016493348173688
                    ],
                    [
                        -1.0425457754425747,
                        -1.3186912859946611,
                        2.615893869373277,
                        -0.16934379261022697,
                        0.0,
                        3.7635515196508758
                    ],
                    [
                        0.5278159837757372,
                        -0.22434587805713868,
                        -0.16934379261022697,
                        1.5528972598465698,
                        0.0,
                        1.1097693378400684
                    ],
                    [
                        0.0,
                        0.0,
                        0.0,
                        0.0,
                        0.0,
                        0.0
                    ],
                    [
                        -1.497202242832854,
                        -2.8016493348173688,
                        3.7635515196508758,
                        1.1097693378400684,
                        0.0,
                        8.435888112352831
                    ]
                ],
                "mui": [
                    0.0,
                    0.0,
                    0.0,
                    0.0,
                    1.0,
                    0.9771280952710992
                ],
                "Ai": [
                    [
                        0.0,
                        0.0,
                        0.0,
                        0.0,
                        0.0,
                        0.0
                    ],
                    [
                        0.5672391726914836,
                        0.0,
                        0.0,
                        0.0,
                        0.0,
                        0.0
                    ],
                    [
                        -0.629982240953407,
                        -0.727318482839614,
                        0.0,
                        0.0,
                        0.0,
                        0.0
                    ],
                    [
                        0.8249039722608067,
                        -0.5237437800274294,
                        0.0,
                        0.0,
                        0.0,
                        0.0
                    ],
                    [
                        0.0,
                        0.0,
                        0.0,
                        0.0,
                        0.0,
                        0.0
                    ],
                    [
                        -0.6205113261565562,
                        -0.9235722544096745,
                        0.7826493519025848,
                        0.8774710023020966,
                        0.9771280952710992,
                        0.0
                    ]
                ]
            },
            "est_params": {
                "mui": [
                    0.02399227961103931,
                    0.030892806203230896,
                    -0.033963345157651814,
                    0.04220473482370865,
                    1.0000006132159522,
                    0.9264603428561696
                ],
                "Si": [
                    [
                        1.0016858137507791,
                        0.56946248907448,
                        -1.090592722057776,
                        0.5342008391409165,
                        1.0100643355890572e-06,
                        -1.5904168171471365
                    ],
                    [
                        0.56946248907448,
                        1.3250032987400142,
                        -1.3463825917733387,
                        -0.2104210054200333,
                        2.2039200584245337e-06,
                        -2.856938320422503
                    ],
                    [
                        -1.090592722057776,
                        -1.3463825917733387,
                        2.7076634073293895,
                        -0.2002041494308982,
                        -1.5627040271934064e-06,
                        3.933761230255252
                    ],
                    [
                        0.5342008391409165,
                        -0.2104210054200333,
                        -0.2002041494308982,
                        1.5908742489377998,
                        -4.323340852974951e-06,
                        1.1071813130547268
                    ],
                    [
                        1.0100643355890572e-06,
                        2.2039200584245324e-06,
                        -1.5627040271934062e-06,
                        -4.323340852974951e-06,
                        1.014510163835394e-06,
                        -1.2393143728774792e-05
                    ],
                    [
                        -1.5904168171471365,
                        -2.856938320422503,
                        3.933761230255252,
                        1.1071813130547268,
                        -1.2393143728774796e-05,
                        8.785298587347674
                    ]
                ]
            },
            "est_tgt": [
                0,
                4,
                5
            ]
        },
        "5": {
            "intv_type": "do",
            "inode": 5,
            "new_mui": 1.0,
            "new_sigmai": 0.0,
            "true_params": {
                "Si": [
                    [
                        1.0,
                        0.5672391726914836,
                        -1.0425457754425747,
                        0.5278159837757372,
                        -1.7805322891181417,
                        0.0
                    ],
                    [
                        0.5672391726914836,
                        1.3217602790357188,
                        -1.3186912859946611,
                        -0.22434587805713868,
                        -1.6171804717275433,
                        0.0
                    ],
                    [
                        -1.0425457754425747,
                        -1.3186912859946611,
                        2.615893869373277,
                        -0.16934379261022697,
                        2.884086503082841,
                        0.0
                    ],
                    [
                        0.5278159837757372,
                        -0.22434587805713868,
                        -0.16934379261022697,
                        1.5528972598465698,
                        -1.2446563687253818,
                        0.0
                    ],
                    [
                        -1.7805322891181417,
                        -1.6171804717275433,
                        2.884086503082841,
                        -1.2446563687253818,
                        5.270557481256385,
                        0.0
                    ],
                    [
                        0.0,
                        0.0,
                        0.0,
                        0.0,
                        0.0,
                        0.0
                    ]
                ],
                "mui": [
                    0.0,
                    0.0,
                    0.0,
                    0.0,
                    0.0,
                    1.0
                ],
                "Ai": [
                    [
                        0.0,
                        0.0,
                        0.0,
                        0.0,
                        0.0,
                        0.0
                    ],
                    [
                        0.5672391726914836,
                        0.0,
                        0.0,
                        0.0,
                        0.0,
                        0.0
                    ],
                    [
                        -0.629982240953407,
                        -0.727318482839614,
                        0.0,
                        0.0,
                        0.0,
                        0.0
                    ],
                    [
                        0.8249039722608067,
                        -0.5237437800274294,
                        0.0,
                        0.0,
                        0.0,
                        0.0
                    ],
                    [
                        -0.553014069416534,
                        -0.507082706927243,
                        0.5861775343195668,
                        -0.6228764239423248,
                        0.0,
                        0.0
                    ],
                    [
                        0.0,
                        0.0,
                        0.0,
                        0.0,
                        0.0,
                        0.0
                    ]
                ]
            },
            "est_params": {
                "mui": [
                    -0.015991566955354808,
                    -0.008581454118015138,
                    -0.027887932515821175,
                    -0.017033474976257883,
                    -0.0032922702404942386,
                    0.9999988623849256
                ],
                "Si": [
                    [
                        1.0005878841877305,
                        0.5657839732541236,
                        -1.0395565208129462,
                        0.551311793435012,
                        -1.7971001214185538,
                        3.3734214979505947e-07
                    ],
                    [
                        0.5657839732541236,
                        1.3296627414810114,
                        -1.2967479467404808,
                        -0.21728176251887346,
                        -1.6264501724820382,
                        1.0752780580811328e-06
                    ],
                    [
                        -1.0395565208129462,
                        -1.2967479467404806,
                        2.5400590110071533,
                        -0.22224948990812987,
                        2.843363710550798,
                        -5.968576761132183e-07
                    ],
                    [
                        0.5513117934350122,
                        -0.21728176251887346,
                        -0.22224948990812987,
                        1.59309638383692,
                        -1.291475192921436,
                        8.254065882031282e-07
                    ],
                    [
                        -1.7971001214185538,
                        -1.6264501724820382,
                        2.843363710550798,
                        -1.291475192921436,
                        5.277226884822336,
                        -1.6311984956377778e-06
                    ],
                    [
                        3.373421497950595e-07,
                        1.0752780580811328e-06,
                        -5.968576761132183e-07,
                        8.254065882031282e-07,
                        -1.631198495637778e-06,
                        1.0032338527765447e-06
                    ]
                ]
            },
            "est_tgt": [
                4,
                5
            ]
        },
        "obs": {
            "intv_type": "obs",
            "true_params": {
                "Si": [
                    [
                        1.0,
                        0.5672391726914836,
                        -1.0425457754425747,
                        0.5278159837757372,
                        -1.7805322891181417,
                        -3.237010367067554
                    ],
                    [
                        0.5672391726914836,
                        1.3217602790357188,
                        -1.3186912859946611,
                        -0.22434587805713868,
                        -1.6171804717275433,
                        -4.38184180886612
                    ],
                    [
                        -1.0425457754425747,
                        -1.3186912859946611,
                        2.615893869373277,
                        -0.16934379261022697,
                        2.884086503082841,
                        6.581673471005297
                    ],
                    [
                        0.5278159837757372,
                        -0.22434587805713868,
                        -0.16934379261022697,
                        1.5528972598465698,
                        -1.2446563687253818,
                        -0.10641936899960702
                    ],
                    [
                        -1.7805322891181417,
                        -1.6171804717275433,
                        2.884086503082841,
                        -1.2446563687253818,
                        5.270557481256385,
                        8.9135118198045
                    ],
                    [
                        -3.237010367067554,
                        -4.38184180886612,
                        6.581673471005297,
                        -0.10641936899960702,
                        8.9135118198045,
                        20.822954506330948
                    ]
                ],
                "mui": [
                    0.0,
                    0.0,
                    0.0,
                    0.0,
                    0.0,
                    0.0
                ],
                "Ai": [
                    [
                        0.0,
                        0.0,
                        0.0,
                        0.0,
                        0.0,
                        0.0
                    ],
                    [
                        0.5672391726914836,
                        0.0,
                        0.0,
                        0.0,
                        0.0,
                        0.0
                    ],
                    [
                        -0.629982240953407,
                        -0.727318482839614,
                        0.0,
                        0.0,
                        0.0,
                        0.0
                    ],
                    [
                        0.8249039722608067,
                        -0.5237437800274294,
                        0.0,
                        0.0,
                        0.0,
                        0.0
                    ],
                    [
                        -0.553014069416534,
                        -0.507082706927243,
                        0.5861775343195668,
                        -0.6228764239423248,
