{
    "expt_args": {
        "save_dir": "expt_logs_30.04.24-spallunk",
        "exp_name": "555",
        "num_nodes": 6,
        "obs_noise_mean": 0.0,
        "obs_noise_var": 1.0,
        "max_edge_strength": 1.0,
        "graph_sparsity_method": "adj_dense_prop",
        "adj_dense_prop": 0.92,
        "num_parents": null,
        "new_noise_mean": 1.0,
        "mix_samples": 8192,
        "stage2_samples": 8192,
        "gmm_tol": 0.001,
        "intv_type": "do",
        "new_noise_sigma": 0.0,
        "intv_targets": [
            0,
            1,
            2,
            3,
            4,
            5
        ]
    },
    "intv_args_dict": {
        "0": {
            "intv_type": "do",
            "inode": 0,
            "new_mui": 1.0,
            "new_sigmai": 0.0,
            "true_params": {
                "Si": [
                    [
                        0.0,
                        0.0,
                        0.0,
                        0.0,
                        0.0,
                        0.0
                    ],
                    [
                        0.0,
                        1.0,
                        0.9160881227095132,
                        1.423671325661949,
                        2.004986228055104,
                        2.794678249668296
                    ],
                    [
                        0.0,
                        0.9160881227095132,
                        1.8392174485694401,
                        1.988925798945722,
                        2.8236790991446554,
                        3.202746329211917
                    ],
                    [
                        0.0,
                        1.423671325661949,
                        1.988925798945722,
                        3.495677970775575,
                        4.233791001742048,
                        5.808287640797612
                    ],
                    [
                        0.0,
                        2.004986228055104,
                        2.8236790991446554,
                        4.233791001742048,
                        6.489032538118447,
                        8.090455008402868
                    ],
                    [
                        0.0,
                        2.794678249668296,
                        3.202746329211917,
                        5.808287640797612,
                        8.090455008402868,
                        11.920256629104712
                    ]
                ],
                "mui": [
                    1.0,
                    -0.9011586620484344,
                    -1.552378048053101,
                    -2.347384412166395,
                    -3.662651940602736,
                    -3.488505034252215
                ],
                "Ai": [
                    [
                        0.0,
                        0.0,
                        0.0,
                        0.0,
                        0.0,
                        0.0
                    ],
                    [
                        -0.9011586620484344,
                        0.0,
                        0.0,
                        0.0,
                        0.0,
                        0.0
                    ],
                    [
                        -0.7268373010737341,
                        0.9160881227095132,
                        0.0,
                        0.0,
                        0.0,
                        0.0
                    ],
                    [
                        -0.5667525131324055,
                        0.796409841820737,
                        0.6847174068647032,
                        0.0,
                        0.0,
                        0.0
                    ],
                    [
                        -0.7397454374560882,
                        0.5405303209097231,
                        0.5051829213446044,
                        0.7035780064195376,
                        0.0,
                        0.0
                    ],
                    [
                        0.9320434913327831,
                        0.6262091959565168,
                        -0.7510918559010173,
                        0.7737670777283194,
                        0.875290491329632,
                        0.0
                    ]
                ]
            },
            "est_params": {
                "mui": [
                    0.9999993933370234,
                    -0.8669750318281871,
                    -1.5548685769871042,
                    -2.3645532727898777,
                    -3.656355531316706,
                    -3.4361877128381315
                ],
                "Si": [
                    [
                        1.0036382186922361e-06,
                        9.329629607534504e-07,
                        2.866289715955276e-06,
                        3.0846986081203303e-06,
                        1.435891264456229e-06,
                        -2.7248543545025728e-06
                    ],
                    [
                        9.329629607534504e-07,
                        0.9804252610061628,
                        0.9090277982931997,
                        1.402030244819886,
                        1.989919943299879,
                        2.7624687771347
                    ],
                    [
                        2.866289715955276e-06,
                        0.9090277982931997,
                        1.83294981540242,
                        1.9799670857348153,
                        2.800142840144717,
                        3.1697305657754313
                    ],
                    [
                        3.0846986081203303e-06,
                        1.402030244819886,
                        1.9799670857348153,
                        3.4022526027505817,
                        4.170014244011311,
                        5.655888389248059
                    ],
                    [
                        1.4358912644562286e-06,
                        1.989919943299879,
                        2.800142840144717,
                        4.170014244011311,
                        6.498954414984053,
                        8.035160693781648
                    ],
                    [
                        -2.7248543545025728e-06,
                        2.7624687771347,
                        3.1697305657754313,
                        5.655888389248058,
                        8.035160693781648,
                        11.748487827796218
                    ]
                ]
            },
            "est_tgt": [
                0
            ]
        },
        "1": {
            "intv_type": "do",
            "inode": 1,
            "new_mui": 1.0,
            "new_sigmai": 0.0,
            "true_params": {
                "Si": [
                    [
                        1.0,
                        0.0,
                        -0.7268373010737341,
                        -1.0644306651361521,
                        -1.8558412339030614,
                        -0.9700565219252724
                    ],
                    [
                        0.0,
                        0.0,
                        0.0,
                        0.0,
                        0.0,
                        0.0
                    ],
                    [
                        -0.7268373010737341,
                        0.0,
                        1.5282924622321499,
                        1.4583853186923836,
                        2.3358296630986777,
                        1.3476480421813182
                    ],
                    [
                        -1.0644306651361521,
                        0.0,
                        1.4583853186923836,
                        2.6018505681457147,
                        3.3547639195034216,
                        2.862142261146314
                    ],
                    [
                        -1.8558412339030614,
                        0.0,
                        2.3358296630986777,
                        3.3547639195034216,
                        5.913209448882651,
                        4.287434498578301
                    ],
                    [
                        -0.9700565219252724,
                        0.0,
                        1.3476480421813182,
                        2.862142261146314,
                        4.287434498578301,
                        5.051039765665417
                    ]
                ],
                "mui": [
                    0.0,
                    1.0,
                    0.9160881227095132,
                    1.423671325661949,
                    2.004986228055104,
                    2.794678249668296
                ],
                "Ai": [
                    [
                        0.0,
                        0.0,
                        0.0,
                        0.0,
                        0.0,
                        0.0
                    ],
                    [
                        0.0,
                        0.0,
                        0.0,
                        0.0,
                        0.0,
                        0.0
                    ],
                    [
                        -0.7268373010737341,
                        0.9160881227095132,
                        0.0,
                        0.0,
                        0.0,
                        0.0
                    ],
                    [
                        -0.5667525131324055,
                        0.796409841820737,
                        0.6847174068647032,
                        0.0,
                        0.0,
                        0.0
                    ],
                    [
                        -0.7397454374560882,
                        0.5405303209097231,
                        0.5051829213446044,
                        0.7035780064195376,
                        0.0,
                        0.0
                    ],
                    [
                        0.9320434913327831,
                        0.6262091959565168,
                        -0.7510918559010173,
                        0.7737670777283194,
                        0.875290491329632,
                        0.0
                    ]
                ]
            },
            "est_params": {
                "mui": [
                    -0.006721546874212005,
                    1.000000255404312,
                    0.9327315775268724,
                    1.3980485084388412,
                    1.9860501771031676,
                    2.7501765281147588
                ],
                "Si": [
                    [
                        0.9614578235218052,
                        2.8505089655847206e-07,
                        -0.6895320097007276,
                        -1.0498250173990389,
                        -1.8067640066110364,
                        -0.9563994791595253
                    ],
                    [
                        2.850508965584721e-07,
                        1.0013279781504952e-06,
                        -1.5940654986642494e-07,
                        -4.115433633700702e-07,
                        -1.07044019594038e-06,
                        -2.134522349186907e-06
                    ],
                    [
                        -0.6895320097007276,
                        -1.5940654986642497e-07,
                        1.4710652338082746,
                        1.422084273668378,
                        2.2742549841529653,
                        1.3402354539588943
                    ],
                    [
                        -1.0498250173990389,
                        -4.1154336337007024e-07,
                        1.422084273668378,
                        2.60352166901979,
                        3.300503296821418,
                        2.8523133177785547
                    ],
                    [
                        -1.8067640066110364,
                        -1.07044019594038e-06,
                        2.274254984152965,
                        3.300503296821418,
                        5.822449815846839,
                        4.243421269957499
                    ],
                    [
                        -0.9563994791595253,
                        -2.134522349186907e-06,
                        1.3402354539588943,
                        2.8523133177785547,
                        4.243421269957499,
                        5.047572744382924
                    ]
                ]
            },
            "est_tgt": [
                1,
                4,
                5
            ]
        },
        "2": {
            "intv_type": "do",
            "inode": 2,
            "new_mui": 1.0,
            "new_sigmai": 0.0,
            "true_params": {
                "Si": [
                    [
                        1.0,
                        -0.9011586620484344,
                        0.0,
                        -1.2844441406297862,
                        -2.1305556660652663,
                        -2.490986054813588
                    ],
                    [
                        -0.9011586620484344,
                        1.8120869341849244,
                        0.0,
                        1.9538978050666262,
                        3.020835463161943,
                        4.450796788022023
                    ],
                    [
                        0.0,
                        0.0,
                        0.0,
                        0.0,
                        0.0,
                        0.0
                    ],
                    [
                        -1.2844441406297862,
                        1.9538978050666262,
                        0.0,
                        3.2840653865471214,
                        4.31689887791379,
                        6.34603318932424
                    ],
                    [
                        -2.1305556660652663,
                        3.020835463161943,
                        0.0,
                        4.31689887791379,
                        7.246197101973717,
                        9.588706056295203
                    ],
                    [
                        -2.490986054813588,
                        4.450796788022023,
                        0.0,
                        6.34603318932424,
                        9.588706056295203,
                        14.768677329903774
                    ]
                ],
                "mui": [
                    0.0,
                    0.0,
                    1.0,
                    0.6847174068647032,
                    0.9869350294272277,
                    0.6425747778961797
                ],
                "Ai": [
                    [
                        0.0,
                        0.0,
                        0.0,
                        0.0,
                        0.0,
                        0.0
                    ],
                    [
                        -0.9011586620484344,
                        0.0,
                        0.0,
                        0.0,
                        0.0,
                        0.0
                    ],
                    [
                        0.0,
                        0.0,
                        0.0,
                        0.0,
                        0.0,
                        0.0
                    ],
                    [
                        -0.5667525131324055,
                        0.796409841820737,
                        0.6847174068647032,
                        0.0,
                        0.0,
                        0.0
                    ],
                    [
                        -0.7397454374560882,
                        0.5405303209097231,
                        0.5051829213446044,
                        0.7035780064195376,
                        0.0,
                        0.0
                    ],
                    [
                        0.9320434913327831,
                        0.6262091959565168,
                        -0.7510918559010173,
                        0.7737670777283194,
                        0.875290491329632,
                        0.0
                    ]
                ]
            },
            "est_params": {
                "mui": [
                    -0.046472286614267146,
                    0.07904163733912555,
                    0.999999427711483,
                    0.8025180418035158,
                    1.1644281745812044,
                    0.8904809163052628
                ],
                "Si": [
                    [
                        1.00831949447983,
                        -0.8869672050776508,
                        -1.0384124930863388e-08,
                        -1.2652966504137462,
                        -2.08703822008816,
                        -2.4194667782453623
                    ],
                    [
                        -0.8869672050776508,
                        1.7761963498085753,
                        -5.812020458169479e-08,
                        1.910474785942291,
                        2.9063454168983998,
                        4.336568193214461
                    ],
                    [
                        -1.0384124930863388e-08,
                        -5.812020458169488e-08,
                        1.0015191837067333e-06,
                        -1.7769297225962096e-08,
                        -6.268622338091316e-07,
                        -7.280211760930689e-07
                    ],
                    [
                        -1.2652966504137462,
                        1.9104747859422915,
                        -1.7769297225962096e-08,
                        3.2392794245757384,
                        4.206125995402004,
                        6.219167995982037
                    ],
                    [
                        -2.08703822008816,
                        2.9063454168983998,
                        -6.268622338091317e-07,
                        4.206125995402004,
                        7.006017836727932,
                        9.286488602083034
                    ],
                    [
                        -2.4194667782453623,
                        4.336568193214461,
                        -7.280211760930689e-07,
                        6.219167995982037,
                        9.286488602083034,
                        14.40677842480119
                    ]
                ]
            },
            "est_tgt": [
                1,
                2,
                4,
                5
            ]
        },
        "3": {
            "intv_type": "do",
            "inode": 3,
            "new_mui": 1.0,
            "new_sigmai": 0.0,
            "true_params": {
                "Si": [
                    [
                        1.0,
                        -0.9011586620484344,
                        -1.552378048053101,
                        0.0,
                        -2.0110838955904056,
                        -0.2265744517620516
                    ],
                    [
                        -0.9011586620484344,
                        1.8120869341849244,
                        2.315027047486406,
                        0.0,
                        2.8156280675666125,
                        1.0205209495431142
                    ],
                    [
                        -1.552378048053101,
                        2.315027047486406,
                        4.249095052646597,
                        0.0,
                        4.5462771429136986,
                        0.7906598353977121
                    ],
                    [
                        0.0,
                        0.0,
                        0.0,
                        0.0,
                        0.0,
                        0.0
                    ],
                    [
                        -2.0110838955904056,
                        2.8156280675666125,
                        4.5462771429136986,
                        0.0,
                        6.306324047327967,
                        1.9939482700524194
                    ],
                    [
                        -0.2265744517620516,
                        1.0205209495431142,
                        0.7906598353977121,
                        0.0,
                        1.9939482700524194,
                        2.5793081580278523
                    ]
                ],
                "mui": [
                    0.0,
                    0.0,
                    0.0,
                    1.0,
                    0.7035780064195376,
                    1.3896022166559994
                ],
                "Ai": [
                    [
                        0.0,
                        0.0,
                        0.0,
                        0.0,
                        0.0,
                        0.0
                    ],
                    [
                        -0.9011586620484344,
                        0.0,
                        0.0,
                        0.0,
                        0.0,
                        0.0
                    ],
                    [
                        -0.7268373010737341,
                        0.9160881227095132,
                        0.0,
                        0.0,
                        0.0,
                        0.0
                    ],
                    [
                        0.0,
                        0.0,
                        0.0,
                        0.0,
                        0.0,
                        0.0
                    ],
                    [
                        -0.7397454374560882,
                        0.5405303209097231,
                        0.5051829213446044,
                        0.7035780064195376,
                        0.0,
                        0.0
                    ],
                    [
                        0.9320434913327831,
                        0.6262091959565168,
                        -0.7510918559010173,
                        0.7737670777283194,
                        0.875290491329632,
                        0.0
                    ]
                ]
            },
            "est_params": {
                "mui": [
                    -0.0008698194214299167,
                    -0.02764590604831213,
                    -0.049205161523173245,
                    0.9999992107857155,
                    0.6451729042908764,
                    1.3398540227724198
                ],
                "Si": [
                    [
                        0.9970706496424409,
                        -0.8880585243731094,
                        -1.5795396708695264,
                        4.3211919921569656e-07,
                        -2.0331729911338874,
                        -0.17496361660824947
                    ],
                    [
                        -0.8880585243731094,
                        1.7593681573143207,
                        2.2902414358692225,
                        -1.3572201411425093e-07,
                        2.7813748203508095,
                        0.942425701463393
                    ],
                    [
                        -1.5795396708695264,
                        2.2902414358692225,
                        4.321903191822264,
                        -1.1751159790711167e-07,
                        4.567048536336904,
                        0.6505472306688028
                    ],
                    [
                        4.3211919921569656e-07,
                        -1.3572201411425093e-07,
                        -1.175115979071117e-07,
                        1.0016872357754577e-06,
                        -5.330796565945067e-07,
                        -1.0185827584641743e-06
                    ],
                    [
                        -2.0331729911338874,
                        2.7813748203508095,
                        4.567048536336904,
                        -5.330796565945067e-07,
                        6.366660919864573,
                        1.9260555177231833
                    ],
                    [
                        -0.17496361660824947,
                        0.9424257014633928,
                        0.6505472306688028,
                        -1.0185827584641743e-06,
                        1.9260555177231833,
                        2.5949128618762454
                    ]
                ]
            },
            "est_tgt": [
                1,
                2,
                3,
                4,
                5
            ]
        },
        "4": {
            "intv_type": "do",
            "inode": 4,
            "new_mui": 1.0,
            "new_sigmai": 0.0,
            "true_params": {
                "Si": [
                    [
                        1.0,
                        -0.9011586620484344,
                        -1.552378048053101,
                        -2.347384412166395,
                        0.0,
                        -0.28262061759261564
                    ],
                    [
                        -0.9011586620484344,
                        1.8120869341849244,
                        2.315027047486406,
                        3.5390371218431684,
                        0.0,
                        1.2944188866218622
                    ],
                    [
                        -1.552378048053101,
                        2.315027047486406,
                        4.249095052646597,
                        5.632953830734866,
                        0.0,
                        1.1699409058423653
                    ],
                    [
                        -2.347384412166395,
                        3.5390371218431684,
                        5.632953830734866,
                        9.005891549257347,
                        0.0,
                        2.7659098669895847
                    ],
                    [
                        0.0,
                        0.0,
                        0.0,
                        0.0,
                        0.0,
                        0.0
                    ],
                    [
                        -0.28262061759261564,
                        1.2944188866218622,
                        1.1699409058423653,
                        2.7659098669895847,
                        0.0,
                        2.8085992118555536
                    ]
                ],
                "mui": [
                    0.0,
                    0.0,
                    0.0,
                    0.0,
                    1.0,
                    0.875290491329632
                ],
                "Ai": [
                    [
                        0.0,
                        0.0,
                        0.0,
                        0.0,
                        0.0,
                        0.0
                    ],
                    [
                        -0.9011586620484344,
                        0.0,
                        0.0,
                        0.0,
                        0.0,
                        0.0
                    ],
                    [
                        -0.7268373010737341,
                        0.9160881227095132,
                        0.0,
                        0.0,
                        0.0,
                        0.0
                    ],
                    [
                        -0.5667525131324055,
                        0.796409841820737,
                        0.6847174068647032,
                        0.0,
                        0.0,
                        0.0
                    ],
                    [
                        0.0,
                        0.0,
                        0.0,
                        0.0,
                        0.0,
                        0.0
                    ],
                    [
                        0.9320434913327831,
                        0.6262091959565168,
                        -0.7510918559010173,
                        0.7737670777283194,
                        0.875290491329632,
                        0.0
                    ]
                ]
            },
            "est_params": {
                "mui": [
                    0.034119579866911325,
                    -0.019653570957911596,
                    0.020472997792798917,
                    -0.006243103833656672,
                    1.0000023706635695,
                    0.8794456463634148
                ],
                "Si": [
                    [
                        0.9896342553022964,
                        -0.928853024925536,
                        -1.5099339326560346,
                        -2.3391445637150516,
                        1.1551218311416426e-06,
                        -0.3407414506375264
                    ],
                    [
                        -0.928853024925536,
                        1.948393561335831,
                        2.383794845437405,
                        3.730762524374758,
                        3.2866485954790664e-06,
                        1.456244556320422
                    ],
                    [
                        -1.5099339326560346,
                        2.383794845437405,
                        4.19583550390489,
                        5.662694099564056,
                        3.126542256287211e-07,
                        1.3802129350380337
                    ],
                    [
                        -2.339144563715052,
                        3.730762524374758,
                        5.662694099564056,
                        9.183780029110629,
                        1.4756183227901971e-06,
                        3.068558734274688
                    ],
                    [
                        1.1551218311416426e-06,
                        3.286648595479066e-06,
                        3.126542256287211e-07,
                        1.4756183227901971e-06,
                        1.0091270966380634e-06,
                        3.169527470222435e-07
                    ],
                    [
                        -0.3407414506375265,
                        1.456244556320422,
                        1.3802129350380337,
                        3.0685587342746885,
                        3.169527470222435e-07,
                        2.880695040092338
                    ]
                ]
            },
            "est_tgt": [
                1,
                2,
                3,
                4,
                5
            ]
        },
        "5": {
            "intv_type": "do",
            "inode": 5,
            "new_mui": 1.0,
            "new_sigmai": 0.0,
            "true_params": {
                "Si": [
                    [
                        1.0,
                        -0.9011586620484344,
                        -1.552378048053101,
                        -2.347384412166395,
                        -3.662651940602736,
                        0.0
                    ],
                    [
                        -0.9011586620484344,
                        1.8120869341849244,
                        2.315027047486406,
                        3.5390371218431684,
                        5.305616750397768,
                        0.0
                    ],
                    [
                        -1.552378048053101,
                        2.315027047486406,
                        4.249095052646597,
                        5.632953830734866,
                        8.509499569395434,
                        0.0
                    ],
                    [
                        -2.347384412166395,
                        3.5390371218431684,
                        5.632953830734866,
                        9.005891549257347,
                        12.83144307430391,
                        0.0
                    ],
                    [
                        -3.662651940602736,
                        5.305616750397768,
                        8.509499569395434,
                        12.83144307430391,
                        19.904051776119434,
                        0.0
                    ],
                    [
                        0.0,
                        0.0,
                        0.0,
                        0.0,
                        0.0,
                        0.0
                    ]
                ],
                "mui": [
                    0.0,
                    0.0,
                    0.0,
                    0.0,
                    0.0,
                    1.0
                ],
                "Ai": [
                    [
                        0.0,
                        0.0,
                        0.0,
                        0.0,
                        0.0,
                        0.0
                    ],
                    [
                        -0.9011586620484344,
                        0.0,
                        0.0,
                        0.0,
                        0.0,
                        0.0
                    ],
                    [
                        -0.7268373010737341,
                        0.9160881227095132,
                        0.0,
                        0.0,
                        0.0,
                        0.0
                    ],
                    [
                        -0.5667525131324055,
                        0.796409841820737,
                        0.6847174068647032,
                        0.0,
                        0.0,
                        0.0
                    ],
                    [
                        -0.7397454374560882,
                        0.5405303209097231,
                        0.5051829213446044,
                        0.7035780064195376,
                        0.0,
                        0.0
                    ],
                    [
                        0.0,
                        0.0,
                        0.0,
                        0.0,
                        0.0,
                        0.0
                    ]
                ]
            },
            "est_params": {
                "mui": [
                    0.01593532732338462,
                    0.003602340546901512,
                    0.01297237430058497,
                    0.014404664454341388,
                    -0.042622916442495926,
                    0.9999990760488494
                ],
                "Si": [
                    [
                        0.9060458954705128,
                        -0.7964089755019734,
                        -1.428721254845495,
                        -2.1569758227077016,
                        -3.343697377344786,
                        1.6479867811473413e-06
                    ],
                    [
                        -0.7964089755019734,
                        1.7793927074388436,
                        2.2481715693177513,
                        3.457649864868446,
                        5.111352100817178,
                        -5.815189263130933e-06
                    ],
                    [
                        -1.428721254845495,
                        2.2481715693177513,
                        4.218869600558907,
                        5.535676236929701,
                        8.285964323903464,
                        -4.6315503673220494e-06
                    ],
                    [
                        -2.1569758227077016,
                        3.457649864868446,
                        5.535676236929701,
                        8.888475824190914,
                        12.463421180242527,
                        4.5816817334654866e-08
                    ],
                    [
                        -3.343697377344786,
                        5.111352100817178,
                        8.285964323903464,
                        12.463421180242527,
                        19.13042317446088,
                        3.64857782317006e-06
                    ],
                    [
                        1.6479867811473413e-06,
                        -5.815189263130933e-06,
                        -4.631550367322049e-06,
                        4.581681733465505e-08,
                        3.64857782317006e-06,
                        1.012967056333587e-06
                    ]
                ]
            },
            "est_tgt": [
                1,
                3,
                5
            ]
        },
        "obs": {
            "intv_type": "obs",
            "true_params": {
                "Si": [
                    [
                        1.0,
                        -0.9011586620484344,
                        -1.552378048053101,
                        -2.347384412166395,
                        -3.662651940602736,
                        -3.488505034252215
                    ],
                    [
                        -0.9011586620484344,
                        1.8120869341849244,
                        2.315027047486406,
                        3.5390371218431684,
                        5.305616750397768,
                        5.93837477888425
                    ],
                    [
                        -1.552378048053101,
                        2.315027047486406,
                        4.249095052646597,
                        5.632953830734866,
                        8.509499569395434,
                        8.618224964907787
                    ],
                    [
                        -2.347384412166395,
                        3.5390371218431684,
                        5.632953830734866,
                        9.005891549257347,
                        12.83144307430391,
                        13.997149979965258
                    ],
                    [
                        -3.662651940602736,
                        5.305616750397768,
                        8.509499569395434,
                        12.83144307430391,
                        19.904051776119434,
                        20.867634741909157
                    ],
                    [
                        -3.488505034252215,
                        5.93837477888425,
                        8.618224964907787,
                        13.997149979965258,
                        20.867634741909157,
                        24.089924003107757
                    ]
                ],
                "mui": [
                    0.0,
                    0.0,
                    0.0,
                    0.0,
                    0.0,
                    0.0
                ],
                "Ai": [
                    [
                        0.0,
                        0.0,
                        0.0,
                        0.0,
                        0.0,
                        0.0
                    ],
                    [
                        -0.9011586620484344,
                        0.0,
                        0.0,
                        0.0,
                        0.0,
                        0.0
                    ],
                    [
                        -0.7268373010737341,
                        0.9160881227095132,
                        0.0,
                        0.0,
                        0.0,
                        0.0
                    ],
                    [
                        -0.5667525131324055,
                        0.796409841820737,
                        0.6847174068647032,
                        0.0,
                        0.0,
                        0.0
                    ],
                    [
                        -0.7397454374560882,
