{
    "expt_args": {
        "save_dir": "expt_logs_30.04.24-spallunk",
        "exp_name": "431",
        "num_nodes": 6,
        "obs_noise_mean": 0.0,
        "obs_noise_var": 1.0,
        "max_edge_strength": 1.0,
        "graph_sparsity_method": "adj_dense_prop",
        "adj_dense_prop": 0.92,
        "num_parents": null,
        "new_noise_mean": 1.0,
        "mix_samples": 131072,
        "stage2_samples": 131072,
        "gmm_tol": 0.001,
        "intv_type": "do",
        "new_noise_sigma": 0.0,
        "intv_targets": [
            0,
            1,
            2,
            3,
            4,
            5
        ]
    },
    "intv_args_dict": {
        "0": {
            "intv_type": "do",
            "inode": 0,
            "new_mui": 1.0,
            "new_sigmai": 0.0,
            "true_params": {
                "Si": [
                    [
                        0.0,
                        0.0,
                        0.0,
                        0.0,
                        0.0,
                        0.0
                    ],
                    [
                        0.0,
                        1.0,
                        0.5925142849599098,
                        1.18016424987272,
                        -1.2514331663472489,
                        -1.183967142873595
                    ],
                    [
                        0.0,
                        0.5925142849599098,
                        1.3510731778815532,
                        1.4871985958508431,
                        -0.5283510578535355,
                        -0.5972569520992972
                    ],
                    [
                        0.0,
                        1.18016424987272,
                        1.4871985958508431,
                        3.013628305641243,
                        -1.8542575026357675,
                        -1.0788717830527823
                    ],
                    [
                        0.0,
                        -1.2514331663472489,
                        -0.5283510578535355,
                        -1.8542575026357675,
                        2.908868232194691,
                        2.155996974153634
                    ],
                    [
                        0.0,
                        -1.183967142873595,
                        -0.5972569520992972,
                        -1.0788717830527823,
                        2.155996974153634,
                        3.0783447425232575
                    ]
                ],
                "mui": [
                    1.0,
                    -0.7268259145153919,
                    0.09527173093131613,
                    0.36378583817830207,
                    1.4402494925090814,
                    1.0861286268421624
                ],
                "Ai": [
                    [
                        0.0,
                        0.0,
                        0.0,
                        0.0,
                        0.0,
                        0.0
                    ],
                    [
                        -0.7268259145153919,
                        0.0,
                        0.0,
                        0.0,
                        0.0,
                        0.0
                    ],
                    [
                        0.525926467960736,
                        0.5925142849599098,
                        0.0,
                        0.0,
                        0.0,
                        0.0
                    ],
                    [
                        0.8071642322946747,
                        0.7133018508837912,
                        0.7879344192022602,
                        0.0,
                        0.0,
                        0.0
                    ],
                    [
                        0.8587271690526264,
                        -0.988757363376616,
                        0.6428031253801061,
                        -0.5453019249181863,
                        0.0,
                        0.0
                    ],
                    [
                        -0.6905597979340385,
                        -0.6420944209565278,
                        -0.5838879051861401,
                        0.6621062117207803,
                        0.7809485190672192,
                        0.0
                    ]
                ]
            },
            "est_params": {
                "mui": [
                    1.0000004189264229,
                    -0.7204247875036743,
                    0.09145215885758343,
                    0.364007969171898,
                    1.4326509806051255,
                    1.0919407634765694
                ],
                "Si": [
                    [
                        1.0105021177513359e-06,
                        -3.602717073416288e-07,
                        4.179494733942304e-07,
                        1.31048530105964e-06,
                        -1.2428380682420095e-07,
                        -4.231080087234299e-07
                    ],
                    [
                        -3.602717073416289e-07,
                        0.998390518934506,
                        0.5911499009324295,
                        1.1792977501073203,
                        -1.2545201640389678,
                        -1.1831341947360359
                    ],
                    [
                        4.179494733942303e-07,
                        0.5911499009324295,
                        1.3537750798786552,
                        1.4929843349637109,
                        -0.5209619546325185,
                        -0.599574882954614
                    ],
                    [
                        1.3104853010596402e-06,
                        1.1792977501073203,
                        1.4929843349637109,
                        3.032870046341089,
                        -1.8633662409571476,
                        -1.0864531691919084
                    ],
                    [
                        -1.2428380682420106e-07,
                        -1.2545201640389678,
                        -0.5209619546325185,
                        -1.863366240957148,
                        2.9293155370891015,
                        2.1631337524979593
                    ],
                    [
                        -4.2310800872342967e-07,
                        -1.1831341947360359,
                        -0.599574882954614,
                        -1.0864531691919086,
                        2.1631337524979593,
                        3.048197062490091
                    ]
                ]
            },
            "est_tgt": [
                0
            ]
        },
        "1": {
            "intv_type": "do",
            "inode": 1,
            "new_mui": 1.0,
            "new_sigmai": 0.0,
            "true_params": {
                "Si": [
                    [
                        1.0,
                        0.0,
                        0.525926467960736,
                        1.2215597983704134,
                        0.5306754369238499,
                        0.22559062546688632
                    ],
                    [
                        0.0,
                        0.0,
                        0.0,
                        0.0,
                        0.0,
                        0.0
                    ],
                    [
                        0.525926467960736,
                        0.0,
                        1.276598649701655,
                        1.4303850493620405,
                        0.49223722805470127,
                        0.22290457383333107
                    ],
                    [
                        1.2215597983704134,
                        0.0,
                        1.4303850493620405,
                        3.113048989958368,
                        0.27089096112110556,
                        0.5939763509501665
                    ],
                    [
                        0.5306754369238499,
                        0.0,
                        0.49223722805470127,
                        0.27089096112110556,
                        1.6243996817151087,
                        0.7940566274317896
                    ],
                    [
                        0.22559062546688632,
                        0.0,
                        0.22290457383333107,
                        0.5939763509501665,
                        0.7940566274317896,
                        1.7274576774175348
                    ]
                ],
                "mui": [
                    0.0,
                    1.0,
                    0.5925142849599098,
                    1.18016424987272,
                    -1.2514331663472489,
                    -1.183967142873595
                ],
                "Ai": [
                    [
                        0.0,
                        0.0,
                        0.0,
                        0.0,
                        0.0,
                        0.0
                    ],
                    [
                        0.0,
                        0.0,
                        0.0,
                        0.0,
                        0.0,
                        0.0
                    ],
                    [
                        0.525926467960736,
                        0.5925142849599098,
                        0.0,
                        0.0,
                        0.0,
                        0.0
                    ],
                    [
                        0.8071642322946747,
                        0.7133018508837912,
                        0.7879344192022602,
                        0.0,
                        0.0,
                        0.0
                    ],
                    [
                        0.8587271690526264,
                        -0.988757363376616,
                        0.6428031253801061,
                        -0.5453019249181863,
                        0.0,
                        0.0
                    ],
                    [
                        -0.6905597979340385,
                        -0.6420944209565278,
                        -0.5838879051861401,
                        0.6621062117207803,
                        0.7809485190672192,
                        0.0
                    ]
                ]
            },
            "est_params": {
                "mui": [
                    -0.003161397416745406,
                    1.0000010977027158,
                    0.5893050839426168,
                    1.1739609709946983,
                    -1.2628986246731084,
                    -1.1878780403615665
                ],
                "Si": [
                    [
                        1.0234384385317048,
                        -1.4254081878276674e-07,
                        0.5409261531558459,
                        1.2357863277314638,
                        0.5672792838662506,
                        0.23003275019381958
                    ],
                    [
                        -1.4254081878276698e-07,
                        1.010020938456731e-06,
                        9.662262065212318e-07,
                        7.356658458110306e-07,
                        1.1736438389689312e-06,
                        8.100006522335539e-07
                    ],
                    [
                        0.5409261531558459,
                        9.662262065212318e-07,
                        1.2875386325687115,
                        1.4384903561929565,
                        0.5139148249017597,
                        0.23630517924912323
                    ],
                    [
                        1.235786327731464,
                        7.356658458110311e-07,
                        1.4384903561929565,
                        3.1089417063157194,
                        0.3033791401288691,
                        0.6036878662511614
                    ],
                    [
                        0.5672792838662506,
                        1.173643838968931e-06,
                        0.5139148249017595,
                        0.3033791401288691,
                        1.660600928393489,
                        0.7966396124063915
                    ],
                    [
                        0.23003275019381958,
                        8.100006522335539e-07,
                        0.23630517924912323,
                        0.6036878662511614,
                        0.7966396124063915,
                        1.725852708348425
                    ]
                ]
            },
            "est_tgt": [
                1
            ]
        },
        "2": {
            "intv_type": "do",
            "inode": 2,
            "new_mui": 1.0,
            "new_sigmai": 0.0,
            "true_params": {
                "Si": [
                    [
                        1.0,
                        -0.7268259145153919,
                        0.0,
                        0.28871796220054147,
                        1.4199431833762515,
                        1.0761955492085413
                    ],
                    [
                        -0.7268259145153919,
                        1.5282759100111358,
                        0.0,
                        0.5034541539703623,
                        -2.4097737385285933,
                        -2.0279497885700133
                    ],
                    [
                        0.0,
                        0.0,
                        0.0,
                        0.0,
                        0.0,
                        0.0
                    ],
                    [
                        0.28871796220054147,
                        0.5034541539703623,
                        0.0,
                        1.5921575921714757,
                        -1.1180706433098364,
                        -0.3416203023991065
                    ],
                    [
                        1.4199431833762515,
                        -2.4097737385285933,
                        0.0,
                        -1.1180706433098364,
                        5.2117113921093745,
                        3.8965433708821244
                    ],
                    [
                        1.0761955492085413,
                        -2.0279497885700133,
                        0.0,
                        -0.3416203023991065,
                        3.8965433708821244,
                        4.375768714925019
                    ]
                ],
                "mui": [
                    0.0,
                    0.0,
                    1.0,
                    0.7879344192022602,
                    0.2131409698798205,
                    0.10426049297647826
                ],
                "Ai": [
                    [
                        0.0,
                        0.0,
                        0.0,
                        0.0,
                        0.0,
                        0.0
                    ],
                    [
                        -0.7268259145153919,
                        0.0,
                        0.0,
                        0.0,
                        0.0,
                        0.0
                    ],
                    [
                        0.0,
                        0.0,
                        0.0,
                        0.0,
                        0.0,
                        0.0
                    ],
                    [
                        0.8071642322946747,
                        0.7133018508837912,
                        0.7879344192022602,
                        0.0,
                        0.0,
                        0.0
                    ],
                    [
                        0.8587271690526264,
                        -0.988757363376616,
                        0.6428031253801061,
                        -0.5453019249181863,
                        0.0,
                        0.0
                    ],
                    [
                        -0.6905597979340385,
                        -0.6420944209565278,
                        -0.5838879051861401,
                        0.6621062117207803,
                        0.7809485190672192,
                        0.0
                    ]
                ]
            },
            "est_params": {
                "mui": [
                    0.008213336073881835,
                    0.005382681031732316,
                    0.9999997181586324,
                    0.7994151904833043,
                    0.19813303384674033,
                    0.08415150935556213
                ],
                "Si": [
                    [
                        1.0067297398709272,
                        -0.7271707709438273,
                        -3.8386043124974277e-07,
                        0.3049803149985661,
                        1.402322258698049,
                        1.0662812564043316
                    ],
                    [
                        -0.7271707709438273,
                        1.5289255441852208,
                        7.500202091853487e-07,
                        0.48526856138437197,
                        -2.395255610620291,
                        -2.0259557481491908
                    ],
                    [
                        -3.8386043124974266e-07,
                        7.500202091853489e-07,
                        1.01363687840931e-06,
                        7.913320819860549e-07,
                        -1.6584757408699115e-06,
                        -1.4061622359541243e-06
                    ],
                    [
                        0.3049803149985661,
                        0.48526856138437185,
                        7.913320819860549e-07,
                        1.5893642893359021,
                        -1.0906201741500545,
                        -0.3187136454830909
                    ],
                    [
                        1.402322258698049,
                        -2.395255610620291,
                        -1.658475740869912e-06,
                        -1.0906201741500545,
                        5.159769663461895,
                        3.8741585737959983
                    ],
                    [
                        1.0662812564043316,
                        -2.0259557481491908,
                        -1.4061622359541243e-06,
                        -0.3187136454830909,
                        3.8741585737959983,
                        4.3862639376066035
                    ]
                ]
            },
            "est_tgt": [
                2,
                3,
                5
            ]
        },
        "3": {
            "intv_type": "do",
            "inode": 3,
            "new_mui": 1.0,
            "new_sigmai": 0.0,
            "true_params": {
                "Si": [
                    [
                        1.0,
                        -0.7268259145153919,
                        0.09527173093131613,
                        0.0,
                        1.6386226103256853,
                        1.000182956229882
                    ],
                    [
                        -0.7268259145153919,
                        1.5282759100111358,
                        0.5232683219982915,
                        0.0,
                        -1.7988807064675922,
                        -2.1897439469157476
                    ],
                    [
                        0.09527173093131613,
                        0.5232683219982915,
                        1.3601498805962022,
                        0.0,
                        0.43873561162847263,
                        -0.8533236358363315
                    ],
                    [
                        0.0,
                        0.0,
                        0.0,
                        0.0,
                        0.0,
                        0.0
                    ],
                    [
                        1.6386226103256853,
                        -1.7988807064675922,
                        0.43873561162847263,
                        0.0,
                        4.467806922036896,
                        3.256439148951203
                    ],
                    [
                        1.000182956229882,
                        -2.1897439469157476,
                        -0.8533236358363315,
                        0.0,
                        3.256439148951203,
                        4.756692912467004
                    ]
                ],
                "mui": [
                    0.0,
                    0.0,
                    0.0,
                    1.0,
                    -0.5453019249181863,
                    0.2362534810114188
                ],
                "Ai": [
                    [
                        0.0,
                        0.0,
                        0.0,
                        0.0,
                        0.0,
                        0.0
                    ],
                    [
                        -0.7268259145153919,
                        0.0,
                        0.0,
                        0.0,
                        0.0,
                        0.0
                    ],
                    [
                        0.525926467960736,
                        0.5925142849599098,
                        0.0,
                        0.0,
                        0.0,
                        0.0
                    ],
                    [
                        0.0,
                        0.0,
                        0.0,
                        0.0,
                        0.0,
                        0.0
                    ],
                    [
                        0.8587271690526264,
                        -0.988757363376616,
                        0.6428031253801061,
                        -0.5453019249181863,
                        0.0,
                        0.0
                    ],
                    [
                        -0.6905597979340385,
                        -0.6420944209565278,
                        -0.5838879051861401,
                        0.6621062117207803,
                        0.7809485190672192,
                        0.0
                    ]
                ]
            },
            "est_params": {
                "mui": [
                    -0.0026031681418704836,
                    -0.001156784286480914,
                    -0.003142926225377326,
                    1.0000014601134652,
                    -0.5492208645936674,
                    0.2453898882978806
                ],
                "Si": [
                    [
                        0.9959634769470304,
                        -0.7122004932739918,
                        0.10377373012108382,
                        6.153283451112225e-07,
                        1.6200124117424157,
                        0.985064399233442
                    ],
                    [
                        -0.7122004932739918,
                        1.5014588299134792,
                        0.4989096871211265,
                        -5.1974559447542215e-08,
                        -1.7763801528279421,
                        -2.145896430772343
                    ],
                    [
                        0.10377373012108382,
                        0.4989096871211265,
                        1.3295138259046835,
                        4.5958362781613066e-07,
                        0.4404157986624028,
                        -0.8209382139627173
                    ],
                    [
                        6.153283451112225e-07,
                        -5.1974559447542215e-08,
                        4.595836278161305e-07,
                        1.0096446865654558e-06,
                        8.433143007666676e-07,
                        -1.0060423108309162e-06
                    ],
                    [
                        1.6200124117424155,
                        -1.7763801528279426,
                        0.4404157986624028,
                        8.433143007666677e-07,
                        4.418200038311734,
                        3.214579935311748
                    ],
                    [
                        0.985064399233442,
                        -2.145896430772343,
                        -0.8209382139627173,
                        -1.006042310830916e-06,
                        3.214579935311748,
                        4.6605222815627645
                    ]
                ]
            },
            "est_tgt": [
                2,
                3
            ]
        },
        "4": {
            "intv_type": "do",
            "inode": 4,
            "new_mui": 1.0,
            "new_sigmai": 0.0,
            "true_params": {
                "Si": [
                    [
                        1.0,
                        -0.7268259145153919,
                        0.09527173093131613,
                        0.36378583817830207,
                        0.0,
                        -0.03863208142011857
                    ],
                    [
                        -0.7268259145153919,
                        1.5282759100111358,
                        0.5232683219982915,
                        0.9157552753510273,
                        0.0,
                        -0.17858346699529934
                    ],
                    [
                        0.09527173093131613,
                        0.5232683219982915,
                        1.3601498805962022,
                        1.5218571023423897,
                        0.0,
                        -0.18832252118735432
                    ],
                    [
                        0.36378583817830207,
                        0.9157552753510273,
                        1.5218571023423897,
                        3.1459684417003326,
                        0.0,
                        0.3551540634799102
                    ],
                    [
                        0.0,
                        0.0,
                        0.0,
                        0.0,
                        0.0,
                        0.0
                    ],
                    [
                        -0.03863208142011857,
                        -0.17858346699529934,
                        -0.18832252118735432,
                        0.3551540634799102,
                        0.0,
                        1.486454164115386
                    ]
                ],
                "mui": [
                    0.0,
                    0.0,
                    0.0,
                    0.0,
                    1.0,
                    0.7809485190672192
                ],
                "Ai": [
                    [
                        0.0,
                        0.0,
                        0.0,
                        0.0,
                        0.0,
                        0.0
                    ],
                    [
                        -0.7268259145153919,
                        0.0,
                        0.0,
                        0.0,
                        0.0,
                        0.0
                    ],
                    [
                        0.525926467960736,
                        0.5925142849599098,
                        0.0,
                        0.0,
                        0.0,
                        0.0
                    ],
                    [
                        0.8071642322946747,
                        0.7133018508837912,
                        0.7879344192022602,
                        0.0,
                        0.0,
                        0.0
                    ],
                    [
                        0.0,
                        0.0,
                        0.0,
                        0.0,
                        0.0,
                        0.0
                    ],
                    [
                        -0.6905597979340385,
                        -0.6420944209565278,
                        -0.5838879051861401,
                        0.6621062117207803,
                        0.7809485190672192,
                        0.0
                    ]
                ]
            },
            "est_params": {
                "mui": [
                    0.014817878623100269,
                    -0.023582015343834157,
                    -0.012025927897407673,
                    -0.009651224640888535,
                    1.000000423635913,
                    0.7764703617130958
                ],
                "Si": [
                    [
                        1.01149121668113,
                        -0.7256826810027848,
                        0.10703750520255577,
                        0.3771120750302231,
                        -2.2273227638277965e-07,
                        -0.04327722892938911
                    ],
                    [
                        -0.7256826810027849,
                        1.5141395205506287,
                        0.5179250869259092,
                        0.9157091664388751,
                        -1.6223792547705009e-07,
                        -0.16467696247345914
                    ],
                    [
                        0.10703750520255577,
                        0.5179250869259091,
                        1.3791734826241178,
                        1.5387716003207779,
                        4.779439589860314e-07,
                        -0.1840546173992609
                    ],
                    [
                        0.3771120750302231,
                        0.9157091664388751,
                        1.5387716003207779,
                        3.166485804412397,
                        3.632179550595073e-07,
                        0.3558254787197886
                    ],
                    [
                        -2.227322763827797e-07,
                        -1.622379254770501e-07,
                        4.779439589860313e-07,
                        3.6321795505950723e-07,
                        1.0073762786057029e-06,
                        5.651055444218984e-07
                    ],
                    [
                        -0.04327722892938911,
                        -0.1646769624734592,
                        -0.1840546173992609,
                        0.35582547871978865,
                        5.651055444218984e-07,
                        1.4747848519139461
                    ]
                ]
            },
            "est_tgt": [
                2,
                4,
                5
            ]
        },
        "5": {
            "intv_type": "do",
            "inode": 5,
            "new_mui": 1.0,
            "new_sigmai": 0.0,
            "true_params": {
                "Si": [
                    [
                        1.0,
                        -0.7268259145153919,
                        0.09527173093131613,
                        0.36378583817830207,
                        1.4402494925090814,
                        0.0
                    ],
                    [
                        -0.7268259145153919,
                        1.5282759100111358,
                        0.5232683219982915,
                        0.9157552753510273,
                        -2.298243820870491,
                        0.0
                    ],
                    [
                        0.09527173093131613,
                        0.5232683219982915,
                        1.3601498805962022,
                        1.5218571023423897,
                        -0.3911359957292457,
                        0.0
                    ],
                    [
                        0.36378583817830207,
                        0.9157552753510273,
                        1.5218571023423897,
                        3.1459684417003326,
                        -1.330315133817477,
                        0.0
                    ],
                    [
                        1.4402494925090814,
                        -2.298243820870491,
                        -0.3911359957292457,
                        -1.330315133817477,
                        4.983186832867357,
                        0.0
                    ],
                    [
                        0.0,
                        0.0,
                        0.0,
                        0.0,
                        0.0,
                        0.0
                    ]
                ],
                "mui": [
                    0.0,
                    0.0,
                    0.0,
                    0.0,
                    0.0,
                    1.0
                ],
                "Ai": [
                    [
                        0.0,
                        0.0,
                        0.0,
                        0.0,
                        0.0,
                        0.0
                    ],
                    [
                        -0.7268259145153919,
                        0.0,
                        0.0,
                        0.0,
                        0.0,
                        0.0
                    ],
                    [
                        0.525926467960736,
                        0.5925142849599098,
                        0.0,
                        0.0,
                        0.0,
                        0.0
                    ],
                    [
                        0.8071642322946747,
                        0.7133018508837912,
                        0.7879344192022602,
                        0.0,
                        0.0,
                        0.0
                    ],
                    [
                        0.8587271690526264,
                        -0.988757363376616,
                        0.6428031253801061,
                        -0.5453019249181863,
                        0.0,
                        0.0
                    ],
                    [
                        0.0,
                        0.0,
                        0.0,
                        0.0,
                        0.0,
                        0.0
                    ]
                ]
            },
            "est_params": {
                "mui": [
                    0.004983112718597803,
                    0.0010383687440517477,
                    0.009898149244616135,
                    0.01867018292988397,
                    -0.008467993586225814,
                    0.9999996626228134
                ],
                "Si": [
                    [
                        0.9860890935070346,
                        -0.7103042300434227,
                        0.11078959506761946,
                        0.38187684670235544,
                        1.4170469149593343,
                        -4.814783349602634e-07
                    ],
                    [
                        -0.7103042300434227,
                        1.5147078672942682,
                        0.5295096497098936,
                        0.9235967810048085,
                        -2.2721757296635325,
                        4.0039938323610127e-07
                    ],
                    [
                        0.11078959506761943,
                        0.5295096497098936,
                        1.367548645504952,
                        1.5547826317371192,
                        -0.3965443390015276,
                        -9.161456128159419e-07
                    ],
                    [
                        0.38187684670235544,
                        0.9235967810048085,
                        1.5547826317371192,
                        3.194821217159453,
                        -1.3219785133306892,
                        -4.1894929020145625e-07
                    ],
                    [
                        1.4170469149593343,
                        -2.2721757296635325,
                        -0.3965443390015276,
                        -1.3219785133306892,
                        4.9424122268603705,
                        -1.1215299464808521e-06
                    ],
                    [
                        -4.814783349602634e-07,
                        4.003993832361011e-07,
                        -9.161456128159422e-07,
                        -4.1894929020145603e-07,
                        -1.1215299464808521e-06,
                        1.0061356885139208e-06
                    ]
                ]
            },
            "est_tgt": [
                2,
                4,
                5
            ]
        },
        "obs": {
            "intv_type": "obs",
            "true_params": {
                "Si": [
                    [
                        1.0,
                        -0.7268259145153919,
                        0.09527173093131613,
                        0.36378583817830207,
                        1.4402494925090814,
                        1.0861286268421624
                    ],
                    [
                        -0.7268259145153919,
                        1.5282759100111358,
                        0.5232683219982915,
                        0.9157552753510273,
                        -2.298243820870491,
                        -1.9733935753594964
                    ],
                    [
                        0.09527173093131613,
                        0.5232683219982915,
                        1.3601498805962022,
                        1.5218571023423897,
                        -0.3911359957292457,
                        -0.49377959780599084
                    ],
                    [
                        0.36378583817830207,
                        0.9157552753510273,
                        1.5218571023423897,
                        3.1459684417003326,
                        -1.330315133817477,
                        -0.6837535701675579
                    ],
                    [
                        1.4402494925090814,
                        -2.298243820870491,
                        -0.3911359957292457,
                        -1.330315133817477,
                        4.983186832867357,
                        3.7202931777626436
                    ],
                    [
                        1.0861286268421624,
                        -1.9733935753594964,
                        -0.49377959780599084,
                        -0.6837535701675579,
                        3.7202931777626436,
                        4.258020136569298
                    ]
                ],
                "mui": [
                    0.0,
                    0.0,
                    0.0,
                    0.0,
                    0.0,
                    0.0
                ],
                "Ai": [
                    [
                        0.0,
                        0.0,
                        0.0,
                        0.0,
                        0.0,
                        0.0
                    ],
                    [
                        -0.7268259145153919,
                        0.0,
                        0.0,
                        0.0,
                        0.0,
                        0.0
                    ],
                    [
                        0.525926467960736,
                        0.5925142849599098,
                        0.0,
                        0.0,
                        0.0,
                        0.0
                    ],
                    [
                        0.8071642322946747,
                        0.7133018508837912,
                        0.7879344192022602,
                        0.0,
                        0.0,
                        0.0
                    ],
                    [
