{
    "expt_args": {
        "save_dir": "expt_logs_30.04.24-spallunk",
        "exp_name": "286",
        "num_nodes": 6,
        "obs_noise_mean": 0.0,
        "obs_noise_var": 1.0,
        "max_edge_strength": 1.0,
        "graph_sparsity_method": "adj_dense_prop",
        "adj_dense_prop": 0.8,
        "num_parents": null,
        "new_noise_mean": 1.0,
        "mix_samples": 65536,
        "stage2_samples": 65536,
        "gmm_tol": 0.001,
        "intv_type": "do",
        "new_noise_sigma": 0.0,
        "intv_targets": [
            0,
            1,
            2,
            3,
            4,
            5
        ]
    },
    "intv_args_dict": {
        "0": {
            "intv_type": "do",
            "inode": 0,
            "new_mui": 1.0,
            "new_sigmai": 0.0,
            "true_params": {
                "Si": [
                    [
                        0.0,
                        0.0,
                        0.0,
                        0.0,
                        0.0,
                        0.0
                    ],
                    [
                        0.0,
                        1.0,
                        -0.7695316078477752,
                        -0.5221670666993931,
                        -1.3064716433303967,
                        -1.4240595650515684
                    ],
                    [
                        0.0,
                        -0.7695316078477752,
                        1.5921788954767822,
                        0.4018240624023404,
                        1.9948080806982298,
                        0.7347043587192507
                    ],
                    [
                        0.0,
                        -0.5221670666993931,
                        0.4018240624023404,
                        1.2726584455454484,
                        -0.11140634531407911,
                        1.0671644375260934
                    ],
                    [
                        0.0,
                        -1.3064716433303967,
                        1.9948080806982298,
                        -0.11140634531407911,
                        4.315658869313673,
                        1.8632052064125482
                    ],
                    [
                        0.0,
                        -1.4240595650515684,
                        0.7347043587192507,
                        1.0671644375260934,
                        1.8632052064125482,
                        3.643559941979553
                    ]
                ],
                "mui": [
                    1.0,
                    0.0,
                    0.5077921116032089,
                    -0.644304358873254,
                    1.5177425345927777,
                    0.5313598047172896
                ],
                "Ai": [
                    [
                        0.0,
                        0.0,
                        0.0,
                        0.0,
                        0.0,
                        0.0
                    ],
                    [
                        -0.0,
                        0.0,
                        0.0,
                        0.0,
                        0.0,
                        0.0
                    ],
                    [
                        0.5077921116032089,
                        -0.7695316078477752,
                        0.0,
                        0.0,
                        0.0,
                        0.0
                    ],
                    [
                        -0.644304358873254,
                        -0.5221670666993931,
                        -0.0,
                        0.0,
                        0.0,
                        0.0
                    ],
                    [
                        0.5039925536183061,
                        -0.95946196032611,
                        0.9894368563986646,
                        -0.793602811037848,
                        0.0,
                        0.0
                    ],
                    [
                        0.6123466877518088,
                        -0.9411930472941472,
                        -0.9714741185497976,
                        0.8130897000547255,
                        0.6168353508937825,
                        0.0
                    ]
                ]
            },
            "est_params": {
                "mui": [
                    1.0000022153470847,
                    0.0016420915409676184,
                    0.5065853211660319,
                    -0.6437120148098139,
                    1.515349627784353,
                    0.5345073088968724
                ],
                "Si": [
                    [
                        1.0127583906828844e-06,
                        5.314333358649025e-07,
                        -7.582551470760551e-07,
                        1.1389217446998098e-06,
                        -3.8329970776135245e-06,
                        -1.5443011530542635e-06
                    ],
                    [
                        5.314333358649024e-07,
                        0.9942906835165178,
                        -0.7805844740428214,
                        -0.5199714234841166,
                        -1.3388387926262457,
                        -1.4258931533606094
                    ],
                    [
                        -7.582551470760551e-07,
                        -0.7805844740428213,
                        1.6265001585044718,
                        0.4198113158405265,
                        2.0196729599713197,
                        0.7422899950965371
                    ],
                    [
                        1.1389217446998096e-06,
                        -0.5199714234841166,
                        0.41981131584052644,
                        1.2968379155959369,
                        -0.09453938170565686,
                        1.0825081234728664
                    ],
                    [
                        -3.832997077613525e-06,
                        -1.3388387926262457,
                        2.01967295997132,
                        -0.09453938170565684,
                        4.373140401411224,
                        1.9404132158184528
                    ],
                    [
                        -1.5443011530542635e-06,
                        -1.4258931533606096,
                        0.7422899950965371,
                        1.0825081234728664,
                        1.9404132158184528,
                        3.692448631524479
                    ]
                ]
            },
            "est_tgt": [
                0
            ]
        },
        "1": {
            "intv_type": "do",
            "inode": 1,
            "new_mui": 1.0,
            "new_sigmai": 0.0,
            "true_params": {
                "Si": [
                    [
                        1.0,
                        0.0,
                        0.5077921116032089,
                        -0.644304358873254,
                        1.5177425345927777,
                        0.5313598047172896
                    ],
                    [
                        0.0,
                        0.0,
                        0.0,
                        0.0,
                        0.0,
                        0.0
                    ],
                    [
                        0.5077921116032089,
                        0.0,
                        1.2578528286064459,
                        -0.3271726709074014,
                        1.7601345429095376,
                        -0.091334170787425
                    ],
                    [
                        -0.644304358873254,
                        0.0,
                        -0.3271726709074014,
                        1.415128106863075,
                        -1.7714909417233153,
                        -0.018790006671488446
                    ],
                    [
                        1.5177425345927777,
                        0.0,
                        1.7601345429095376,
                        -1.7714909417233153,
                        4.912333115799354,
                        0.8091791430515983
                    ],
                    [
                        0.5313598047172896,
                        0.0,
                        -0.091334170787425,
                        -0.018790006671488446,
                        0.8091791430515983,
                        1.8979575392338868
                    ]
                ],
                "mui": [
                    0.0,
                    1.0,
                    -0.7695316078477752,
                    -0.5221670666993931,
                    -1.3064716433303967,
                    -1.4240595650515684
                ],
                "Ai": [
                    [
                        0.0,
                        0.0,
                        0.0,
                        0.0,
                        0.0,
                        0.0
                    ],
                    [
                        0.0,
                        0.0,
                        0.0,
                        0.0,
                        0.0,
                        0.0
                    ],
                    [
                        0.5077921116032089,
                        -0.7695316078477752,
                        0.0,
                        0.0,
                        0.0,
                        0.0
                    ],
                    [
                        -0.644304358873254,
                        -0.5221670666993931,
                        -0.0,
                        0.0,
                        0.0,
                        0.0
                    ],
                    [
                        0.5039925536183061,
                        -0.95946196032611,
                        0.9894368563986646,
                        -0.793602811037848,
                        0.0,
                        0.0
                    ],
                    [
                        0.6123466877518088,
                        -0.9411930472941472,
                        -0.9714741185497976,
                        0.8130897000547255,
                        0.6168353508937825,
                        0.0
                    ]
                ]
            },
            "est_params": {
                "mui": [
                    0.004897857506762072,
                    0.999998627238012,
                    -0.7822792224284895,
                    -0.5168511776598238,
                    -1.3074089918700253,
                    -1.3934065127831423
                ],
                "Si": [
                    [
                        0.9936073201566876,
                        -1.2511395128055448e-06,
                        0.5151610279493739,
                        -0.6303119346735065,
                        1.4881361274399556,
                        0.5256126706972462
                    ],
                    [
                        -1.2511395128055448e-06,
                        1.0121607684983332e-06,
                        -5.169961318760553e-07,
                        1.4578058124812195e-06,
                        -2.2738294527763017e-06,
                        1.0193476036325396e-06
                    ],
                    [
                        0.5151610279493739,
                        -5.169961318760552e-07,
                        1.268928473067955,
                        -0.3198946628295638,
                        1.7545597635430727,
                        -0.08873173922719525
                    ],
                    [
                        -0.6303119346735065,
                        1.4578058124812195e-06,
                        -0.3198946628295638,
                        1.4210362069369247,
                        -1.7602395466454397,
                        -0.004226797565081577
                    ],
                    [
                        1.4881361274399556,
                        -2.273829452776302e-06,
                        1.754559763543073,
                        -1.7602395466454397,
                        4.8621547603525,
                        0.7935275724254496
                    ],
                    [
                        0.5256126706972462,
                        1.0193476036325393e-06,
                        -0.08873173922719525,
                        -0.004226797565081579,
                        0.7935275724254495,
                        1.8888802635624857
                    ]
                ]
            },
            "est_tgt": [
                1
            ]
        },
        "2": {
            "intv_type": "do",
            "inode": 2,
            "new_mui": 1.0,
            "new_sigmai": 0.0,
            "true_params": {
                "Si": [
                    [
                        1.0,
                        0.0,
                        0.0,
                        -0.644304358873254,
                        1.0153143039840589,
                        0.7147512048170861
                    ],
                    [
                        0.0,
                        1.0,
                        0.0,
                        -0.5221670666993931,
                        -0.5450687083620842,
                        -1.7019793589189596
                    ],
                    [
                        0.0,
                        0.0,
                        0.0,
                        0.0,
                        0.0,
                        0.0
                    ],
                    [
                        -0.644304358873254,
                        -0.5221670666993931,
                        0.0,
                        1.6877865524085234,
                        -1.1631573141260847,
                        0.7517676842939705
                    ],
                    [
                        1.0153143039840589,
                        -0.5450687083620842,
                        0.0,
                        -1.1631573141260847,
                        2.9577684543973186,
                        2.013444140451159
                    ],
                    [
                        0.7147512048170861,
                        -1.7019793589189596,
                        0.0,
                        0.7517676842939705,
                        2.013444140451159,
                        4.892784755902673
                    ]
                ],
                "mui": [
                    0.0,
                    0.0,
                    1.0,
                    0.0,
                    0.9894368563986646,
                    -0.36115448804588623
                ],
                "Ai": [
                    [
                        0.0,
                        0.0,
                        0.0,
                        0.0,
                        0.0,
                        0.0
                    ],
                    [
                        -0.0,
                        0.0,
                        0.0,
                        0.0,
                        0.0,
                        0.0
                    ],
                    [
                        0.0,
                        0.0,
                        0.0,
                        0.0,
                        0.0,
                        0.0
                    ],
                    [
                        -0.644304358873254,
                        -0.5221670666993931,
                        -0.0,
                        0.0,
                        0.0,
                        0.0
                    ],
                    [
                        0.5039925536183061,
                        -0.95946196032611,
                        0.9894368563986646,
                        -0.793602811037848,
                        0.0,
                        0.0
                    ],
                    [
                        0.6123466877518088,
                        -0.9411930472941472,
                        -0.9714741185497976,
                        0.8130897000547255,
                        0.6168353508937825,
                        0.0
                    ]
                ]
            },
            "est_params": {
                "mui": [
                    -0.004589735057936973,
                    0.005835155416765662,
                    0.9999991051518967,
                    0.010663568886933254,
                    0.979319319544735,
                    -0.3779978649910187
                ],
                "Si": [
                    [
                        1.0110943428048897,
                        -0.00409549663624261,
                        -1.931837299864035e-06,
                        -0.6429751041725373,
                        1.0421775154907713,
                        0.7356113544782784
                    ],
                    [
                        -0.004095496636242607,
                        0.9986286481562672,
                        2.236234232736645e-07,
                        -0.5118057185824654,
                        -0.5607826098589481,
                        -1.718726157658647
                    ],
                    [
                        -1.931837299864035e-06,
                        2.2362342327366445e-07,
                        1.0096936732447752e-06,
                        1.8179104722804554e-06,
                        -3.853317829769438e-06,
                        -2.0844351336440887e-06
                    ],
                    [
                        -0.6429751041725373,
                        -0.5118057185824654,
                        1.8179104722804554e-06,
                        1.6796664268889607,
                        -1.1828646476257414,
                        0.7458707215141771
                    ],
                    [
                        1.0421775154907713,
                        -0.5607826098589481,
                        -3.853317829769437e-06,
                        -1.1828646476257414,
                        3.0293438245269697,
                        2.060965689418793
                    ],
                    [
                        0.7356113544782784,
                        -1.7187261576586468,
                        -2.0844351336440887e-06,
                        0.7458707215141771,
                        2.0609656894187927,
                        4.973242104953779
                    ]
                ]
            },
            "est_tgt": [
                2,
                4,
                5
            ]
        },
        "3": {
            "intv_type": "do",
            "inode": 3,
            "new_mui": 1.0,
            "new_sigmai": 0.0,
            "true_params": {
                "Si": [
                    [
                        1.0,
                        0.0,
                        0.5077921116032089,
                        0.0,
                        1.006420784227025,
                        0.7398357113110137
                    ],
                    [
                        0.0,
                        1.0,
                        -0.7695316078477752,
                        0.0,
                        -1.7208648952944225,
                        -1.2551033083937488
                    ],
                    [
                        0.5077921116032089,
                        -0.7695316078477752,
                        1.8500317240832278,
                        0.0,
                        2.8247493213473733,
                        0.9803699169634991
                    ],
                    [
                        0.0,
                        0.0,
                        0.0,
                        0.0,
                        0.0,
                        0.0
                    ],
                    [
                        1.006420784227025,
                        -1.7208648952944225,
                        2.8247493213473733,
                        0.0,
                        5.953244075580895,
                        3.163945049726873
                    ],
                    [
                        0.7398357113110137,
                        -1.2551033083937488,
                        0.9803699169634991,
                        0.0,
                        3.163945049726873,
                        3.6335596088199495
                    ]
                ],
                "mui": [
                    0.0,
                    0.0,
                    0.0,
                    1.0,
                    -0.793602811037848,
                    0.3235674316379023
                ],
                "Ai": [
                    [
                        0.0,
                        0.0,
                        0.0,
                        0.0,
                        0.0,
                        0.0
                    ],
                    [
                        -0.0,
                        0.0,
                        0.0,
                        0.0,
                        0.0,
                        0.0
                    ],
                    [
                        0.5077921116032089,
                        -0.7695316078477752,
                        0.0,
                        0.0,
                        0.0,
                        0.0
                    ],
                    [
                        0.0,
                        0.0,
                        0.0,
                        0.0,
                        0.0,
                        0.0
                    ],
                    [
                        0.5039925536183061,
                        -0.95946196032611,
                        0.9894368563986646,
                        -0.793602811037848,
                        0.0,
                        0.0
                    ],
                    [
                        0.6123466877518088,
                        -0.9411930472941472,
                        -0.9714741185497976,
                        0.8130897000547255,
                        0.6168353508937825,
                        0.0
                    ]
                ]
            },
            "est_params": {
                "mui": [
                    0.006077733742548926,
                    -0.01758438326181094,
                    0.008324301605795307,
                    1.000000504881485,
                    -0.7763461909462596,
                    0.33793612740401513
                ],
                "Si": [
                    [
                        0.9812013466727273,
                        0.0051127582973963925,
                        0.4839904677213509,
                        -8.048477120714578e-07,
                        0.9674774788010105,
                        0.7238293482373449
                    ],
                    [
                        0.005112758297396396,
                        1.0188011632443945,
                        -0.7703446774293681,
                        6.077682046950221e-07,
                        -1.7235697873525988,
                        -1.2725399475823338
                    ],
                    [
                        0.4839904677213509,
                        -0.7703446774293681,
                        1.8326237926097348,
                        -1.5787996770112378e-06,
                        2.7809020729134444,
                        0.9582023576882568
                    ],
                    [
                        -8.048477120714579e-07,
                        6.077682046950222e-07,
                        -1.5787996770112378e-06,
                        1.0081398939432069e-06,
                        -2.4394532194553915e-06,
                        -1.0463832372715367e-06
                    ],
                    [
                        0.9674774788010105,
                        -1.723569787352599,
                        2.780902072913444,
                        -2.439453219455391e-06,
                        5.873398463358544,
                        3.1379890854029626
                    ],
                    [
                        0.7238293482373447,
                        -1.2725399475823338,
                        0.9582023576882568,
                        -1.0463832372715367e-06,
                        3.1379890854029626,
                        3.6521933035570173
                    ]
                ]
            },
            "est_tgt": [
                2,
                3,
                4,
                5
            ]
        },
        "4": {
            "intv_type": "do",
            "inode": 4,
            "new_mui": 1.0,
            "new_sigmai": 0.0,
            "true_params": {
                "Si": [
                    [
                        1.0,
                        0.0,
                        0.5077921116032089,
                        -0.644304358873254,
                        0.0,
                        -0.40483744417466533
                    ],
                    [
                        0.0,
                        1.0,
                        -0.7695316078477752,
                        -0.5221670666993931,
                        0.0,
                        -0.6181816705050867
                    ],
                    [
                        0.5077921116032089,
                        -0.7695316078477752,
                        1.8500317240832278,
                        0.07465139149493903,
                        0.0,
                        -0.7013370443374942
                    ],
                    [
                        -0.644304358873254,
                        -0.5221670666993931,
                        0.07465139149493903,
                        1.6877865524085234,
                        0.0,
                        1.3967223395465418
                    ],
                    [
                        0.0,
                        0.0,
                        0.0,
                        0.0,
                        0.0,
                        0.0
                    ],
                    [
                        -0.40483744417466533,
                        -0.6181816705050867,
                        -0.7013370443374942,
                        1.3967223395465418,
                        0.0,
                        3.1509187573015245
                    ]
                ],
                "mui": [
                    0.0,
                    0.0,
                    0.0,
                    0.0,
                    1.0,
                    0.6168353508937825
                ],
                "Ai": [
                    [
                        0.0,
                        0.0,
                        0.0,
                        0.0,
                        0.0,
                        0.0
                    ],
                    [
                        -0.0,
                        0.0,
                        0.0,
                        0.0,
                        0.0,
                        0.0
                    ],
                    [
                        0.5077921116032089,
                        -0.7695316078477752,
                        0.0,
                        0.0,
                        0.0,
                        0.0
                    ],
                    [
                        -0.644304358873254,
                        -0.5221670666993931,
                        -0.0,
                        0.0,
                        0.0,
                        0.0
                    ],
                    [
                        0.0,
                        0.0,
                        0.0,
                        0.0,
                        0.0,
                        0.0
                    ],
                    [
                        0.6123466877518088,
                        -0.9411930472941472,
                        -0.9714741185497976,
                        0.8130897000547255,
                        0.6168353508937825,
                        0.0
                    ]
                ]
            },
            "est_params": {
                "mui": [
                    -4.038854467146926e-05,
                    6.499527987298129e-05,
                    0.008269758148267315,
                    -0.0006047457255532852,
                    0.9999991766154648,
                    0.5920971323811627
                ],
                "Si": [
                    [
                        1.0188442024604176,
                        0.004085993498511678,
                        0.520978393203509,
                        -0.6630411244752543,
                        -1.634481959852515e-08,
                        -0.418018865952954
                    ],
                    [
                        0.004085993498511675,
                        0.9973824254690749,
                        -0.7634639590556204,
                        -0.5188351189331375,
                        -5.870055459718822e-07,
                        -0.6229523500786367
                    ],
                    [
                        0.520978393203509,
                        -0.7634639590556204,
                        1.863539665195885,
                        0.0517273883506286,
                        8.809228374193925e-07,
                        -0.718793405097126
                    ],
                    [
                        -0.6630411244752543,
                        -0.5188351189331375,
                        0.0517273883506286,
                        1.698880676538847,
                        1.2933130958750407e-06,
                        1.4187982126524832
                    ],
                    [
                        -1.634481959852515e-08,
                        -5.87005545971882e-07,
                        8.809228374193925e-07,
                        1.2933130958750407e-06,
                        1.007606752394952e-06,
                        3.449398194072015e-07
                    ],
                    [
                        -0.418018865952954,
                        -0.6229523500786366,
                        -0.7187934050971261,
                        1.4187982126524832,
                        3.449398194072015e-07,
                        3.177277096471809
                    ]
                ]
            },
            "est_tgt": [
                2,
                3,
                4,
                5
            ]
        },
        "5": {
            "intv_type": "do",
            "inode": 5,
            "new_mui": 1.0,
            "new_sigmai": 0.0,
            "true_params": {
                "Si": [
                    [
                        1.0,
                        0.0,
                        0.5077921116032089,
                        -0.644304358873254,
                        1.5177425345927777,
                        0.0
                    ],
                    [
                        0.0,
                        1.0,
                        -0.7695316078477752,
                        -0.5221670666993931,
                        -1.3064716433303967,
                        0.0
                    ],
                    [
                        0.5077921116032089,
                        -0.7695316078477752,
                        1.8500317240832278,
                        0.07465139149493903,
                        2.7655057672091026,
                        0.0
                    ],
                    [
                        -0.644304358873254,
                        -0.5221670666993931,
                        0.07465139149493903,
                        1.6877865524085234,
                        -1.0892944759995462,
                        0.0
                    ],
                    [
                        1.5177425345927777,
                        -1.3064716433303967,
                        2.7655057672091026,
                        -1.0892944759995462,
                        6.619201270625783,
                        0.0
                    ],
                    [
                        0.0,
                        0.0,
                        0.0,
                        0.0,
                        0.0,
                        0.0
                    ]
                ],
                "mui": [
                    0.0,
                    0.0,
                    0.0,
                    0.0,
                    0.0,
                    1.0
                ],
                "Ai": [
                    [
                        0.0,
                        0.0,
                        0.0,
                        0.0,
                        0.0,
                        0.0
                    ],
                    [
                        -0.0,
                        0.0,
                        0.0,
                        0.0,
                        0.0,
                        0.0
                    ],
                    [
                        0.5077921116032089,
                        -0.7695316078477752,
                        0.0,
                        0.0,
                        0.0,
                        0.0
                    ],
                    [
                        -0.644304358873254,
                        -0.5221670666993931,
                        -0.0,
                        0.0,
                        0.0,
                        0.0
                    ],
                    [
                        0.5039925536183061,
                        -0.95946196032611,
                        0.9894368563986646,
                        -0.793602811037848,
                        0.0,
                        0.0
                    ],
                    [
                        0.0,
                        0.0,
                        0.0,
                        0.0,
                        0.0,
                        0.0
                    ]
                ]
            },
            "est_params": {
                "mui": [
                    -0.0016280284541743068,
                    0.011285404620054324,
                    -0.026710964545780702,
                    0.019459555420243507,
                    -0.05497499305548565,
                    0.99999998047488
                ],
                "Si": [
                    [
                        0.9922674273162942,
                        0.00692475059391131,
                        0.5069743081391187,
                        -0.6366148138684644,
                        1.514578172931882,
                        4.637663562786528e-07
                    ],
                    [
                        0.006924750593911314,
                        1.0078888185133266,
                        -0.771232509726669,
                        -0.5509221330900639,
                        -1.2856819228438034,
                        5.084561380354256e-07
                    ],
                    [
                        0.5069743081391187,
                        -0.7712325097266689,
                        1.8296483800963932,
                        0.07929766520536662,
                        2.753657312526528,
                        1.7797785880373953e-07
                    ],
                    [
                        -0.6366148138684645,
                        -0.550922133090064,
                        0.0792976652053666,
                        1.7213571765120754,
                        -1.0853933851917563,
                        -1.9843015974766524e-07
                    ],
                    [
                        1.514578172931882,
                        -1.2856819228438034,
                        2.753657312526528,
                        -1.0853933851917565,
                        6.604663211990265,
                        -6.596388654884311e-07
                    ],
                    [
                        4.637663562786528e-07,
                        5.084561380354256e-07,
                        1.7797785880373934e-07,
                        -1.984301597476652e-07,
                        -6.596388654884314e-07,
                        1.006629605740477e-06
                    ]
                ]
            },
            "est_tgt": [
                2,
                3,
                5
            ]
        },
        "obs": {
            "intv_type": "obs",
            "true_params": {
                "Si": [
                    [
                        1.0,
                        0.0,
                        0.5077921116032089,
                        -0.644304358873254,
                        1.5177425345927777,
                        0.5313598047172896
                    ],
                    [
                        0.0,
                        1.0,
                        -0.7695316078477752,
                        -0.5221670666993931,
                        -1.3064716433303967,
                        -1.4240595650515684
                    ],
                    [
                        0.5077921116032089,
                        -0.7695316078477752,
                        1.8500317240832278,
                        0.07465139149493903,
                        2.7655057672091026,
                        1.004524675977712
                    ],
                    [
                        -0.644304358873254,
                        -0.5221670666993931,
                        0.07465139149493903,
                        1.6877865524085234,
                        -1.0892944759995462,
                        0.7248069992167026
                    ],
                    [
                        1.5177425345927777,
                        -1.3064716433303967,
                        2.7655057672091026,
                        -1.0892944759995462,
                        6.619201270625783,
                        2.669672583204891
                    ],
                    [
                        0.5313598047172896,
                        -1.4240595650515684,
                        1.004524675977712,
                        0.7248069992167026,
                        2.669672583204891,
                        3.9259031840487486
                    ]
                ],
                "mui": [
                    0.0,
                    0.0,
                    0.0,
                    0.0,
                    0.0,
                    0.0
                ],
                "Ai": [
                    [
                        0.0,
                        0.0,
                        0.0,
                        0.0,
                        0.0,
                        0.0
                    ],
                    [
                        -0.0,
                        0.0,
                        0.0,
                        0.0,
                        0.0,
                        0.0
                    ],
                    [
                        0.5077921116032089,
                        -0.7695316078477752,
                        0.0,
                        0.0,
                        0.0,
                        0.0
                    ],
                    [
                        -0.644304358873254,
                        -0.5221670666993931,
                        -0.0,
                        0.0,
                        0.0,
                        0.0
                    ],
                    [
                        0.5039925536183061,
                        -0.95946196032611,
                        0.9894368563986646,
                        -0.793602811037848,
                        0.0,
                        0.0
                    ],
                    [
                        0.6123466877518088,
                        -0.9411930472941472,
