{
    "expt_args": {
        "save_dir": "expt_logs_30.04.24-spallunk",
        "exp_name": "57",
        "num_nodes": 6,
        "obs_noise_mean": 0.0,
        "obs_noise_var": 1.0,
        "max_edge_strength": 1.0,
        "graph_sparsity_method": "adj_dense_prop",
        "adj_dense_prop": 1.0,
        "num_parents": null,
        "new_noise_mean": 1.0,
        "mix_samples": 2048,
        "stage2_samples": 2048,
        "gmm_tol": 0.001,
        "intv_type": "do",
        "new_noise_sigma": 0.0,
        "intv_targets": [
            0,
            1,
            2,
            3,
            4,
            5
        ]
    },
    "intv_args_dict": {
        "0": {
            "intv_type": "do",
            "inode": 0,
            "new_mui": 1.0,
            "new_sigmai": 0.0,
            "true_params": {
                "Si": [
                    [
                        0.0,
                        0.0,
                        0.0,
                        0.0,
                        0.0,
                        0.0
                    ],
                    [
                        0.0,
                        1.0,
                        -0.7676335007284874,
                        -0.40191205159429133,
                        1.7526400254805283,
                        2.313798184553007
                    ],
                    [
                        0.0,
                        -0.7676335007284874,
                        1.5892611914406727,
                        -0.46711521934532824,
                        -1.735602513376294,
                        -1.0351708889370874
                    ],
                    [
                        0.0,
                        -0.40191205159429133,
                        -0.46711521934532824,
                        1.763145082657446,
                        -1.0020092911865437,
                        -2.6160000062126114
                    ],
                    [
                        0.0,
                        1.7526400254805283,
                        -1.735602513376294,
                        -1.0020092911865437,
                        4.584339347886575,
                        5.427883200085382
                    ],
                    [
                        0.0,
                        2.313798184553007,
                        -1.0351708889370874,
                        -2.6160000062126114,
                        5.427883200085382,
                        9.127137428614937
                    ]
                ],
                "mui": [
                    1.0,
                    -0.5666557987077269,
                    1.2071900868170606,
                    -1.0339211630508618,
                    -0.20891110366347737,
                    -0.14671920483402748
                ],
                "Ai": [
                    [
                        0.0,
                        0.0,
                        0.0,
                        0.0,
                        0.0,
                        0.0
                    ],
                    [
                        -0.5666557987077269,
                        0.0,
                        0.0,
                        0.0,
                        0.0,
                        0.0
                    ],
                    [
                        0.7722061123469511,
                        -0.7676335007284874,
                        0.0,
                        0.0,
                        0.0,
                        0.0
                    ],
                    [
                        -0.6627158083131375,
                        -0.9973165170407181,
                        -0.7756363744956225,
                        0.0,
                        0.0,
                        0.0
                    ],
                    [
                        0.6877530454376141,
                        0.8544380667843745,
                        -0.8558076978609648,
                        -0.6002688863888266,
                        0.0,
                        0.0
                    ],
                    [
                        -0.8283648658099835,
                        0.9243645154579916,
                        0.7302432249455355,
                        -0.5142544043988319,
                        0.99467532647037,
                        0.0
                    ]
                ]
            },
            "est_params": {
                "mui": [
                    0.9999948272303282,
                    -0.5712652490579039,
                    1.1933543294628888,
                    -1.0113316351107529,
                    -0.16575000505375695,
                    -0.15273512401353107
                ],
                "Si": [
                    [
                        1.0569387024143655e-06,
                        7.305114917143437e-06,
                        3.646275822094184e-06,
                        -1.302372257879007e-06,
                        2.3088395875803245e-05,
                        2.8329530435026637e-05
                    ],
                    [
                        7.305114917143435e-06,
                        0.9200167752842208,
                        -0.7122860988255869,
                        -0.37747883609456784,
                        1.6419881680170172,
                        2.1083928149149758
                    ],
                    [
                        3.6462758220941857e-06,
                        -0.7122860988255869,
                        1.5926664491838196,
                        -0.5402095865399087,
                        -1.7334172060037984,
                        -0.8851060997981339
                    ],
                    [
                        -1.3023722578790075e-06,
                        -0.3774788360945678,
                        -0.5402095865399087,
                        1.8030428612840017,
                        -0.8741848050317288,
                        -2.454778312662866
                    ],
                    [
                        2.3088395875803245e-05,
                        1.6419881680170172,
                        -1.7334172060037984,
                        -0.8741848050317288,
                        4.634321562564501,
                        5.12629673496004
                    ],
                    [
                        2.8329530435026637e-05,
                        2.1083928149149758,
                        -0.8851060997981337,
                        -2.454778312662866,
                        5.12629673496004,
                        8.36846417742031
                    ]
                ]
            },
            "est_tgt": [
                0
            ]
        },
        "1": {
            "intv_type": "do",
            "inode": 1,
            "new_mui": 1.0,
            "new_sigmai": 0.0,
            "true_params": {
                "Si": [
                    [
                        1.0,
                        0.0,
                        0.7722061123469511,
                        -1.2616669576572859,
                        0.784232529822322,
                        1.1644079534823448
                    ],
                    [
                        0.0,
                        0.0,
                        0.0,
                        0.0,
                        0.0,
                        0.0
                    ],
                    [
                        0.7722061123469511,
                        0.0,
                        1.5963022799459923,
                        -1.7499033109447606,
                        0.21537183793029913,
                        1.6401410503950267
                    ],
                    [
                        -1.2616669576572859,
                        0.0,
                        -1.7499033109447606,
                        3.193415297484905,
                        -1.2870424128361995,
                        -3.1551516710257825
                    ],
                    [
                        0.784232529822322,
                        0.0,
                        0.21537183793029913,
                        -1.2870424128361995,
                        2.1276129498017062,
                        2.2857944860582915
                    ],
                    [
                        1.1644079534823448,
                        0.0,
                        1.6401410503950267,
                        -3.1551516710257825,
                        2.2857944860582915,
                        5.129321271907088
                    ]
                ],
                "mui": [
                    0.0,
                    1.0,
                    -0.7676335007284874,
                    -0.40191205159429133,
                    1.7526400254805283,
                    2.313798184553007
                ],
                "Ai": [
                    [
                        0.0,
                        0.0,
                        0.0,
                        0.0,
                        0.0,
                        0.0
                    ],
                    [
                        0.0,
                        0.0,
                        0.0,
                        0.0,
                        0.0,
                        0.0
                    ],
                    [
                        0.7722061123469511,
                        -0.7676335007284874,
                        0.0,
                        0.0,
                        0.0,
                        0.0
                    ],
                    [
                        -0.6627158083131375,
                        -0.9973165170407181,
                        -0.7756363744956225,
                        0.0,
                        0.0,
                        0.0
                    ],
                    [
                        0.6877530454376141,
                        0.8544380667843745,
                        -0.8558076978609648,
                        -0.6002688863888266,
                        0.0,
                        0.0
                    ],
                    [
                        -0.8283648658099835,
                        0.9243645154579916,
                        0.7302432249455355,
                        -0.5142544043988319,
                        0.99467532647037,
                        0.0
                    ]
                ]
            },
            "est_params": {
                "mui": [
                    0.05284024424095189,
                    1.000000302106112,
                    -0.6346729294545063,
                    -0.4028093339210022,
                    1.654309643080355,
                    2.2248814054845623
                ],
                "Si": [
                    [
                        0.9009581208768889,
                        2.001608149134427e-07,
                        0.7166618403602106,
                        -1.1687764997477852,
                        0.7267715361593808,
                        1.029242031652691
                    ],
                    [
                        2.001608149134427e-07,
                        1.0010770729832889e-06,
                        5.471646994204846e-07,
                        -1.2359468452989155e-06,
                        -3.34344360987096e-07,
                        3.6365540045555894e-07
                    ],
                    [
                        0.7166618403602106,
                        5.471646994204846e-07,
                        1.4170135209792885,
                        -1.5703418900332176,
                        0.27637322932750436,
                        1.3944170617781881
                    ],
                    [
                        -1.1687764997477852,
                        -1.2359468452989153e-06,
                        -1.5703418900332176,
                        2.975194486260674,
                        -1.1701256017494397,
                        -2.7907276878959917
                    ],
                    [
                        0.7267715361593808,
                        -3.34344360987096e-07,
                        0.2763732293275044,
                        -1.1701256017494397,
                        1.8054065742731524,
                        2.0076191828410868
                    ],
                    [
                        1.0292420316526907,
                        3.636554004555589e-07,
                        1.3944170617781881,
                        -2.7907276878959917,
                        2.0076191828410868,
                        4.46662557786634
                    ]
                ]
            },
            "est_tgt": [
                1,
                2,
                4
            ]
        },
        "2": {
            "intv_type": "do",
            "inode": 2,
            "new_mui": 1.0,
            "new_sigmai": 0.0,
            "true_params": {
                "Si": [
                    [
                        1.0,
                        -0.5666557987077269,
                        0.0,
                        -0.09758062078502105,
                        0.2621553708293832,
                        -1.0412206355255655
                    ],
                    [
                        -0.5666557987077269,
                        1.321098794209092,
                        0.0,
                        -0.9420218924313862,
                        1.3045442808027452,
                        3.4726115170636875
                    ],
                    [
                        0.0,
                        0.0,
                        0.0,
                        0.0,
                        0.0,
                        0.0
                    ],
                    [
                        -0.09758062078502105,
                        -0.9420218924313862,
                        0.0,
                        2.004162212715019,
                        -2.075046953327234,
                        -3.8845865030664406
                    ],
                    [
                        0.2621553708293832,
                        1.3045442808027452,
                        0.0,
                        -2.075046953327234,
                        3.5405365718677113,
                        5.577500549024983
                    ],
                    [
                        -1.0412206355255655,
                        3.4726115170636875,
                        0.0,
                        -3.8845865030664406,
                        5.577500549024983,
                        12.617937352330406
                    ]
                ],
                "mui": [
                    0.0,
                    0.0,
                    1.0,
                    -0.7756363744956225,
                    -0.3902173150998106,
                    0.7409781114505558
                ],
                "Ai": [
                    [
                        0.0,
                        0.0,
                        0.0,
                        0.0,
                        0.0,
                        0.0
                    ],
                    [
                        -0.5666557987077269,
                        0.0,
                        0.0,
                        0.0,
                        0.0,
                        0.0
                    ],
                    [
                        0.0,
                        0.0,
                        0.0,
                        0.0,
                        0.0,
                        0.0
                    ],
                    [
                        -0.6627158083131375,
                        -0.9973165170407181,
                        -0.7756363744956225,
                        0.0,
                        0.0,
                        0.0
                    ],
                    [
                        0.6877530454376141,
                        0.8544380667843745,
                        -0.8558076978609648,
                        -0.6002688863888266,
                        0.0,
                        0.0
                    ],
                    [
                        -0.8283648658099835,
                        0.9243645154579916,
                        0.7302432249455355,
                        -0.5142544043988319,
                        0.99467532647037,
                        0.0
                    ]
                ]
            },
            "est_params": {
                "mui": [
                    0.05110617621654357,
                    0.034418270322257714,
                    1.000000079606507,
                    -0.7609633611134591,
                    -0.43435667261054633,
                    0.658529172841034
                ],
                "Si": [
                    [
                        0.8518579036145688,
                        -0.5070795247398628,
                        1.4835951988475984e-07,
                        -0.02191136161186276,
                        0.12743536063579827,
                        -1.0164477829789738
                    ],
                    [
                        -0.5070795247398628,
                        1.2182511374563865,
                        -6.559665967039166e-08,
                        -0.897546037488798,
                        1.225908888887707,
                        3.2796219257573176
                    ],
                    [
                        1.4835951988475984e-07,
                        -6.559665967039169e-08,
                        1.0002282524241625e-06,
                        -7.076554731582311e-08,
                        3.8226615956202254e-08,
                        1.7950745653583665e-07
                    ],
                    [
                        -0.021911361611862752,
                        -0.897546037488798,
                        -7.076554731582311e-08,
                        1.8493796441533397,
                        -1.8674088950949446,
                        -3.682645990625737
                    ],
                    [
                        0.12743536063579827,
                        1.2259088888877068,
                        3.8226615956202254e-08,
                        -1.867408895094945,
                        3.2568493052624072,
                        5.251934624626909
                    ],
                    [
                        -1.0164477829789735,
                        3.2796219257573176,
                        1.7950745653583665e-07,
                        -3.682645990625737,
                        5.251934624626909,
                        12.048247705232043
                    ]
                ]
            },
            "est_tgt": [
                1,
                2,
                5
            ]
        },
        "3": {
            "intv_type": "do",
            "inode": 3,
            "new_mui": 1.0,
            "new_sigmai": 0.0,
            "true_params": {
                "Si": [
                    [
                        1.0,
                        -0.5666557987077269,
                        1.2071900868170606,
                        0.0,
                        -0.8295418088218586,
                        -1.2957437660050446
                    ],
                    [
                        -0.5666557987077269,
                        1.321098794209092,
                        -1.451694763565859,
                        0.0,
                        1.9814494020831772,
                        2.6013831665569236
                    ],
                    [
                        1.2071900868170606,
                        -1.451694763565859,
                        3.046569097150055,
                        0.0,
                        -3.0174118941180277,
                        -3.118497699344977
                    ],
                    [
                        0.0,
                        0.0,
                        0.0,
                        0.0,
                        0.0,
                        0.0
                    ],
                    [
                        -0.8295418088218586,
                        1.9814494020831772,
                        -3.0174118941180277,
                        0.0,
                        4.7048302178153865,
                        4.99507874595305
                    ],
                    [
                        -1.2957437660050446,
                        2.6013831665569236,
                        -3.118497699344977,
                        0.0,
                        4.99507874595305,
                        7.169194666547004
                    ]
                ],
                "mui": [
                    0.0,
                    0.0,
                    0.0,
                    1.0,
                    -0.6002688863888266,
                    -1.1113270549376435
                ],
                "Ai": [
                    [
                        0.0,
                        0.0,
                        0.0,
                        0.0,
                        0.0,
                        0.0
                    ],
                    [
                        -0.5666557987077269,
                        0.0,
                        0.0,
                        0.0,
                        0.0,
                        0.0
                    ],
                    [
                        0.7722061123469511,
                        -0.7676335007284874,
                        0.0,
                        0.0,
                        0.0,
                        0.0
                    ],
                    [
                        0.0,
                        0.0,
                        0.0,
                        0.0,
                        0.0,
                        0.0
                    ],
                    [
                        0.6877530454376141,
                        0.8544380667843745,
                        -0.8558076978609648,
                        -0.6002688863888266,
                        0.0,
                        0.0
                    ],
                    [
                        -0.8283648658099835,
                        0.9243645154579916,
                        0.7302432249455355,
                        -0.5142544043988319,
                        0.99467532647037,
                        0.0
                    ]
                ]
            },
            "est_params": {
                "mui": [
                    -0.12956236022711437,
                    0.15381435610370403,
                    -0.1123789930652346,
                    1.0000014794296554,
                    -0.35503895170420485,
                    -0.7299541063217667
                ],
                "Si": [
                    [
                        1.0880550839496854,
                        -0.5719660394057339,
                        1.3638543043396683,
                        -1.5822836830482272e-06,
                        -0.9143106630064862,
                        -1.3675942518463549
                    ],
                    [
                        -0.5719660394057339,
                        1.452561858456518,
                        -1.5582671869037015,
                        4.116728563054756e-07,
                        2.1861226934854323,
                        2.9352934786080525
                    ],
                    [
                        1.3638543043396683,
                        -1.5582671869037015,
                        3.137936930682587,
                        -2.5310177859134895e-06,
                        -3.14776826652369,
                        -3.4137951848778276
                    ],
                    [
                        -1.582283683048227e-06,
                        4.1167285630547567e-07,
                        -2.5310177859134895e-06,
                        1.0006401235916823e-06,
                        2.1175198980408664e-06,
                        1.4762750837060417e-06
                    ],
                    [
                        -0.9143106630064862,
                        2.1861226934854323,
                        -3.14776826652369,
                        2.1175198980408664e-06,
                        5.000166710310373,
                        5.513966510147031
                    ],
                    [
                        -1.3675942518463549,
                        2.9352934786080525,
                        -3.4137951848778276,
                        1.4762750837060417e-06,
                        5.513966510147031,
                        8.106742759052091
                    ]
                ]
            },
            "est_tgt": [
                1,
                2,
                3
            ]
        },
        "4": {
            "intv_type": "do",
            "inode": 4,
            "new_mui": 1.0,
            "new_sigmai": 0.0,
            "true_params": {
                "Si": [
                    [
                        1.0,
                        -0.5666557987077269,
                        1.2071900868170606,
                        -1.0339211630508618,
                        0.0,
                        0.0610795154057272
                    ],
                    [
                        -0.5666557987077269,
                        1.321098794209092,
                        -1.451694763565859,
                        0.18396537085511666,
                        0.0,
                        0.5358793334362114
                    ],
                    [
                        1.2071900868170606,
                        -1.451694763565859,
                        3.046569097150055,
                        -1.7152545979306941,
                        0.0,
                        0.7649246931836561
                    ],
                    [
                        -1.0339211630508618,
                        0.18396537085511666,
                        -1.7152545979306941,
                        2.8321380540618923,
                        0.0,
                        -1.6824774909821647
                    ],
                    [
                        0.0,
                        0.0,
                        0.0,
                        0.0,
                        0.0,
                        0.0
                    ],
                    [
                        0.0610795154057272,
                        0.5358793334362114,
                        0.7649246931836561,
                        -1.6824774909821647,
                        0.0,
                        2.8685542506432924
                    ]
                ],
                "mui": [
                    0.0,
                    0.0,
                    0.0,
                    0.0,
                    1.0,
                    0.99467532647037
                ],
                "Ai": [
                    [
                        0.0,
                        0.0,
                        0.0,
                        0.0,
                        0.0,
                        0.0
                    ],
                    [
                        -0.5666557987077269,
                        0.0,
                        0.0,
                        0.0,
                        0.0,
                        0.0
                    ],
                    [
                        0.7722061123469511,
                        -0.7676335007284874,
                        0.0,
                        0.0,
                        0.0,
                        0.0
                    ],
                    [
                        -0.6627158083131375,
                        -0.9973165170407181,
                        -0.7756363744956225,
                        0.0,
                        0.0,
                        0.0
                    ],
                    [
                        0.0,
                        0.0,
                        0.0,
                        0.0,
                        0.0,
                        0.0
                    ],
                    [
                        -0.8283648658099835,
                        0.9243645154579916,
                        0.7302432249455355,
                        -0.5142544043988319,
                        0.99467532647037,
                        0.0
                    ]
                ]
            },
            "est_params": {
                "mui": [
                    0.05008491051429878,
                    -0.14677979971736993,
                    0.09414841120081603,
                    0.018914663866435342,
                    0.9999988750076978,
                    0.8778502102002886
                ],
                "Si": [
                    [
                        1.0249439854873479,
                        -0.5922285053003074,
                        1.208691788137815,
                        -0.9751542176496242,
                        -1.0686281831949843e-06,
                        -0.07656675465138738
                    ],
                    [
                        -0.5922285053003074,
                        1.226394283084064,
                        -1.42455497593638,
                        0.2945019694501683,
                        -3.8358508433798686e-07,
                        0.40380770746853334
                    ],
                    [
                        1.2086917881378152,
                        -1.42455497593638,
                        3.103797435632157,
                        -1.7178917351931215,
                        -7.661568073018435e-08,
                        0.811928339327836
                    ],
                    [
                        -0.9751542176496242,
                        0.29450196945016827,
                        -1.7178917351931215,
                        2.4869462709829198,
                        1.6803775727955935e-06,
                        -1.3219947188667363
                    ],
                    [
                        -1.0686281831949843e-06,
                        -3.8358508433798686e-07,
                        -7.661568073018435e-08,
                        1.6803775727955935e-06,
                        1.001001430978637e-06,
                        1.0065746599977137e-06
                    ],
                    [
                        -0.07656675465138738,
                        0.40380770746853334,
                        0.811928339327836,
                        -1.3219947188667363,
                        1.0065746599977134e-06,
                        2.701979195667974
                    ]
                ]
            },
            "est_tgt": [
                1,
                2,
                3,
                4
            ]
        },
        "5": {
            "intv_type": "do",
            "inode": 5,
            "new_mui": 1.0,
            "new_sigmai": 0.0,
            "true_params": {
                "Si": [
                    [
                        1.0,
                        -0.5666557987077269,
                        1.2071900868170606,
                        -1.0339211630508618,
                        -0.20891110366347737,
                        0.0
                    ],
                    [
                        -0.5666557987077269,
                        1.321098794209092,
                        -1.451694763565859,
                        0.18396537085511666,
                        1.8710207137858688,
                        0.0
                    ],
                    [
                        1.2071900868170606,
                        -1.451694763565859,
                        3.046569097150055,
                        -1.7152545979306941,
                        -1.9877979267448551,
                        0.0
                    ],
                    [
                        -1.0339211630508618,
                        0.18396537085511666,
                        -1.7152545979306941,
                        2.8321380540618923,
                        -0.786011679912562,
                        0.0
                    ],
                    [
                        -0.20891110366347737,
                        1.8710207137858688,
                        -1.9877979267448551,
                        -0.786011679912562,
                        4.627983197120466,
                        0.0
                    ],
                    [
                        0.0,
                        0.0,
                        0.0,
                        0.0,
                        0.0,
                        0.0
                    ]
                ],
                "mui": [
                    0.0,
                    0.0,
                    0.0,
                    0.0,
                    0.0,
                    1.0
                ],
                "Ai": [
                    [
                        0.0,
                        0.0,
                        0.0,
                        0.0,
                        0.0,
                        0.0
                    ],
                    [
                        -0.5666557987077269,
                        0.0,
                        0.0,
                        0.0,
                        0.0,
                        0.0
                    ],
                    [
                        0.7722061123469511,
                        -0.7676335007284874,
                        0.0,
                        0.0,
                        0.0,
                        0.0
                    ],
                    [
                        -0.6627158083131375,
                        -0.9973165170407181,
                        -0.7756363744956225,
                        0.0,
                        0.0,
                        0.0
                    ],
                    [
                        0.6877530454376141,
                        0.8544380667843745,
                        -0.8558076978609648,
                        -0.6002688863888266,
                        0.0,
                        0.0
                    ],
                    [
                        0.0,
                        0.0,
                        0.0,
                        0.0,
                        0.0,
                        0.0
                    ]
                ]
            },
            "est_params": {
                "mui": [
                    0.001968968148868223,
                    -0.007619868278499253,
                    0.08834773957262153,
                    -0.07941980720936113,
                    -0.053793011904979406,
                    0.9999991317666516
                ],
                "Si": [
                    [
                        0.9467361533229669,
                        -0.5361283396928473,
                        1.1188917280036368,
                        -0.8916167429880458,
                        -0.32987016911642025,
                        -2.2551968317525984e-07
                    ],
                    [
                        -0.5361283396928473,
                        1.263404432310019,
                        -1.481831117226799,
                        0.3031978375308808,
                        1.9220483931914412,
                        -9.100201730738151e-07
                    ],
                    [
                        1.1188917280036368,
                        -1.4818311172267988,
                        3.142774438978678,
                        -1.617965823706334,
                        -2.251369133545692,
                        1.5032781793219678e-06
                    ],
                    [
                        -0.8916167429880458,
                        0.3031978375308808,
                        -1.617965823706334,
                        2.359146034790637,
                        -0.22748341371222985,
                        -7.893515029262776e-07
                    ],
                    [
                        -0.32987016911642025,
                        1.9220483931914412,
                        -2.2513691335456913,
                        -0.22748341371222983,
                        4.48410078687887,
                        -1.2909730914586712e-06
                    ],
                    [
                        -2.2551968317525984e-07,
                        -9.100201730738153e-07,
                        1.503278179321968e-06,
                        -7.893515029262777e-07,
                        -1.2909730914586712e-06,
                        1.001343572160666e-06
                    ]
                ]
            },
            "est_tgt": [
                1,
                2,
                3,
                5
            ]
        },
        "obs": {
            "intv_type": "obs",
            "true_params": {
                "Si": [
                    [
                        1.0,
                        -0.5666557987077269,
                        1.2071900868170606,
                        -1.0339211630508618,
                        -0.20891110366347737,
                        -0.14671920483402748
                    ],
                    [
                        -0.5666557987077269,
                        1.321098794209092,
                        -1.451694763565859,
                        0.18396537085511666,
                        1.8710207137858688,
                        2.3969374727539954
                    ],
                    [
                        1.2071900868170606,
                        -1.451694763565859,
                        3.046569097150055,
                        -1.7152545979306941,
                        -1.9877979267448551,
                        -1.2122888585584073
                    ],
                    [
                        -1.0339211630508618,
                        0.18396537085511666,
                        -1.7152545979306941,
                        2.8321380540618923,
                        -0.786011679912562,
                        -2.464303915308716
                    ],
                    [
                        -0.20891110366347737,
                        1.8710207137858688,
                        -1.9877979267448551,
                        -0.786011679912562,
                        4.627983197120466,
                        5.458534471095886
                    ],
                    [
                        -0.14671920483402748,
                        2.3969374727539954,
                        -1.2122888585584073,
                        -2.464303915308716,
                        5.458534471095886,
                        9.148663953682066
                    ]
                ],
                "mui": [
                    0.0,
                    0.0,
                    0.0,
                    0.0,
                    0.0,
                    0.0
                ],
                "Ai": [
                    [
                        0.0,
                        0.0,
                        0.0,
                        0.0,
                        0.0,
                        0.0
                    ],
                    [
                        -0.5666557987077269,
                        0.0,
                        0.0,
                        0.0,
                        0.0,
                        0.0
                    ],
                    [
                        0.7722061123469511,
                        -0.7676335007284874,
                        0.0,
                        0.0,
                        0.0,
                        0.0
                    ],
                    [
                        -0.6627158083131375,
                        -0.9973165170407181,
                        -0.7756363744956225,
                        0.0,
