{
    "expt_args": {
        "save_dir": "expt_logs_30.04.24-spallunk",
        "exp_name": "313",
        "num_nodes": 6,
        "obs_noise_mean": 0.0,
        "obs_noise_var": 1.0,
        "max_edge_strength": 1.0,
        "graph_sparsity_method": "adj_dense_prop",
        "adj_dense_prop": 1.0,
        "num_parents": null,
        "new_noise_mean": 1.0,
        "mix_samples": 2048,
        "stage2_samples": 2048,
        "gmm_tol": 0.001,
        "intv_type": "do",
        "new_noise_sigma": 0.0,
        "intv_targets": [
            0,
            1,
            2,
            3,
            4,
            5
        ]
    },
    "intv_args_dict": {
        "0": {
            "intv_type": "do",
            "inode": 0,
            "new_mui": 1.0,
            "new_sigmai": 0.0,
            "true_params": {
                "Si": [
                    [
                        0.0,
                        0.0,
                        0.0,
                        0.0,
                        0.0,
                        0.0
                    ],
                    [
                        0.0,
                        1.0,
                        -0.8891133261843631,
                        -1.524457640227776,
                        1.4606621631565204,
                        -2.231424136664962
                    ],
                    [
                        0.0,
                        -0.8891133261843631,
                        1.7905225067986217,
                        2.219581676119293,
                        -1.1823305069317571,
                        1.459990812157478
                    ],
                    [
                        0.0,
                        -1.524457640227776,
                        2.219581676119293,
                        4.070754098554431,
                        -2.9441517879723964,
                        4.300941397028586
                    ],
                    [
                        0.0,
                        1.4606621631565204,
                        -1.1823305069317571,
                        -2.9441517879723964,
                        3.816184956397581,
                        -5.31126371582628
                    ],
                    [
                        0.0,
                        -2.231424136664962,
                        1.459990812157478,
                        4.300941397028586,
                        -5.31126371582628,
                        8.86503472090217
                    ]
                ],
                "mui": [
                    1.0,
                    0.9356931409269598,
                    -1.4189548394545364,
                    -2.6368513493459,
                    1.2106074580027675,
                    -1.295965859864073
                ],
                "Ai": [
                    [
                        0.0,
                        0.0,
                        0.0,
                        0.0,
                        0.0,
                        0.0
                    ],
                    [
                        0.9356931409269598,
                        0.0,
                        0.0,
                        0.0,
                        0.0,
                        0.0
                    ],
                    [
                        -0.5870175986370733,
                        -0.8891133261843631,
                        0.0,
                        0.0,
                        0.0,
                        0.0
                    ],
                    [
                        -0.7031460987613148,
                        -0.7561160686966608,
                        0.8641660729892098,
                        0.0,
                        0.0,
                        0.0
                    ],
                    [
                        -0.6629842807765793,
                        0.9456259663505202,
                        0.8232444008122937,
                        -0.8179917443219693,
                        0.0,
                        0.0
                    ],
                    [
                        0.8483373975713823,
                        -0.8381635402290986,
                        -0.9638517683089678,
                        0.6281564929657633,
                        -0.8849658160186571,
                        0.0
                    ]
                ]
            },
            "est_params": {
                "mui": [
                    0.9999905901664357,
                    0.9409198918023247,
                    -1.3471037540259505,
                    -2.6225077193180986,
                    1.2909175837556952,
                    -1.3512204612369243
                ],
                "Si": [
                    [
                        1.0547602767903973e-06,
                        -1.80502446505029e-06,
                        1.323502053495553e-05,
                        2.787887968497261e-05,
                        2.4583430365775825e-06,
                        6.976949896739079e-06
                    ],
                    [
                        -1.8050244650502896e-06,
                        1.0211934178765218,
                        -0.8436882533889206,
                        -1.4904666255321024,
                        1.5595256961637218,
                        -2.3641715839532593
                    ],
                    [
                        1.3235020534955534e-05,
                        -0.8436882533889206,
                        1.7582740428949,
                        2.2527642968290853,
                        -1.3367158956968856,
                        1.5228110867920024
                    ],
                    [
                        2.7878879684972604e-05,
                        -1.4904666255321024,
                        2.2527642968290853,
                        4.15801502887392,
                        -3.152969601591729,
                        4.523030153677045
                    ],
                    [
                        2.4583430365775804e-06,
                        1.5595256961637218,
                        -1.3367158956968856,
                        -3.152969601591729,
                        4.13588978774839,
                        -5.7162964023072735
                    ],
                    [
                        6.976949896739079e-06,
                        -2.3641715839532598,
                        1.5228110867920024,
                        4.523030153677044,
                        -5.7162964023072735,
                        9.720822471842538
                    ]
                ]
            },
            "est_tgt": [
                0,
                4
            ]
        },
        "1": {
            "intv_type": "do",
            "inode": 1,
            "new_mui": 1.0,
            "new_sigmai": 0.0,
            "true_params": {
                "Si": [
                    [
                        1.0,
                        0.0,
                        -0.5870175986370733,
                        -1.2104267917510705,
                        -0.15612410927432496,
                        0.7919623993121956
                    ],
                    [
                        0.0,
                        0.0,
                        0.0,
                        0.0,
                        0.0,
                        0.0
                    ],
                    [
                        -0.5870175986370733,
                        0.0,
                        1.344589661109636,
                        1.5747079016089,
                        0.20801128709954997,
                        -0.9888939899758771
                    ],
                    [
                        -1.2104267917510705,
                        0.0,
                        1.5747079016089,
                        3.2119160198943817,
                        -0.5284573888528934,
                        -0.05938268288592585
                    ],
                    [
                        -0.15612410927432496,
                        0.0,
                        0.20801128709954997,
                        -0.5284573888528934,
                        1.707025739017197,
                        -2.1755513336169394
                    ],
                    [
                        0.7919623993121956,
                        0.0,
                        -0.9888939899758771,
                        -0.05938268288592585,
                        -2.1755513336169394,
                        4.512985485135527
                    ]
                ],
                "mui": [
                    0.0,
                    1.0,
                    -0.8891133261843631,
                    -1.524457640227776,
                    1.4606621631565204,
                    -2.231424136664962
                ],
                "Ai": [
                    [
                        0.0,
                        0.0,
                        0.0,
                        0.0,
                        0.0,
                        0.0
                    ],
                    [
                        0.0,
                        0.0,
                        0.0,
                        0.0,
                        0.0,
                        0.0
                    ],
                    [
                        -0.5870175986370733,
                        -0.8891133261843631,
                        0.0,
                        0.0,
                        0.0,
                        0.0
                    ],
                    [
                        -0.7031460987613148,
                        -0.7561160686966608,
                        0.8641660729892098,
                        0.0,
                        0.0,
                        0.0
                    ],
                    [
                        -0.6629842807765793,
                        0.9456259663505202,
                        0.8232444008122937,
                        -0.8179917443219693,
                        0.0,
                        0.0
                    ],
                    [
                        0.8483373975713823,
                        -0.8381635402290986,
                        -0.9638517683089678,
                        0.6281564929657633,
                        -0.8849658160186571,
                        0.0
                    ]
                ]
            },
            "est_params": {
                "mui": [
                    -0.05940441202442514,
                    0.9999997548381921,
                    -0.9004953829711257,
                    -1.5086261660700777,
                    1.5041351410193875,
                    -2.3364534366681045
                ],
                "Si": [
                    [
                        1.0622784801505014,
                        -2.7771588443004426e-07,
                        -0.5879925826385565,
                        -1.2769400762856253,
                        -0.12691626773807532,
                        0.7949332543439004
                    ],
                    [
                        -2.7771588443004426e-07,
                        1.0009384409895855e-06,
                        -4.664122109405448e-07,
                        -7.790401689516703e-07,
                        4.819403273590961e-07,
                        -7.093412934153651e-07
                    ],
                    [
                        -0.5879925826385565,
                        -4.664122109405448e-07,
                        1.2445787201709124,
                        1.53323242190261,
                        0.14039248600315132,
                        -0.8526478992785079
                    ],
                    [
                        -1.2769400762856253,
                        -7.790401689516703e-07,
                        1.53323242190261,
                        3.245779200073679,
                        -0.5933628420012824,
                        0.08260519864461782
                    ],
                    [
                        -0.12691626773807532,
                        4.81940327359096e-07,
                        0.14039248600315132,
                        -0.5933628420012824,
                        1.6898357669988837,
                        -2.18195234830573
                    ],
                    [
                        0.7949332543439004,
                        -7.093412934153651e-07,
                        -0.8526478992785079,
                        0.08260519864461784,
                        -2.18195234830573,
                        4.649306664250325
                    ]
                ]
            },
            "est_tgt": [
                1,
                3,
                4
            ]
        },
        "2": {
            "intv_type": "do",
            "inode": 2,
            "new_mui": 1.0,
            "new_sigmai": 0.0,
            "true_params": {
                "Si": [
                    [
                        1.0,
                        0.9356931409269598,
                        0.0,
                        -1.4106387179854383,
                        1.3757222753530456,
                        -2.039495533950348
                    ],
                    [
                        0.9356931409269598,
                        1.8755216539777595,
                        0.0,
                        -2.076041041441635,
                        2.851376565161847,
                        -4.605659833784861
                    ],
                    [
                        0.0,
                        0.0,
                        0.0,
                        0.0,
                        0.0,
                        0.0
                    ],
                    [
                        -1.4106387179854383,
                        -2.076041041441635,
                        0.0,
                        3.5616131020208943,
                        -3.9412971340394662,
                        6.268527959890017
                    ],
                    [
                        1.3757222753530456,
                        2.851376565161847,
                        0.0,
                        -3.9412971340394662,
                        6.008201994151261,
                        -9.015647987541596
                    ],
                    [
                        -2.039495533950348,
                        -4.605659833784861,
                        0.0,
                        6.268527959890017,
                        -9.015647987541596,
                        15.046272635320245
                    ]
                ],
                "mui": [
                    0.0,
                    0.0,
                    1.0,
                    0.8641660729892098,
                    0.11636368738398371,
                    -0.5239981241207771
                ],
                "Ai": [
                    [
                        0.0,
                        0.0,
                        0.0,
                        0.0,
                        0.0,
                        0.0
                    ],
                    [
                        0.9356931409269598,
                        0.0,
                        0.0,
                        0.0,
                        0.0,
                        0.0
                    ],
                    [
                        0.0,
                        0.0,
                        0.0,
                        0.0,
                        0.0,
                        0.0
                    ],
                    [
                        -0.7031460987613148,
                        -0.7561160686966608,
                        0.8641660729892098,
                        0.0,
                        0.0,
                        0.0
                    ],
                    [
                        -0.6629842807765793,
                        0.9456259663505202,
                        0.8232444008122937,
                        -0.8179917443219693,
                        0.0,
                        0.0
                    ],
                    [
                        0.8483373975713823,
                        -0.8381635402290986,
                        -0.9638517683089678,
                        0.6281564929657633,
                        -0.8849658160186571,
                        0.0
                    ]
                ]
            },
            "est_params": {
                "mui": [
                    -0.16794449253712715,
                    -0.20373446992271615,
                    1.069536831073094,
                    1.1324687340599835,
                    -0.05429352676169514,
                    -0.32908865797567255
                ],
                "Si": [
                    [
                        1.0468382823813587,
                        0.8933009908152668,
                        -0.291128811672314,
                        -1.6512352341950307,
                        1.2610981168551922,
                        -1.7903386328237274
                    ],
                    [
                        0.8933009908152668,
                        1.7025049204307627,
                        -0.3900700194246754,
                        -2.298696308190814,
                        2.5960920091841486,
                        -3.980267970405473
                    ],
                    [
                        -0.291128811672314,
                        -0.39007001942467545,
                        0.6557352139397539,
                        1.066505973058385,
                        -0.5738476696475853,
                        0.5948109639160273
                    ],
                    [
                        -1.6512352341950307,
                        -2.298696308190814,
                        1.066505973058385,
                        4.768382227450452,
                        -4.177449918137064,
                        6.192350225729405
                    ],
                    [
                        1.2610981168551922,
                        2.5960920091841486,
                        -0.5738476696475853,
                        -4.177449918137065,
                        5.761074497021551,
                        -8.16913675343916
                    ],
                    [
                        -1.790338632823727,
                        -3.980267970405473,
                        0.5948109639160274,
                        6.192350225729404,
                        -8.16913675343916,
                        13.16662342257413
                    ]
                ]
            },
            "est_tgt": [
                1,
                2,
                3
            ]
        },
        "3": {
            "intv_type": "do",
            "inode": 3,
            "new_mui": 1.0,
            "new_sigmai": 0.0,
            "true_params": {
                "Si": [
                    [
                        1.0,
                        0.9356931409269598,
                        -1.4189548394545364,
                        0.0,
                        -0.9463151767664236,
                        2.269192235780717
                    ],
                    [
                        0.9356931409269598,
                        1.8755216539777595,
                        -2.216819636747088,
                        0.0,
                        -0.6717922211737772,
                        1.952988292931799
                    ],
                    [
                        -1.4189548394545364,
                        -2.216819636747088,
                        3.8039553432100712,
                        0.0,
                        1.9760474797041354,
                        -4.760878615478211
                    ],
                    [
                        0.0,
                        0.0,
                        0.0,
                        0.0,
                        0.0,
                        0.0
                    ],
                    [
                        -0.9463151767664236,
                        -0.6717922211737772,
                        1.9760474797041354,
                        0.0,
                        2.6188979419279077,
                        -4.46197481976607
                    ],
                    [
                        2.269192235780717,
                        1.952988292931799,
                        -4.760878615478211,
                        0.0,
                        -4.46197481976607,
                        9.825593513923703
                    ]
                ],
                "mui": [
                    0.0,
                    0.0,
                    0.0,
                    1.0,
                    -0.8179917443219693,
                    1.3520512244761795
                ],
                "Ai": [
                    [
                        0.0,
                        0.0,
                        0.0,
                        0.0,
                        0.0,
                        0.0
                    ],
                    [
                        0.9356931409269598,
                        0.0,
                        0.0,
                        0.0,
                        0.0,
                        0.0
                    ],
                    [
                        -0.5870175986370733,
                        -0.8891133261843631,
                        0.0,
                        0.0,
                        0.0,
                        0.0
                    ],
                    [
                        0.0,
                        0.0,
                        0.0,
                        0.0,
                        0.0,
                        0.0
                    ],
                    [
                        -0.6629842807765793,
                        0.9456259663505202,
                        0.8232444008122937,
                        -0.8179917443219693,
                        0.0,
                        0.0
                    ],
                    [
                        0.8483373975713823,
                        -0.8381635402290986,
                        -0.9638517683089678,
                        0.6281564929657633,
                        -0.8849658160186571,
                        0.0
                    ]
                ]
            },
            "est_params": {
                "mui": [
                    -0.024748585635091098,
                    0.005495734021613188,
                    -0.002129245666470308,
                    0.999999929005078,
                    -0.6894028030109343,
                    1.2364989764775127
                ],
                "Si": [
                    [
                        1.181919256394686,
                        1.0825527274812665,
                        -1.63458580204987,
                        -1.170030527381441e-06,
                        -1.0453881889398464,
                        2.6003571614217313
                    ],
                    [
                        1.0825527274812667,
                        1.9081052866872144,
                        -2.360121776275907,
                        1.4339811193168496e-06,
                        -0.7579526494618227,
                        2.3581821310274145
                    ],
                    [
                        -1.63458580204987,
                        -2.360121776275907,
                        4.170036311065255,
                        -2.384721658778139e-06,
                        2.1573389529870486,
                        -5.513978686079229
                    ],
                    [
                        -1.170030527381441e-06,
                        1.4339811193168496e-06,
                        -2.384721658778139e-06,
                        1.0032473127138451e-06,
                        -1.9890562949473223e-06,
                        1.4409763949476933e-06
                    ],
                    [
                        -1.0453881889398466,
                        -0.7579526494618226,
                        2.1573389529870486,
                        -1.9890562949473223e-06,
                        2.530460639596498,
                        -4.663996193702794
                    ],
                    [
                        2.600357161421732,
                        2.358182131027415,
                        -5.51397868607923,
                        1.4409763949476933e-06,
                        -4.663996193702794,
                        10.867115668412566
                    ]
                ]
            },
            "est_tgt": [
                1,
                2,
                3,
                4
            ]
        },
        "4": {
            "intv_type": "do",
            "inode": 4,
            "new_mui": 1.0,
            "new_sigmai": 0.0,
            "true_params": {
                "Si": [
                    [
                        1.0,
                        0.9356931409269598,
                        -1.4189548394545364,
                        -2.6368513493459,
                        0.0,
                        -0.2246196429143819
                    ],
                    [
                        0.9356931409269598,
                        1.8755216539777595,
                        -2.216819636747088,
                        -3.991741361454733,
                        0.0,
                        -1.1489631127120252
                    ],
                    [
                        -1.4189548394545364,
                        -2.216819636747088,
                        3.8039553432100712,
                        5.961154659195882,
                        0.0,
                        0.7323938596367755
                    ],
                    [
                        -2.6368513493459,
                        -3.991741361454733,
                        5.961154659195882,
                        11.023739137101725,
                        0.0,
                        2.2877563160111882
                    ],
                    [
                        0.0,
                        0.0,
                        0.0,
                        0.0,
                        0.0,
                        0.0
                    ],
                    [
                        -0.2246196429143819,
                        -1.1489631127120252,
                        0.7323938596367755,
                        2.2877563160111882,
                        0.0,
                        2.503615614346282
                    ]
                ],
                "mui": [
                    0.0,
                    0.0,
                    0.0,
                    0.0,
                    1.0,
                    -0.8849658160186571
                ],
                "Ai": [
                    [
                        0.0,
                        0.0,
                        0.0,
                        0.0,
                        0.0,
                        0.0
                    ],
                    [
                        0.9356931409269598,
                        0.0,
                        0.0,
                        0.0,
                        0.0,
                        0.0
                    ],
                    [
                        -0.5870175986370733,
                        -0.8891133261843631,
                        0.0,
                        0.0,
                        0.0,
                        0.0
                    ],
                    [
                        -0.7031460987613148,
                        -0.7561160686966608,
                        0.8641660729892098,
                        0.0,
                        0.0,
                        0.0
                    ],
                    [
                        0.0,
                        0.0,
                        0.0,
                        0.0,
                        0.0,
                        0.0
                    ],
                    [
                        0.8483373975713823,
                        -0.8381635402290986,
                        -0.9638517683089678,
                        0.6281564929657633,
                        -0.8849658160186571,
                        0.0
                    ]
                ]
            },
            "est_params": {
                "mui": [
                    -0.023417344005404593,
                    0.04188554856422277,
                    0.0027483618487988324,
                    -0.12691011927575904,
                    0.9999995665442339,
                    -1.116967706420199
                ],
                "Si": [
                    [
                        0.9501791136741197,
                        0.8187834522922384,
                        -1.3160256802758115,
                        -2.367518204304339,
                        1.2270934764080915e-07,
                        -0.1243083306387762
                    ],
                    [
                        0.8187834522922384,
                        1.631466358215353,
                        -2.0313990189498887,
                        -3.493699898415952,
                        -2.776857503778968e-07,
                        -0.9213623199324781
                    ],
                    [
                        -1.3160256802758115,
                        -2.0313990189498883,
                        3.6547792196729394,
                        5.550129347393455,
                        -3.836853502454387e-07,
                        0.5536280174936729
                    ],
                    [
                        -2.367518204304339,
                        -3.4936998984159517,
                        5.550129347393455,
                        9.992874429781162,
                        2.473037533768612e-07,
                        1.84016456558665
                    ],
                    [
                        1.2270934764080918e-07,
                        -2.7768575037789685e-07,
                        -3.836853502454387e-07,
                        2.473037533768611e-07,
                        1.0001899421077465e-06,
                        1.1053470385825033e-06
                    ],
                    [
                        -0.12430833063877622,
                        -0.9213623199324781,
                        0.553628017493673,
                        1.84016456558665,
                        1.1053470385825035e-06,
                        2.1898264067099213
                    ]
                ]
            },
            "est_tgt": [
                4,
                5
            ]
        },
        "5": {
            "intv_type": "do",
            "inode": 5,
            "new_mui": 1.0,
            "new_sigmai": 0.0,
            "true_params": {
                "Si": [
                    [
                        1.0,
                        0.9356931409269598,
                        -1.4189548394545364,
                        -2.6368513493459,
                        1.2106074580027675,
                        0.0
                    ],
                    [
                        0.9356931409269598,
                        1.8755216539777595,
                        -2.216819636747088,
                        -3.991741361454733,
                        2.593419257964732,
                        0.0
                    ],
                    [
                        -1.4189548394545364,
                        -2.216819636747088,
                        3.8039553432100712,
                        5.961154659195882,
                        -2.9001278181445382,
                        0.0
                    ],
                    [
                        -2.6368513493459,
                        -3.991741361454733,
                        5.961154659195882,
                        11.023739137101725,
                        -6.136343697135204,
                        0.0
                    ],
                    [
                        1.2106074580027675,
                        2.593419257964732,
                        -2.9001278181445382,
                        -6.136343697135204,
                        5.281755373769503,
                        0.0
                    ],
                    [
                        0.0,
                        0.0,
                        0.0,
                        0.0,
                        0.0,
                        0.0
                    ]
                ],
                "mui": [
                    0.0,
                    0.0,
                    0.0,
                    0.0,
                    0.0,
                    1.0
                ],
                "Ai": [
                    [
                        0.0,
                        0.0,
                        0.0,
                        0.0,
                        0.0,
                        0.0
                    ],
                    [
                        0.9356931409269598,
                        0.0,
                        0.0,
                        0.0,
                        0.0,
                        0.0
                    ],
                    [
                        -0.5870175986370733,
                        -0.8891133261843631,
                        0.0,
                        0.0,
                        0.0,
                        0.0
                    ],
                    [
                        -0.7031460987613148,
                        -0.7561160686966608,
                        0.8641660729892098,
                        0.0,
                        0.0,
                        0.0
                    ],
                    [
                        -0.6629842807765793,
                        0.9456259663505202,
                        0.8232444008122937,
                        -0.8179917443219693,
                        0.0,
                        0.0
                    ],
                    [
                        0.0,
                        0.0,
                        0.0,
                        0.0,
                        0.0,
                        0.0
                    ]
                ]
            },
            "est_params": {
                "mui": [
                    0.14314444137807292,
                    0.18930883675492188,
                    -0.24066501092260772,
                    -0.492145625311312,
                    0.3682943710451712,
                    1.0000093861314783
                ],
                "Si": [
                    [
                        0.9450413426434772,
                        0.7847717825171434,
                        -1.3118827307505818,
                        -2.435869589607473,
                        1.1046161566910626,
                        -1.0212565008335702e-06
                    ],
                    [
                        0.7847717825171434,
                        1.6946363911313522,
                        -1.9933503502081718,
                        -3.6612662847721182,
                        2.525168726232911,
                        -2.6494510874579995e-06
                    ],
                    [
                        -1.3118827307505818,
                        -1.9933503502081718,
                        3.5654236290513954,
                        5.628715282961107,
                        -2.8267923674770983,
                        -4.760292655154269e-06
                    ],
                    [
                        -2.435869589607474,
                        -3.6612662847721182,
                        5.628715282961107,
                        10.438194726635658,
                        -5.981752687029315,
                        5.934909718802026e-06
                    ],
                    [
                        1.1046161566910626,
                        2.525168726232911,
                        -2.8267923674770983,
                        -5.981752687029315,
                        5.369766329868806,
                        -1.453089650143176e-05
                    ],
                    [
                        -1.0212565008335702e-06,
                        -2.6494510874579995e-06,
                        -4.7602926551542685e-06,
                        5.934909718802026e-06,
                        -1.4530896501431764e-05,
                        1.02605628366707e-06
                    ]
                ]
            },
            "est_tgt": [
                4,
                5
            ]
        },
        "obs": {
            "intv_type": "obs",
            "true_params": {
                "Si": [
                    [
                        1.0,
                        0.9356931409269598,
                        -1.4189548394545364,
                        -2.6368513493459,
                        1.2106074580027675,
                        -1.295965859864073
                    ],
                    [
                        0.9356931409269598,
                        1.8755216539777595,
                        -2.216819636747088,
                        -3.991741361454733,
                        2.593419257964732,
                        -3.444050502615285
                    ],
                    [
                        -1.4189548394545364,
                        -2.216819636747088,
                        3.8039553432100712,
                        5.961154659195882,
                        -2.9001278181445382,
                        3.2989078407794645
                    ],
                    [
                        -2.6368513493459,
                        -3.991741361454733,
                        5.961154659195882,
                        11.023739137101725,
                        -6.136343697135204,
                        7.7182107233173864
                    ],
                    [
                        1.2106074580027675,
                        2.593419257964732,
                        -2.9001278181445382,
                        -6.136343697135204,
                        5.281755373769503,
                        -6.880169651094697
                    ],
                    [
                        -1.295965859864073,
                        -3.444050502615285,
                        3.2989078407794645,
                        7.7182107233173864,
                        -6.880169651094697,
                        10.544562230835394
                    ]
                ],
                "mui": [
                    0.0,
                    0.0,
                    0.0,
                    0.0,
                    0.0,
                    0.0
                ],
                "Ai": [
                    [
                        0.0,
                        0.0,
                        0.0,
                        0.0,
                        0.0,
                        0.0
                    ],
                    [
                        0.9356931409269598,
                        0.0,
                        0.0,
                        0.0,
                        0.0,
                        0.0
                    ],
                    [
                        -0.5870175986370733,
                        -0.8891133261843631,
                        0.0,
                        0.0,
                        0.0,
                        0.0
                    ],
                    [
                        -0.7031460987613148,
                        -0.7561160686966608,
                        0.8641660729892098,
                        0.0,
                        0.0,
                        0.0
                    ],
                    [
                        -0.6629842807765793,
                        0.9456259663505202,
