{
    "expt_args": {
        "save_dir": "all_expt_logs/expt_logs_11.05.24-main_plus_oracle_donoisepert",
        "exp_name": "143",
        "num_nodes": 8,
        "obs_noise_mean": 0.0,
        "obs_noise_var": 1.0,
        "max_edge_strength": 1.0,
        "graph_sparsity_method": "adj_dense_prop",
        "adj_dense_prop": 0.8,
        "num_parents": null,
        "new_noise_mean": 1.0,
        "mix_samples": 131072,
        "stage2_samples": 131072,
        "gmm_tol": 0.001,
        "intv_type": "do",
        "new_noise_sigma": 0.0,
        "intv_targets": [
            0,
            1,
            2,
            3,
            4,
            5,
            6,
            7
        ]
    },
    "intv_args_dict": {
        "0": {
            "intv_type": "do",
            "inode": 0,
            "new_mui": 1.0,
            "new_sigmai": 0.0,
            "true_params": {
                "Si": [
                    [
                        1e-09,
                        0.0,
                        8.220121000958013e-10,
                        -5.56350404995749e-10,
                        1.037261411009522e-09,
                        1.170233487771044e-09,
                        -9.410940346507712e-10,
                        -2.401795164655291e-09
                    ],
                    [
                        0.0,
                        1.0,
                        0.5595094937538541,
                        -0.3786846123221845,
                        -0.04889121050363483,
                        -0.5310470194637411,
                        0.051142177368908436,
                        0.07630076865329273
                    ],
                    [
                        8.220121000958013e-10,
                        0.5595094937538541,
                        1.313050874276398,
                        -0.8886929834713606,
                        1.2345015253679283,
                        0.2220433432786385,
                        -1.116251868047799,
                        -1.0101098045831531
                    ],
                    [
                        -5.56350404995749e-10,
                        -0.3786846123221845,
                        -0.8886929834713606,
                        1.6014810502346002,
                        -1.5522655430978112,
                        0.3606352161295999,
                        2.2584945959341414,
                        -0.8240555820778374
                    ],
                    [
                        1.037261411009522e-09,
                        -0.04889121050363483,
                        1.2345015253679283,
                        -1.5522655430978112,
                        3.1083829261724363,
                        0.3148876251601769,
                        -3.440683970720862,
                        -0.3336483069483456
                    ],
                    [
                        1.170233487771044e-09,
                        -0.5310470194637411,
                        0.2220433432786385,
                        0.3606352161295999,
                        0.3148876251601769,
                        1.8125843391920986,
                        0.14636990548409828,
                        -2.09190378347657
                    ],
                    [
                        -9.410940346507712e-10,
                        0.051142177368908436,
                        -1.116251868047799,
                        2.2584945959341414,
                        -3.440683970720862,
                        0.14636990548409828,
                        5.411895231532607,
                        -1.6804231328603332
                    ],
                    [
                        -2.401795164655291e-09,
                        0.07630076865329273,
                        -1.0101098045831531,
                        -0.8240555820778374,
                        -0.3336483069483456,
                        -2.09190378347657,
                        -1.6804231328603332,
                        5.421861628388507
                    ]
                ],
                "mui": [
                    1.0,
                    0.0,
                    0.8220121000958012,
                    -0.556350404995749,
                    1.037261411009522,
                    1.1702334877710439,
                    -0.941094034650771,
                    -2.401795164655291
                ],
                "Ai": [
                    [
                        0.0,
                        0.0,
                        0.0,
                        0.0,
                        0.0,
                        0.0,
                        0.0,
                        0.0
                    ],
                    [
                        0.0,
                        0.0,
                        0.0,
                        0.0,
                        0.0,
                        0.0,
                        0.0,
                        0.0
                    ],
                    [
                        0.8220121000958012,
                        0.5595094937538541,
                        0.0,
                        0.0,
                        0.0,
                        0.0,
                        0.0,
                        0.0
                    ],
                    [
                        0.0,
                        -0.0,
                        -0.6768153472812739,
                        0.0,
                        0.0,
                        0.0,
                        0.0,
                        0.0
                    ],
                    [
                        0.0,
                        -0.7549119696831024,
                        0.7767587202401749,
                        -0.7167359644866544,
                        0.0,
                        0.0,
                        0.0,
                        0.0
                    ],
                    [
                        0.7434701304956173,
                        -0.8215271108809363,
                        0.8649660362073464,
                        0.5109175586222268,
                        -0.0,
                        0.0,
                        0.0,
                        0.0
                    ],
                    [
                        -0.0,
                        -0.0,
                        0.5841092432148798,
                        0.8462720625119925,
                        -0.9162734538741497,
                        0.0,
                        0.0,
                        0.0
                    ],
                    [
                        -0.9903121379129318,
                        0.0,
                        -0.9660491049162752,
                        -0.5999422955202738,
                        -0.7223095120769294,
                        -0.7344854916924792,
                        -0.6987465288586285,
                        0.0
                    ]
                ]
            },
            "est_params": {
                "mui": [
                    1.0000002563875063,
                    -0.004104013633558999,
                    0.8252397254004535,
                    -0.560213541186933,
                    1.0380958441952675,
                    1.1691355865213935,
                    -0.9548974894930201,
                    -2.396339240101785
                ],
                "Si": [
                    [
                        1.0110996876048783e-06,
                        3.077313314451508e-08,
                        -3.807458146251482e-07,
                        -5.813672058710733e-07,
                        1.0542712917696416e-06,
                        -2.3354712592801167e-06,
                        -1.0165583546140835e-06,
                        1.435850104916185e-06
                    ],
                    [
                        3.0773133144515196e-08,
                        1.005414751434535,
                        0.5809182496604716,
                        -0.3864773633895523,
                        -0.04377054091360592,
                        -0.5284854556052423,
                        0.05462522602464832,
                        0.04345191484885575
                    ],
                    [
                        -3.807458146251482e-07,
                        0.5809182496604717,
                        1.3285984260211516,
                        -0.8899597944344354,
                        1.2200674149044093,
                        0.21022998638921275,
                        -1.0983270357831914,
                        -1.0252249351377478
                    ],
                    [
                        -5.813672058710732e-07,
                        -0.3864773633895523,
                        -0.8899597944344355,
                        1.589514416757243,
                        -1.5229531546733341,
                        0.3763236151235946,
                        2.2151266919895725,
                        -0.819337017197338
                    ],
                    [
                        1.054271291769642e-06,
                        -0.04377054091360592,
                        1.2200674149044093,
                        -1.5229531546733341,
                        3.064328809210875,
                        0.3147103907817889,
                        -3.3909446272095036,
                        -0.34371176910683604
                    ],
                    [
                        -2.3354712592801167e-06,
                        -0.5284854556052423,
                        0.21022998638921278,
                        0.3763236151235946,
                        0.3147103907817889,
                        1.8342701290703836,
                        0.14299416328528453,
                        -2.095389499644599
                    ],
                    [
                        -1.0165583546140835e-06,
                        0.05462522602464833,
                        -1.0983270357831914,
                        2.2151266919895725,
                        -3.3909446272095036,
                        0.1429941632852845,
                        5.340082439533973,
                        -1.6443124511057092
                    ],
                    [
                        1.435850104916185e-06,
                        0.04345191484885575,
                        -1.0252249351377478,
                        -0.819337017197338,
                        -0.343711769106836,
                        -2.0953894996445985,
                        -1.6443124511057092,
                        5.411706177772217
                    ]
                ]
            },
            "est_tgt": [
                0
            ],
            "oracle_est_tgt": [
                0,
                2
            ]
        },
        "1": {
            "intv_type": "do",
            "inode": 1,
            "new_mui": 1.0,
            "new_sigmai": 0.0,
            "true_params": {
                "Si": [
                    [
                        1.0,
                        0.0,
                        0.8220121000958012,
                        -0.556350404995749,
                        1.037261411009522,
                        1.1702334877710439,
                        -0.941094034650771,
                        -2.401795164655291
                    ],
                    [
                        0.0,
                        1e-09,
                        5.59509493753854e-10,
                        -3.786846123221845e-10,
                        -4.8891210503634835e-11,
                        -5.310470194637412e-10,
                        5.114217736890844e-11,
                        7.630076865329273e-11
                    ],
                    [
                        0.8220121000958012,
                        5.59509493753854e-10,
                        1.6757038930169603,
                        -1.1341421122928566,
                        2.1144980517381047,
                        1.4811152779243273,
                        -1.9184570848256528,
                        -3.0271054943066273
                    ],
                    [
                        -0.556350404995749,
                        -3.786846123221845e-10,
                        -1.1341421122928566,
                        1.7676047875978074,
                        -2.1478606976993566,
                        -0.49152399256972723,
                        2.801439398318494,
                        0.5410780561271886
                    ],
                    [
                        1.037261411009522,
                        -4.8891210503634835e-11,
                        2.1144980517381047,
                        -2.1478606976993566,
                        4.1819038094038685,
                        1.5027621310923596,
                        -4.414344093062347,
                        -2.8212073089651635
                    ],
                    [
                        1.1702334877710439,
                        -5.310470194637412e-10,
                        1.4811152779243273,
                        -0.49152399256972723,
                        1.5027621310923596,
                        2.9000198171241216,
                        -0.9277709470710116,
                        -4.862045617376494
                    ],
                    [
                        -0.941094034650771,
                        5.114217736890844e-11,
                        -1.9184570848256528,
                        2.801439398318494,
                        -4.414344093062347,
                        -0.9277709470710116,
                        6.294937690398798,
                        0.5759897793495634
                    ],
                    [
                        -2.401795164655291,
                        7.630076865329273e-11,
                        -3.0271054943066273,
                        0.5410780561271886,
                        -2.8212073089651635,
                        -4.862045617376494,
                        0.5759897793495634,
                        11.184659828290165
                    ]
                ],
                "mui": [
                    0.0,
                    1.0,
                    0.5595094937538541,
                    -0.3786846123221845,
                    -0.04889121050363483,
                    -0.5310470194637411,
                    0.051142177368908436,
                    0.07630076865329273
                ],
                "Ai": [
                    [
                        0.0,
                        0.0,
                        0.0,
                        0.0,
                        0.0,
                        0.0,
                        0.0,
                        0.0
                    ],
                    [
                        0.0,
                        0.0,
                        0.0,
                        0.0,
                        0.0,
                        0.0,
                        0.0,
                        0.0
                    ],
                    [
                        0.8220121000958012,
                        0.5595094937538541,
                        0.0,
                        0.0,
                        0.0,
                        0.0,
                        0.0,
                        0.0
                    ],
                    [
                        0.0,
                        -0.0,
                        -0.6768153472812739,
                        0.0,
                        0.0,
                        0.0,
                        0.0,
                        0.0
                    ],
                    [
                        0.0,
                        -0.7549119696831024,
                        0.7767587202401749,
                        -0.7167359644866544,
                        0.0,
                        0.0,
                        0.0,
                        0.0
                    ],
                    [
                        0.7434701304956173,
                        -0.8215271108809363,
                        0.8649660362073464,
                        0.5109175586222268,
                        -0.0,
                        0.0,
                        0.0,
                        0.0
                    ],
                    [
                        -0.0,
                        -0.0,
                        0.5841092432148798,
                        0.8462720625119925,
                        -0.9162734538741497,
                        0.0,
                        0.0,
                        0.0
                    ],
                    [
                        -0.9903121379129318,
                        0.0,
                        -0.9660491049162752,
                        -0.5999422955202738,
                        -0.7223095120769294,
                        -0.7344854916924792,
                        -0.6987465288586285,
                        0.0
                    ]
                ]
            },
            "est_params": {
                "mui": [
                    0.009915400297610235,
                    0.9999992433716781,
                    0.567892697571671,
                    -0.38531833977187213,
                    -0.012312007807889795,
                    -0.5317431931083798,
                    0.0084711070410363,
                    0.05956863466170686
                ],
                "Si": [
                    [
                        0.9918707038631231,
                        -2.19699161512187e-08,
                        0.8136976133760153,
                        -0.5478407158362998,
                        1.0131524827047957,
                        1.169730780065518,
                        -0.9088341941273551,
                        -2.402694075549127
                    ],
                    [
                        -2.196991615121875e-08,
                        1.0124026926374813e-06,
                        -1.0437839110852867e-06,
                        1.332476994439031e-06,
                        -9.077539711548813e-07,
                        -1.0605516736138606e-06,
                        1.7875000794014352e-06,
                        -5.514422295676063e-07
                    ],
                    [
                        0.8136976133760153,
                        -1.0437839110852863e-06,
                        1.6669787495348098,
                        -1.1326410387173205,
                        2.0994257109049497,
                        1.4673435233925016,
                        -1.9115824194338142,
                        -3.0002315717283055
                    ],
                    [
                        -0.5478407158362999,
                        1.332476994439031e-06,
                        -1.1326410387173205,
                        1.7594245213699253,
                        -2.124134817215964,
                        -0.49037580485230775,
                        2.768531244722588,
                        0.5314528579605097
                    ],
                    [
                        1.0131524827047957,
                        -9.077539711548813e-07,
                        2.0994257109049497,
                        -2.124134817215964,
                        4.12075580374362,
                        1.4791485431083868,
                        -4.351544437472162,
                        -2.78409869704788
                    ],
                    [
                        1.1697307800655177,
                        -1.0605516736138606e-06,
                        1.4673435233925014,
                        -0.4903758048523078,
                        1.479148543108387,
                        2.8965964265219815,
                        -0.887631898989442,
                        -4.8657993448662795
                    ],
                    [
                        -0.9088341941273551,
                        1.7875000794014352e-06,
                        -1.9115824194338142,
                        2.768531244722588,
                        -4.351544437472162,
                        -0.887631898989442,
                        6.199010449571479,
                        0.5554149324160319
                    ],
                    [
                        -2.402694075549127,
                        -5.514422295676066e-07,
                        -3.0002315717283055,
                        0.5314528579605097,
                        -2.78409869704788,
                        -4.8657993448662795,
                        0.555414932416032,
                        11.18137408342228
                    ]
                ]
            },
            "est_tgt": [
                1,
                2,
                3,
                4,
                5
            ],
            "oracle_est_tgt": [
                1,
                2,
                4,
                5,
                7
            ]
        },
        "2": {
            "intv_type": "do",
            "inode": 2,
            "new_mui": 1.0,
            "new_sigmai": 0.0,
            "true_params": {
                "Si": [
                    [
                        1.0,
                        0.0,
                        0.0,
                        0.0,
                        0.0,
                        0.7434701304956173,
                        0.0,
                        -1.536380162268677
                    ],
                    [
                        0.0,
                        1.0,
                        0.0,
                        0.0,
                        -0.7549119696831024,
                        -0.8215271108809363,
                        0.6917057978324737,
                        0.6653528152300926
                    ],
                    [
                        0.0,
                        0.0,
                        1e-09,
                        -6.76815347281274e-10,
                        1.2618566209531888e-09,
                        5.191691913363434e-10,
                        -1.1448664010433563e-09,
                        -1.0528008070510823e-09
                    ],
                    [
                        0.0,
                        0.0,
                        -6.76815347281274e-10,
                        1.000000000458079,
                        -0.7167359653406984,
                        0.5109175582708451,
                        1.5029982009828624,
                        -1.507713399546452
                    ],
                    [
                        0.0,
                        -0.7549119696831024,
                        1.2618566209531888e-09,
                        -0.7167359653406984,
                        2.083602526351718,
                        0.25398766092604463,
                        -2.5157033062495278,
                        0.4962829957989996
                    ],
                    [
                        0.7434701304956173,
                        -0.8215271108809363,
                        5.191691913363434e-10,
                        0.5109175582708451,
                        0.25398766092604463,
                        2.4886913808295814,
                        0.19965310479658743,
                        -3.1936608775466535
                    ],
                    [
                        0.0,
                        0.6917057978324737,
                        -1.1448664010433563e-09,
                        1.5029982009828624,
                        -2.5157033062495278,
                        0.19965310479658743,
                        4.5770175441687275,
                        -2.429413192444483
                    ],
                    [
                        -1.536380162268677,
                        0.6653528152300926,
                        -1.0528008070510823e-09,
                        -1.507713399546452,
                        0.4962829957989996,
                        -3.1936608775466535,
                        -2.429413192444483,
                        7.110808648851119
                    ]
                ],
                "mui": [
                    0.0,
                    0.0,
                    1.0,
                    -0.6768153472812739,
                    1.2618566209531887,
                    0.5191691913363433,
                    -1.1448664010433562,
                    -1.0528008070510821
                ],
                "Ai": [
                    [
                        0.0,
                        0.0,
                        0.0,
                        0.0,
                        0.0,
                        0.0,
                        0.0,
                        0.0
                    ],
                    [
                        0.0,
                        0.0,
                        0.0,
                        0.0,
                        0.0,
                        0.0,
                        0.0,
                        0.0
                    ],
                    [
                        0.0,
                        0.0,
                        0.0,
                        0.0,
                        0.0,
                        0.0,
                        0.0,
                        0.0
                    ],
                    [
                        0.0,
                        -0.0,
                        -0.6768153472812739,
                        0.0,
                        0.0,
                        0.0,
                        0.0,
                        0.0
                    ],
                    [
                        0.0,
                        -0.7549119696831024,
                        0.7767587202401749,
                        -0.7167359644866544,
                        0.0,
                        0.0,
                        0.0,
                        0.0
                    ],
                    [
                        0.7434701304956173,
                        -0.8215271108809363,
                        0.8649660362073464,
                        0.5109175586222268,
                        -0.0,
                        0.0,
                        0.0,
                        0.0
                    ],
                    [
                        -0.0,
                        -0.0,
                        0.5841092432148798,
                        0.8462720625119925,
                        -0.9162734538741497,
                        0.0,
                        0.0,
                        0.0
                    ],
                    [
                        -0.9903121379129318,
                        0.0,
                        -0.9660491049162752,
                        -0.5999422955202738,
                        -0.7223095120769294,
                        -0.7344854916924792,
                        -0.6987465288586285,
                        0.0
                    ]
                ]
            },
            "est_params": {
                "mui": [
                    0.008759659049006418,
                    -0.009185502520934702,
                    0.9999999320323054,
                    -0.6797165518543666,
                    1.288010740360186,
                    0.5453871996184819,
                    -1.176226764705941,
                    -1.0798304878677862
                ],
                "Si": [
                    [
                        0.98449976687044,
                        -0.007111335270798678,
                        -9.493242146011831e-07,
                        -0.004593799863483061,
                        0.010968339175166882,
                        0.7371986379201362,
                        -0.0234738032948773,
                        -1.4992302079721234
                    ],
                    [
                        -0.00711133527079868,
                        0.9830267792902898,
                        1.7439522552335685e-07,
                        0.002740308420382742,
                        -0.7341374422287194,
                        -0.8022751809893524,
                        0.6818946834271166,
                        0.6519363895997723
                    ],
                    [
                        -9.493242146011833e-07,
                        1.743952255233569e-07,
                        1.0121898312067943e-06,
                        -1.1087129524225441e-06,
                        6.198395364479487e-07,
                        -1.7989717710149654e-06,
                        -6.702636643116713e-07,
                        3.187906301680012e-06
                    ],
                    [
                        -0.00459379986348306,
                        0.0027403084203827476,
                        -1.1087129524225441e-06,
                        1.000756239344997,
                        -0.7193790462353895,
                        0.5036210533000363,
                        1.5026941097334763,
                        -1.4900365291368118
                    ],
                    [
                        0.010968339175166885,
                        -0.7341374422287194,
                        6.198395364479485e-07,
                        -0.7193790462353895,
                        2.06017713897965,
                        0.2450549347366932,
                        -2.505593750797469,
                        0.48871365318144705
                    ],
                    [
                        0.7371986379201362,
                        -0.8022751809893524,
                        -1.7989717710149654e-06,
                        0.5036210533000363,
                        0.24505493473669318,
                        2.4839914547957456,
                        0.18622544591476237,
                        -3.1627568411056353
                    ],
                    [
                        -0.023473803294877308,
                        0.6818946834271165,
                        -6.702636643116715e-07,
                        1.5026941097334763,
                        -2.505593750797469,
                        0.18622544591476234,
                        4.586459824950927,
                        -2.394508106368079
                    ],
                    [
                        -1.4992302079721234,
                        0.6519363895997723,
                        3.187906301680012e-06,
                        -1.4900365291368118,
                        0.48871365318144716,
                        -3.1627568411056353,
                        -2.394508106368079,
                        7.01994851008366
                    ]
                ]
            },
            "est_tgt": [
                1,
                2,
                3,
                4,
                5
            ],
            "oracle_est_tgt": [
                1,
                2,
                4,
                5,
                7
            ]
        },
        "3": {
            "intv_type": "do",
            "inode": 3,
            "new_mui": 1.0,
            "new_sigmai": 0.0,
            "true_params": {
                "Si": [
                    [
                        1.0,
                        0.0,
                        0.8220121000958012,
                        0.0,
                        0.6385050668923531,
                        1.454482678429959,
                        -0.104900377257169,
                        -3.240612125506906
                    ],
                    [
                        0.0,
                        1.0,
                        0.5595094937538541,
                        0.0,
                        -0.32030809135263055,
                        -0.3375704018482862,
                        0.6203044681356156,
                        -0.4946470958167507
                    ],
                    [
                        0.8220121000958012,
                        0.5595094937538541,
                        1.9887547663046035,
                        0.0,
                        1.1224021931601946,
                        1.8716945526121032,
                        0.133222707323355,
                        -5.013826500699103
                    ],
                    [
                        0.0,
                        0.0,
                        0.0,
                        1e-09,
                        -7.167359644866545e-10,
                        5.109175586222268e-10,
                        1.5029982002079995e-09,
                        -1.507713400259004e-09
                    ],
                    [
                        0.6385050668923531,
                        -0.32030809135263055,
                        1.1224021931601946,
                        -7.167359644866545e-10,
                        2.113640103816038,
                        1.708691001967297,
                        -1.2810668231474687,
                        -3.603185058404689
                    ],
                    [
                        1.454482678429959,
                        -0.3375704018482862,
                        1.8716945526121032,
                        5.109175586222268e-10,
                        1.708691001967297,
                        3.9776398821100862,
                        -0.47235411688821305,
                        -7.074207447308169
                    ],
                    [
                        -0.104900377257169,
                        0.6203044681356156,
                        0.133222707323355,
                        1.5029982002079995e-09,
                        -1.2810668231474687,
                        -0.47235411688821305,
                        2.2516241387145435,
                        -0.3258661146564322
                    ],
                    [
                        -3.240612125506906,
                        -0.4946470958167507,
                        -5.013826500699103,
                        -1.507713400259004e-09,
                        -3.603185058404689,
                        -7.074207447308169,
                        -0.3258661146564322,
                        17.079035519486467
                    ]
                ],
                "mui": [
                    0.0,
                    0.0,
                    0.0,
                    1.0,
                    -0.7167359644866544,
                    0.5109175586222268,
                    1.5029982002079993,
                    -1.5077134002590038
                ],
                "Ai": [
                    [
                        0.0,
                        0.0,
                        0.0,
                        0.0,
                        0.0,
                        0.0,
                        0.0,
                        0.0
                    ],
                    [
                        0.0,
                        0.0,
                        0.0,
                        0.0,
                        0.0,
                        0.0,
                        0.0,
                        0.0
                    ],
                    [
                        0.8220121000958012,
                        0.5595094937538541,
                        0.0,
                        0.0,
                        0.0,
                        0.0,
                        0.0,
                        0.0
                    ],
                    [
                        0.0,
                        0.0,
                        0.0,
                        0.0,
                        0.0,
                        0.0,
                        0.0,
                        0.0
                    ],
                    [
                        0.0,
                        -0.7549119696831024,
                        0.7767587202401749,
                        -0.7167359644866544,
                        0.0,
                        0.0,
                        0.0,
                        0.0
                    ],
                    [
                        0.7434701304956173,
                        -0.8215271108809363,
                        0.8649660362073464,
                        0.5109175586222268,
                        -0.0,
                        0.0,
                        0.0,
                        0.0
                    ],
                    [
                        -0.0,
                        -0.0,
                        0.5841092432148798,
                        0.8462720625119925,
                        -0.9162734538741497,
                        0.0,
                        0.0,
                        0.0
                    ],
                    [
                        -0.9903121379129318,
                        0.0,
                        -0.9660491049162752,
                        -0.5999422955202738,
                        -0.7223095120769294,
                        -0.7344854916924792,
                        -0.6987465288586285,
                        0.0
                    ]
                ]
            },
            "est_params": {
                "mui": [
                    0.0034480008942442924,
                    0.006216456390563614,
                    0.003477987286788112,
                    1.0000002131122339,
                    -0.7285748514515021,
                    0.5267529390027617,
                    1.5204815463948267,
                    -1.5473608889546993
                ],
                "Si": [
                    [
                        1.0169867505045331,
                        -0.0075957247966873895,
                        0.833465655481888,
                        -8.268045591377397e-07,
                        0.6548971016393957,
                        1.4848380886940378,
                        -0.11592344612626516,
                        -3.291585409662706
                    ],
                    [
                        -0.0075957247966873895,
                        0.9996647853012804,
                        0.5541957979590119,
                        -8.794041922426729e-07,
                        -0.31891261125227555,
                        -0.3376869620856607,
                        0.626252746933431,
                        -0.4805924480197913
                    ],
                    [
                        0.833465655481888,
                        0.5541957979590119,
                        2.0237707247587475,
                        -1.4956807356571648e-06,
                        1.1500304070823593,
                        1.9278346525792998,
                        0.13183893108276817,
                        -5.089098569362848
                    ],
                    [
                        -8.268045591377397e-07,
                        -8.794041922426729e-07,
                        -1.4956807356571648e-06,
                        1.0092938568626018e-06,
                        2.1018547130877976e-07,
                        -1.4659754113458734e-08,
                        -1.0623798552183156e-06,
                        2.7496997999788223e-06
                    ],
                    [
                        0.6548971016393957,
                        -0.31891261125227555,
                        1.1500304070823593,
                        2.1018547130877979e-07,
                        2.140029449108992,
                        1.7434499551249378,
                        -1.3040463799727904,
                        -3.661587204510981
                    ],
                    [
                        1.4848380886940378,
                        -0.3376869620856607,
                        1.9278346525792998,
                        -1.4659754113458809e-08,
                        1.7434499551249378,
                        4.0405327508795255,
