{
    "expt_args": {
        "save_dir": "all_expt_logs/expt_logs_11.05.24-main_plus_oracle_donoisepert",
        "exp_name": "236",
        "num_nodes": 8,
        "obs_noise_mean": 0.0,
        "obs_noise_var": 1.0,
        "max_edge_strength": 1.0,
        "graph_sparsity_method": "adj_dense_prop",
        "adj_dense_prop": 0.8,
        "num_parents": null,
        "new_noise_mean": 1.0,
        "mix_samples": 16384,
        "stage2_samples": 16384,
        "gmm_tol": 0.001,
        "intv_type": "do",
        "new_noise_sigma": 0.0,
        "intv_targets": [
            0,
            1,
            2,
            3,
            4,
            5,
            6,
            7
        ]
    },
    "intv_args_dict": {
        "0": {
            "intv_type": "do",
            "inode": 0,
            "new_mui": 1.0,
            "new_sigmai": 0.0,
            "true_params": {
                "Si": [
                    [
                        1e-09,
                        -6.898788299172309e-10,
                        -1.3707051555888229e-09,
                        -4.2063805518778145e-10,
                        3.0270780996595624e-12,
                        -9.815831164497984e-10,
                        1.3956125180853188e-09,
                        -5.503795856469488e-10
                    ],
                    [
                        -6.898788299172309e-10,
                        1.0000000004759328,
                        0.6377071178917151,
                        -0.7389428927921261,
                        -0.04705150927927289,
                        1.1561285873205518,
                        0.9265811849299046,
                        -1.5530533921488032
                    ],
                    [
                        -1.3707051555888229e-09,
                        0.6377071178917151,
                        1.4066703688825326,
                        -0.4712291413587589,
                        -0.03000508233326503,
                        1.4826021913389273,
                        0.003464751928814902,
                        -0.990393200658292
                    ],
                    [
                        -4.2063805518778145e-10,
                        -0.7389428927921261,
                        -0.4712291413587589,
                        1.5460365994137986,
                        -0.8148358947977798,
                        -1.3062519277983267,
                        -2.2904079906883483,
                        1.2149259115802649
                    ],
                    [
                        3.0270780996595624e-12,
                        -0.04705150927927289,
                        -0.03000508233326503,
                        -0.8148358947977798,
                        1.7240412655406354,
                        0.8615121519077162,
                        2.1553448107756097,
                        0.826328800014131
                    ],
                    [
                        -9.815831164497984e-10,
                        1.1561285873205518,
                        1.4826021913389273,
                        -1.3062519277983267,
                        0.8615121519077162,
                        3.3793607475957845,
                        1.8031290534634965,
                        -1.394842422158696
                    ],
                    [
                        1.3956125180853188e-09,
                        0.9265811849299046,
                        0.003464751928814902,
                        -2.2904079906883483,
                        2.1553448107756097,
                        1.8031290534634965,
                        5.478699750894345,
                        -0.8706189924068165
                    ],
                    [
                        -5.503795856469488e-10,
                        -1.5530533921488032,
                        -0.990393200658292,
                        1.2149259115802649,
                        0.826328800014131,
                        -1.394842422158696,
                        -0.8706189924068165,
                        4.0733191619435996
                    ]
                ],
                "mui": [
                    1.0,
                    -0.6898788299172309,
                    -1.3707051555888228,
                    -0.4206380551877814,
                    0.003027078099659562,
                    -0.9815831164497982,
                    1.3956125180853187,
                    -0.5503795856469488
                ],
                "Ai": [
                    [
                        0.0,
                        0.0,
                        0.0,
                        0.0,
                        0.0,
                        0.0,
                        0.0,
                        0.0
                    ],
                    [
                        -0.6898788299172309,
                        0.0,
                        0.0,
                        0.0,
                        0.0,
                        0.0,
                        0.0,
                        0.0
                    ],
                    [
                        -0.9307645159201602,
                        0.6377071169460946,
                        0.0,
                        0.0,
                        0.0,
                        0.0,
                        0.0,
                        0.0
                    ],
                    [
                        -0.9304191136430626,
                        -0.7389428930823154,
                        0.0,
                        0.0,
                        0.0,
                        0.0,
                        0.0,
                        0.0
                    ],
                    [
                        -0.8199208168711019,
                        -0.6748605488801078,
                        -0.0,
                        -0.8496042731856787,
                        0.0,
                        0.0,
                        0.0,
                        0.0
                    ],
                    [
                        0.5253894245037474,
                        0.7058544586962641,
                        0.7453307621861542,
                        0.0,
                        0.5319405044035382,
                        0.0,
                        0.0,
                        0.0
                    ],
                    [
                        0.6785011648840483,
                        0.6779692303116469,
                        -0.5874226628303441,
                        -0.8965378676866045,
                        0.8347174827362323,
                        0.0,
                        0.0,
                        0.0
                    ],
                    [
                        -0.8946763556823795,
                        -0.9563821422905677,
                        0.0,
                        0.7558619251259694,
                        0.8104405809798076,
                        0.0,
                        0.0,
                        0.0
                    ]
                ]
            },
            "est_params": {
                "mui": [
                    1.000001723891343,
                    -0.6899522913652139,
                    -1.396887804046686,
                    -0.418789872813798,
                    0.031279438479734585,
                    -0.988428782856554,
                    1.4289847182291466,
                    -0.5182960467561392
                ],
                "Si": [
                    [
                        1.006585726856611e-06,
                        6.572719029674315e-07,
                        -4.0033342021704717e-07,
                        -1.3995412934334902e-06,
                        8.109865895619893e-07,
                        1.5226635518658602e-06,
                        1.2969600182291475e-06,
                        -2.3093686616836073e-06
                    ],
                    [
                        6.572719029674315e-07,
                        1.0414466546492753,
                        0.6798859461623376,
                        -0.7345316221859493,
                        -0.08180620095863399,
                        1.2093987359170761,
                        0.9032375426524796,
                        -1.64680594519834
                    ],
                    [
                        -4.0033342021704727e-07,
                        0.6798859461623376,
                        1.4631110279695372,
                        -0.47827374243058907,
                        -0.049185544845661885,
                        1.5154559318453895,
                        -0.003955375202467549,
                        -1.0743838038288591
                    ],
                    [
                        -1.3995412934334902e-06,
                        -0.7345316221859493,
                        -0.47827374243058907,
                        1.5547439675610895,
                        -0.7980357951020466,
                        -1.2905701065627648,
                        -2.280644869560886,
                        1.2485043147606094
                    ],
                    [
                        8.109865895619893e-07,
                        -0.08180620095863399,
                        -0.0491855448456619,
                        -0.7980357951020466,
                        1.7464359779342598,
                        0.832349966304944,
                        2.1727700544108344,
                        0.8557585358333835
                    ],
                    [
                        1.5226635518658602e-06,
                        1.2093987359170761,
                        1.51545593184539,
                        -1.2905701065627646,
                        0.8323499663049438,
                        3.4737017855254737,
                        1.806229853685821,
                        -1.516908320823682
                    ],
                    [
                        1.2969600182291475e-06,
                        0.9032375426524796,
                        -0.003955375202467526,
                        -2.280644869560886,
                        2.1727700544108344,
                        1.806229853685821,
                        5.523754315215284,
                        -0.8768442012355324
                    ],
                    [
                        -2.3093686616836073e-06,
                        -1.64680594519834,
                        -1.0743838038288591,
                        1.2485043147606094,
                        0.8557585358333835,
                        -1.516908320823682,
                        -0.8768442012355325,
                        4.323636329649255
                    ]
                ]
            },
            "est_tgt": [
                0,
                7
            ],
            "oracle_est_tgt": [
                0
            ]
        },
        "1": {
            "intv_type": "do",
            "inode": 1,
            "new_mui": 1.0,
            "new_sigmai": 0.0,
            "true_params": {
                "Si": [
                    [
                        1.0,
                        0.0,
                        -0.9307645159201602,
                        -0.9304191136430626,
                        -0.029432762066324277,
                        -0.18399447986240236,
                        2.0348412624323,
                        -1.6217982428834952
                    ],
                    [
                        0.0,
                        1e-09,
                        6.377071169460946e-10,
                        -7.389428930823154e-10,
                        -4.705150927718457e-11,
                        1.1561285866433784e-09,
                        9.265811858927081e-10,
                        -1.5530533925284985e-09
                    ],
                    [
                        -0.9307645159201602,
                        6.377071169460946e-10,
                        1.8663225845027605,
                        0.8660010954416205,
                        0.027394970506850486,
                        0.9165862959045363,
                        -2.481380704841624,
                        1.5095122554672296
                    ],
                    [
                        -0.9304191136430626,
                        -7.389428930823154e-10,
                        0.8660010954416205,
                        1.865679727578379,
                        -0.8222194687570937,
                        -0.28074694560731167,
                        -3.498972612403382,
                        1.5762602291615966
                    ],
                    [
                        -0.029432762066324277,
                        -4.705150927718457e-11,
                        0.027394970506850486,
                        -0.8222194687570937,
                        1.7226937085004321,
                        0.9213252125236664,
                        2.1390508552719742,
                        0.8009892957847256
                    ],
                    [
                        -0.18399447986240236,
                        1.1561285866433784e-09,
                        0.9165862959045363,
                        -0.28074694560731167,
                        0.9213252125236664,
                        2.0765814077347327,
                        0.357482499364386,
                        0.6990889233323149
                    ],
                    [
                        2.0348412624323,
                        9.265811858927081e-10,
                        -2.481380704841624,
                        -3.498972612403382,
                        2.1390508552719742,
                        0.357482499364386,
                        8.760726019051901,
                        -2.731690922833518
                    ],
                    [
                        -1.6217982428834952,
                        -1.5530533925284985e-09,
                        1.5095122554672296,
                        1.5762602291615966,
                        0.8009892957847256,
                        0.6990889233323149,
                        -2.731690922833518,
                        4.29157386462837
                    ]
                ],
                "mui": [
                    0.0,
                    1.0,
                    0.6377071169460946,
                    -0.7389428930823154,
                    -0.04705150927718457,
                    1.1561285866433784,
                    0.9265811858927081,
                    -1.5530533925284984
                ],
                "Ai": [
                    [
                        0.0,
                        0.0,
                        0.0,
                        0.0,
                        0.0,
                        0.0,
                        0.0,
                        0.0
                    ],
                    [
                        0.0,
                        0.0,
                        0.0,
                        0.0,
                        0.0,
                        0.0,
                        0.0,
                        0.0
                    ],
                    [
                        -0.9307645159201602,
                        0.6377071169460946,
                        0.0,
                        0.0,
                        0.0,
                        0.0,
                        0.0,
                        0.0
                    ],
                    [
                        -0.9304191136430626,
                        -0.7389428930823154,
                        0.0,
                        0.0,
                        0.0,
                        0.0,
                        0.0,
                        0.0
                    ],
                    [
                        -0.8199208168711019,
                        -0.6748605488801078,
                        -0.0,
                        -0.8496042731856787,
                        0.0,
                        0.0,
                        0.0,
                        0.0
                    ],
                    [
                        0.5253894245037474,
                        0.7058544586962641,
                        0.7453307621861542,
                        0.0,
                        0.5319405044035382,
                        0.0,
                        0.0,
                        0.0
                    ],
                    [
                        0.6785011648840483,
                        0.6779692303116469,
                        -0.5874226628303441,
                        -0.8965378676866045,
                        0.8347174827362323,
                        0.0,
                        0.0,
                        0.0
                    ],
                    [
                        -0.8946763556823795,
                        -0.9563821422905677,
                        0.0,
                        0.7558619251259694,
                        0.8104405809798076,
                        0.0,
                        0.0,
                        0.0
                    ]
                ]
            },
            "est_params": {
                "mui": [
                    -0.004116109050629804,
                    1.0000033578411365,
                    0.6474796470331142,
                    -0.7459049605023151,
                    -0.043081457088006855,
                    1.1619447209837668,
                    0.8791778052292248,
                    -1.5599125046776432
                ],
                "Si": [
                    [
                        0.9884017488581338,
                        1.7076033857254486e-06,
                        -0.9214209216576057,
                        -0.9071856258026721,
                        -0.07077161791018861,
                        -0.20017196252427516,
                        2.024567110443384,
                        -1.621364363719959
                    ],
                    [
                        1.7076033857254486e-06,
                        1.0098157530865284e-06,
                        -5.0981933421533176e-06,
                        -2.258462704526239e-06,
                        1.5722515163311806e-06,
                        -4.385567746573669e-06,
                        5.756489753835533e-06,
                        6.481480796753333e-07
                    ],
                    [
                        -0.9214209216576057,
                        -5.0981933421533176e-06,
                        1.893852635398711,
                        0.8605505189577375,
                        0.051694662766477086,
                        0.9583080341556767,
                        -2.522621387533146,
                        1.5298575119474604
                    ],
                    [
                        -0.9071856258026721,
                        -2.258462704526239e-06,
                        0.8605505189577375,
                        1.8548986408722663,
                        -0.815609709394247,
                        -0.2583269285158143,
                        -3.556681802457362,
                        1.5350608330420994
                    ],
                    [
                        -0.0707716179101886,
                        1.5722515163311806e-06,
                        0.051694662766477106,
                        -0.815609709394247,
                        1.7427688821552059,
                        0.8798530145063821,
                        2.149051208776337,
                        0.8373078631472874
                    ],
                    [
                        -0.20017196252427516,
                        -4.385567746573668e-06,
                        0.9583080341556763,
                        -0.2583269285158143,
                        0.8798530145063821,
                        2.0616247959114906,
                        0.30832746142415685,
                        0.727970738174918
                    ],
                    [
                        2.024567110443384,
                        5.756489753835533e-06,
                        -2.522621387533146,
                        -3.556681802457362,
                        2.149051208776337,
                        0.30832746142415685,
                        9.047947056071685,
                        -2.7475288240929254
                    ],
                    [
                        -1.621364363719959,
                        6.481480796753331e-07,
                        1.5298575119474604,
                        1.5350608330420994,
                        0.8373078631472874,
                        0.7279707381749181,
                        -2.7475288240929254,
                        4.258823301831559
                    ]
                ]
            },
            "est_tgt": [
                1,
                2,
                6
            ],
            "oracle_est_tgt": [
                1,
                2
            ]
        },
        "2": {
            "intv_type": "do",
            "inode": 2,
            "new_mui": 1.0,
            "new_sigmai": 0.0,
            "true_params": {
                "Si": [
                    [
                        1.0,
                        -0.6898788299172309,
                        0.0,
                        -0.4206380551877814,
                        0.003027078099659562,
                        0.04004560189771012,
                        0.5904292456340513,
                        -0.5503795856469488
                    ],
                    [
                        -0.6898788299172309,
                        1.4759327999679677,
                        0.0,
                        -0.44875360375070916,
                        -0.049139826374645784,
                        0.6531992421378873,
                        0.8938601615081119,
                        -1.173358167972051
                    ],
                    [
                        0.0,
                        0.0,
                        1e-09,
                        0.0,
                        0.0,
                        7.453307621861543e-10,
                        -5.874226628303441e-10,
                        0.0
                    ],
                    [
                        -0.4206380551877814,
                        -0.44875360375070916,
                        0.0,
                        1.7229729727090213,
                        -0.8161091990412488,
                        -0.9718750567893081,
                        -2.8155756770697065,
                        1.4464365098703438
                    ],
                    [
                        0.003027078099659562,
                        -0.049139826374645784,
                        0.0,
                        -0.8161091990412488,
                        1.7240504287424478,
                        0.8839970839569979,
                        2.1395064208500294,
                        0.8246627580255854
                    ],
                    [
                        0.04004560189771012,
                        0.6531992421378873,
                        7.453307621861543e-10,
                        -0.9718750567893081,
                        0.8839970839569979,
                        1.9523369885018529,
                        2.0792305862690683,
                        -0.6787121848054706
                    ],
                    [
                        0.5904292456340513,
                        0.8938601615081119,
                        -5.874226628303441e-10,
                        -2.8155756770697065,
                        2.1395064208500294,
                        2.0792305862690683,
                        6.316770244733562,
                        -1.7773586068275273
                    ],
                    [
                        -0.5503795856469488,
                        -1.173358167972051,
                        0.0,
                        1.4464365098703438,
                        0.8246627580255854,
                        -0.6787121848054706,
                        -1.7773586068275273,
                        4.376236849937589
                    ]
                ],
                "mui": [
                    0.0,
                    0.0,
                    1.0,
                    0.0,
                    0.0,
                    0.7453307621861542,
                    -0.5874226628303441,
                    0.0
                ],
                "Ai": [
                    [
                        0.0,
                        0.0,
                        0.0,
                        0.0,
                        0.0,
                        0.0,
                        0.0,
                        0.0
                    ],
                    [
                        -0.6898788299172309,
                        0.0,
                        0.0,
                        0.0,
                        0.0,
                        0.0,
                        0.0,
                        0.0
                    ],
                    [
                        0.0,
                        0.0,
                        0.0,
                        0.0,
                        0.0,
                        0.0,
                        0.0,
                        0.0
                    ],
                    [
                        -0.9304191136430626,
                        -0.7389428930823154,
                        0.0,
                        0.0,
                        0.0,
                        0.0,
                        0.0,
                        0.0
                    ],
                    [
                        -0.8199208168711019,
                        -0.6748605488801078,
                        -0.0,
                        -0.8496042731856787,
                        0.0,
                        0.0,
                        0.0,
                        0.0
                    ],
                    [
                        0.5253894245037474,
                        0.7058544586962641,
                        0.7453307621861542,
                        0.0,
                        0.5319405044035382,
                        0.0,
                        0.0,
                        0.0
                    ],
                    [
                        0.6785011648840483,
                        0.6779692303116469,
                        -0.5874226628303441,
                        -0.8965378676866045,
                        0.8347174827362323,
                        0.0,
                        0.0,
                        0.0
                    ],
                    [
                        -0.8946763556823795,
                        -0.9563821422905677,
                        0.0,
                        0.7558619251259694,
                        0.8104405809798076,
                        0.0,
                        0.0,
                        0.0
                    ]
                ]
            },
            "est_params": {
                "mui": [
                    0.0008817017893804956,
                    0.02122983824667696,
                    0.9999991532595681,
                    -0.0245089337172651,
                    -0.01291927045784421,
                    0.7648134620319194,
                    -0.588420426926394,
                    -0.08598136410677072
                ],
                "Si": [
                    [
                        1.0185813683037452,
                        -0.701761508743638,
                        8.749798376028407e-07,
                        -0.4561868449369409,
                        0.026267063764507204,
                        0.07274142630741674,
                        0.6012680473797708,
                        -0.5575587748946407
                    ],
                    [
                        -0.701761508743638,
                        1.4362898906681807,
                        -7.418515769568813e-07,
                        -0.38247330994842943,
                        -0.06630638272156943,
                        0.5861385034943184,
                        0.814243410938968,
                        -1.143721079300105
                    ],
                    [
                        8.749798376028406e-07,
                        -7.418515769568814e-07,
                        1.0078041027898914e-06,
                        7.855135503851076e-07,
                        2.9196077153741316e-06,
                        -1.2047059025260647e-06,
                        2.768378039478531e-06,
                        2.4282562424624503e-06
                    ],
                    [
                        -0.4561868449369409,
                        -0.38247330994842943,
                        7.855135503851077e-07,
                        1.719670026538742,
                        -0.8783340131038518,
                        -0.9958019295504951,
                        -2.8342533254926052,
                        1.3660643950562212
                    ],
                    [
                        0.026267063764507187,
                        -0.06630638272156943,
                        2.919607715374131e-06,
                        -0.878334013103852,
                        1.8187621498703306,
                        0.9310661960659261,
                        2.278790082251799,
                        0.8820201976391274
                    ],
                    [
                        0.07274142630741673,
                        0.5861385034943184,
                        -1.2047059025260647e-06,
                        -0.9958019295504951,
                        0.9310661960659261,
                        1.9608543284148157,
                        2.1006548055960512,
                        -0.635022878091079
                    ],
                    [
                        0.6012680473797708,
                        0.8142434109389679,
                        2.768378039478531e-06,
                        -2.8342533254926052,
                        2.278790082251799,
                        2.100654805596051,
                        6.40646590192628,
                        -1.6499563127998969
                    ],
                    [
                        -0.5575587748946407,
                        -1.143721079300105,
                        2.4282562424624503e-06,
                        1.3660643950562212,
                        0.8820201976391273,
                        -0.635022878091079,
                        -1.6499563127998969,
                        4.380111109025907
                    ]
                ]
            },
            "est_tgt": [
                1,
                2,
                6
            ],
            "oracle_est_tgt": [
                1,
                2
            ]
        },
        "3": {
            "intv_type": "do",
            "inode": 3,
            "new_mui": 1.0,
            "new_sigmai": 0.0,
            "true_params": {
                "Si": [
                    [
                        1.0,
                        -0.6898788299172309,
                        -1.3707051555888228,
                        0.0,
                        -0.35434881105239285,
                        -1.1716858271870039,
                        0.7201866704358008,
                        -0.5220672187040333
                    ],
                    [
                        -0.6898788299172309,
                        1.4759327999679677,
                        1.5833275858452276,
                        0.0,
                        -0.4304028057287211,
                        1.6304927769382713,
                        -0.7567938185121219,
                        -1.1431533956276325
                    ],
                    [
                        -1.3707051555888228,
                        1.5833275858452276,
                        3.2855029905614788,
                        0.0,
                        0.055344367219291965,
                        2.8756712019211155,
                        -1.7403596646366655,
                        -0.2430754140579918
                    ],
                    [
                        0.0,
                        0.0,
                        0.0,
                        1e-09,
                        -8.496042731856788e-10,
                        -4.519389256217914e-10,
                        -1.6057174079221005e-09,
                        6.730814436244082e-11
                    ],
                    [
                        -0.35434881105239285,
                        -0.4304028057287211,
                        0.055344367219291965,
                        -8.496042731856788e-10,
                        1.5809998410508324,
                        0.3922748549413553,
                        0.754951732727219,
                        2.0099634893714806
                    ],
                    [
                        -1.1716858271870039,
                        1.6304927769382713,
                        2.8756712019211155,
                        -4.519389256217914e-10,
                        0.3922748549413553,
                        3.887292346955923,
                        -1.0513620206094605,
                        -0.1931791081243196
                    ],
                    [
                        0.7201866704358008,
                        -0.7567938185121219,
                        -1.7403596646366655,
                        -1.6057174079221005e-09,
                        0.754951732727219,
                        -1.0513620206094605,
                        2.6280626920357815,
                        0.6912936273738124
                    ],
                    [
                        -0.5220672187040333,
                        -1.1431533956276325,
                        -0.2430754140579918,
                        6.730814436244082e-11,
                        2.0099634893714806,
                        -0.1931791081243196,
                        0.6912936273738124,
                        4.1893286682537525
                    ]
                ],
                "mui": [
                    0.0,
                    0.0,
                    0.0,
                    1.0,
                    -0.8496042731856787,
                    -0.4519389256217914,
                    -1.6057174079221004,
                    0.06730814436244081
                ],
                "Ai": [
                    [
                        0.0,
                        0.0,
                        0.0,
                        0.0,
                        0.0,
                        0.0,
                        0.0,
                        0.0
                    ],
                    [
                        -0.6898788299172309,
                        0.0,
                        0.0,
                        0.0,
                        0.0,
                        0.0,
                        0.0,
                        0.0
                    ],
                    [
                        -0.9307645159201602,
                        0.6377071169460946,
                        0.0,
                        0.0,
                        0.0,
                        0.0,
                        0.0,
                        0.0
                    ],
                    [
                        0.0,
                        0.0,
                        0.0,
                        0.0,
                        0.0,
                        0.0,
                        0.0,
                        0.0
                    ],
                    [
                        -0.8199208168711019,
                        -0.6748605488801078,
                        -0.0,
                        -0.8496042731856787,
                        0.0,
                        0.0,
                        0.0,
                        0.0
                    ],
                    [
                        0.5253894245037474,
                        0.7058544586962641,
                        0.7453307621861542,
                        0.0,
                        0.5319405044035382,
                        0.0,
                        0.0,
                        0.0
                    ],
                    [
                        0.6785011648840483,
                        0.6779692303116469,
                        -0.5874226628303441,
                        -0.8965378676866045,
                        0.8347174827362323,
                        0.0,
                        0.0,
                        0.0
                    ],
                    [
                        -0.8946763556823795,
                        -0.9563821422905677,
                        0.0,
                        0.7558619251259694,
                        0.8104405809798076,
                        0.0,
                        0.0,
                        0.0
                    ]
                ]
            },
            "est_params": {
                "mui": [
                    -0.0023812992543054672,
                    0.01672671631452212,
                    0.025415339864463895,
                    1.0000031348474427,
                    -0.8741946095243651,
                    -0.41792054648461646,
                    -1.6434892236819605,
                    0.005955487032266745
                ],
                "Si": [
                    [
                        1.0032535155020395,
                        -0.7206580531784624,
                        -1.4334631589181264,
                        -8.868860173899203e-07,
                        -0.3409055299406298,
                        -1.2595592496195998,
                        0.7489408034040093,
                        -0.46979644659728576
                    ],
                    [
                        -0.7206580531784624,
                        1.4617821946524034,
                        1.6513717599343203,
                        6.873254831692896e-07,
                        -0.3809197611433178,
                        1.662052096837876,
                        -0.78502880618419,
                        -1.083533117370637
                    ],
                    [
                        -1.4334631589181264,
                        1.6513717599343207,
                        3.3961024693744415,
                        4.2877623229602133e-07,
                        0.06810197257069071,
                        3.0259001230719886,
                        -1.7819733983891894,
                        -0.3121716252393929
                    ],
                    [
                        -8.868860173899203e-07,
                        6.873254831692896e-07,
                        4.287762322960212e-07,
                        1.0086418635570274e-06,
                        -2.0335442153836094e-06,
                        1.651887226243634e-06,
                        5.340951762842068e-07,
                        -1.6160074592663816e-06
                    ],
                    [
                        -0.3409055299406298,
                        -0.3809197611433178,
                        0.06810197257069074,
                        -2.03354421538361e-06,
                        1.5726941616951808,
                        0.5257132995236588,
                        0.7471823572346011,
                        1.9336211715860743
                    ],
                    [
                        -1.2595592496195998,
                        1.6620520968378758,
                        3.0259001230719886,
                        1.651887226243634e-06,
                        0.5257132995236588,
