{
    "expt_args": {
        "save_dir": "all_expt_logs/expt_logs_11.05.24-main_plus_oracle_donoisepert",
        "exp_name": "40",
        "num_nodes": 8,
        "obs_noise_mean": 0.0,
        "obs_noise_var": 1.0,
        "max_edge_strength": 1.0,
        "graph_sparsity_method": "adj_dense_prop",
        "adj_dense_prop": 0.8,
        "num_parents": null,
        "new_noise_mean": 1.0,
        "mix_samples": 1024,
        "stage2_samples": 1024,
        "gmm_tol": 0.001,
        "intv_type": "do",
        "new_noise_sigma": 0.0,
        "intv_targets": [
            0,
            1,
            2,
            3,
            4,
            5,
            6,
            7
        ]
    },
    "intv_args_dict": {
        "0": {
            "intv_type": "do",
            "inode": 0,
            "new_mui": 1.0,
            "new_sigmai": 0.0,
            "true_params": {
                "Si": [
                    [
                        1e-09,
                        -7.100350977189049e-10,
                        3.0216805910453097e-10,
                        1.1150658342605297e-10,
                        1.4051811286590504e-10,
                        1.5610394687703494e-09,
                        2.072312749923014e-09,
                        1.0820379632247993e-09
                    ],
                    [
                        -7.100350977189049e-10,
                        1.0000000005041498,
                        0.7109773090786036,
                        0.5952969708540601,
                        -0.37522281543246383,
                        -0.49749172190082314,
                        0.10502774860536411,
                        0.9762838876943022
                    ],
                    [
                        3.0216805910453097e-10,
                        0.7109773090786036,
                        1.505488734421038,
                        -0.11485705492245335,
                        0.46556218526924104,
                        -0.47478584703211774,
                        1.7776872460860127,
                        3.717193977776633
                    ],
                    [
                        1.1150658342605297e-10,
                        0.5952969708540601,
                        -0.11485705492245335,
                        1.6439297638462764,
                        -0.6174393706412233,
                        0.7631355409213207,
                        -0.6071780534288133,
                        -2.1190082182875223
                    ],
                    [
                        1.4051811286590504e-10,
                        -0.37522281543246383,
                        0.46556218526924104,
                        -0.6174393706412233,
                        1.6771097787407927,
                        0.6631269578955802,
                        2.6161927452148555,
                        3.1994547673020532
                    ],
                    [
                        1.5610394687703494e-09,
                        -0.49749172190082314,
                        -0.47478584703211774,
                        0.7631355409213207,
                        0.6631269578955802,
                        2.5698379924860286,
                        1.727522710952268,
                        -1.1379520752383228
                    ],
                    [
                        2.072312749923014e-09,
                        0.10502774860536411,
                        1.7776872460860127,
                        -0.6071780534288133,
                        2.6161927452148555,
                        1.727522710952268,
                        6.848426926969671,
                        7.586257317869158
                    ],
                    [
                        1.0820379632247993e-09,
                        0.9762838876943022,
                        3.717193977776633,
                        -2.1190082182875223,
                        3.1994547673020532,
                        -1.1379520752383228,
                        7.586257317869158,
                        14.534909830653213
                    ]
                ],
                "mui": [
                    1.0,
                    -0.7100350977189048,
                    0.30216805910453093,
                    0.11150658342605296,
                    0.14051811286590504,
                    1.5610394687703493,
                    2.072312749923014,
                    1.0820379632247992
                ],
                "Ai": [
                    [
                        0.0,
                        0.0,
                        0.0,
                        0.0,
                        0.0,
                        0.0,
                        0.0,
                        0.0
                    ],
                    [
                        -0.7100350977189048,
                        0.0,
                        0.0,
                        0.0,
                        0.0,
                        0.0,
                        0.0,
                        0.0
                    ],
                    [
                        0.8069869023844192,
                        0.7109773092931535,
                        0.0,
                        0.0,
                        0.0,
                        0.0,
                        0.0,
                        0.0
                    ],
                    [
                        0.968427731251031,
                        0.9778736432066548,
                        -0.5380996935806222,
                        0.0,
                        0.0,
                        0.0,
                        0.0,
                        0.0
                    ],
                    [
                        -0.7168896975514245,
                        -0.8958978711080294,
                        0.7323370928574194,
                        -0.0,
                        0.0,
                        0.0,
                        0.0,
                        0.0
                    ],
                    [
                        0.7478977728871268,
                        -0.8772496452370144,
                        0.0,
                        0.994137463165478,
                        0.5651284714152066,
                        0.0,
                        0.0,
                        0.0
                    ],
                    [
                        0.8367475622861613,
                        0.7436093174308416,
                        0.8043206430812122,
                        -0.692561791317288,
                        0.8744918799220927,
                        0.9447917073011369,
                        0.0,
                        0.0
                    ],
                    [
                        0.7625531445467245,
                        0.5969181683681721,
                        0.9083608256664393,
                        -0.6192964526996048,
                        0.7474841246510642,
                        -0.6256287808116856,
                        0.6801540132881179,
                        0.0
                    ]
                ]
            },
            "est_params": {
                "mui": [
                    0.7712967198951045,
                    -0.14628183174568132,
                    0.7737259456121176,
                    0.12584130931542886,
                    0.25936279483384334,
                    0.9688867485385165,
                    2.181655581263133,
                    2.2586961421574046
                ],
                "Si": [
                    [
                        0.2958282738066871,
                        -0.1448959728895901,
                        0.08912420096616017,
                        0.08575532536406169,
                        0.009002206567769785,
                        0.1785115052711222,
                        0.2646905587588097,
                        0.17844991453768705
                    ],
                    [
                        -0.1448959728895901,
                        1.2434059260207426,
                        0.5317329751337051,
                        0.8627823008888513,
                        -0.6983223064624291,
                        -0.3265688635617239,
                        -0.21862163275466162,
                        0.06806967446822926
                    ],
                    [
                        0.08912420096616018,
                        0.5317329751337051,
                        1.2660956642089674,
                        -0.21160284527406933,
                        0.2892074572813329,
                        -0.3099154513532854,
                        1.7529491192202955,
                        3.26378719390349
                    ],
                    [
                        0.0857553253640617,
                        0.8627823008888515,
                        -0.21160284527406933,
                        2.0821529424061267,
                        -0.9749307876815855,
                        0.6597007960023467,
                        -1.2040133245560487,
                        -2.8814160669340914
                    ],
                    [
                        0.009002206567769795,
                        -0.6983223064624291,
                        0.2892074572813329,
                        -0.9749307876815855,
                        1.6910093703405809,
                        0.2851848302355674,
                        2.33827239840282,
                        3.1532106862697176
                    ],
                    [
                        0.1785115052711222,
                        -0.32656886356172393,
                        -0.3099154513532854,
                        0.6597007960023465,
                        0.2851848302355674,
                        2.048062504310366,
                        1.3825281688202096,
                        -1.0418196593737088
                    ],
                    [
                        0.2646905587588097,
                        -0.2186216327546616,
                        1.7529491192202955,
                        -1.2040133245560487,
                        2.3382723984028204,
                        1.3825281688202096,
                        6.7227153363728185,
                        7.731901334497429
                    ],
                    [
                        0.17844991453768708,
                        0.0680696744682292,
                        3.26378719390349,
                        -2.8814160669340905,
                        3.1532106862697176,
                        -1.041819659373709,
                        7.731901334497429,
                        14.236217823395611
                    ]
                ]
            },
            "est_tgt": [
                0,
                3,
                5
            ],
            "oracle_est_tgt": [
                0,
                5
            ]
        },
        "1": {
            "intv_type": "do",
            "inode": 1,
            "new_mui": 1.0,
            "new_sigmai": 0.0,
            "true_params": {
                "Si": [
                    [
                        1.0,
                        0.0,
                        0.8069869023844192,
                        0.5341883263543996,
                        -0.12590325548520487,
                        1.20780288618315,
                        2.1468861387119764,
                        1.7752337893707244
                    ],
                    [
                        0.0,
                        1e-09,
                        7.109773092931536e-10,
                        5.952969709332337e-10,
                        -3.7522281533269106e-10,
                        -4.974917207924304e-10,
                        1.050277500767789e-10,
                        9.76283888462587e-10
                    ],
                    [
                        0.8069869023844192,
                        7.109773092931536e-10,
                        1.6512278611254887,
                        -0.10701671038272537,
                        0.6307348144465249,
                        0.853600586999005,
                        3.4355238932350205,
                        4.45566870271084
                    ],
                    [
                        0.5341883263543996,
                        5.952969709332337e-10,
                        -0.10701671038272537,
                        1.5749084485992526,
                        -0.461326414817882,
                        1.7044850572393853,
                        0.47714075823000374,
                        -1.7518778925679688
                    ],
                    [
                        -0.12590325548520487,
                        -3.7522281533269106e-10,
                        0.6307348144465249,
                        -0.461326414817882,
                        1.5521692474574214,
                        0.3243903984275704,
                        2.385301598936217,
                        3.342271042647451
                    ],
                    [
                        1.20780288618315,
                        -4.974917207924304e-10,
                        0.853600586999005,
                        1.7044850572393853,
                        0.3243903984275704,
                        3.781127789912016,
                        4.3727884184246335,
                        1.4918735686918685
                    ],
                    [
                        2.1468861387119764,
                        1.050277500767789e-10,
                        3.4355238932350205,
                        0.47714075823000374,
                        2.385301598936217,
                        4.3727884184246335,
                        11.446516186993652,
                        11.294945230861085
                    ],
                    [
                        1.7752337893707244,
                        9.76283888462587e-10,
                        4.45566870271084,
                        -1.7518778925679688,
                        3.342271042647451,
                        1.4918735686918685,
                        11.294945230861085,
                        16.73323460648745
                    ]
                ],
                "mui": [
                    0.0,
                    1.0,
                    0.7109773092931535,
                    0.5952969709332336,
                    -0.37522281533269103,
                    -0.4974917207924303,
                    0.10502775007677889,
                    0.9762838884625871
                ],
                "Ai": [
                    [
                        0.0,
                        0.0,
                        0.0,
                        0.0,
                        0.0,
                        0.0,
                        0.0,
                        0.0
                    ],
                    [
                        0.0,
                        0.0,
                        0.0,
                        0.0,
                        0.0,
                        0.0,
                        0.0,
                        0.0
                    ],
                    [
                        0.8069869023844192,
                        0.7109773092931535,
                        0.0,
                        0.0,
                        0.0,
                        0.0,
                        0.0,
                        0.0
                    ],
                    [
                        0.968427731251031,
                        0.9778736432066548,
                        -0.5380996935806222,
                        0.0,
                        0.0,
                        0.0,
                        0.0,
                        0.0
                    ],
                    [
                        -0.7168896975514245,
                        -0.8958978711080294,
                        0.7323370928574194,
                        -0.0,
                        0.0,
                        0.0,
                        0.0,
                        0.0
                    ],
                    [
                        0.7478977728871268,
                        -0.8772496452370144,
                        0.0,
                        0.994137463165478,
                        0.5651284714152066,
                        0.0,
                        0.0,
                        0.0
                    ],
                    [
                        0.8367475622861613,
                        0.7436093174308416,
                        0.8043206430812122,
                        -0.692561791317288,
                        0.8744918799220927,
                        0.9447917073011369,
                        0.0,
                        0.0
                    ],
                    [
                        0.7625531445467245,
                        0.5969181683681721,
                        0.9083608256664393,
                        -0.6192964526996048,
                        0.7474841246510642,
                        -0.6256287808116856,
                        0.6801540132881179,
                        0.0
                    ]
                ]
            },
            "est_params": {
                "mui": [
                    -0.7764259214911946,
                    0.788764986859043,
                    -0.21714690076800677,
                    0.06433395552590898,
                    -0.769367094844568,
                    -1.236633606035233,
                    -2.3930713850522416,
                    -2.1348612053560467
                ],
                "Si": [
                    [
                        0.6874867731257153,
                        -0.23351856629121026,
                        0.3349893549081652,
                        0.17707021387678923,
                        -0.3371010393144641,
                        0.3970195538727539,
                        0.5766996953780293,
                        0.34423476363962385
                    ],
                    [
                        -0.23351856629121023,
                        0.6322035886307603,
                        0.2785558172940582,
                        0.07170958714413388,
                        -0.1680535284688739,
                        -0.4104707938642119,
                        -0.06406881031028676,
                        0.5093931852084475
                    ],
                    [
                        0.3349893549081652,
                        0.2785558172940582,
                        1.567211527505204,
                        -0.5351837396768532,
                        0.388293229695828,
                        -0.2815794592081453,
                        2.1860484077135,
                        4.257348056751518
                    ],
                    [
                        0.17707021387678923,
                        0.07170958714413386,
                        -0.5351837396768532,
                        1.4704755967683918,
                        -0.808450366782251,
                        1.1207046996278007,
                        -0.8223182684742715,
                        -3.5174055844198286
                    ],
                    [
                        -0.3371010393144641,
                        -0.1680535284688739,
                        0.388293229695828,
                        -0.8084503667822509,
                        1.4282711353011177,
                        0.08883251062512124,
                        1.5740691795668422,
                        2.7250979585515687
                    ],
                    [
                        0.3970195538727539,
                        -0.4104707938642119,
                        -0.2815794592081453,
                        1.1207046996278007,
                        0.08883251062512126,
                        4.03281829282865,
                        2.886746275422297,
                        -1.9103982887051418
                    ],
                    [
                        0.5766996953780293,
                        -0.06406881031028679,
                        2.1860484077135,
                        -0.8223182684742717,
                        1.5740691795668422,
                        2.886746275422297,
                        7.521716253689516,
                        7.0264419118880825
                    ],
                    [
                        0.3442347636396238,
                        0.5093931852084475,
                        4.257348056751518,
                        -3.5174055844198278,
                        2.7250979585515687,
                        -1.9103982887051423,
                        7.0264419118880825,
                        16.217409825828728
                    ]
                ]
            },
            "est_tgt": [
                0,
                3,
                4,
                5
            ],
            "oracle_est_tgt": [
                1,
                2,
                3
            ]
        },
        "2": {
            "intv_type": "do",
            "inode": 2,
            "new_mui": 1.0,
            "new_sigmai": 0.0,
            "true_params": {
                "Si": [
                    [
                        1.0,
                        -0.7100350977189048,
                        0.0,
                        0.2741031234400524,
                        -0.08077076509307603,
                        1.5976261352372056,
                        1.557716043474846,
                        0.1685602652273055
                    ],
                    [
                        -0.7100350977189048,
                        1.5041498399926947,
                        0.0,
                        0.7832508051698401,
                        -0.8385477930223365,
                        -1.5457768457780108,
                        -2.2118102631561634,
                        -1.29273988101203
                    ],
                    [
                        0.0,
                        0.0,
                        1e-09,
                        -5.380996935806222e-10,
                        7.323370928574195e-10,
                        -1.210805224591911e-10,
                        1.7030148983091241e-09,
                        3.0230782853242887e-09
                    ],
                    [
                        0.2741031234400524,
                        0.7832508051698401,
                        -5.380996935806222e-10,
                        2.0313693846474,
                        -0.89821443455022,
                        1.0297484810003166,
                        -0.40764450731625645,
                        -2.1743673845349787
                    ],
                    [
                        -0.08077076509307603,
                        -0.8385477930223365,
                        7.323370928574195e-10,
                        -0.89821443455022,
                        1.8091569124859377,
                        0.804664939776688,
                        2.2732660973009415,
                        2.3891901853391504
                    ],
                    [
                        1.5976261352372056,
                        -1.5457768457780108,
                        -1.210805224591911e-10,
                        1.0297484810003166,
                        0.804664939776688,
                        5.029343828042093,
                        4.9295465540028225,
                        0.46567586130239347
                    ],
                    [
                        1.557716043474846,
                        -2.2118102631561634,
                        1.7030148983091241e-09,
                        -0.40764450731625645,
                        2.2732660973009415,
                        4.9295465540028225,
                        7.586358841585528,
                        3.89508086574481
                    ],
                    [
                        0.1685602652273055,
                        -1.29273988101203,
                        3.0230782853242887e-09,
                        -2.1743673845349787,
                        2.3891901853391504,
                        0.46567586130239347,
                        3.89508086574481,
                        5.8472506450699875
                    ]
                ],
                "mui": [
                    0.0,
                    0.0,
                    1.0,
                    -0.5380996935806222,
                    0.7323370928574194,
                    -0.1210805224591911,
                    1.703014898309124,
                    3.0230782853242886
                ],
                "Ai": [
                    [
                        0.0,
                        0.0,
                        0.0,
                        0.0,
                        0.0,
                        0.0,
                        0.0,
                        0.0
                    ],
                    [
                        -0.7100350977189048,
                        0.0,
                        0.0,
                        0.0,
                        0.0,
                        0.0,
                        0.0,
                        0.0
                    ],
                    [
                        0.0,
                        0.0,
                        0.0,
                        0.0,
                        0.0,
                        0.0,
                        0.0,
                        0.0
                    ],
                    [
                        0.968427731251031,
                        0.9778736432066548,
                        -0.5380996935806222,
                        0.0,
                        0.0,
                        0.0,
                        0.0,
                        0.0
                    ],
                    [
                        -0.7168896975514245,
                        -0.8958978711080294,
                        0.7323370928574194,
                        -0.0,
                        0.0,
                        0.0,
                        0.0,
                        0.0
                    ],
                    [
                        0.7478977728871268,
                        -0.8772496452370144,
                        0.0,
                        0.994137463165478,
                        0.5651284714152066,
                        0.0,
                        0.0,
                        0.0
                    ],
                    [
                        0.8367475622861613,
                        0.7436093174308416,
                        0.8043206430812122,
                        -0.692561791317288,
                        0.8744918799220927,
                        0.9447917073011369,
                        0.0,
                        0.0
                    ],
                    [
                        0.7625531445467245,
                        0.5969181683681721,
                        0.9083608256664393,
                        -0.6192964526996048,
                        0.7474841246510642,
                        -0.6256287808116856,
                        0.6801540132881179,
                        0.0
                    ]
                ]
            },
            "est_params": {
                "mui": [
                    -0.1277160733909296,
                    0.3487881647160042,
                    0.8205423469977422,
                    -0.46443070222526317,
                    0.40686968229457854,
                    -0.48872755896741965,
                    1.0445695561319628,
                    2.4493511755203907
                ],
                "Si": [
                    [
                        0.7787025174431434,
                        -0.4915935316926776,
                        0.0680665001763636,
                        0.2896722388804112,
                        -0.3011280897099258,
                        1.1942288591884223,
                        -0.11641496076967689,
                        -0.9183127237301708
                    ],
                    [
                        -0.4915935316926776,
                        1.2516770481481265,
                        0.18993086573660192,
                        0.7294173441697688,
                        -0.2562835613431692,
                        -0.6337270228906349,
                        -0.029733561167527463,
                        0.6524928439055223
                    ],
                    [
                        0.0680665001763636,
                        0.1899308657366019,
                        0.4046784714167811,
                        0.2168132760717577,
                        0.20307550535970664,
                        0.1799499558894352,
                        0.02393371791442667,
                        0.6076952832345556
                    ],
                    [
                        0.2896722388804112,
                        0.7294173441697688,
                        0.2168132760717577,
                        1.8781338200768487,
                        -0.551997851026747,
                        1.7562887598877743,
                        0.027906903819080488,
                        -1.6066163786173802
                    ],
                    [
                        -0.3011280897099258,
                        -0.2562835613431692,
                        0.20307550535970664,
                        -0.5519978510267469,
                        1.4097725375853445,
                        -0.10853726557784714,
                        0.2923964497638643,
                        1.4016942923610345
                    ],
                    [
                        1.1942288591884223,
                        -0.6337270228906348,
                        0.17994995588943516,
                        1.7562887598877743,
                        -0.10853726557784714,
                        5.150749961184629,
                        0.1756594604350963,
                        -3.6154389087260945
                    ],
                    [
                        -0.11641496076967689,
                        -0.02973356116752746,
                        0.023933717914426667,
                        0.027906903819080488,
                        0.2923964497638643,
                        0.1756594604350963,
                        0.39414810069060113,
                        0.07652043087821243
                    ],
                    [
                        -0.9183127237301708,
                        0.6524928439055223,
                        0.6076952832345556,
                        -1.60661637861738,
                        1.4016942923610345,
                        -3.6154389087260945,
                        0.07652043087821245,
                        5.571413409895062
                    ]
                ]
            },
            "est_tgt": [
                1,
                2,
                6,
                7
            ],
            "oracle_est_tgt": [
                2,
                4
            ]
        },
        "3": {
            "intv_type": "do",
            "inode": 3,
            "new_mui": 1.0,
            "new_sigmai": 0.0,
            "true_params": {
                "Si": [
                    [
                        1.0,
                        -0.7100350977189048,
                        0.30216805910453093,
                        0.0,
                        0.14051811286590504,
                        1.4501865967969232,
                        2.0448050749132243,
                        1.2017368863812807
                    ],
                    [
                        -0.7100350977189048,
                        1.5041498399926947,
                        0.4964273819193361,
                        0.0,
                        -0.47499560733271,
                        -2.1189821232734376,
                        -1.493710049853967,
                        0.7620416989474599
                    ],
                    [
                        0.30216805910453093,
                        0.4964273819193361,
                        1.5967942702727318,
                        0.0,
                        0.5080222706605029,
                        0.0775979230304793,
                        2.423896232508815,
                        3.957024927602869
                    ],
                    [
                        0.0,
                        0.0,
                        0.0,
                        1e-09,
                        0.0,
                        9.94137463165478e-10,
                        2.466910397988451e-10,
                        -1.0734695609776416e-09
                    ],
                    [
                        0.14051811286590504,
                        -0.47499560733271,
                        0.5080222706605029,
                        0.0,
                        1.6968551187644425,
                        1.4807240511648907,
                        3.055841655589183,
                        2.7055181964362878
                    ],
                    [
                        1.4501865967969232,
                        -2.1189821232734376,
                        0.0775979230304793,
                        9.94137463165478e-10,
                        1.4807240511648907,
                        4.780266962531236,
                        5.511396604093662,
                        1.7762159831648043
                    ],
                    [
                        2.0448050749132243,
                        -1.493710049853967,
                        2.423896232508815,
                        2.466910397988451e-10,
                        3.055841655589183,
                        5.511396604093662,
                        11.429269248831046,
                        9.479190391321389
                    ],
                    [
                        1.2017368863812807,
                        0.7620416989474599,
                        3.957024927602869,
                        -1.0734695609776416e-09,
                        2.7055181964362878,
                        1.7762159831648043,
                        9.479190391321389,
                        13.324060656033026
                    ]
                ],
                "mui": [
                    0.0,
                    0.0,
                    0.0,
                    1.0,
                    0.0,
                    0.994137463165478,
                    0.2466910397988451,
                    -1.0734695609776415
                ],
                "Ai": [
                    [
                        0.0,
                        0.0,
                        0.0,
                        0.0,
                        0.0,
                        0.0,
                        0.0,
                        0.0
                    ],
                    [
                        -0.7100350977189048,
                        0.0,
                        0.0,
                        0.0,
                        0.0,
                        0.0,
                        0.0,
                        0.0
                    ],
                    [
                        0.8069869023844192,
                        0.7109773092931535,
                        0.0,
                        0.0,
                        0.0,
                        0.0,
                        0.0,
                        0.0
                    ],
                    [
                        0.0,
                        0.0,
                        0.0,
                        0.0,
                        0.0,
                        0.0,
                        0.0,
                        0.0
                    ],
                    [
                        -0.7168896975514245,
                        -0.8958978711080294,
                        0.7323370928574194,
                        -0.0,
                        0.0,
                        0.0,
                        0.0,
                        0.0
                    ],
                    [
                        0.7478977728871268,
                        -0.8772496452370144,
                        0.0,
                        0.994137463165478,
                        0.5651284714152066,
                        0.0,
                        0.0,
                        0.0
                    ],
                    [
                        0.8367475622861613,
                        0.7436093174308416,
                        0.8043206430812122,
                        -0.692561791317288,
                        0.8744918799220927,
                        0.9447917073011369,
                        0.0,
                        0.0
                    ],
                    [
                        0.7625531445467245,
                        0.5969181683681721,
                        0.9083608256664393,
                        -0.6192964526996048,
                        0.7474841246510642,
                        -0.6256287808116856,
                        0.6801540132881179,
                        0.0
                    ]
                ]
            },
            "est_params": {
                "mui": [
                    -0.04453366329921102,
                    -0.10820472377410245,
                    -0.0657407887231326,
                    0.9757029224074572,
                    0.3195041303644253,
                    1.3203643349161052,
                    0.7398873460721972,
                    -0.8483451216208029
                ],
                "Si": [
                    [
                        0.8783707790630586,
                        -0.9844754538705953,
                        -0.18300115957894053,
                        0.0023857705559983326,
                        0.0579901273262168,
                        1.5959303557923008,
                        1.4017839111729706,
                        -0.2716209193209598
                    ],
                    [
                        -0.9844754538705953,
                        2.261211929611512,
                        0.9511368368892891,
                        -0.0431890252204961,
                        -0.6537054870832621,
                        -3.0385690375785988,
                        -1.8947285288226035,
                        1.6259975228571624
                    ],
                    [
                        -0.18300115957894056,
                        0.9511368368892893,
                        1.551352326798475,
                        -0.08563959910983268,
                        0.10989036369733683,
                        -0.8117817587667443,
                        0.848145369528621,
                        2.654368484155099
                    ],
                    [
                        0.0023857705559983326,
                        -0.043189025220496106,
                        -0.08563959910983268,
                        0.03769297143838572,
                        -0.027430133285339844,
                        -0.025854752848696278,
                        -0.1261386918680552,
                        -0.1435634386440443
                    ],
                    [
                        0.0579901273262168,
                        -0.6537054870832621,
                        0.10989036369733686,
                        -0.02743013328533984,
                        1.6636611935862264,
                        1.6555264043095386,
                        2.6232955400548037,
                        1.5991601278596599
                    ],
                    [
                        1.5959303557923008,
