{
    "expt_args": {
        "save_dir": "all_expt_logs/expt_logs_11.05.24-main_plus_oracle_donoisepert",
        "exp_name": "152",
        "num_nodes": 6,
        "obs_noise_mean": 0.0,
        "obs_noise_var": 1.0,
        "max_edge_strength": 1.0,
        "graph_sparsity_method": "adj_dense_prop",
        "adj_dense_prop": 0.8,
        "num_parents": null,
        "new_noise_mean": 1.0,
        "mix_samples": 1024,
        "stage2_samples": 1024,
        "gmm_tol": 0.001,
        "intv_type": "do",
        "new_noise_sigma": 0.0,
        "intv_targets": [
            0,
            1,
            2,
            3,
            4,
            5
        ]
    },
    "intv_args_dict": {
        "0": {
            "intv_type": "do",
            "inode": 0,
            "new_mui": 1.0,
            "new_sigmai": 0.0,
            "true_params": {
                "Si": [
                    [
                        1e-09,
                        9.954700394425093e-10,
                        -1.5196550547502672e-09,
                        -2.0131792209220182e-09,
                        -4.221846722599124e-10,
                        3.541383289231881e-10
                    ],
                    [
                        9.954700394425093e-10,
                        1.0000000009909606,
                        -0.8223380614320461,
                        -0.5662299129942333,
                        0.8388148509096435,
                        0.7104301541441793
                    ],
                    [
                        -1.5196550547502672e-09,
                        -0.8223380614320461,
                        1.6762398871011486,
                        1.15419340237374,
                        -1.0130691267667682,
                        -0.8217243970012438
                    ],
                    [
                        -2.0131792209220182e-09,
                        -0.5662299129942333,
                        1.15419340237374,
                        1.7947325570170505,
                        0.2698011605053585,
                        -0.5385154748419041
                    ],
                    [
                        -4.221846722599124e-10,
                        0.8388148509096435,
                        -1.0130691267667682,
                        0.2698011605053585,
                        2.743907540850057,
                        1.5981315413334183
                    ],
                    [
                        3.541383289231881e-10,
                        0.7104301541441793,
                        -0.8217243970012438,
                        -0.5385154748419041,
                        1.5981315413334183,
                        2.3701197295953635
                    ]
                ],
                "mui": [
                    1.0,
                    0.9954700394425091,
                    -1.5196550547502672,
                    -2.013179220922018,
                    -0.42218467225991235,
                    0.3541383289231881
                ],
                "Ai": [
                    [
                        0.0,
                        0.0,
                        0.0,
                        0.0,
                        0.0,
                        0.0
                    ],
                    [
                        0.9954700394425091,
                        0.0,
                        0.0,
                        0.0,
                        0.0,
                        0.0
                    ],
                    [
                        -0.7010421538073501,
                        -0.822338059919275,
                        0.0,
                        0.0,
                        0.0,
                        0.0
                    ],
                    [
                        -0.9668040276450829,
                        0.0,
                        0.6885609928424786,
                        0.0,
                        0.0,
                        0.0
                    ],
                    [
                        -0.5485839042012748,
                        0.5729696089578166,
                        -0.9893668307190561,
                        0.9673610438417775,
                        0.0,
                        0.0
                    ],
                    [
                        0.0,
                        0.0,
                        0.63316638478311,
                        -0.8423934334732669,
                        0.899028683398228,
                        0.0
                    ]
                ]
            },
            "est_params": {
                "mui": [
                    0.9999905413334368,
                    0.9923724300784591,
                    -1.558797692557887,
                    -2.0201143303492906,
                    -0.48400737122632087,
                    0.3328116954189022
                ],
                "Si": [
                    [
                        1.0365032319695047e-06,
                        1.553675182398381e-05,
                        -3.277675243242453e-06,
                        7.421229867760825e-06,
                        2.115122293403731e-05,
                        1.733806443993777e-05
                    ],
                    [
                        1.5536751823983815e-05,
                        1.0346347836735028,
                        -0.9254385596978402,
                        -0.554220906442671,
                        0.9367370917057644,
                        0.7819746184302468
                    ],
                    [
                        -3.277675243242453e-06,
                        -0.9254385596978402,
                        1.743570978323635,
                        1.2187565746069586,
                        -1.1279735951711944,
                        -1.093392337094592
                    ],
                    [
                        7.421229867760825e-06,
                        -0.5542209064426711,
                        1.2187565746069584,
                        1.9116650394682035,
                        0.2713156326253693,
                        -0.7948264176403332
                    ],
                    [
                        2.1151222934037314e-05,
                        0.9367370917057644,
                        -1.1279735951711944,
                        0.27131563262536923,
                        2.7743238638653485,
                        1.5309151418237785
                    ],
                    [
                        1.733806443993777e-05,
                        0.7819746184302467,
                        -1.0933923370945922,
                        -0.7948264176403332,
                        1.5309151418237787,
                        2.112665319373573
                    ]
                ]
            },
            "est_tgt": [
                0,
                2,
                3
            ],
            "oracle_est_tgt": [
                0
            ]
        },
        "1": {
            "intv_type": "do",
            "inode": 1,
            "new_mui": 1.0,
            "new_sigmai": 0.0,
            "true_params": {
                "Si": [
                    [
                        1.0,
                        0.0,
                        -0.7010421538073501,
                        -1.4495143090951015,
                        -1.2571997253982659,
                        -0.3530736042929288
                    ],
                    [
                        0.0,
                        1e-09,
                        -8.22338059919275e-10,
                        -5.662299109901738e-10,
                        8.388148513299157e-10,
                        7.104301537916452e-10
                    ],
                    [
                        -0.7010421538073501,
                        -8.22338059919275e-10,
                        1.4914601020910883,
                        1.7047316265307142,
                        0.5580702526351948,
                        0.010008837335923088
                    ],
                    [
                        -1.4495143090951015,
                        -5.662299109901738e-10,
                        1.7047316265307142,
                        3.575207973456286,
                        2.5670922091414554,
                        0.3755365698013337
                    ],
                    [
                        -1.2571997253982659,
                        8.388148513299157e-10,
                        0.5580702526351948,
                        2.5670922091414554,
                        3.620848336105274,
                        1.4460962166082676
                    ],
                    [
                        -0.3530736042929288,
                        7.104301537916452e-10,
                        0.010008837335923088,
                        0.3755365698013337,
                        1.4460962166082676,
                        1.9900696966066396
                    ]
                ],
                "mui": [
                    0.0,
                    1.0,
                    -0.822338059919275,
                    -0.5662299109901737,
                    0.8388148513299156,
                    0.7104301537916452
                ],
                "Ai": [
                    [
                        0.0,
                        0.0,
                        0.0,
                        0.0,
                        0.0,
                        0.0
                    ],
                    [
                        0.0,
                        0.0,
                        0.0,
                        0.0,
                        0.0,
                        0.0
                    ],
                    [
                        -0.7010421538073501,
                        -0.822338059919275,
                        0.0,
                        0.0,
                        0.0,
                        0.0
                    ],
                    [
                        -0.9668040276450829,
                        0.0,
                        0.6885609928424786,
                        0.0,
                        0.0,
                        0.0
                    ],
                    [
                        -0.5485839042012748,
                        0.5729696089578166,
                        -0.9893668307190561,
                        0.9673610438417775,
                        0.0,
                        0.0
                    ],
                    [
                        0.0,
                        0.0,
                        0.63316638478311,
                        -0.8423934334732669,
                        0.899028683398228,
                        0.0
                    ]
                ]
            },
            "est_params": {
                "mui": [
                    -0.5208994399041993,
                    -0.6728569035724242,
                    0.985380323124979,
                    1.0209661853463712,
                    -1.2141979653261876,
                    -1.1013313120539296
                ],
                "Si": [
                    [
                        0.09504421943934652,
                        0.032099616686497814,
                        0.002013037070594329,
                        0.0066661399787321845,
                        -0.18283459467567542,
                        -0.3101336101964396
                    ],
                    [
                        0.03209961668649781,
                        0.4930602390205394,
                        -0.5011149021494103,
                        -0.0032791003003038487,
                        0.2166267733559474,
                        0.20564626024065005
                    ],
                    [
                        0.0020130370705943325,
                        -0.5011149021494103,
                        0.5505116007063653,
                        0.007302423743902055,
                        -0.2779877334456464,
                        -0.4439073657981073
                    ],
                    [
                        0.0066661399787321845,
                        -0.003279100300303848,
                        0.007302423743902053,
                        0.0012622207460395,
                        -0.027781625393772588,
                        -0.0715425101336985
                    ],
                    [
                        -0.1828345946756754,
                        0.21662677335594743,
                        -0.2779877334456464,
                        -0.027781625393772588,
                        0.7590512628338293,
                        1.482815888147879
                    ],
                    [
                        -0.31013361019643965,
                        0.20564626024064994,
                        -0.4439073657981073,
                        -0.0715425101336985,
                        1.482815888147879,
                        4.163620896179258
                    ]
                ]
            },
            "est_tgt": [
                0,
                2,
                3,
                4
            ],
            "oracle_est_tgt": [
                1,
                2,
                3,
                4
            ]
        },
        "2": {
            "intv_type": "do",
            "inode": 2,
            "new_mui": 1.0,
            "new_sigmai": 0.0,
            "true_params": {
                "Si": [
                    [
                        1.0,
                        0.9954700394425091,
                        0.0,
                        -0.9668040276450829,
                        -0.9134583783458602,
                        -0.006795918879634488
                    ],
                    [
                        0.9954700394425091,
                        1.9909605994276707,
                        0.0,
                        -0.9624244435330274,
                        -0.33635083896322726,
                        0.5083509795333855
                    ],
                    [
                        0.0,
                        0.0,
                        1e-09,
                        6.885609928424787e-10,
                        -3.2327974993422536e-10,
                        -2.37510642085902e-10
                    ],
                    [
                        -0.9668040276450829,
                        -0.9624244435330274,
                        6.885609928424787e-10,
                        1.9347100283448704,
                        1.8504962828901033,
                        0.033862213723381114
                    ],
                    [
                        -0.9134583783458602,
                        -0.33635083896322726,
                        -3.2327974993422536e-10,
                        1.8504962828901033,
                        3.0984877710066847,
                        1.2267834637156483
                    ],
                    [
                        -0.006795918879634488,
                        0.5083509795333855,
                        -2.37510642085902e-10,
                        0.033862213723381114,
                        1.2267834637156483,
                        2.0743882155651687
                    ]
                ],
                "mui": [
                    0.0,
                    0.0,
                    1.0,
                    0.6885609928424786,
                    -0.3232797499342253,
                    -0.237510642085902
                ],
                "Ai": [
                    [
                        0.0,
                        0.0,
                        0.0,
                        0.0,
                        0.0,
                        0.0
                    ],
                    [
                        0.9954700394425091,
                        0.0,
                        0.0,
                        0.0,
                        0.0,
                        0.0
                    ],
                    [
                        0.0,
                        0.0,
                        0.0,
                        0.0,
                        0.0,
                        0.0
                    ],
                    [
                        -0.9668040276450829,
                        0.0,
                        0.6885609928424786,
                        0.0,
                        0.0,
                        0.0
                    ],
                    [
                        -0.5485839042012748,
                        0.5729696089578166,
                        -0.9893668307190561,
                        0.9673610438417775,
                        0.0,
                        0.0
                    ],
                    [
                        0.0,
                        0.0,
                        0.63316638478311,
                        -0.8423934334732669,
                        0.899028683398228,
                        0.0
                    ]
                ]
            },
            "est_params": {
                "mui": [
                    -0.19022968103793936,
                    -0.27609415837087925,
                    1.0000007400130273,
                    0.8568818246437677,
                    -0.05939286300441352,
                    -0.1789088103117455
                ],
                "Si": [
                    [
                        1.2781343490458787,
                        1.2947673391892274,
                        -2.090103839757277e-06,
                        -1.0633909548371334,
                        -0.9787723029473815,
                        0.21253178826956395
                    ],
                    [
                        1.2947673391892274,
                        2.3338813937328826,
                        -1.4716093719270441e-06,
                        -1.0537041575696389,
                        -0.45707631139856364,
                        0.6581763664213311
                    ],
                    [
                        -2.0901038397572773e-06,
                        -1.4716093719270441e-06,
                        1.0071663110289884e-06,
                        -1.2161475134765475e-06,
                        3.649275132244628e-07,
                        4.176364692242378e-06
                    ],
                    [
                        -1.0633909548371332,
                        -1.0537041575696389,
                        -1.2161475134765475e-06,
                        1.7499765461847214,
                        1.5562956711886806,
                        -0.2849388144608332
                    ],
                    [
                        -0.9787723029473813,
                        -0.45707631139856364,
                        3.649275132244629e-07,
                        1.5562956711886806,
                        2.7107871359122577,
                        0.9982705014292553
                    ],
                    [
                        0.2125317882695639,
                        0.6581763664213311,
                        4.176364692242378e-06,
                        -0.2849388144608332,
                        0.9982705014292553,
                        2.2860939584949778
                    ]
                ]
            },
            "est_tgt": [
                0,
                2
            ],
            "oracle_est_tgt": [
                1,
                2,
                3,
                4
            ]
        },
        "3": {
            "intv_type": "do",
            "inode": 3,
            "new_mui": 1.0,
            "new_sigmai": 0.0,
            "true_params": {
                "Si": [
                    [
                        1.0,
                        0.9954700394425091,
                        -1.5196550547502672,
                        0.0,
                        1.5252864803317874,
                        0.40908179908419817
                    ],
                    [
                        0.9954700394425091,
                        1.9909605994276707,
                        -2.335109137210532,
                        0.0,
                        2.904940601816817,
                        1.1331123141198294
                    ],
                    [
                        -1.5196550547502672,
                        -2.335109137210532,
                        3.9855913702198347,
                        0.0,
                        -4.447500168742857,
                        -1.474887742013433
                    ],
                    [
                        0.0,
                        0.0,
                        0.0,
                        1e-09,
                        9.673610438417774e-10,
                        2.72918921425418e-11
                    ],
                    [
                        1.5252864803317874,
                        2.904940601816817,
                        -4.447500168742857,
                        9.673610438417774e-10,
                        6.2279042157702085,
                        2.783056923454078
                    ],
                    [
                        0.40908179908419817,
                        1.1331123141198294,
                        -1.474887742013433,
                        2.72918921425418e-11,
                        2.783056923454078,
                        2.5681986621206825
                    ]
                ],
                "mui": [
                    0.0,
                    0.0,
                    0.0,
                    1.0,
                    0.9673610438417775,
                    0.027291892142541796
                ],
                "Ai": [
                    [
                        0.0,
                        0.0,
                        0.0,
                        0.0,
                        0.0,
                        0.0
                    ],
                    [
                        0.9954700394425091,
                        0.0,
                        0.0,
                        0.0,
                        0.0,
                        0.0
                    ],
                    [
                        -0.7010421538073501,
                        -0.822338059919275,
                        0.0,
                        0.0,
                        0.0,
                        0.0
                    ],
                    [
                        0.0,
                        0.0,
                        0.0,
                        0.0,
                        0.0,
                        0.0
                    ],
                    [
                        -0.5485839042012748,
                        0.5729696089578166,
                        -0.9893668307190561,
                        0.9673610438417775,
                        0.0,
                        0.0
                    ],
                    [
                        0.0,
                        0.0,
                        0.63316638478311,
                        -0.8423934334732669,
                        0.899028683398228,
                        0.0
                    ]
                ]
            },
            "est_params": {
                "mui": [
                    0.06958327116617373,
                    0.10085258866175122,
                    -0.041517496884309855,
                    0.9999939258356321,
                    1.0271394371650888,
                    0.18859589775110155
                ],
                "Si": [
                    [
                        1.051079945726814,
                        1.0578767816961179,
                        -1.6027359389723563,
                        3.972661089032755e-06,
                        1.6266161581783694,
                        0.48691986002403803
                    ],
                    [
                        1.0578767816961177,
                        2.055902278641262,
                        -2.4843114132878337,
                        -5.690375105234162e-06,
                        3.040058503455897,
                        1.224819400701194
                    ],
                    [
                        -1.6027359389723563,
                        -2.4843114132878337,
                        4.154119631933363,
                        7.678724931314457e-06,
                        -4.566038840319073,
                        -1.5466440814433333
                    ],
                    [
                        3.9726610890327555e-06,
                        -5.690375105234163e-06,
                        7.678724931314457e-06,
                        1.005870381545035e-06,
                        -8.695917849186524e-06,
                        -1.2917059596828071e-05
                    ],
                    [
                        1.6266161581783694,
                        3.040058503455897,
                        -4.566038840319073,
                        -8.695917849186524e-06,
                        6.229482225797745,
                        2.777854662310015
                    ],
                    [
                        0.48691986002403803,
                        1.224819400701194,
                        -1.5466440814433335,
                        -1.2917059596828071e-05,
                        2.777854662310015,
                        2.6712702915290647
                    ]
                ]
            },
            "est_tgt": [
                0,
                1,
                3
            ],
            "oracle_est_tgt": [
                1,
                2,
                3
            ]
        },
        "4": {
            "intv_type": "do",
            "inode": 4,
            "new_mui": 1.0,
            "new_sigmai": 0.0,
            "true_params": {
                "Si": [
                    [
                        1.0,
                        0.9954700394425091,
                        -1.5196550547502672,
                        -2.013179220922018,
                        0.0,
                        0.7336944589759294
                    ],
                    [
                        0.9954700394425091,
                        1.9909605994276707,
                        -2.335109137210532,
                        -2.570289509446255,
                        0.0,
                        0.6866823944011498
                    ],
                    [
                        -1.5196550547502672,
                        -2.335109137210532,
                        3.9855913702198347,
                        4.213531378506751,
                        0.0,
                        -1.025908685882795
                    ],
                    [
                        -2.013179220922018,
                        -2.570289509446255,
                        4.213531378506751,
                        5.847623128516343,
                        0.0,
                        -2.2581328947892554
                    ],
                    [
                        0.0,
                        0.0,
                        0.0,
                        0.0,
                        1e-09,
                        8.99028683398228e-10
                    ],
                    [
                        0.7336944589759294,
                        0.6866823944011498,
                        -1.025908685882795,
                        -2.2581328947892554,
                        8.99028683398228e-10,
                        2.2526654295307003
                    ]
                ],
                "mui": [
                    0.0,
                    0.0,
                    0.0,
                    0.0,
                    1.0,
                    0.899028683398228
                ],
                "Ai": [
                    [
                        0.0,
                        0.0,
                        0.0,
                        0.0,
                        0.0,
                        0.0
                    ],
                    [
                        0.9954700394425091,
                        0.0,
                        0.0,
                        0.0,
                        0.0,
                        0.0
                    ],
                    [
                        -0.7010421538073501,
                        -0.822338059919275,
                        0.0,
                        0.0,
                        0.0,
                        0.0
                    ],
                    [
                        -0.9668040276450829,
                        0.0,
                        0.6885609928424786,
                        0.0,
                        0.0,
                        0.0
                    ],
                    [
                        0.0,
                        0.0,
                        0.0,
                        0.0,
                        0.0,
                        0.0
                    ],
                    [
                        0.0,
                        0.0,
                        0.63316638478311,
                        -0.8423934334732669,
                        0.899028683398228,
                        0.0
                    ]
                ]
            },
            "est_params": {
                "mui": [
                    -0.10953249725736498,
                    -0.005091078415821707,
                    0.03206176562416942,
                    0.02229807942641625,
                    0.9999999514453438,
                    0.83544243448119
                ],
                "Si": [
                    [
                        0.9538431755355585,
                        1.0007346936080093,
                        -1.4613093560980064,
                        -1.9319876936740008,
                        -5.372501381445341e-08,
                        0.6839412259931813
                    ],
                    [
                        1.0007346936080095,
                        2.233672262514108,
                        -2.429663755081226,
                        -2.6736581669565576,
                        -1.0743161871291621e-07,
                        0.6474005145433162
                    ],
                    [
                        -1.4613093560980066,
                        -2.4296637550812257,
                        3.899940345704351,
                        4.115720670901907,
                        1.358399595657741e-07,
                        -0.9962485455080323
                    ],
                    [
                        -1.9319876936740008,
                        -2.6736581669565576,
                        4.115720670901906,
                        5.684040766762383,
                        1.1158875864957284e-07,
                        -2.117663882984258
                    ],
                    [
                        -5.372501381445341e-08,
                        -1.0743161871291618e-07,
                        1.358399595657741e-07,
                        1.1158875864957281e-07,
                        1.0001631459190274e-06,
                        -1.1716373573672371e-07
                    ],
                    [
                        0.6839412259931812,
                        0.6474005145433162,
                        -0.9962485455080325,
                        -2.117663882984258,
                        -1.1716373573672374e-07,
                        1.9916409191134326
                    ]
                ]
            },
            "est_tgt": [
                4,
                5
            ],
            "oracle_est_tgt": [
                4
            ]
        },
        "5": {
            "intv_type": "do",
            "inode": 5,
            "new_mui": 1.0,
            "new_sigmai": 0.0,
            "true_params": {
                "Si": [
                    [
                        1.0,
                        0.9954700394425091,
                        -1.5196550547502672,
                        -2.013179220922018,
                        -0.42218467225991235,
                        0.0
                    ],
                    [
                        0.9954700394425091,
                        1.9909605994276707,
                        -2.335109137210532,
                        -2.570289509446255,
                        0.4185426589833179,
                        0.0
                    ],
                    [
                        -1.5196550547502672,
                        -2.335109137210532,
                        3.9855913702198347,
                        4.213531378506751,
                        -0.3714940561704825,
                        0.0
                    ],
                    [
                        -2.013179220922018,
                        -2.570289509446255,
                        4.213531378506751,
                        5.847623128516343,
                        1.119734569240853,
                        0.0
                    ],
                    [
                        -0.42218467225991235,
                        0.4185426589833179,
                        -0.3714940561704825,
                        1.119734569240853,
                        2.9221474381630266,
                        0.0
                    ],
                    [
                        0.0,
                        0.0,
                        0.0,
                        0.0,
                        0.0,
                        1e-09
                    ]
                ],
                "mui": [
                    0.0,
                    0.0,
                    0.0,
                    0.0,
                    0.0,
                    1.0
                ],
                "Ai": [
                    [
                        0.0,
                        0.0,
                        0.0,
                        0.0,
                        0.0,
                        0.0
                    ],
                    [
                        0.9954700394425091,
                        0.0,
                        0.0,
                        0.0,
                        0.0,
                        0.0
                    ],
                    [
                        -0.7010421538073501,
                        -0.822338059919275,
                        0.0,
                        0.0,
                        0.0,
                        0.0
                    ],
                    [
                        -0.9668040276450829,
                        0.0,
                        0.6885609928424786,
                        0.0,
                        0.0,
                        0.0
                    ],
                    [
                        -0.5485839042012748,
                        0.5729696089578166,
                        -0.9893668307190561,
                        0.9673610438417775,
                        0.0,
                        0.0
                    ],
                    [
                        0.0,
                        0.0,
                        0.0,
                        0.0,
                        0.0,
                        0.0
                    ]
                ]
            },
            "est_params": {
                "mui": [
                    -0.10625036574348483,
                    -0.17004322679389203,
                    0.3179692339846018,
                    0.19317334196686015,
                    -0.10384297799061948,
                    0.9999947068397284
                ],
                "Si": [
                    [
                        0.8867518242334869,
                        0.9008372487475007,
                        -1.3943661661489162,
                        -1.954947424688473,
                        -0.5654710004871247,
                        -3.3632974512573246e-06
                    ],
                    [
                        0.9008372487475007,
                        1.8678057112745483,
                        -2.103651823003833,
                        -2.49494377397646,
                        0.07157634946563599,
                        -6.193003709596667e-06
                    ],
                    [
                        -1.3943661661489162,
                        -2.103651823003833,
                        3.6895888513383395,
                        4.094278718324512,
                        0.09198631890389736,
                        8.921716015930833e-06
                    ],
                    [
                        -1.954947424688473,
                        -2.49494377397646,
                        4.094278718324512,
                        5.880510725372974,
                        1.5235512376263216,
                        5.337571756741584e-06
                    ],
                    [
                        -0.5654710004871247,
                        0.071576349465636,
                        0.09198631890389727,
                        1.5235512376263214,
                        2.7287424508628013,
                        -4.947723676593725e-06
                    ],
                    [
                        -3.363297451257324e-06,
                        -6.193003709596667e-06,
                        8.921716015930833e-06,
                        5.337571756741584e-06,
                        -4.947723676593725e-06,
                        1.0206782100728562e-06
                    ]
                ]
            },
            "est_tgt": [
                4,
                5
            ],
            "oracle_est_tgt": [
                5
            ]
        },
        "obs": {
            "intv_type": "obs",
            "true_params": {
                "Si": [
                    [
                        1.0,
                        0.9954700394425091,
                        -1.5196550547502672,
                        -2.013179220922018,
                        -0.42218467225991235,
                        0.3541383289231881
                    ],
                    [
                        0.9954700394425091,
                        1.9909605994276707,
                        -2.335109137210532,
                        -2.570289509446255,
                        0.4185426589833179,
                        1.0629642500529155
                    ],
                    [
                        -1.5196550547502672,
                        -2.335109137210532,
                        3.9855913702198347,
                        4.213531378506751,
                        -0.3714940561704825,
                        -1.359892498092011
                    ],
                    [
                        -2.013179220922018,
                        -2.570289509446255,
                        4.213531378506751,
                        5.847623128516343,
                        1.119734569240853,
                        -1.2514593992491694
                    ],
                    [
                        -0.42218467225991235,
                        0.4185426589833179,
                        -0.3714940561704825,
                        1.119734569240853,
                        2.9221474381630266,
                        1.4486197671518208
                    ],
                    [
                        0.3541383289231881,
                        1.0629642500529155,
                        -1.359892498092011,
                        -1.2514593992491694,
                        1.4486197671518208,
                        2.4955336854824575
                    ]
                ],
                "mui": [
                    0.0,
                    0.0,
                    0.0,
                    0.0,
                    0.0,
                    0.0
                ],
                "Ai": [
                    [
                        0.0,
