{
    "expt_args": {
        "save_dir": "all_expt_logs/expt_logs_11.05.24-main_plus_oracle_donoisepert",
        "exp_name": "106",
        "num_nodes": 6,
        "obs_noise_mean": 0.0,
        "obs_noise_var": 1.0,
        "max_edge_strength": 1.0,
        "graph_sparsity_method": "adj_dense_prop",
        "adj_dense_prop": 0.8,
        "num_parents": null,
        "new_noise_mean": 1.0,
        "mix_samples": 4096,
        "stage2_samples": 4096,
        "gmm_tol": 0.001,
        "intv_type": "do",
        "new_noise_sigma": 0.0,
        "intv_targets": [
            0,
            1,
            2,
            3,
            4,
            5
        ]
    },
    "intv_args_dict": {
        "0": {
            "intv_type": "do",
            "inode": 0,
            "new_mui": 1.0,
            "new_sigmai": 0.0,
            "true_params": {
                "Si": [
                    [
                        1e-09,
                        0.0,
                        -7.411494313200728e-10,
                        -1.0831455398667837e-09,
                        1.7182844826200264e-09,
                        2.7988957925254523e-09
                    ],
                    [
                        0.0,
                        1.0,
                        0.0,
                        0.6339202232545038,
                        -1.0119088992027316,
                        -2.0497745696243648
                    ],
                    [
                        -7.411494313200728e-10,
                        0.0,
                        1.0000000005493024,
                        0.7242005214199692,
                        -0.9341343354173369,
                        -1.2239833231242303
                    ],
                    [
                        -1.0831455398667837e-09,
                        0.6339202232545038,
                        0.7242005214199692,
                        1.9263212446864624,
                        -1.9129779621573213,
                        -3.4426509420755256
                    ],
                    [
                        1.7182844826200264e-09,
                        -1.0119088992027316,
                        -0.9341343354173369,
                        -1.9129779621573213,
                        3.250600947452045,
                        4.5889040094799824
                    ],
                    [
                        2.7988957925254523e-09,
                        -2.0497745696243648,
                        -1.2239833231242303,
                        -3.4426509420755256,
                        4.5889040094799824,
                        8.66815456981043
                    ]
                ],
                "mui": [
                    1.0,
                    0.0,
                    -0.7411494313200728,
                    -1.0831455398667837,
                    1.7182844826200263,
                    2.7988957925254523
                ],
                "Ai": [
                    [
                        0.0,
                        0.0,
                        0.0,
                        0.0,
                        0.0,
                        0.0
                    ],
                    [
                        -0.0,
                        0.0,
                        0.0,
                        0.0,
                        0.0,
                        0.0
                    ],
                    [
                        -0.7411494313200728,
                        -0.0,
                        0.0,
                        0.0,
                        0.0,
                        0.0
                    ],
                    [
                        -0.546404735849648,
                        0.6339202232545038,
                        0.7242005206171964,
                        0.0,
                        0.0,
                        0.0
                    ],
                    [
                        0.7008362319330874,
                        -0.6347213749501011,
                        -0.5032293221035395,
                        -0.5950078738869935,
                        0.0,
                        0.0
                    ],
                    [
                        0.7680084373567919,
                        -0.8572719954968595,
                        -0.0,
                        -0.885848980902216,
                        0.6235195588074284,
                        0.0
                    ]
                ]
            },
            "est_params": {
                "mui": [
                    1.0000010055288677,
                    0.05891421358082716,
                    -0.6815744172998024,
                    -1.0814901023035217,
                    1.6631040577548901,
                    2.706772733105606
                ],
                "Si": [
                    [
                        1.0090367581332304e-06,
                        3.2898460148912685e-06,
                        2.5039968199743285e-06,
                        -1.5332836452784648e-07,
                        -1.0814274364181862e-06,
                        -3.879738189519613e-06
                    ],
                    [
                        3.2898460148912685e-06,
                        1.0026271069131605,
                        -0.0293386839949266,
                        0.6064621887445325,
                        -1.0400210339832652,
                        -2.0626498022840574
                    ],
                    [
                        2.5039968199743285e-06,
                        -0.029338683994926586,
                        0.985478994095498,
                        0.6266185387918026,
                        -0.776847786570777,
                        -1.0185105228013493
                    ],
                    [
                        -1.5332836452784577e-07,
                        0.6064621887445325,
                        0.6266185387918026,
                        1.7243536934694839,
                        -1.8062512772569446,
                        -3.167731044808324
                    ],
                    [
                        -1.0814274364181864e-06,
                        -1.0400210339832652,
                        -0.7768477865707771,
                        -1.8062512772569446,
                        3.1877681298024,
                        4.505276004972039
                    ],
                    [
                        -3.879738189519612e-06,
                        -2.0626498022840574,
                        -1.0185105228013493,
                        -3.167731044808324,
                        4.505276004972039,
                        8.396241134310724
                    ]
                ]
            },
            "est_tgt": [
                0,
                2,
                5
            ],
            "oracle_est_tgt": [
                0,
                2,
                4,
                5
            ]
        },
        "1": {
            "intv_type": "do",
            "inode": 1,
            "new_mui": 1.0,
            "new_sigmai": 0.0,
            "true_params": {
                "Si": [
                    [
                        1.0,
                        0.0,
                        -0.7411494313200728,
                        -1.0831455398667837,
                        1.7182844826200263,
                        2.7988957925254523
                    ],
                    [
                        0.0,
                        1e-09,
                        0.0,
                        6.339202232545038e-10,
                        -1.0119088992027316e-09,
                        -2.049774569624365e-09
                    ],
                    [
                        -0.7411494313200728,
                        0.0,
                        1.5493024795460673,
                        1.5269732215263363,
                        -2.2076399012837693,
                        -3.298383346004214
                    ],
                    [
                        -1.0831455398667837,
                        6.339202232545038e-10,
                        1.5269732215263363,
                        2.6976706549973795,
                        -3.1326606192140094,
                        -5.174868881771477
                    ],
                    [
                        1.7182844826200263,
                        -1.0119088992027316e-09,
                        -2.2076399012837693,
                        -3.1326606192140094,
                        5.17914288845059,
                        7.324018087149491
                    ],
                    [
                        2.7988957925254523,
                        -2.049774569624365e-09,
                        -3.298383346004214,
                        -5.174868881771477,
                        7.324018087149491,
                        12.300396437316115
                    ]
                ],
                "mui": [
                    0.0,
                    1.0,
                    0.0,
                    0.6339202232545038,
                    -1.0119088992027316,
                    -2.0497745696243648
                ],
                "Ai": [
                    [
                        0.0,
                        0.0,
                        0.0,
                        0.0,
                        0.0,
                        0.0
                    ],
                    [
                        0.0,
                        0.0,
                        0.0,
                        0.0,
                        0.0,
                        0.0
                    ],
                    [
                        -0.7411494313200728,
                        -0.0,
                        0.0,
                        0.0,
                        0.0,
                        0.0
                    ],
                    [
                        -0.546404735849648,
                        0.6339202232545038,
                        0.7242005206171964,
                        0.0,
                        0.0,
                        0.0
                    ],
                    [
                        0.7008362319330874,
                        -0.6347213749501011,
                        -0.5032293221035395,
                        -0.5950078738869935,
                        0.0,
                        0.0
                    ],
                    [
                        0.7680084373567919,
                        -0.8572719954968595,
                        -0.0,
                        -0.885848980902216,
                        0.6235195588074284,
                        0.0
                    ]
                ]
            },
            "est_params": {
                "mui": [
                    -0.018044358815090773,
                    0.9999999904570748,
                    -0.004455020884943941,
                    0.596609328009633,
                    -1.008964892480585,
                    -2.045712267837244
                ],
                "Si": [
                    [
                        0.9617651517680734,
                        -4.15727169503807e-09,
                        -0.7111009803126758,
                        -1.0314765760691234,
                        1.6649737824928368,
                        2.665579976941613
                    ],
                    [
                        -4.157271695038068e-09,
                        1.0000348869768082e-06,
                        -1.737746061801601e-09,
                        -7.117851522718365e-09,
                        -5.78265947731875e-09,
                        -3.083587006328865e-08
                    ],
                    [
                        -0.7111009803126757,
                        -1.7377460618016014e-09,
                        1.513906544236765,
                        1.5482259390540154,
                        -2.2597668885880657,
                        -3.3211561845821924
                    ],
                    [
                        -1.0314765760691234,
                        -7.117851522718367e-09,
                        1.5482259390540154,
                        2.7945392106177294,
                        -3.280644589698425,
                        -5.2636169921731835
                    ],
                    [
                        1.6649737824928368,
                        -5.782659477318751e-09,
                        -2.259766888588066,
                        -3.2806445896984253,
                        5.332801471373262,
                        7.454686578993431
                    ],
                    [
                        2.665579976941613,
                        -3.083587006328865e-08,
                        -3.3211561845821924,
                        -5.263616992173182,
                        7.454686578993431,
                        12.198601979571766
                    ]
                ]
            },
            "est_tgt": [
                1,
                3
            ],
            "oracle_est_tgt": [
                1
            ]
        },
        "2": {
            "intv_type": "do",
            "inode": 2,
            "new_mui": 1.0,
            "new_sigmai": 0.0,
            "true_params": {
                "Si": [
                    [
                        1.0,
                        0.0,
                        0.0,
                        -0.546404735849648,
                        1.0259513520927708,
                        1.8917412501841162
                    ],
                    [
                        0.0,
                        1.0,
                        0.0,
                        0.6339202232545038,
                        -1.0119088992027316,
                        -2.0497745696243648
                    ],
                    [
                        0.0,
                        0.0,
                        1e-09,
                        7.242005206171965e-10,
                        -9.341343341438314e-10,
                        -1.2239833210498304e-09
                    ],
                    [
                        -0.546404735849648,
                        0.6339202232545038,
                        7.242005206171965e-10,
                        1.70041298533443,
                        -1.7970620673941486,
                        -3.589897959702006
                    ],
                    [
                        1.0259513520927708,
                        -1.0119088992027316,
                        -9.341343341438314e-10,
                        -1.7970620673941486,
                        3.430570168006796,
                        5.386373654638072
                    ],
                    [
                        1.8917412501841162,
                        -2.0497745696243648,
                        -1.2239833210498304e-09,
                        -3.589897959702006,
                        5.386373654638072,
                        10.748704350914736
                    ]
                ],
                "mui": [
                    0.0,
                    0.0,
                    1.0,
                    0.7242005206171964,
                    -0.9341343341438314,
                    -1.2239833210498303
                ],
                "Ai": [
                    [
                        0.0,
                        0.0,
                        0.0,
                        0.0,
                        0.0,
                        0.0
                    ],
                    [
                        -0.0,
                        0.0,
                        0.0,
                        0.0,
                        0.0,
                        0.0
                    ],
                    [
                        0.0,
                        0.0,
                        0.0,
                        0.0,
                        0.0,
                        0.0
                    ],
                    [
                        -0.546404735849648,
                        0.6339202232545038,
                        0.7242005206171964,
                        0.0,
                        0.0,
                        0.0
                    ],
                    [
                        0.7008362319330874,
                        -0.6347213749501011,
                        -0.5032293221035395,
                        -0.5950078738869935,
                        0.0,
                        0.0
                    ],
                    [
                        0.7680084373567919,
                        -0.8572719954968595,
                        -0.0,
                        -0.885848980902216,
                        0.6235195588074284,
                        0.0
                    ]
                ]
            },
            "est_params": {
                "mui": [
                    0.011461388639689072,
                    0.031902204835009634,
                    1.0000059255917784,
                    0.7064323616335088,
                    -0.9214121162083808,
                    -1.2323585870528657
                ],
                "Si": [
                    [
                        0.9358580740345218,
                        0.030081765750779053,
                        -2.675657109569342e-06,
                        -0.5427594803841255,
                        0.8874577061375007,
                        1.7316226714101928
                    ],
                    [
                        0.030081765750779064,
                        1.0094296516798507,
                        -1.542583262721693e-05,
                        0.5394444346003716,
                        -0.9906062846709466,
                        -1.9328593938571388
                    ],
                    [
                        -2.675657109569342e-06,
                        -1.542583262721693e-05,
                        1.0626326103771888e-06,
                        -8.663024511244154e-06,
                        1.686376977133741e-05,
                        3.188559502559882e-05
                    ],
                    [
                        -0.5427594803841256,
                        0.5394444346003716,
                        -8.663024511244153e-06,
                        1.5664835328204154,
                        -1.6121300051224938,
                        -3.257815647092443
                    ],
                    [
                        0.8874577061375007,
                        -0.9906062846709466,
                        1.686376977133741e-05,
                        -1.6121300051224938,
                        3.2711353546032798,
                        4.9890827418264
                    ],
                    [
                        1.7316226714101928,
                        -1.9328593938571388,
                        3.188559502559882e-05,
                        -3.257815647092443,
                        4.9890827418264,
                        9.945894145097082
                    ]
                ]
            },
            "est_tgt": [
                0,
                2,
                5
            ],
            "oracle_est_tgt": [
                0,
                2,
                5
            ]
        },
        "3": {
            "intv_type": "do",
            "inode": 3,
            "new_mui": 1.0,
            "new_sigmai": 0.0,
            "true_params": {
                "Si": [
                    [
                        1.0,
                        0.0,
                        -0.7411494313200728,
                        0.0,
                        1.0738043578337115,
                        1.4375464567987617
                    ],
                    [
                        0.0,
                        1.0,
                        0.0,
                        0.0,
                        -0.6347213749501011,
                        -1.253033187171391
                    ],
                    [
                        -0.7411494313200728,
                        0.0,
                        1.5493024795460673,
                        0.0,
                        -1.299078811261011,
                        -1.3792100638495481
                    ],
                    [
                        0.0,
                        0.0,
                        0.0,
                        1e-09,
                        -5.950078738869936e-10,
                        -1.2568480279151802e-09
                    ],
                    [
                        1.0738043578337115,
                        -0.6347213749501011,
                        -1.299078811261011,
                        -5.950078738869936e-10,
                        2.8091667737000385,
                        3.120390094455788
                    ],
                    [
                        1.4375464567987617,
                        -1.253033187171391,
                        -1.3792100638495481,
                        -1.2568480279151802e-09,
                        3.120390094455788,
                        5.123862324819539
                    ]
                ],
                "mui": [
                    0.0,
                    0.0,
                    0.0,
                    1.0,
                    -0.5950078738869935,
                    -1.2568480279151801
                ],
                "Ai": [
                    [
                        0.0,
                        0.0,
                        0.0,
                        0.0,
                        0.0,
                        0.0
                    ],
                    [
                        -0.0,
                        0.0,
                        0.0,
                        0.0,
                        0.0,
                        0.0
                    ],
                    [
                        -0.7411494313200728,
                        -0.0,
                        0.0,
                        0.0,
                        0.0,
                        0.0
                    ],
                    [
                        0.0,
                        0.0,
                        0.0,
                        0.0,
                        0.0,
                        0.0
                    ],
                    [
                        0.7008362319330874,
                        -0.6347213749501011,
                        -0.5032293221035395,
                        -0.5950078738869935,
                        0.0,
                        0.0
                    ],
                    [
                        0.7680084373567919,
                        -0.8572719954968595,
                        -0.0,
                        -0.885848980902216,
                        0.6235195588074284,
                        0.0
                    ]
                ]
            },
            "est_params": {
                "mui": [
                    -0.026162991746151155,
                    0.009528076802131252,
                    0.06969773015234984,
                    0.9999934268260837,
                    -0.6593999361505151,
                    -1.3517465960605803
                ],
                "Si": [
                    [
                        0.9634651183010652,
                        0.0006244631007498864,
                        -0.6999783271211379,
                        3.8463392666418916e-06,
                        1.0729335905295159,
                        1.3601852133685262
                    ],
                    [
                        0.0006244631007498954,
                        1.0705263222583656,
                        -0.004223435864371478,
                        3.890681821184445e-06,
                        -0.68414221469226,
                        -1.3336963756823659
                    ],
                    [
                        -0.6999783271211379,
                        -0.004223435864371475,
                        1.5238818515773738,
                        -1.509011847584981e-05,
                        -1.2472986895958136,
                        -1.173124726682471
                    ],
                    [
                        3.846339266641891e-06,
                        3.890681821184445e-06,
                        -1.509011847584981e-05,
                        1.020116440977008e-06,
                        2.4106074713211546e-06,
                        -8.501104182823134e-06
                    ],
                    [
                        1.0729335905295159,
                        -0.6841422146922599,
                        -1.2472986895958136,
                        2.410607471321155e-06,
                        2.8344110190144582,
                        3.1740012632402412
                    ],
                    [
                        1.3601852133685264,
                        -1.3336963756823659,
                        -1.173124726682471,
                        -8.501104182823134e-06,
                        3.174001263240241,
                        5.0495154729653855
                    ]
                ]
            },
            "est_tgt": [
                0,
                3,
                5
            ],
            "oracle_est_tgt": [
                0,
                3,
                5
            ]
        },
        "4": {
            "intv_type": "do",
            "inode": 4,
            "new_mui": 1.0,
            "new_sigmai": 0.0,
            "true_params": {
                "Si": [
                    [
                        1.0,
                        0.0,
                        -0.7411494313200728,
                        -1.0831455398667837,
                        0.0,
                        1.727511810016563
                    ],
                    [
                        0.0,
                        1.0,
                        0.0,
                        0.6339202232545038,
                        0.0,
                        -1.4188295792401668
                    ],
                    [
                        -0.7411494313200728,
                        0.0,
                        1.5493024795460673,
                        1.5269732215263363,
                        0.0,
                        -1.921876688750083
                    ],
                    [
                        -1.0831455398667837,
                        0.6339202232545038,
                        1.5269732215263363,
                        3.099525504046565,
                        0.0,
                        -4.121018477318347
                    ],
                    [
                        0.0,
                        0.0,
                        0.0,
                        0.0,
                        1e-09,
                        6.235195588074284e-10
                    ],
                    [
                        1.727511810016563,
                        -1.4188295792401668,
                        -1.921876688750083,
                        -4.121018477318347,
                        6.235195588074284e-10,
                        7.193666529191848
                    ]
                ],
                "mui": [
                    0.0,
                    0.0,
                    0.0,
                    0.0,
                    1.0,
                    0.6235195588074284
                ],
                "Ai": [
                    [
                        0.0,
                        0.0,
                        0.0,
                        0.0,
                        0.0,
                        0.0
                    ],
                    [
                        -0.0,
                        0.0,
                        0.0,
                        0.0,
                        0.0,
                        0.0
                    ],
                    [
                        -0.7411494313200728,
                        -0.0,
                        0.0,
                        0.0,
                        0.0,
                        0.0
                    ],
                    [
                        -0.546404735849648,
                        0.6339202232545038,
                        0.7242005206171964,
                        0.0,
                        0.0,
                        0.0
                    ],
                    [
                        0.0,
                        0.0,
                        0.0,
                        0.0,
                        0.0,
                        0.0
                    ],
                    [
                        0.7680084373567919,
                        -0.8572719954968595,
                        -0.0,
                        -0.885848980902216,
                        0.6235195588074284,
                        0.0
                    ]
                ]
            },
            "est_params": {
                "mui": [
                    0.011722391751532541,
                    0.009551949472308164,
                    -0.022464922624552457,
                    -0.04723307321110208,
                    1.000000686016333,
                    0.6292800677349446
                ],
                "Si": [
                    [
                        1.0654524449638096,
                        -0.06483627322600446,
                        -0.8301455747578403,
                        -1.2346825559239158,
                        -1.9144284527146543e-07,
                        1.9535741866309457
                    ],
                    [
                        -0.06483627322600446,
                        0.9802122684285262,
                        0.09013822726176747,
                        0.7010806516745167,
                        3.174554506242035e-07,
                        -1.4341365596847362
                    ],
                    [
                        -0.8301455747578403,
                        0.09013822726176747,
                        1.6502557017603101,
                        1.7163081365739297,
                        1.0299423085865205e-07,
                        -2.2602655253769126
                    ],
                    [
                        -1.234682555923916,
                        0.7010806516745167,
                        1.7163081365739297,
                        3.36701909017634,
                        -1.4151756500368567e-07,
                        -4.576170441705276
                    ],
                    [
                        -1.9144284527146556e-07,
                        3.174554506242033e-07,
                        1.0299423085865207e-07,
                        -1.415175650036856e-07,
                        1.0031855487757774e-06,
                        -1.2800677947373457e-06
                    ],
                    [
                        1.9535741866309457,
                        -1.4341365596847362,
                        -2.2602655253769126,
                        -4.576170441705276,
                        -1.2800677947373457e-06,
                        7.8132995075957075
                    ]
                ]
            },
            "est_tgt": [
                0,
                3,
                4,
                5
            ],
            "oracle_est_tgt": [
                0,
                3,
                4,
                5
            ]
        },
        "5": {
            "intv_type": "do",
            "inode": 5,
            "new_mui": 1.0,
            "new_sigmai": 0.0,
            "true_params": {
                "Si": [
                    [
                        1.0,
                        0.0,
                        -0.7411494313200728,
                        -1.0831455398667837,
                        1.7182844826200263,
                        0.0
                    ],
                    [
                        0.0,
                        1.0,
                        0.0,
                        0.6339202232545038,
                        -1.0119088992027316,
                        0.0
                    ],
                    [
                        -0.7411494313200728,
                        0.0,
                        1.5493024795460673,
                        1.5269732215263363,
                        -2.2076399012837693,
                        0.0
                    ],
                    [
                        -1.0831455398667837,
                        0.6339202232545038,
                        1.5269732215263363,
                        3.099525504046565,
                        -3.774130133868355,
                        0.0
                    ],
                    [
                        1.7182844826200263,
                        -1.0119088992027316,
                        -2.2076399012837693,
                        -3.774130133868355,
                        6.203102507712315,
                        0.0
                    ],
                    [
                        0.0,
                        0.0,
                        0.0,
                        0.0,
                        0.0,
                        1e-09
                    ]
                ],
                "mui": [
                    0.0,
                    0.0,
                    0.0,
                    0.0,
                    0.0,
                    1.0
                ],
                "Ai": [
                    [
                        0.0,
                        0.0,
                        0.0,
                        0.0,
                        0.0,
                        0.0
                    ],
                    [
                        -0.0,
                        0.0,
                        0.0,
                        0.0,
                        0.0,
                        0.0
                    ],
                    [
                        -0.7411494313200728,
                        -0.0,
                        0.0,
                        0.0,
                        0.0,
                        0.0
                    ],
                    [
                        -0.546404735849648,
                        0.6339202232545038,
                        0.7242005206171964,
                        0.0,
                        0.0,
                        0.0
                    ],
                    [
                        0.7008362319330874,
                        -0.6347213749501011,
                        -0.5032293221035395,
                        -0.5950078738869935,
                        0.0,
                        0.0
                    ],
                    [
                        0.0,
                        0.0,
                        0.0,
                        0.0,
                        0.0,
                        0.0
                    ]
                ]
            },
            "est_params": {
                "mui": [
                    0.031016774404725913,
                    -0.09316546566750328,
                    0.03330561039213861,
                    0.035564558391531845,
                    0.10258638669921506,
                    1.0000101105681711
                ],
                "Si": [
                    [
                        1.013144473461137,
                        0.05348032808922019,
                        -0.728351263491137,
                        -0.9879776969964132,
                        1.66940081472167,
                        6.298892843679675e-06
                    ],
                    [
                        0.05348032808922019,
                        1.0104682731587504,
                        0.0760671296123247,
                        0.6983590091774057,
                        -1.115875372932409,
                        1.50811102294923e-06
                    ],
                    [
                        -0.7283512634911371,
                        0.07606712961232473,
                        1.5470215576827366,
                        1.5688354049849247,
                        -2.2228268416077435,
                        -4.915296862759608e-06
                    ],
                    [
                        -0.987977696996413,
                        0.6983590091774057,
                        1.5688354049849247,
                        3.1155249057882375,
                        -3.872136280547041,
                        -7.499139026422093e-08
                    ],
                    [
                        1.66940081472167,
                        -1.115875372932409,
                        -2.2228268416077435,
                        -3.87213628054704,
                        6.344591316453426,
                        1.866751435261119e-06
                    ],
                    [
                        6.298892843679674e-06,
                        1.5081110229492304e-06,
                        -4.915296862759608e-06,
                        -7.499139026422028e-08,
                        1.866751435261119e-06,
                        1.0280228269437473e-06
                    ]
                ]
            },
            "est_tgt": [
                0,
                3,
                4,
                5
            ],
            "oracle_est_tgt": [
                0,
                3,
                4,
                5
            ]
        },
        "obs": {
            "intv_type": "obs",
            "true_params": {
                "Si": [
                    [
                        1.0,
                        0.0,
                        -0.7411494313200728,
                        -1.0831455398667837,
                        1.7182844826200263,
                        2.7988957925254523
                    ],
                    [
                        0.0,
                        1.0,
                        0.0,
                        0.6339202232545038,
                        -1.0119088992027316,
                        -2.0497745696243648
                    ],
                    [
                        -0.7411494313200728,
                        0.0,
                        1.5493024795460673,
                        1.5269732215263363,
                        -2.2076399012837693,
                        -3.298383346004214
                    ],
                    [
                        -1.0831455398667837,
                        0.6339202232545038,
                        1.5269732215263363,
                        3.099525504046565,
                        -3.774130133868355,
                        -6.474262433269765
                    ],
                    [
                        1.7182844826200263,
                        -1.0119088992027316,
                        -2.2076399012837693,
                        -3.774130133868355,
                        6.203102507712315,
                        9.398203213437649
                    ],
                    [
                        2.7988957925254523,
                        -2.0497745696243648,
                        -3.298383346004214,
                        -6.474262433269765,
                        9.398203213437649,
                        16.501972219393288
                    ]
                ],
                "mui": [
                    0.0,
                    0.0,
                    0.0,
                    0.0,
                    0.0,
                    0.0
                ],
                "Ai": [
                    [
                        0.0,
                        0.0,
                        0.0,
                        0.0,
                        0.0,
                        0.0
                    ],
                    [
                        -0.0,
                        0.0,
                        0.0,
                        0.0,
