{
    "expt_args": {
        "save_dir": "all_expt_logs/expt_logs_11.05.24-main_plus_oracle_donoisepert",
        "exp_name": "136",
        "num_nodes": 8,
        "obs_noise_mean": 0.0,
        "obs_noise_var": 1.0,
        "max_edge_strength": 1.0,
        "graph_sparsity_method": "adj_dense_prop",
        "adj_dense_prop": 0.8,
        "num_parents": null,
        "new_noise_mean": 1.0,
        "mix_samples": 1024,
        "stage2_samples": 1024,
        "gmm_tol": 0.001,
        "intv_type": "do",
        "new_noise_sigma": 0.0,
        "intv_targets": [
            0,
            1,
            2,
            3,
            4,
            5,
            6,
            7
        ]
    },
    "intv_args_dict": {
        "0": {
            "intv_type": "do",
            "inode": 0,
            "new_mui": 1.0,
            "new_sigmai": 0.0,
            "true_params": {
                "Si": [
                    [
                        1e-09,
                        -7.878229313594612e-10,
                        -5.618759821448345e-10,
                        -6.678720934287881e-10,
                        1.1993920339321566e-09,
                        -5.368963500141977e-10,
                        -1.0676208873170669e-09,
                        8.957831600040286e-10
                    ],
                    [
                        -7.878229313594612e-10,
                        1.000000000620665,
                        4.426587833138198e-10,
                        -0.9285229594975816,
                        -0.07725723692458245,
                        0.13057322741525784,
                        0.09126807799742082,
                        -0.12491974774359955
                    ],
                    [
                        -5.618759821448345e-10,
                        4.4265878331381974e-10,
                        1.0000000003157046,
                        0.9639439985050672,
                        0.15770313884390333,
                        -1.635297262814804,
                        -1.677622746213255,
                        0.21439482105426366
                    ],
                    [
                        -6.678720934287881e-10,
                        -0.9285229594975816,
                        0.9639439985050672,
                        2.7913429192677883,
                        -0.4860482288475748,
                        -1.8528266262144077,
                        -2.2186461173029586,
                        0.04041079714309853
                    ],
                    [
                        1.1993920339321566e-09,
                        -0.07725723692458245,
                        0.15770313884390333,
                        -0.4860482288475748,
                        1.53465548526213,
                        -1.1028834444343365,
                        -1.5369597972944327,
                        1.384848085755076
                    ],
                    [
                        -5.368963500141977e-10,
                        0.13057322741525784,
                        -1.635297262814804,
                        -1.8528266262144077,
                        -1.1028834444343365,
                        4.6085667385770215,
                        5.316466907812432,
                        -2.0402617843362747
                    ],
                    [
                        -1.0676208873170669e-09,
                        0.09126807799742082,
                        -1.677622746213255,
                        -2.2186461173029586,
                        -1.5369597972944327,
                        5.316466907812432,
                        7.634222657098106,
                        -2.6869702154808355
                    ],
                    [
                        8.957831600040286e-10,
                        -0.12491974774359955,
                        0.21439482105426366,
                        0.04041079714309853,
                        1.384848085755076,
                        -2.0402617843362747,
                        -2.6869702154808355,
                        2.851242995862216
                    ]
                ],
                "mui": [
                    1.0,
                    -0.7878229313594611,
                    -0.5618759821448345,
                    -0.6678720934287881,
                    1.1993920339321564,
                    -0.5368963500141977,
                    -1.0676208873170667,
                    0.8957831600040285
                ],
                "Ai": [
                    [
                        0.0,
                        0.0,
                        0.0,
                        0.0,
                        0.0,
                        0.0,
                        0.0,
                        0.0
                    ],
                    [
                        -0.7878229313594611,
                        0.0,
                        0.0,
                        0.0,
                        0.0,
                        0.0,
                        0.0,
                        0.0
                    ],
                    [
                        -0.5618759821448345,
                        -0.0,
                        0.0,
                        0.0,
                        0.0,
                        0.0,
                        0.0,
                        0.0
                    ],
                    [
                        -0.8577667929474566,
                        -0.9285229600237466,
                        0.9639439981298059,
                        0.0,
                        0.0,
                        0.0,
                        0.0,
                        0.0
                    ],
                    [
                        0.618293456680475,
                        -0.736323148986517,
                        0.8419109174263307,
                        -0.7098003403060574,
                        0.0,
                        0.0,
                        0.0,
                        0.0
                    ],
                    [
                        -0.9016813233159571,
                        -0.7094815311398566,
                        -0.6899521590437845,
                        -0.8260849173339764,
                        -0.9451017051325736,
                        0.0,
                        0.0,
                        0.0
                    ],
                    [
                        -0.526347576574884,
                        -0.924593369750636,
                        0.8420600477662266,
                        -0.9000926223029008,
                        -0.7452915464996462,
                        0.938367067212035,
                        0.0,
                        0.0
                    ],
                    [
                        -0.6057319443004618,
                        0.0,
                        -0.9149145736628626,
                        -0.0,
                        0.5373531999332533,
                        -0.6387628305390428,
                        -0.0,
                        0.0
                    ]
                ]
            },
            "est_params": {
                "mui": [
                    1.022373386692403,
                    -0.4170539569255142,
                    -1.0761389776614694,
                    -1.6640882484473491,
                    1.8469653883527972,
                    -0.38414064938035625,
                    -0.9296548412510262,
                    1.3816218075622348
                ],
                "Si": [
                    [
                        0.04903704886198036,
                        0.06554705841689963,
                        -0.027170184726527744,
                        -0.16828863712457998,
                        0.10758454761528838,
                        -0.0006333232167918215,
                        -0.055496240528399514,
                        0.07132363734040383
                    ],
                    [
                        0.06554705841689965,
                        1.3856507039196713,
                        -0.12327128828863362,
                        -1.283583729734505,
                        -0.2270892590186728,
                        0.4593770679824472,
                        0.6228891276801276,
                        -0.5542069275580521
                    ],
                    [
                        -0.02717018472652775,
                        -0.12327128828863362,
                        0.2642447569961625,
                        0.3285584511305369,
                        0.00506709816948709,
                        -0.12500194876738546,
                        0.26258025580880157,
                        -0.03379134208777587
                    ],
                    [
                        -0.16828863712457998,
                        -1.2835837297345054,
                        0.3285584511305369,
                        1.8539956167177407,
                        -0.6734826141917576,
                        -0.2601969936757767,
                        0.38330360547386,
                        -0.27783539640881
                    ],
                    [
                        0.10758454761528836,
                        -0.22708925901867275,
                        0.005067098169487069,
                        -0.6734826141917576,
                        2.2240804808965025,
                        -0.8513682462744525,
                        -2.199666640460482,
                        1.8087010783372015
                    ],
                    [
                        -0.0006333232167918221,
                        0.45937706798244715,
                        -0.12500194876738546,
                        -0.26019699367577676,
                        -0.8513682462744525,
                        0.867719825994336,
                        1.1250640014788615,
                        -0.7586751480599199
                    ],
                    [
                        -0.0554962405283995,
                        0.6228891276801274,
                        0.2625802558088016,
                        0.38330360547386,
                        -2.199666640460482,
                        1.1250640014788615,
                        3.240174774326026,
                        -1.6873040745904262
                    ],
                    [
                        0.07132363734040381,
                        -0.554206927558052,
                        -0.03379134208777588,
                        -0.27783539640880994,
                        1.808701078337201,
                        -0.7586751480599199,
                        -1.6873040745904262,
                        2.3091591679175867
                    ]
                ]
            },
            "est_tgt": [
                0,
                2,
                3,
                4,
                5,
                6,
                7
            ],
            "oracle_est_tgt": [
                0,
                2,
                3,
                4
            ]
        },
        "1": {
            "intv_type": "do",
            "inode": 1,
            "new_mui": 1.0,
            "new_sigmai": 0.0,
            "true_params": {
                "Si": [
                    [
                        1.0,
                        0.0,
                        -0.5618759821448345,
                        -1.3993837736292598,
                        1.1385270118139201,
                        -0.4340277675680765,
                        -0.9957178032322297,
                        0.7973685187079627
                    ],
                    [
                        0.0,
                        1e-09,
                        0.0,
                        -9.285229600237467e-10,
                        -7.725723597967389e-11,
                        1.3057322699227858e-10,
                        9.12680771563246e-11,
                        -1.2491974703788106e-10
                    ],
                    [
                        -0.5618759821448345,
                        0.0,
                        1.3157046193112223,
                        1.750224130335291,
                        -0.48200784344355707,
                        -1.3914274849360302,
                        -1.1181528281829194,
                        -0.23362739802282562
                    ],
                    [
                        -1.3993837736292598,
                        -9.285229600237467e-10,
                        1.750224130335291,
                        3.8874629782894976,
                        -2.1510195715809077,
                        -1.1242149722282049,
                        -0.7405102759869168,
                        -1.1914046221103949
                    ],
                    [
                        1.1385270118139201,
                        -7.725723597967389e-11,
                        -0.48200784344355707,
                        -2.1510195715809077,
                        2.824930559948273,
                        -1.5869480544436538,
                        -2.663560291770622,
                        2.2830227272339734
                    ],
                    [
                        -0.4340277675680765,
                        1.3057322699227858e-10,
                        -1.3914274849360302,
                        -1.1242149722282049,
                        -1.5869480544436538,
                        4.779897473718764,
                        5.736718915160139,
                        -2.370030687489729
                    ],
                    [
                        -0.9957178032322297,
                        9.12680771563246e-11,
                        -1.1181528281829194,
                        -0.7405102759869168,
                        -2.663560291770622,
                        5.736718915160139,
                        8.617346737732426,
                        -3.469523059239308
                    ],
                    [
                        0.7973685187079627,
                        -1.2491974703788106e-10,
                        -0.23362739802282562,
                        -1.1914046221103949,
                        2.2830227272339734,
                        -2.370030687489729,
                        -3.469523059239308,
                        3.4714346065019153
                    ]
                ],
                "mui": [
                    0.0,
                    1.0,
                    0.0,
                    -0.9285229600237466,
                    -0.07725723597967389,
                    0.13057322699227858,
                    0.0912680771563246,
                    -0.12491974703788104
                ],
                "Ai": [
                    [
                        0.0,
                        0.0,
                        0.0,
                        0.0,
                        0.0,
                        0.0,
                        0.0,
                        0.0
                    ],
                    [
                        0.0,
                        0.0,
                        0.0,
                        0.0,
                        0.0,
                        0.0,
                        0.0,
                        0.0
                    ],
                    [
                        -0.5618759821448345,
                        -0.0,
                        0.0,
                        0.0,
                        0.0,
                        0.0,
                        0.0,
                        0.0
                    ],
                    [
                        -0.8577667929474566,
                        -0.9285229600237466,
                        0.9639439981298059,
                        0.0,
                        0.0,
                        0.0,
                        0.0,
                        0.0
                    ],
                    [
                        0.618293456680475,
                        -0.736323148986517,
                        0.8419109174263307,
                        -0.7098003403060574,
                        0.0,
                        0.0,
                        0.0,
                        0.0
                    ],
                    [
                        -0.9016813233159571,
                        -0.7094815311398566,
                        -0.6899521590437845,
                        -0.8260849173339764,
                        -0.9451017051325736,
                        0.0,
                        0.0,
                        0.0
                    ],
                    [
                        -0.526347576574884,
                        -0.924593369750636,
                        0.8420600477662266,
                        -0.9000926223029008,
                        -0.7452915464996462,
                        0.938367067212035,
                        0.0,
                        0.0
                    ],
                    [
                        -0.6057319443004618,
                        0.0,
                        -0.9149145736628626,
                        -0.0,
                        0.5373531999332533,
                        -0.6387628305390428,
                        -0.0,
                        0.0
                    ]
                ]
            },
            "est_params": {
                "mui": [
                    0.07902237775557341,
                    0.4838758118666023,
                    -0.39365343883914644,
                    -1.4245140168250265,
                    0.28667256979419387,
                    0.8423242703610242,
                    1.3184469214073993,
                    -0.2060213389714593
                ],
                "Si": [
                    [
                        0.45088946352364523,
                        -0.24167937899910394,
                        -0.39597702597109186,
                        -0.469062099863721,
                        0.04848266334218433,
                        0.37866910153928834,
                        0.6311122480528278,
                        -0.2210587902314641
                    ],
                    [
                        -0.241679378999104,
                        0.9795753466344901,
                        0.38105009836299414,
                        -0.19162809275434892,
                        -0.27392176690825054,
                        -0.11180074981369288,
                        -0.66635728889896,
                        0.08922345538140322
                    ],
                    [
                        -0.3959770259710919,
                        0.38105009836299414,
                        1.1626169249124887,
                        0.9012602431631346,
                        0.2723425190630823,
                        -1.712298393345102,
                        -1.378175571245691,
                        0.7581124139453982
                    ],
                    [
                        -0.469062099863721,
                        -0.191628092754349,
                        0.9012602431631346,
                        1.9856492947578908,
                        -0.24040530787718753,
                        -1.1716307205133676,
                        -0.8832918174061649,
                        0.12923278780499423
                    ],
                    [
                        0.04848266334218434,
                        -0.2739217669082505,
                        0.2723425190630823,
                        -0.24040530787718756,
                        1.1729672327228897,
                        -1.2293990650364097,
                        -0.6036857173631444,
                        1.2168465459814848
                    ],
                    [
                        0.37866910153928834,
                        -0.11180074981369291,
                        -1.7122983933451015,
                        -1.1716307205133676,
                        -1.2293990650364097,
                        3.7511781662658485,
                        2.444846035451038,
                        -2.258044952612393
                    ],
                    [
                        0.6311122480528277,
                        -0.66635728889896,
                        -1.378175571245691,
                        -0.8832918174061649,
                        -0.6036857173631444,
                        2.444846035451038,
                        3.499652252289376,
                        -1.0851317481446818
                    ],
                    [
                        -0.2210587902314641,
                        0.08922345538140326,
                        0.7581124139453982,
                        0.12923278780499423,
                        1.2168465459814848,
                        -2.258044952612393,
                        -1.085131748144682,
                        2.1899027072188537
                    ]
                ]
            },
            "est_tgt": [
                0,
                1,
                4,
                5,
                6,
                7
            ],
            "oracle_est_tgt": [
                0,
                1
            ]
        },
        "2": {
            "intv_type": "do",
            "inode": 2,
            "new_mui": 1.0,
            "new_sigmai": 0.0,
            "true_params": {
                "Si": [
                    [
                        1.0,
                        -0.7878229313594611,
                        0.0,
                        -0.12625511274698487,
                        1.2880016403360515,
                        -1.4557306058265256,
                        -2.0102368158512065,
                        1.0162464609334618
                    ],
                    [
                        -0.7878229313594611,
                        1.620664971175814,
                        0.0,
                        -0.8290562870002977,
                        -1.0919744638650164,
                        1.2774311801442162,
                        1.6749787381469314,
                        -0.925542012874159
                    ],
                    [
                        0.0,
                        0.0,
                        1e-09,
                        9.63943998129806e-10,
                        1.577031395178129e-10,
                        -1.6352972631164732e-09,
                        -1.6776227468131257e-09,
                        2.1439482155758273e-10
                    ],
                    [
                        -0.12625511274698487,
                        -0.8290562870002977,
                        9.63943998129806e-10,
                        1.8780952417152021,
                        -0.8006820150378702,
                        -0.09269821444223401,
                        -0.34770906588314204,
                        -0.29456011502638946
                    ],
                    [
                        1.2880016403360515,
                        -1.0919744638650164,
                        1.577031395178129e-10,
                        -0.8006820150378702,
                        3.168733429143044,
                        -2.7199753398018833,
                        -3.8615817384598516,
                        2.6599644569265055
                    ],
                    [
                        -1.4557306058265256,
                        1.2774311801442162,
                        -1.6352972631164732e-09,
                        -0.09269821444223401,
                        -2.7199753398018833,
                        4.053521198946797,
                        5.49941828137106,
                        -3.1690435955302028
                    ],
                    [
                        -2.0102368158512065,
                        1.6749787381469314,
                        -1.6776227468131257e-09,
                        -0.34770906588314204,
                        -3.8615817384598516,
                        5.49941828137106,
                        8.860856633951492,
                        -4.37019263518715
                    ],
                    [
                        1.0162464609334618,
                        -0.925542012874159,
                        2.1439482155758273e-10,
                        -0.29456011502638946,
                        2.6599644569265055,
                        -3.1690435955302028,
                        -4.37019263518715,
                        3.8380347249548317
                    ]
                ],
                "mui": [
                    0.0,
                    0.0,
                    1.0,
                    0.9639439981298059,
                    0.1577031395178129,
                    -1.635297263116473,
                    -1.6776227468131255,
                    0.21439482155758272
                ],
                "Ai": [
                    [
                        0.0,
                        0.0,
                        0.0,
                        0.0,
                        0.0,
                        0.0,
                        0.0,
                        0.0
                    ],
                    [
                        -0.7878229313594611,
                        0.0,
                        0.0,
                        0.0,
                        0.0,
                        0.0,
                        0.0,
                        0.0
                    ],
                    [
                        0.0,
                        0.0,
                        0.0,
                        0.0,
                        0.0,
                        0.0,
                        0.0,
                        0.0
                    ],
                    [
                        -0.8577667929474566,
                        -0.9285229600237466,
                        0.9639439981298059,
                        0.0,
                        0.0,
                        0.0,
                        0.0,
                        0.0
                    ],
                    [
                        0.618293456680475,
                        -0.736323148986517,
                        0.8419109174263307,
                        -0.7098003403060574,
                        0.0,
                        0.0,
                        0.0,
                        0.0
                    ],
                    [
                        -0.9016813233159571,
                        -0.7094815311398566,
                        -0.6899521590437845,
                        -0.8260849173339764,
                        -0.9451017051325736,
                        0.0,
                        0.0,
                        0.0
                    ],
                    [
                        -0.526347576574884,
                        -0.924593369750636,
                        0.8420600477662266,
                        -0.9000926223029008,
                        -0.7452915464996462,
                        0.938367067212035,
                        0.0,
                        0.0
                    ],
                    [
                        -0.6057319443004618,
                        0.0,
                        -0.9149145736628626,
                        -0.0,
                        0.5373531999332533,
                        -0.6387628305390428,
                        -0.0,
                        0.0
                    ]
                ]
            },
            "est_params": {
                "mui": [
                    0.18340235500581936,
                    -0.07422914683660838,
                    0.5025879867324788,
                    0.4636173370540312,
                    0.3133095787167381,
                    -1.1860728433600527,
                    -1.4953831228149965,
                    0.4901506745595783
                ],
                "Si": [
                    [
                        0.9338783352076541,
                        -0.6669688741547437,
                        -0.3808422322448026,
                        -0.44835884798370956,
                        0.9947280977889336,
                        -0.7439118859738743,
                        -1.2814347860842952,
                        0.66212649940825
                    ],
                    [
                        -0.6669688741547438,
                        1.538609659014064,
                        0.227182056681795,
                        -0.5936527458630704,
                        -0.8640798629836366,
                        0.6774501084600596,
                        1.0112756051438128,
                        -0.6635330483076624
                    ],
                    [
                        -0.3808422322448026,
                        0.227182056681795,
                        0.7562144294654004,
                        0.6283403546405294,
                        -0.20362044443691912,
                        -0.5404533327808859,
                        -0.21149564617063113,
                        -0.1546595218854323
                    ],
                    [
                        -0.4483588479837095,
                        -0.5936527458630705,
                        0.6283403546405294,
                        2.382142469673453,
                        -0.9923590803837119,
                        -0.5656544606824061,
                        -0.6112814841209833,
                        -0.32588777131852664
                    ],
                    [
                        0.9947280977889336,
                        -0.8640798629836366,
                        -0.20362044443691915,
                        -0.9923590803837119,
                        2.667706500312164,
                        -1.9000659445666477,
                        -2.8235611140195203,
                        1.9142005023544426
                    ],
                    [
                        -0.7439118859738743,
                        0.6774501084600594,
                        -0.5404533327808859,
                        -0.5656544606824061,
                        -1.9000659445666477,
                        3.7337846146699767,
                        4.782713411725999,
                        -2.101582853003537
                    ],
                    [
                        -1.2814347860842954,
                        1.0112756051438128,
                        -0.21149564617063116,
                        -0.6112814841209833,
                        -2.8235611140195203,
                        4.782713411725999,
                        7.610086543418455,
                        -3.179732269380412
                    ],
                    [
                        0.6621264994082499,
                        -0.6635330483076624,
                        -0.1546595218854323,
                        -0.3258877713185267,
                        1.9142005023544426,
                        -2.101582853003537,
                        -3.1797322693804118,
                        2.9158873583582445
                    ]
                ]
            },
            "est_tgt": [
                0,
                2
            ],
            "oracle_est_tgt": [
                0,
                2,
                5
            ]
        },
        "3": {
            "intv_type": "do",
            "inode": 3,
            "new_mui": 1.0,
            "new_sigmai": 0.0,
            "true_params": {
                "Si": [
                    [
                        1.0,
                        -0.7878229313594611,
                        -0.5618759821448345,
                        0.0,
                        0.7253361947354837,
                        -0.6405844311511592,
                        -1.4127553023335708,
                        0.7072798300648601
                    ],
                    [
                        -0.7878229313594611,
                        1.620664971175814,
                        0.44265878331381975,
                        0.0,
                        -1.3077596361441426,
                        0.4910858368286257,
                        0.7244388581022133,
                        -0.9442016604327187
                    ],
                    [
                        -0.5618759821448345,
                        0.44265878331381975,
                        1.3157046193112223,
                        0.0,
                        0.4343619306241339,
                        -1.1257145962733914,
                        -0.3856947992310972,
                        0.08905931552170765
                    ],
                    [
                        0.0,
                        0.0,
                        0.0,
                        1e-09,
                        -7.098003403060575e-10,
                        -1.5525140540704052e-10,
                        -5.167672349425754e-10,
                        -2.8224465701420646e-10
                    ],
                    [
                        0.7253361947354837,
                        -1.3077596361441426,
                        0.4343619306241339,
                        -7.098003403060575e-10,
                        2.7770983685122346,
                        -2.650520145559597,
                        -3.36378298423192,
                        2.34857308134689
                    ],
                    [
                        -0.6405844311511592,
                        0.4910858368286257,
                        -1.1257145962733914,
                        -1.5525140540704052e-10,
                        -2.650520145559597,
                        4.510887011492498,
                        5.143474141460109,
                        -2.8876972945214243
                    ],
                    [
                        -1.4127553023335708,
                        0.7244388581022133,
                        -0.3856947992310972,
                        -5.167672349425754e-10,
                        -3.36378298423192,
                        5.143474141460109,
                        8.082476551897244,
                        -3.8843708429556796
                    ],
                    [
                        0.7072798300648601,
                        -0.9442016604327187,
                        0.08905931552170765,
                        -2.8224465701420646e-10,
                        2.34857308134689,
                        -2.8876972945214243,
                        -3.8843708429556796,
                        3.5966633058063557
                    ]
                ],
                "mui": [
                    0.0,
                    0.0,
                    0.0,
                    1.0,
                    -0.7098003403060574,
                    -0.15525140540704052,
                    -0.5167672349425754,
                    -0.2822446570142064
                ],
                "Ai": [
                    [
                        0.0,
                        0.0,
                        0.0,
                        0.0,
                        0.0,
                        0.0,
                        0.0,
                        0.0
                    ],
                    [
                        -0.7878229313594611,
                        0.0,
                        0.0,
                        0.0,
                        0.0,
                        0.0,
                        0.0,
                        0.0
                    ],
                    [
                        -0.5618759821448345,
                        -0.0,
                        0.0,
                        0.0,
                        0.0,
                        0.0,
                        0.0,
                        0.0
                    ],
                    [
                        0.0,
                        0.0,
                        0.0,
                        0.0,
                        0.0,
                        0.0,
                        0.0,
                        0.0
                    ],
                    [
                        0.618293456680475,
                        -0.736323148986517,
                        0.8419109174263307,
                        -0.7098003403060574,
                        0.0,
                        0.0,
                        0.0,
                        0.0
                    ],
                    [
                        -0.9016813233159571,
                        -0.7094815311398566,
                        -0.6899521590437845,
                        -0.8260849173339764,
                        -0.9451017051325736,
                        0.0,
                        0.0,
                        0.0
                    ],
                    [
                        -0.526347576574884,
                        -0.924593369750636,
                        0.8420600477662266,
                        -0.9000926223029008,
                        -0.7452915464996462,
                        0.938367067212035,
                        0.0,
                        0.0
                    ],
                    [
                        -0.6057319443004618,
                        0.0,
                        -0.9149145736628626,
                        -0.0,
                        0.5373531999332533,
                        -0.6387628305390428,
                        -0.0,
                        0.0
                    ]
                ]
            },
            "est_params": {
                "mui": [
                    -0.2635508003445977,
                    0.5771388391861868,
                    0.4094850325732469,
                    0.8611286797101216,
                    -1.2567758189628389,
                    -0.6536695182492139,
                    0.042757258439718844,
                    0.36213821789253337
                ],
                "Si": [
                    [
                        0.5585434193045955,
                        -0.23040201175831507,
                        -0.5175124783743011,
                        0.1441994074760455,
                        -0.17885224342084735,
                        0.341800126716131,
                        -0.0328598708884766,
                        -0.12066135458200276
                    ],
                    [
                        -0.23040201175831512,
                        1.3520093815991983,
                        0.28458040158322545,
                        -0.15265043870976025,
                        -0.8390119316742249,
                        -0.05018942119016618,
                        -0.4629561078344908,
                        -0.7881398101704307
                    ],
                    [
                        -0.5175124783743011,
                        0.28458040158322545,
                        1.0370933233874007,
                        -0.19308695724221722,
                        0.6294675175305454,
                        -0.9793834268364051,
                        -0.35875434995840305,
                        0.2906331873101451
                    ],
                    [
                        0.1441994074760455,
                        -0.15265043870976025,
                        -0.19308695724221722,
                        0.1932314271353895,
                        -0.08892876170094538,
                        0.26511683850712303,
                        0.11207430891238672,
                        0.21607210369488633
                    ],
                    [
                        -0.17885224342084735,
                        -0.8390119316742249,
                        0.6294675175305454,
                        -0.08892876170094538,
                        1.3771941968736463,
                        -0.9596056557692455,
