{
    "expt_args": {
        "save_dir": "expt_logs_29.04.24-5",
        "exp_name": "95",
        "num_nodes": 6,
        "obs_noise_mean": 0.5,
        "obs_noise_var": 1.0,
        "max_edge_strength": 1.0,
        "num_parents": 2,
        "new_noise_mean": 10.0,
        "mix_samples": 131072,
        "stage2_samples": 131072,
        "intv_targets": [
            0,
            1,
            2,
            3,
            4,
            5
        ]
    },
    "intv_args_dict": {
        "0": {
            "intv_type": "do",
            "inode": 0,
            "new_mui": 10.0,
            "true_params": {
                "Si": [
                    [
                        0.0,
                        0.0,
                        0.0,
                        0.0,
                        0.0,
                        0.0
                    ],
                    [
                        0.0,
                        1.0,
                        0.7223305975891832,
                        0.6194826688702109,
                        0.2643610214850044,
                        -0.14445276535472185
                    ],
                    [
                        0.0,
                        0.7223305975891832,
                        1.5217614922135465,
                        0.44747128640116146,
                        0.5569394732561472,
                        -0.30432416471660567
                    ],
                    [
                        0.0,
                        0.6194826688702109,
                        0.44747128640116146,
                        1.3837587770305593,
                        0.16376707113478567,
                        -0.08948598460762543
                    ],
                    [
                        0.0,
                        0.2643610214850044,
                        0.5569394732561472,
                        0.16376707113478567,
                        1.203830612390938,
                        -0.9394112799614845
                    ],
                    [
                        0.0,
                        -0.14445276535472185,
                        -0.30432416471660567,
                        -0.08948598460762543,
                        -0.9394112799614845,
                        1.7464989848928103
                    ]
                ],
                "mui": [
                    10.0,
                    -4.3586713268973565,
                    1.502484750776134,
                    5.812694463395341,
                    -0.452152447335864,
                    1.0292511745545112
                ],
                "Ai": [
                    [
                        0.0,
                        0.0,
                        0.0,
                        0.0,
                        0.0,
                        0.0
                    ],
                    [
                        -0.4858671326897357,
                        0.0,
                        0.0,
                        0.0,
                        0.0,
                        0.0
                    ],
                    [
                        0.41508864150287395,
                        0.7223305975891832,
                        0.0,
                        0.0,
                        0.0,
                        0.0
                    ],
                    [
                        0.8012815809709779,
                        0.6194826688702109,
                        0.0,
                        0.0,
                        0.0,
                        0.0
                    ],
                    [
                        -0.1502036952860747,
                        0.0,
                        0.3659834186275971,
                        -0.0,
                        0.0,
                        0.0
                    ],
                    [
                        0.0,
                        0.0,
                        0.10306508520487057,
                        -0.0,
                        -0.8280336817875132,
                        0.0
                    ]
                ]
            },
            "est_params": {
                "mui": [
                    10.0,
                    -4.365228348896567,
                    1.5108602006334115,
                    5.800834671491794,
                    -0.44558929063201724,
                    1.027880733852201
                ],
                "Si": [
                    [
                        1e-06,
                        0.0,
                        0.0,
                        0.0,
                        0.0,
                        0.0
                    ],
                    [
                        0.0,
                        1.0016247930254405,
                        0.736201526740267,
                        0.6127281257814807,
                        0.2888398901675425,
                        -0.16714243659953268
                    ],
                    [
                        0.0,
                        0.736201526740267,
                        1.5282363675805868,
                        0.4547180175201548,
                        0.5747715067128948,
                        -0.32124447201475803
                    ],
                    [
                        0.0,
                        0.6127281257814807,
                        0.4547180175201548,
                        1.3787079367119492,
                        0.16831397774762655,
                        -0.09474942390344691
                    ],
                    [
                        0.0,
                        0.2888398901675425,
                        0.5747715067128948,
                        0.16831397774762655,
                        1.2232123927668397,
                        -0.9573617972855031
                    ],
                    [
                        0.0,
                        -0.16714243659953268,
                        -0.32124447201475803,
                        -0.09474942390344691,
                        -0.9573617972855031,
                        1.735692852179035
                    ]
                ]
            },
            "est_tgt": [
                0
            ]
        },
        "1": {
            "intv_type": "do",
            "inode": 1,
            "new_mui": 10.0,
            "true_params": {
                "Si": [
                    [
                        1.0,
                        0.0,
                        0.41508864150287395,
                        0.8012815809709779,
                        0.001711864764632197,
                        0.04136366452028697
                    ],
                    [
                        0.0,
                        0.0,
                        0.0,
                        0.0,
                        0.0,
                        0.0
                    ],
                    [
                        0.41508864150287395,
                        0.0,
                        1.1722985803047015,
                        0.3326028829065183,
                        0.3666939942471849,
                        -0.18281192508121286
                    ],
                    [
                        0.8012815809709779,
                        0.0,
                        0.3326028829065183,
                        1.6420521720033499,
                        0.0013716857050129977,
                        0.033143942501568685
                    ],
                    [
                        0.001711864764632197,
                        0.0,
                        0.3666939942471849,
                        0.0013716857050129977,
                        1.1339467931913154,
                        -0.9011527903561483
                    ],
                    [
                        0.04136366452028697,
                        0.0,
                        -0.18281192508121286,
                        0.033143942501568685,
                        -0.9011527903561483,
                        1.7273433362167308
                    ]
                ],
                "mui": [
                    0.5,
                    10.0,
                    7.930850296643268,
                    7.095467479187597,
                    3.3274578565461588,
                    -1.4378534183780913
                ],
                "Ai": [
                    [
                        0.0,
                        0.0,
                        0.0,
                        0.0,
                        0.0,
                        0.0
                    ],
                    [
                        0.0,
                        0.0,
                        0.0,
                        0.0,
                        0.0,
                        0.0
                    ],
                    [
                        0.41508864150287395,
                        0.7223305975891832,
                        0.0,
                        0.0,
                        0.0,
                        0.0
                    ],
                    [
                        0.8012815809709779,
                        0.6194826688702109,
                        0.0,
                        0.0,
                        0.0,
                        0.0
                    ],
                    [
                        -0.1502036952860747,
                        0.0,
                        0.3659834186275971,
                        -0.0,
                        0.0,
                        0.0
                    ],
                    [
                        0.0,
                        0.0,
                        0.10306508520487057,
                        -0.0,
                        -0.8280336817875132,
                        0.0
                    ]
                ]
            },
            "est_params": {
                "mui": [
                    0.5177803681411439,
                    10.0,
                    7.927328069975672,
                    7.1172966494847305,
                    3.3133916858037664,
                    -1.4278026273109874
                ],
                "Si": [
                    [
                        0.9994973880643597,
                        0.0,
                        0.4128382419262724,
                        0.8043038353079043,
                        0.009170150862467792,
                        0.0306798550034309
                    ],
                    [
                        0.0,
                        1e-06,
                        0.0,
                        0.0,
                        0.0,
                        0.0
                    ],
                    [
                        0.4128382419262724,
                        0.0,
                        1.1597145357132328,
                        0.32062914471681075,
                        0.36276566885328465,
                        -0.1885914673912546
                    ],
                    [
                        0.8043038353079043,
                        0.0,
                        0.32062914471681075,
                        1.6545942485303295,
                        0.009960922611729903,
                        0.01995992440040123
                    ],
                    [
                        0.009170150862467792,
                        0.0,
                        0.36276566885328465,
                        0.009960922611729903,
                        1.1429774365182697,
                        -0.8979983950761014
                    ],
                    [
                        0.0306798550034309,
                        0.0,
                        -0.1885914673912546,
                        0.01995992440040123,
                        -0.8979983950761014,
                        1.7132116165203228
                    ]
                ]
            },
            "est_tgt": [
                1
            ]
        },
        "2": {
            "intv_type": "do",
            "inode": 2,
            "new_mui": 10.0,
            "true_params": {
                "Si": [
                    [
                        1.0,
                        -0.4858671326897357,
                        0.0,
                        0.5002953128960236,
                        -0.1502036952860747,
                        0.12437371882581817
                    ],
                    [
                        -0.4858671326897357,
                        1.2360668706281452,
                        0.0,
                        0.3764056196953057,
                        0.07297903874804788,
                        -0.060429102147859674
                    ],
                    [
                        0.0,
                        0.0,
                        0.0,
                        0.0,
                        0.0,
                        0.0
                    ],
                    [
                        0.5002953128960236,
                        0.3764056196953057,
                        0.0,
                        1.6340541771362895,
                        -0.07514620473128572,
                        0.06222358857600476
                    ],
                    [
                        -0.1502036952860747,
                        0.07297903874804788,
                        0.0,
                        -0.07514620473128572,
                        1.022561150077592,
                        -0.8467150739516224
                    ],
                    [
                        0.12437371882581817,
                        -0.060429102147859674,
                        0.0,
                        0.06222358857600476,
                        -0.8467150739516224,
                        1.7011086001091484
                    ]
                ],
                "mui": [
                    0.5,
                    0.25706643365513215,
                    10.0,
                    1.0598889908831173,
                    4.084732338632934,
                    -1.8516451054260414
                ],
                "Ai": [
                    [
                        0.0,
                        0.0,
                        0.0,
                        0.0,
                        0.0,
                        0.0
                    ],
                    [
                        -0.4858671326897357,
                        0.0,
                        0.0,
                        0.0,
                        0.0,
                        0.0
                    ],
                    [
                        0.0,
                        0.0,
                        0.0,
                        0.0,
                        0.0,
                        0.0
                    ],
                    [
                        0.8012815809709779,
                        0.6194826688702109,
                        0.0,
                        0.0,
                        0.0,
                        0.0
                    ],
                    [
                        -0.1502036952860747,
                        0.0,
                        0.3659834186275971,
                        -0.0,
                        0.0,
                        0.0
                    ],
                    [
                        0.0,
                        0.0,
                        0.10306508520487057,
                        -0.0,
                        -0.8280336817875132,
                        0.0
                    ]
                ]
            },
            "est_params": {
                "mui": [
                    0.47410664044018264,
                    0.26163038124366444,
                    10.0,
                    1.050427666637262,
                    4.098926664224565,
                    -1.857535779419986
                ],
                "Si": [
                    [
                        1.0026915655116084,
                        -0.4982408144014237,
                        -9.69194098233836e-26,
                        0.4933760664727588,
                        -0.14574505034190507,
                        0.10780487409155164
                    ],
                    [
                        -0.4982408144014237,
                        1.246414923855898,
                        1.174910799037417e-24,
                        0.36613107643361104,
                        0.07031224210854595,
                        -0.062432888915464065
                    ],
                    [
                        -9.69194098233836e-26,
                        1.1749107990374171e-24,
                        1e-06,
                        7.430408100909381e-25,
                        -4.217198656992852e-25,
                        2.4186954359307846e-25
                    ],
                    [
                        0.4933760664727588,
                        0.36613107643361104,
                        7.430408100909381e-25,
                        1.6206797121109486,
                        -0.06661162274857277,
                        0.04881877256992139
                    ],
                    [
                        -0.14574505034190507,
                        0.07031224210854595,
                        -4.217198656992852e-25,
                        -0.06661162274857277,
                        1.0173777494507397,
                        -0.8472149692522832
                    ],
                    [
                        0.10780487409155164,
                        -0.06243288891546407,
                        2.4186954359307846e-25,
                        0.04881877256992139,
                        -0.8472149692522832,
                        1.7090124223093488
                    ]
                ]
            },
            "est_tgt": [
                2
            ]
        },
        "3": {
            "intv_type": "do",
            "inode": 3,
            "new_mui": 10.0,
            "true_params": {
                "Si": [
                    [
                        1.0,
                        -0.4858671326897357,
                        0.06413194519815424,
                        0.0,
                        -0.12673246673921648,
                        0.11154851543228884
                    ],
                    [
                        -0.4858671326897357,
                        1.2360668706281452,
                        0.6911709932619408,
                        0.0,
                        0.3259361617182848,
                        -0.19865052270360475
                    ],
                    [
                        0.06413194519815424,
                        0.6911709932619408,
                        1.5258743986084455,
                        0.0,
                        0.5488118736444009,
                        -0.29717034143796667
                    ],
                    [
                        0.0,
                        0.0,
                        0.0,
                        0.0,
                        0.0,
                        0.0
                    ],
                    [
                        -0.12673246673921648,
                        0.3259361617182848,
                        0.5488118736444009,
                        0.0,
                        1.2198917305167445,
                        -0.953548098483316
                    ],
                    [
                        0.11154851543228884,
                        -0.19865052270360475,
                        -0.29717034143796667,
                        0.0,
                        -0.953548098483316,
                        1.758942056187958
                    ]
                ],
                "mui": [
                    0.5,
                    0.25706643365513215,
                    0.8932312713936686,
                    10.0,
                    0.7518059866866925,
                    -0.030459722052232824
                ],
                "Ai": [
                    [
                        0.0,
                        0.0,
                        0.0,
                        0.0,
                        0.0,
                        0.0
                    ],
                    [
                        -0.4858671326897357,
                        0.0,
                        0.0,
                        0.0,
                        0.0,
                        0.0
                    ],
                    [
                        0.41508864150287395,
                        0.7223305975891832,
                        0.0,
                        0.0,
                        0.0,
                        0.0
                    ],
                    [
                        0.0,
                        0.0,
                        0.0,
                        0.0,
                        0.0,
                        0.0
                    ],
                    [
                        -0.1502036952860747,
                        0.0,
                        0.3659834186275971,
                        -0.0,
                        0.0,
                        0.0
                    ],
                    [
                        0.0,
                        0.0,
                        0.10306508520487057,
                        -0.0,
                        -0.8280336817875132,
                        0.0
                    ]
                ]
            },
            "est_params": {
                "mui": [
                    0.5176217606958495,
                    0.2587077850483863,
                    0.9060915631296269,
                    9.999999999999996,
                    0.7421301934256445,
                    -0.012343724148277679
                ],
                "Si": [
                    [
                        1.0040962367976796,
                        -0.49885236050249004,
                        0.04666593511043177,
                        -1.6823415177612903e-28,
                        -0.1365853669716593,
                        0.10162591821790208
                    ],
                    [
                        -0.49885236050249004,
                        1.2654260533503001,
                        0.700508177661838,
                        -3.37347864081318e-27,
                        0.3215114589062775,
                        -0.18714802838525454
                    ],
                    [
                        0.04666593511043177,
                        0.700508177661838,
                        1.547065726674502,
                        -2.7706048810020235e-27,
                        0.5511667789541094,
                        -0.2916386623592893
                    ],
                    [
                        -1.682328035840244e-28,
                        -3.373484033581599e-27,
                        -2.7706021846178142e-27,
                        1e-06,
                        -8.47247060696208e-28,
                        1.1332555672044382e-27
                    ],
                    [
                        -0.1365853669716593,
                        0.3215114589062775,
                        0.5511667789541094,
                        -8.47247060696208e-28,
                        1.2124779419616976,
                        -0.938372936912718
                    ],
                    [
                        0.10162591821790208,
                        -0.18714802838525454,
                        -0.2916386623592893,
                        1.1332555672044382e-27,
                        -0.938372936912718,
                        1.7387171967028843
                    ]
                ]
            },
            "est_tgt": [
                3
            ]
        },
        "4": {
            "intv_type": "do",
            "inode": 4,
            "new_mui": 10.0,
            "true_params": {
                "Si": [
                    [
                        1.0,
                        -0.4858671326897357,
                        0.06413194519815424,
                        0.5002953128960236,
                        0.0,
                        0.006609764396201857
                    ],
                    [
                        -0.4858671326897357,
                        1.2360668706281452,
                        0.6911709932619408,
                        0.3764056196953057,
                        0.0,
                        0.07123559731167693
                    ],
                    [
                        0.06413194519815424,
                        0.6911709932619408,
                        1.5258743986084455,
                        0.4795561979907027,
                        0.0,
                        0.15726437490451006
                    ],
                    [
                        0.5002953128960236,
                        0.3764056196953057,
                        0.4795561979907027,
                        1.6340541771362895,
                        0.0,
                        0.049425500406435556
                    ],
                    [
                        0.0,
                        0.0,
                        0.0,
                        0.0,
                        0.0,
                        0.0
                    ],
                    [
                        0.006609764396201857,
                        0.07123559731167693,
                        0.15726437490451006,
                        0.049425500406435556,
                        0.0,
                        1.0162084661992241
                    ]
                ],
                "mui": [
                    0.5,
                    0.25706643365513215,
                    0.8932312713936686,
                    1.0598889908831173,
                    10.0,
                    -7.688275860781289
                ],
                "Ai": [
                    [
                        0.0,
                        0.0,
                        0.0,
                        0.0,
                        0.0,
                        0.0
                    ],
                    [
                        -0.4858671326897357,
                        0.0,
                        0.0,
                        0.0,
                        0.0,
                        0.0
                    ],
                    [
                        0.41508864150287395,
                        0.7223305975891832,
                        0.0,
                        0.0,
                        0.0,
                        0.0
                    ],
                    [
                        0.8012815809709779,
                        0.6194826688702109,
                        0.0,
                        0.0,
                        0.0,
                        0.0
                    ],
                    [
                        0.0,
                        0.0,
                        0.0,
                        0.0,
                        0.0,
                        0.0
                    ],
                    [
                        0.0,
                        0.0,
                        0.10306508520487057,
                        -0.0,
                        -0.8280336817875132,
                        0.0
                    ]
                ]
            },
            "est_params": {
                "mui": [
                    0.4996915167464947,
                    0.25423840208582327,
                    0.9000523947945995,
                    1.0582353116875136,
                    10.0,
                    -7.681341168629898
                ],
                "Si": [
                    [
                        1.0034927279730785,
                        -0.4919166949484904,
                        0.062102659482159754,
                        0.48748395898652724,
                        0.0,
                        0.00526985518686268
                    ],
                    [
                        -0.4919166949484904,
                        1.246008569060471,
                        0.7157649993612712,
                        0.37349269467972596,
                        0.0,
                        0.06658044098653068
                    ],
                    [
                        0.062102659482159754,
                        0.7157649993612712,
                        1.5639346071284708,
                        0.4765750842524992,
                        0.0,
                        0.17090357172712692
                    ],
                    [
                        0.48748395898652724,
                        0.37349269467972596,
                        0.4765750842524992,
                        1.6064591841619027,
                        0.0,
                        0.048791004362973296
                    ],
                    [
                        0.0,
                        0.0,
                        0.0,
                        0.0,
                        1e-06,
                        0.0
                    ],
                    [
                        0.00526985518686268,
                        0.06658044098653068,
                        0.17090357172712692,
                        0.048791004362973296,
                        0.0,
                        1.0086109223190485
                    ]
                ]
            },
            "est_tgt": [
                4
            ]
        },
        "5": {
            "intv_type": "do",
            "inode": 5,
            "new_mui": 10.0,
            "true_params": {
                "Si": [
                    [
                        1.0,
                        -0.4858671326897357,
                        0.06413194519815424,
                        0.5002953128960236,
                        -0.12673246673921648,
                        0.0
                    ],
                    [
                        -0.4858671326897357,
                        1.2360668706281452,
                        0.6911709932619408,
                        0.3764056196953057,
                        0.3259361617182848,
                        0.0
                    ],
                    [
                        0.06413194519815424,
                        0.6911709932619408,
                        1.5258743986084455,
                        0.4795561979907027,
                        0.5488118736444009,
                        0.0
                    ],
                    [
                        0.5002953128960236,
                        0.3764056196953057,
                        0.4795561979907027,
                        1.6340541771362895,
                        0.10036341203340447,
                        0.0
                    ],
                    [
                        -0.12673246673921648,
                        0.3259361617182848,
                        0.5488118736444009,
                        0.10036341203340447,
                        1.2198917305167445,
                        0.0
                    ],
                    [
                        0.0,
                        0.0,
                        0.0,
                        0.0,
                        0.0,
                        0.0
                    ]
                ],
                "mui": [
                    0.5,
                    0.25706643365513215,
                    0.8932312713936686,
                    1.0598889908831173,
                    0.7518059866866925,
                    10.0
                ],
                "Ai": [
                    [
                        0.0,
                        0.0,
                        0.0,
                        0.0,
                        0.0,
                        0.0
                    ],
                    [
                        -0.4858671326897357,
                        0.0,
                        0.0,
                        0.0,
                        0.0,
                        0.0
                    ],
                    [
                        0.41508864150287395,
                        0.7223305975891832,
                        0.0,
                        0.0,
                        0.0,
                        0.0
                    ],
                    [
                        0.8012815809709779,
                        0.6194826688702109,
                        0.0,
                        0.0,
                        0.0,
                        0.0
                    ],
                    [
                        -0.1502036952860747,
                        0.0,
                        0.3659834186275971,
                        -0.0,
                        0.0,
                        0.0
                    ],
                    [
                        0.0,
                        0.0,
                        0.0,
                        0.0,
                        0.0,
                        0.0
                    ]
                ]
            },
            "est_params": {
                "mui": [
                    0.5109222483006699,
                    0.24696291416845417,
                    0.888979768600797,
                    1.0709030739471725,
                    0.7351114672658906,
                    10.0
                ],
                "Si": [
                    [
                        0.999530091254115,
                        -0.475452009106155,
                        0.07239120616205195,
                        0.5060960918885238,
                        -0.11734053219647027,
                        0.0
                    ],
                    [
                        -0.475452009106155,
                        1.2209473440592316,
                        0.6799658543929172,
                        0.37055229358369207,
                        0.3087254100825903,
                        0.0
                    ],
                    [
                        0.07239120616205195,
                        0.6799658543929172,
                        1.5161556683521205,
                        0.48033259683418533,
                        0.5423394619039216,
                        0.0
                    ],
                    [
                        0.5060960918885238,
                        0.37055229358369207,
                        0.48033259683418533,
                        1.6279873451069349,
                        0.10430359739528175,
                        0.0
                    ],
                    [
                        -0.11734053219647027,
                        0.3087254100825903,
                        0.5423394619039216,
                        0.10430359739528175,
                        1.1942138413110766,
                        0.0
                    ],
                    [
                        0.0,
                        0.0,
                        0.0,
                        0.0,
                        0.0,
                        1e-06
                    ]
                ]
            },
            "est_tgt": [
                4,
                5
            ]
        },
        "obs": {
            "intv_type": "obs",
            "true_params": {
                "Si": [
                    [
                        1.0,
                        -0.4858671326897357,
                        0.06413194519815424,
                        0.5002953128960236,
                        -0.12673246673921648,
                        0.11154851543228884
                    ],
                    [
                        -0.4858671326897357,
                        1.2360668706281452,
                        0.6911709932619408,
                        0.3764056196953057,
                        0.3259361617182848,
                        -0.19865052270360475
                    ],
                    [
                        0.06413194519815424,
                        0.6911709932619408,
                        1.5258743986084455,
                        0.4795561979907027,
                        0.5488118736444009,
                        -0.29717034143796667
                    ],
                    [
                        0.5002953128960236,
                        0.3764056196953057,
                        0.4795561979907027,
                        1.6340541771362895,
                        0.10036341203340447,
                        -0.033678785176341555
                    ],
                    [
                        -0.12673246673921648,
                        0.3259361617182848,
                        0.5488118736444009,
                        0.10036341203340447,
                        1.2198917305167445,
                        -0.953548098483316
                    ],
                    [
                        0.11154851543228884,
                        -0.19865052270360475,
                        -0.29717034143796667,
                        -0.033678785176341555,
                        -0.953548098483316,
                        1.758942056187958
                    ]
                ],
                "mui": [
                    0.5,
                    0.25706643365513215,
                    0.8932312713936686,
                    1.0598889908831173,
                    0.7518059866866925,
                    -0.030459722052232824
                ],
                "Ai": [
                    [
                        0.0,
                        0.0,
                        0.0,
                        0.0,
                        0.0,
                        0.0
                    ],
                    [
                        -0.4858671326897357,
                        0.0,
                        0.0,
                        0.0,
                        0.0,
                        0.0
                    ],
                    [
                        0.41508864150287395,
                        0.7223305975891832,
                        0.0,
                        0.0,
                        0.0,
                        0.0
                    ],
                    [
                        0.8012815809709779,
                        0.6194826688702109,
                        0.0,
                        0.0,
                        0.0,
                        0.0
                    ],
                    [
                        -0.1502036952860747,
                        0.0,
                        0.3659834186275971,
                        -0.0,
                        0.0,
                        0.0
                    ],
                    [
                        0.0,
                        0.0,
                        0.10306508520487057,
                        -0.0,
                        -0.8280336817875132,
                        0.0
                    ]
                ]
            },
            "est_params": {
                "mui": [
                    0.5032492097709957,
                    0.2553955426950748,
                    0.884555198450887,
                    1.051949872678074,
                    0.7497339078548337,
                    -0.03234160899398033
                ],
                "Si": [
                    [
                        0.9978629283823836,
                        -0.4814378817538637,
                        0.06675436772519064,
                        0.49748688643852723,
                        -0.12814451481822126,
                        0.1150635782619149
                    ],
                    [
                        -0.4814378817538637,
                        1.2434199747807697,
                        0.7061852027732379,
                        0.37651681190551173,
                        0.3313177429206428,
                        -0.21459960152302182
                    ],
                    [
                        0.06675436772519064,
