{
    "expt_args": {
        "save_dir": "expt_logs_29.04.24-5",
        "exp_name": "142",
        "num_nodes": 6,
        "obs_noise_mean": 0.5,
        "obs_noise_var": 1.0,
        "max_edge_strength": 1.0,
        "num_parents": 2,
        "new_noise_mean": 10.0,
        "mix_samples": 65536,
        "stage2_samples": 65536,
        "intv_targets": [
            0,
            1,
            2,
            3,
            4,
            5
        ]
    },
    "intv_args_dict": {
        "0": {
            "intv_type": "do",
            "inode": 0,
            "new_mui": 10.0,
            "true_params": {
                "Si": [
                    [
                        0.0,
                        0.0,
                        0.0,
                        0.0,
                        0.0,
                        0.0
                    ],
                    [
                        0.0,
                        1.0,
                        -0.19650062631450205,
                        -0.07957456727964493,
                        0.1727574150111228,
                        0.9607048095536099
                    ],
                    [
                        0.0,
                        -0.19650062631450205,
                        1.0386124961419916,
                        0.4205947914865826,
                        -0.9131167335037556,
                        -0.18877909678063876
                    ],
                    [
                        0.0,
                        -0.07957456727964493,
                        0.4205947914865826,
                        1.1703233682270826,
                        -0.5345378813332864,
                        -0.0764476695037022
                    ],
                    [
                        0.0,
                        0.1727574150111228,
                        -0.9131167335037556,
                        -0.5345378813332864,
                        1.829931708675666,
                        0.16596887948723468
                    ],
                    [
                        0.0,
                        0.9607048095536099,
                        -0.18877909678063876,
                        -0.0764476695037022,
                        0.16596887948723468,
                        1.922953731099438
                    ]
                ],
                "mui": [
                    10.0,
                    1.8740946599767572,
                    6.170056129552814,
                    1.4602479417723344,
                    -4.7534417174347166,
                    11.616726933542745
                ],
                "Ai": [
                    [
                        0.0,
                        0.0,
                        0.0,
                        0.0,
                        0.0,
                        0.0
                    ],
                    [
                        0.13740946599767573,
                        0.0,
                        0.0,
                        0.0,
                        0.0,
                        0.0
                    ],
                    [
                        0.6038316904010911,
                        -0.19650062631450205,
                        0.0,
                        0.0,
                        0.0,
                        0.0
                    ],
                    [
                        -0.15383677410828756,
                        -0.0,
                        0.40495833917742685,
                        0.0,
                        0.0,
                        0.0
                    ],
                    [
                        -0.0,
                        0.0,
                        -0.8124473810319076,
                        -0.16476364545848854,
                        0.0,
                        0.0
                    ],
                    [
                        0.9316275180144337,
                        0.9607048095536099,
                        -0.0,
                        0.0,
                        -0.0,
                        0.0
                    ]
                ]
            },
            "est_params": {
                "mui": [
                    10.0,
                    1.871042036587635,
                    6.156557555020624,
                    1.4418555992113258,
                    -4.729208311207774,
                    11.611780203282423
                ],
                "Si": [
                    [
                        1e-06,
                        0.0,
                        0.0,
                        0.0,
                        0.0,
                        0.0
                    ],
                    [
                        0.0,
                        1.0127924084932818,
                        -0.19057305791135773,
                        -0.0697134615609708,
                        0.17264932853753942,
                        0.9615842358876807
                    ],
                    [
                        0.0,
                        -0.19057305791135773,
                        1.0384820575344234,
                        0.4261416627095189,
                        -0.902157392212771,
                        -0.1806285103346933
                    ],
                    [
                        0.0,
                        -0.0697134615609708,
                        0.4261416627095189,
                        1.1786502330377209,
                        -0.5366483434410747,
                        -0.08529615961950064
                    ],
                    [
                        0.0,
                        0.17264932853753942,
                        -0.902157392212771,
                        -0.5366483434410747,
                        1.8120355750597807,
                        0.1676805516544004
                    ],
                    [
                        0.0,
                        0.9615842358876807,
                        -0.1806285103346933,
                        -0.08529615961950064,
                        0.1676805516544004,
                        1.9007214753574546
                    ]
                ]
            },
            "est_tgt": [
                0
            ]
        },
        "1": {
            "intv_type": "do",
            "inode": 1,
            "new_mui": 10.0,
            "true_params": {
                "Si": [
                    [
                        1.0,
                        0.0,
                        0.6038316904010911,
                        0.09068990437923649,
                        -0.5055238747022409,
                        0.9316275180144337
                    ],
                    [
                        0.0,
                        0.0,
                        0.0,
                        0.0,
                        0.0,
                        0.0
                    ],
                    [
                        0.6038316904010911,
                        0.0,
                        1.364612710332639,
                        0.4597197774410545,
                        -1.184421129053159,
                        0.5625462190268284
                    ],
                    [
                        0.09068990437923649,
                        0.0,
                        0.4597197774410545,
                        1.1722159152256548,
                        -0.5666366966475938,
                        0.08448921052579442
                    ],
                    [
                        -0.5055238747022409,
                        0.0,
                        -1.184421129053159,
                        -0.5666366966475938,
                        2.055640972128307,
                        -0.47095995268588825
                    ],
                    [
                        0.9316275180144337,
                        0.0,
                        0.5625462190268284,
                        0.08448921052579442,
                        -0.47095995268588825,
                        1.867929832321734
                    ]
                ],
                "mui": [
                    0.5,
                    10.0,
                    -1.163090417944475,
                    -0.04792155101811768,
                    1.4528454934040655,
                    10.572861854543316
                ],
                "Ai": [
                    [
                        0.0,
                        0.0,
                        0.0,
                        0.0,
                        0.0,
                        0.0
                    ],
                    [
                        0.0,
                        0.0,
                        0.0,
                        0.0,
                        0.0,
                        0.0
                    ],
                    [
                        0.6038316904010911,
                        -0.19650062631450205,
                        0.0,
                        0.0,
                        0.0,
                        0.0
                    ],
                    [
                        -0.15383677410828756,
                        -0.0,
                        0.40495833917742685,
                        0.0,
                        0.0,
                        0.0
                    ],
                    [
                        -0.0,
                        0.0,
                        -0.8124473810319076,
                        -0.16476364545848854,
                        0.0,
                        0.0
                    ],
                    [
                        0.9316275180144337,
                        0.9607048095536099,
                        -0.0,
                        0.0,
                        -0.0,
                        0.0
                    ]
                ]
            },
            "est_params": {
                "mui": [
                    0.4984912006744211,
                    10.0,
                    -1.1633773724490584,
                    -0.04241832339263027,
                    1.4803377334050367,
                    10.588683960657619
                ],
                "Si": [
                    [
                        0.9947128574947575,
                        0.0,
                        0.5991869181313865,
                        0.0861440580177875,
                        -0.49696178321885065,
                        0.9259746434518346
                    ],
                    [
                        0.0,
                        1e-06,
                        0.0,
                        0.0,
                        0.0,
                        0.0
                    ],
                    [
                        0.5991869181313865,
                        0.0,
                        1.389358125407502,
                        0.48892493810355625,
                        -1.2029918187447781,
                        0.5694108519551455
                    ],
                    [
                        0.0861440580177875,
                        0.0,
                        0.48892493810355625,
                        1.1878539933597738,
                        -0.5827542500313497,
                        0.08127775213728386
                    ],
                    [
                        -0.49696178321885065,
                        0.0,
                        -1.2029918187447781,
                        -0.5827542500313497,
                        2.0667494475266173,
                        -0.47474519343990046
                    ],
                    [
                        0.9259746434518346,
                        0.0,
                        0.5694108519551455,
                        0.08127775213728386,
                        -0.47474519343990046,
                        1.8494856465741636
                    ]
                ]
            },
            "est_tgt": [
                1
            ]
        },
        "2": {
            "intv_type": "do",
            "inode": 2,
            "new_mui": 10.0,
            "true_params": {
                "Si": [
                    [
                        1.0,
                        0.13740946599767573,
                        0.0,
                        -0.15383677410828756,
                        0.02534670770765548,
                        1.063637452876594
                    ],
                    [
                        0.13740946599767573,
                        1.0188813613457663,
                        0.0,
                        -0.02113862898102486,
                        0.003482877570908111,
                        1.1068586639685107
                    ],
                    [
                        0.0,
                        0.0,
                        0.0,
                        0.0,
                        0.0,
                        0.0
                    ],
                    [
                        -0.15383677410828756,
                        -0.02113862898102486,
                        0.0,
                        1.0236657530680442,
                        -0.16866290120649993,
                        -0.16362655457129094
                    ],
                    [
                        0.02534670770765548,
                        0.003482877570908111,
                        0.0,
                        -0.16866290120649993,
                        1.0277895144563878,
                        0.026959707624978204
                    ],
                    [
                        1.063637452876594,
                        1.1068586639685107,
                        0.0,
                        -0.16362655457129094,
                        0.026959707624978204,
                        3.0542783622612464
                    ]
                ],
                "mui": [
                    0.5,
                    0.5687047329988378,
                    10.0,
                    4.472665004720124,
                    -8.361406401411372,
                    1.5121711312151018
                ],
                "Ai": [
                    [
                        0.0,
                        0.0,
                        0.0,
                        0.0,
                        0.0,
                        0.0
                    ],
                    [
                        0.13740946599767573,
                        0.0,
                        0.0,
                        0.0,
                        0.0,
                        0.0
                    ],
                    [
                        0.0,
                        0.0,
                        0.0,
                        0.0,
                        0.0,
                        0.0
                    ],
                    [
                        -0.15383677410828756,
                        -0.0,
                        0.40495833917742685,
                        0.0,
                        0.0,
                        0.0
                    ],
                    [
                        -0.0,
                        0.0,
                        -0.8124473810319076,
                        -0.16476364545848854,
                        0.0,
                        0.0
                    ],
                    [
                        0.9316275180144337,
                        0.9607048095536099,
                        -0.0,
                        0.0,
                        -0.0,
                        0.0
                    ]
                ]
            },
            "est_params": {
                "mui": [
                    0.48733775357939985,
                    0.5799585607786828,
                    10.0,
                    4.482082575028883,
                    -8.382682353112184,
                    1.5036930583810864
                ],
                "Si": [
                    [
                        1.0155103359321391,
                        0.11874554081654048,
                        0.0,
                        -0.14645550951824982,
                        0.01468443139322256,
                        1.0717401188645885
                    ],
                    [
                        0.11874554081654048,
                        1.0331756678366726,
                        0.0,
                        -0.018076498359269257,
                        -0.0037191577345904846,
                        1.0976869519778585
                    ],
                    [
                        0.0,
                        0.0,
                        1e-06,
                        0.0,
                        0.0,
                        0.0
                    ],
                    [
                        -0.14645550951824982,
                        -0.018076498359269257,
                        0.0,
                        1.037425830458876,
                        -0.15913112846815455,
                        -0.14495034153899763
                    ],
                    [
                        0.01468443139322256,
                        -0.0037191577345904846,
                        0.0,
                        -0.15913112846815455,
                        1.0168817324003316,
                        -0.002703005506989394
                    ],
                    [
                        1.0717401188645885,
                        1.0976869519778585,
                        0.0,
                        -0.14495034153899763,
                        -0.002703005506989394,
                        3.0681824154150363
                    ]
                ]
            },
            "est_tgt": [
                2
            ]
        },
        "3": {
            "intv_type": "do",
            "inode": 3,
            "new_mui": 10.0,
            "true_params": {
                "Si": [
                    [
                        1.0,
                        0.13740946599767573,
                        0.5768306442710065,
                        0.0,
                        -0.4686445462369272,
                        1.063637452876594
                    ],
                    [
                        0.13740946599767573,
                        1.0188813613457663,
                        -0.11723863551412779,
                        0.0,
                        0.09525022237920751,
                        1.1068586639685107
                    ],
                    [
                        0.5768306442710065,
                        -0.11723863551412779,
                        1.371346088312096,
                        0.0,
                        -1.1141465379375135,
                        0.42475958043293927
                    ],
                    [
                        0.0,
                        0.0,
                        0.0,
                        0.0,
                        0.0,
                        0.0
                    ],
                    [
                        -0.4686445462369272,
                        0.09525022237920751,
                        -1.1141465379375135,
                        0.0,
                        1.9051854368330998,
                        -0.34509480869095344
                    ],
                    [
                        1.063637452876594,
                        1.1068586639685107,
                        0.42475958043293927,
                        0.0,
                        -0.34509480869095344,
                        3.0542783622612464
                    ]
                ],
                "mui": [
                    0.5,
                    0.5687047329988378,
                    0.6901650089782523,
                    10.0,
                    -1.7083592086091293,
                    1.5121711312151018
                ],
                "Ai": [
                    [
                        0.0,
                        0.0,
                        0.0,
                        0.0,
                        0.0,
                        0.0
                    ],
                    [
                        0.13740946599767573,
                        0.0,
                        0.0,
                        0.0,
                        0.0,
                        0.0
                    ],
                    [
                        0.6038316904010911,
                        -0.19650062631450205,
                        0.0,
                        0.0,
                        0.0,
                        0.0
                    ],
                    [
                        0.0,
                        0.0,
                        0.0,
                        0.0,
                        0.0,
                        0.0
                    ],
                    [
                        -0.0,
                        0.0,
                        -0.8124473810319076,
                        -0.16476364545848854,
                        0.0,
                        0.0
                    ],
                    [
                        0.9316275180144337,
                        0.9607048095536099,
                        -0.0,
                        0.0,
                        -0.0,
                        0.0
                    ]
                ]
            },
            "est_params": {
                "mui": [
                    0.4887539504080638,
                    0.5724285456717564,
                    0.6942142526094206,
                    10.0,
                    -1.7373770769961587,
                    1.5000738357941068
                ],
                "Si": [
                    [
                        1.0230953127411093,
                        0.14650022966107362,
                        0.6145757239650673,
                        0.0,
                        -0.5136830548807713,
                        1.1045255149235917
                    ],
                    [
                        0.14650022966107362,
                        1.0087545932415412,
                        -0.10660169443856551,
                        0.0,
                        0.07742579263192827,
                        1.1227176330937032
                    ],
                    [
                        0.6145757239650673,
                        -0.10660169443856551,
                        1.3920999427344993,
                        0.0,
                        -1.1456548796902573,
                        0.46751802520805635
                    ],
                    [
                        0.0,
                        0.0,
                        0.0,
                        1e-06,
                        0.0,
                        0.0
                    ],
                    [
                        -0.5136830548807713,
                        0.07742579263192827,
                        -1.1456548796902573,
                        0.0,
                        1.9446071295918734,
                        -0.40636675014161633
                    ],
                    [
                        1.1045255149235917,
                        1.1227176330937032,
                        0.46751802520805635,
                        0.0,
                        -0.40636675014161633,
                        3.122740995546476
                    ]
                ]
            },
            "est_tgt": [
                3
            ]
        },
        "4": {
            "intv_type": "do",
            "inode": 4,
            "new_mui": 10.0,
            "true_params": {
                "Si": [
                    [
                        1.0,
                        0.13740946599767573,
                        0.5768306442710065,
                        0.07975560558234435,
                        0.0,
                        1.063637452876594
                    ],
                    [
                        0.13740946599767573,
                        1.0188813613457663,
                        -0.11723863551412779,
                        -0.06861539210625375,
                        0.0,
                        1.1068586639685107
                    ],
                    [
                        0.5768306442710065,
                        -0.11723863551412779,
                        1.371346088312096,
                        0.4666002688388705,
                        0.0,
                        0.42475958043293927
                    ],
                    [
                        0.07975560558234435,
                        -0.06861539210625375,
                        0.4666002688388705,
                        1.1766843248488892,
                        0.0,
                        0.008383379670532789
                    ],
                    [
                        0.0,
                        0.0,
                        0.0,
                        0.0,
                        0.0,
                        0.0
                    ],
                    [
                        1.063637452876594,
                        1.1068586639685107,
                        0.42475958043293927,
                        0.008383379670532789,
                        0.0,
                        3.0542783622612464
                    ]
                ],
                "mui": [
                    0.5,
                    0.5687047329988378,
                    0.6901650089782523,
                    0.7025696887400631,
                    10.0,
                    1.5121711312151018
                ],
                "Ai": [
                    [
                        0.0,
                        0.0,
                        0.0,
                        0.0,
                        0.0,
                        0.0
                    ],
                    [
                        0.13740946599767573,
                        0.0,
                        0.0,
                        0.0,
                        0.0,
                        0.0
                    ],
                    [
                        0.6038316904010911,
                        -0.19650062631450205,
                        0.0,
                        0.0,
                        0.0,
                        0.0
                    ],
                    [
                        -0.15383677410828756,
                        -0.0,
                        0.40495833917742685,
                        0.0,
                        0.0,
                        0.0
                    ],
                    [
                        0.0,
                        0.0,
                        0.0,
                        0.0,
                        0.0,
                        0.0
                    ],
                    [
                        0.9316275180144337,
                        0.9607048095536099,
                        -0.0,
                        0.0,
                        -0.0,
                        0.0
                    ]
                ]
            },
            "est_params": {
                "mui": [
                    0.5090227696099722,
                    0.5824529532303049,
                    0.6921305704440329,
                    0.7250693631595825,
                    10.0,
                    1.521013098908183
                ],
                "Si": [
                    [
                        1.0137148359917805,
                        0.14032143896556842,
                        0.5880949611958268,
                        0.10014510418807715,
                        0.0,
                        1.0851232455709134
                    ],
                    [
                        0.14032143896556842,
                        1.0380508450141601,
                        -0.1040224507599032,
                        -0.0542896246805757,
                        0.0,
                        1.131156741866281
                    ],
                    [
                        0.5880949611958268,
                        -0.1040224507599032,
                        1.3711038939139548,
                        0.4726082976389878,
                        0.0,
                        0.44835086489556425
                    ],
                    [
                        0.10014510418807715,
                        -0.0542896246805757,
                        0.4726082976389878,
                        1.1645297510324948,
                        0.0,
                        0.05147396282299356
                    ],
                    [
                        0.0,
                        0.0,
                        0.0,
                        0.0,
                        1e-06,
                        0.0
                    ],
                    [
                        1.0851232455709134,
                        1.131156741866281,
                        0.44835086489556425,
                        0.05147396282299356,
                        0.0,
                        3.1133303870020224
                    ]
                ]
            },
            "est_tgt": [
                4
            ]
        },
        "5": {
            "intv_type": "do",
            "inode": 5,
            "new_mui": 10.0,
            "true_params": {
                "Si": [
                    [
                        1.0,
                        0.13740946599767573,
                        0.5768306442710065,
                        0.07975560558234435,
                        -0.48178537055842363,
                        0.0
                    ],
                    [
                        0.13740946599767573,
                        1.0188813613457663,
                        -0.11723863551412779,
                        -0.06861539210625375,
                        0.10655554451719748,
                        0.0
                    ],
                    [
                        0.5768306442710065,
                        -0.11723863551412779,
                        1.371346088312096,
                        0.4666002688388705,
                        -1.1910252992033166,
                        0.0
                    ],
                    [
                        0.07975560558234435,
                        -0.06861539210625375,
                        0.4666002688388705,
                        1.1766843248488892,
                        -0.5729629653228877,
                        0.0
                    ],
                    [
                        -0.48178537055842363,
                        0.10655554451719748,
                        -1.1910252992033166,
                        -0.5729629653228877,
                        2.0620488519597835,
                        0.0
                    ],
                    [
                        0.0,
                        0.0,
                        0.0,
                        0.0,
                        0.0,
                        0.0
                    ]
                ],
                "mui": [
                    0.5,
                    0.5687047329988378,
                    0.6901650089782523,
                    0.7025696887400631,
                    -0.1764806971296925,
                    10.0
                ],
                "Ai": [
                    [
                        0.0,
                        0.0,
                        0.0,
                        0.0,
                        0.0,
                        0.0
                    ],
                    [
                        0.13740946599767573,
                        0.0,
                        0.0,
                        0.0,
                        0.0,
                        0.0
                    ],
                    [
                        0.6038316904010911,
                        -0.19650062631450205,
                        0.0,
                        0.0,
                        0.0,
                        0.0
                    ],
                    [
                        -0.15383677410828756,
                        -0.0,
                        0.40495833917742685,
                        0.0,
                        0.0,
                        0.0
                    ],
                    [
                        -0.0,
                        0.0,
                        -0.8124473810319076,
                        -0.16476364545848854,
                        0.0,
                        0.0
                    ],
                    [
                        0.0,
                        0.0,
                        0.0,
                        0.0,
                        0.0,
                        0.0
                    ]
                ]
            },
            "est_params": {
                "mui": [
                    0.5070356426121729,
                    0.5715294866725622,
                    0.6778640166641982,
                    0.6993869828712765,
                    -0.16254897038540578,
                    9.999999999999957
                ],
                "Si": [
                    [
                        1.036421282545301,
                        0.15122199753164764,
                        0.603343095154826,
                        0.08815615619999498,
                        -0.499138223018707,
                        2.13773428671212e-25
                    ],
                    [
                        0.15122199753164764,
                        1.0235557824444885,
                        -0.10764810761587097,
                        -0.05617306157183109,
                        0.10740672687895719,
                        -2.833851597011661e-25
                    ],
                    [
                        0.603343095154826,
                        -0.10764810761587096,
                        1.3727330932199477,
                        0.4587398060523341,
                        -1.200011009245901,
                        2.9716278853932975e-25
                    ],
                    [
                        0.08815615619999499,
                        -0.05617306157183109,
                        0.4587398060523341,
                        1.1715215571907027,
                        -0.5772666415394436,
                        8.508935461999912e-26
                    ],
                    [
                        -0.499138223018707,
                        0.10740672687895719,
                        -1.200011009245901,
                        -0.5772666415394436,
                        2.09516859405266,
                        -2.293920401252504e-25
                    ],
                    [
                        2.137733936182171e-25,
                        -2.83385281038456e-25,
                        2.971629179657723e-25,
                        8.508935461999912e-26,
                        -2.293920401252504e-25,
                        1e-06
                    ]
                ]
            },
            "est_tgt": [
                5
            ]
        },
        "obs": {
            "intv_type": "obs",
            "true_params": {
                "Si": [
                    [
                        1.0,
                        0.13740946599767573,
                        0.5768306442710065,
                        0.07975560558234435,
                        -0.48178537055842363,
                        1.063637452876594
                    ],
                    [
                        0.13740946599767573,
                        1.0188813613457663,
                        -0.11723863551412779,
                        -0.06861539210625375,
                        0.10655554451719748,
                        1.1068586639685107
                    ],
                    [
                        0.5768306442710065,
                        -0.11723863551412779,
                        1.371346088312096,
                        0.4666002688388705,
                        -1.1910252992033166,
                        0.42475958043293927
                    ],
                    [
                        0.07975560558234435,
                        -0.06861539210625375,
                        0.4666002688388705,
                        1.1766843248488892,
                        -0.5729629653228877,
                        0.008383379670532789
                    ],
                    [
                        -0.48178537055842363,
                        0.10655554451719748,
                        -1.1910252992033166,
                        -0.5729629653228877,
                        2.0620488519597835,
                        -0.34647608488673304
                    ],
                    [
                        1.063637452876594,
                        1.1068586639685107,
                        0.42475958043293927,
                        0.008383379670532789,
                        -0.34647608488673304,
                        3.0542783622612464
                    ]
                ],
                "mui": [
                    0.5,
                    0.5687047329988378,
                    0.6901650089782523,
                    0.7025696887400631,
                    -0.1764806971296925,
                    1.5121711312151018
                ],
                "Ai": [
                    [
                        0.0,
                        0.0,
                        0.0,
                        0.0,
                        0.0,
                        0.0
                    ],
                    [
                        0.13740946599767573,
                        0.0,
                        0.0,
                        0.0,
                        0.0,
                        0.0
                    ],
                    [
                        0.6038316904010911,
                        -0.19650062631450205,
                        0.0,
                        0.0,
                        0.0,
                        0.0
                    ],
                    [
                        -0.15383677410828756,
                        -0.0,
                        0.40495833917742685,
                        0.0,
                        0.0,
                        0.0
                    ],
                    [
                        -0.0,
                        0.0,
                        -0.8124473810319076,
                        -0.16476364545848854,
                        0.0,
                        0.0
                    ],
                    [
                        0.9316275180144337,
                        0.9607048095536099,
                        -0.0,
                        0.0,
                        -0.0,
                        0.0
                    ]
                ]
            },
            "est_params": {
                "mui": [
                    0.49790768848880024,
                    0.5668464473965509,
                    0.6957001646894925,
                    0.7015934335411185,
                    -0.17182334362651583,
                    1.5180612416558639
                ],
                "Si": [
                    [
                        1.0063296001077084,
                        0.13223901560738865,
                        0.5872887776938926,
                        0.09046647810922633,
                        -0.4842820129150745,
                        1.063417050685539
                    ],
                    [
                        0.13223901560738865,
                        1.0110001757025429,
                        -0.12636470894517868,
                        -0.061475013853219594,
                        0.12321385833366731,
                        1.1010359459471024
                    ],
                    [
                        0.5872887776938926,
                        -0.12636470894517868,
                        1.3807096724697303,
                        0.4699831317881527,
                        -1.1960386225720898,
