{
    "expt_args": {
        "save_dir": "expt_logs_29.04.24-5",
        "exp_name": "78",
        "num_nodes": 6,
        "obs_noise_mean": 0.5,
        "obs_noise_var": 1.0,
        "max_edge_strength": 1.0,
        "num_parents": 2,
        "new_noise_mean": 10.0,
        "mix_samples": 65536,
        "stage2_samples": 65536,
        "intv_targets": [
            0,
            1,
            2,
            3,
            4,
            5
        ]
    },
    "intv_args_dict": {
        "0": {
            "intv_type": "do",
            "inode": 0,
            "new_mui": 10.0,
            "true_params": {
                "Si": [
                    [
                        0.0,
                        0.0,
                        0.0,
                        0.0,
                        0.0,
                        0.0
                    ],
                    [
                        0.0,
                        1.0,
                        -0.9851814800563611,
                        -0.7327082332367333,
                        -0.5907304706522858,
                        1.026621111683235
                    ],
                    [
                        0.0,
                        -0.9851814800563611,
                        1.9705825486460422,
                        1.465579780877508,
                        0.7963543354729118,
                        -1.642610035069163
                    ],
                    [
                        0.0,
                        -0.7327082332367333,
                        1.465579780877508,
                        2.089994476807262,
                        0.8805188452753383,
                        -1.221657045992786
                    ],
                    [
                        0.0,
                        -0.5907304706522858,
                        0.7963543354729118,
                        0.8805188452753383,
                        1.478006511067461,
                        -0.7417719372491245
                    ],
                    [
                        0.0,
                        1.026621111683235,
                        -1.642610035069163,
                        -1.221657045992786,
                        -0.7417719372491245,
                        2.4523667818795696
                    ]
                ],
                "mui": [
                    10.0,
                    5.614075711721884,
                    -7.40955359232415,
                    -3.4750081887732294,
                    -2.6323682296130677,
                    7.44934888534241
                ],
                "Ai": [
                    [
                        0.0,
                        0.0,
                        0.0,
                        0.0,
                        0.0,
                        0.0
                    ],
                    [
                        0.5114075711721884,
                        0.0,
                        0.0,
                        0.0,
                        0.0,
                        0.0
                    ],
                    [
                        -0.23786701735015148,
                        -0.9851814800563611,
                        0.0,
                        0.0,
                        0.0,
                        0.0
                    ],
                    [
                        0.1535693170933744,
                        0.0,
                        0.7437291992078616,
                        0.0,
                        0.0,
                        0.0
                    ],
                    [
                        -0.0,
                        -0.3795296135503542,
                        -0.0,
                        0.28824687306836083,
                        0.0,
                        0.0
                    ],
                    [
                        0.0,
                        0.40477266124971323,
                        -0.6312019288039667,
                        -0.0,
                        0.0,
                        0.0
                    ]
                ]
            },
            "est_params": {
                "mui": [
                    10.0,
                    5.62988579055103,
                    -7.430517088605581,
                    -3.4881801079486494,
                    -2.6423133828604515,
                    7.458431736153856
                ],
                "Si": [
                    [
                        1e-06,
                        0.0,
                        0.0,
                        0.0,
                        0.0,
                        0.0
                    ],
                    [
                        0.0,
                        1.0298043854559626,
                        -1.0353900257200346,
                        -0.7697794929401331,
                        -0.6049887040378967,
                        1.0778809536661877
                    ],
                    [
                        0.0,
                        -1.0353900257200346,
                        2.02228060007352,
                        1.5175700254615254,
                        0.8067570636557623,
                        -1.7093626791900483
                    ],
                    [
                        0.0,
                        -0.7697794929401331,
                        1.5175700254615254,
                        2.1615514686231814,
                        0.9047838259016963,
                        -1.2807124078115313
                    ],
                    [
                        0.0,
                        -0.6049887040378967,
                        0.8067570636557623,
                        0.9047838259016963,
                        1.4616415939342906,
                        -0.7747991214136979
                    ],
                    [
                        0.0,
                        1.0778809536661877,
                        -1.7093626791900483,
                        -1.2807124078115313,
                        -0.7747991214136979,
                        2.5354983073101462
                    ]
                ]
            },
            "est_tgt": [
                0
            ]
        },
        "1": {
            "intv_type": "do",
            "inode": 1,
            "new_mui": 10.0,
            "true_params": {
                "Si": [
                    [
                        1.0,
                        0.0,
                        -0.23786701735015148,
                        -0.02333932923841628,
                        -0.00672748867248646,
                        0.15014212015026224
                    ],
                    [
                        0.0,
                        0.0,
                        0.0,
                        0.0,
                        0.0,
                        0.0
                    ],
                    [
                        -0.23786701735015148,
                        0.0,
                        1.0565807179430573,
                        0.7492808558407569,
                        0.2159778637460834,
                        -0.6669157871027377
                    ],
                    [
                        -0.02333932923841628,
                        0.0,
                        0.7492808558407569,
                        1.5536778460436662,
                        0.44784278087767293,
                        -0.4729475214225727
                    ],
                    [
                        -0.00672748867248646,
                        0.0,
                        0.2159778637460834,
                        0.44784278087767293,
                        1.1290892812142284,
                        -0.13632564417548818
                    ],
                    [
                        0.15014212015026224,
                        0.0,
                        -0.6669157871027377,
                        -0.4729475214225727,
                        -0.13632564417548818,
                        1.4209585311690636
                    ]
                ],
                "mui": [
                    0.5,
                    10.0,
                    -9.470748309238687,
                    -6.46688739738261,
                    -5.1593562062842695,
                    10.5256812125055
                ],
                "Ai": [
                    [
                        0.0,
                        0.0,
                        0.0,
                        0.0,
                        0.0,
                        0.0
                    ],
                    [
                        0.0,
                        0.0,
                        0.0,
                        0.0,
                        0.0,
                        0.0
                    ],
                    [
                        -0.23786701735015148,
                        -0.9851814800563611,
                        0.0,
                        0.0,
                        0.0,
                        0.0
                    ],
                    [
                        0.1535693170933744,
                        0.0,
                        0.7437291992078616,
                        0.0,
                        0.0,
                        0.0
                    ],
                    [
                        -0.0,
                        -0.3795296135503542,
                        -0.0,
                        0.28824687306836083,
                        0.0,
                        0.0
                    ],
                    [
                        0.0,
                        0.40477266124971323,
                        -0.6312019288039667,
                        -0.0,
                        0.0,
                        0.0
                    ]
                ]
            },
            "est_params": {
                "mui": [
                    0.5198067121740044,
                    10.0,
                    -9.481461459410145,
                    -6.461058750180366,
                    -5.172148117227828,
                    10.530476603844923
                ],
                "Si": [
                    [
                        1.0235016108066701,
                        0.0,
                        -0.25397748138566406,
                        -0.022868300590027386,
                        -0.011320453774563465,
                        0.16506936414940368
                    ],
                    [
                        0.0,
                        1e-06,
                        0.0,
                        0.0,
                        0.0,
                        0.0
                    ],
                    [
                        -0.25397748138566406,
                        0.0,
                        1.0630453588888598,
                        0.7480666762534631,
                        0.21946117952940178,
                        -0.6827546053963303
                    ],
                    [
                        -0.022868300590027386,
                        0.0,
                        0.7480666762534631,
                        1.541853441687366,
                        0.4196722196987962,
                        -0.4754510755171659
                    ],
                    [
                        -0.011320453774563465,
                        0.0,
                        0.21946117952940178,
                        0.4196722196987962,
                        1.116409425682233,
                        -0.1416940329277923
                    ],
                    [
                        0.16506936414940368,
                        0.0,
                        -0.6827546053963303,
                        -0.4754510755171659,
                        -0.1416940329277923,
                        1.421580688677355
                    ]
                ]
            },
            "est_tgt": [
                1
            ]
        },
        "2": {
            "intv_type": "do",
            "inode": 2,
            "new_mui": 10.0,
            "true_params": {
                "Si": [
                    [
                        1.0,
                        0.5114075711721884,
                        0.0,
                        0.1535693170933744,
                        -0.14982844240229717,
                        0.20700380356661882
                    ],
                    [
                        0.5114075711721884,
                        1.2615377038522368,
                        0.0,
                        0.07853651146129423,
                        -0.4561530133718251,
                        0.5106359736551226
                    ],
                    [
                        0.0,
                        0.0,
                        0.0,
                        0.0,
                        0.0,
                        0.0
                    ],
                    [
                        0.1535693170933744,
                        0.07853651146129423,
                        0.0,
                        1.0235835351525253,
                        0.2652378214874761,
                        0.03178943274945667
                    ],
                    [
                        -0.14982844240229717,
                        -0.4561530133718251,
                        0.0,
                        0.2652378214874761,
                        1.2495775495480674,
                        -0.18463826915958967
                    ],
                    [
                        0.20700380356661882,
                        0.5106359736551226,
                        0.0,
                        0.03178943274945667,
                        -0.18463826915958967,
                        1.2066914819862224
                    ]
                ],
                "mui": [
                    0.5,
                    0.7557037855860942,
                    10.0,
                    8.014076650625304,
                    2.523220569370876,
                    -5.506131055631502
                ],
                "Ai": [
                    [
                        0.0,
                        0.0,
                        0.0,
                        0.0,
                        0.0,
                        0.0
                    ],
                    [
                        0.5114075711721884,
                        0.0,
                        0.0,
                        0.0,
                        0.0,
                        0.0
                    ],
                    [
                        0.0,
                        0.0,
                        0.0,
                        0.0,
                        0.0,
                        0.0
                    ],
                    [
                        0.1535693170933744,
                        0.0,
                        0.7437291992078616,
                        0.0,
                        0.0,
                        0.0
                    ],
                    [
                        -0.0,
                        -0.3795296135503542,
                        -0.0,
                        0.28824687306836083,
                        0.0,
                        0.0
                    ],
                    [
                        0.0,
                        0.40477266124971323,
                        -0.6312019288039667,
                        -0.0,
                        0.0,
                        0.0
                    ]
                ]
            },
            "est_params": {
                "mui": [
                    0.5012662550334205,
                    0.7680321305422487,
                    9.999999999999996,
                    8.020380830365209,
                    2.524465763989678,
                    -5.502633305786101
                ],
                "Si": [
                    [
                        0.9996440496072545,
                        0.498686273774706,
                        -7.846478048940544e-31,
                        0.15310026811910207,
                        -0.15697361880287428,
                        0.20703491073697594
                    ],
                    [
                        0.498686273774706,
                        1.243233173391491,
                        -2.9306325874372007e-31,
                        0.05659186464692414,
                        -0.4537681951818896,
                        0.5181373144123004
                    ],
                    [
                        -7.819514206847965e-31,
                        -2.9306325874372007e-31,
                        1e-06,
                        7.668516691129522e-30,
                        -1.4754277345033175e-30,
                        -3.630681337765788e-30
                    ],
                    [
                        0.15310026811910207,
                        0.05659186464692414,
                        7.668516691129522e-30,
                        1.0183050638907376,
                        0.2858521853142501,
                        0.0073137130289780885
                    ],
                    [
                        -0.15697361880287428,
                        -0.4537681951818896,
                        -1.4754277345033175e-30,
                        0.2858521853142501,
                        1.2475915271743512,
                        -0.1982232429633197
                    ],
                    [
                        0.20703491073697594,
                        0.5181373144123004,
                        -3.633377721975046e-30,
                        0.0073137130289780885,
                        -0.1982232429633197,
                        1.223212536897226
                    ]
                ]
            },
            "est_tgt": [
                2
            ]
        },
        "3": {
            "intv_type": "do",
            "inode": 3,
            "new_mui": 10.0,
            "true_params": {
                "Si": [
                    [
                        1.0,
                        0.5114075711721884,
                        -0.7416962852295969,
                        0.0,
                        -0.19409431785370593,
                        0.6751639293902775
                    ],
                    [
                        0.5114075711721884,
                        1.2615377038522368,
                        -1.3644905758330639,
                        0.0,
                        -0.47879091722224065,
                        1.3719050569557878
                    ],
                    [
                        -0.7416962852295969,
                        -1.3644905758330639,
                        2.5206959281694257,
                        0.0,
                        0.517864580939023,
                        -2.14337661341895
                    ],
                    [
                        0.0,
                        0.0,
                        0.0,
                        0.0,
                        0.0,
                        0.0
                    ],
                    [
                        -0.19409431785370593,
                        -0.47879091722224065,
                        0.517864580939023,
                        0.0,
                        1.1817153317847766,
                        -0.5206785960942069
                    ],
                    [
                        0.6751639293902775,
                        1.3719050569557878,
                        -2.14337661341895,
                        0.0,
                        -0.5206785960942069,
                        2.908213113429289
                    ]
                ],
                "mui": [
                    0.5,
                    0.7557037855860942,
                    -0.36343888264297897,
                    10.0,
                    3.095656764981578,
                    1.0352915561347729
                ],
                "Ai": [
                    [
                        0.0,
                        0.0,
                        0.0,
                        0.0,
                        0.0,
                        0.0
                    ],
                    [
                        0.5114075711721884,
                        0.0,
                        0.0,
                        0.0,
                        0.0,
                        0.0
                    ],
                    [
                        -0.23786701735015148,
                        -0.9851814800563611,
                        0.0,
                        0.0,
                        0.0,
                        0.0
                    ],
                    [
                        0.0,
                        0.0,
                        0.0,
                        0.0,
                        0.0,
                        0.0
                    ],
                    [
                        -0.0,
                        -0.3795296135503542,
                        -0.0,
                        0.28824687306836083,
                        0.0,
                        0.0
                    ],
                    [
                        0.0,
                        0.40477266124971323,
                        -0.6312019288039667,
                        -0.0,
                        0.0,
                        0.0
                    ]
                ]
            },
            "est_params": {
                "mui": [
                    0.4958889375056022,
                    0.7532181375036623,
                    -0.37134755995920654,
                    9.999999999999998,
                    3.0921802003347656,
                    1.033674336047223
                ],
                "Si": [
                    [
                        1.0170507905656017,
                        0.5129327545222746,
                        -0.7642186045905908,
                        -1.2099916957806586e-26,
                        -0.18554938483836775,
                        0.6861521989398148
                    ],
                    [
                        0.5129327545222746,
                        1.2477660312585486,
                        -1.3479083882198022,
                        4.884024352909928e-26,
                        -0.48050837101091426,
                        1.363216027075922
                    ],
                    [
                        -0.7642186045905908,
                        -1.3479083882198022,
                        2.5181957141654405,
                        -3.869211803272899e-25,
                        0.5150928640025759,
                        -2.134373952750174
                    ],
                    [
                        -1.2099912913230273e-26,
                        4.884024352909928e-26,
                        -3.8692117763090568e-25,
                        1e-06,
                        2.2027433415323883e-26,
                        2.2369287999121106e-25
                    ],
                    [
                        -0.18554938483836775,
                        -0.48050837101091426,
                        0.5150928640025759,
                        2.2027432067131777e-26,
                        1.18991378260621,
                        -0.5229822827531947
                    ],
                    [
                        0.6861521989398148,
                        1.363216027075922,
                        -2.134373952750174,
                        2.236928806653071e-25,
                        -0.5229822827531947,
                        2.912295594237264
                    ]
                ]
            },
            "est_tgt": [
                3
            ]
        },
        "4": {
            "intv_type": "do",
            "inode": 4,
            "new_mui": 10.0,
            "true_params": {
                "Si": [
                    [
                        1.0,
                        0.5114075711721884,
                        -0.7416962852295969,
                        -0.39805186717587937,
                        0.0,
                        0.6751639293902775
                    ],
                    [
                        0.5114075711721884,
                        1.2615377038522368,
                        -1.3644905758330639,
                        -0.9362749718297043,
                        0.0,
                        1.3719050569557878
                    ],
                    [
                        -0.7416962852295969,
                        -1.3644905758330639,
                        2.5206959281694257,
                        1.7608133720905625,
                        0.0,
                        -2.14337661341895
                    ],
                    [
                        -0.39805186717587937,
                        -0.9362749718297043,
                        1.7608133720905625,
                        2.248439765769466,
                        0.0,
                        -1.4904073087363896
                    ],
                    [
                        0.0,
                        0.0,
                        0.0,
                        0.0,
                        0.0,
                        0.0
                    ],
                    [
                        0.6751639293902775,
                        1.3719050569557878,
                        -2.14337661341895,
                        -1.4904073087363896,
                        0.0,
                        2.908213113429289
                    ]
                ],
                "mui": [
                    0.5,
                    0.7557037855860942,
                    -0.36343888264297897,
                    0.3064845493976245,
                    10.0,
                    1.0352915561347729
                ],
                "Ai": [
                    [
                        0.0,
                        0.0,
                        0.0,
                        0.0,
                        0.0,
                        0.0
                    ],
                    [
                        0.5114075711721884,
                        0.0,
                        0.0,
                        0.0,
                        0.0,
                        0.0
                    ],
                    [
                        -0.23786701735015148,
                        -0.9851814800563611,
                        0.0,
                        0.0,
                        0.0,
                        0.0
                    ],
                    [
                        0.1535693170933744,
                        0.0,
                        0.7437291992078616,
                        0.0,
                        0.0,
                        0.0
                    ],
                    [
                        0.0,
                        0.0,
                        0.0,
                        0.0,
                        0.0,
                        0.0
                    ],
                    [
                        0.0,
                        0.40477266124971323,
                        -0.6312019288039667,
                        -0.0,
                        0.0,
                        0.0
                    ]
                ]
            },
            "est_params": {
                "mui": [
                    0.5058992448477799,
                    0.7699694535821001,
                    -0.3821376439264487,
                    0.27756470639786407,
                    9.999999999999998,
                    1.029073804036373
                ],
                "Si": [
                    [
                        1.0090002078528473,
                        0.5181027507495416,
                        -0.751127884916399,
                        -0.40624701565100846,
                        2.7873871763203455e-31,
                        0.6847501067798418
                    ],
                    [
                        0.5181027507495416,
                        1.2774331870996212,
                        -1.3803357014424342,
                        -0.9438226398421325,
                        -2.1318287654445205e-31,
                        1.3944055406078388
                    ],
                    [
                        -0.751127884916399,
                        -1.3803357014424342,
                        2.5435731576705343,
                        1.7606994014228925,
                        9.504754337634068e-32,
                        -2.1828809795270243
                    ],
                    [
                        -0.40624701565100846,
                        -0.9438226398421325,
                        1.7606994014228925,
                        2.226099086372109,
                        -7.836366608155748e-32,
                        -1.5107327006624205
                    ],
                    [
                        2.7873871763203455e-31,
                        -2.1318287654445205e-31,
                        9.504754337634068e-32,
                        -7.836366608155748e-32,
                        1e-06,
                        -1.3077463414900775e-31
                    ],
                    [
                        0.6847501067798418,
                        1.3944055406078388,
                        -2.1828809795270243,
                        -1.5107327006624205,
                        -1.3077463414900775e-31,
                        2.958469734028739
                    ]
                ]
            },
            "est_tgt": [
                4
            ]
        },
        "5": {
            "intv_type": "do",
            "inode": 5,
            "new_mui": 10.0,
            "true_params": {
                "Si": [
                    [
                        1.0,
                        0.5114075711721884,
                        -0.7416962852295969,
                        -0.39805186717587937,
                        -0.30883152388617563,
                        0.0
                    ],
                    [
                        0.5114075711721884,
                        1.2615377038522368,
                        -1.3644905758330639,
                        -0.9362749718297043,
                        -0.7486692501843205,
                        0.0
                    ],
                    [
                        -0.7416962852295969,
                        -1.3644905758330639,
                        2.5206959281694257,
                        1.7608133720905625,
                        1.0254135295010838,
                        0.0
                    ],
                    [
                        -0.39805186717587937,
                        -0.9362749718297043,
                        1.7608133720905625,
                        2.248439765769466,
                        1.0034498100010028,
                        0.0
                    ],
                    [
                        -0.30883152388617563,
                        -0.7486692501843205,
                        1.0254135295010838,
                        1.0034498100010028,
                        1.5733834212133184,
                        0.0
                    ],
                    [
                        0.0,
                        0.0,
                        0.0,
                        0.0,
                        0.0,
                        0.0
                    ]
                ],
                "mui": [
                    0.5,
                    0.7557037855860942,
                    -0.36343888264297897,
                    0.3064845493976245,
                    0.30153124730560077,
                    10.0
                ],
                "Ai": [
                    [
                        0.0,
                        0.0,
                        0.0,
                        0.0,
                        0.0,
                        0.0
                    ],
                    [
                        0.5114075711721884,
                        0.0,
                        0.0,
                        0.0,
                        0.0,
                        0.0
                    ],
                    [
                        -0.23786701735015148,
                        -0.9851814800563611,
                        0.0,
                        0.0,
                        0.0,
                        0.0
                    ],
                    [
                        0.1535693170933744,
                        0.0,
                        0.7437291992078616,
                        0.0,
                        0.0,
                        0.0
                    ],
                    [
                        -0.0,
                        -0.3795296135503542,
                        -0.0,
                        0.28824687306836083,
                        0.0,
                        0.0
                    ],
                    [
                        0.0,
                        0.0,
                        0.0,
                        0.0,
                        0.0,
                        0.0
                    ]
                ]
            },
            "est_params": {
                "mui": [
                    0.4904041046415696,
                    0.7482124075976047,
                    -0.3616249617852136,
                    0.30743513263895783,
                    0.3073270876692018,
                    9.999999999999973
                ],
                "Si": [
                    [
                        0.9896968053424648,
                        0.5187629524122216,
                        -0.7522541149456828,
                        -0.39899667609343864,
                        -0.3104686316958353,
                        1.5216977155704482e-23
                    ],
                    [
                        0.5187629524122216,
                        1.2657620663380287,
                        -1.3605186311351314,
                        -0.9329403674045578,
                        -0.7522629484658928,
                        9.246439562296962e-23
                    ],
                    [
                        -0.7522541149456828,
                        -1.3605186311351314,
                        2.518783440359308,
                        1.767016950309731,
                        1.032619087645832,
                        -9.026833288066642e-23
                    ],
                    [
                        -0.39899667609343864,
                        -0.9329403674045578,
                        1.767016950309731,
                        2.279972214153525,
                        1.0182850526685034,
                        -6.22508949450214e-23
                    ],
                    [
                        -0.3104686316958353,
                        -0.7522629484658928,
                        1.032619087645832,
                        1.0182850526685034,
                        1.5590456908972599,
                        -5.254673365315727e-23
                    ],
                    [
                        1.5216977112562334e-23,
                        9.246439562296962e-23,
                        -9.026833280786404e-23,
                        -6.22508948075058e-23,
                        -5.2546733750227103e-23,
                        1e-06
                    ]
                ]
            },
            "est_tgt": [
                5
            ]
        },
        "obs": {
            "intv_type": "obs",
            "true_params": {
                "Si": [
                    [
                        1.0,
                        0.5114075711721884,
                        -0.7416962852295969,
                        -0.39805186717587937,
                        -0.30883152388617563,
                        0.6751639293902775
                    ],
                    [
                        0.5114075711721884,
                        1.2615377038522368,
                        -1.3644905758330639,
                        -0.9362749718297043,
                        -0.7486692501843205,
                        1.3719050569557878
                    ],
                    [
                        -0.7416962852295969,
                        -1.3644905758330639,
                        2.5206959281694257,
                        1.7608133720905625,
                        1.0254135295010838,
                        -2.14337661341895
                    ],
                    [
                        -0.39805186717587937,
                        -0.9362749718297043,
                        1.7608133720905625,
                        2.248439765769466,
                        1.0034498100010028,
                        -1.4904073087363896
                    ],
                    [
                        -0.30883152388617563,
                        -0.7486692501843205,
                        1.0254135295010838,
                        1.0034498100010028,
                        1.5733834212133184,
                        -0.9502838424357022
                    ],
                    [
                        0.6751639293902775,
                        1.3719050569557878,
                        -2.14337661341895,
                        -1.4904073087363896,
                        -0.9502838424357022,
                        2.908213113429289
                    ]
                ],
                "mui": [
                    0.5,
                    0.7557037855860942,
                    -0.36343888264297897,
                    0.3064845493976245,
                    0.30153124730560077,
                    1.0352915561347729
                ],
                "Ai": [
                    [
                        0.0,
                        0.0,
                        0.0,
                        0.0,
                        0.0,
                        0.0
                    ],
                    [
                        0.5114075711721884,
                        0.0,
                        0.0,
                        0.0,
                        0.0,
                        0.0
                    ],
                    [
                        -0.23786701735015148,
                        -0.9851814800563611,
                        0.0,
                        0.0,
                        0.0,
                        0.0
                    ],
                    [
                        0.1535693170933744,
                        0.0,
                        0.7437291992078616,
                        0.0,
                        0.0,
                        0.0
                    ],
                    [
                        -0.0,
                        -0.3795296135503542,
                        -0.0,
                        0.28824687306836083,
                        0.0,
                        0.0
                    ],
                    [
                        0.0,
                        0.40477266124971323,
                        -0.6312019288039667,
                        -0.0,
                        0.0,
                        0.0
                    ]
                ]
            },
            "est_params": {
                "mui": [
                    0.5120871865897522,
                    0.7811531485374981,
                    -0.3804456090980594,
                    0.27086730036710216,
                    0.2885030172312856,
                    1.065604225971099
                ],
                "Si": [
                    [
                        0.9748548255490586,
                        0.4967585117584024,
                        -0.72167804787438,
                        -0.39921741216774354,
                        -0.29457246559089373,
                        0.6424068261253072
                    ],
                    [
