{
    "expt_args": {
        "save_dir": "expt_logs_29.04.24-5",
        "exp_name": "61",
        "num_nodes": 6,
        "obs_noise_mean": 0.5,
        "obs_noise_var": 1.0,
        "max_edge_strength": 1.0,
        "num_parents": 2,
        "new_noise_mean": 10.0,
        "mix_samples": 32768,
        "stage2_samples": 32768,
        "intv_targets": [
            0,
            1,
            2,
            3,
            4,
            5
        ]
    },
    "intv_args_dict": {
        "0": {
            "intv_type": "do",
            "inode": 0,
            "new_mui": 10.0,
            "true_params": {
                "Si": [
                    [
                        0.0,
                        0.0,
                        0.0,
                        0.0,
                        0.0,
                        0.0
                    ],
                    [
                        0.0,
                        1.0,
                        0.5431082369410543,
                        -0.36004809093646506,
                        0.4293315603311905,
                        -0.5280420269972144
                    ],
                    [
                        0.0,
                        0.5431082369410543,
                        1.2949665570332203,
                        -0.19554508388249592,
                        1.0236817906485256,
                        -0.9916546236243184
                    ],
                    [
                        0.0,
                        -0.36004809093646506,
                        -0.19554508388249592,
                        1.129634627786993,
                        -0.15458000867601893,
                        0.19012052375456837
                    ],
                    [
                        0.0,
                        0.4293315603311905,
                        1.0236817906485256,
                        -0.15458000867601893,
                        1.8092289355380542,
                        -1.6755788264069658
                    ],
                    [
                        0.0,
                        -0.5280420269972144,
                        -0.9916546236243184,
                        0.19012052375456837,
                        -1.6755788264069658,
                        2.5707421799747285
                    ]
                ],
                "mui": [
                    10.0,
                    3.308783418364549,
                    5.496997251950989,
                    -8.778088308092999,
                    -2.13618102509027,
                    1.9242587334503427
                ],
                "Ai": [
                    [
                        0.0,
                        0.0,
                        0.0,
                        0.0,
                        0.0,
                        0.0
                    ],
                    [
                        0.2808783418364549,
                        0.0,
                        0.0,
                        0.0,
                        0.0,
                        0.0
                    ],
                    [
                        0.31999697231832247,
                        0.5431082369410543,
                        0.0,
                        0.0,
                        0.0,
                        0.0
                    ],
                    [
                        -0.8086767154988611,
                        -0.36004809093646506,
                        -0.0,
                        0.0,
                        0.0,
                        0.0
                    ],
                    [
                        -0.6981602889079656,
                        0.0,
                        0.7905082838539008,
                        0.0,
                        0.0,
                        0.0
                    ],
                    [
                        0.0,
                        -0.14522097137837708,
                        0.0,
                        0.0,
                        -0.8916676317099198,
                        0.0
                    ]
                ]
            },
            "est_params": {
                "mui": [
                    10.0,
                    3.280453727881725,
                    5.486085101805744,
                    -8.777483953282974,
                    -2.135882513250045,
                    1.9134671444183529
                ],
                "Si": [
                    [
                        1e-06,
                        0.0,
                        0.0,
                        0.0,
                        0.0,
                        0.0
                    ],
                    [
                        0.0,
                        1.0577882839163897,
                        0.6131995708569692,
                        -0.3961925281228419,
                        0.4773243158779976,
                        -0.5868576407069908
                    ],
                    [
                        0.0,
                        0.6131995708569692,
                        1.3659581908114162,
                        -0.23804212182062456,
                        1.0764949372932688,
                        -1.0503352765168865
                    ],
                    [
                        0.0,
                        -0.3961925281228419,
                        -0.23804212182062456,
                        1.1750545793084075,
                        -0.19162017458758857,
                        0.24835453586090217
                    ],
                    [
                        0.0,
                        0.4773243158779976,
                        1.0764949372932688,
                        -0.19162017458758857,
                        1.8512828131933563,
                        -1.7019197631338034
                    ],
                    [
                        0.0,
                        -0.5868576407069908,
                        -1.0503352765168865,
                        0.24835453586090217,
                        -1.7019197631338034,
                        2.594990169951549
                    ]
                ]
            },
            "est_tgt": [
                0
            ]
        },
        "1": {
            "intv_type": "do",
            "inode": 1,
            "new_mui": 10.0,
            "true_params": {
                "Si": [
                    [
                        1.0,
                        0.0,
                        0.31999697231832247,
                        -0.8086767154988611,
                        -0.44520003148216425,
                        0.3969704577088831
                    ],
                    [
                        0.0,
                        0.0,
                        0.0,
                        0.0,
                        0.0,
                        0.0
                    ],
                    [
                        0.31999697231832247,
                        0.0,
                        1.1023980622928933,
                        -0.258774100543961,
                        0.6480456217035864,
                        -0.5778413047444195
                    ],
                    [
                        -0.8086767154988611,
                        0.0,
                        -0.258774100543961,
                        1.6539580301900259,
                        0.36002289919898617,
                        -0.32102076589009915
                    ],
                    [
                        -0.44520003148216425,
                        0.0,
                        0.6480456217035864,
                        0.36002289919898617,
                        1.8231064148733593,
                        -1.625604979305291
                    ],
                    [
                        0.3969704577088831,
                        0.0,
                        -0.5778413047444195,
                        -0.32102076589009915,
                        -1.625604979305291,
                        2.4494993419930022
                    ]
                ],
                "mui": [
                    0.5,
                    10.0,
                    6.091080855569704,
                    -3.504819267114081,
                    4.965969729497774,
                    -5.380204181628202
                ],
                "Ai": [
                    [
                        0.0,
                        0.0,
                        0.0,
                        0.0,
                        0.0,
                        0.0
                    ],
                    [
                        0.0,
                        0.0,
                        0.0,
                        0.0,
                        0.0,
                        0.0
                    ],
                    [
                        0.31999697231832247,
                        0.5431082369410543,
                        0.0,
                        0.0,
                        0.0,
                        0.0
                    ],
                    [
                        -0.8086767154988611,
                        -0.36004809093646506,
                        -0.0,
                        0.0,
                        0.0,
                        0.0
                    ],
                    [
                        -0.6981602889079656,
                        0.0,
                        0.7905082838539008,
                        0.0,
                        0.0,
                        0.0
                    ],
                    [
                        0.0,
                        -0.14522097137837708,
                        0.0,
                        0.0,
                        -0.8916676317099198,
                        0.0
                    ]
                ]
            },
            "est_params": {
                "mui": [
                    0.4891262294673542,
                    10.0,
                    6.101074682040147,
                    -3.5035994108604998,
                    4.99486848611868,
                    -5.406490119447261
                ],
                "Si": [
                    [
                        1.0120429190980609,
                        0.0,
                        0.313352367426779,
                        -0.7989356405250989,
                        -0.4630188483562683,
                        0.38148619495598163
                    ],
                    [
                        0.0,
                        1e-06,
                        0.0,
                        0.0,
                        0.0,
                        0.0
                    ],
                    [
                        0.313352367426779,
                        0.0,
                        1.0695727996138709,
                        -0.25206483938651164,
                        0.6129241020804392,
                        -0.545783505592182
                    ],
                    [
                        -0.7989356405250989,
                        0.0,
                        -0.25206483938651164,
                        1.6135887664597839,
                        0.3871831661107957,
                        -0.3470751936210241
                    ],
                    [
                        -0.4630188483562683,
                        0.0,
                        0.6129241020804392,
                        0.3871831661107957,
                        1.8012259626325844,
                        -1.5769261616158903
                    ],
                    [
                        0.38148619495598163,
                        0.0,
                        -0.545783505592182,
                        -0.3470751936210241,
                        -1.5769261616158903,
                        2.402789512322575
                    ]
                ]
            },
            "est_tgt": [
                1,
                3
            ]
        },
        "2": {
            "intv_type": "do",
            "inode": 2,
            "new_mui": 10.0,
            "true_params": {
                "Si": [
                    [
                        1.0,
                        0.2808783418364549,
                        0.0,
                        -0.9098064262624765,
                        -0.6981602889079656,
                        0.5817375057238412
                    ],
                    [
                        0.2808783418364549,
                        1.0788926429127965,
                        0.0,
                        -0.6155930113372203,
                        -0.19609810428452965,
                        0.018176494613410615
                    ],
                    [
                        0.0,
                        0.0,
                        0.0,
                        0.0,
                        0.0,
                        0.0
                    ],
                    [
                        -0.9098064262624765,
                        -0.6155930113372203,
                        0.0,
                        1.9573823610554921,
                        0.6351907174097343,
                        -0.47698198759673127
                    ],
                    [
                        -0.6981602889079656,
                        -0.19609810428452965,
                        0.0,
                        0.6351907174097343,
                        1.4874277890080538,
                        -1.297813656774676
                    ],
                    [
                        0.5817375057238412,
                        0.018176494613410615,
                        0.0,
                        -0.47698198759673127,
                        -1.297813656774676,
                        2.154578821533053
                    ]
                ],
                "mui": [
                    0.5,
                    0.6404391709182274,
                    10.0,
                    -0.1349272585994708,
                    8.056002694085025,
                    -6.776282041793036
                ],
                "Ai": [
                    [
                        0.0,
                        0.0,
                        0.0,
                        0.0,
                        0.0,
                        0.0
                    ],
                    [
                        0.2808783418364549,
                        0.0,
                        0.0,
                        0.0,
                        0.0,
                        0.0
                    ],
                    [
                        0.0,
                        0.0,
                        0.0,
                        0.0,
                        0.0,
                        0.0
                    ],
                    [
                        -0.8086767154988611,
                        -0.36004809093646506,
                        -0.0,
                        0.0,
                        0.0,
                        0.0
                    ],
                    [
                        -0.6981602889079656,
                        0.0,
                        0.7905082838539008,
                        0.0,
                        0.0,
                        0.0
                    ],
                    [
                        0.0,
                        -0.14522097137837708,
                        0.0,
                        0.0,
                        -0.8916676317099198,
                        0.0
                    ]
                ]
            },
            "est_params": {
                "mui": [
                    0.5359470436186754,
                    0.6618805068870088,
                    10.0,
                    -0.15805054439108254,
                    8.045141461090886,
                    -6.785215686781697
                ],
                "Si": [
                    [
                        1.000221186124413,
                        0.26871304315871364,
                        0.0,
                        -0.9178157862129624,
                        -0.6829461282404743,
                        0.5535363098148515
                    ],
                    [
                        0.26871304315871364,
                        1.0516917467131301,
                        0.0,
                        -0.6063754820139001,
                        -0.1829041497733767,
                        0.005204342668121219
                    ],
                    [
                        0.0,
                        0.0,
                        1e-06,
                        0.0,
                        0.0,
                        0.0
                    ],
                    [
                        -0.9178157862129624,
                        -0.6063754820139001,
                        0.0,
                        1.9796633904256893,
                        0.6238962684368395,
                        -0.4555936589415136
                    ],
                    [
                        -0.6829461282404743,
                        -0.1829041497733767,
                        0.0,
                        0.6238962684368395,
                        1.4263736407757688,
                        -1.2269797968609395
                    ],
                    [
                        0.5535363098148515,
                        0.005204342668121217,
                        0.0,
                        -0.4555936589415136,
                        -1.2269797968609395,
                        2.064774976753446
                    ]
                ]
            },
            "est_tgt": [
                2
            ]
        },
        "3": {
            "intv_type": "do",
            "inode": 3,
            "new_mui": 10.0,
            "true_params": {
                "Si": [
                    [
                        1.0,
                        0.2808783418364549,
                        0.47254431334804625,
                        0.0,
                        -0.32461009471828156,
                        0.24865488874594502
                    ],
                    [
                        0.2808783418364549,
                        1.0788926429127965,
                        0.6758357001184996,
                        0.0,
                        0.338155615183345,
                        -0.45820025415672516
                    ],
                    [
                        0.47254431334804625,
                        0.6758357001184996,
                        1.5182646851107968,
                        0.0,
                        0.8702891363340309,
                        -0.874154169961231
                    ],
                    [
                        0.0,
                        0.0,
                        0.0,
                        0.0,
                        0.0,
                        0.0
                    ],
                    [
                        -0.32461009471828156,
                        0.338155615183345,
                        0.8702891363340309,
                        0.0,
                        1.9146006491310659,
                        -1.7562947133949507
                    ],
                    [
                        0.24865488874594502,
                        -0.45820025415672516,
                        -0.874154169961231,
                        0.0,
                        -1.7562947133949507,
                        2.6325714336719868
                    ]
                ],
                "mui": [
                    0.5,
                    0.6404391709182274,
                    1.0078262751445504,
                    10.0,
                    0.9476148747334049,
                    -0.437962709636135
                ],
                "Ai": [
                    [
                        0.0,
                        0.0,
                        0.0,
                        0.0,
                        0.0,
                        0.0
                    ],
                    [
                        0.2808783418364549,
                        0.0,
                        0.0,
                        0.0,
                        0.0,
                        0.0
                    ],
                    [
                        0.31999697231832247,
                        0.5431082369410543,
                        0.0,
                        0.0,
                        0.0,
                        0.0
                    ],
                    [
                        0.0,
                        0.0,
                        0.0,
                        0.0,
                        0.0,
                        0.0
                    ],
                    [
                        -0.6981602889079656,
                        0.0,
                        0.7905082838539008,
                        0.0,
                        0.0,
                        0.0
                    ],
                    [
                        0.0,
                        -0.14522097137837708,
                        0.0,
                        0.0,
                        -0.8916676317099198,
                        0.0
                    ]
                ]
            },
            "est_params": {
                "mui": [
                    0.5121683579090648,
                    0.6597847545595578,
                    1.0279667765335136,
                    10.0,
                    0.9773168797898641,
                    -0.4547340585792137
                ],
                "Si": [
                    [
                        0.9919630926900954,
                        0.27877959607896985,
                        0.4767460952953909,
                        0.0,
                        -0.30289545255945316,
                        0.2064805918422222
                    ],
                    [
                        0.27877959607896985,
                        1.093930389107739,
                        0.6742512517830315,
                        0.0,
                        0.3528967444886317,
                        -0.4831609546246705
                    ],
                    [
                        0.4767460952953909,
                        0.6742512517830315,
                        1.5237873196729947,
                        0.0,
                        0.8637456036151855,
                        -0.9257336579816055
                    ],
                    [
                        0.0,
                        0.0,
                        0.0,
                        1e-06,
                        0.0,
                        0.0
                    ],
                    [
                        -0.30289545255945316,
                        0.3528967444886317,
                        0.8637456036151855,
                        0.0,
                        1.8519986858585202,
                        -1.7394110986904359
                    ],
                    [
                        0.2064805918422222,
                        -0.4831609546246705,
                        -0.9257336579816055,
                        0.0,
                        -1.7394110986904359,
                        2.688143815924793
                    ]
                ]
            },
            "est_tgt": [
                1,
                3
            ]
        },
        "4": {
            "intv_type": "do",
            "inode": 4,
            "new_mui": 10.0,
            "true_params": {
                "Si": [
                    [
                        1.0,
                        0.2808783418364549,
                        0.47254431334804625,
                        -0.9098064262624765,
                        0.0,
                        -0.04078942564063783
                    ],
                    [
                        0.2808783418364549,
                        1.0788926429127965,
                        0.6758357001184996,
                        -0.6155930113372203,
                        0.0,
                        -0.1566778376167808
                    ],
                    [
                        0.47254431334804625,
                        0.6758357001184996,
                        1.5182646851107968,
                        -0.6254689368603378,
                        0.0,
                        -0.09814551686339408
                    ],
                    [
                        -0.9098064262624765,
                        -0.6155930113372203,
                        -0.6254689368603378,
                        1.9573823610554921,
                        0.0,
                        0.08939701508013144
                    ],
                    [
                        0.0,
                        0.0,
                        0.0,
                        0.0,
                        0.0,
                        0.0
                    ],
                    [
                        -0.04078942564063783,
                        -0.1566778376167808,
                        -0.09814551686339408,
                        0.08939701508013144,
                        0.0,
                        1.0227529077721726
                    ]
                ],
                "mui": [
                    0.5,
                    0.6404391709182274,
                    1.0078262751445504,
                    -0.1349272585994708,
                    10.0,
                    -8.509681515608705
                ],
                "Ai": [
                    [
                        0.0,
                        0.0,
                        0.0,
                        0.0,
                        0.0,
                        0.0
                    ],
                    [
                        0.2808783418364549,
                        0.0,
                        0.0,
                        0.0,
                        0.0,
                        0.0
                    ],
                    [
                        0.31999697231832247,
                        0.5431082369410543,
                        0.0,
                        0.0,
                        0.0,
                        0.0
                    ],
                    [
                        -0.8086767154988611,
                        -0.36004809093646506,
                        -0.0,
                        0.0,
                        0.0,
                        0.0
                    ],
                    [
                        0.0,
                        0.0,
                        0.0,
                        0.0,
                        0.0,
                        0.0
                    ],
                    [
                        0.0,
                        -0.14522097137837708,
                        0.0,
                        0.0,
                        -0.8916676317099198,
                        0.0
                    ]
                ]
            },
            "est_params": {
                "mui": [
                    0.5045804837805488,
                    0.6296039075866183,
                    0.990847780643997,
                    -0.12731124577823766,
                    9.999999999999995,
                    -8.51176412335835
                ],
                "Si": [
                    [
                        0.9763307124417799,
                        0.28327314996358977,
                        0.46795985720504985,
                        -0.9194179366162593,
                        2.8635600302320506e-30,
                        -0.05086999377461879
                    ],
                    [
                        0.28327314996358977,
                        1.119620709720734,
                        0.7027561004921389,
                        -0.6455143827771024,
                        1.8497195675510234e-30,
                        -0.17566199631970644
                    ],
                    [
                        0.46795985720504985,
                        0.7027561004921389,
                        1.539127009808634,
                        -0.6355545775205939,
                        -7.576839628015125e-31,
                        -0.12064595699064093
                    ],
                    [
                        -0.9194179366162593,
                        -0.6455143827771024,
                        -0.6355545775205939,
                        1.9868554362249302,
                        -9.041313301668404e-32,
                        0.11913511295268808
                    ],
                    [
                        2.874345567069083e-30,
                        1.8632014885973135e-30,
                        -7.415056575459642e-31,
                        -9.589016344173946e-32,
                        1e-06,
                        -5.145779624948065e-29
                    ],
                    [
                        -0.05086999377461879,
                        -0.17566199631970644,
                        -0.12064595699064093,
                        0.11913511295268808,
                        -5.145779624948065e-29,
                        0.9960493159408786
                    ]
                ]
            },
            "est_tgt": [
                4
            ]
        },
        "5": {
            "intv_type": "do",
            "inode": 5,
            "new_mui": 10.0,
            "true_params": {
                "Si": [
                    [
                        1.0,
                        0.2808783418364549,
                        0.47254431334804625,
                        -0.9098064262624765,
                        -0.32461009471828156,
                        0.0
                    ],
                    [
                        0.2808783418364549,
                        1.0788926429127965,
                        0.6758357001184996,
                        -0.6155930113372203,
                        0.338155615183345,
                        0.0
                    ],
                    [
                        0.47254431334804625,
                        0.6758357001184996,
                        1.5182646851107968,
                        -0.6254689368603378,
                        0.8702891363340309,
                        0.0
                    ],
                    [
                        -0.9098064262624765,
                        -0.6155930113372203,
                        -0.6254689368603378,
                        1.9573823610554921,
                        0.14075234152834484,
                        0.0
                    ],
                    [
                        -0.32461009471828156,
                        0.338155615183345,
                        0.8702891363340309,
                        0.14075234152834484,
                        1.9146006491310659,
                        0.0
                    ],
                    [
                        0.0,
                        0.0,
                        0.0,
                        0.0,
                        0.0,
                        0.0
                    ]
                ],
                "mui": [
                    0.5,
                    0.6404391709182274,
                    1.0078262751445504,
                    -0.1349272585994708,
                    0.9476148747334049,
                    10.0
                ],
                "Ai": [
                    [
                        0.0,
                        0.0,
                        0.0,
                        0.0,
                        0.0,
                        0.0
                    ],
                    [
                        0.2808783418364549,
                        0.0,
                        0.0,
                        0.0,
                        0.0,
                        0.0
                    ],
                    [
                        0.31999697231832247,
                        0.5431082369410543,
                        0.0,
                        0.0,
                        0.0,
                        0.0
                    ],
                    [
                        -0.8086767154988611,
                        -0.36004809093646506,
                        -0.0,
                        0.0,
                        0.0,
                        0.0
                    ],
                    [
                        -0.6981602889079656,
                        0.0,
                        0.7905082838539008,
                        0.0,
                        0.0,
                        0.0
                    ],
                    [
                        0.0,
                        0.0,
                        0.0,
                        0.0,
                        0.0,
                        0.0
                    ]
                ]
            },
            "est_params": {
                "mui": [
                    0.4814501777468339,
                    0.6243044490908612,
                    0.9951413844313157,
                    -0.14575409627943242,
                    0.9760015470264737,
                    10.0
                ],
                "Si": [
                    [
                        0.9871884111888863,
                        0.2674004529712204,
                        0.4528317589304399,
                        -0.9226774878956454,
                        -0.31997894757557593,
                        0.0
                    ],
                    [
                        0.2674004529712204,
                        1.07791302781834,
                        0.6841861464406288,
                        -0.6034905844784646,
                        0.3329747942567542,
                        0.0
                    ],
                    [
                        0.4528317589304399,
                        0.6841861464406287,
                        1.5229666765024672,
                        -0.6096094064154218,
                        0.8745853938402212,
                        0.0
                    ],
                    [
                        -0.9226774878956454,
                        -0.6034905844784646,
                        -0.6096094064154218,
                        1.9612487913246217,
                        0.16489689188869336,
                        0.0
                    ],
                    [
                        -0.31997894757557593,
                        0.3329747942567542,
                        0.8745853938402212,
                        0.16489689188869336,
                        1.897663829126819,
                        0.0
                    ],
                    [
                        0.0,
                        0.0,
                        0.0,
                        0.0,
                        0.0,
                        1e-06
                    ]
                ]
            },
            "est_tgt": [
                5
            ]
        },
        "obs": {
            "intv_type": "obs",
            "true_params": {
                "Si": [
                    [
                        1.0,
                        0.2808783418364549,
                        0.47254431334804625,
                        -0.9098064262624765,
                        -0.32461009471828156,
                        0.24865488874594502
                    ],
                    [
                        0.2808783418364549,
                        1.0788926429127965,
                        0.6758357001184996,
                        -0.6155930113372203,
                        0.338155615183345,
                        -0.45820025415672516
                    ],
                    [
                        0.47254431334804625,
                        0.6758357001184996,
                        1.5182646851107968,
                        -0.6254689368603378,
                        0.8702891363340309,
                        -0.874154169961231
                    ],
                    [
                        -0.9098064262624765,
                        -0.6155930113372203,
                        -0.6254689368603378,
                        1.9573823610554921,
                        0.14075234152834484,
                        -0.03610729194807357
                    ],
                    [
                        -0.32461009471828156,
                        0.338155615183345,
                        0.8702891363340309,
                        0.14075234152834484,
                        1.9146006491310659,
                        -1.7562947133949507
                    ],
                    [
                        0.24865488874594502,
                        -0.45820025415672516,
                        -0.874154169961231,
                        -0.03610729194807357,
                        -1.7562947133949507,
                        2.6325714336719868
                    ]
                ],
                "mui": [
                    0.5,
                    0.6404391709182274,
                    1.0078262751445504,
                    -0.1349272585994708,
                    0.9476148747334049,
                    -0.437962709636135
                ],
                "Ai": [
                    [
                        0.0,
                        0.0,
                        0.0,
                        0.0,
                        0.0,
                        0.0
                    ],
                    [
                        0.2808783418364549,
                        0.0,
                        0.0,
                        0.0,
                        0.0,
                        0.0
                    ],
                    [
                        0.31999697231832247,
                        0.5431082369410543,
                        0.0,
                        0.0,
                        0.0,
                        0.0
                    ],
                    [
                        -0.8086767154988611,
                        -0.36004809093646506,
                        -0.0,
                        0.0,
                        0.0,
                        0.0
                    ],
                    [
                        -0.6981602889079656,
                        0.0,
                        0.7905082838539008,
                        0.0,
                        0.0,
                        0.0
                    ],
                    [
                        0.0,
                        -0.14522097137837708,
                        0.0,
                        0.0,
                        -0.8916676317099198,
                        0.0
                    ]
                ]
            },
            "est_params": {
                "mui": [
                    0.5275271542680835,
                    0.649582630340955,
                    1.0374056509603016,
                    -0.14431611599503033,
                    0.9571449362293287,
                    -0.44802362065210144
                ],
                "Si": [
                    [
                        1.0288033106686025,
                        0.2890698172467465,
                        0.4974997441656232,
                        -0.9273277028734483,
                        -0.30969005870610394,
                        0.1943556541262525
                    ],
                    [
                        0.2890698172467465,
                        1.12695263821232,
                        0.7110812316612694,
                        -0.6255403940280243,
                        0.34751657063608193,
                        -0.508420606888911
                    ],
                    [
                        0.4974997441656232,
                        0.7110812316612694,
                        1.5492899975448888,
                        -0.6658385362024345,
                        0.8948406080318303,
