{
    "expt_args": {
        "save_dir": "all_expt_logs/expt_logs_sim_compsel_backward_cameraready_cutoff_var",
        "exp_name": "324",
        "num_nodes": 6,
        "num_tgt_prior": 7,
        "obs_noise_mean": 0.0,
        "obs_noise_var": 1.0,
        "obs_noise_gamma_shape": null,
        "noise_type": "gaussian",
        "max_edge_strength": 1.0,
        "graph_sparsity_method": "adj_dense_prop",
        "adj_dense_prop": 0.8,
        "num_parents": null,
        "new_noise_mean": 1.0,
        "mix_samples": 524288,
        "stage2_samples": 524288,
        "gmm_tol": 0.001,
        "intv_type": "do",
        "new_noise_var": null,
        "dtype": "simulation",
        "cutoff_drop_ratio": 0.01,
        "intv_targets": [
            1,
            3,
            0
        ]
    },
    "intv_args_dict": {
        "1": {
            "intv_type": "do",
            "inode": 1,
            "new_mui": 1.0,
            "new_vari": null,
            "noise_type": "gaussian",
            "obs_noise_gamma_shape": null,
            "true_params": {
                "Si": [
                    [
                        1.0,
                        0.0,
                        -0.9143231015497294,
                        -1.6697843557647638,
                        -3.3914909870819128,
                        1.2313664161588087
                    ],
                    [
                        0.0,
                        1e-09,
                        -6.662601823251327e-10,
                        -5.240712546866779e-10,
                        -1.7173367017328888e-10,
                        -1.8966174748733798e-10
                    ],
                    [
                        -0.9143231015497294,
                        -6.662601823251327e-10,
                        1.8359867344714194,
                        2.3133088960951573,
                        4.81047892000859,
                        -2.2289975089973404
                    ],
                    [
                        -1.6697843557647638,
                        -5.240712546866779e-10,
                        2.3133088960951573,
                        4.406898092887364,
                        7.928030439562594,
                        -3.1283623546430723
                    ],
                    [
                        -3.3914909870819128,
                        -1.7173367017328888e-10,
                        4.81047892000859,
                        7.928030439562594,
                        16.271676589890266,
                        -7.206176903607773
                    ],
                    [
                        1.2313664161588087,
                        -1.8966174748733798e-10,
                        -2.2289975089973404,
                        -3.1283623546430723,
                        -7.206176903607773,
                        4.688766080939935
                    ]
                ],
                "mui": [
                    0.0,
                    1.0,
                    -0.6662601823251327,
                    -0.5240712546866778,
                    -0.17173367017328886,
                    -0.18966174748733797
                ],
                "Ai": [
                    [
                        0.0,
                        0.0,
                        0.0,
                        0.0,
                        0.0,
                        0.0
                    ],
                    [
                        0.0,
                        0.0,
                        0.0,
                        0.0,
                        0.0,
                        0.0
                    ],
                    [
                        -0.9143231015497294,
                        -0.6662601823251327,
                        0.0,
                        0.0,
                        0.0,
                        0.0
                    ],
                    [
                        -0.9505901614697372,
                        -0.0,
                        0.7865864846639339,
                        0.0,
                        0.0,
                        0.0
                    ],
                    [
                        -0.9536153232454535,
                        0.9672783281137585,
                        0.9857003961634847,
                        0.920254771289726,
                        0.0,
                        0.0
                    ],
                    [
                        -0.8832567473445747,
                        0.0,
                        -0.0,
                        0.6751451766416868,
                        -0.9559129095958905,
                        0.0
                    ]
                ]
            },
            "est_params": {
                "mui": [
                    -0.0015654874262872496,
                    0.999999760832446,
                    -0.6609072249109439,
                    -0.5185948649973636,
                    -0.1585742604389499,
                    -0.19598976685562308
                ],
                "Si": [
                    [
                        0.9955176413721951,
                        4.693873925190646e-07,
                        -0.9095722157091248,
                        -1.6569361932532025,
                        -3.36673877908877,
                        1.219948574104372
                    ],
                    [
                        4.6938739251906456e-07,
                        1.0118173738260587e-06,
                        -4.702219554062942e-07,
                        -6.387161626000936e-07,
                        -1.299411355617266e-06,
                        7.185074206727837e-07
                    ],
                    [
                        -0.9095722157091248,
                        -4.7022195540629416e-07,
                        1.8285220374615363,
                        2.2990885289375758,
                        4.781596701749055,
                        -2.2161478872944165
                    ],
                    [
                        -1.6569361932532025,
                        -6.387161626000938e-07,
                        2.2990885289375758,
                        4.38276433299586,
                        7.8752224858280515,
                        -3.1102453119776836
                    ],
                    [
                        -3.3667387790887706,
                        -1.2994113556172662e-06,
                        4.781596701749055,
                        7.8752224858280515,
                        16.159811810695032,
                        -7.160741714610516
                    ],
                    [
                        1.219948574104372,
                        7.185074206727839e-07,
                        -2.2161478872944165,
                        -3.110245311977683,
                        -7.1607417146105155,
                        4.674974093941135
                    ]
                ]
            },
            "est_tgt": [
                1
            ],
            "oracle_est_tgt": [
                1
            ]
        },
        "3": {
            "intv_type": "do",
            "inode": 3,
            "new_mui": 1.0,
            "new_vari": null,
            "noise_type": "gaussian",
            "obs_noise_gamma_shape": null,
            "true_params": {
                "Si": [
                    [
                        1.0,
                        0.0,
                        -0.9143231015497294,
                        0.0,
                        -1.8548639666644477,
                        0.8898316639342123
                    ],
                    [
                        0.0,
                        1.0,
                        -0.6662601823251327,
                        0.0,
                        0.31054540244791956,
                        -0.29685435921561754
                    ],
                    [
                        -0.9143231015497294,
                        -0.6662601823251327,
                        2.279889364579436,
                        0.0,
                        2.4747413346617737,
                        -1.5580551410169363
                    ],
                    [
                        0.0,
                        0.0,
                        0.0,
                        1e-09,
                        9.20254771289726e-10,
                        -2.0453823935137596e-10
                    ],
                    [
                        -1.8548639666644477,
                        0.31054540244791956,
                        2.4747413346617737,
                        9.20254771289726e-10,
                        5.50856405365543,
                        -3.627386377641093
                    ],
                    [
                        0.8898316639342123,
                        -0.29685435921561754,
                        -1.5580551410169363,
                        -2.0453823935137596e-10,
                        -3.627386377641093,
                        3.681515645170559
                    ]
                ],
                "mui": [
                    0.0,
                    0.0,
                    0.0,
                    1.0,
                    0.920254771289726,
                    -0.20453823935137594
                ],
                "Ai": [
                    [
                        0.0,
                        0.0,
                        0.0,
                        0.0,
                        0.0,
                        0.0
                    ],
                    [
                        -0.0,
                        0.0,
                        0.0,
                        0.0,
                        0.0,
                        0.0
                    ],
                    [
                        -0.9143231015497294,
                        -0.6662601823251327,
                        0.0,
                        0.0,
                        0.0,
                        0.0
                    ],
                    [
                        0.0,
                        0.0,
                        0.0,
                        0.0,
                        0.0,
                        0.0
                    ],
                    [
                        -0.9536153232454535,
                        0.9672783281137585,
                        0.9857003961634847,
                        0.920254771289726,
                        0.0,
                        0.0
                    ],
                    [
                        -0.8832567473445747,
                        0.0,
                        -0.0,
                        0.6751451766416868,
                        -0.9559129095958905,
                        0.0
                    ]
                ]
            },
            "est_params": {
                "mui": [
                    -0.0022351906428193266,
                    -0.0006720138115803973,
                    0.006428455758233383,
                    1.000000192555389,
                    0.9249263057048815,
                    -0.20495372024903516
                ],
                "Si": [
                    [
                        0.998834346005939,
                        -0.0003861425980496706,
                        -0.9080430155249829,
                        1.148012981980718e-08,
                        -1.8441049276756638,
                        0.8817797205525307
                    ],
                    [
                        -0.0003861425980496717,
                        1.0001290093071329,
                        -0.6679156279616026,
                        -3.4909413652236366e-07,
                        0.3085495241990261,
                        -0.2969076213399535
                    ],
                    [
                        -0.9080430155249828,
                        -0.6679156279616026,
                        2.2690434252878173,
                        2.852854417425451e-07,
                        2.448592438861864,
                        -1.5389247712846066
                    ],
                    [
                        1.1480129819807094e-08,
                        -3.4909413652236366e-07,
                        2.8528544174254504e-07,
                        1.008230554402643e-06,
                        1.300649854616366e-07,
                        3.3874110135362747e-07
                    ],
                    [
                        -1.8441049276756638,
                        0.30854952419902615,
                        2.4485924388618643,
                        1.300649854616367e-07,
                        5.455674822659298,
                        -3.5932571389924437
                    ],
                    [
                        0.8817797205525308,
                        -0.2969076213399536,
                        -1.5389247712846066,
                        3.3874110135362747e-07,
                        -3.5932571389924437,
                        3.657966477837263
                    ]
                ]
            },
            "est_tgt": [
                3
            ],
            "oracle_est_tgt": [
                3
            ]
        },
        "0": {
            "intv_type": "do",
            "inode": 0,
            "new_mui": 1.0,
            "new_vari": null,
            "noise_type": "gaussian",
            "obs_noise_gamma_shape": null,
            "true_params": {
                "Si": [
                    [
                        1e-09,
                        0.0,
                        -9.143231015497295e-10,
                        -1.669784355764764e-09,
                        -3.391490987081913e-09,
                        1.2313664161588088e-09
                    ],
                    [
                        0.0,
                        1.0,
                        -0.6662601823251327,
                        -0.5240712546866778,
                        -0.17173367017328886,
                        -0.18966174748733797
                    ],
                    [
                        -9.143231015497295e-10,
                        -0.6662601823251327,
                        1.443902631387906,
                        1.1357542958895634,
                        1.823979671209421,
                        -0.9767666790220574
                    ],
                    [
                        -1.669784355764764e-09,
                        -0.5240712546866778,
                        1.1357542958895634,
                        1.8933689806330136,
                        2.3549725321887403,
                        -0.9728497089107259
                    ],
                    [
                        -3.391490987081913e-09,
                        -0.17173367017328886,
                        1.823979671209421,
                        2.3549725321887403,
                        4.798957939376324,
                        -2.9974374976310765
                    ],
                    [
                        1.2313664161588088e-09,
                        -0.18966174748733797,
                        -0.9767666790220574,
                        -0.9728497089107259,
                        -2.9974374976310765,
                        3.208474410036389
                    ]
                ],
                "mui": [
                    1.0,
                    0.0,
                    -0.9143231015497294,
                    -1.6697843557647638,
                    -3.3914909870819128,
                    1.2313664161588087
                ],
                "Ai": [
                    [
                        0.0,
                        0.0,
                        0.0,
                        0.0,
                        0.0,
                        0.0
                    ],
                    [
                        -0.0,
                        0.0,
                        0.0,
                        0.0,
                        0.0,
                        0.0
                    ],
                    [
                        -0.9143231015497294,
                        -0.6662601823251327,
                        0.0,
                        0.0,
                        0.0,
                        0.0
                    ],
                    [
                        -0.9505901614697372,
                        -0.0,
                        0.7865864846639339,
                        0.0,
                        0.0,
                        0.0
                    ],
                    [
                        -0.9536153232454535,
                        0.9672783281137585,
                        0.9857003961634847,
                        0.920254771289726,
                        0.0,
                        0.0
                    ],
                    [
                        -0.8832567473445747,
                        0.0,
                        -0.0,
                        0.6751451766416868,
                        -0.9559129095958905,
                        0.0
                    ]
                ]
            },
            "est_params": {
                "mui": [
                    0.9999998890457353,
                    -0.0033673660901064025,
                    -0.914848769526366,
                    -1.6675734101193087,
                    -3.3936299610853053,
                    1.2360093529688367
                ],
                "Si": [
                    [
                        1.0103123537259357e-06,
                        4.4124460728636356e-07,
                        -3.293263698208262e-07,
                        1.6669527908972806e-07,
                        1.598854291945016e-07,
                        2.0136499312949877e-07
                    ],
                    [
                        4.4124460728636356e-07,
                        0.9980893261840896,
                        -0.6619977064653715,
                        -0.5202921132930117,
                        -0.16184997118594927,
                        -0.19532735303938692
                    ],
                    [
                        -3.29326369820826e-07,
                        -0.6619977064653715,
                        1.4435377331170072,
                        1.1367475825194417,
                        1.8214900734393222,
                        -0.9745602292302491
                    ],
                    [
                        1.6669527908972792e-07,
                        -0.5202921132930117,
                        1.1367475825194417,
                        1.8899947978480391,
                        2.3516992947698863,
                        -0.9733745249299368
                    ],
                    [
                        1.598854291945016e-07,
                        -0.16184997118594927,
                        1.8214900734393222,
                        2.3516992947698863,
                        4.7927485496166655,
                        -2.9930133262653467
                    ],
                    [
                        2.0136499312949866e-07,
                        -0.19532735303938692,
                        -0.9745602292302491,
                        -0.9733745249299368,
                        -2.9930133262653467,
                        3.1964770618944827
                    ]
                ]
            },
            "est_tgt": [
                0
            ],
            "oracle_est_tgt": [
                0
            ]
        },
        "obs": {
            "intv_type": "obs",
            "noise_type": "gaussian",
            "obs_noise_gamma_shape": null,
            "true_params": {
                "Si": [
                    [
                        1.0,
                        0.0,
                        -0.9143231015497294,
                        -1.6697843557647638,
                        -3.3914909870819128,
                        1.2313664161588087
                    ],
                    [
                        0.0,
                        1.0,
                        -0.6662601823251327,
                        -0.5240712546866778,
                        -0.17173367017328886,
                        -0.18966174748733797
                    ],
                    [
                        -0.9143231015497294,
                        -0.6662601823251327,
                        2.279889364579436,
                        2.6624767054448966,
                        4.9248982262951895,
                        -2.1026334386626875
                    ],
                    [
                        -1.6697843557647638,
                        -0.5240712546866778,
                        2.6624767054448966,
                        4.681548772601581,
                        8.018031119472257,
                        -3.028966084770712
                    ],
                    [
                        -3.3914909870819128,
                        -0.17173367017328886,
                        4.9248982262951895,
                        8.018031119472257,
                        16.30116904333196,
                        -7.173605595652864
                    ],
                    [
                        1.2313664161588087,
                        -0.18966174748733797,
                        -2.1026334386626875,
                        -3.028966084770712,
                        -7.173605595652864,
                        4.724737659363914
                    ]
                ],
                "mui": [
                    0.0,
                    0.0,
                    0.0,
                    0.0,
                    0.0,
                    0.0
                ],
                "Ai": [
                    [
                        0.0,
                        0.0,
                        0.0,
                        0.0,
                        0.0,
                        0.0
                    ],
                    [
                        -0.0,
                        0.0,
                        0.0,
                        0.0,
                        0.0,
                        0.0
                    ],
                    [
                        -0.9143231015497294,
                        -0.6662601823251327,
                        0.0,
                        0.0,
                        0.0,
                        0.0
                    ],
                    [
                        -0.9505901614697372,
                        -0.0,
                        0.7865864846639339,
                        0.0,
                        0.0,
                        0.0
                    ],
                    [
                        -0.9536153232454535,
                        0.9672783281137585,
                        0.9857003961634847,
                        0.920254771289726,
                        0.0,
                        0.0
                    ],
                    [
                        -0.8832567473445747,
                        0.0,
                        -0.0,
                        0.6751451766416868,
                        -0.9559129095958905,
                        0.0
                    ]
                ]
            },
            "est_params": {
                "mui": [
                    -0.0006709197615951655,
                    -0.004267456818401024,
                    0.0024708692537351025,
                    0.0019401987485654418,
                    -0.004683123716869309,
                    0.009003506670118603
                ],
                "Si": [
                    [
                        0.9949973698215114,
                        5.233289452554028e-05,
                        -0.906595531199512,
                        -1.6587568149580587,
                        -3.3613414000795605,
                        1.2155920083295293
                    ],
                    [
                        5.2332894525540066e-05,
                        0.9969421352241955,
                        -0.6618020413143011,
                        -0.5197878865515624,
                        -0.16614084282578764,
                        -0.18736974533001716
                    ],
                    [
                        -0.906595531199512,
                        -0.6618020413143011,
                        2.2645564710282557,
                        2.6451279974949893,
                        4.884030130169682,
                        -2.0832338338937175
                    ],
                    [
                        -1.6587568149580587,
                        -0.5197878865515624,
                        2.6451279974949893,
                        4.659937167711927,
                        7.964160712766246,
                        -3.0040741319352047
                    ],
                    [
                        -3.3613414000795605,
                        -0.16614084282578764,
                        4.884030130169682,
                        7.964160712766246,
                        16.1643982568798,
                        -7.103857355574882
                    ],
                    [
                        1.2155920083295293,
                        -0.18736974533001716,
                        -2.0832338338937175,
                        -3.0040741319352047,
                        -7.103857355574882,
                        4.680880345133827
                    ]
                ]
            },
            "est_tgt": [
                0,
                1,
                2,
                3,
                4,
                5
            ],
            "oracle_est_tgt": [
                0,
                1,
                2,
                3,
                4,
                5
            ]
        }
    },
    "metric_dict": {
        "param_est_rel_err": 1.9413667828688024,
        "est_num_comp": 4,
        "weight_precision_error": 0.0015907402729136155,
        "gm_score_dict": {
            "1": -8.700196057238914,
            "2": -8.56347230241576,
            "3": -5.771470006834866,
            "4": -4.338087440437921,
            "5": -4.338163317194948,
            "6": -4.33849852606084,
            "7": -4.339051996651492
        },
        "est_dag": {
            "amat": [
                [
                    0,
                    0,
                    1,
                    1,
                    1,
                    1
                ],
                [
                    0,
                    0,
                    1,
                    0,
                    1,
                    0
                ],
                [
                    0,
                    0,
                    0,
                    1,
                    1,
                    0
                ],
                [
                    0,
                    0,
                    0,
                    0,
                    1,
                    1
                ],
                [
                    0,
                    0,
                    0,
                    0,
                    0,
                    1
                ],
                [
                    0,
                    0,
                    0,
                    0,
                    0,
                    0
                ]
            ],
            "nodes": [
                0,
                1,
                2,
                3,
                4,
                5
            ]
        },
        "oracle_est_dag": {
            "amat": [
                [
                    0,
                    0,
                    1,
                    1,
                    1,
                    1
                ],
                [
                    0,
                    0,
                    1,
                    0,
                    1,
                    0
                ],
                [
                    0,
                    0,
                    0,
                    1,
                    1,
                    0
                ],
                [
                    0,
                    0,
                    0,
                    0,
                    1,
                    1
                ],
                [
                    0,
                    0,
                    0,
                    0,
                    0,
                    1
                ],
                [
                    0,
                    0,
                    0,
                    0,
                    0,
                    0
                ]
            ],
            "nodes": [
                0,
                1,
                2,
                3,
                4,
                5
            ]
        },
        "igsp_dag": null,
        "intv_base_est_dag": null,
        "act_dag": {
            "amat": [
                [
                    0,
                    0,
                    1,
                    1,
                    1,
                    1
                ],
                [
                    0,
                    0,
                    1,
                    0,
                    1,
                    0
                ],
                [
                    0,
                    0,
                    0,
                    1,
                    1,
                    0
                ],
                [
                    0,
                    0,
                    0,
                    0,
                    1,
                    1
                ],
                [
                    0,
                    0,
                    0,
                    0,
                    0,
                    1
                ],
                [
                    0,
                    0,
                    0,
                    0,
                    0,
                    0
                ]
            ],
            "nodes": [
                0,
                1,
                2,
                3,
                4,
                5
            ]
        },
        "shd": 0,
        "oracle_shd": 0,
        "intv_base_shd": null,
        "igsp_shd": null,
        "avg_js": 0.75,
        "avg_oracle_js": 0.75
    }
}