{
    "expt_args": {
        "save_dir": "all_expt_logs/expt_logs_sim_compsel_backward_cameraready_cutoff_var",
        "exp_name": "302",
        "num_nodes": 6,
        "num_tgt_prior": 7,
        "obs_noise_mean": 0.0,
        "obs_noise_var": 1.0,
        "obs_noise_gamma_shape": null,
        "noise_type": "gaussian",
        "max_edge_strength": 1.0,
        "graph_sparsity_method": "adj_dense_prop",
        "adj_dense_prop": 0.8,
        "num_parents": null,
        "new_noise_mean": 1.0,
        "mix_samples": 2048,
        "stage2_samples": 2048,
        "gmm_tol": 0.001,
        "intv_type": "do",
        "new_noise_var": null,
        "dtype": "simulation",
        "cutoff_drop_ratio": 0.15,
        "intv_targets": [
            5,
            4,
            2
        ]
    },
    "intv_args_dict": {
        "5": {
            "intv_type": "do",
            "inode": 5,
            "new_mui": 1.0,
            "new_vari": null,
            "noise_type": "gaussian",
            "obs_noise_gamma_shape": null,
            "true_params": {
                "Si": [
                    [
                        1.0,
                        0.7150416722214361,
                        0.4323675862337298,
                        -1.2389430329861186,
                        -0.02421349619027886,
                        0.0
                    ],
                    [
                        0.7150416722214361,
                        1.5112845930132277,
                        -0.25753230150580997,
                        -1.6801683039561364,
                        -0.542761799146125,
                        0.0
                    ],
                    [
                        0.4323675862337298,
                        -0.25753230150580997,
                        1.5080828483803055,
                        -0.08557008227443388,
                        0.2872987274307026,
                        0.0
                    ],
                    [
                        -1.2389430329861186,
                        -1.6801683039561364,
                        -0.08557008227443388,
                        3.165848493699676,
                        -0.07649856928659188,
                        0.0
                    ],
                    [
                        -0.02421349619027886,
                        -0.542761799146125,
                        0.2872987274307026,
                        -0.07649856928659188,
                        1.5510973755474393,
                        0.0
                    ],
                    [
                        0.0,
                        0.0,
                        0.0,
                        0.0,
                        0.0,
                        1e-09
                    ]
                ],
                "mui": [
                    0.0,
                    0.0,
                    0.0,
                    0.0,
                    0.0,
                    1.0
                ],
                "Ai": [
                    [
                        0.0,
                        0.0,
                        0.0,
                        0.0,
                        0.0,
                        0.0
                    ],
                    [
                        0.7150416722214361,
                        0.0,
                        0.0,
                        0.0,
                        0.0,
                        0.0
                    ],
                    [
                        0.8375767991131033,
                        -0.5666931433807221,
                        0.0,
                        0.0,
                        0.0,
                        0.0
                    ],
                    [
                        -0.6710051636987502,
                        -0.7942724058626442,
                        0.0,
                        0.0,
                        0.0,
                        0.0
                    ],
                    [
                        -0.0,
                        -0.941525095446013,
                        -0.0,
                        -0.523846670279599,
                        0.0,
                        0.0
                    ],
                    [
                        0.0,
                        0.0,
                        0.0,
                        0.0,
                        0.0,
                        0.0
                    ]
                ]
            },
            "est_params": {
                "mui": [
                    0.012519906682952619,
                    -0.05010914755349311,
                    0.06067058176930652,
                    0.07798240500887597,
                    0.06937295759823167,
                    1.0000000789291394
                ],
                "Si": [
                    [
                        1.0443423411488708,
                        0.7320631437944985,
                        0.44037245730525054,
                        -1.2862743105464518,
                        -0.07578718792992085,
                        -8.894999913090318e-07
                    ],
                    [
                        0.7320631437944984,
                        1.4502951963082824,
                        -0.2362807994117427,
                        -1.6249247899026085,
                        -0.5671666945730813,
                        -2.9437650084602004e-06
                    ],
                    [
                        0.4403724573052506,
                        -0.2362807994117427,
                        1.4112696390223194,
                        -0.06374822714043002,
                        0.19330633281620574,
                        4.446819260626543e-07
                    ],
                    [
                        -1.2862743105464518,
                        -1.624924789902608,
                        -0.06374822714043,
                        3.1679053628063034,
                        -0.09270134181166888,
                        4.448543328279341e-06
                    ],
                    [
                        -0.07578718792992085,
                        -0.5671666945730813,
                        0.19330633281620574,
                        -0.09270134181166886,
                        1.5788667569131816,
                        -1.1457540317295121e-06
                    ],
                    [
                        -8.894999913090323e-07,
                        -2.9437650084602004e-06,
                        4.446819260626537e-07,
                        4.448543328279342e-06,
                        -1.1457540317295125e-06,
                        1.0029201374884605e-06
                    ]
                ]
            },
            "est_tgt": [
                2,
                5
            ],
            "oracle_est_tgt": [
                2,
                5
            ]
        },
        "4": {
            "intv_type": "do",
            "inode": 4,
            "new_mui": 1.0,
            "new_vari": null,
            "noise_type": "gaussian",
            "obs_noise_gamma_shape": null,
            "true_params": {
                "Si": [
                    [
                        1.0,
                        0.7150416722214361,
                        0.4323675862337298,
                        -1.2389430329861186,
                        0.0,
                        -1.2644672322005612
                    ],
                    [
                        0.7150416722214361,
                        1.5112845930132277,
                        -0.25753230150580997,
                        -1.6801683039561364,
                        0.0,
                        -2.392421093663511
                    ],
                    [
                        0.4323675862337298,
                        -0.25753230150580997,
                        1.5080828483803055,
                        -0.08557008227443388,
                        0.0,
                        1.1790139540517128
                    ],
                    [
                        -1.2389430329861186,
                        -1.6801683039561364,
                        -0.08557008227443388,
                        3.165848493699676,
                        0.0,
                        2.748698100035099
                    ],
                    [
                        0.0,
                        0.0,
                        0.0,
                        0.0,
                        1e-09,
                        -9.1438395971393e-10
                    ],
                    [
                        -1.2644672322005612,
                        -2.392421093663511,
                        1.1790139540517128,
                        2.748698100035099,
                        -9.1438395971393e-10,
                        5.592350692663349
                    ]
                ],
                "mui": [
                    0.0,
                    0.0,
                    0.0,
                    0.0,
                    1.0,
                    -0.9143839597139299
                ],
                "Ai": [
                    [
                        0.0,
                        0.0,
                        0.0,
                        0.0,
                        0.0,
                        0.0
                    ],
                    [
                        0.7150416722214361,
                        0.0,
                        0.0,
                        0.0,
                        0.0,
                        0.0
                    ],
                    [
                        0.8375767991131033,
                        -0.5666931433807221,
                        0.0,
                        0.0,
                        0.0,
                        0.0
                    ],
                    [
                        -0.6710051636987502,
                        -0.7942724058626442,
                        0.0,
                        0.0,
                        0.0,
                        0.0
                    ],
                    [
                        0.0,
                        0.0,
                        0.0,
                        0.0,
                        0.0,
                        0.0
                    ],
                    [
                        -0.9393113375632065,
                        -0.9882618482136638,
                        0.8823337411231442,
                        0.0,
                        -0.9143839597139299,
                        0.0
                    ]
                ]
            },
            "est_params": {
                "mui": [
                    0.07759119940130535,
                    0.028532650821274638,
                    0.06897384290602632,
                    -0.0505172304898892,
                    0.9999948657956211,
                    -0.9445470857881009
                ],
                "Si": [
                    [
                        1.0333920633265024,
                        0.8038767992543685,
                        0.32707475552641013,
                        -1.319425220032487,
                        1.3954582697703579e-08,
                        -1.4157269342410495
                    ],
                    [
                        0.8038767992543684,
                        1.6333224082395,
                        -0.31419892322813925,
                        -1.789898539657325,
                        -3.4795533407329536e-07,
                        -2.5928855893245
                    ],
                    [
                        0.3270747555264101,
                        -0.3141989232281392,
                        1.3319319809399184,
                        0.011299256509954425,
                        7.730979665882286e-07,
                        1.2441413967110695
                    ],
                    [
                        -1.319425220032487,
                        -1.789898539657325,
                        0.011299256509954439,
                        3.339591166524234,
                        4.4721654577627994e-06,
                        2.9319180471770494
                    ],
                    [
                        1.3954582697703685e-08,
                        -3.479553340732958e-07,
                        7.730979665882301e-07,
                        4.4721654577628e-06,
                        1.006998356284475e-06,
                        -1.431550572300613e-06
                    ],
                    [
                        -1.4157269342410497,
                        -2.5928855893245006,
                        1.2441413967110697,
                        2.931918047177049,
                        -1.431550572300614e-06,
                        5.862252013706058
                    ]
                ]
            },
            "est_tgt": [
                1,
                4
            ],
            "oracle_est_tgt": [
                1,
                4
            ]
        },
        "2": {
            "intv_type": "do",
            "inode": 2,
            "new_mui": 1.0,
            "new_vari": null,
            "noise_type": "gaussian",
            "obs_noise_gamma_shape": null,
            "true_params": {
                "Si": [
                    [
                        1.0,
                        0.7150416722214361,
                        0.0,
                        -1.2389430329861186,
                        -0.02421349619027886,
                        -1.6238193095775664
                    ],
                    [
                        0.7150416722214361,
                        1.5112845930132277,
                        0.0,
                        -1.6801683039561364,
                        -0.542761799146125,
                        -1.6688989715311455
                    ],
                    [
                        0.0,
                        0.0,
                        1e-09,
                        0.0,
                        0.0,
                        8.823337411231443e-10
                    ],
                    [
                        -1.2389430329861186,
                        -1.6801683039561364,
                        0.0,
                        3.165848493699676,
                        -0.07649856928659188,
                        2.8941485355532395
                    ],
                    [
                        -0.02421349619027886,
                        -0.542761799146125,
                        0.0,
                        -0.07649856928659188,
                        1.5510973755474393,
                        -0.859163769897457
                    ],
                    [
                        -1.6238193095775664,
                        -1.6688989715311455,
                        8.823337411231443e-10,
                        2.8941485355532395,
                        -0.859163769897457,
                        4.960186640467617
                    ]
                ],
                "mui": [
                    0.0,
                    0.0,
                    1.0,
                    0.0,
                    0.0,
                    0.8823337411231442
                ],
                "Ai": [
                    [
                        0.0,
                        0.0,
                        0.0,
                        0.0,
                        0.0,
                        0.0
                    ],
                    [
                        0.7150416722214361,
                        0.0,
                        0.0,
                        0.0,
                        0.0,
                        0.0
                    ],
                    [
                        0.0,
                        0.0,
                        0.0,
                        0.0,
                        0.0,
                        0.0
                    ],
                    [
                        -0.6710051636987502,
                        -0.7942724058626442,
                        0.0,
                        0.0,
                        0.0,
                        0.0
                    ],
                    [
                        -0.0,
                        -0.941525095446013,
                        -0.0,
                        -0.523846670279599,
                        0.0,
                        0.0
                    ],
                    [
                        -0.9393113375632065,
                        -0.9882618482136638,
                        0.8823337411231442,
                        0.0,
                        -0.9143839597139299,
                        0.0
                    ]
                ]
            },
            "est_params": {
                "mui": [
                    -0.062410305041855976,
                    -0.029730572468609447,
                    1.00000160445436,
                    0.11261346602223585,
                    -0.01858950609009791,
                    0.9899053681002408
                ],
                "Si": [
                    [
                        1.0810608777501471,
                        0.7544311713082792,
                        -1.519364777542574e-06,
                        -1.3893340624305521,
                        0.019306146560251012,
                        -1.8029482101385657
                    ],
                    [
                        0.7544311713082792,
                        1.4571902709616136,
                        -3.045960467776146e-06,
                        -1.6685639675109882,
                        -0.5529970345613022,
                        -1.713236536397109
                    ],
                    [
                        -1.519364777542574e-06,
                        -3.045960467776147e-06,
                        1.0084805875900795e-06,
                        4.461807192155508e-06,
                        -1.7903647018131188e-06,
                        5.812124458075729e-06
                    ],
                    [
                        -1.3893340624305521,
                        -1.6685639675109882,
                        4.461807192155508e-06,
                        3.241727943153408,
                        -0.14518405642704885,
                        3.0927912452398454
                    ],
                    [
                        0.019306146560251026,
                        -0.5529970345613022,
                        -1.7903647018131184e-06,
                        -0.14518405642704885,
                        1.5737492065331904,
                        -0.8847566928864162
                    ],
                    [
                        -1.8029482101385657,
                        -1.7132365363971092,
                        5.81212445807573e-06,
                        3.0927912452398454,
                        -0.8847566928864162,
                        5.154187417501005
                    ]
                ]
            },
            "est_tgt": [
                2,
                5
            ],
            "oracle_est_tgt": [
                2,
                5
            ]
        },
        "obs": {
            "intv_type": "obs",
            "noise_type": "gaussian",
            "obs_noise_gamma_shape": null,
            "true_params": {
                "Si": [
                    [
                        1.0,
                        0.7150416722214361,
                        0.4323675862337298,
                        -1.2389430329861186,
                        -0.02421349619027886,
                        -1.2423267996755758
                    ],
                    [
                        0.7150416722214361,
                        1.5112845930132277,
                        -0.25753230150580997,
                        -1.6801683039561364,
                        -0.542761799146125,
                        -1.8961284105788203
                    ],
                    [
                        0.4323675862337298,
                        -0.25753230150580997,
                        1.5080828483803055,
                        -0.08557008227443388,
                        0.2872987274307026,
                        0.916312606042854
                    ],
                    [
                        -1.2389430329861186,
                        -1.6801683039561364,
                        -0.08557008227443388,
                        3.165848493699676,
                        -0.07649856928659188,
                        2.818647164731823
                    ],
                    [
                        -0.02421349619027886,
                        -0.542761799146125,
                        0.2872987274307026,
                        -0.07649856928659188,
                        1.5510973755474393,
                        -0.6056704089036067
                    ],
                    [
                        -1.2423267996755758,
                        -1.8961284105788203,
                        0.916312606042854,
                        2.818647164731823,
                        -0.6056704089036067,
                        5.4031118518858685
                    ]
                ],
                "mui": [
                    0.0,
                    0.0,
                    0.0,
                    0.0,
                    0.0,
                    0.0
                ],
                "Ai": [
                    [
                        0.0,
                        0.0,
                        0.0,
                        0.0,
                        0.0,
                        0.0
                    ],
                    [
                        0.7150416722214361,
                        0.0,
                        0.0,
                        0.0,
                        0.0,
                        0.0
                    ],
                    [
                        0.8375767991131033,
                        -0.5666931433807221,
                        0.0,
                        0.0,
                        0.0,
                        0.0
                    ],
                    [
                        -0.6710051636987502,
                        -0.7942724058626442,
                        0.0,
                        0.0,
                        0.0,
                        0.0
                    ],
                    [
                        -0.0,
                        -0.941525095446013,
                        -0.0,
                        -0.523846670279599,
                        0.0,
                        0.0
                    ],
                    [
                        -0.9393113375632065,
                        -0.9882618482136638,
                        0.8823337411231442,
                        0.0,
                        -0.9143839597139299,
                        0.0
                    ]
                ]
            },
            "est_params": {
                "mui": [
                    -0.013849809495635522,
                    0.03532917230968041,
                    -0.009204191581494915,
                    -0.01789476105604748,
                    -0.08686877132419761,
                    0.06942441113711571
                ],
                "Si": [
                    [
                        0.9504287041776497,
                        0.7057332083529101,
                        0.43114758638967104,
                        -1.1152296853622483,
                        -0.014326198266949482,
                        -1.1533717708493845
                    ],
                    [
                        0.7057332083529101,
                        1.4573349253629126,
                        -0.20268516079726204,
                        -1.5489691699406625,
                        -0.5310495182229856,
                        -1.8252935664815269
                    ],
                    [
                        0.43114758638967104,
                        -0.20268516079726204,
                        1.4822874472177077,
                        -0.09222640657284052,
                        0.3195613270776331,
                        0.8455107777349992
                    ],
                    [
                        -1.1152296853622483,
                        -1.5489691699406625,
                        -0.09222640657284052,
                        2.858554217830676,
                        -0.16229277246822496,
                        2.61334221519883
                    ],
                    [
                        -0.014326198266949482,
                        -0.5310495182229856,
                        0.3195613270776331,
                        -0.16229277246822496,
                        1.572057384682663,
                        -0.48826906974601547
                    ],
                    [
                        -1.1533717708493845,
                        -1.8252935664815269,
                        0.8455107777349992,
                        2.61334221519883,
                        -0.48826906974601547,
                        5.073005136172061
                    ]
                ]
            },
            "est_tgt": [
                0,
                1,
                2,
                3,
                4,
                5
            ],
            "oracle_est_tgt": [
                0,
                1,
                2,
                3,
                4,
                5
            ]
        }
    },
    "metric_dict": {
        "param_est_rel_err": 9.88500168181715,
        "est_num_comp": 4,
        "weight_precision_error": 0.0016587945506103818,
        "gm_score_dict": {
            "1": -8.779277033233456,
            "2": -7.408695930901287,
            "3": -5.760476748460185,
            "4": -4.262600129976467,
            "5": -4.253213062887164,
            "6": -4.240952771184685,
            "7": -4.233073158463713
        },
        "est_dag": {
            "amat": [
                [
                    0,
                    1,
                    1,
                    1,
                    0,
                    0
                ],
                [
                    0,
                    0,
                    0,
                    0,
                    0,
                    1
                ],
                [
                    0,
                    0,
                    0,
                    0,
                    0,
                    0
                ],
                [
                    0,
                    1,
                    0,
                    0,
                    0,
                    0
                ],
                [
                    0,
                    1,
                    1,
                    0,
                    0,
                    1
                ],
                [
                    0,
                    0,
                    1,
                    0,
                    0,
                    0
                ]
            ],
            "nodes": [
                0,
                1,
                2,
                3,
                4,
                5
            ]
        },
        "oracle_est_dag": {
            "amat": [
                [
                    0,
                    0,
                    1,
                    0,
                    0,
                    0
                ],
                [
                    0,
                    0,
                    0,
                    0,
                    0,
                    1
                ],
                [
                    0,
                    0,
                    0,
                    0,
                    0,
                    0
                ],
                [
                    1,
                    1,
                    0,
                    0,
                    0,
                    0
                ],
                [
                    0,
                    1,
                    1,
                    0,
                    0,
                    1
                ],
                [
                    0,
                    0,
                    1,
                    0,
                    0,
                    0
                ]
            ],
            "nodes": [
                0,
                1,
                2,
                3,
                4,
                5
            ]
        },
        "igsp_dag": null,
        "intv_base_est_dag": null,
        "act_dag": {
            "amat": [
                [
                    0,
                    1,
                    1,
                    1,
                    0,
                    1
                ],
                [
                    0,
                    0,
                    1,
                    1,
                    1,
                    1
                ],
                [
                    0,
                    0,
                    0,
                    0,
                    0,
                    1
                ],
                [
                    0,
                    0,
                    0,
                    0,
                    1,
                    0
                ],
                [
                    0,
                    0,
                    0,
                    0,
                    0,
                    1
                ],
                [
                    0,
                    0,
                    0,
                    0,
                    0,
                    0
                ]
            ],
            "nodes": [
                0,
                1,
                2,
                3,
                4,
                5
            ]
        },
        "shd": 7,
        "oracle_shd": 9,
        "intv_base_shd": null,
        "igsp_shd": null,
        "avg_js": 0.375,
        "avg_oracle_js": 0.375
    }
}