{
    "expt_args": {
        "save_dir": "all_expt_logs/expt_logs_sim_compsel_backward_cameraready_cutoff_var",
        "exp_name": "146",
        "num_nodes": 6,
        "num_tgt_prior": 7,
        "obs_noise_mean": 0.0,
        "obs_noise_var": 1.0,
        "obs_noise_gamma_shape": null,
        "noise_type": "gaussian",
        "max_edge_strength": 1.0,
        "graph_sparsity_method": "adj_dense_prop",
        "adj_dense_prop": 0.8,
        "num_parents": null,
        "new_noise_mean": 1.0,
        "mix_samples": 16384,
        "stage2_samples": 16384,
        "gmm_tol": 0.001,
        "intv_type": "do",
        "new_noise_var": null,
        "dtype": "simulation",
        "cutoff_drop_ratio": 0.15,
        "intv_targets": [
            0,
            1,
            2,
            3,
            4,
            5
        ]
    },
    "intv_args_dict": {
        "0": {
            "intv_type": "do",
            "inode": 0,
            "new_mui": 1.0,
            "new_vari": null,
            "noise_type": "gaussian",
            "obs_noise_gamma_shape": null,
            "true_params": {
                "Si": [
                    [
                        1e-09,
                        6.081548278482616e-10,
                        3.14439974315351e-10,
                        -6.902674466140124e-10,
                        2.568950034075624e-10,
                        1.0537305279717336e-09
                    ],
                    [
                        6.081548278482616e-10,
                        1.0000000003698524,
                        -0.9680382853368115,
                        1.2155651777040393,
                        1.2224617479678421,
                        -2.9086192099197032
                    ],
                    [
                        3.14439974315351e-10,
                        -0.9680382853368115,
                        1.9370981223469388,
                        -1.8051279717934732,
                        -1.7221122110281826,
                        4.176821499467635
                    ],
                    [
                        -6.902674466140124e-10,
                        1.2155651777040393,
                        -1.8051279717934732,
                        2.872503286212713,
                        1.8245228368333555,
                        -5.200136011068756
                    ],
                    [
                        2.568950034075624e-10,
                        1.2224617479678421,
                        -1.7221122110281826,
                        1.8245228368333555,
                        2.7846345886612696,
                        -4.911618205524214
                    ],
                    [
                        1.0537305279717336e-09,
                        -2.9086192099197032,
                        4.176821499467635,
                        -5.200136011068756,
                        -4.911618205524214,
                        12.355247929885792
                    ]
                ],
                "mui": [
                    1.0,
                    0.6081548278482616,
                    0.314439974315351,
                    -0.6902674466140124,
                    0.2568950034075624,
                    1.0537305279717335
                ],
                "Ai": [
                    [
                        0.0,
                        0.0,
                        0.0,
                        0.0,
                        0.0,
                        0.0
                    ],
                    [
                        0.6081548278482616,
                        0.0,
                        0.0,
                        0.0,
                        0.0,
                        0.0
                    ],
                    [
                        0.9031571312011822,
                        -0.9680382855280396,
                        0.0,
                        0.0,
                        0.0,
                        0.0
                    ],
                    [
                        -0.8619623851942158,
                        0.6072360372502542,
                        -0.6284143405978482,
                        0.0,
                        0.0,
                        0.0
                    ],
                    [
                        -0.0,
                        0.7009578038771397,
                        -0.5387224366337988,
                        0.0,
                        0.0,
                        0.0
                    ],
                    [
                        0.8958229922511745,
                        -0.6631644820327045,
                        0.5172533427964375,
                        -0.8091430788760052,
                        -0.622651416246397,
                        0.0
                    ]
                ]
            },
            "est_params": {
                "mui": [
                    1.0000027678272128,
                    0.6270666455016951,
                    0.30055618366101994,
                    -0.6664415242841824,
                    0.29482338149853227,
                    0.9779390298411591
                ],
                "Si": [
                    [
                        1.0115405324603864e-06,
                        -2.2757050239178803e-06,
                        3.193814760622912e-06,
                        -6.912588639210178e-07,
                        -5.081518366549954e-06,
                        5.091798105065808e-06
                    ],
                    [
                        -2.27570502391788e-06,
                        0.9891295545049664,
                        -0.9749079791123706,
                        1.1961097621340504,
                        1.198982780078485,
                        -2.88424355529211
                    ],
                    [
                        3.193814760622912e-06,
                        -0.9749079791123704,
                        2.0312506379811617,
                        -1.8355754050141768,
                        -1.7444959984758257,
                        4.310440662694074
                    ],
                    [
                        -6.912588639210178e-07,
                        1.1961097621340504,
                        -1.8355754050141773,
                        2.831092152742909,
                        1.8421336368255044,
                        -5.2072966230383475
                    ],
                    [
                        -5.081518366549954e-06,
                        1.198982780078485,
                        -1.7444959984758257,
                        1.8421336368255044,
                        2.789045500510069,
                        -4.943239972832218
                    ],
                    [
                        5.091798105065807e-06,
                        -2.88424355529211,
                        4.310440662694074,
                        -5.2072966230383475,
                        -4.943239972832218,
                        12.52482658852662
                    ]
                ]
            },
            "est_tgt": [
                0,
                1,
                2,
                3,
                4,
                5
            ],
            "oracle_est_tgt": [
                0,
                1,
                2,
                3,
                4,
                5
            ]
        },
        "1": {
            "intv_type": "do",
            "inode": 1,
            "new_mui": 1.0,
            "new_vari": null,
            "noise_type": "gaussian",
            "obs_noise_gamma_shape": null,
            "true_params": {
                "Si": [
                    [
                        1.0,
                        0.0,
                        0.9031571312011822,
                        -1.429519278254251,
                        -0.4865510103838924,
                        2.8226213432463223
                    ],
                    [
                        0.0,
                        1e-09,
                        -9.680382855280396e-10,
                        1.2155651781238289e-09,
                        1.2224617478116102e-09,
                        -2.9086192105605346e-09
                    ],
                    [
                        0.9031571312011822,
                        -9.680382855280396e-10,
                        1.8156928045766478,
                        -1.9194948721194556,
                        -0.9781544525385415,
                        3.9104373429405905
                    ],
                    [
                        -1.429519278254251,
                        1.2155651781238289e-09,
                        -1.9194948721194556,
                        3.4384299518471813,
                        1.034074955466335,
                        -5.699511410480137
                    ],
                    [
                        -0.4865510103838924,
                        1.2224617478116102e-09,
                        -0.9781544525385415,
                        1.034074955466335,
                        1.5269537509326567,
                        -2.7292917519779687
                    ],
                    [
                        2.8226213432463223,
                        -2.9086192105605346e-09,
                        3.9104373429405905,
                        -5.699511410480137,
                        -2.7292917519779687,
                        11.862373472543396
                    ]
                ],
                "mui": [
                    0.0,
                    1.0,
                    -0.9680382855280396,
                    1.2155651781238288,
                    1.2224617478116102,
                    -2.9086192105605346
                ],
                "Ai": [
                    [
                        0.0,
                        0.0,
                        0.0,
                        0.0,
                        0.0,
                        0.0
                    ],
                    [
                        0.0,
                        0.0,
                        0.0,
                        0.0,
                        0.0,
                        0.0
                    ],
                    [
                        0.9031571312011822,
                        -0.9680382855280396,
                        0.0,
                        0.0,
                        0.0,
                        0.0
                    ],
                    [
                        -0.8619623851942158,
                        0.6072360372502542,
                        -0.6284143405978482,
                        0.0,
                        0.0,
                        0.0
                    ],
                    [
                        -0.0,
                        0.7009578038771397,
                        -0.5387224366337988,
                        0.0,
                        0.0,
                        0.0
                    ],
                    [
                        0.8958229922511745,
                        -0.6631644820327045,
                        0.5172533427964375,
                        -0.8091430788760052,
                        -0.622651416246397,
                        0.0
                    ]
                ]
            },
            "est_params": {
                "mui": [
                    -0.02731929368122066,
                    0.9999990638017658,
                    -0.9932404414500198,
                    1.2178297764318808,
                    1.2125339583342991,
                    -2.9318250597353837
                ],
                "Si": [
                    [
                        0.9915901354439092,
                        -1.23213142156238e-06,
                        0.9088237318542491,
                        -1.414303709762042,
                        -0.4691093421857955,
                        2.7567625253650903
                    ],
                    [
                        -1.2321314215623797e-06,
                        1.010059825491753e-06,
                        -3.455042316477683e-06,
                        2.2003968408449197e-06,
                        1.1351009863830574e-06,
                        -5.216048550306856e-06
                    ],
                    [
                        0.9088237318542491,
                        -3.4550423164776827e-06,
                        1.8105465789226742,
                        -1.9065355593823567,
                        -0.9703585156603615,
                        3.8586572127095975
                    ],
                    [
                        -1.414303709762042,
                        2.2003968408449197e-06,
                        -1.9065355593823567,
                        3.425813144699891,
                        1.0355043518136207,
                        -5.6446150657856276
                    ],
                    [
                        -0.4691093421857955,
                        1.1351009863830572e-06,
                        -0.9703585156603615,
                        1.0355043518136207,
                        1.565100410626305,
                        -2.740392848689159
                    ],
                    [
                        2.7567625253650903,
                        -5.216048550306856e-06,
                        3.8586572127095975,
                        -5.6446150657856276,
                        -2.740392848689159,
                        11.669092356054723
                    ]
                ]
            },
            "est_tgt": [
                0,
                1,
                2,
                3,
                4,
                5
            ],
            "oracle_est_tgt": [
                0,
                1,
                2,
                3,
                4,
                5
            ]
        },
        "2": {
            "intv_type": "do",
            "inode": 2,
            "new_mui": 1.0,
            "new_vari": null,
            "noise_type": "gaussian",
            "obs_noise_gamma_shape": null,
            "true_params": {
                "Si": [
                    [
                        1.0,
                        0.6081548278482616,
                        0.0,
                        -0.4926688574970268,
                        0.4262908725457974,
                        0.6257252915434085
                    ],
                    [
                        0.6081548278482616,
                        1.3698522946351486,
                        0.0,
                        0.30761709303295015,
                        0.9602086560835144,
                        -1.2104198311720202
                    ],
                    [
                        0.0,
                        0.0,
                        1e-09,
                        -6.284143405978482e-10,
                        -5.387224366337988e-10,
                        1.3611667452913597e-09
                    ],
                    [
                        -0.4926688574970268,
                        0.30761709303295015,
                        -6.284143405978482e-10,
                        1.6114582084777225,
                        0.21562660230598743,
                        -2.0835052861965035
                    ],
                    [
                        0.4262908725457974,
                        0.9602086560835144,
                        -5.387224366337988e-10,
                        0.21562660230598743,
                        1.673065751122342,
                        -1.4711046436073656
                    ],
                    [
                        0.6257252915434085,
                        -1.2104198311720202,
                        1.3611667452913597e-09,
                        -2.0835052861965035,
                        -1.4711046436073656,
                        4.965085815999277
                    ]
                ],
                "mui": [
                    0.0,
                    0.0,
                    1.0,
                    -0.6284143405978482,
                    -0.5387224366337988,
                    1.3611667452913596
                ],
                "Ai": [
                    [
                        0.0,
                        0.0,
                        0.0,
                        0.0,
                        0.0,
                        0.0
                    ],
                    [
                        0.6081548278482616,
                        0.0,
                        0.0,
                        0.0,
                        0.0,
                        0.0
                    ],
                    [
                        0.0,
                        0.0,
                        0.0,
                        0.0,
                        0.0,
                        0.0
                    ],
                    [
                        -0.8619623851942158,
                        0.6072360372502542,
                        -0.6284143405978482,
                        0.0,
                        0.0,
                        0.0
                    ],
                    [
                        -0.0,
                        0.7009578038771397,
                        -0.5387224366337988,
                        0.0,
                        0.0,
                        0.0
                    ],
                    [
                        0.8958229922511745,
                        -0.6631644820327045,
                        0.5172533427964375,
                        -0.8091430788760052,
                        -0.622651416246397,
                        0.0
                    ]
                ]
            },
            "est_params": {
                "mui": [
                    0.0213426808760423,
                    0.02250754118894167,
                    0.9999964243063318,
                    -0.6414158985305389,
                    -0.5238542440386412,
                    1.3413431637189674
                ],
                "Si": [
                    [
                        1.0455620205925327,
                        0.6258857447739901,
                        -3.059001520019434e-06,
                        -0.4932543768976381,
                        0.4363559375332274,
                        0.688003539423037
                    ],
                    [
                        0.6258857447739898,
                        1.3621598220907043,
                        -4.149910641455936e-06,
                        0.30465337498317957,
                        0.9477303976275214,
                        -1.1667874609615148
                    ],
                    [
                        -3.0590015200194346e-06,
                        -4.149910641455936e-06,
                        1.019283792869595e-06,
                        2.149759188013333e-06,
                        -3.0539500166224755e-06,
                        9.387737717728147e-07
                    ],
                    [
                        -0.4932543768976381,
                        0.30465337498317957,
                        2.149759188013333e-06,
                        1.6231338954975687,
                        0.26488538810452933,
                        -2.115998395237394
                    ],
                    [
                        0.4363559375332274,
                        0.9477303976275214,
                        -3.053950016622476e-06,
                        0.2648853881045293,
                        1.6524686670440702,
                        -1.4504892370118128
                    ],
                    [
                        0.688003539423037,
                        -1.1667874609615148,
                        9.387737717728145e-07,
                        -2.115998395237394,
                        -1.4504892370118128,
                        5.012261312796368
                    ]
                ]
            },
            "est_tgt": [
                0,
                1,
                2,
                3,
                4,
                5
            ],
            "oracle_est_tgt": [
                0,
                1,
                2,
                3,
                4,
                5
            ]
        },
        "3": {
            "intv_type": "do",
            "inode": 3,
            "new_mui": 1.0,
            "new_vari": null,
            "noise_type": "gaussian",
            "obs_noise_gamma_shape": null,
            "true_params": {
                "Si": [
                    [
                        1.0,
                        0.6081548278482616,
                        0.314439974315351,
                        0.0,
                        0.2568950034075624,
                        0.49520540097059307
                    ],
                    [
                        0.6081548278482616,
                        1.3698522946351486,
                        -0.7768100970796755,
                        0.0,
                        1.378693684384015,
                        -1.6238915043821598
                    ],
                    [
                        0.314439974315351,
                        -0.7768100970796755,
                        2.035970619695505,
                        0.0,
                        -1.6413341528357448,
                        2.871927068011769
                    ],
                    [
                        0.0,
                        0.0,
                        0.0,
                        1e-09,
                        0.0,
                        -8.091430788760053e-10
                    ],
                    [
                        0.2568950034075624,
                        1.378693684384015,
                        -1.6413341528357448,
                        0.0,
                        2.8506296313710457,
                        -3.3081023868067216
                    ],
                    [
                        0.49520540097059307,
                        -1.6238915043821598,
                        2.871927068011769,
                        -8.091430788760053e-10,
                        -3.3081023868067216,
                        6.065832065541988
                    ]
                ],
                "mui": [
                    0.0,
                    0.0,
                    0.0,
                    1.0,
                    0.0,
                    -0.8091430788760052
                ],
                "Ai": [
                    [
                        0.0,
                        0.0,
                        0.0,
                        0.0,
                        0.0,
                        0.0
                    ],
                    [
                        0.6081548278482616,
                        0.0,
                        0.0,
                        0.0,
                        0.0,
                        0.0
                    ],
                    [
                        0.9031571312011822,
                        -0.9680382855280396,
                        0.0,
                        0.0,
                        0.0,
                        0.0
                    ],
                    [
                        0.0,
                        0.0,
                        0.0,
                        0.0,
                        0.0,
                        0.0
                    ],
                    [
                        -0.0,
                        0.7009578038771397,
                        -0.5387224366337988,
                        0.0,
                        0.0,
                        0.0
                    ],
                    [
                        0.8958229922511745,
                        -0.6631644820327045,
                        0.5172533427964375,
                        -0.8091430788760052,
                        -0.622651416246397,
                        0.0
                    ]
                ]
            },
            "est_params": {
                "mui": [
                    -0.04246078717092372,
                    -0.0480856530281184,
                    -0.019830925734881773,
                    0.9999995908717786,
                    -0.004191401171813685,
                    -0.8176175422054945
                ],
                "Si": [
                    [
                        1.0548171449061219,
                        0.6449586507320775,
                        0.3035441599280236,
                        4.256098727715353e-06,
                        0.29695992347644984,
                        0.45841976906056253
                    ],
                    [
                        0.6449586507320775,
                        1.35616106543551,
                        -0.7755322526043105,
                        2.2951672147222505e-06,
                        1.345600090790945,
                        -1.5657602724003212
                    ],
                    [
                        0.3035441599280236,
                        -0.7755322526043105,
                        2.1138057958113436,
                        2.5355844635822907e-06,
                        -1.6403831674623564,
                        2.8816243769828773
                    ],
                    [
                        4.256098727715353e-06,
                        2.2951672147222514e-06,
                        2.53558446358229e-06,
                        1.016105618396747e-06,
                        5.524401691369722e-06,
                        -7.888724247359048e-07
                    ],
                    [
                        0.29695992347644984,
                        1.345600090790945,
                        -1.6403831674623564,
                        5.524401691369722e-06,
                        2.7437889008847893,
                        -3.146907470240338
                    ],
                    [
                        0.45841976906056253,
                        -1.5657602724003212,
                        2.8816243769828773,
                        -7.888724247359041e-07,
                        -3.146907470240338,
                        5.867408554258737
                    ]
                ]
            },
            "est_tgt": [
                0,
                3,
                5
            ],
            "oracle_est_tgt": [
                0,
                3,
                5
            ]
        },
        "4": {
            "intv_type": "do",
            "inode": 4,
            "new_mui": 1.0,
            "new_vari": null,
            "noise_type": "gaussian",
            "obs_noise_gamma_shape": null,
            "true_params": {
                "Si": [
                    [
                        1.0,
                        0.6081548278482616,
                        0.314439974315351,
                        -0.6902674466140124,
                        0.0,
                        1.2136865656700753
                    ],
                    [
                        0.6081548278482616,
                        1.3698522946351486,
                        -0.7768100970796755,
                        0.7957756979590249,
                        0.0,
                        -1.4093423275717574
                    ],
                    [
                        0.314439974315351,
                        -0.7768100970796755,
                        2.035970619695505,
                        -2.0221756497604586,
                        0.0,
                        3.486177464490276
                    ],
                    [
                        -0.6902674466140124,
                        0.7957756979590249,
                        -2.0221756497604586,
                        3.3489724335912725,
                        0.0,
                        -4.901862608577618
                    ],
                    [
                        0.0,
                        0.0,
                        0.0,
                        0.0,
                        1e-09,
                        -6.22651416246397e-10
                    ],
                    [
                        1.2136865656700753,
                        -1.4093423275717574,
                        3.486177464490276,
                        -4.901862608577618,
                        -6.22651416246397e-10,
                        8.79141925639307
                    ]
                ],
                "mui": [
                    0.0,
                    0.0,
                    0.0,
                    0.0,
                    1.0,
                    -0.622651416246397
                ],
                "Ai": [
                    [
                        0.0,
                        0.0,
                        0.0,
                        0.0,
                        0.0,
                        0.0
                    ],
                    [
                        0.6081548278482616,
                        0.0,
                        0.0,
                        0.0,
                        0.0,
                        0.0
                    ],
                    [
                        0.9031571312011822,
                        -0.9680382855280396,
                        0.0,
                        0.0,
                        0.0,
                        0.0
                    ],
                    [
                        -0.8619623851942158,
                        0.6072360372502542,
                        -0.6284143405978482,
                        0.0,
                        0.0,
                        0.0
                    ],
                    [
                        0.0,
                        0.0,
                        0.0,
                        0.0,
                        0.0,
                        0.0
                    ],
                    [
                        0.8958229922511745,
                        -0.6631644820327045,
                        0.5172533427964375,
                        -0.8091430788760052,
                        -0.622651416246397,
                        0.0
                    ]
                ]
            },
            "est_params": {
                "mui": [
                    -0.04125054326502603,
                    -0.028744968622118495,
                    -0.02844836296831559,
                    -0.008015803219762963,
                    0.999999018698911,
                    -0.6615908983290697
                ],
                "Si": [
                    [
                        0.9955754594943167,
                        0.6032205934329679,
                        0.32937491359547855,
                        -0.7193426675933016,
                        -1.4887458345624634e-06,
                        1.271264056910899
                    ],
                    [
                        0.6032205934329679,
                        1.3933845240281115,
                        -0.7836960617703663,
                        0.8325076789798527,
                        -1.4846873958788982e-06,
                        -1.378789050678423
                    ],
                    [
                        0.32937491359547855,
                        -0.7836960617703663,
                        2.021213072145075,
                        -2.060908281627914,
                        6.460478495993111e-07,
                        3.4818229176870457
                    ],
                    [
                        -0.7193426675933015,
                        0.8325076789798527,
                        -2.060908281627914,
                        3.5017443536192845,
                        -3.12186261274423e-07,
                        -5.029687324932488
                    ],
                    [
                        -1.4887458345624634e-06,
                        -1.4846873958788982e-06,
                        6.46047849599311e-07,
                        -3.1218626127442336e-07,
                        1.005591639005302e-06,
                        1.8643019094949516e-06
                    ],
                    [
                        1.271264056910899,
                        -1.378789050678423,
                        3.481822917687046,
                        -5.029687324932488,
                        1.8643019094949522e-06,
                        8.80980273406726
                    ]
                ]
            },
            "est_tgt": [
                1,
                4
            ],
            "oracle_est_tgt": [
                1,
                4
            ]
        },
        "5": {
            "intv_type": "do",
            "inode": 5,
            "new_mui": 1.0,
            "new_vari": null,
            "noise_type": "gaussian",
            "obs_noise_gamma_shape": null,
            "true_params": {
                "Si": [
                    [
                        1.0,
                        0.6081548278482616,
                        0.314439974315351,
                        -0.6902674466140124,
                        0.2568950034075624,
                        0.0
                    ],
                    [
                        0.6081548278482616,
                        1.3698522946351486,
                        -0.7768100970796755,
                        0.7957756979590249,
                        1.378693684384015,
                        0.0
                    ],
                    [
                        0.314439974315351,
                        -0.7768100970796755,
                        2.035970619695505,
                        -2.0221756497604586,
                        -1.6413341528357448,
                        0.0
                    ],
                    [
                        -0.6902674466140124,
                        0.7957756979590249,
                        -2.0221756497604586,
                        3.3489724335912725,
                        1.6471965789606458,
                        0.0
                    ],
                    [
                        0.2568950034075624,
                        1.378693684384015,
                        -1.6413341528357448,
                        1.6471965789606458,
                        2.8506296313710457,
                        0.0
                    ],
                    [
                        0.0,
                        0.0,
                        0.0,
                        0.0,
                        0.0,
                        1e-09
                    ]
                ],
                "mui": [
                    0.0,
                    0.0,
                    0.0,
                    0.0,
                    0.0,
                    1.0
                ],
                "Ai": [
                    [
                        0.0,
                        0.0,
                        0.0,
                        0.0,
                        0.0,
                        0.0
                    ],
                    [
                        0.6081548278482616,
                        0.0,
                        0.0,
                        0.0,
                        0.0,
                        0.0
                    ],
                    [
                        0.9031571312011822,
                        -0.9680382855280396,
                        0.0,
                        0.0,
                        0.0,
                        0.0
                    ],
                    [
                        -0.8619623851942158,
                        0.6072360372502542,
                        -0.6284143405978482,
                        0.0,
                        0.0,
                        0.0
                    ],
                    [
                        -0.0,
                        0.7009578038771397,
                        -0.5387224366337988,
                        0.0,
                        0.0,
                        0.0
                    ],
                    [
                        0.0,
                        0.0,
                        0.0,
                        0.0,
                        0.0,
                        0.0
                    ]
                ]
            },
            "est_params": {
                "mui": [
                    -0.019266635364215214,
                    -0.009227622604559458,
                    -0.006704680131816309,
                    0.012439251242149984,
                    -0.003093336096426044,
                    1.000001303442729
                ],
                "Si": [
                    [
                        0.9283916511933856,
                        0.5587260357631934,
                        0.30127144467541084,
                        -0.640586057522011,
                        0.2167133081298807,
                        5.906602342158708e-08
                    ],
                    [
                        0.5587260357631934,
                        1.3007341124462475,
                        -0.7634967553065926,
                        0.7911213771170705,
                        1.325750122254317,
                        -9.506569589226964e-07
                    ],
                    [
                        0.30127144467541084,
                        -0.7634967553065926,
                        1.9900110259778194,
                        -1.9913885598125538,
                        -1.560479935280777,
                        8.284619483646374e-08
                    ],
                    [
                        -0.640586057522011,
                        0.7911213771170705,
                        -1.9913885598125538,
                        3.333890798155139,
                        1.6474612997075502,
                        -4.983593033962482e-07
                    ],
                    [
                        0.2167133081298807,
                        1.325750122254317,
                        -1.560479935280777,
                        1.6474612997075502,
                        2.7809848149235465,
                        -2.476734777120018e-07
                    ],
                    [
                        5.90660234215869e-08,
                        -9.506569589226964e-07,
                        8.284619483646365e-08,
                        -4.983593033962483e-07,
                        -2.4767347771200134e-07,
                        1.0040069231975368e-06
                    ]
                ]
            },
            "est_tgt": [
                0,
                5
            ],
            "oracle_est_tgt": [
                0,
                5
            ]
        },
        "obs": {
            "intv_type": "obs",
            "noise_type": "gaussian",
            "obs_noise_gamma_shape": null,
            "true_params": {
                "Si": [
                    [
                        1.0,
                        0.6081548278482616,
                        0.314439974315351,
                        -0.6902674466140124,
                        0.2568950034075624,
                        1.0537305279717335
                    ],
                    [
                        0.6081548278482616,
                        1.3698522946351486,
                        -0.7768100970796755,
                        0.7957756979590249,
                        1.378693684384015,
                        -2.2677879027234273
                    ],
                    [
                        0.314439974315351,
                        -0.7768100970796755,
                        2.035970619695505,
                        -2.0221756497604586,
                        -1.6413341528357448,
                        4.508156499287033
                    ],
                    [
                        -0.6902674466140124,
