{
    "expt_args": {
        "save_dir": "all_expt_logs/expt_logs_sim_compsel_backward_cameraready_cutoff_var",
        "exp_name": "551",
        "num_nodes": 6,
        "num_tgt_prior": 7,
        "obs_noise_mean": 0.0,
        "obs_noise_var": 1.0,
        "obs_noise_gamma_shape": null,
        "noise_type": "gaussian",
        "max_edge_strength": 1.0,
        "graph_sparsity_method": "adj_dense_prop",
        "adj_dense_prop": 0.8,
        "num_parents": null,
        "new_noise_mean": 1.0,
        "mix_samples": 131072,
        "stage2_samples": 131072,
        "gmm_tol": 0.001,
        "intv_type": "do",
        "new_noise_var": null,
        "dtype": "simulation",
        "cutoff_drop_ratio": 0.15,
        "intv_targets": [
            0,
            1,
            2,
            3,
            4,
            5
        ]
    },
    "intv_args_dict": {
        "0": {
            "intv_type": "do",
            "inode": 0,
            "new_mui": 1.0,
            "new_vari": null,
            "noise_type": "gaussian",
            "obs_noise_gamma_shape": null,
            "true_params": {
                "Si": [
                    [
                        1e-09,
                        -8.328102623192913e-10,
                        -1.7320361729623288e-09,
                        1.7587084095846029e-09,
                        2.6861277002975863e-09,
                        -6.667760543309891e-10
                    ],
                    [
                        -8.328102623192913e-10,
                        1.000000000693573,
                        0.958972405199576,
                        -0.03360198932962968,
                        -0.9350082117521992,
                        0.01144976135987954
                    ],
                    [
                        -1.7320361729623288e-09,
                        0.958972405199576,
                        1.9196280741676555,
                        -0.9366196701830738,
                        -1.46491565494724,
                        0.3568965138356663
                    ],
                    [
                        1.7587084095846029e-09,
                        -0.03360198932962968,
                        -0.9366196701830738,
                        1.819061742543755,
                        1.173698373006041,
                        -0.6957136763263823
                    ],
                    [
                        2.6861277002975863e-09,
                        -0.9350082117521992,
                        -1.46491565494724,
                        1.173698373006041,
                        2.591980994537108,
                        0.3193292903735812
                    ],
                    [
                        -6.667760543309891e-10,
                        0.01144976135987954,
                        0.3568965138356663,
                        -0.6957136763263823,
                        0.3193292903735812,
                        1.8542768253169544
                    ]
                ],
                "mui": [
                    1.0,
                    -0.8328102623192912,
                    -1.7320361729623288,
                    1.7587084095846028,
                    2.686127700297586,
                    -0.6667760543309891
                ],
                "Ai": [
                    [
                        0.0,
                        0.0,
                        0.0,
                        0.0,
                        0.0,
                        0.0
                    ],
                    [
                        -0.8328102623192912,
                        0.0,
                        0.0,
                        0.0,
                        0.0,
                        0.0
                    ],
                    [
                        -0.9333941138324018,
                        0.9589724037571186,
                        0.0,
                        0.0,
                        0.0,
                        0.0
                    ],
                    [
                        0.8865661574064128,
                        0.833689094447879,
                        -0.9043962880630497,
                        0.0,
                        0.0,
                        0.0
                    ],
                    [
                        0.8199595288154139,
                        -0.9138947284184045,
                        0.0,
                        0.6283402393218978,
                        0.0,
                        0.0
                    ],
                    [
                        -0.6241255380361673,
                        0.699498215385358,
                        -0.0,
                        -0.8643813821072237,
                        0.7669380653511896,
                        0.0
                    ]
                ]
            },
            "est_params": {
                "mui": [
                    1.0000003615666806,
                    -0.8399021019004624,
                    -1.7453517490777304,
                    1.760777959300177,
                    2.702380953879762,
                    -0.6534265242003656
                ],
                "Si": [
                    [
                        1.011538038860498e-06,
                        -6.70059620700029e-07,
                        3.576405521637979e-08,
                        -1.096120427145607e-06,
                        -1.0042582029528126e-06,
                        2.189177290098642e-07
                    ],
                    [
                        -6.700596207000288e-07,
                        1.0003123419610518,
                        0.9600268365767008,
                        -0.028904338874344977,
                        -0.9271190976085673,
                        0.018831748455722934
                    ],
                    [
                        3.5764055216379744e-08,
                        0.9600268365767008,
                        1.918905398825885,
                        -0.9231131090132431,
                        -1.4559762893750923,
                        0.3674790093511054
                    ],
                    [
                        -1.0961204271456071e-06,
                        -0.028904338874344987,
                        -0.9231131090132431,
                        1.7855624484974915,
                        1.1515132810627224,
                        -0.6871903538946715
                    ],
                    [
                        -1.0042582029528126e-06,
                        -0.9271190976085671,
                        -1.4559762893750923,
                        1.151513281062722,
                        2.5701388872764284,
                        0.31377547767538405
                    ],
                    [
                        2.189177290098641e-07,
                        0.018831748455722934,
                        0.3674790093511054,
                        -0.6871903538946715,
                        0.31377547767538405,
                        1.8582628232639216
                    ]
                ]
            },
            "est_tgt": [
                0
            ],
            "oracle_est_tgt": [
                0
            ]
        },
        "1": {
            "intv_type": "do",
            "inode": 1,
            "new_mui": 1.0,
            "new_vari": null,
            "noise_type": "gaussian",
            "obs_noise_gamma_shape": null,
            "true_params": {
                "Si": [
                    [
                        1.0,
                        0.0,
                        -0.9333941138324018,
                        1.7307243292563368,
                        1.9074432680605715,
                        -0.6572405760318323
                    ],
                    [
                        0.0,
                        1e-09,
                        9.589724037571186e-10,
                        -3.360198786495927e-11,
                        -9.350082095151646e-10,
                        1.1449760804581599e-11
                    ],
                    [
                        -0.9333941138324018,
                        9.589724037571186e-10,
                        1.8712245726566028,
                        -2.5198441896896697,
                        -2.3486648998569972,
                        0.9593809930904817
                    ],
                    [
                        1.7307243292563368,
                        -3.360198786495927e-11,
                        -2.5198441896896697,
                        4.813339349743148,
                        4.443538704512226,
                        -1.8328311955432315
                    ],
                    [
                        1.9074432680605715,
                        -9.350082095151646e-10,
                        -2.3486648998569972,
                        4.443538704512226,
                        5.356080457204905,
                        -0.9236141997449808
                    ],
                    [
                        -0.6572405760318323,
                        1.1449760804581599e-11,
                        0.9593809930904817,
                        -1.8328311955432315,
                        -0.9236141997449808,
                        2.286110902632668
                    ]
                ],
                "mui": [
                    0.0,
                    1.0,
                    0.9589724037571186,
                    -0.03360198786495927,
                    -0.9350082095151645,
                    0.011449760804581599
                ],
                "Ai": [
                    [
                        0.0,
                        0.0,
                        0.0,
                        0.0,
                        0.0,
                        0.0
                    ],
                    [
                        0.0,
                        0.0,
                        0.0,
                        0.0,
                        0.0,
                        0.0
                    ],
                    [
                        -0.9333941138324018,
                        0.9589724037571186,
                        0.0,
                        0.0,
                        0.0,
                        0.0
                    ],
                    [
                        0.8865661574064128,
                        0.833689094447879,
                        -0.9043962880630497,
                        0.0,
                        0.0,
                        0.0
                    ],
                    [
                        0.8199595288154139,
                        -0.9138947284184045,
                        0.0,
                        0.6283402393218978,
                        0.0,
                        0.0
                    ],
                    [
                        -0.6241255380361673,
                        0.699498215385358,
                        -0.0,
                        -0.8643813821072237,
                        0.7669380653511896,
                        0.0
                    ]
                ]
            },
            "est_params": {
                "mui": [
                    0.00027179889541296086,
                    1.0000004540151128,
                    0.9598538560669101,
                    -0.03784624276217325,
                    -0.9513075915078563,
                    0.011477664309839772
                ],
                "Si": [
                    [
                        0.9891197609387956,
                        6.146899589936889e-07,
                        -0.9301816315211678,
                        1.7270575710111413,
                        1.9019910851398234,
                        -0.6431134757585987
                    ],
                    [
                        6.146899589936891e-07,
                        1.0102205920428502e-06,
                        -8.3026399813267e-07,
                        8.407252953037382e-07,
                        6.77738392159289e-07,
                        2.9523199861472545e-07
                    ],
                    [
                        -0.9301816315211678,
                        -8.302639981326697e-07,
                        1.8848807809430899,
                        -2.541099178976444,
                        -2.3733792417228567,
                        0.9343257538309362
                    ],
                    [
                        1.7270575710111413,
                        8.407252953037384e-07,
                        -2.5410991789764443,
                        4.854284115607068,
                        4.481515370912665,
                        -1.8151443527344757
                    ],
                    [
                        1.9019910851398234,
                        6.77738392159289e-07,
                        -2.3733792417228567,
                        4.481515370912665,
                        5.408167112148684,
                        -0.9144337110959105
                    ],
                    [
                        -0.6431134757585987,
                        2.9523199861472513e-07,
                        0.9343257538309362,
                        -1.8151443527344757,
                        -0.9144337110959105,
                        2.24320679862082
                    ]
                ]
            },
            "est_tgt": [
                1
            ],
            "oracle_est_tgt": [
                1
            ]
        },
        "2": {
            "intv_type": "do",
            "inode": 2,
            "new_mui": 1.0,
            "new_vari": null,
            "noise_type": "gaussian",
            "obs_noise_gamma_shape": null,
            "true_params": {
                "Si": [
                    [
                        1.0,
                        -0.8328102623192912,
                        0.0,
                        0.19226132396654227,
                        1.701865963635245,
                        -0.06763614958163533
                    ],
                    [
                        -0.8328102623192912,
                        1.6935729330243268,
                        0.0,
                        0.6735718908014486,
                        -1.8073857629003096,
                        -0.26394654493404723
                    ],
                    [
                        0.0,
                        0.0,
                        1e-09,
                        -9.043962880630498e-10,
                        -5.682685800833727e-10,
                        3.459165080395724e-10
                    ],
                    [
                        0.19226132396654227,
                        0.6735718908014486,
                        -9.043962880630498e-10,
                        1.732001923712625,
                        0.6303592076463506,
                        -0.6624966121572975
                    ],
                    [
                        1.701865963635245,
                        -1.8073857629003096,
                        -5.682685800833727e-10,
                        0.6303592076463506,
                        4.443301589973685,
                        0.5364252361759574
                    ],
                    [
                        -0.06763614958163533,
                        -0.26394654493404723,
                        3.459165080395724e-10,
                        -0.6624966121572975,
                        0.5364252361759574,
                        1.8416379812060577
                    ]
                ],
                "mui": [
                    0.0,
                    0.0,
                    1.0,
                    -0.9043962880630497,
                    -0.5682685800833727,
                    0.34591650803957236
                ],
                "Ai": [
                    [
                        0.0,
                        0.0,
                        0.0,
                        0.0,
                        0.0,
                        0.0
                    ],
                    [
                        -0.8328102623192912,
                        0.0,
                        0.0,
                        0.0,
                        0.0,
                        0.0
                    ],
                    [
                        0.0,
                        0.0,
                        0.0,
                        0.0,
                        0.0,
                        0.0
                    ],
                    [
                        0.8865661574064128,
                        0.833689094447879,
                        -0.9043962880630497,
                        0.0,
                        0.0,
                        0.0
                    ],
                    [
                        0.8199595288154139,
                        -0.9138947284184045,
                        0.0,
                        0.6283402393218978,
                        0.0,
                        0.0
                    ],
                    [
                        -0.6241255380361673,
                        0.699498215385358,
                        -0.0,
                        -0.8643813821072237,
                        0.7669380653511896,
                        0.0
                    ]
                ]
            },
            "est_params": {
                "mui": [
                    0.0022954145492943482,
                    -0.017588714770387884,
                    0.9999994285200586,
                    -0.9179631060662652,
                    -0.5614070956564571,
                    0.34310240901033173
                ],
                "Si": [
                    [
                        0.9885423197930993,
                        -0.8263421362178546,
                        1.5624880288026955e-07,
                        0.1898495253891265,
                        1.685774882085465,
                        -0.0682970205343402
                    ],
                    [
                        -0.8263421362178546,
                        1.6893033091563494,
                        -3.7398848232117316e-07,
                        0.6771079313693239,
                        -1.7902629219570392,
                        -0.272041792740708
                    ],
                    [
                        1.5624880288026936e-07,
                        -3.739884823211735e-07,
                        1.0103242732247671e-06,
                        -5.841411913605306e-07,
                        4.207168668020593e-07,
                        -1.206844868439145e-07
                    ],
                    [
                        0.1898495253891265,
                        0.6771079313693239,
                        -5.841411913605301e-07,
                        1.734467027224306,
                        0.6294819253804139,
                        -0.6751030002270105
                    ],
                    [
                        1.685774882085465,
                        -1.7902629219570392,
                        4.207168668020594e-07,
                        0.6294819253804139,
                        4.408245320814405,
                        0.5306351768256128
                    ],
                    [
                        -0.0682970205343402,
                        -0.272041792740708,
                        -1.2068448684391437e-07,
                        -0.6751030002270104,
                        0.5306351768256129,
                        1.8523961202596406
                    ]
                ]
            },
            "est_tgt": [
                2,
                3
            ],
            "oracle_est_tgt": [
                2,
                3
            ]
        },
        "3": {
            "intv_type": "do",
            "inode": 3,
            "new_mui": 1.0,
            "new_vari": null,
            "noise_type": "gaussian",
            "obs_noise_gamma_shape": null,
            "true_params": {
                "Si": [
                    [
                        1.0,
                        -0.8328102623192912,
                        -1.7320361729623288,
                        0.0,
                        1.5810604373217627,
                        0.005900602719735026
                    ],
                    [
                        -0.8328102623192912,
                        1.6935729330243268,
                        2.401429903308377,
                        0.0,
                        -2.230618085966995,
                        -0.006316522061368416
                    ],
                    [
                        -1.7320361729623288,
                        2.401429903308377,
                        4.9195773756176955,
                        0.0,
                        -3.6148536935732882,
                        -0.011564958191239474
                    ],
                    [
                        0.0,
                        0.0,
                        0.0,
                        1e-09,
                        6.283402393218978e-10,
                        -3.82483334579384e-10
                    ],
                    [
                        1.5810604373217627,
                        -2.230618085966995,
                        -3.6148536935732882,
                        6.283402393218978e-10,
                        4.334955681489845,
                        0.777548956750484
                    ],
                    [
                        0.005900602719735026,
                        -0.006316522061368416,
                        -0.011564958191239474,
                        -3.82483334579384e-10,
                        0.777548956750484,
                        1.5882307801801017
                    ]
                ],
                "mui": [
                    0.0,
                    0.0,
                    0.0,
                    1.0,
                    0.6283402393218978,
                    -0.382483334579384
                ],
                "Ai": [
                    [
                        0.0,
                        0.0,
                        0.0,
                        0.0,
                        0.0,
                        0.0
                    ],
                    [
                        -0.8328102623192912,
                        0.0,
                        0.0,
                        0.0,
                        0.0,
                        0.0
                    ],
                    [
                        -0.9333941138324018,
                        0.9589724037571186,
                        0.0,
                        0.0,
                        0.0,
                        0.0
                    ],
                    [
                        0.0,
                        0.0,
                        0.0,
                        0.0,
                        0.0,
                        0.0
                    ],
                    [
                        0.8199595288154139,
                        -0.9138947284184045,
                        0.0,
                        0.6283402393218978,
                        0.0,
                        0.0
                    ],
                    [
                        -0.6241255380361673,
                        0.699498215385358,
                        -0.0,
                        -0.8643813821072237,
                        0.7669380653511896,
                        0.0
                    ]
                ]
            },
            "est_params": {
                "mui": [
                    0.007362887608550862,
                    -0.002666008092944049,
                    -0.014100312160397609,
                    0.9999989198628595,
                    0.6312304779324537,
                    -0.38794693603561775
                ],
                "Si": [
                    [
                        0.9989953619380142,
                        -0.8211702659831753,
                        -1.7161555125807226,
                        5.66921243849212e-07,
                        1.5696007117059734,
                        -0.0024847744111907164
                    ],
                    [
                        -0.8211702659831753,
                        1.653358066691504,
                        2.341467328187645,
                        -9.474446371122434e-07,
                        -2.187435501821791,
                        0.0017865478189496515
                    ],
                    [
                        -1.7161555125807226,
                        2.341467328187645,
                        4.848007209050178,
                        -8.801755326349363e-07,
                        -3.5506870711314744,
                        0.0043202616291887
                    ],
                    [
                        5.669212438492122e-07,
                        -9.474446371122434e-07,
                        -8.801755326349373e-07,
                        1.0083413899034776e-06,
                        1.4058018528835355e-06,
                        -6.537012537080423e-07
                    ],
                    [
                        1.5696007117059734,
                        -2.187435501821791,
                        -3.550687071131475,
                        1.4058018528835355e-06,
                        4.294218685560591,
                        0.762549142787185
                    ],
                    [
                        -0.0024847744111907164,
                        0.0017865478189496519,
                        0.0043202616291886965,
                        -6.537012537080427e-07,
                        0.7625491427871851,
                        1.5966646587852662
                    ]
                ]
            },
            "est_tgt": [
                2,
                3
            ],
            "oracle_est_tgt": [
                2,
                3
            ]
        },
        "4": {
            "intv_type": "do",
            "inode": 4,
            "new_mui": 1.0,
            "new_vari": null,
            "noise_type": "gaussian",
            "obs_noise_gamma_shape": null,
            "true_params": {
                "Si": [
                    [
                        1.0,
                        -0.8328102623192912,
                        -1.7320361729623288,
                        1.7587084095846028,
                        0.0,
                        -2.72686963608346
                    ],
                    [
                        -0.8328102623192912,
                        1.6935729330243268,
                        2.401429903308377,
                        -1.498272399794256,
                        0.0,
                        2.999508165034798
                    ],
                    [
                        -1.7320361729623288,
                        2.401429903308377,
                        4.9195773756176955,
                        -3.982766250230507,
                        0.0,
                        6.20343293606971
                    ],
                    [
                        1.7587084095846028,
                        -1.498272399794256,
                        -3.982766250230507,
                        4.9121170093943025,
                        0.0,
                        -6.391636191850592
                    ],
                    [
                        0.0,
                        0.0,
                        0.0,
                        0.0,
                        1e-09,
                        7.669380653511897e-10
                    ],
                    [
                        -2.72686963608346,
                        2.999508165034798,
                        6.20343293606971,
                        -6.391636191850592,
                        7.669380653511897e-10,
                        10.324870913277291
                    ]
                ],
                "mui": [
                    0.0,
                    0.0,
                    0.0,
                    0.0,
                    1.0,
                    0.7669380653511896
                ],
                "Ai": [
                    [
                        0.0,
                        0.0,
                        0.0,
                        0.0,
                        0.0,
                        0.0
                    ],
                    [
                        -0.8328102623192912,
                        0.0,
                        0.0,
                        0.0,
                        0.0,
                        0.0
                    ],
                    [
                        -0.9333941138324018,
                        0.9589724037571186,
                        0.0,
                        0.0,
                        0.0,
                        0.0
                    ],
                    [
                        0.8865661574064128,
                        0.833689094447879,
                        -0.9043962880630497,
                        0.0,
                        0.0,
                        0.0
                    ],
                    [
                        0.0,
                        0.0,
                        0.0,
                        0.0,
                        0.0,
                        0.0
                    ],
                    [
                        -0.6241255380361673,
                        0.699498215385358,
                        -0.0,
                        -0.8643813821072237,
                        0.7669380653511896,
                        0.0
                    ]
                ]
            },
            "est_params": {
                "mui": [
                    -0.0025734837028158213,
                    0.006106187030828756,
                    0.023056567936460562,
                    -0.02449565147819828,
                    1.0000004815378558,
                    0.7900003067730041
                ],
                "Si": [
                    [
                        0.9904135699395505,
                        -0.817780735160218,
                        -1.697425392714928,
                        1.7299681623039846,
                        4.5531289521209126e-07,
                        -2.694852581063264
                    ],
                    [
                        -0.817780735160218,
                        1.6737214386461303,
                        2.358886129261426,
                        -1.4600469127706182,
                        6.235256851881827e-08,
                        2.964473513524256
                    ],
                    [
                        -1.697425392714928,
                        2.3588861292614256,
                        4.815714810637313,
                        -3.8762016362564298,
                        -4.8668337801203536e-08,
                        6.099734292050465
                    ],
                    [
                        1.7299681623039846,
                        -1.4600469127706186,
                        -3.8762016362564298,
                        4.800431431289886,
                        5.939446918044094e-07,
                        -6.27636569091756
                    ],
                    [
                        4.5531289521209126e-07,
                        6.235256851881838e-08,
                        -4.86683378012038e-08,
                        5.939446918044096e-07,
                        1.0057424860709726e-06,
                        -6.852900251112444e-08
                    ],
                    [
                        -2.694852581063264,
                        2.964473513524256,
                        6.099734292050466,
                        -6.27636569091756,
                        -6.85290025111242e-08,
                        10.218459960156396
                    ]
                ]
            },
            "est_tgt": [
                4,
                5
            ],
            "oracle_est_tgt": [
                4,
                5
            ]
        },
        "5": {
            "intv_type": "do",
            "inode": 5,
            "new_mui": 1.0,
            "new_vari": null,
            "noise_type": "gaussian",
            "obs_noise_gamma_shape": null,
            "true_params": {
                "Si": [
                    [
                        1.0,
                        -0.8328102623192912,
                        -1.7320361729623288,
                        1.7587084095846028,
                        2.686127700297586,
                        0.0
                    ],
                    [
                        -0.8328102623192912,
                        1.6935729330243268,
                        2.401429903308377,
                        -1.498272399794256,
                        -3.1720429242231116,
                        0.0
                    ],
                    [
                        -1.7320361729623288,
                        2.401429903308377,
                        4.9195773756176955,
                        -3.982766250230507,
                        -6.117385992406302,
                        0.0
                    ],
                    [
                        1.7587084095846028,
                        -1.498272399794256,
                        -3.982766250230507,
                        4.9121170093943025,
                        5.89781374401344,
                        0.0
                    ],
                    [
                        2.686127700297586,
                        -3.1720429242231116,
                        -6.117385992406302,
                        5.89781374401344,
                        9.807263009627825,
                        0.0
                    ],
                    [
                        0.0,
                        0.0,
                        0.0,
                        0.0,
                        0.0,
                        1e-09
                    ]
                ],
                "mui": [
                    0.0,
                    0.0,
                    0.0,
                    0.0,
                    0.0,
                    1.0
                ],
                "Ai": [
                    [
                        0.0,
                        0.0,
                        0.0,
                        0.0,
                        0.0,
                        0.0
                    ],
                    [
                        -0.8328102623192912,
                        0.0,
                        0.0,
                        0.0,
                        0.0,
                        0.0
                    ],
                    [
                        -0.9333941138324018,
                        0.9589724037571186,
                        0.0,
                        0.0,
                        0.0,
                        0.0
                    ],
                    [
                        0.8865661574064128,
                        0.833689094447879,
                        -0.9043962880630497,
                        0.0,
                        0.0,
                        0.0
                    ],
                    [
                        0.8199595288154139,
                        -0.9138947284184045,
                        0.0,
                        0.6283402393218978,
                        0.0,
                        0.0
                    ],
                    [
                        0.0,
                        0.0,
                        0.0,
                        0.0,
                        0.0,
                        0.0
                    ]
                ]
            },
            "est_params": {
                "mui": [
                    0.002903808552507086,
                    -0.004461853707484293,
                    -0.007462931852406212,
                    0.005310277433175758,
                    0.01766983630841976,
                    1.0000000420935247
                ],
                "Si": [
                    [
                        0.9845834971533639,
                        -0.8216048265447295,
                        -1.7024247727217745,
                        1.725056332933272,
                        2.6380730044514245,
                        -2.0233704673222642e-07
                    ],
                    [
                        -0.8216048265447295,
                        1.6976046167680505,
                        2.378646787287905,
                        -1.4586996192018944,
                        -3.135408615850256,
                        -1.8114688193911932e-07
                    ],
                    [
                        -1.7024247727217747,
                        2.3786467872879054,
                        4.846419389477007,
                        -3.9012683224877267,
                        -6.009268541125875,
                        -4.221720660651492e-07
                    ],
                    [
                        1.725056332933272,
                        -1.4586996192018942,
                        -3.9012683224877267,
                        4.815119675130139,
                        5.759164278770869,
                        1.5026209101904002e-07
                    ],
                    [
                        2.6380730044514245,
                        -3.135408615850256,
                        -6.009268541125875,
                        5.759164278770869,
                        9.617146713169596,
                        2.8962298040849236e-07
                    ],
                    [
                        -2.0233704673222637e-07,
                        -1.8114688193911958e-07,
                        -4.2217206606514896e-07,
                        1.5026209101904039e-07,
                        2.8962298040849226e-07,
                        1.011565589567587e-06
                    ]
                ]
            },
            "est_tgt": [
                4,
                5
            ],
            "oracle_est_tgt": [
                4,
                5
            ]
        },
        "obs": {
            "intv_type": "obs",
            "noise_type": "gaussian",
            "obs_noise_gamma_shape": null,
            "true_params": {
                "Si": [
                    [
                        1.0,
                        -0.8328102623192912,
                        -1.7320361729623288,
                        1.7587084095846028,
                        2.686127700297586,
                        -0.6667760543309891
                    ],
                    [
                        -0.8328102623192912,
                        1.6935729330243268,
                        2.401429903308377,
                        -1.498272399794256,
                        -3.1720429242231116,
                        0.5667477015201946
                    ],
                    [
                        -1.7320361729623288,
                        2.401429903308377,
                        4.9195773756176955,
                        -3.982766250230507,
                        -6.117385992406302,
                        1.5117767580471542
                    ],
                    [
                        1.7587084095846028,
                        -1.498272399794256,
                        -3.982766250230507,
                        4.9121170093943025,
                        5.89781374401344,
                        -1.8683783292152683
                    ],
                    [
                        2.686127700297586,
                        -3.1720429242231116,
                        -6.117385992406302,
                        5.89781374401344,
                        9.807263009627825,
