{
    "expt_args": {
        "save_dir": "all_expt_logs/expt_logs_sim_compsel_backward_cameraready_cutoff_var",
        "exp_name": "378",
        "num_nodes": 6,
        "num_tgt_prior": 7,
        "obs_noise_mean": 0.0,
        "obs_noise_var": 1.0,
        "obs_noise_gamma_shape": null,
        "noise_type": "gaussian",
        "max_edge_strength": 1.0,
        "graph_sparsity_method": "adj_dense_prop",
        "adj_dense_prop": 0.8,
        "num_parents": null,
        "new_noise_mean": 1.0,
        "mix_samples": 32768,
        "stage2_samples": 32768,
        "gmm_tol": 0.001,
        "intv_type": "do",
        "new_noise_var": null,
        "dtype": "simulation",
        "cutoff_drop_ratio": 0.01,
        "intv_targets": [
            5,
            2,
            0
        ]
    },
    "intv_args_dict": {
        "5": {
            "intv_type": "do",
            "inode": 5,
            "new_mui": 1.0,
            "new_vari": null,
            "noise_type": "gaussian",
            "obs_noise_gamma_shape": null,
            "true_params": {
                "Si": [
                    [
                        1.0,
                        -0.5371788523439107,
                        -1.0374254142459662,
                        -0.2656879685481689,
                        0.7748796953608591,
                        0.0
                    ],
                    [
                        -0.5371788523439107,
                        1.288561119405521,
                        1.4203375330909038,
                        0.046073558344509685,
                        -0.41624898545854544,
                        0.0
                    ],
                    [
                        -1.0374254142459662,
                        1.4203375330909038,
                        2.821114628575055,
                        -0.5245275287912828,
                        -0.8038798889505274,
                        0.0
                    ],
                    [
                        -0.2656879685481689,
                        0.046073558344509685,
                        -0.5245275287912828,
                        1.5936560383162393,
                        -0.20587621212965063,
                        0.0
                    ],
                    [
                        0.7748796953608591,
                        -0.41624898545854544,
                        -0.8038798889505274,
                        -0.20587621212965063,
                        1.6004385422825378,
                        0.0
                    ],
                    [
                        0.0,
                        0.0,
                        0.0,
                        0.0,
                        0.0,
                        1e-09
                    ]
                ],
                "mui": [
                    0.0,
                    0.0,
                    0.0,
                    0.0,
                    0.0,
                    1.0
                ],
                "Ai": [
                    [
                        0.0,
                        0.0,
                        0.0,
                        0.0,
                        0.0,
                        0.0
                    ],
                    [
                        -0.5371788523439107,
                        0.0,
                        0.0,
                        0.0,
                        0.0,
                        0.0
                    ],
                    [
                        -0.5738107671137656,
                        0.8630545396738496,
                        0.0,
                        0.0,
                        0.0,
                        0.0
                    ],
                    [
                        -0.7288820971167523,
                        0.5219426098289447,
                        -0.7167461395249627,
                        0.0,
                        0.0,
                        0.0
                    ],
                    [
                        0.7748796953608591,
                        0.0,
                        0.0,
                        0.0,
                        0.0,
                        0.0
                    ],
                    [
                        0.0,
                        0.0,
                        0.0,
                        0.0,
                        0.0,
                        0.0
                    ]
                ]
            },
            "est_params": {
                "mui": [
                    0.010853623229730467,
                    0.012417354850942346,
                    0.005946125074503413,
                    0.010073753358741043,
                    0.0081004976289144,
                    0.9999996073053523
                ],
                "Si": [
                    [
                        0.9673133574522181,
                        -0.5214399582929671,
                        -1.011091604458658,
                        -0.24718170111515853,
                        0.762055215533864,
                        4.3499054370617774e-07
                    ],
                    [
                        -0.5214399582929671,
                        1.2815280845239485,
                        1.4122473540703342,
                        0.0302302992597026,
                        -0.41959307022840947,
                        1.392658170042711e-06
                    ],
                    [
                        -1.011091604458658,
                        1.4122473540703344,
                        2.8176684517739163,
                        -0.5629758723419055,
                        -0.7990619260529098,
                        1.3037935930519475e-06
                    ],
                    [
                        -0.24718170111515853,
                        0.03023029925970261,
                        -0.5629758723419055,
                        1.622851450655366,
                        -0.1902790448743284,
                        -1.698485387043048e-06
                    ],
                    [
                        0.7620552155338639,
                        -0.41959307022840947,
                        -0.79906192605291,
                        -0.19027904487432837,
                        1.5948055620685309,
                        9.037228186785673e-07
                    ],
                    [
                        4.349905437061777e-07,
                        1.392658170042711e-06,
                        1.3037935930519482e-06,
                        -1.698485387043048e-06,
                        9.037228186785669e-07,
                        1.0113309483980913e-06
                    ]
                ]
            },
            "est_tgt": [
                5
            ],
            "oracle_est_tgt": [
                3,
                5
            ]
        },
        "2": {
            "intv_type": "do",
            "inode": 2,
            "new_mui": 1.0,
            "new_vari": null,
            "noise_type": "gaussian",
            "obs_noise_gamma_shape": null,
            "true_params": {
                "Si": [
                    [
                        1.0,
                        -0.5371788523439107,
                        0.0,
                        -1.0092586292540504,
                        0.7748796953608591,
                        -0.9034381952473224
                    ],
                    [
                        -0.5371788523439107,
                        1.288561119405521,
                        0.0,
                        1.0640950020098239,
                        -0.41624898545854544,
                        0.8439602627913014
                    ],
                    [
                        0.0,
                        0.0,
                        1e-09,
                        -7.167461395249627e-10,
                        0.0,
                        -1.0571795540955308e-09
                    ],
                    [
                        -1.0092586292540504,
                        1.0640950020098239,
                        -7.167461395249627e-10,
                        2.29102706919254,
                        -0.7820540191766968,
                        1.7861478019723724
                    ],
                    [
                        0.7748796953608591,
                        -0.41624898545854544,
                        0.0,
                        -0.7820540191766968,
                        1.6004385422825378,
                        0.09337980561793358
                    ],
                    [
                        -0.9034381952473224,
                        0.8439602627913014,
                        -1.0571795540955308e-09,
                        1.7861478019723724,
                        0.09337980561793358,
                        3.0465461571951655
                    ]
                ],
                "mui": [
                    0.0,
                    0.0,
                    1.0,
                    -0.7167461395249627,
                    0.0,
                    -1.0571795540955307
                ],
                "Ai": [
                    [
                        0.0,
                        0.0,
                        0.0,
                        0.0,
                        0.0,
                        0.0
                    ],
                    [
                        -0.5371788523439107,
                        0.0,
                        0.0,
                        0.0,
                        0.0,
                        0.0
                    ],
                    [
                        0.0,
                        0.0,
                        0.0,
                        0.0,
                        0.0,
                        0.0
                    ],
                    [
                        -0.7288820971167523,
                        0.5219426098289447,
                        -0.7167461395249627,
                        0.0,
                        0.0,
                        0.0
                    ],
                    [
                        0.7748796953608591,
                        0.0,
                        0.0,
                        0.0,
                        0.0,
                        0.0
                    ],
                    [
                        -0.8247443125587177,
                        -0.0,
                        -0.5646681232987372,
                        0.6871490526941868,
                        0.793435719128543,
                        0.0
                    ]
                ]
            },
            "est_params": {
                "mui": [
                    -0.00625375261244576,
                    0.012708247055826129,
                    1.0000007198720866,
                    -0.6994673109046629,
                    -0.00985646225051654,
                    -1.0481244074907816
                ],
                "Si": [
                    [
                        0.9985791347684709,
                        -0.5311706334293678,
                        -9.464712369475933e-08,
                        -0.9918229052638522,
                        0.7715914816655113,
                        -0.8806988526401268
                    ],
                    [
                        -0.5311706334293678,
                        1.3008587321306777,
                        1.6558815032718089e-06,
                        1.0562513332828483,
                        -0.40829432631320484,
                        0.8267424011514929
                    ],
                    [
                        -9.464712369475946e-08,
                        1.6558815032718089e-06,
                        1.0125766941059109e-06,
                        1.4676956162991902e-06,
                        -7.843310808716254e-07,
                        8.822044009591445e-07
                    ],
                    [
                        -0.991822905263852,
                        1.0562513332828483,
                        1.4676956162991906e-06,
                        2.3005660281121516,
                        -0.7697901960466154,
                        1.7597013627749294
                    ],
                    [
                        0.7715914816655113,
                        -0.40829432631320484,
                        -7.843310808716254e-07,
                        -0.7697901960466155,
                        1.6077772574509135,
                        0.11288236264784116
                    ],
                    [
                        -0.8806988526401267,
                        0.8267424011514928,
                        8.82204400959145e-07,
                        1.7597013627749294,
                        0.11288236264784113,
                        3.0009502454653885
                    ]
                ]
            },
            "est_tgt": [
                1,
                2
            ],
            "oracle_est_tgt": [
                1,
                2,
                3,
                5
            ]
        },
        "0": {
            "intv_type": "do",
            "inode": 0,
            "new_mui": 1.0,
            "new_vari": null,
            "noise_type": "gaussian",
            "obs_noise_gamma_shape": null,
            "true_params": {
                "Si": [
                    [
                        1e-09,
                        -5.371788523439107e-10,
                        -1.0374254142459663e-09,
                        -2.6568796854816893e-10,
                        7.748796953608592e-10,
                        1.9330674159259943e-10
                    ],
                    [
                        -5.371788523439107e-10,
                        1.0000000002885612,
                        0.8630545402311326,
                        -0.09664839953905878,
                        -4.1624898545854547e-10,
                        -0.5537512436116732
                    ],
                    [
                        -1.0374254142459663e-09,
                        0.8630545402311326,
                        1.744863139527892,
                        -0.8001589793469047,
                        -8.038798889505275e-10,
                        -1.5350970788555465
                    ],
                    [
                        -2.6568796854816893e-10,
                        -0.09664839953905878,
                        -0.8001589793469047,
                        1.5230659417555765,
                        -2.0587621212965066e-10,
                        1.4983975883323488
                    ],
                    [
                        7.748796953608592e-10,
                        -4.162489854585455e-10,
                        -8.038798889505275e-10,
                        -2.0587621212965066e-10,
                        1.0000000006004386,
                        0.7934357192783326
                    ],
                    [
                        1.9330674159259943e-10,
                        -0.5537512436116732,
                        -1.5350970788555465,
                        1.4983975883323488,
                        0.7934357192783326,
                        3.5259831103290105
                    ]
                ],
                "mui": [
                    1.0,
                    -0.5371788523439107,
                    -1.0374254142459662,
                    -0.2656879685481689,
                    0.7748796953608591,
                    0.19330674159259942
                ],
                "Ai": [
                    [
                        0.0,
                        0.0,
                        0.0,
                        0.0,
                        0.0,
                        0.0
                    ],
                    [
                        -0.5371788523439107,
                        0.0,
                        0.0,
                        0.0,
                        0.0,
                        0.0
                    ],
                    [
                        -0.5738107671137656,
                        0.8630545396738496,
                        0.0,
                        0.0,
                        0.0,
                        0.0
                    ],
                    [
                        -0.7288820971167523,
                        0.5219426098289447,
                        -0.7167461395249627,
                        0.0,
                        0.0,
                        0.0
                    ],
                    [
                        0.7748796953608591,
                        0.0,
                        0.0,
                        0.0,
                        0.0,
                        0.0
                    ],
                    [
                        -0.8247443125587177,
                        -0.0,
                        -0.5646681232987372,
                        0.6871490526941868,
                        0.793435719128543,
                        0.0
                    ]
                ]
            },
            "est_params": {
                "mui": [
                    1.0000007848199768,
                    -0.5521082315924989,
                    -1.0597118262233942,
                    -0.263657538280875,
                    0.7797338689666791,
                    0.2120086716057698
                ],
                "Si": [
                    [
                        1.0117799150347547e-06,
                        -8.362189531579882e-07,
                        7.666577934134221e-07,
                        -2.1847283060266083e-06,
                        6.109976786537502e-10,
                        -1.3918981627405222e-06
                    ],
                    [
                        -8.362189531579882e-07,
                        1.009297541236434,
                        0.8548153643841226,
                        -0.06783369039774573,
                        -0.003214296037795587,
                        -0.5369557822830162
                    ],
                    [
                        7.666577934134222e-07,
                        0.8548153643841226,
                        1.718487178877984,
                        -0.7884197335692534,
                        0.010529646448660421,
                        -1.5113011649337162
                    ],
                    [
                        -2.1847283060266083e-06,
                        -0.06783369039774574,
                        -0.7884197335692534,
                        1.5279092999562751,
                        0.0010297642731783546,
                        1.4969094371662004
                    ],
                    [
                        6.109976786539617e-10,
                        -0.00321429603779559,
                        0.010529646448660418,
                        0.0010297642731783598,
                        0.9961977890522918,
                        0.7913913637049085
                    ],
                    [
                        -1.3918981627405224e-06,
                        -0.5369557822830162,
                        -1.5113011649337158,
                        1.4969094371662004,
                        0.7913913637049085,
                        3.5258700973549697
                    ]
                ]
            },
            "est_tgt": [
                0
            ],
            "oracle_est_tgt": [
                0
            ]
        },
        "obs": {
            "intv_type": "obs",
            "noise_type": "gaussian",
            "obs_noise_gamma_shape": null,
            "true_params": {
                "Si": [
                    [
                        1.0,
                        -0.5371788523439107,
                        -1.0374254142459662,
                        -0.2656879685481689,
                        0.7748796953608591,
                        0.19330674159259942
                    ],
                    [
                        -0.5371788523439107,
                        1.288561119405521,
                        1.4203375330909038,
                        0.046073558344509685,
                        -0.41624898545854544,
                        -0.6575915371068863
                    ],
                    [
                        -1.0374254142459662,
                        1.4203375330909038,
                        2.821114628575055,
                        -0.5245275287912828,
                        -0.8038798889505274,
                        -1.7356384051282456
                    ],
                    [
                        -0.2656879685481689,
                        0.046073558344509685,
                        -0.5245275287912828,
                        1.5936560383162393,
                        -0.20587621212965063,
                        1.4470383129033044
                    ],
                    [
                        0.7748796953608591,
                        -0.41624898545854544,
                        -0.8038798889505274,
                        -0.20587621212965063,
                        1.6004385422825378,
                        0.9432251881650168
                    ],
                    [
                        0.19330674159259942,
                        -0.6575915371068863,
                        -1.7356384051282456,
                        1.4470383129033044,
                        0.9432251881650168,
                        3.563350606636791
                    ]
                ],
                "mui": [
                    0.0,
                    0.0,
                    0.0,
                    0.0,
                    0.0,
                    0.0
                ],
                "Ai": [
                    [
                        0.0,
                        0.0,
                        0.0,
                        0.0,
                        0.0,
                        0.0
                    ],
                    [
                        -0.5371788523439107,
                        0.0,
                        0.0,
                        0.0,
                        0.0,
                        0.0
                    ],
                    [
                        -0.5738107671137656,
                        0.8630545396738496,
                        0.0,
                        0.0,
                        0.0,
                        0.0
                    ],
                    [
                        -0.7288820971167523,
                        0.5219426098289447,
                        -0.7167461395249627,
                        0.0,
                        0.0,
                        0.0
                    ],
                    [
                        0.7748796953608591,
                        0.0,
                        0.0,
                        0.0,
                        0.0,
                        0.0
                    ],
                    [
                        -0.8247443125587177,
                        -0.0,
                        -0.5646681232987372,
                        0.6871490526941868,
                        0.793435719128543,
                        0.0
                    ]
                ]
            },
            "est_params": {
                "mui": [
                    -0.021121195529626862,
                    0.014519703492435605,
                    0.02874321577035838,
                    0.015274974783024597,
                    -0.0157023917619245,
                    -0.009720104030532336
                ],
                "Si": [
                    [
                        0.9850414887622929,
                        -0.5528334771886478,
                        -1.055290377321788,
                        -0.24095216012724405,
                        0.7661936156835788,
                        0.23702590837358264
                    ],
                    [
                        -0.5528334771886478,
                        1.3145021950095546,
                        1.4508588221351801,
                        0.03611330502259543,
                        -0.42616352100814775,
                        -0.6977130400640547
                    ],
                    [
                        -1.055290377321788,
                        1.4508588221351801,
                        2.842164584981628,
                        -0.5252879752099465,
                        -0.8062924010067407,
                        -1.7616849678859754
                    ],
                    [
                        -0.24095216012724405,
                        0.03611330502259543,
                        -0.5252879752099465,
                        1.5657000234562721,
                        -0.20176769065932543,
                        1.3977918146842079
                    ],
                    [
                        0.7661936156835788,
                        -0.42616352100814775,
                        -0.8062924010067407,
                        -0.20176769065932543,
                        1.581551485902884,
                        0.9485749918165206
                    ],
                    [
                        0.23702590837358264,
                        -0.6977130400640547,
                        -1.7616849678859754,
                        1.3977918146842079,
                        0.9485749918165206,
                        3.5111206034825675
                    ]
                ]
            },
            "est_tgt": [
                0,
                1,
                2,
                3,
                4,
                5
            ],
            "oracle_est_tgt": [
                0,
                1,
                2,
                3,
                4,
                5
            ]
        }
    },
    "metric_dict": {
        "param_est_rel_err": 2.0241817331389305,
        "est_num_comp": 4,
        "weight_precision_error": 0.0019245977690623417,
        "gm_score_dict": {
            "1": -8.795395205079334,
            "2": -8.67768558692324,
            "3": -5.892660653180666,
            "4": -4.3411066374347245,
            "5": -4.340975808644613,
            "6": -4.3407443200077,
            "7": -4.34111598025272
        },
        "est_dag": {
            "amat": [
                [
                    0,
                    0,
                    1,
                    1,
                    1,
                    1
                ],
                [
                    0,
                    0,
                    0,
                    1,
                    0,
                    0
                ],
                [
                    0,
                    1,
                    0,
                    1,
                    0,
                    1
                ],
                [
                    0,
                    0,
                    0,
                    0,
                    0,
                    1
                ],
                [
                    0,
                    0,
                    0,
                    0,
                    0,
                    1
                ],
                [
                    0,
                    0,
                    0,
                    0,
                    0,
                    0
                ]
            ],
            "nodes": [
                0,
                1,
                2,
                3,
                4,
                5
            ]
        },
        "oracle_est_dag": {
            "amat": [
                [
                    0,
                    1,
                    1,
                    0,
                    1,
                    1
                ],
                [
                    0,
                    0,
                    0,
                    0,
                    0,
                    0
                ],
                [
                    0,
                    1,
                    0,
                    0,
                    0,
                    1
                ],
                [
                    0,
                    1,
                    0,
                    0,
                    0,
                    0
                ],
                [
                    0,
                    0,
                    0,
                    1,
                    0,
                    1
                ],
                [
                    0,
                    0,
                    0,
                    1,
                    0,
                    0
                ]
            ],
            "nodes": [
                0,
                1,
                2,
                3,
                4,
                5
            ]
        },
        "igsp_dag": null,
        "intv_base_est_dag": null,
        "act_dag": {
            "amat": [
                [
                    0,
                    1,
                    1,
                    1,
                    1,
                    1
                ],
                [
                    0,
                    0,
                    1,
                    1,
                    0,
                    0
                ],
                [
                    0,
                    0,
                    0,
                    1,
                    0,
                    1
                ],
                [
                    0,
                    0,
                    0,
                    0,
                    0,
                    1
                ],
                [
                    0,
                    0,
                    0,
                    0,
                    0,
                    1
                ],
                [
                    0,
                    0,
                    0,
                    0,
                    0,
                    0
                ]
            ],
            "nodes": [
                0,
                1,
                2,
                3,
                4,
                5
            ]
        },
        "shd": 2,
        "oracle_shd": 6,
        "intv_base_shd": null,
        "igsp_shd": null,
        "avg_js": 0.625,
        "avg_oracle_js": 0.4375
    }
}