{
    "expt_args": {
        "save_dir": "all_expt_logs/expt_logs_sim_compsel_backward_cameraready_cutoff_var",
        "exp_name": "478",
        "num_nodes": 6,
        "num_tgt_prior": 7,
        "obs_noise_mean": 0.0,
        "obs_noise_var": 1.0,
        "obs_noise_gamma_shape": null,
        "noise_type": "gaussian",
        "max_edge_strength": 1.0,
        "graph_sparsity_method": "adj_dense_prop",
        "adj_dense_prop": 0.8,
        "num_parents": null,
        "new_noise_mean": 1.0,
        "mix_samples": 32768,
        "stage2_samples": 32768,
        "gmm_tol": 0.001,
        "intv_type": "do",
        "new_noise_var": null,
        "dtype": "simulation",
        "cutoff_drop_ratio": 0.04,
        "intv_targets": [
            0,
            1,
            2,
            3,
            4,
            5
        ]
    },
    "intv_args_dict": {
        "0": {
            "intv_type": "do",
            "inode": 0,
            "new_mui": 1.0,
            "new_vari": null,
            "noise_type": "gaussian",
            "obs_noise_gamma_shape": null,
            "true_params": {
                "Si": [
                    [
                        1e-09,
                        -5.793253927207138e-10,
                        -3.875734262821511e-10,
                        -9.669802531153419e-11,
                        -5.043537130909747e-10,
                        1.2748520487883048e-10
                    ],
                    [
                        -5.793253927207138e-10,
                        1.000000000335618,
                        0.6690081796553883,
                        1.196104781103341,
                        0.07954913587860142,
                        0.3608601012477327
                    ],
                    [
                        -3.875734262821511e-10,
                        0.6690081796553883,
                        1.447571944295603,
                        1.312592785600751,
                        0.3897536563835534,
                        0.16067117365564929
                    ],
                    [
                        -9.669802531153419e-11,
                        1.196104781103341,
                        1.312592785600751,
                        2.693209035771942,
                        0.9243810333320613,
                        0.2326628849459817
                    ],
                    [
                        -5.043537130909747e-10,
                        0.07954913587860142,
                        0.3897536563835534,
                        0.9243810333320613,
                        1.550963717148858,
                        0.5235096304326845
                    ],
                    [
                        1.2748520487883048e-10,
                        0.3608601012477327,
                        0.16067117365564929,
                        0.2326628849459817,
                        0.5235096304326845,
                        1.5528022088583526
                    ]
                ],
                "mui": [
                    1.0,
                    -0.5793253927207138,
                    -0.3875734262821511,
                    -0.09669802531153418,
                    -0.5043537130909747,
                    0.12748520487883047
                ],
                "Ai": [
                    [
                        0.0,
                        0.0,
                        0.0,
                        0.0,
                        0.0,
                        0.0
                    ],
                    [
                        -0.5793253927207138,
                        0.0,
                        0.0,
                        0.0,
                        0.0,
                        0.0
                    ],
                    [
                        0.0,
                        0.6690081794308571,
                        0.0,
                        0.0,
                        0.0,
                        0.0
                    ],
                    [
                        0.5962358467038287,
                        0.8533124134985037,
                        0.5123889035862612,
                        0.0,
                        0.0,
                        0.0
                    ],
                    [
                        -0.8498737925135177,
                        -0.7060468866453626,
                        -0.0,
                        0.65679531984138,
                        0.0,
                        0.0
                    ],
                    [
                        0.9620818845215191,
                        0.9909733692283238,
                        -0.0,
                        -0.5684032219950061,
                        0.6254818876082087,
                        0.0
                    ]
                ]
            },
            "est_params": {
                "mui": [
                    0.9999995974249799,
                    -0.5786530547724191,
                    -0.3736359049695435,
                    -0.06970366584633263,
                    -0.47248207142068577,
                    0.11704497000115248
                ],
                "Si": [
                    [
                        1.0118609437638618e-06,
                        1.6898283448155896e-06,
                        2.872334402656738e-06,
                        6.976989276768028e-07,
                        -2.3273601261590977e-06,
                        2.072904795211725e-06
                    ],
                    [
                        1.6898283448155896e-06,
                        1.003104957572185,
                        0.6678672188129993,
                        1.2023082025254554,
                        0.06157922137744206,
                        0.3403495384133993
                    ],
                    [
                        2.872334402656738e-06,
                        0.6678672188129993,
                        1.4365518044904322,
                        1.2994502006633233,
                        0.3826709083635282,
                        0.13589120452607845
                    ],
                    [
                        6.97698927676804e-07,
                        1.2023082025254552,
                        1.2994502006633233,
                        2.7165240243183693,
                        0.8929089514594565,
                        0.15436236637165535
                    ],
                    [
                        -2.3273601261590977e-06,
                        0.06157922137744206,
                        0.38267090836352813,
                        0.8929089514594565,
                        1.517523225060467,
                        0.48136384037216307
                    ],
                    [
                        2.072904795211725e-06,
                        0.3403495384133993,
                        0.13589120452607845,
                        0.15436236637165535,
                        0.4813638403721631,
                        1.5426799620591685
                    ]
                ]
            },
            "est_tgt": [
                0
            ],
            "oracle_est_tgt": [
                0
            ]
        },
        "1": {
            "intv_type": "do",
            "inode": 1,
            "new_mui": 1.0,
            "new_vari": null,
            "noise_type": "gaussian",
            "obs_noise_gamma_shape": null,
            "true_params": {
                "Si": [
                    [
                        1.0,
                        0.0,
                        0.0,
                        0.5962358467038287,
                        -0.4582688788767805,
                        0.3365406247941961
                    ],
                    [
                        0.0,
                        1e-09,
                        6.690081794308571e-10,
                        1.1961047810473213e-09,
                        7.954913558641651e-11,
                        3.6086010132158813e-10
                    ],
                    [
                        0.0,
                        6.690081794308571e-10,
                        1.000000000447572,
                        0.5123889043864651,
                        0.33653463386733146,
                        -0.08074718546791279
                    ],
                    [
                        0.5962358467038287,
                        1.1961047810473213e-09,
                        0.5123889043864651,
                        1.6180395748436291,
                        0.5559955989602345,
                        0.0016939772843664325
                    ],
                    [
                        -0.4582688788767805,
                        7.954913558641651e-11,
                        0.33653463386733146,
                        0.5559955989602345,
                        1.7546460172752487,
                        0.3405774265770018
                    ],
                    [
                        0.3365406247941961,
                        3.6086010132158813e-10,
                        -0.08074718546791279,
                        0.0016939772843664325,
                        0.3405774265770018,
                        1.5358417883833613
                    ]
                ],
                "mui": [
                    0.0,
                    1.0,
                    0.6690081794308571,
                    1.1961047810473213,
                    0.0795491355864165,
                    0.36086010132158813
                ],
                "Ai": [
                    [
                        0.0,
                        0.0,
                        0.0,
                        0.0,
                        0.0,
                        0.0
                    ],
                    [
                        0.0,
                        0.0,
                        0.0,
                        0.0,
                        0.0,
                        0.0
                    ],
                    [
                        0.0,
                        0.6690081794308571,
                        0.0,
                        0.0,
                        0.0,
                        0.0
                    ],
                    [
                        0.5962358467038287,
                        0.8533124134985037,
                        0.5123889035862612,
                        0.0,
                        0.0,
                        0.0
                    ],
                    [
                        -0.8498737925135177,
                        -0.7060468866453626,
                        -0.0,
                        0.65679531984138,
                        0.0,
                        0.0
                    ],
                    [
                        0.9620818845215191,
                        0.9909733692283238,
                        -0.0,
                        -0.5684032219950061,
                        0.6254818876082087,
                        0.0
                    ]
                ]
            },
            "est_params": {
                "mui": [
                    0.010526122307256714,
                    0.9999993282044649,
                    0.6892371388469231,
                    1.1884294662011818,
                    0.06544534803233616,
                    0.37098804221293896
                ],
                "Si": [
                    [
                        1.042077832330042,
                        9.444717406944017e-07,
                        -0.011695493341705146,
                        0.6290682091815675,
                        -0.45072819016003207,
                        0.3394081001028041
                    ],
                    [
                        9.444717406944018e-07,
                        1.0107307550820989e-06,
                        4.841041554228172e-07,
                        2.2488492504977747e-06,
                        2.246273794850151e-06,
                        2.074689519675029e-06
                    ],
                    [
                        -0.011695493341705146,
                        4.84104155422817e-07,
                        1.0089055555398145,
                        0.4948270224368944,
                        0.35189123441501113,
                        -0.07514073297671893
                    ],
                    [
                        0.6290682091815675,
                        2.2488492504977747e-06,
                        0.4948270224368944,
                        1.6255701932259279,
                        0.5579861792710291,
                        0.010045017092555642
                    ],
                    [
                        -0.45072819016003207,
                        2.246273794850151e-06,
                        0.35189123441501113,
                        0.5579861792710291,
                        1.723558771274144,
                        0.31707273862736934
                    ],
                    [
                        0.3394081001028041,
                        2.074689519675029e-06,
                        -0.07514073297671893,
                        0.010045017092555654,
                        0.31707273862736934,
                        1.4563601151902752
                    ]
                ]
            },
            "est_tgt": [
                1
            ],
            "oracle_est_tgt": [
                1
            ]
        },
        "2": {
            "intv_type": "do",
            "inode": 2,
            "new_mui": 1.0,
            "new_vari": null,
            "noise_type": "gaussian",
            "obs_noise_gamma_shape": null,
            "true_params": {
                "Si": [
                    [
                        1.0,
                        -0.5793253927207138,
                        0.0,
                        0.10189029764034785,
                        -0.37392183200102996,
                        0.09618974145082387
                    ],
                    [
                        -0.5793253927207138,
                        1.3356179106510093,
                        0.0,
                        0.7942847768035788,
                        0.07102712507385245,
                        0.3591554692854506
                    ],
                    [
                        0.0,
                        0.0,
                        1e-09,
                        5.123889035862613e-10,
                        3.3653463381411246e-10,
                        -8.074718570933116e-11
                    ],
                    [
                        0.10189029764034785,
                        0.7942847768035788,
                        5.123889035862613e-10,
                        1.7385237080464226,
                        0.4944580474302648,
                        0.20623394664555328
                    ],
                    [
                        -0.37392183200102996,
                        0.07102712507385245,
                        3.3653463381411246e-10,
                        0.4944580474302648,
                        1.5923956163506583,
                        0.42560563727907197
                    ],
                    [
                        0.09618974145082387,
                        0.3591554692854506,
                        -8.074718570933116e-11,
                        0.20623394664555328,
                        0.42560563727907197,
                        1.597440490825159
                    ]
                ],
                "mui": [
                    0.0,
                    0.0,
                    1.0,
                    0.5123889035862612,
                    0.3365346338141124,
                    -0.08074718570933115
                ],
                "Ai": [
                    [
                        0.0,
                        0.0,
                        0.0,
                        0.0,
                        0.0,
                        0.0
                    ],
                    [
                        -0.5793253927207138,
                        0.0,
                        0.0,
                        0.0,
                        0.0,
                        0.0
                    ],
                    [
                        0.0,
                        0.0,
                        0.0,
                        0.0,
                        0.0,
                        0.0
                    ],
                    [
                        0.5962358467038287,
                        0.8533124134985037,
                        0.5123889035862612,
                        0.0,
                        0.0,
                        0.0
                    ],
                    [
                        -0.8498737925135177,
                        -0.7060468866453626,
                        -0.0,
                        0.65679531984138,
                        0.0,
                        0.0
                    ],
                    [
                        0.9620818845215191,
                        0.9909733692283238,
                        -0.0,
                        -0.5684032219950061,
                        0.6254818876082087,
                        0.0
                    ]
                ]
            },
            "est_params": {
                "mui": [
                    -0.010695253635204276,
                    0.015454149984550773,
                    1.0000006625346995,
                    0.5183044279719646,
                    0.35256706297857027,
                    -0.08238176256296632
                ],
                "Si": [
                    [
                        1.0187947362050032,
                        -0.5739631042980146,
                        8.197584556674099e-07,
                        0.12960989122375108,
                        -0.3650978806323953,
                        0.10984433549903995
                    ],
                    [
                        -0.5739631042980146,
                        1.363235387834538,
                        -4.522523601955829e-07,
                        0.8122489655343637,
                        0.009305752001156293,
                        0.33265669918262064
                    ],
                    [
                        8.197584556674103e-07,
                        -4.5225236019558253e-07,
                        1.0096346162490972e-06,
                        4.824456033319418e-07,
                        5.548191901832384e-07,
                        2.2200657933638875e-07
                    ],
                    [
                        0.12960989122375108,
                        0.8122489655343637,
                        4.824456033319422e-07,
                        1.7600397839691637,
                        0.4397166400305332,
                        0.1860813812486042
                    ],
                    [
                        -0.3650978806323953,
                        0.009305752001156273,
                        5.548191901832383e-07,
                        0.4397166400305332,
                        1.6059640206056136,
                        0.3877586607093759
                    ],
                    [
                        0.10984433549903995,
                        0.3326566991826206,
                        2.2200657933638894e-07,
                        0.1860813812486042,
                        0.3877586607093759,
                        1.5375208816646015
                    ]
                ]
            },
            "est_tgt": [
                2
            ],
            "oracle_est_tgt": [
                2
            ]
        },
        "3": {
            "intv_type": "do",
            "inode": 3,
            "new_mui": 1.0,
            "new_vari": null,
            "noise_type": "gaussian",
            "obs_noise_gamma_shape": null,
            "true_params": {
                "Si": [
                    [
                        1.0,
                        -0.5793253927207138,
                        -0.3875734262821511,
                        0.0,
                        -0.44084290262845566,
                        0.11224659734282333
                    ],
                    [
                        -0.5793253927207138,
                        1.3356179106510093,
                        0.8935393068198769,
                        0.0,
                        -0.45065539895199314,
                        0.4843265257422885
                    ],
                    [
                        -0.3875734262821511,
                        0.8935393068198769,
                        1.5977851049054759,
                        0.0,
                        -0.30149214800355956,
                        0.32401840723692055
                    ],
                    [
                        0.0,
                        0.0,
                        0.0,
                        1e-09,
                        6.5679531984138e-10,
                        -1.5758964556838267e-10
                    ],
                    [
                        -0.44084290262845566,
                        -0.45065539895199314,
                        -0.30149214800355956,
                        6.5679531984138e-10,
                        1.6928446713708716,
                        0.18812921050411363
                    ],
                    [
                        0.11224659734282333,
                        0.4843265257422885,
                        0.32401840723692055,
                        -1.5758964556838267e-10,
                        0.18812921050411363,
                        1.7056165207141252
                    ]
                ],
                "mui": [
                    0.0,
                    0.0,
                    0.0,
                    1.0,
                    0.65679531984138,
                    -0.15758964556838267
                ],
                "Ai": [
                    [
                        0.0,
                        0.0,
                        0.0,
                        0.0,
                        0.0,
                        0.0
                    ],
                    [
                        -0.5793253927207138,
                        0.0,
                        0.0,
                        0.0,
                        0.0,
                        0.0
                    ],
                    [
                        0.0,
                        0.6690081794308571,
                        0.0,
                        0.0,
                        0.0,
                        0.0
                    ],
                    [
                        0.0,
                        0.0,
                        0.0,
                        0.0,
                        0.0,
                        0.0
                    ],
                    [
                        -0.8498737925135177,
                        -0.7060468866453626,
                        -0.0,
                        0.65679531984138,
                        0.0,
                        0.0
                    ],
                    [
                        0.9620818845215191,
                        0.9909733692283238,
                        -0.0,
                        -0.5684032219950061,
                        0.6254818876082087,
                        0.0
                    ]
                ]
            },
            "est_params": {
                "mui": [
                    -0.010572205920614666,
                    0.0010188438083427957,
                    -0.008601117073620164,
                    0.999998839426687,
                    0.6628108440406308,
                    -0.1568067257823262
                ],
                "Si": [
                    [
                        1.0018984856156725,
                        -0.5945725118165579,
                        -0.3999856183598769,
                        1.088930357613789e-06,
                        -0.43553446068032414,
                        0.10458446241943671
                    ],
                    [
                        -0.5945725118165579,
                        1.3398022707166992,
                        0.8809152519596465,
                        -1.4983403557609222e-06,
                        -0.44191558405911013,
                        0.47636580474353596
                    ],
                    [
                        -0.3999856183598769,
                        0.8809152519596465,
                        1.6034682471299557,
                        3.5345912721048386e-08,
                        -0.30155285022768236,
                        0.2983416588524455
                    ],
                    [
                        1.088930357613789e-06,
                        -1.4983403557609226e-06,
                        3.534591272104843e-08,
                        1.0131434330033553e-06,
                        -1.0462440506406502e-07,
                        1.2035728930859434e-07
                    ],
                    [
                        -0.43553446068032414,
                        -0.44191558405911013,
                        -0.3015528502276824,
                        -1.0462440506406502e-07,
                        1.6548085337167802,
                        0.18888462028471958
                    ],
                    [
                        0.10458446241943674,
                        0.47636580474353596,
                        0.2983416588524455,
                        1.2035728930859434e-07,
                        0.1888846202847195,
                        1.718283020091739
                    ]
                ]
            },
            "est_tgt": [
                3
            ],
            "oracle_est_tgt": [
                3
            ]
        },
        "4": {
            "intv_type": "do",
            "inode": 4,
            "new_mui": 1.0,
            "new_vari": null,
            "noise_type": "gaussian",
            "obs_noise_gamma_shape": null,
            "true_params": {
                "Si": [
                    [
                        1.0,
                        -0.5793253927207138,
                        -0.3875734262821511,
                        -0.09669802531153418,
                        0.0,
                        0.44294931736518217
                    ],
                    [
                        -0.5793253927207138,
                        1.3356179106510093,
                        0.8935393068198769,
                        1.2521244025362435,
                        0.0,
                        0.05449177059943877
                    ],
                    [
                        -0.3875734262821511,
                        0.8935393068198769,
                        1.5977851049054759,
                        1.350070370547983,
                        0.0,
                        -0.25478806347022503
                    ],
                    [
                        -0.09669802531153418,
                        1.2521244025362435,
                        1.350070370547983,
                        2.7025595438617414,
                        0.0,
                        -0.38835303291125534
                    ],
                    [
                        0.0,
                        0.0,
                        0.0,
                        0.0,
                        1e-09,
                        6.254818876082087e-10
                    ],
                    [
                        0.44294931736518217,
                        0.05449177059943877,
                        -0.25478806347022503,
                        -0.38835303291125534,
                        6.254818876082087e-10,
                        1.7008945230738755
                    ]
                ],
                "mui": [
                    0.0,
                    0.0,
                    0.0,
                    0.0,
                    1.0,
                    0.6254818876082087
                ],
                "Ai": [
                    [
                        0.0,
                        0.0,
                        0.0,
                        0.0,
                        0.0,
                        0.0
                    ],
                    [
                        -0.5793253927207138,
                        0.0,
                        0.0,
                        0.0,
                        0.0,
                        0.0
                    ],
                    [
                        0.0,
                        0.6690081794308571,
                        0.0,
                        0.0,
                        0.0,
                        0.0
                    ],
                    [
                        0.5962358467038287,
                        0.8533124134985037,
                        0.5123889035862612,
                        0.0,
                        0.0,
                        0.0
                    ],
                    [
                        0.0,
                        0.0,
                        0.0,
                        0.0,
                        0.0,
                        0.0
                    ],
                    [
                        0.9620818845215191,
                        0.9909733692283238,
                        -0.0,
                        -0.5684032219950061,
                        0.6254818876082087,
                        0.0
                    ]
                ]
            },
            "est_params": {
                "mui": [
                    0.007179237965759759,
                    -0.004256377006323864,
                    -0.02156772265871278,
                    -0.04122132318333322,
                    1.0000011517395082,
                    0.6142982809817211
                ],
                "Si": [
                    [
                        0.9552032027449034,
                        -0.5675993944973798,
                        -0.3803278193624877,
                        -0.11555850353678623,
                        -8.799599357456558e-07,
                        0.4144646958677237
                    ],
                    [
                        -0.5675993944973798,
                        1.342187809644537,
                        0.9094400324713554,
                        1.287490561962115,
                        -8.891407813234348e-07,
                        0.03833327459700166
                    ],
                    [
                        -0.3803278193624877,
                        0.9094400324713554,
                        1.6127447034129976,
                        1.39093299029053,
                        -1.4784800122850568e-07,
                        -0.2632908270101599
                    ],
                    [
                        -0.11555850353678623,
                        1.287490561962115,
                        1.39093299029053,
                        2.7291983938355906,
                        -6.01541721166492e-07,
                        -0.40595978964759033
                    ],
                    [
                        -8.799599357456563e-07,
                        -8.891407813234347e-07,
                        -1.4784800122850526e-07,
                        -6.01541721166492e-07,
                        1.0109301220964268e-06,
                        -1.3954678464947715e-06
                    ],
                    [
                        0.4144646958677237,
                        0.038333274597001664,
                        -0.2632908270101599,
                        -0.40595978964759033,
                        -1.3954678464947713e-06,
                        1.6632191168557648
                    ]
                ]
            },
            "est_tgt": [
                4
            ],
            "oracle_est_tgt": [
                4
            ]
        },
        "5": {
            "intv_type": "do",
            "inode": 5,
            "new_mui": 1.0,
            "new_vari": null,
            "noise_type": "gaussian",
            "obs_noise_gamma_shape": null,
            "true_params": {
                "Si": [
                    [
                        1.0,
                        -0.5793253927207138,
                        -0.3875734262821511,
                        -0.09669802531153418,
                        -0.5043537130909747,
                        0.0
                    ],
                    [
                        -0.5793253927207138,
                        1.3356179106510093,
                        0.8935393068198769,
                        1.2521244025362435,
                        0.37173404849299563,
                        0.0
                    ],
                    [
                        -0.3875734262821511,
                        0.8935393068198769,
                        1.5977851049054759,
                        1.350070370547983,
                        0.5852277528288734,
                        0.0
                    ],
                    [
                        -0.09669802531153418,
                        1.2521244025362435,
                        1.350070370547983,
                        2.7025595438617414,
                        0.9731510413977287,
                        0.0
                    ],
                    [
                        -0.5043537130909747,
                        0.37173404849299563,
                        0.5852277528288734,
                        0.9731510413977287,
                        1.8053363848031387,
                        0.0
                    ],
                    [
                        0.0,
                        0.0,
                        0.0,
                        0.0,
                        0.0,
                        1e-09
                    ]
                ],
                "mui": [
                    0.0,
                    0.0,
                    0.0,
                    0.0,
                    0.0,
                    1.0
                ],
                "Ai": [
                    [
                        0.0,
                        0.0,
                        0.0,
                        0.0,
                        0.0,
                        0.0
                    ],
                    [
                        -0.5793253927207138,
                        0.0,
                        0.0,
                        0.0,
                        0.0,
                        0.0
                    ],
                    [
                        0.0,
                        0.6690081794308571,
                        0.0,
                        0.0,
                        0.0,
                        0.0
                    ],
                    [
                        0.5962358467038287,
                        0.8533124134985037,
                        0.5123889035862612,
                        0.0,
                        0.0,
                        0.0
                    ],
                    [
                        -0.8498737925135177,
                        -0.7060468866453626,
                        -0.0,
                        0.65679531984138,
                        0.0,
                        0.0
                    ],
                    [
                        0.0,
                        0.0,
                        0.0,
                        0.0,
                        0.0,
                        0.0
                    ]
                ]
            },
            "est_params": {
                "mui": [
                    0.007959162004446277,
                    0.03119085621373832,
                    -0.003375846397208676,
                    0.00466671056978437,
                    -0.031254319219870645,
                    0.99999766506008
                ],
                "Si": [
                    [
                        0.9859302267065693,
                        -0.5601209674553242,
                        -0.3899933564088221,
                        -0.11156854151110483,
                        -0.4837807534818772,
                        1.7568946845236866e-06
                    ],
                    [
                        -0.5601209674553242,
                        1.303640968544203,
                        0.8737441054382079,
                        1.2488445411160554,
                        0.35116449195836913,
                        -3.1717660369770575e-06
                    ],
                    [
                        -0.3899933564088221,
                        0.8737441054382079,
                        1.5950384676079659,
                        1.3605668994783633,
                        0.5714116249509652,
                        -7.846816182265352e-07
                    ],
                    [
                        -0.11156854151110483,
                        1.2488445411160554,
                        1.360566899478363,
                        2.7149765430931314,
                        0.9853060614439757,
                        -1.0928825737568946e-06
                    ],
                    [
                        -0.48378075348187716,
                        0.3511644919583691,
                        0.5714116249509651,
                        0.9853060614439757,
                        1.794878998908494,
                        1.4517128672225605e-07
                    ],
                    [
                        1.7568946845236869e-06,
                        -3.1717660369770575e-06,
                        -7.846816182265354e-07,
                        -1.0928825737568944e-06,
                        1.4517128672225605e-07,
                        1.010844314561327e-06
                    ]
                ]
            },
            "est_tgt": [
                5
            ],
            "oracle_est_tgt": [
                5
            ]
        },
        "obs": {
            "intv_type": "obs",
            "noise_type": "gaussian",
            "obs_noise_gamma_shape": null,
            "true_params": {
                "Si": [
                    [
                        1.0,
                        -0.5793253927207138,
                        -0.3875734262821511,
                        -0.09669802531153418,
                        -0.5043537130909747,
                        0.12748520487883047
                    ],
                    [
                        -0.5793253927207138,
                        1.3356179106510093,
                        0.8935393068198769,
                        1.2521244025362435,
                        0.37173404849299563,
                        0.287004684939079
                    ],
                    [
                        -0.3875734262821511,
                        0.8935393068198769,
                        1.5977851049054759,
                        1.350070370547983,
                        0.5852277528288734,
                        0.11126129604988882
                    ],
                    [
                        -0.09669802531153418,
                        1.2521244025362435,
                        1.350070370547983,
                        2.7025595438617414,
                        0.9731510413977287,
                        0.22033531739009
                    ],
                    [
                        -0.5043537130909747,
                        0.37173404849299563,
                        0.5852277528288734,
                        0.9731510413977287,
                        1.8053363848031387,
                        0.4592119940521804
                    ],
                    [
                        0.12748520487883047,
                        0.287004684939079,
