{
    "expt_args": {
        "save_dir": "all_expt_logs/expt_logs_sim_compsel_backward_cameraready_cutoff_var",
        "exp_name": "169",
        "num_nodes": 6,
        "num_tgt_prior": 7,
        "obs_noise_mean": 0.0,
        "obs_noise_var": 1.0,
        "obs_noise_gamma_shape": null,
        "noise_type": "gaussian",
        "max_edge_strength": 1.0,
        "graph_sparsity_method": "adj_dense_prop",
        "adj_dense_prop": 0.8,
        "num_parents": null,
        "new_noise_mean": 1.0,
        "mix_samples": 2048,
        "stage2_samples": 2048,
        "gmm_tol": 0.001,
        "intv_type": "do",
        "new_noise_var": null,
        "dtype": "simulation",
        "cutoff_drop_ratio": 0.04,
        "intv_targets": [
            3,
            2,
            4
        ]
    },
    "intv_args_dict": {
        "3": {
            "intv_type": "do",
            "inode": 3,
            "new_mui": 1.0,
            "new_vari": null,
            "noise_type": "gaussian",
            "obs_noise_gamma_shape": null,
            "true_params": {
                "Si": [
                    [
                        1.0,
                        0.6681833140388027,
                        -0.388153907772051,
                        0.0,
                        -0.9021512423261471,
                        -0.16752431671017876
                    ],
                    [
                        0.6681833140388027,
                        1.4464689411598772,
                        -0.8402672742431018,
                        0.0,
                        -1.0576094314213453,
                        -0.7350933855169275
                    ],
                    [
                        -0.388153907772051,
                        -0.8402672742431018,
                        1.4881190823204085,
                        0.0,
                        1.3972977603147299,
                        1.4997484399680712
                    ],
                    [
                        0.0,
                        0.0,
                        0.0,
                        1e-09,
                        -9.747637436101898e-10,
                        -5.61461200821861e-10
                    ],
                    [
                        -0.9021512423261471,
                        -1.0576094314213453,
                        1.3972977603147299,
                        -9.747637436101898e-10,
                        2.6336940850818458,
                        1.8504067137850295
                    ],
                    [
                        -0.16752431671017876,
                        -0.7350933855169275,
                        1.4997484399680712,
                        -5.61461200821861e-10,
                        1.8504067137850295,
                        2.89890187359394
                    ]
                ],
                "mui": [
                    0.0,
                    0.0,
                    0.0,
                    1.0,
                    -0.9747637436101897,
                    -0.561461200821861
                ],
                "Ai": [
                    [
                        0.0,
                        0.0,
                        0.0,
                        0.0,
                        0.0,
                        0.0
                    ],
                    [
                        0.6681833140388027,
                        0.0,
                        0.0,
                        0.0,
                        0.0,
                        0.0
                    ],
                    [
                        -0.0,
                        -0.580909309790861,
                        0.0,
                        0.0,
                        0.0,
                        0.0
                    ],
                    [
                        0.0,
                        0.0,
                        0.0,
                        0.0,
                        0.0,
                        0.0
                    ],
                    [
                        -0.5982567774077614,
                        -0.0,
                        0.7829225954794512,
                        -0.9747637436101897,
                        0.0,
                        0.0
                    ],
                    [
                        0.5934526506150664,
                        -0.0,
                        0.6217646148258276,
                        0.0,
                        0.5759972141992087,
                        0.0
                    ]
                ]
            },
            "est_params": {
                "mui": [
                    -0.025196548975890565,
                    0.015823123169164503,
                    0.0007698140838606608,
                    0.9999926264202736,
                    -1.0329024210696793,
                    -0.5987156436924074
                ],
                "Si": [
                    [
                        0.9332136760301744,
                        0.653586041020729,
                        -0.41995821933629235,
                        3.4525488104044263e-06,
                        -0.9551104772492378,
                        -0.35627987416699225
                    ],
                    [
                        0.6535860410207291,
                        1.5003829882557533,
                        -0.9190873069946419,
                        1.2411114311472816e-06,
                        -1.1706645472386223,
                        -0.934134866503673
                    ],
                    [
                        -0.4199582193362923,
                        -0.9190873069946419,
                        1.497154344008231,
                        -1.5039555735120406e-05,
                        1.4547043960534844,
                        1.5279445355142482
                    ],
                    [
                        3.4525488104044254e-06,
                        1.2411114311472814e-06,
                        -1.5039555735120409e-05,
                        1.0403457893446257e-06,
                        -1.1718368419452503e-05,
                        -2.691051666485452e-05
                    ],
                    [
                        -0.9551104772492378,
                        -1.1706645472386223,
                        1.4547043960534847,
                        -1.1718368419452505e-05,
                        2.5989466746641194,
                        1.9349857742924765
                    ],
                    [
                        -0.35627987416699225,
                        -0.934134866503673,
                        1.5279445355142485,
                        -2.6910516664854524e-05,
                        1.9349857742924768,
                        2.8739342371918575
                    ]
                ]
            },
            "est_tgt": [
                3,
                4
            ],
            "oracle_est_tgt": [
                2,
                3,
                4
            ]
        },
        "2": {
            "intv_type": "do",
            "inode": 2,
            "new_mui": 1.0,
            "new_vari": null,
            "noise_type": "gaussian",
            "obs_noise_gamma_shape": null,
            "true_params": {
                "Si": [
                    [
                        1.0,
                        0.6681833140388027,
                        0.0,
                        0.9285050662374836,
                        -1.503329851734438,
                        -0.27246115600647935
                    ],
                    [
                        0.6681833140388027,
                        1.4464689411598772,
                        0.0,
                        0.6204115922603798,
                        -1.0044999224253788,
                        -0.18205399816725262
                    ],
                    [
                        0.0,
                        0.0,
                        1e-09,
                        5.75922139847377e-10,
                        2.2153457441383076e-10,
                        7.493679125370015e-10
                    ],
                    [
                        0.9285050662374836,
                        0.6204115922603798,
                        5.75922139847377e-10,
                        1.8621216583603601,
                        -2.3706131270440736,
                        -0.814442764095221
                    ],
                    [
                        -1.503329851734438,
                        -1.0044999224253788,
                        2.2153457441383076e-10,
                        -2.3706131270440736,
                        4.2101649990219165,
                        1.5328882256328236
                    ],
                    [
                        -0.27246115600647935,
                        -0.18205399816725262,
                        7.493679125370015e-10,
                        -0.814442764095221,
                        1.5328882256328236,
                        1.7212465528875147
                    ]
                ],
                "mui": [
                    0.0,
                    0.0,
                    1.0,
                    0.5759221398473771,
                    0.22153457441383073,
                    0.7493679125370014
                ],
                "Ai": [
                    [
                        0.0,
                        0.0,
                        0.0,
                        0.0,
                        0.0,
                        0.0
                    ],
                    [
                        0.6681833140388027,
                        0.0,
                        0.0,
                        0.0,
                        0.0,
                        0.0
                    ],
                    [
                        0.0,
                        0.0,
                        0.0,
                        0.0,
                        0.0,
                        0.0
                    ],
                    [
                        0.9285050662374836,
                        -0.0,
                        0.5759221398473771,
                        0.0,
                        0.0,
                        0.0
                    ],
                    [
                        -0.5982567774077614,
                        -0.0,
                        0.7829225954794512,
                        -0.9747637436101897,
                        0.0,
                        0.0
                    ],
                    [
                        0.5934526506150664,
                        -0.0,
                        0.6217646148258276,
                        0.0,
                        0.5759972141992087,
                        0.0
                    ]
                ]
            },
            "est_params": {
                "mui": [
                    -0.026719731612677506,
                    -0.05090058035423431,
                    1.0000036948028632,
                    0.603373766226679,
                    0.2425263568084322,
                    0.7540597049561163
                ],
                "Si": [
                    [
                        0.8684615272764215,
                        0.5176742522430098,
                        1.3892149956468833e-06,
                        0.7659821056447043,
                        -1.2743687461370983,
                        -0.16092198807135355
                    ],
                    [
                        0.5176742522430098,
                        1.3098263023146166,
                        -7.201850840816587e-07,
                        0.4859963877718425,
                        -0.7749351724614701,
                        -0.03364919747364893
                    ],
                    [
                        1.3892149956468833e-06,
                        -7.201850840816593e-07,
                        1.0074331453576482e-06,
                        1.029806860015917e-06,
                        -2.3761572016872227e-06,
                        1.4255549741304978e-06
                    ],
                    [
                        0.7659821056447043,
                        0.48599638777184256,
                        1.0298068600159157e-06,
                        1.6396808939870218,
                        -2.0405824254060443,
                        -0.6239364981084635
                    ],
                    [
                        -1.2743687461370983,
                        -0.7749351724614701,
                        -2.3761572016872235e-06,
                        -2.0405824254060443,
                        3.7089142273986897,
                        1.2550165929522703
                    ],
                    [
                        -0.16092198807135358,
                        -0.03364919747364897,
                        1.4255549741304984e-06,
                        -0.6239364981084635,
                        1.2550165929522705,
                        1.5397135449202783
                    ]
                ]
            },
            "est_tgt": [
                2
            ],
            "oracle_est_tgt": [
                1,
                2
            ]
        },
        "4": {
            "intv_type": "do",
            "inode": 4,
            "new_mui": 1.0,
            "new_vari": null,
            "noise_type": "gaussian",
            "obs_noise_gamma_shape": null,
            "true_params": {
                "Si": [
                    [
                        1.0,
                        0.6681833140388027,
                        -0.388153907772051,
                        0.7049586370832825,
                        0.0,
                        0.35211228565603725
                    ],
                    [
                        0.6681833140388027,
                        1.4464689411598772,
                        -0.8402672742431018,
                        0.1364830656345698,
                        0.0,
                        -0.12591329930742348
                    ],
                    [
                        -0.388153907772051,
                        -0.8402672742431018,
                        1.4881190823204085,
                        0.4966378563914583,
                        0.0,
                        0.694908822619993
                    ],
                    [
                        0.7049586370832825,
                        0.1364830656345698,
                        0.4966378563914583,
                        1.9405824030018826,
                        0.0,
                        0.7271514172382184
                    ],
                    [
                        0.0,
                        0.0,
                        0.0,
                        0.0,
                        1e-09,
                        5.759972141992087e-10
                    ],
                    [
                        0.35211228565603725,
                        -0.12591329930742348,
                        0.694908822619993,
                        0.7271514172382184,
                        5.759972141992087e-10,
                        1.641031686003867
                    ]
                ],
                "mui": [
                    0.0,
                    0.0,
                    0.0,
                    0.0,
                    1.0,
                    0.5759972141992087
                ],
                "Ai": [
                    [
                        0.0,
                        0.0,
                        0.0,
                        0.0,
                        0.0,
                        0.0
                    ],
                    [
                        0.6681833140388027,
                        0.0,
                        0.0,
                        0.0,
                        0.0,
                        0.0
                    ],
                    [
                        -0.0,
                        -0.580909309790861,
                        0.0,
                        0.0,
                        0.0,
                        0.0
                    ],
                    [
                        0.9285050662374836,
                        -0.0,
                        0.5759221398473771,
                        0.0,
                        0.0,
                        0.0
                    ],
                    [
                        0.0,
                        0.0,
                        0.0,
                        0.0,
                        0.0,
                        0.0
                    ],
                    [
                        0.5934526506150664,
                        -0.0,
                        0.6217646148258276,
                        0.0,
                        0.5759972141992087,
                        0.0
                    ]
                ]
            },
            "est_params": {
                "mui": [
                    -0.00965134262288825,
                    0.022103869231463562,
                    -0.010837455617240149,
                    -0.13347992070017692,
                    1.0000012746943994,
                    0.4852792246635709
                ],
                "Si": [
                    [
                        0.9113086306774728,
                        0.584332109514622,
                        -0.3444484912129882,
                        0.6272915899138584,
                        -1.0974036601216456e-06,
                        0.3081519685850163
                    ],
                    [
                        0.5843321095146221,
                        1.336003628349793,
                        -0.7580992585182474,
                        0.08561165421876168,
                        -5.604882651387782e-07,
                        -0.1434919389026643
                    ],
                    [
                        -0.3444484912129882,
                        -0.7580992585182474,
                        1.347867690190784,
                        0.4995458558973378,
                        -6.569781780196323e-07,
                        0.6147573559968688
                    ],
                    [
                        0.6272915899138584,
                        0.0856116542187617,
                        0.4995458558973378,
                        1.8390984619238002,
                        -3.839400807800814e-07,
                        0.6810785183283947
                    ],
                    [
                        -1.0974036601216462e-06,
                        -5.60488265138778e-07,
                        -6.569781780196318e-07,
                        -3.839400807800827e-07,
                        1.0014141457728746e-06,
                        8.554746476735289e-07
                    ],
                    [
                        0.30815196858501626,
                        -0.14349193890266432,
                        0.6147573559968688,
                        0.6810785183283947,
                        8.554746476735285e-07,
                        1.6032114772416783
                    ]
                ]
            },
            "est_tgt": [
                3,
                4
            ],
            "oracle_est_tgt": [
                3,
                4
            ]
        },
        "obs": {
            "intv_type": "obs",
            "noise_type": "gaussian",
            "obs_noise_gamma_shape": null,
            "true_params": {
                "Si": [
                    [
                        1.0,
                        0.6681833140388027,
                        -0.388153907772051,
                        0.7049586370832825,
                        -1.5893193624997846,
                        -0.563331239616701
                    ],
                    [
                        0.6681833140388027,
                        1.4464689411598772,
                        -0.8402672742431018,
                        0.1364830656345698,
                        -1.1906481754186937,
                        -0.8117233314399619
                    ],
                    [
                        -0.388153907772051,
                        -0.8402672742431018,
                        1.4881190823204085,
                        0.4966378563914583,
                        0.9131931842000521,
                        1.220905552744928
                    ],
                    [
                        0.7049586370832825,
                        0.1364830656345698,
                        0.4966378563914583,
                        1.9405824030018826,
                        -1.9245266508220336,
                        -0.3813705722874061
                    ],
                    [
                        -1.5893193624997846,
                        -1.1906481754186937,
                        0.9131931842000521,
                        -1.9245266508220336,
                        4.541739460861794,
                        2.240634697161381
                    ],
                    [
                        -0.563331239616701,
                        -0.8117233314399619,
                        1.220905552744928,
                        -0.3813705722874061,
                        2.240634697161381,
                        2.7154047970194055
                    ]
                ],
                "mui": [
                    0.0,
                    0.0,
                    0.0,
                    0.0,
                    0.0,
                    0.0
                ],
                "Ai": [
                    [
                        0.0,
                        0.0,
                        0.0,
                        0.0,
                        0.0,
                        0.0
                    ],
                    [
                        0.6681833140388027,
                        0.0,
                        0.0,
                        0.0,
                        0.0,
                        0.0
                    ],
                    [
                        -0.0,
                        -0.580909309790861,
                        0.0,
                        0.0,
                        0.0,
                        0.0
                    ],
                    [
                        0.9285050662374836,
                        -0.0,
                        0.5759221398473771,
                        0.0,
                        0.0,
                        0.0
                    ],
                    [
                        -0.5982567774077614,
                        -0.0,
                        0.7829225954794512,
                        -0.9747637436101897,
                        0.0,
                        0.0
                    ],
                    [
                        0.5934526506150664,
                        -0.0,
                        0.6217646148258276,
                        0.0,
                        0.5759972141992087,
                        0.0
                    ]
                ]
            },
            "est_params": {
                "mui": [
                    -0.006985458622526031,
                    -0.09849671909047512,
                    0.084215841135926,
                    0.05833632226897016,
                    -0.044304097607400936,
                    0.06001611235959984
                ],
                "Si": [
                    [
                        0.8898261906745131,
                        0.5933290920813501,
                        -0.31613671287735384,
                        0.622290825357517,
                        -1.493505427382365,
                        -0.4764669017809276
                    ],
                    [
                        0.5933290920813501,
                        1.4356578129826452,
                        -0.7677861204645846,
                        0.06849504994739518,
                        -1.1193234183240979,
                        -0.6347278902185496
                    ],
                    [
                        -0.31613671287735384,
                        -0.7677861204645846,
                        1.515425624769559,
                        0.5085820330698656,
                        0.8884576990067157,
                        1.0971219225443225
                    ],
                    [
                        0.622290825357517,
                        0.06849504994739518,
                        0.5085820330698656,
                        1.787885242960604,
                        -1.7746804381729575,
                        -0.28709477404939915
                    ],
                    [
                        -1.493505427382365,
                        -1.1193234183240979,
                        0.8884576990067157,
                        -1.7746804381729575,
                        4.495043126582548,
                        2.108665969531414
                    ],
                    [
                        -0.4764669017809276,
                        -0.6347278902185496,
                        1.0971219225443225,
                        -0.28709477404939915,
                        2.108665969531414,
                        2.4935387527923902
                    ]
                ]
            },
            "est_tgt": [
                0,
                1,
                2,
                3,
                4,
                5
            ],
            "oracle_est_tgt": [
                0,
                1,
                2,
                3,
                4,
                5
            ]
        }
    },
    "metric_dict": {
        "param_est_rel_err": 12.658427457033637,
        "est_num_comp": 4,
        "weight_precision_error": 0.0019986078537350682,
        "gm_score_dict": {
            "1": -8.708628489805815,
            "2": -8.560383662288178,
            "3": -5.7445865669396445,
            "4": -4.252162336259818,
            "5": -4.247116568921008,
            "6": -4.23369534817854,
            "7": -4.228878864245181
        },
        "est_dag": {
            "amat": [
                [
                    0,
                    0,
                    0,
                    0,
                    1,
                    1
                ],
                [
                    1,
                    0,
                    1,
                    0,
                    0,
                    0
                ],
                [
                    0,
                    0,
                    0,
                    1,
                    1,
                    1
                ],
                [
                    0,
                    0,
                    0,
                    0,
                    0,
                    0
                ],
                [
                    0,
                    0,
                    0,
                    1,
                    0,
                    1
                ],
                [
                    0,
                    0,
                    0,
                    0,
                    0,
                    0
                ]
            ],
            "nodes": [
                0,
                1,
                2,
                3,
                4,
                5
            ]
        },
        "oracle_est_dag": {
            "amat": [
                [
                    0,
                    1,
                    0,
                    0,
                    1,
                    1
                ],
                [
                    0,
                    0,
                    0,
                    0,
                    0,
                    0
                ],
                [
                    0,
                    1,
                    0,
                    1,
                    0,
                    1
                ],
                [
                    0,
                    0,
                    0,
                    0,
                    0,
                    0
                ],
                [
                    0,
                    0,
                    1,
                    1,
                    0,
                    1
                ],
                [
                    0,
                    0,
                    0,
                    0,
                    0,
                    0
                ]
            ],
            "nodes": [
                0,
                1,
                2,
                3,
                4,
                5
            ]
        },
        "igsp_dag": null,
        "intv_base_est_dag": null,
        "act_dag": {
            "amat": [
                [
                    0,
                    1,
                    0,
                    1,
                    1,
                    1
                ],
                [
                    0,
                    0,
                    1,
                    0,
                    0,
                    0
                ],
                [
                    0,
                    0,
                    0,
                    1,
                    1,
                    1
                ],
                [
                    0,
                    0,
                    0,
                    0,
                    1,
                    0
                ],
                [
                    0,
                    0,
                    0,
                    0,
                    0,
                    1
                ],
                [
                    0,
                    0,
                    0,
                    0,
                    0,
                    0
                ]
            ],
            "nodes": [
                0,
                1,
                2,
                3,
                4,
                5
            ]
        },
        "shd": 3,
        "oracle_shd": 4,
        "intv_base_shd": null,
        "igsp_shd": null,
        "avg_js": 0.5,
        "avg_oracle_js": 0.3333333333333333
    }
}