{
    "expt_args": {
        "save_dir": "all_expt_logs/expt_logs_sim_compsel_backward_cameraready_cutoff_var",
        "exp_name": "535",
        "num_nodes": 6,
        "num_tgt_prior": 7,
        "obs_noise_mean": 0.0,
        "obs_noise_var": 1.0,
        "obs_noise_gamma_shape": null,
        "noise_type": "gaussian",
        "max_edge_strength": 1.0,
        "graph_sparsity_method": "adj_dense_prop",
        "adj_dense_prop": 0.8,
        "num_parents": null,
        "new_noise_mean": 1.0,
        "mix_samples": 4096,
        "stage2_samples": 4096,
        "gmm_tol": 0.001,
        "intv_type": "do",
        "new_noise_var": null,
        "dtype": "simulation",
        "cutoff_drop_ratio": 0.04,
        "intv_targets": [
            0,
            1,
            2,
            3,
            4,
            5
        ]
    },
    "intv_args_dict": {
        "0": {
            "intv_type": "do",
            "inode": 0,
            "new_mui": 1.0,
            "new_vari": null,
            "noise_type": "gaussian",
            "obs_noise_gamma_shape": null,
            "true_params": {
                "Si": [
                    [
                        1e-09,
                        -7.898097165426952e-10,
                        -9.466441212346714e-10,
                        5.888360205347454e-11,
                        -1.3460432733873626e-09,
                        -2.800153106235297e-09
                    ],
                    [
                        -7.898097165426952e-10,
                        1.0000000006237995,
                        7.476687250591645e-10,
                        -0.9699528410407509,
                        0.004901809785204706,
                        1.0195098652435104
                    ],
                    [
                        -9.466441212346714e-10,
                        7.476687250591646e-10,
                        1.0000000008961352,
                        0.7470543158043775,
                        0.5024344383101438,
                        0.6503767334183288
                    ],
                    [
                        5.888360205347454e-11,
                        -0.9699528410407509,
                        0.7470543158043775,
                        2.4988986646015037,
                        1.0431453831928685,
                        -0.5592795848276244
                    ],
                    [
                        -1.3460432733873626e-09,
                        0.004901809785204706,
                        0.5024344383101438,
                        1.0431453831928685,
                        1.7047933996503883,
                        0.9605536695150723
                    ],
                    [
                        -2.800153106235297e-09,
                        1.0195098652435104,
                        0.6503767334183288,
                        -0.5592795848276244,
                        0.9605536695150723,
                        2.909950869987647
                    ]
                ],
                "mui": [
                    1.0,
                    -0.7898097165426952,
                    -0.9466441212346712,
                    0.05888360205347454,
                    -1.3460432733873626,
                    -2.8001531062352965
                ],
                "Ai": [
                    [
                        0.0,
                        0.0,
                        0.0,
                        0.0,
                        0.0,
                        0.0
                    ],
                    [
                        -0.7898097165426952,
                        0.0,
                        0.0,
                        0.0,
                        0.0,
                        0.0
                    ],
                    [
                        -0.9466441212346712,
                        0.0,
                        0.0,
                        0.0,
                        0.0,
                        0.0
                    ],
                    [
                        -0.0,
                        -0.9699528409942441,
                        0.7470543158601194,
                        0.0,
                        0.0,
                        0.0
                    ],
                    [
                        -0.8665451711041197,
                        0.6572475609251762,
                        0.0,
                        0.6725540919436935,
                        0.0,
                        0.0
                    ],
                    [
                        -0.8015948016229842,
                        0.5267904425476411,
                        0.6924133577777511,
                        -0.5046139478306939,
                        0.6666290681345496,
                        0.0
                    ]
                ]
            },
            "est_params": {
                "mui": [
                    1.0000031184898968,
                    -0.7774270971004913,
                    -1.0166710358326605,
                    -0.009524699284616306,
                    -1.3471318697691395,
                    -2.811752243326178
                ],
                "Si": [
                    [
                        1.0195204922599906e-06,
                        -6.687434483651493e-06,
                        6.495516181395987e-06,
                        1.7193090516963563e-05,
                        5.6388961825570405e-06,
                        -4.872164572796862e-06
                    ],
                    [
                        -6.6874344836514915e-06,
                        0.9850516439979777,
                        0.017428626672946652,
                        -0.9449117707439801,
                        0.02651367557838551,
                        1.0263479282810808
                    ],
                    [
                        6.495516181395985e-06,
                        0.017428626672946673,
                        1.0808963268132485,
                        0.7970985074487983,
                        0.5572149724521398,
                        0.7604466243019705
                    ],
                    [
                        1.719309051696356e-05,
                        -0.9449117707439801,
                        0.7970985074487983,
                        2.387901950445352,
                        0.9387846214658817,
                        -0.5111844202516449
                    ],
                    [
                        5.6388961825570405e-06,
                        0.02651367557838552,
                        0.5572149724521398,
                        0.9387846214658817,
                        1.6085506944248524,
                        0.9757450181887013
                    ],
                    [
                        -4.872164572796862e-06,
                        1.0263479282810808,
                        0.7604466243019705,
                        -0.5111844202516449,
                        0.9757450181887013,
                        3.0457998544469773
                    ]
                ]
            },
            "est_tgt": [
                0,
                4
            ],
            "oracle_est_tgt": [
                0
            ]
        },
        "1": {
            "intv_type": "do",
            "inode": 1,
            "new_mui": 1.0,
            "new_vari": null,
            "noise_type": "gaussian",
            "obs_noise_gamma_shape": null,
            "true_params": {
                "Si": [
                    [
                        1.0,
                        0.0,
                        -0.9466441212346712,
                        -0.7071945763519712,
                        -1.3421717772300248,
                        -1.9949343103015718
                    ],
                    [
                        0.0,
                        1e-09,
                        0.0,
                        -9.699528409942442e-10,
                        4.90180872208665e-12,
                        1.0195098630319225e-09
                    ],
                    [
                        -0.9466441212346712,
                        0.0,
                        1.896135092268163,
                        1.4165159041327569,
                        1.7729934596378136,
                        2.5388695678639066
                    ],
                    [
                        -0.7071945763519712,
                        -9.699528409942442e-10,
                        1.4165159041327569,
                        2.058214320607684,
                        1.9970765079531319,
                        1.8404036268415798
                    ],
                    [
                        -1.3421717772300248,
                        4.90180872208665e-12,
                        1.7729934596378136,
                        1.9970765079531319,
                        3.5061944497026354,
                        3.633100752126693
                    ],
                    [
                        -1.9949343103015718,
                        1.0195098630319225e-09,
                        2.5388695678639066,
                        1.8404036268415798,
                        3.633100752126693,
                        5.850313404785228
                    ]
                ],
                "mui": [
                    0.0,
                    1.0,
                    0.0,
                    -0.9699528409942441,
                    0.00490180872208665,
                    1.0195098630319224
                ],
                "Ai": [
                    [
                        0.0,
                        0.0,
                        0.0,
                        0.0,
                        0.0,
                        0.0
                    ],
                    [
                        0.0,
                        0.0,
                        0.0,
                        0.0,
                        0.0,
                        0.0
                    ],
                    [
                        -0.9466441212346712,
                        0.0,
                        0.0,
                        0.0,
                        0.0,
                        0.0
                    ],
                    [
                        -0.0,
                        -0.9699528409942441,
                        0.7470543158601194,
                        0.0,
                        0.0,
                        0.0
                    ],
                    [
                        -0.8665451711041197,
                        0.6572475609251762,
                        0.0,
                        0.6725540919436935,
                        0.0,
                        0.0
                    ],
                    [
                        -0.8015948016229842,
                        0.5267904425476411,
                        0.6924133577777511,
                        -0.5046139478306939,
                        0.6666290681345496,
                        0.0
                    ]
                ]
            },
            "est_params": {
                "mui": [
                    0.0037974367115327185,
                    0.9999955668946247,
                    0.0523720797046184,
                    -0.8498950347762472,
                    0.062576460531627,
                    1.011158252987158
                ],
                "Si": [
                    [
                        1.095774827336636,
                        7.984737287722919e-06,
                        -1.0360183955858393,
                        -0.7679328460039709,
                        -1.5290555514459523,
                        -2.2656640903937
                    ],
                    [
                        7.98473728772292e-06,
                        1.011545154693218e-06,
                        -2.0966070787189014e-06,
                        -6.16884745523062e-06,
                        -1.2703654761515994e-05,
                        -9.651725241990243e-06
                    ],
                    [
                        -1.0360183955858393,
                        -2.096607078718901e-06,
                        2.006357863747444,
                        1.4183995913138412,
                        1.8634842733897163,
                        2.7116235624334757
                    ],
                    [
                        -0.7679328460039709,
                        -6.168847455230619e-06,
                        1.4183995913138412,
                        1.9759029318711046,
                        2.033114860588917,
                        1.8791593545029466
                    ],
                    [
                        -1.5290555514459523,
                        -1.2703654761515992e-05,
                        1.8634842733897163,
                        2.0331148605889173,
                        3.7364797612612195,
                        4.013155391424557
                    ],
                    [
                        -2.2656640903937,
                        -9.651725241990241e-06,
                        2.7116235624334757,
                        1.8791593545029466,
                        4.013155391424558,
                        6.469246356990576
                    ]
                ]
            },
            "est_tgt": [
                1,
                5
            ],
            "oracle_est_tgt": [
                1,
                2,
                5
            ]
        },
        "2": {
            "intv_type": "do",
            "inode": 2,
            "new_mui": 1.0,
            "new_vari": null,
            "noise_type": "gaussian",
            "obs_noise_gamma_shape": null,
            "true_params": {
                "Si": [
                    [
                        1.0,
                        -0.7898097165426952,
                        0.0,
                        0.7660781784054458,
                        -0.8704166672614575,
                        -2.184477797466342
                    ],
                    [
                        -0.7898097165426952,
                        1.6237993883452524,
                        0.0,
                        -1.5750088299301934,
                        0.6923653499658958,
                        2.744831653042625
                    ],
                    [
                        0.0,
                        0.0,
                        1e-09,
                        7.470543158601195e-10,
                        5.024344370359199e-10,
                        6.503767307675804e-10
                    ],
                    [
                        0.7660781784054458,
                        -1.5750088299301934,
                        7.470543158601195e-10,
                        2.5276842897399017,
                        0.0009923541136446223,
                        -2.718627099681946
                    ],
                    [
                        -0.8704166672614575,
                        0.6923653499658958,
                        5.024344370359199e-10,
                        0.0009923541136446223,
                        2.209978209217937,
                        2.5351878836655484
                    ],
                    [
                        -2.184477797466342,
                        2.744831653042625,
                        6.503767307675804e-10,
                        -2.718627099681946,
                        2.5351878836655484,
                        7.2589042182692545
                    ]
                ],
                "mui": [
                    0.0,
                    0.0,
                    1.0,
                    0.7470543158601194,
                    0.5024344370359198,
                    0.6503767307675803
                ],
                "Ai": [
                    [
                        0.0,
                        0.0,
                        0.0,
                        0.0,
                        0.0,
                        0.0
                    ],
                    [
                        -0.7898097165426952,
                        0.0,
                        0.0,
                        0.0,
                        0.0,
                        0.0
                    ],
                    [
                        0.0,
                        0.0,
                        0.0,
                        0.0,
                        0.0,
                        0.0
                    ],
                    [
                        -0.0,
                        -0.9699528409942441,
                        0.7470543158601194,
                        0.0,
                        0.0,
                        0.0
                    ],
                    [
                        -0.8665451711041197,
                        0.6572475609251762,
                        0.0,
                        0.6725540919436935,
                        0.0,
                        0.0
                    ],
                    [
                        -0.8015948016229842,
                        0.5267904425476411,
                        0.6924133577777511,
                        -0.5046139478306939,
                        0.6666290681345496,
                        0.0
                    ]
                ]
            },
            "est_params": {
                "mui": [
                    -0.007779029691775885,
                    0.056169399096732964,
                    1.0000023021923297,
                    0.6275477017765593,
                    0.4937757247493757,
                    0.7368009822512936
                ],
                "Si": [
                    [
                        0.9751647376776567,
                        -0.7791262574736029,
                        -1.0729084952070129e-06,
                        0.7704269179364521,
                        -0.8232340588579011,
                        -2.12395034682968
                    ],
                    [
                        -0.779126257473603,
                        1.5838201070949707,
                        2.3706434965341966e-06,
                        -1.4869294138092615,
                        0.7031400273897878,
                        2.7367571591086204
                    ],
                    [
                        -1.0729084952070129e-06,
                        2.3706434965341966e-06,
                        1.015764690844338e-06,
                        -4.122257693691975e-06,
                        5.79855238637139e-06,
                        1.033202269493618e-05
                    ],
                    [
                        0.7704269179364522,
                        -1.4869294138092615,
                        -4.122257693691975e-06,
                        2.4083053686161,
                        0.07577893158535978,
                        -2.619192520928706
                    ],
                    [
                        -0.8232340588579011,
                        0.7031400273897878,
                        5.798552386371389e-06,
                        0.07577893158535978,
                        2.2457069510039465,
                        2.504457640149493
                    ],
                    [
                        -2.12395034682968,
                        2.7367571591086204,
                        1.033202269493618e-05,
                        -2.619192520928706,
                        2.504457640149493,
                        7.1470386496577465
                    ]
                ]
            },
            "est_tgt": [
                1,
                2,
                5
            ],
            "oracle_est_tgt": [
                2,
                5
            ]
        },
        "3": {
            "intv_type": "do",
            "inode": 3,
            "new_mui": 1.0,
            "new_vari": null,
            "noise_type": "gaussian",
            "obs_noise_gamma_shape": null,
            "true_params": {
                "Si": [
                    [
                        1.0,
                        -0.7898097165426952,
                        -0.9466441212346712,
                        0.0,
                        -1.385645680896811,
                        -2.796839735354509
                    ],
                    [
                        -0.7898097165426952,
                        1.6237993883452524,
                        0.7476687250591645,
                        0.0,
                        1.7516439833828963,
                        3.1739019702165883
                    ],
                    [
                        -0.9466441212346712,
                        0.7476687250591645,
                        1.896135092268163,
                        0.0,
                        1.3117133379351793,
                        3.340025251286631
                    ],
                    [
                        0.0,
                        0.0,
                        0.0,
                        1e-09,
                        6.725540919436935e-10,
                        -5.626984024819132e-11
                    ],
                    [
                        -1.385645680896811,
                        1.7516439833828963,
                        1.3117133379351793,
                        6.725540919436935e-10,
                        3.351988309782409,
                        5.176256363660744
                    ],
                    [
                        -2.796839735354509,
                        3.1739019702165883,
                        3.340025251286631,
                        -5.626984024819132e-11,
                        5.176256363660744,
                        10.677234471792943
                    ]
                ],
                "mui": [
                    0.0,
                    0.0,
                    0.0,
                    1.0,
                    0.6725540919436935,
                    -0.056269840248191316
                ],
                "Ai": [
                    [
                        0.0,
                        0.0,
                        0.0,
                        0.0,
                        0.0,
                        0.0
                    ],
                    [
                        -0.7898097165426952,
                        0.0,
                        0.0,
                        0.0,
                        0.0,
                        0.0
                    ],
                    [
                        -0.9466441212346712,
                        0.0,
                        0.0,
                        0.0,
                        0.0,
                        0.0
                    ],
                    [
                        0.0,
                        0.0,
                        0.0,
                        0.0,
                        0.0,
                        0.0
                    ],
                    [
                        -0.8665451711041197,
                        0.6572475609251762,
                        0.0,
                        0.6725540919436935,
                        0.0,
                        0.0
                    ],
                    [
                        -0.8015948016229842,
                        0.5267904425476411,
                        0.6924133577777511,
                        -0.5046139478306939,
                        0.6666290681345496,
                        0.0
                    ]
                ]
            },
            "oracle_est_tgt": [
                3
            ]
        },
        "4": {
            "intv_type": "do",
            "inode": 4,
            "new_mui": 1.0,
            "new_vari": null,
            "noise_type": "gaussian",
            "obs_noise_gamma_shape": null,
            "true_params": {
                "Si": [
                    [
                        1.0,
                        -0.7898097165426952,
                        -0.9466441212346712,
                        0.05888360205347454,
                        0.0,
                        -1.9028415332283002
                    ],
                    [
                        -0.7898097165426952,
                        1.6237993883452524,
                        0.7476687250591645,
                        -1.0164596820411116,
                        0.0,
                        2.519124906836055
                    ],
                    [
                        -0.9466441212346712,
                        0.7476687250591645,
                        1.896135092268163,
                        0.6913125001390759,
                        0.0,
                        2.1167530812793567
                    ],
                    [
                        0.05888360205347454,
                        -1.0164596820411116,
                        0.6913125001390759,
                        2.5023659431888285,
                        0.0,
                        -1.3667167830557363
                    ],
                    [
                        0.0,
                        0.0,
                        0.0,
                        0.0,
                        1e-09,
                        6.666290681345496e-10
                    ],
                    [
                        -1.9028415332283002,
                        2.519124906836055,
                        2.1167530812793567,
                        -1.3667167830557363,
                        6.666290681345496e-10,
                        6.007691266356722
                    ]
                ],
                "mui": [
                    0.0,
                    0.0,
                    0.0,
                    0.0,
                    1.0,
                    0.6666290681345496
                ],
                "Ai": [
                    [
                        0.0,
                        0.0,
                        0.0,
                        0.0,
                        0.0,
                        0.0
                    ],
                    [
                        -0.7898097165426952,
                        0.0,
                        0.0,
                        0.0,
                        0.0,
                        0.0
                    ],
                    [
                        -0.9466441212346712,
                        0.0,
                        0.0,
                        0.0,
                        0.0,
                        0.0
                    ],
                    [
                        -0.0,
                        -0.9699528409942441,
                        0.7470543158601194,
                        0.0,
                        0.0,
                        0.0
                    ],
                    [
                        0.0,
                        0.0,
                        0.0,
                        0.0,
                        0.0,
                        0.0
                    ],
                    [
                        -0.8015948016229842,
                        0.5267904425476411,
                        0.6924133577777511,
                        -0.5046139478306939,
                        0.6666290681345496,
                        0.0
                    ]
                ]
            },
            "est_params": {
                "mui": [
                    -0.033336094054788386,
                    0.08681941333936437,
                    0.05746154319214023,
                    -0.04110366050762874,
                    1.0000123185418932,
                    0.8633898228409298
                ],
                "Si": [
                    [
                        1.0289095056529831,
                        -0.8466810812164813,
                        -0.9691643886577637,
                        0.06677376549790416,
                        -6.958842936237077e-06,
                        -2.025977705795087
                    ],
                    [
                        -0.8466810812164813,
                        1.7158864627177168,
                        0.8465687547188213,
                        -1.0702596170479932,
                        -2.2967316017233885e-07,
                        2.6817053854356923
                    ],
                    [
                        -0.9691643886577637,
                        0.8465687547188213,
                        2.009062190940933,
                        0.7501564970287178,
                        7.76258439679753e-06,
                        2.24911639223848
                    ],
                    [
                        0.06677376549790418,
                        -1.0702596170479932,
                        0.7501564970287178,
                        2.6539158034211487,
                        4.343409012196787e-06,
                        -1.4742985388539356
                    ],
                    [
                        -6.958842936237077e-06,
                        -2.296731601723381e-07,
                        7.76258439679753e-06,
                        4.343409012196787e-06,
                        1.0333175052659586e-06,
                        1.2821702561386651e-05
                    ],
                    [
                        -2.025977705795087,
                        2.6817053854356923,
                        2.24911639223848,
                        -1.4742985388539356,
                        1.2821702561386651e-05,
                        6.513396598761529
                    ]
                ]
            },
            "est_tgt": [
                1,
                2,
                4,
                5
            ],
            "oracle_est_tgt": [
                1,
                2,
                4,
                5
            ]
        },
        "5": {
            "intv_type": "do",
            "inode": 5,
            "new_mui": 1.0,
            "new_vari": null,
            "noise_type": "gaussian",
            "obs_noise_gamma_shape": null,
            "true_params": {
                "Si": [
                    [
                        1.0,
                        -0.7898097165426952,
                        -0.9466441212346712,
                        0.05888360205347454,
                        -1.3460432733873626,
                        0.0
                    ],
                    [
                        -0.7898097165426952,
                        1.6237993883452524,
                        0.7476687250591645,
                        -1.0164596820411116,
                        1.0680198649303612,
                        0.0
                    ],
                    [
                        -0.9466441212346712,
                        0.7476687250591645,
                        1.896135092268163,
                        0.6913125001390759,
                        1.77665838871554,
                        0.0
                    ],
                    [
                        0.05888360205347454,
                        -1.0164596820411116,
                        0.6913125001390759,
                        2.5023659431888285,
                        0.9638855068152308,
                        0.0
                    ],
                    [
                        -1.3460432733873626,
                        1.0680198649303612,
                        1.77665838871554,
                        0.9638855068152308,
                        3.5166258916699222,
                        0.0
                    ],
                    [
                        0.0,
                        0.0,
                        0.0,
                        0.0,
                        0.0,
                        1e-09
                    ]
                ],
                "mui": [
                    0.0,
                    0.0,
                    0.0,
                    0.0,
                    0.0,
                    1.0
                ],
                "Ai": [
                    [
                        0.0,
                        0.0,
                        0.0,
                        0.0,
                        0.0,
                        0.0
                    ],
                    [
                        -0.7898097165426952,
                        0.0,
                        0.0,
                        0.0,
                        0.0,
                        0.0
                    ],
                    [
                        -0.9466441212346712,
                        0.0,
                        0.0,
                        0.0,
                        0.0,
                        0.0
                    ],
                    [
                        -0.0,
                        -0.9699528409942441,
                        0.7470543158601194,
                        0.0,
                        0.0,
                        0.0
                    ],
                    [
                        -0.8665451711041197,
                        0.6572475609251762,
                        0.0,
                        0.6725540919436935,
                        0.0,
                        0.0
                    ],
                    [
                        0.0,
                        0.0,
                        0.0,
                        0.0,
                        0.0,
                        0.0
                    ]
                ]
            },
            "est_params": {
                "mui": [
                    -0.05380923395347438,
                    -0.05174484607901171,
                    0.07381150585752187,
                    0.11818034456491569,
                    0.14038350460801008,
                    1.0000006166020488
                ],
                "Si": [
                    [
                        1.1074070399047606,
                        -0.8762758777712892,
                        -1.0175681624649788,
                        0.04693839741421699,
                        -1.471757718569109,
                        1.427727732285533e-06
                    ],
                    [
                        -0.8762758777712892,
                        1.7073539856393072,
                        0.8210730157107519,
                        -1.0892602668290976,
                        1.1410828678904317,
                        2.660316106038888e-07
                    ],
                    [
                        -1.0175681624649788,
                        0.8210730157107518,
                        1.8640986143129876,
                        0.66188327041642,
                        1.7475931962084295,
                        -2.292502899185567e-06
                    ],
                    [
                        0.04693839741421699,
                        -1.0892602668290976,
                        0.66188327041642,
                        2.651840916653696,
                        0.8905337203539216,
                        -9.517024212395613e-06
                    ],
                    [
                        -1.471757718569109,
                        1.1410828678904317,
                        1.7475931962084295,
                        0.8905337203539216,
                        3.5963317916355213,
                        -8.270080229162485e-06
                    ],
                    [
                        1.427727732285533e-06,
                        2.660316106038888e-07,
                        -2.2925028991855677e-06,
                        -9.517024212395613e-06,
                        -8.270080229162485e-06,
                        1.0218551888557601e-06
                    ]
                ]
            },
            "est_tgt": [
                1,
                2,
                4,
                5
            ],
            "oracle_est_tgt": [
                1,
                2,
                4,
                5
            ]
        },
        "obs": {
            "intv_type": "obs",
            "noise_type": "gaussian",
            "obs_noise_gamma_shape": null,
            "true_params": {
                "Si": [
                    [
                        1.0,
                        -0.7898097165426952,
                        -0.9466441212346712,
                        0.05888360205347454,
                        -1.3460432733873626,
                        -2.8001531062352965
                    ],
                    [
                        -0.7898097165426952,
                        1.6237993883452524,
                        0.7476687250591645,
                        -1.0164596820411116,
                        1.0680198649303612,
                        3.231097994143769
                    ],
                    [
                        -0.9466441212346712,
                        0.7476687250591645,
                        1.896135092268163,
                        0.6913125001390759,
                        1.77665838871554,
                        3.3011252073422277
                    ],
                    [
                        0.05888360205347454,
                        -1.0164596820411116,
                        0.6913125001390759,
                        2.5023659431888285,
                        0.9638855068152308,
                        -0.724162685859101
                    ],
                    [
                        -1.3460432733873626,
                        1.0680198649303612,
                        1.77665838871554,
                        0.9638855068152308,
                        3.5166258916699222,
                        4.729680918848695
                    ],
                    [
                        -2.8001531062352965,
                        3.231097994143769,
                        3.3011252073422277,
                        -0.724162685859101,
                        4.729680918848695,
                        10.75080828050597
                    ]
                ],
                "mui": [
                    0.0,
                    0.0,
                    0.0,
                    0.0,
                    0.0,
                    0.0
                ],
                "Ai": [
                    [
                        0.0,
                        0.0,
                        0.0,
                        0.0,
                        0.0,
                        0.0
                    ],
                    [
                        -0.7898097165426952,
                        0.0,
                        0.0,
                        0.0,
                        0.0,
                        0.0
                    ],
                    [
                        -0.9466441212346712,
                        0.0,
                        0.0,
                        0.0,
                        0.0,
                        0.0
                    ],
                    [
                        -0.0,
                        -0.9699528409942441,
                        0.7470543158601194,
                        0.0,
                        0.0,
                        0.0
                    ],
                    [
                        -0.8665451711041197,
                        0.6572475609251762,
                        0.0,
                        0.6725540919436935,
                        0.0,
                        0.0
                    ],
                    [
                        -0.8015948016229842,
                        0.5267904425476411,
                        0.6924133577777511,
                        -0.5046139478306939,
                        0.6666290681345496,
                        0.0
                    ]
                ]
            },
            "est_params": {
                "mui": [
                    -0.05241590145910844,
                    0.00967253651070653,
