{
    "expt_args": {
        "save_dir": "all_expt_logs/expt_logs_sim_compsel_backward_cameraready_cutoff_var",
        "exp_name": "457",
        "num_nodes": 6,
        "num_tgt_prior": 7,
        "obs_noise_mean": 0.0,
        "obs_noise_var": 1.0,
        "obs_noise_gamma_shape": null,
        "noise_type": "gaussian",
        "max_edge_strength": 1.0,
        "graph_sparsity_method": "adj_dense_prop",
        "adj_dense_prop": 0.8,
        "num_parents": null,
        "new_noise_mean": 1.0,
        "mix_samples": 524288,
        "stage2_samples": 524288,
        "gmm_tol": 0.001,
        "intv_type": "do",
        "new_noise_var": null,
        "dtype": "simulation",
        "cutoff_drop_ratio": 0.04,
        "intv_targets": [
            5,
            3,
            4
        ]
    },
    "intv_args_dict": {
        "5": {
            "intv_type": "do",
            "inode": 5,
            "new_mui": 1.0,
            "new_vari": null,
            "noise_type": "gaussian",
            "obs_noise_gamma_shape": null,
            "true_params": {
                "Si": [
                    [
                        1.0,
                        0.5622679101871431,
                        -0.532228816839779,
                        0.5396070519949849,
                        -1.2439677134450753,
                        0.0
                    ],
                    [
                        0.5622679101871431,
                        1.3161452028262173,
                        -1.2458303086448592,
                        0.32579218635072565,
                        -1.0851131106826184,
                        0.0
                    ],
                    [
                        -0.532228816839779,
                        -1.2458303086448592,
                        2.179271978961946,
                        -0.9677788592274912,
                        2.389683240218197,
                        0.0
                    ],
                    [
                        0.5396070519949849,
                        0.32579218635072565,
                        -0.9677788592274912,
                        1.726474928751876,
                        -2.1576626219875696,
                        0.0
                    ],
                    [
                        -1.2439677134450753,
                        -1.0851131106826184,
                        2.389683240218197,
                        -2.1576626219875696,
                        4.888335383594127,
                        0.0
                    ],
                    [
                        0.0,
                        0.0,
                        0.0,
                        0.0,
                        0.0,
                        1e-09
                    ]
                ],
                "mui": [
                    0.0,
                    0.0,
                    0.0,
                    0.0,
                    0.0,
                    1.0
                ],
                "Ai": [
                    [
                        0.0,
                        0.0,
                        0.0,
                        0.0,
                        0.0,
                        0.0
                    ],
                    [
                        0.5622679101871431,
                        0.0,
                        0.0,
                        0.0,
                        0.0,
                        0.0
                    ],
                    [
                        -0.0,
                        -0.946575124058981,
                        0.0,
                        0.0,
                        0.0,
                        0.0
                    ],
                    [
                        0.5270187411196738,
                        -0.6017756830405484,
                        -0.6593920800151063,
                        0.0,
                        0.0,
                        0.0
                    ],
                    [
                        -0.7218028282063516,
                        0.5554549527065216,
                        0.9805399749021854,
                        -0.579324804666798,
                        0.0,
                        0.0
                    ],
                    [
                        0.0,
                        0.0,
                        0.0,
                        0.0,
                        0.0,
                        0.0
                    ]
                ]
            },
            "est_params": {
                "mui": [
                    -0.00031549812623214344,
                    -0.002040530258961928,
                    0.0051497275041763844,
                    -0.00718255459087286,
                    0.008603045678013196,
                    0.9999994999307057
                ],
                "Si": [
                    [
                        0.9983926679179763,
                        0.561840182383027,
                        -0.5359802370025968,
                        0.5419909537198155,
                        -1.2478604519592682,
                        3.6197113316699057e-07
                    ],
                    [
                        0.561840182383027,
                        1.320640968302398,
                        -1.2513303754438285,
                        0.3348004405212581,
                        -1.0900701643891566,
                        5.6802696446067334e-08
                    ],
                    [
                        -0.5359802370025968,
                        -1.2513303754438285,
                        2.1835763991085546,
                        -0.9784795445793004,
                        2.3962943565560284,
                        -1.0510926303614315e-07
                    ],
                    [
                        0.5419909537198155,
                        0.33480044052125807,
                        -0.9784795445793004,
                        1.7324934998556054,
                        -2.168500043693458,
                        -1.5150406857453796e-07
                    ],
                    [
                        -1.2478604519592682,
                        -1.090070164389157,
                        2.3962943565560284,
                        -2.168500043693458,
                        4.898224862646393,
                        -6.814364509521365e-07
                    ],
                    [
                        3.6197113316699057e-07,
                        5.680269644606721e-08,
                        -1.0510926303614318e-07,
                        -1.5150406857453772e-07,
                        -6.814364509521362e-07,
                        1.0108135345310832e-06
                    ]
                ]
            },
            "est_tgt": [
                5
            ],
            "oracle_est_tgt": [
                5
            ]
        },
        "3": {
            "intv_type": "do",
            "inode": 3,
            "new_mui": 1.0,
            "new_vari": null,
            "noise_type": "gaussian",
            "obs_noise_gamma_shape": null,
            "true_params": {
                "Si": [
                    [
                        1.0,
                        0.5622679101871431,
                        -0.532228816839779,
                        0.0,
                        -0.9313599634512539,
                        -0.7425378680005512
                    ],
                    [
                        0.5622679101871431,
                        1.3161452028262173,
                        -1.2458303086448592,
                        0.0,
                        -0.8963736159630151,
                        -0.4175052152754866
                    ],
                    [
                        -0.532228816839779,
                        -1.2458303086448592,
                        2.179271978961946,
                        0.0,
                        1.829024941635574,
                        0.3952000509446653
                    ],
                    [
                        0.0,
                        0.0,
                        0.0,
                        1e-09,
                        -5.79324804666798e-10,
                        0.0
                    ],
                    [
                        -0.9313599634512539,
                        -0.8963736159630151,
                        1.829024941635574,
                        -5.79324804666798e-10,
                        2.967795161937603,
                        0.6915700416021654
                    ],
                    [
                        -0.7425378680005512,
                        -0.4175052152754866,
                        0.3952000509446653,
                        0.0,
                        0.6915700416021654,
                        1.551362485414804
                    ]
                ],
                "mui": [
                    0.0,
                    0.0,
                    0.0,
                    1.0,
                    -0.579324804666798,
                    0.0
                ],
                "Ai": [
                    [
                        0.0,
                        0.0,
                        0.0,
                        0.0,
                        0.0,
                        0.0
                    ],
                    [
                        0.5622679101871431,
                        0.0,
                        0.0,
                        0.0,
                        0.0,
                        0.0
                    ],
                    [
                        -0.0,
                        -0.946575124058981,
                        0.0,
                        0.0,
                        0.0,
                        0.0
                    ],
                    [
                        0.0,
                        0.0,
                        0.0,
                        0.0,
                        0.0,
                        0.0
                    ],
                    [
                        -0.7218028282063516,
                        0.5554549527065216,
                        0.9805399749021854,
                        -0.579324804666798,
                        0.0,
                        0.0
                    ],
                    [
                        -0.7425378680005512,
                        -0.0,
                        -0.0,
                        0.0,
                        0.0,
                        0.0
                    ]
                ]
            },
            "est_params": {
                "mui": [
                    0.0008171355212487457,
                    0.0007303414729025847,
                    0.002967017962313067,
                    0.9999996486713122,
                    -0.5792484933962131,
                    -0.0032552706456281536
                ],
                "Si": [
                    [
                        1.0004370750187441,
                        0.5640532911893901,
                        -0.5361236628814077,
                        -5.161622648998283e-08,
                        -0.9346126965218675,
                        -0.7423274704940787
                    ],
                    [
                        0.5640532911893901,
                        1.313866928691821,
                        -1.2477396688067064,
                        2.6453978966927746e-07,
                        -0.8992826527134916,
                        -0.4157810053231556
                    ],
                    [
                        -0.5361236628814077,
                        -1.2477396688067064,
                        2.188023127086248,
                        -2.336154486891549e-07,
                        1.8361533542671797,
                        0.39698310166613815
                    ],
                    [
                        -5.161622648998288e-08,
                        2.6453978966927735e-07,
                        -2.336154486891547e-07,
                        1.0092366920569794e-06,
                        -3.344135525090699e-07,
                        7.359750775502625e-08
                    ],
                    [
                        -0.9346126965218674,
                        -0.8992826527134916,
                        1.8361533542671797,
                        -3.344135525090698e-07,
                        2.97097253416407,
                        0.6940357575078698
                    ],
                    [
                        -0.7423274704940788,
                        -0.4157810053231556,
                        0.3969831016661382,
                        7.359750775502622e-08,
                        0.6940357575078697,
                        1.551498108363758
                    ]
                ]
            },
            "est_tgt": [
                3
            ],
            "oracle_est_tgt": [
                3
            ]
        },
        "4": {
            "intv_type": "do",
            "inode": 4,
            "new_mui": 1.0,
            "new_vari": null,
            "noise_type": "gaussian",
            "obs_noise_gamma_shape": null,
            "true_params": {
                "Si": [
                    [
                        1.0,
                        0.5622679101871431,
                        -0.532228816839779,
                        0.5396070519949849,
                        0.0,
                        -0.7425378680005512
                    ],
                    [
                        0.5622679101871431,
                        1.3161452028262173,
                        -1.2458303086448592,
                        0.32579218635072565,
                        0.0,
                        -0.4175052152754866
                    ],
                    [
                        -0.532228816839779,
                        -1.2458303086448592,
                        2.179271978961946,
                        -0.9677788592274912,
                        0.0,
                        0.3952000509446653
                    ],
                    [
                        0.5396070519949849,
                        0.32579218635072565,
                        -0.9677788592274912,
                        1.726474928751876,
                        0.0,
                        -0.4006786699464187
                    ],
                    [
                        0.0,
                        0.0,
                        0.0,
                        0.0,
                        1e-09,
                        0.0
                    ],
                    [
                        -0.7425378680005512,
                        -0.4175052152754866,
                        0.3952000509446653,
                        -0.4006786699464187,
                        0.0,
                        1.551362485414804
                    ]
                ],
                "mui": [
                    0.0,
                    0.0,
                    0.0,
                    0.0,
                    1.0,
                    0.0
                ],
                "Ai": [
                    [
                        0.0,
                        0.0,
                        0.0,
                        0.0,
                        0.0,
                        0.0
                    ],
                    [
                        0.5622679101871431,
                        0.0,
                        0.0,
                        0.0,
                        0.0,
                        0.0
                    ],
                    [
                        -0.0,
                        -0.946575124058981,
                        0.0,
                        0.0,
                        0.0,
                        0.0
                    ],
                    [
                        0.5270187411196738,
                        -0.6017756830405484,
                        -0.6593920800151063,
                        0.0,
                        0.0,
                        0.0
                    ],
                    [
                        0.0,
                        0.0,
                        0.0,
                        0.0,
                        0.0,
                        0.0
                    ],
                    [
                        -0.7425378680005512,
                        -0.0,
                        -0.0,
                        0.0,
                        0.0,
                        0.0
                    ]
                ]
            },
            "est_params": {
                "mui": [
                    0.000257575317482929,
                    -0.004009343087914567,
                    0.00416756519897051,
                    0.00012602081062030375,
                    1.0000000323778628,
                    -0.00339574881790853
                ],
                "Si": [
                    [
                        1.0017849570598247,
                        0.5632798855161908,
                        -0.5321343016364126,
                        0.5398429416127454,
                        2.6913861536515838e-08,
                        -0.7421286008559907
                    ],
                    [
                        0.5632798855161908,
                        1.3101846100779717,
                        -1.2411538349417393,
                        0.32368374845024,
                        3.3669889466127794e-08,
                        -0.41682280173720665
                    ],
                    [
                        -0.5321343016364126,
                        -1.2411538349417397,
                        2.178532909791467,
                        -0.9709323158827516,
                        -1.7725209043984572e-07,
                        0.3905730128570829
                    ],
                    [
                        0.5398429416127454,
                        0.32368374845024,
                        -0.9709323158827516,
                        1.736106431046283,
                        2.3164169082557804e-07,
                        -0.40063072041662207
                    ],
                    [
                        2.6913861536515808e-08,
                        3.366988946612782e-08,
                        -1.7725209043984583e-07,
                        2.3164169082557815e-07,
                        1.007290888984201e-06,
                        6.904372313570807e-08
                    ],
                    [
                        -0.7421286008559906,
                        -0.4168228017372066,
                        0.3905730128570829,
                        -0.4006307204166221,
                        6.904372313570803e-08,
                        1.5491985732898748
                    ]
                ]
            },
            "est_tgt": [
                4
            ],
            "oracle_est_tgt": [
                4
            ]
        },
        "obs": {
            "intv_type": "obs",
            "noise_type": "gaussian",
            "obs_noise_gamma_shape": null,
            "true_params": {
                "Si": [
                    [
                        1.0,
                        0.5622679101871431,
                        -0.532228816839779,
                        0.5396070519949849,
                        -1.2439677134450753,
                        -0.7425378680005512
                    ],
                    [
                        0.5622679101871431,
                        1.3161452028262173,
                        -1.2458303086448592,
                        0.32579218635072565,
                        -1.0851131106826184,
                        -0.4175052152754866
                    ],
                    [
                        -0.532228816839779,
                        -1.2458303086448592,
                        2.179271978961946,
                        -0.9677788592274912,
                        2.389683240218197,
                        0.3952000509446653
                    ],
                    [
                        0.5396070519949849,
                        0.32579218635072565,
                        -0.9677788592274912,
                        1.726474928751876,
                        -2.1576626219875696,
                        -0.4006786699464187
                    ],
                    [
                        -1.2439677134450753,
                        -1.0851131106826184,
                        2.389683240218197,
                        -2.1576626219875696,
                        4.888335383594127,
                        0.9236931338030269
                    ],
                    [
                        -0.7425378680005512,
                        -0.4175052152754866,
                        0.3952000509446653,
                        -0.4006786699464187,
                        0.9236931338030269,
                        1.551362485414804
                    ]
                ],
                "mui": [
                    0.0,
                    0.0,
                    0.0,
                    0.0,
                    0.0,
                    0.0
                ],
                "Ai": [
                    [
                        0.0,
                        0.0,
                        0.0,
                        0.0,
                        0.0,
                        0.0
                    ],
                    [
                        0.5622679101871431,
                        0.0,
                        0.0,
                        0.0,
                        0.0,
                        0.0
                    ],
                    [
                        -0.0,
                        -0.946575124058981,
                        0.0,
                        0.0,
                        0.0,
                        0.0
                    ],
                    [
                        0.5270187411196738,
                        -0.6017756830405484,
                        -0.6593920800151063,
                        0.0,
                        0.0,
                        0.0
                    ],
                    [
                        -0.7218028282063516,
                        0.5554549527065216,
                        0.9805399749021854,
                        -0.579324804666798,
                        0.0,
                        0.0
                    ],
                    [
                        -0.7425378680005512,
                        -0.0,
                        -0.0,
                        0.0,
                        0.0,
                        0.0
                    ]
                ]
            },
            "est_params": {
                "mui": [
                    -0.0016023651240047283,
                    -0.005348442482527145,
                    0.007026026283513184,
                    -0.0020878216365320013,
                    0.00933940853846891,
                    0.00030630693072834314
                ],
                "Si": [
                    [
                        0.9989636938262156,
                        0.5646502311340217,
                        -0.5366852469510358,
                        0.5450482797321753,
                        -1.2533570094435902,
                        -0.7437336741360532
                    ],
                    [
                        0.5646502311340217,
                        1.3158194695249419,
                        -1.2447001012958883,
                        0.3323357783043005,
                        -1.090218593076856,
                        -0.4202782721107422
                    ],
                    [
                        -0.5366852469510358,
                        -1.2447001012958883,
                        2.1748514263463075,
                        -0.9719702683148491,
                        2.3910987213442967,
                        0.3919031291743949
                    ],
                    [
                        0.5450482797321753,
                        0.3323357783043005,
                        -0.9719702683148491,
                        1.732197585178589,
                        -2.1650086611506896,
                        -0.40598549230708925
                    ],
                    [
                        -1.2533570094435902,
                        -1.090218593076856,
                        2.3910987213442967,
                        -2.1650086611506896,
                        4.891700561533534,
                        0.9296000374770007
                    ],
                    [
                        -0.7437336741360532,
                        -0.4202782721107422,
                        0.3919031291743949,
                        -0.40598549230708925,
                        0.9296000374770007,
                        1.5535521123101244
                    ]
                ]
            },
            "est_tgt": [
                0,
                1,
                2,
                3,
                4,
                5
            ],
            "oracle_est_tgt": [
                0,
                1,
                2,
                3,
                4,
                5
            ]
        }
    },
    "metric_dict": {
        "param_est_rel_err": 0.4833727042845175,
        "est_num_comp": 4,
        "weight_precision_error": 0.0016218101443243593,
        "gm_score_dict": {
            "1": -8.817988776890177,
            "2": -8.746892171632286,
            "3": -5.814879723423699,
            "4": -4.339182438883947,
            "5": -4.339579728807519,
            "6": -4.339933604548178,
            "7": -4.340374857211366
        },
        "est_dag": {
            "amat": [
                [
                    0,
                    0,
                    0,
                    1,
                    1,
                    1
                ],
                [
                    1,
                    0,
                    1,
                    1,
                    1,
                    0
                ],
                [
                    0,
                    0,
                    0,
                    1,
                    1,
                    1
                ],
                [
                    0,
                    0,
                    0,
                    0,
                    1,
                    0
                ],
                [
                    0,
                    0,
                    0,
                    0,
                    0,
                    0
                ],
                [
                    0,
                    0,
                    0,
                    0,
                    0,
                    0
                ]
            ],
            "nodes": [
                0,
                1,
                2,
                3,
                4,
                5
            ]
        },
        "oracle_est_dag": {
            "amat": [
                [
                    0,
                    1,
                    0,
                    1,
                    1,
                    1
                ],
                [
                    0,
                    0,
                    1,
                    1,
                    1,
                    0
                ],
                [
                    0,
                    0,
                    0,
                    1,
                    1,
                    1
                ],
                [
                    0,
                    0,
                    0,
                    0,
                    1,
                    0
                ],
                [
                    0,
                    0,
                    0,
                    0,
                    0,
                    0
                ],
                [
                    0,
                    0,
                    0,
                    0,
                    0,
                    0
                ]
            ],
            "nodes": [
                0,
                1,
                2,
                3,
                4,
                5
            ]
        },
        "igsp_dag": null,
        "intv_base_est_dag": null,
        "act_dag": {
            "amat": [
                [
                    0,
                    1,
                    0,
                    1,
                    1,
                    1
                ],
                [
                    0,
                    0,
                    1,
                    1,
                    1,
                    0
                ],
                [
                    0,
                    0,
                    0,
                    1,
                    1,
                    0
                ],
                [
                    0,
                    0,
                    0,
                    0,
                    1,
                    0
                ],
                [
                    0,
                    0,
                    0,
                    0,
                    0,
                    0
                ],
                [
                    0,
                    0,
                    0,
                    0,
                    0,
                    0
                ]
            ],
            "nodes": [
                0,
                1,
                2,
                3,
                4,
                5
            ]
        },
        "shd": 2,
        "oracle_shd": 1,
        "intv_base_shd": null,
        "igsp_shd": null,
        "avg_js": 0.75,
        "avg_oracle_js": 0.75
    }
}