{
    "expt_args": {
        "save_dir": "all_expt_logs/expt_logs_sim_compsel_backward_cameraready_cutoff_var",
        "exp_name": "512",
        "num_nodes": 6,
        "num_tgt_prior": 7,
        "obs_noise_mean": 0.0,
        "obs_noise_var": 1.0,
        "obs_noise_gamma_shape": null,
        "noise_type": "gaussian",
        "max_edge_strength": 1.0,
        "graph_sparsity_method": "adj_dense_prop",
        "adj_dense_prop": 0.8,
        "num_parents": null,
        "new_noise_mean": 1.0,
        "mix_samples": 32768,
        "stage2_samples": 32768,
        "gmm_tol": 0.001,
        "intv_type": "do",
        "new_noise_var": null,
        "dtype": "simulation",
        "cutoff_drop_ratio": 0.15,
        "intv_targets": [
            4,
            5,
            0
        ]
    },
    "intv_args_dict": {
        "4": {
            "intv_type": "do",
            "inode": 4,
            "new_mui": 1.0,
            "new_vari": null,
            "noise_type": "gaussian",
            "obs_noise_gamma_shape": null,
            "true_params": {
                "Si": [
                    [
                        1.0,
                        -0.844117839806485,
                        -0.2114379130154308,
                        0.0,
                        0.0,
                        -1.3598222386840733
                    ],
                    [
                        -0.844117839806485,
                        1.7125349274795667,
                        -0.7410214173380616,
                        0.0,
                        0.0,
                        2.6349382102017636
                    ],
                    [
                        -0.2114379130154308,
                        -0.7410214173380616,
                        1.8901861155041426,
                        0.0,
                        0.0,
                        -1.8358072374151018
                    ],
                    [
                        0.0,
                        0.0,
                        0.0,
                        1.0,
                        0.0,
                        -0.9895413991248487
                    ],
                    [
                        0.0,
                        0.0,
                        0.0,
                        0.0,
                        1e-09,
                        0.0
                    ],
                    [
                        -1.3598222386840733,
                        2.6349382102017636,
                        -1.8358072374151018,
                        -0.9895413991248487,
                        0.0,
                        6.611196646704084
                    ]
                ],
                "mui": [
                    0.0,
                    0.0,
                    0.0,
                    0.0,
                    1.0,
                    0.0
                ],
                "Ai": [
                    [
                        0.0,
                        0.0,
                        0.0,
                        0.0,
                        0.0,
                        0.0
                    ],
                    [
                        -0.844117839806485,
                        0.0,
                        0.0,
                        0.0,
                        0.0,
                        0.0
                    ],
                    [
                        -0.9876042090860561,
                        -0.9194999317258385,
                        0.0,
                        0.0,
                        0.0,
                        0.0
                    ],
                    [
                        -0.0,
                        -0.0,
                        -0.0,
                        0.0,
                        0.0,
                        0.0
                    ],
                    [
                        0.0,
                        0.0,
                        0.0,
                        0.0,
                        0.0,
                        0.0
                    ],
                    [
                        -0.8511220563519898,
                        0.7919939575237245,
                        -0.7559478995659916,
                        -0.9895413991248487,
                        -0.0,
                        0.0
                    ]
                ]
            },
            "est_params": {
                "mui": [
                    -0.020791358926992964,
                    0.02125896931285379,
                    -0.004542494189294694,
                    0.013971686765617233,
                    0.9999997289730468,
                    0.01959653794157629
                ],
                "Si": [
                    [
                        1.0074452403775846,
                        -0.8540864357698998,
                        -0.19811516998733852,
                        0.013984737850294861,
                        1.5773478159584612e-07,
                        -1.4068154720538293
                    ],
                    [
                        -0.8540864357698998,
                        1.7215099103174745,
                        -0.729214689761938,
                        -0.023375882635559193,
                        -1.0298972544607539e-07,
                        2.673368795813557
                    ],
                    [
                        -0.19811516998733847,
                        -0.729214689761938,
                        1.8435851112374189,
                        0.010584247951366171,
                        -5.767814501803318e-07,
                        -1.808065954822278
                    ],
                    [
                        0.01398473785029486,
                        -0.02337588263555919,
                        0.010584247951366175,
                        0.9815831707491509,
                        8.365212842843494e-07,
                        -0.9973488892614639
                    ],
                    [
                        1.5773478159584615e-07,
                        -1.029897254460753e-07,
                        -5.767814501803318e-07,
                        8.365212842843494e-07,
                        1.0039726289751067e-06,
                        -5.842402216402849e-08
                    ],
                    [
                        -1.4068154720538295,
                        2.673368795813557,
                        -1.808065954822278,
                        -0.997348889261464,
                        -5.8424022164028064e-08,
                        6.642613608331797
                    ]
                ]
            },
            "est_tgt": [
                4
            ],
            "oracle_est_tgt": [
                4
            ]
        },
        "5": {
            "intv_type": "do",
            "inode": 5,
            "new_mui": 1.0,
            "new_vari": null,
            "noise_type": "gaussian",
            "obs_noise_gamma_shape": null,
            "true_params": {
                "Si": [
                    [
                        1.0,
                        -0.844117839806485,
                        -0.2114379130154308,
                        0.0,
                        -1.175130024785024,
                        0.0
                    ],
                    [
                        -0.844117839806485,
                        1.7125349274795667,
                        -0.7410214173380616,
                        0.0,
                        2.279267742021189,
                        0.0
                    ],
                    [
                        -0.2114379130154308,
                        -0.7410214173380616,
                        1.8901861155041426,
                        0.0,
                        -1.5591850673827734,
                        0.0
                    ],
                    [
                        0.0,
                        0.0,
                        0.0,
                        1.0,
                        -0.5159361450471016,
                        0.0
                    ],
                    [
                        -1.175130024785024,
                        2.279267742021189,
                        -1.5591850673827734,
                        -0.5159361450471016,
                        4.693640681613699,
                        0.0
                    ],
                    [
                        0.0,
                        0.0,
                        0.0,
                        0.0,
                        0.0,
                        1e-09
                    ]
                ],
                "mui": [
                    0.0,
                    0.0,
                    0.0,
                    0.0,
                    0.0,
                    1.0
                ],
                "Ai": [
                    [
                        0.0,
                        0.0,
                        0.0,
                        0.0,
                        0.0,
                        0.0
                    ],
                    [
                        -0.844117839806485,
                        0.0,
                        0.0,
                        0.0,
                        0.0,
                        0.0
                    ],
                    [
                        -0.9876042090860561,
                        -0.9194999317258385,
                        0.0,
                        0.0,
                        0.0,
                        0.0
                    ],
                    [
                        -0.0,
                        -0.0,
                        -0.0,
                        0.0,
                        0.0,
                        0.0
                    ],
                    [
                        -0.7047080407864403,
                        0.713586606077206,
                        -0.6239618929104753,
                        -0.5159361450471016,
                        0.0,
                        0.0
                    ],
                    [
                        0.0,
                        0.0,
                        0.0,
                        0.0,
                        0.0,
                        0.0
                    ]
                ]
            },
            "est_params": {
                "mui": [
                    0.005956350090496006,
                    -0.009522481277984737,
                    0.011351516432041143,
                    0.0013530416964152902,
                    -0.023243278322161436,
                    1.000001239725023
                ],
                "Si": [
                    [
                        0.983544780092513,
                        -0.8187946100370621,
                        -0.21384104647915933,
                        0.006918804129595039,
                        -1.1419937396593802,
                        -1.1998856116331954e-07
                    ],
                    [
                        -0.8187946100370621,
                        1.7000080215852909,
                        -0.7507006375131402,
                        -0.01370915299896092,
                        2.2411302953030336,
                        -1.5398991162994459e-06
                    ],
                    [
                        -0.21384104647915933,
                        -0.7507006375131403,
                        1.8864840185366192,
                        0.00854067896259038,
                        -1.5559236787029407,
                        2.192697192780479e-08
                    ],
                    [
                        0.00691880412959504,
                        -0.013709152998960913,
                        0.008540678962590382,
                        1.0085051595733943,
                        -0.5577708265957013,
                        -1.1224366028202585e-06
                    ],
                    [
                        -1.1419937396593802,
                        2.2411302953030336,
                        -1.5559236787029407,
                        -0.5577708265957013,
                        4.636541418553774,
                        3.1806769679008046e-07
                    ],
                    [
                        -1.1998856116331965e-07,
                        -1.5398991162994459e-06,
                        2.1926971927804844e-08,
                        -1.122436602820258e-06,
                        3.1806769679008e-07,
                        1.0118948926604446e-06
                    ]
                ]
            },
            "est_tgt": [
                5
            ],
            "oracle_est_tgt": [
                5
            ]
        },
        "0": {
            "intv_type": "do",
            "inode": 0,
            "new_mui": 1.0,
            "new_vari": null,
            "noise_type": "gaussian",
            "obs_noise_gamma_shape": null,
            "true_params": {
                "Si": [
                    [
                        1e-09,
                        -8.441178398064851e-10,
                        -2.1143791301543082e-10,
                        0.0,
                        -1.175130024785024e-09,
                        -1.3598222386840733e-09
                    ],
                    [
                        -8.441178398064851e-10,
                        1.000000000712535,
                        -0.91949993154736,
                        0.0,
                        1.2873195249998615,
                        1.4870880007107952
                    ],
                    [
                        -2.1143791301543082e-10,
                        -0.91949993154736,
                        1.8454801244885277,
                        0.0,
                        -1.8076521070966234,
                        -2.1233252133469156
                    ],
                    [
                        0.0,
                        0.0,
                        0.0,
                        1.0,
                        -0.5159361450471016,
                        -0.9895413991248487
                    ],
                    [
                        -1.175130024785024e-09,
                        1.2873195249998615,
                        -1.8076521070966234,
                        -0.5159361450471016,
                        3.312710107843378,
                        2.8965802745371017
                    ],
                    [
                        -1.3598222386840733e-09,
                        1.4870880007107952,
                        -2.1233252133469156,
                        -0.9895413991248487,
                        2.8965802745371017,
                        4.7620801277334355
                    ]
                ],
                "mui": [
                    1.0,
                    -0.844117839806485,
                    -0.2114379130154308,
                    0.0,
                    -1.175130024785024,
                    -1.3598222386840733
                ],
                "Ai": [
                    [
                        0.0,
                        0.0,
                        0.0,
                        0.0,
                        0.0,
                        0.0
                    ],
                    [
                        -0.844117839806485,
                        0.0,
                        0.0,
                        0.0,
                        0.0,
                        0.0
                    ],
                    [
                        -0.9876042090860561,
                        -0.9194999317258385,
                        0.0,
                        0.0,
                        0.0,
                        0.0
                    ],
                    [
                        -0.0,
                        -0.0,
                        -0.0,
                        0.0,
                        0.0,
                        0.0
                    ],
                    [
                        -0.7047080407864403,
                        0.713586606077206,
                        -0.6239618929104753,
                        -0.5159361450471016,
                        0.0,
                        0.0
                    ],
                    [
                        -0.8511220563519898,
                        0.7919939575237245,
                        -0.7559478995659916,
                        -0.9895413991248487,
                        -0.0,
                        0.0
                    ]
                ]
            },
            "est_params": {
                "mui": [
                    1.0000005040023967,
                    -0.8690925249454037,
                    -0.18470479218883057,
                    -0.0184977297970566,
                    -1.196936759888207,
                    -1.4081955594641336
                ],
                "Si": [
                    [
                        1.0139679195542646e-06,
                        -4.354443719623641e-07,
                        8.263869132984268e-08,
                        2.2491589568366515e-06,
                        -9.71390025004137e-07,
                        -1.1320476822711146e-06
                    ],
                    [
                        -4.354443719623641e-07,
                        1.0061330781878202,
                        -0.9184676924185313,
                        0.0019235517655145221,
                        1.2802864225735489,
                        1.5013986482175816
                    ],
                    [
                        8.263869132984268e-08,
                        -0.9184676924185313,
                        1.8291738179170745,
                        0.01762372098502703,
                        -1.8070229315945585,
                        -2.121127635879593
                    ],
                    [
                        2.2491589568366515e-06,
                        0.0019235517655145221,
                        0.017623720985027038,
                        0.9903425077421499,
                        -0.5106194702981031,
                        -0.979421879609721
                    ],
                    [
                        -9.713900250041374e-07,
                        1.280286422573549,
                        -1.8070229315945585,
                        -0.510619470298103,
                        3.2759420657279237,
                        2.877554341514535
                    ],
                    [
                        -1.1320476822711146e-06,
                        1.5013986482175816,
                        -2.121127635879593,
                        -0.979421879609721,
                        2.8775543415145353,
                        4.736168416344235
                    ]
                ]
            },
            "est_tgt": [
                0
            ],
            "oracle_est_tgt": [
                0
            ]
        },
        "obs": {
            "intv_type": "obs",
            "noise_type": "gaussian",
            "obs_noise_gamma_shape": null,
            "true_params": {
                "Si": [
                    [
                        1.0,
                        -0.844117839806485,
                        -0.2114379130154308,
                        0.0,
                        -1.175130024785024,
                        -1.3598222386840733
                    ],
                    [
                        -0.844117839806485,
                        1.7125349274795667,
                        -0.7410214173380616,
                        0.0,
                        2.279267742021189,
                        2.6349382102017636
                    ],
                    [
                        -0.2114379130154308,
                        -0.7410214173380616,
                        1.8901861155041426,
                        0.0,
                        -1.5591850673827734,
                        -1.8358072374151018
                    ],
                    [
                        0.0,
                        0.0,
                        0.0,
                        1.0,
                        -0.5159361450471016,
                        -0.9895413991248487
                    ],
                    [
                        -1.175130024785024,
                        2.279267742021189,
                        -1.5591850673827734,
                        -0.5159361450471016,
                        4.693640681613699,
                        4.4945482139871755
                    ],
                    [
                        -1.3598222386840733,
                        2.6349382102017636,
                        -1.8358072374151018,
                        -0.9895413991248487,
                        4.4945482139871755,
                        6.611196646704084
                    ]
                ],
                "mui": [
                    0.0,
                    0.0,
                    0.0,
                    0.0,
                    0.0,
                    0.0
                ],
                "Ai": [
                    [
                        0.0,
                        0.0,
                        0.0,
                        0.0,
                        0.0,
                        0.0
                    ],
                    [
                        -0.844117839806485,
                        0.0,
                        0.0,
                        0.0,
                        0.0,
                        0.0
                    ],
                    [
                        -0.9876042090860561,
                        -0.9194999317258385,
                        0.0,
                        0.0,
                        0.0,
                        0.0
                    ],
                    [
                        -0.0,
                        -0.0,
                        -0.0,
                        0.0,
                        0.0,
                        0.0
                    ],
                    [
                        -0.7047080407864403,
                        0.713586606077206,
                        -0.6239618929104753,
                        -0.5159361450471016,
                        0.0,
                        0.0
                    ],
                    [
                        -0.8511220563519898,
                        0.7919939575237245,
                        -0.7559478995659916,
                        -0.9895413991248487,
                        -0.0,
                        0.0
                    ]
                ]
            },
            "est_params": {
                "mui": [
                    0.011862674616129838,
                    0.000453726046805189,
                    -0.010808614958169337,
                    -0.005272830051003682,
                    -0.014213018989585933,
                    0.006644245705052431
                ],
                "Si": [
                    [
                        0.9940818977454718,
                        -0.8427677602789369,
                        -0.20307631799054274,
                        -0.006892338034027917,
                        -1.1560991048995561,
                        -1.362261822542398
                    ],
                    [
                        -0.8427677602789369,
                        1.7245348473466051,
                        -0.733212419300763,
                        0.022910296754990032,
                        2.259718292836911,
                        2.620290954824557
                    ],
                    [
                        -0.20307631799054274,
                        -0.733212419300763,
                        1.844505775527332,
                        -0.013100125423875397,
                        -1.5369846171614583,
                        -1.7776770765590495
                    ],
                    [
                        -0.006892338034027917,
                        0.022910296754990032,
                        -0.013100125423875397,
                        0.9866808563442313,
                        -0.488587163690647,
                        -0.9536081142666017
                    ],
                    [
                        -1.1560991048995561,
                        2.259718292836911,
                        -1.5369846171614583,
                        -0.488587163690647,
                        4.632325944089059,
                        4.427373042411669
                    ],
                    [
                        -1.362261822542398,
                        2.620290954824557,
                        -1.7776770765590495,
                        -0.9536081142666017,
                        4.427373042411669,
                        6.554761282221033
                    ]
                ]
            },
            "est_tgt": [
                0,
                1,
                2,
                3,
                4,
                5
            ],
            "oracle_est_tgt": [
                0,
                1,
                2,
                3,
                4,
                5
            ]
        }
    },
    "metric_dict": {
        "param_est_rel_err": 2.407941565119848,
        "est_num_comp": 4,
        "weight_precision_error": 0.001511287241734105,
        "gm_score_dict": {
            "1": -9.065634427732295,
            "2": -7.656822726695092,
            "3": -5.964172856911556,
            "4": -4.330125356235351,
            "5": -4.330595828851496,
            "6": -4.330352724802679,
            "7": -4.329979229028909
        },
        "est_dag": {
            "amat": [
                [
                    0,
                    1,
                    1,
                    0,
                    1,
                    1
                ],
                [
                    0,
                    0,
                    0,
                    0,
                    1,
                    1
                ],
                [
                    0,
                    1,
                    0,
                    0,
                    1,
                    1
                ],
                [
                    0,
                    0,
                    0,
                    0,
                    1,
                    1
                ],
                [
                    0,
                    0,
                    0,
                    0,
                    0,
                    0
                ],
                [
                    0,
                    0,
                    0,
                    0,
                    0,
                    0
                ]
            ],
            "nodes": [
                0,
                1,
                2,
                3,
                4,
                5
            ]
        },
        "oracle_est_dag": {
            "amat": [
                [
                    0,
                    1,
                    1,
                    0,
                    1,
                    1
                ],
                [
                    0,
                    0,
                    0,
                    0,
                    1,
                    1
                ],
                [
                    0,
                    1,
                    0,
                    0,
                    1,
                    1
                ],
                [
                    0,
                    0,
                    0,
                    0,
                    1,
                    1
                ],
                [
                    0,
                    0,
                    0,
                    0,
                    0,
                    0
                ],
                [
                    0,
                    0,
                    0,
                    0,
                    0,
                    0
                ]
            ],
            "nodes": [
                0,
                1,
                2,
                3,
                4,
                5
            ]
        },
        "igsp_dag": null,
        "intv_base_est_dag": null,
        "act_dag": {
            "amat": [
                [
                    0,
                    1,
                    1,
                    0,
                    1,
                    1
                ],
                [
                    0,
                    0,
                    1,
                    0,
                    1,
                    1
                ],
                [
                    0,
                    0,
                    0,
                    0,
                    1,
                    1
                ],
                [
                    0,
                    0,
                    0,
                    0,
                    1,
                    1
                ],
                [
                    0,
                    0,
                    0,
                    0,
                    0,
                    0
                ],
                [
                    0,
                    0,
                    0,
                    0,
                    0,
                    0
                ]
            ],
            "nodes": [
                0,
                1,
                2,
                3,
                4,
                5
            ]
        },
        "shd": 1,
        "oracle_shd": 1,
        "intv_base_shd": null,
        "igsp_shd": null,
        "avg_js": 0.75,
        "avg_oracle_js": 0.75
    }
}