{
    "expt_args": {
        "save_dir": "all_expt_logs/expt_logs_sim_compsel_backward_cameraready_cutoff_var",
        "exp_name": "425",
        "num_nodes": 6,
        "num_tgt_prior": 7,
        "obs_noise_mean": 0.0,
        "obs_noise_var": 1.0,
        "obs_noise_gamma_shape": null,
        "noise_type": "gaussian",
        "max_edge_strength": 1.0,
        "graph_sparsity_method": "adj_dense_prop",
        "adj_dense_prop": 0.8,
        "num_parents": null,
        "new_noise_mean": 1.0,
        "mix_samples": 524288,
        "stage2_samples": 524288,
        "gmm_tol": 0.001,
        "intv_type": "do",
        "new_noise_var": null,
        "dtype": "simulation",
        "cutoff_drop_ratio": 0.15,
        "intv_targets": [
            0,
            1,
            2,
            3,
            4,
            5
        ]
    },
    "intv_args_dict": {
        "0": {
            "intv_type": "do",
            "inode": 0,
            "new_mui": 1.0,
            "new_vari": null,
            "noise_type": "gaussian",
            "obs_noise_gamma_shape": null,
            "true_params": {
                "Si": [
                    [
                        1e-09,
                        -7.868953611363617e-10,
                        8.911520728783473e-10,
                        -1.535359366680512e-09,
                        1.073389186214043e-10,
                        -1.100439180957561e-10
                    ],
                    [
                        -7.868953611363617e-10,
                        1.0000000006192042,
                        -7.012434322150243e-10,
                        1.2081671633181568e-09,
                        0.5122394410322827,
                        0.2702276769471562
                    ],
                    [
                        8.911520728783473e-10,
                        -7.012434322150244e-10,
                        1.000000000794152,
                        -0.9017971596395788,
                        0.0483449048079323,
                        0.7721724173354872
                    ],
                    [
                        -1.535359366680512e-09,
                        1.208167163318157e-09,
                        -0.9017971596395788,
                        1.8132381170235932,
                        -0.6822766883198772,
                        -1.0115365409014052
                    ],
                    [
                        1.073389186214043e-10,
                        0.5122394410322827,
                        0.0483449048079323,
                        -0.6822766883198772,
                        1.6726378386681562,
                        -0.5477289219182007
                    ],
                    [
                        -1.100439180957561e-10,
                        0.2702276769471562,
                        0.7721724173354872,
                        -1.0115365409014052,
                        -0.5477289219182007,
                        2.6238540197464535
                    ]
                ],
                "mui": [
                    1.0,
                    -0.7868953611363616,
                    0.8911520728783472,
                    -1.5353593666805119,
                    0.1073389186214043,
                    -0.11004391809575609
                ],
                "Ai": [
                    [
                        0.0,
                        0.0,
                        0.0,
                        0.0,
                        0.0,
                        0.0
                    ],
                    [
                        -0.7868953611363616,
                        0.0,
                        0.0,
                        0.0,
                        0.0,
                        0.0
                    ],
                    [
                        0.8911520728783472,
                        -0.0,
                        0.0,
                        0.0,
                        0.0,
                        0.0
                    ],
                    [
                        -0.7317209597712042,
                        0.0,
                        -0.9017971582713402,
                        0.0,
                        0.0,
                        0.0
                    ],
                    [
                        0.0,
                        0.5122394411167472,
                        -0.5276143546588172,
                        -0.6386793904686433,
                        0.0,
                        0.0
                    ],
                    [
                        -0.8161598627428492,
                        0.7439408140054942,
                        -0.0,
                        -0.9058369957907695,
                        -0.9247884858537563,
                        0.0
                    ]
                ]
            },
            "est_params": {
                "mui": [
                    0.999999389778959,
                    -0.7800009676704546,
                    0.8921322463772093,
                    -1.536454446686687,
                    0.11357556520936483,
                    -0.0979224410054209
                ],
                "Si": [
                    [
                        1.0114129089427544e-06,
                        -1.0746713546610282e-07,
                        -7.471129755228957e-08,
                        1.6543965595339283e-07,
                        -1.1853735241004842e-06,
                        2.1122807332444302e-07
                    ],
                    [
                        -1.0746713546610291e-07,
                        1.004298292653878,
                        -0.00027294501373304657,
                        -0.0039038721651885634,
                        0.5190195348669859,
                        0.2768556899903276
                    ],
                    [
                        -7.471129755228955e-08,
                        -0.00027294501373304684,
                        1.006833068585967,
                        -0.9058523539081416,
                        0.04636651918139846,
                        0.7775521228154674
                    ],
                    [
                        1.654396559533929e-07,
                        -0.0039038721651885613,
                        -0.9058523539081416,
                        1.8072746703343725,
                        -0.6765129833419764,
                        -1.0134311917903533
                    ],
                    [
                        -1.185373524100484e-06,
                        0.5190195348669859,
                        0.04636651918139846,
                        -0.6765129833419764,
                        1.6787580897602754,
                        -0.5497434549213084
                    ],
                    [
                        2.1122807332444283e-07,
                        0.2768556899903276,
                        0.7775521228154674,
                        -1.0134311917903533,
                        -0.5497434549213082,
                        2.631392974252491
                    ]
                ]
            },
            "est_tgt": [
                0
            ],
            "oracle_est_tgt": [
                0
            ]
        },
        "1": {
            "intv_type": "do",
            "inode": 1,
            "new_mui": 1.0,
            "new_vari": null,
            "noise_type": "gaussian",
            "obs_noise_gamma_shape": null,
            "true_params": {
                "Si": [
                    [
                        1.0,
                        0.0,
                        0.8911520728783472,
                        -1.5353593666805119,
                        0.5104177586272551,
                        0.10259698727647676
                    ],
                    [
                        0.0,
                        1e-09,
                        0.0,
                        0.0,
                        5.122394411167473e-10,
                        2.702276768605632e-10
                    ],
                    [
                        0.8911520728783472,
                        0.0,
                        1.794152016995375,
                        -2.2700358405018646,
                        0.5032047483468753,
                        0.8636019353160588
                    ],
                    [
                        -1.5353593666805119,
                        0.0,
                        -2.2700358405018646,
                        4.170566499519847,
                        -1.4659513747835025,
                        -1.1690597864785022
                    ],
                    [
                        0.5104177586272551,
                        5.122394411167473e-10,
                        0.5032047483468753,
                        -1.4659513747835025,
                        1.6707748822054969,
                        -0.633782871649731
                    ],
                    [
                        0.10259698727647676,
                        2.702276768605632e-10,
                        0.8636019353160588,
                        -1.1690597864785022,
                        -0.633782871649731,
                        2.5613571642641193
                    ]
                ],
                "mui": [
                    0.0,
                    1.0,
                    0.0,
                    0.0,
                    0.5122394411167472,
                    0.27022767686056315
                ],
                "Ai": [
                    [
                        0.0,
                        0.0,
                        0.0,
                        0.0,
                        0.0,
                        0.0
                    ],
                    [
                        0.0,
                        0.0,
                        0.0,
                        0.0,
                        0.0,
                        0.0
                    ],
                    [
                        0.8911520728783472,
                        -0.0,
                        0.0,
                        0.0,
                        0.0,
                        0.0
                    ],
                    [
                        -0.7317209597712042,
                        0.0,
                        -0.9017971582713402,
                        0.0,
                        0.0,
                        0.0
                    ],
                    [
                        0.0,
                        0.5122394411167472,
                        -0.5276143546588172,
                        -0.6386793904686433,
                        0.0,
                        0.0
                    ],
                    [
                        -0.8161598627428492,
                        0.7439408140054942,
                        -0.0,
                        -0.9058369957907695,
                        -0.9247884858537563,
                        0.0
                    ]
                ]
            },
            "est_params": {
                "mui": [
                    0.005211530700664222,
                    0.9999998905342478,
                    0.009029019560656269,
                    -0.014486632625557855,
                    0.5137235237223502,
                    0.2701778455204751
                ],
                "Si": [
                    [
                        1.0043443674675172,
                        1.3147340429741816e-07,
                        0.895647449946539,
                        -1.5478493151842738,
                        0.522180157570747,
                        0.09836585312055947
                    ],
                    [
                        1.3147340429741843e-07,
                        1.0108782568266585e-06,
                        -1.0243747801539995e-07,
                        -6.174972427042154e-08,
                        5.81632289749214e-07,
                        -1.3476653383268565e-06
                    ],
                    [
                        0.8956474499465388,
                        -1.0243747801539986e-07,
                        1.7925496935216452,
                        -2.2708300318674763,
                        0.5143621474963752,
                        0.8457438104007137
                    ],
                    [
                        -1.5478493151842738,
                        -6.174972427042177e-08,
                        -2.2708300318674763,
                        4.187023451309806,
                        -1.4835778678088196,
                        -1.1516879874491324
                    ],
                    [
                        0.522180157570747,
                        5.816322897492142e-07,
                        0.5143621474963752,
                        -1.4835778678088196,
                        1.668009226984223,
                        -0.6256049819998691
                    ],
                    [
                        0.09836585312055945,
                        -1.3476653383268565e-06,
                        0.8457438104007137,
                        -1.1516879874491324,
                        -0.625604981999869,
                        2.5449061269712883
                    ]
                ]
            },
            "est_tgt": [
                1
            ],
            "oracle_est_tgt": [
                1
            ]
        },
        "2": {
            "intv_type": "do",
            "inode": 2,
            "new_mui": 1.0,
            "new_vari": null,
            "noise_type": "gaussian",
            "obs_noise_gamma_shape": null,
            "true_params": {
                "Si": [
                    [
                        1.0,
                        -0.7868953611363616,
                        0.0,
                        -0.7317209597712042,
                        0.06425625657395251,
                        -0.7981669685111513
                    ],
                    [
                        -0.7868953611363616,
                        1.619204309377925,
                        0.0,
                        0.5757878288902069,
                        0.4616764908947162,
                        0.8983015617942606
                    ],
                    [
                        0.0,
                        0.0,
                        1e-09,
                        -9.017971582713403e-10,
                        4.8344904712277e-11,
                        7.721724174335532e-10
                    ],
                    [
                        -0.7317209597712042,
                        0.5757878288902069,
                        -9.017971582713403e-10,
                        1.5354155637817304,
                        -0.6856970402438379,
                        0.26884185022703644
                    ],
                    [
                        0.06425625657395251,
                        0.4616764908947162,
                        4.8344904712277e-11,
                        -0.6856970402438379,
                        1.67442947535623,
                        -0.6363467453288383
                    ],
                    [
                        -0.7981669685111513,
                        0.8983015617942606,
                        7.721724174335532e-10,
                        0.26884185022703644,
                        -0.6363467453288383,
                        2.6646742877076974
                    ]
                ],
                "mui": [
                    0.0,
                    0.0,
                    1.0,
                    -0.9017971582713402,
                    0.048344904712276995,
                    0.7721724174335531
                ],
                "Ai": [
                    [
                        0.0,
                        0.0,
                        0.0,
                        0.0,
                        0.0,
                        0.0
                    ],
                    [
                        -0.7868953611363616,
                        0.0,
                        0.0,
                        0.0,
                        0.0,
                        0.0
                    ],
                    [
                        0.0,
                        0.0,
                        0.0,
                        0.0,
                        0.0,
                        0.0
                    ],
                    [
                        -0.7317209597712042,
                        0.0,
                        -0.9017971582713402,
                        0.0,
                        0.0,
                        0.0
                    ],
                    [
                        0.0,
                        0.5122394411167472,
                        -0.5276143546588172,
                        -0.6386793904686433,
                        0.0,
                        0.0
                    ],
                    [
                        -0.8161598627428492,
                        0.7439408140054942,
                        -0.0,
                        -0.9058369957907695,
                        -0.9247884858537563,
                        0.0
                    ]
                ]
            },
            "est_params": {
                "mui": [
                    0.001973332464752801,
                    -0.002242668635147467,
                    1.000000074186322,
                    -0.9039475935231858,
                    0.05070751863650131,
                    0.7699108712781608
                ],
                "Si": [
                    [
                        1.0058356649343518,
                        -0.7955560253301588,
                        -2.119078017109982e-08,
                        -0.7282220635602549,
                        0.05540997896450347,
                        -0.8000500374825197
                    ],
                    [
                        -0.7955560253301588,
                        1.6318635756396078,
                        2.1491202547465315e-07,
                        0.5755946657614345,
                        0.47291361199007675,
                        0.8997220225419167
                    ],
                    [
                        -2.1190780171099557e-08,
                        2.1491202547465288e-07,
                        1.012250476795443e-06,
                        -5.226517782001178e-08,
                        1.5708048588398207e-07,
                        -5.329816401387022e-07
                    ],
                    [
                        -0.7282220635602549,
                        0.5755946657614346,
                        -5.2265177820011893e-08,
                        1.5297495772639855,
                        -0.6754079184488774,
                        0.2599650680314509
                    ],
                    [
                        0.05540997896450347,
                        0.47291361199007675,
                        1.5708048588398202e-07,
                        -0.6754079184488774,
                        1.6697317350604688,
                        -0.6201772130185452
                    ],
                    [
                        -0.8000500374825198,
                        0.8997220225419167,
                        -5.329816401387025e-07,
                        0.2599650680314509,
                        -0.6201772130185453,
                        2.640358735249103
                    ]
                ]
            },
            "est_tgt": [
                2
            ],
            "oracle_est_tgt": [
                2
            ]
        },
        "3": {
            "intv_type": "do",
            "inode": 3,
            "new_mui": 1.0,
            "new_vari": null,
            "noise_type": "gaussian",
            "obs_noise_gamma_shape": null,
            "true_params": {
                "Si": [
                    [
                        1.0,
                        -0.7868953611363616,
                        0.8911520728783472,
                        0.0,
                        -0.8732634658404272,
                        -0.5939794399178092
                    ],
                    [
                        -0.7868953611363616,
                        1.619204309377925,
                        -0.7012434322150243,
                        0.0,
                        1.1994064114364411,
                        0.7376273427422615
                    ],
                    [
                        0.8911520728783472,
                        -0.7012434322150243,
                        1.794152016995375,
                        0.0,
                        -1.3058249024114437,
                        -0.041394328970241034
                    ],
                    [
                        0.0,
                        0.0,
                        0.0,
                        1e-09,
                        -6.386793904686433e-10,
                        -3.151936493332729e-10
                    ],
                    [
                        -0.8732634658404272,
                        1.1994064114364411,
                        -1.3058249024114437,
                        -6.386793904686433e-10,
                        2.303355233457184,
                        -0.5251064256875528
                    ],
                    [
                        -0.5939794399178092,
                        0.7376273427422615,
                        -0.041394328970241034,
                        -3.151936493332729e-10,
                        -0.5251064256875528,
                        2.519145640556965
                    ]
                ],
                "mui": [
                    0.0,
                    0.0,
                    0.0,
                    1.0,
                    -0.6386793904686433,
                    -0.3151936493332729
                ],
                "Ai": [
                    [
                        0.0,
                        0.0,
                        0.0,
                        0.0,
                        0.0,
                        0.0
                    ],
                    [
                        -0.7868953611363616,
                        0.0,
                        0.0,
                        0.0,
                        0.0,
                        0.0
                    ],
                    [
                        0.8911520728783472,
                        -0.0,
                        0.0,
                        0.0,
                        0.0,
                        0.0
                    ],
                    [
                        0.0,
                        0.0,
                        0.0,
                        0.0,
                        0.0,
                        0.0
                    ],
                    [
                        0.0,
                        0.5122394411167472,
                        -0.5276143546588172,
                        -0.6386793904686433,
                        0.0,
                        0.0
                    ],
                    [
                        -0.8161598627428492,
                        0.7439408140054942,
                        -0.0,
                        -0.9058369957907695,
                        -0.9247884858537563,
                        0.0
                    ]
                ]
            },
            "est_params": {
                "mui": [
                    -0.003879142188292287,
                    0.000807309853079091,
                    -0.004421725433941277,
                    0.9999992801596055,
                    -0.6401787154561925,
                    -0.30860818669121215
                ],
                "Si": [
                    [
                        0.9905101891662671,
                        -0.7815454257474943,
                        0.8947616086542831,
                        5.378379103797953e-07,
                        -0.8738057997832127,
                        -0.5783259411515739
                    ],
                    [
                        -0.7815454257474943,
                        1.61423666090477,
                        -0.706251499589344,
                        -5.310769338243453e-07,
                        1.2049293277290227,
                        0.7163465627749211
                    ],
                    [
                        0.8947616086542831,
                        -0.7062514995893439,
                        1.8097120874474775,
                        2.9083578530531015e-07,
                        -1.31820775419613,
                        -0.038494801074865144
                    ],
                    [
                        5.378379103797952e-07,
                        -5.310769338243453e-07,
                        2.908357853053102e-07,
                        1.0082611819499553e-06,
                        -9.90394349682275e-08,
                        -7.575604978951901e-07
                    ],
                    [
                        -0.8738057997832127,
                        1.2049293277290227,
                        -1.31820775419613,
                        -9.903943496822762e-08,
                        2.3215521376716177,
                        -0.5348301552524523
                    ],
                    [
                        -0.5783259411515738,
                        0.7163465627749211,
                        -0.03849480107486516,
                        -7.575604978951895e-07,
                        -0.5348301552524521,
                        2.491847358737439
                    ]
                ]
            },
            "est_tgt": [
                3
            ],
            "oracle_est_tgt": [
                3
            ]
        },
        "4": {
            "intv_type": "do",
            "inode": 4,
            "new_mui": 1.0,
            "new_vari": null,
            "noise_type": "gaussian",
            "obs_noise_gamma_shape": null,
            "true_params": {
                "Si": [
                    [
                        1.0,
                        -0.7868953611363616,
                        0.8911520728783472,
                        -1.5353593666805119,
                        0.0,
                        -0.010778122070688045
                    ],
                    [
                        -0.7868953611363616,
                        1.619204309377925,
                        -0.7012434322150243,
                        1.2081671633181568,
                        0.0,
                        0.75242206826468
                    ],
                    [
                        0.8911520728783472,
                        -0.7012434322150243,
                        1.794152016995375,
                        -2.2700358405018646,
                        0.0,
                        0.8072762828361344
                    ],
                    [
                        -1.5353593666805119,
                        1.2081671633181568,
                        -2.2700358405018646,
                        4.170566499519847,
                        0.0,
                        -1.625949875766151
                    ],
                    [
                        0.0,
                        0.0,
                        0.0,
                        0.0,
                        1e-09,
                        -9.247884858537563e-10
                    ],
                    [
                        -0.010778122070688045,
                        0.75242206826468,
                        0.8072762828361344,
                        -1.625949875766151,
                        -9.247884858537563e-10,
                        3.0413997081959807
                    ]
                ],
                "mui": [
                    0.0,
                    0.0,
                    0.0,
                    0.0,
                    1.0,
                    -0.9247884858537563
                ],
                "Ai": [
                    [
                        0.0,
                        0.0,
                        0.0,
                        0.0,
                        0.0,
                        0.0
                    ],
                    [
                        -0.7868953611363616,
                        0.0,
                        0.0,
                        0.0,
                        0.0,
                        0.0
                    ],
                    [
                        0.8911520728783472,
                        -0.0,
                        0.0,
                        0.0,
                        0.0,
                        0.0
                    ],
                    [
                        -0.7317209597712042,
                        0.0,
                        -0.9017971582713402,
                        0.0,
                        0.0,
                        0.0
                    ],
                    [
                        0.0,
                        0.0,
                        0.0,
                        0.0,
                        0.0,
                        0.0
                    ],
                    [
                        -0.8161598627428492,
                        0.7439408140054942,
                        -0.0,
                        -0.9058369957907695,
                        -0.9247884858537563,
                        0.0
                    ]
                ]
            },
            "est_params": {
                "mui": [
                    -0.0007524165427234347,
                    -7.394556039611777e-05,
                    -0.005383589027050881,
                    0.00569364572978457,
                    0.9999998102198246,
                    -0.9293828547770726
                ],
                "Si": [
                    [
                        0.997125267512627,
                        -0.7840709521408369,
                        0.8926887029825267,
                        -1.530778184079677,
                        1.5710281135879163e-08,
                        -0.013330682143877066
                    ],
                    [
                        -0.7840709521408369,
                        1.622558341982431,
                        -0.706041621605066,
                        1.2033737630633854,
                        -6.544463126233635e-07,
                        0.7580929864956534
                    ],
                    [
                        0.8926887029825267,
                        -0.706041621605066,
                        1.8066374304253214,
                        -2.276056179436403,
                        8.530309118435622e-08,
                        0.8066057933862985
                    ],
                    [
                        -1.5307781840796773,
                        1.2033737630633854,
                        -2.276056179436403,
                        4.166122655746628,
                        5.2006922686283814e-08,
                        -1.6256737100956222
                    ],
                    [
                        1.5710281135879037e-08,
                        -6.544463126233635e-07,
                        8.530309118435616e-08,
                        5.200692268628359e-08,
                        1.010620341010428e-06,
                        -6.074329975868845e-07
                    ],
                    [
                        -0.013330682143877072,
                        0.7580929864956534,
                        0.8066057933862985,
                        -1.6256737100956222,
                        -6.074329975868843e-07,
                        3.053846071659313
                    ]
                ]
            },
            "est_tgt": [
                4
            ],
            "oracle_est_tgt": [
                4
            ]
        },
        "5": {
            "intv_type": "do",
            "inode": 5,
            "new_mui": 1.0,
            "new_vari": null,
            "noise_type": "gaussian",
            "obs_noise_gamma_shape": null,
            "true_params": {
                "Si": [
                    [
                        1.0,
                        -0.7868953611363616,
                        0.8911520728783472,
                        -1.5353593666805119,
                        0.1073389186214043,
                        0.0
                    ],
                    [
                        -0.7868953611363616,
                        1.619204309377925,
                        -0.7012434322150243,
                        1.2081671633181568,
                        0.42777494398417076,
                        0.0
                    ],
                    [
                        0.8911520728783472,
                        -0.7012434322150243,
                        1.794152016995375,
                        -2.2700358405018646,
                        0.14400020454226165,
                        0.0
                    ],
                    [
                        -1.5353593666805119,
                        1.2081671633181568,
                        -2.2700358405018646,
                        4.170566499519847,
                        -0.8470805022698037,
                        0.0
                    ],
                    [
                        0.1073389186214043,
                        0.42777494398417076,
                        0.14400020454226165,
                        -0.8470805022698037,
                        1.684159482107447,
                        0.0
                    ],
                    [
                        0.0,
                        0.0,
                        0.0,
                        0.0,
                        0.0,
                        1e-09
                    ]
                ],
                "mui": [
                    0.0,
                    0.0,
                    0.0,
                    0.0,
                    0.0,
                    1.0
                ],
                "Ai": [
                    [
                        0.0,
                        0.0,
                        0.0,
                        0.0,
                        0.0,
                        0.0
                    ],
                    [
                        -0.7868953611363616,
                        0.0,
                        0.0,
                        0.0,
                        0.0,
                        0.0
                    ],
                    [
                        0.8911520728783472,
                        -0.0,
                        0.0,
                        0.0,
                        0.0,
                        0.0
                    ],
                    [
                        -0.7317209597712042,
                        0.0,
                        -0.9017971582713402,
                        0.0,
                        0.0,
                        0.0
                    ],
                    [
                        0.0,
                        0.5122394411167472,
                        -0.5276143546588172,
                        -0.6386793904686433,
                        0.0,
                        0.0
                    ],
                    [
                        0.0,
                        0.0,
                        0.0,
                        0.0,
                        0.0,
                        0.0
                    ]
                ]
            },
            "est_params": {
                "mui": [
                    -0.004716523973297908,
                    0.002124952712325997,
                    -0.00047660288471710466,
                    -0.003573045884044618,
                    -0.0018266987892452346,
                    0.9999999532851173
                ],
                "Si": [
                    [
                        1.0033488322459485,
                        -0.7842533910168527,
                        0.8908307295635366,
                        -1.5419626258328996,
                        0.1145326729445999,
                        1.640686223167012e-07
                    ],
                    [
                        -0.7842533910168527,
                        1.6148202636978106,
                        -0.695155871506529,
                        1.20269003937191,
                        0.42931497713473316,
                        3.3951257854099135e-07
                    ],
                    [
                        0.8908307295635366,
                        -0.695155871506529,
                        1.7902788832617564,
                        -2.2679023125076774,
                        0.14675730982366528,
                        -7.45909118697602e-09
                    ],
                    [
                        -1.5419626258328991,
                        1.20269003937191,
                        -2.2679023125076774,
                        4.181977056655162,
                        -0.8568644382906667,
                        1.2850311345387912e-07
                    ],
                    [
                        0.11453267294459987,
                        0.42931497713473316,
                        0.14675730982366528,
                        -0.8568644382906666,
                        1.6860936197488452,
                        -3.883491180816234e-07
                    ],
                    [
                        1.6406862231670114e-07,
                        3.395125785409914e-07,
                        -7.459091186976321e-09,
                        1.2850311345387904e-07,
                        -3.883491180816234e-07,
                        1.0120129826895082e-06
                    ]
                ]
            },
            "est_tgt": [
                5
            ],
            "oracle_est_tgt": [
                5
            ]
        },
        "obs": {
            "intv_type": "obs",
            "noise_type": "gaussian",
            "obs_noise_gamma_shape": null,
            "true_params": {
                "Si": [
                    [
                        1.0,
                        -0.7868953611363616,
                        0.8911520728783472,
                        -1.5353593666805119,
                        0.1073389186214043,
                        -0.11004391809575609
                    ],
                    [
                        -0.7868953611363616,
                        1.619204309377925,
                        -0.7012434322150243,
                        1.2081671633181568,
                        0.42777494398417076,
                        0.35682072553138333
                    ],
                    [
                        0.8911520728783472,
                        -0.7012434322150243,
                        1.794152016995375,
                        -2.2700358405018646,
                        0.14400020454226165,
                        0.674106551714865
                    ],
                    [
                        -1.5353593666805119,
                        1.2081671633181568,
                        -2.2700358405018646,
                        4.170566499519847,
                        -0.8470805022698037,
                        -0.84257958067582
                    ],
                    [
                        0.1073389186214043,
                        0.42777494398417076,
                        0.14400020454226165,
                        -0.8470805022698037,
                        1.684159482107447,
                        -0.5595409170756496
                    ],
                    [
                        -0.11004391809575609,
                        0.35682072553138333,
                        0.674106551714865,
                        -0.84257958067582,
                        -0.5595409170756496,
