{
    "expt_args": {
        "save_dir": "all_expt_logs/expt_logs_sim_compsel_backward_cameraready_cutoff_var",
        "exp_name": "346",
        "num_nodes": 6,
        "num_tgt_prior": 7,
        "obs_noise_mean": 0.0,
        "obs_noise_var": 1.0,
        "obs_noise_gamma_shape": null,
        "noise_type": "gaussian",
        "max_edge_strength": 1.0,
        "graph_sparsity_method": "adj_dense_prop",
        "adj_dense_prop": 0.8,
        "num_parents": null,
        "new_noise_mean": 1.0,
        "mix_samples": 32768,
        "stage2_samples": 32768,
        "gmm_tol": 0.001,
        "intv_type": "do",
        "new_noise_var": null,
        "dtype": "simulation",
        "cutoff_drop_ratio": 0.04,
        "intv_targets": [
            0,
            1,
            2,
            3,
            4,
            5
        ]
    },
    "intv_args_dict": {
        "0": {
            "intv_type": "do",
            "inode": 0,
            "new_mui": 1.0,
            "new_vari": null,
            "noise_type": "gaussian",
            "obs_noise_gamma_shape": null,
            "true_params": {
                "Si": [
                    [
                        1e-09,
                        6.235388631285355e-10,
                        -1.1398669578216745e-09,
                        -1.0973579080224163e-09,
                        -2.3576571443097164e-09,
                        1.5784361805104092e-09
                    ],
                    [
                        6.235388631285355e-10,
                        1.0000000003888008,
                        -0.9185249034396329,
                        -0.08393619777831737,
                        -0.7177287393443487,
                        -0.03381316896629535
                    ],
                    [
                        -1.1398669578216745e-09,
                        -0.9185249034396329,
                        1.843687998232398,
                        0.9481676768138333,
                        2.076664910205833,
                        -1.2120542200236817
                    ],
                    [
                        -1.0973579080224163e-09,
                        -0.08393619777831737,
                        0.9481676768138333,
                        1.7658085593173931,
                        2.1106461517158017,
                        -2.7215846641031725
                    ],
                    [
                        -2.3576571443097164e-09,
                        -0.7177287393443487,
                        2.076664910205833,
                        2.1106461517158017,
                        4.189620494899668,
                        -4.054456211536991
                    ],
                    [
                        1.5784361805104092e-09,
                        -0.03381316896629535,
                        -1.2120542200236817,
                        -2.7215846641031725,
                        -4.054456211536991,
                        6.197014086691777
                    ]
                ],
                "mui": [
                    1.0,
                    0.6235388631285355,
                    -1.1398669578216745,
                    -1.0973579080224163,
                    -2.3576571443097163,
                    1.5784361805104092
                ],
                "Ai": [
                    [
                        0.0,
                        0.0,
                        0.0,
                        0.0,
                        0.0,
                        0.0
                    ],
                    [
                        0.6235388631285355,
                        0.0,
                        0.0,
                        0.0,
                        0.0,
                        0.0
                    ],
                    [
                        -0.5671309842188592,
                        -0.9185249027288815,
                        0.0,
                        0.0,
                        0.0,
                        0.0
                    ],
                    [
                        -0.5510095339014522,
                        0.7161634628766145,
                        0.8710701882917264,
                        0.0,
                        0.0,
                        0.0
                    ],
                    [
                        -0.6567879374946711,
                        0.0,
                        0.7068495676473803,
                        0.8157363554398096,
                        0.0,
                        0.0
                    ],
                    [
                        -0.6521058087021471,
                        0.0,
                        0.8778536946834072,
                        -0.8441038999442073,
                        -0.9776206541949704,
                        0.0
                    ]
                ]
            },
            "est_params": {
                "mui": [
                    1.0000011178963097,
                    0.6483985844534454,
                    -1.1830340772746857,
                    -1.097693751969716,
                    -2.38835172021135,
                    1.5844606799392993
                ],
                "Si": [
                    [
                        1.0107342008594315e-06,
                        1.8622705788899144e-06,
                        -2.630219931515919e-06,
                        -2.0079396127761744e-06,
                        -2.7595200408208646e-06,
                        2.6376590473852585e-06
                    ],
                    [
                        1.8622705788899144e-06,
                        0.9963768158495073,
                        -0.9155385432443408,
                        -0.04331882047840261,
                        -0.6746182872016526,
                        -0.11290324000808716
                    ],
                    [
                        -2.6302199315159187e-06,
                        -0.9155385432443408,
                        1.8760725471807003,
                        0.9492162315338608,
                        2.0921219573086174,
                        -1.2074685425833647
                    ],
                    [
                        -2.0079396127761744e-06,
                        -0.04331882047840261,
                        0.9492162315338608,
                        1.8097657588862937,
                        2.134742061698067,
                        -2.7440494224681897
                    ],
                    [
                        -2.7595200408208646e-06,
                        -0.6746182872016526,
                        2.0921219573086174,
                        2.1347420616980664,
                        4.2308186904744565,
                        -4.060351901603727
                    ],
                    [
                        2.6376590473852585e-06,
                        -0.11290324000808719,
                        -1.2074685425833647,
                        -2.7440494224681897,
                        -4.060351901603726,
                        6.156716429844094
                    ]
                ]
            },
            "est_tgt": [
                0
            ],
            "oracle_est_tgt": [
                0
            ]
        },
        "1": {
            "intv_type": "do",
            "inode": 1,
            "new_mui": 1.0,
            "new_vari": null,
            "noise_type": "gaussian",
            "obs_noise_gamma_shape": null,
            "true_params": {
                "Si": [
                    [
                        1.0,
                        0.0,
                        -0.5671309842188592,
                        -1.0450204271110461,
                        -1.910125383060923,
                        1.5995200060601236
                    ],
                    [
                        0.0,
                        1e-09,
                        -9.185249027288816e-10,
                        -8.393619709407208e-11,
                        -7.177287378742578e-10,
                        -3.381316995051165e-11
                    ],
                    [
                        -0.5671309842188592,
                        -9.185249027288816e-10,
                        1.3216375541047398,
                        1.463733651725124,
                        2.5007044775127607,
                        -2.1502498121477984
                    ],
                    [
                        -1.0450204271110461,
                        -8.393619709407208e-11,
                        1.463733651725124,
                        2.850830966016982,
                        4.046522772028534,
                        -4.39595389117118
                    ],
                    [
                        -1.910125383060923,
                        -7.177287378742578e-10,
                        2.5007044775127607,
                        4.046522772028534,
                        7.323064927699317,
                        -7.134008655872623
                    ],
                    [
                        1.5995200060601236,
                        -3.381316995051165e-11,
                        -2.1502498121477984,
                        -4.39595389117118,
                        -7.134008655872623,
                        8.754335003525934
                    ]
                ],
                "mui": [
                    0.0,
                    1.0,
                    -0.9185249027288815,
                    -0.08393619709407207,
                    -0.7177287378742578,
                    -0.033813169950511646
                ],
                "Ai": [
                    [
                        0.0,
                        0.0,
                        0.0,
                        0.0,
                        0.0,
                        0.0
                    ],
                    [
                        0.0,
                        0.0,
                        0.0,
                        0.0,
                        0.0,
                        0.0
                    ],
                    [
                        -0.5671309842188592,
                        -0.9185249027288815,
                        0.0,
                        0.0,
                        0.0,
                        0.0
                    ],
                    [
                        -0.5510095339014522,
                        0.7161634628766145,
                        0.8710701882917264,
                        0.0,
                        0.0,
                        0.0
                    ],
                    [
                        -0.6567879374946711,
                        0.0,
                        0.7068495676473803,
                        0.8157363554398096,
                        0.0,
                        0.0
                    ],
                    [
                        -0.6521058087021471,
                        0.0,
                        0.8778536946834072,
                        -0.8441038999442073,
                        -0.9776206541949704,
                        0.0
                    ]
                ]
            },
            "est_params": {
                "mui": [
                    0.0013124276302533223,
                    0.999999429131746,
                    -0.9180965651411848,
                    -0.10471124596629033,
                    -0.7197658422486066,
                    -0.013311472602966579
                ],
                "Si": [
                    [
                        0.9819626032384269,
                        1.9143468301042457e-07,
                        -0.5614014197704492,
                        -1.0391211145209418,
                        -1.880254775425784,
                        1.5799583405296702
                    ],
                    [
                        1.9143468301042487e-07,
                        1.0069882954118385e-06,
                        -9.554734341736856e-07,
                        -1.253191560403297e-06,
                        -1.811079679186564e-06,
                        8.298840298796912e-07
                    ],
                    [
                        -0.5614014197704493,
                        -9.554734341736856e-07,
                        1.3449180903624451,
                        1.5128301848059027,
                        2.524901920321737,
                        -2.1950482682230015
                    ],
                    [
                        -1.0391211145209418,
                        -1.2531915604032972e-06,
                        1.5128301848059025,
                        2.959693044326148,
                        4.1447347311590255,
                        -4.532664789964363
                    ],
                    [
                        -1.880254775425784,
                        -1.811079679186565e-06,
                        2.524901920321737,
                        4.1447347311590255,
                        7.354127700318118,
                        -7.218280735294334
                    ],
                    [
                        1.5799583405296702,
                        8.298840298796915e-07,
                        -2.195048268223001,
                        -4.532664789964364,
                        -7.218280735294334,
                        8.896465269634612
                    ]
                ]
            },
            "est_tgt": [
                1
            ],
            "oracle_est_tgt": [
                1
            ]
        },
        "2": {
            "intv_type": "do",
            "inode": 2,
            "new_mui": 1.0,
            "new_vari": null,
            "noise_type": "gaussian",
            "obs_noise_gamma_shape": null,
            "true_params": {
                "Si": [
                    [
                        1.0,
                        0.6235388631285355,
                        0.0,
                        -0.10445378244517295,
                        -0.7419946852983993,
                        0.16145336607435956
                    ],
                    [
                        0.6235388631285355,
                        1.3888007138316265,
                        0.0,
                        0.651032470121276,
                        0.12153805058774347,
                        -1.0749704701425018
                    ],
                    [
                        0.0,
                        0.0,
                        1e-09,
                        8.710701882917265e-10,
                        1.4174131883767421e-09,
                        -1.2431124568642235e-09
                    ],
                    [
                        -0.10445378244517295,
                        0.651032470121276,
                        8.710701882917265e-10,
                        1.5238006989852908,
                        1.3116236135582933,
                        -2.5004015288575427
                    ],
                    [
                        -0.7419946852983993,
                        0.12153805058774347,
                        1.4174131883767421e-09,
                        1.3116236135582933,
                        2.5572722262238763,
                        -3.1233297086655947
                    ],
                    [
                        0.16145336607435956,
                        -1.0749704701425018,
                        -1.2431124568642235e-09,
                        -2.5004015288575427,
                        -3.1233297086655947,
                        6.058745636044481
                    ]
                ],
                "mui": [
                    0.0,
                    0.0,
                    1.0,
                    0.8710701882917264,
                    1.417413188376742,
                    -1.2431124568642233
                ],
                "Ai": [
                    [
                        0.0,
                        0.0,
                        0.0,
                        0.0,
                        0.0,
                        0.0
                    ],
                    [
                        0.6235388631285355,
                        0.0,
                        0.0,
                        0.0,
                        0.0,
                        0.0
                    ],
                    [
                        0.0,
                        0.0,
                        0.0,
                        0.0,
                        0.0,
                        0.0
                    ],
                    [
                        -0.5510095339014522,
                        0.7161634628766145,
                        0.8710701882917264,
                        0.0,
                        0.0,
                        0.0
                    ],
                    [
                        -0.6567879374946711,
                        0.0,
                        0.7068495676473803,
                        0.8157363554398096,
                        0.0,
                        0.0
                    ],
                    [
                        -0.6521058087021471,
                        0.0,
                        0.8778536946834072,
                        -0.8441038999442073,
                        -0.9776206541949704,
                        0.0
                    ]
                ]
            },
            "est_params": {
                "mui": [
                    -0.015806858516887904,
                    -0.009226873434049316,
                    0.9999985348044047,
                    0.8781651776540662,
                    1.4398182151105032,
                    -1.2688192617923635
                ],
                "Si": [
                    [
                        1.0187480673629805,
                        0.6289607314372773,
                        9.717025328386142e-08,
                        -0.11031588358053057,
                        -0.7905811227703956,
                        0.19884220228000557
                    ],
                    [
                        0.6289607314372773,
                        1.4027468442992346,
                        1.800310313927029e-06,
                        0.6680268546606473,
                        0.1065007455045211,
                        -1.075343294391151
                    ],
                    [
                        9.717025328386165e-08,
                        1.800310313927029e-06,
                        1.0057614585492586e-06,
                        6.556858684802113e-07,
                        1.8512424011831911e-06,
                        -3.671766977646357e-06
                    ],
                    [
                        -0.11031588358053057,
                        0.6680268546606473,
                        6.55685868480211e-07,
                        1.5527775999925109,
                        1.3360749064739845,
                        -2.545395823962169
                    ],
                    [
                        -0.7905811227703956,
                        0.10650074550452106,
                        1.8512424011831911e-06,
                        1.3360749064739845,
                        2.6081532685163444,
                        -3.1727268748325037
                    ],
                    [
                        0.1988422022800056,
                        -1.075343294391151,
                        -3.6717669776463566e-06,
                        -2.545395823962169,
                        -3.1727268748325037,
                        6.142256245769529
                    ]
                ]
            },
            "est_tgt": [
                2,
                3
            ],
            "oracle_est_tgt": [
                2,
                3
            ]
        },
        "3": {
            "intv_type": "do",
            "inode": 3,
            "new_mui": 1.0,
            "new_vari": null,
            "noise_type": "gaussian",
            "obs_noise_gamma_shape": null,
            "true_params": {
                "Si": [
                    [
                        1.0,
                        0.6235388631285355,
                        -1.1398669578216745,
                        0.0,
                        -1.4625024038064565,
                        -0.2229696723024548
                    ],
                    [
                        0.6235388631285355,
                        1.3888007138316265,
                        -1.6292762497267907,
                        0.0,
                        -1.56118601655949,
                        -0.3106317952513114
                    ],
                    [
                        -1.1398669578216745,
                        -1.6292762497267907,
                        3.1429846784667403,
                        0.0,
                        2.9702682293425786,
                        0.5985990071640996
                    ],
                    [
                        0.0,
                        0.0,
                        0.0,
                        1e-09,
                        8.157363554398097e-10,
                        -1.641584609399895e-09
                    ],
                    [
                        -1.4625024038064565,
                        -1.56118601655949,
                        2.9702682293425786,
                        8.157363554398097e-10,
                        4.060086751750019,
                        -0.4080574149305837
                    ],
                    [
                        -0.2229696723024548,
                        -0.3106317952513114,
                        0.5985990071640996,
                        -1.641584609399895e-09,
                        -0.4080574149305837,
                        2.069807526864883
                    ]
                ],
                "mui": [
                    0.0,
                    0.0,
                    0.0,
                    1.0,
                    0.8157363554398096,
                    -1.641584609399895
                ],
                "Ai": [
                    [
                        0.0,
                        0.0,
                        0.0,
                        0.0,
                        0.0,
                        0.0
                    ],
                    [
                        0.6235388631285355,
                        0.0,
                        0.0,
                        0.0,
                        0.0,
                        0.0
                    ],
                    [
                        -0.5671309842188592,
                        -0.9185249027288815,
                        0.0,
                        0.0,
                        0.0,
                        0.0
                    ],
                    [
                        0.0,
                        0.0,
                        0.0,
                        0.0,
                        0.0,
                        0.0
                    ],
                    [
                        -0.6567879374946711,
                        0.0,
                        0.7068495676473803,
                        0.8157363554398096,
                        0.0,
                        0.0
                    ],
                    [
                        -0.6521058087021471,
                        0.0,
                        0.8778536946834072,
                        -0.8441038999442073,
                        -0.9776206541949704,
                        0.0
                    ]
                ]
            },
            "est_params": {
                "mui": [
                    0.005714707279630054,
                    0.016540490227251584,
                    -0.03603597778454376,
                    0.9999999684857154,
                    0.7904177648976743,
                    -1.6686921414497904
                ],
                "Si": [
                    [
                        1.027741568019578,
                        0.6675195737147653,
                        -1.17819695887613,
                        -2.348238926718647e-06,
                        -1.4917139167205287,
                        -0.2392127816651915
                    ],
                    [
                        0.6675195737147653,
                        1.4255054805090195,
                        -1.6876351313692504,
                        -7.170298378571312e-07,
                        -1.635240583473528,
                        -0.33031665302655383
                    ],
                    [
                        -1.17819695887613,
                        -1.6876351313692504,
                        3.2523691201998544,
                        4.196061661344877e-06,
                        3.0600897843528765,
                        0.6658957440831587
                    ],
                    [
                        -2.348238926718647e-06,
                        -7.170298378571307e-07,
                        4.196061661344877e-06,
                        1.0132399867106326e-06,
                        4.984410762615072e-06,
                        1.946426025543612e-06
                    ],
                    [
                        -1.4917139167205287,
                        -1.635240583473528,
                        3.0600897843528765,
                        4.984410762615072e-06,
                        4.111352036273672,
                        -0.33347431985311965
                    ],
                    [
                        -0.2392127816651915,
                        -0.3303166530265539,
                        0.6658957440831587,
                        1.946426025543612e-06,
                        -0.33347431985311965,
                        2.084543199672726
                    ]
                ]
            },
            "est_tgt": [
                2,
                3
            ],
            "oracle_est_tgt": [
                2,
                3
            ]
        },
        "4": {
            "intv_type": "do",
            "inode": 4,
            "new_mui": 1.0,
            "new_vari": null,
            "noise_type": "gaussian",
            "obs_noise_gamma_shape": null,
            "true_params": {
                "Si": [
                    [
                        1.0,
                        0.6235388631285355,
                        -1.1398669578216745,
                        -1.0973579080224163,
                        0.0,
                        -0.7264581392771011
                    ],
                    [
                        0.6235388631285355,
                        1.3888007138316265,
                        -1.6292762497267907,
                        -0.7681814995074775,
                        0.0,
                        -1.1884544904809888
                    ],
                    [
                        -1.1398669578216745,
                        -1.6292762497267907,
                        3.1429846784667403,
                        2.1990096958220597,
                        0.0,
                        1.6462019164100021
                    ],
                    [
                        -1.0973579080224163,
                        -0.7681814995074775,
                        2.1990096958220597,
                        2.9700029364125324,
                        0.0,
                        0.13901119069711831
                    ],
                    [
                        0.0,
                        0.0,
                        0.0,
                        0.0,
                        1e-09,
                        -9.776206541949704e-10
                    ],
                    [
                        -0.7264581392771011,
                        -1.1884544904809888,
                        1.6462019164100021,
                        0.13901119069711831,
                        -9.776206541949704e-10,
                        2.8015121196693933
                    ]
                ],
                "mui": [
                    0.0,
                    0.0,
                    0.0,
                    0.0,
                    1.0,
                    -0.9776206541949704
                ],
                "Ai": [
                    [
                        0.0,
                        0.0,
                        0.0,
                        0.0,
                        0.0,
                        0.0
                    ],
                    [
                        0.6235388631285355,
                        0.0,
                        0.0,
                        0.0,
                        0.0,
                        0.0
                    ],
                    [
                        -0.5671309842188592,
                        -0.9185249027288815,
                        0.0,
                        0.0,
                        0.0,
                        0.0
                    ],
                    [
                        -0.5510095339014522,
                        0.7161634628766145,
                        0.8710701882917264,
                        0.0,
                        0.0,
                        0.0
                    ],
                    [
                        0.0,
                        0.0,
                        0.0,
                        0.0,
                        0.0,
                        0.0
                    ],
                    [
                        -0.6521058087021471,
                        0.0,
                        0.8778536946834072,
                        -0.8441038999442073,
                        -0.9776206541949704,
                        0.0
                    ]
                ]
            },
            "est_params": {
                "mui": [
                    -0.009023445860866907,
                    -0.013051577948343026,
                    0.02130937673441141,
                    0.0024465660808485994,
                    0.9999992461395285,
                    -0.9357892251802924
                ],
                "Si": [
                    [
                        0.9816522024448546,
                        0.6181648522224089,
                        -1.1114626290669574,
                        -1.0726528195555523,
                        8.225520450175543e-07,
                        -0.6998070482633283
                    ],
                    [
                        0.6181648522224089,
                        1.3922684584572738,
                        -1.6358239536559473,
                        -0.7974503299311234,
                        1.4353521769267468e-06,
                        -1.1529063582764618
                    ],
                    [
                        -1.1114626290669576,
                        -1.6358239536559473,
                        3.103962169511818,
                        2.186472073325041,
                        -1.3998290257360175e-06,
                        1.5925073219917703
                    ],
                    [
                        -1.0726528195555523,
                        -0.7974503299311235,
                        2.186472073325041,
                        2.937202026432958,
                        6.153018133486203e-07,
                        0.12444755102618386
                    ],
                    [
                        8.225520450175545e-07,
                        1.4353521769267464e-06,
                        -1.3998290257360175e-06,
                        6.153018133486204e-07,
                        1.0061652564553793e-06,
                        -2.385153494385615e-06
                    ],
                    [
                        -0.6998070482633283,
                        -1.1529063582764618,
                        1.5925073219917705,
                        0.12444755102618389,
                        -2.385153494385615e-06,
                        2.726067776792103
                    ]
                ]
            },
            "est_tgt": [
                4,
                5
            ],
            "oracle_est_tgt": [
                4,
                5
            ]
        },
        "5": {
            "intv_type": "do",
            "inode": 5,
            "new_mui": 1.0,
            "new_vari": null,
            "noise_type": "gaussian",
            "obs_noise_gamma_shape": null,
            "true_params": {
                "Si": [
                    [
                        1.0,
                        0.6235388631285355,
                        -1.1398669578216745,
                        -1.0973579080224163,
                        -2.3576571443097163,
                        0.0
                    ],
                    [
                        0.6235388631285355,
                        1.3888007138316265,
                        -1.6292762497267907,
                        -0.7681814995074775,
                        -2.187819593284008,
                        0.0
                    ],
                    [
                        -1.1398669578216745,
                        -1.6292762497267907,
                        3.1429846784667403,
                        2.1990096958220597,
                        4.7640803841892705,
                        0.0
                    ],
                    [
                        -1.0973579080224163,
                        -0.7681814995074775,
                        2.1990096958220597,
                        2.9700029364125324,
                        4.697839860842422,
                        0.0
                    ],
                    [
                        -2.3576571443097163,
                        -2.187819593284008,
                        4.7640803841892705,
                        4.697839860842422,
                        9.748167699455767,
                        0.0
                    ],
                    [
                        0.0,
                        0.0,
                        0.0,
                        0.0,
                        0.0,
                        1e-09
                    ]
                ],
                "mui": [
                    0.0,
                    0.0,
                    0.0,
                    0.0,
                    0.0,
                    1.0
                ],
                "Ai": [
                    [
                        0.0,
                        0.0,
                        0.0,
                        0.0,
                        0.0,
                        0.0
                    ],
                    [
                        0.6235388631285355,
                        0.0,
                        0.0,
                        0.0,
                        0.0,
                        0.0
                    ],
                    [
                        -0.5671309842188592,
                        -0.9185249027288815,
                        0.0,
                        0.0,
                        0.0,
                        0.0
                    ],
                    [
                        -0.5510095339014522,
                        0.7161634628766145,
                        0.8710701882917264,
                        0.0,
                        0.0,
                        0.0
                    ],
                    [
                        -0.6567879374946711,
                        0.0,
                        0.7068495676473803,
                        0.8157363554398096,
                        0.0,
                        0.0
                    ],
                    [
                        0.0,
                        0.0,
                        0.0,
                        0.0,
                        0.0,
                        0.0
                    ]
                ]
            },
            "est_params": {
                "mui": [
                    0.0171346013641686,
                    -0.011388498819482944,
                    0.010192686112318003,
                    -0.008031330287750285,
                    -0.008170552339055195,
                    0.99999971849481
                ],
                "Si": [
                    [
                        0.9890224879387064,
                        0.5922055004422871,
                        -1.0939826691042644,
                        -1.0557911647647567,
                        -2.2824415489515903,
                        1.5547782414918243e-06
                    ],
                    [
                        0.5922055004422871,
                        1.332915019494201,
                        -1.5526459853790024,
                        -0.704150823486621,
                        -2.050055835803327,
                        3.197755722016358e-07
                    ],
                    [
                        -1.0939826691042644,
                        -1.552645985379003,
                        3.0059088298416725,
                        2.0784934799452164,
                        4.538938268755263,
                        -7.582154222920659e-07
                    ],
                    [
                        -1.0557911647647567,
                        -0.7041508234866211,
                        2.0784934799452164,
                        2.878474154644624,
                        4.512529599938348,
                        3.2893527099377503e-07
                    ],
                    [
                        -2.2824415489515903,
                        -2.050055835803327,
                        4.538938268755264,
                        4.512529599938348,
                        9.365217951460705,
                        -1.015643227133212e-06
                    ],
                    [
                        1.5547782414918247e-06,
                        3.1977557220163545e-07,
                        -7.582154222920663e-07,
                        3.2893527099377524e-07,
                        -1.0156432271332115e-06,
                        1.0066968251874156e-06
                    ]
                ]
            },
            "est_tgt": [
                4,
                5
            ],
            "oracle_est_tgt": [
                4,
                5
            ]
        },
        "obs": {
            "intv_type": "obs",
            "noise_type": "gaussian",
            "obs_noise_gamma_shape": null,
            "true_params": {
                "Si": [
                    [
                        1.0,
                        0.6235388631285355,
                        -1.1398669578216745,
                        -1.0973579080224163,
                        -2.3576571443097163,
                        1.5784361805104092
                    ],
                    [
                        0.6235388631285355,
                        1.3888007138316265,
                        -1.6292762497267907,
                        -0.7681814995074775,
                        -2.187819593284008,
                        0.9504031315658967
                    ],
                    [
                        -1.1398669578216745,
                        -1.6292762497267907,
                        3.1429846784667403,
                        2.1990096958220597,
                        4.7640803841892705,
                        -3.011261465418538
                    ],
                    [
                        -1.0973579080224163,
                        -0.7681814995074775,
                        2.1990096958220597,
                        2.9700029364125324,
                        4.697839860842422,
                        -4.453694087362859
                    ],
                    [
                        -2.3576571443097163,
                        -2.187819593284008,
                        4.7640803841892705,
                        4.697839860842422,
