{
    "expt_args": {
        "save_dir": "all_expt_logs/expt_logs_sim_compsel_backward_cameraready_cutoff_var",
        "exp_name": "450",
        "num_nodes": 6,
        "num_tgt_prior": 7,
        "obs_noise_mean": 0.0,
        "obs_noise_var": 1.0,
        "obs_noise_gamma_shape": null,
        "noise_type": "gaussian",
        "max_edge_strength": 1.0,
        "graph_sparsity_method": "adj_dense_prop",
        "adj_dense_prop": 0.8,
        "num_parents": null,
        "new_noise_mean": 1.0,
        "mix_samples": 131072,
        "stage2_samples": 131072,
        "gmm_tol": 0.001,
        "intv_type": "do",
        "new_noise_var": null,
        "dtype": "simulation",
        "cutoff_drop_ratio": 0.01,
        "intv_targets": [
            3,
            2,
            5
        ]
    },
    "intv_args_dict": {
        "3": {
            "intv_type": "do",
            "inode": 3,
            "new_mui": 1.0,
            "new_vari": null,
            "noise_type": "gaussian",
            "obs_noise_gamma_shape": null,
            "true_params": {
                "Si": [
                    [
                        1.0,
                        0.8749997883066687,
                        -1.660289756851506,
                        0.0,
                        -1.5339291237099422,
                        0.7265283941561556
                    ],
                    [
                        0.8749997883066687,
                        1.765624629536715,
                        -2.252133277354492,
                        0.0,
                        -1.1418143030918932,
                        2.3658606084062765
                    ],
                    [
                        -1.660289756851506,
                        -2.252133277354492,
                        4.39557060752319,
                        0.0,
                        3.354342749677361,
                        -2.519239975947907
                    ],
                    [
                        0.0,
                        0.0,
                        0.0,
                        1e-09,
                        8.592104281162347e-10,
                        1.741408657343143e-09
                    ],
                    [
                        -1.5339291237099422,
                        -1.1418143030918932,
                        3.354342749677361,
                        8.592104281162347e-10,
                        4.32962889310868,
                        0.22385577820992675
                    ],
                    [
                        0.7265283941561556,
                        2.3658606084062765,
                        -2.519239975947907,
                        1.741408657343143e-09,
                        0.22385577820992675,
                        5.37962375392862
                    ]
                ],
                "mui": [
                    0.0,
                    0.0,
                    0.0,
                    1.0,
                    0.8592104281162347,
                    1.7414086573431429
                ],
                "Ai": [
                    [
                        0.0,
                        0.0,
                        0.0,
                        0.0,
                        0.0,
                        0.0
                    ],
                    [
                        0.8749997883066687,
                        0.0,
                        0.0,
                        0.0,
                        0.0,
                        0.0
                    ],
                    [
                        -0.9608323459409585,
                        -0.7993800915816938,
                        0.0,
                        0.0,
                        0.0,
                        0.0
                    ],
                    [
                        0.0,
                        0.0,
                        0.0,
                        0.0,
                        0.0,
                        0.0
                    ],
                    [
                        -0.7794098714715192,
                        0.9739737660552179,
                        0.9677504090610929,
                        0.8592104281162347,
                        0.0,
                        0.0
                    ],
                    [
                        0.0,
                        0.8863633384050321,
                        -0.8239815621443233,
                        0.9476455509720818,
                        0.9238285295388433,
                        0.0
                    ]
                ]
            },
            "est_params": {
                "mui": [
                    0.0022056688394936495,
                    0.014469071476746889,
                    -0.012450010693158738,
                    1.000000011034637,
                    0.8507086363680171,
                    1.7442501202671086
                ],
                "Si": [
                    [
                        0.9915024538728733,
                        0.8742929230797943,
                        -1.6590089875653282,
                        5.526629858877919e-07,
                        -1.5222968542062791,
                        0.7350332514113295
                    ],
                    [
                        0.8742929230797944,
                        1.7580982869391961,
                        -2.2691270587233174,
                        1.2308403003256653e-06,
                        -1.1648014011317673,
                        2.356378070917329
                    ],
                    [
                        -1.6590089875653282,
                        -2.2691270587233174,
                        4.429632603399224,
                        -8.035044871979276e-07,
                        3.3596936118645404,
                        -2.559287557079119
                    ],
                    [
                        5.52662985887792e-07,
                        1.2308403003256658e-06,
                        -8.035044871979278e-07,
                        1.012341787961771e-06,
                        2.1170487902423987e-07,
                        2.9441336102906382e-06
                    ],
                    [
                        -1.5222968542062791,
                        -1.1648014011317673,
                        3.3596936118645413,
                        2.1170487902423977e-07,
                        4.281857808177175,
                        0.1631314356772388
                    ],
                    [
                        0.7350332514113295,
                        2.356378070917329,
                        -2.559287557079119,
                        2.9441336102906387e-06,
                        0.1631314356772388,
                        5.359627665194783
                    ]
                ]
            },
            "est_tgt": [
                2,
                3
            ],
            "oracle_est_tgt": [
                2,
                3
            ]
        },
        "2": {
            "intv_type": "do",
            "inode": 2,
            "new_mui": 1.0,
            "new_vari": null,
            "noise_type": "gaussian",
            "obs_noise_gamma_shape": null,
            "true_params": {
                "Si": [
                    [
                        1.0,
                        0.8749997883066687,
                        0.0,
                        -0.06706016331934928,
                        0.015198176007882626,
                        0.7260589766431874
                    ],
                    [
                        0.8749997883066687,
                        1.765624629536715,
                        0.0,
                        0.7125071864946027,
                        1.6498822020719375,
                        3.7643974549759833
                    ],
                    [
                        0.0,
                        0.0,
                        1e-09,
                        0.0,
                        9.67750409061093e-10,
                        7.005387521920027e-11
                    ],
                    [
                        -0.06706016331934928,
                        0.7125071864946027,
                        0.0,
                        1.5992230847038622,
                        2.1202998123069197,
                        4.105830347475384
                    ],
                    [
                        0.015198176007882626,
                        1.6498822020719375,
                        9.67750409061093e-10,
                        2.1202998123069197,
                        4.416880083894117,
                        7.552127612719017
                    ],
                    [
                        0.7260589766431874,
                        3.7643974549759833,
                        7.005387521920027e-11,
                        4.105830347475384,
                        7.552127612719017,
                        15.204366704397305
                    ]
                ],
                "mui": [
                    0.0,
                    0.0,
                    1.0,
                    0.0,
                    0.9677504090610929,
                    0.07005387521920026
                ],
                "Ai": [
                    [
                        0.0,
                        0.0,
                        0.0,
                        0.0,
                        0.0,
                        0.0
                    ],
                    [
                        0.8749997883066687,
                        0.0,
                        0.0,
                        0.0,
                        0.0,
                        0.0
                    ],
                    [
                        0.0,
                        0.0,
                        0.0,
                        0.0,
                        0.0,
                        0.0
                    ],
                    [
                        -0.7418467133671551,
                        0.7711848152028439,
                        -0.0,
                        0.0,
                        0.0,
                        0.0
                    ],
                    [
                        -0.7794098714715192,
                        0.9739737660552179,
                        0.9677504090610929,
                        0.8592104281162347,
                        0.0,
                        0.0
                    ],
                    [
                        0.0,
                        0.8863633384050321,
                        -0.8239815621443233,
                        0.9476455509720818,
                        0.9238285295388433,
                        0.0
                    ]
                ]
            },
            "est_params": {
                "mui": [
                    -0.004743705804425097,
                    -0.00824988000959504,
                    1.0000003729324838,
                    -0.0013780107419270134,
                    0.9589968691072817,
                    0.05769981290866114
                ],
                "Si": [
                    [
                        1.017304248445032,
                        0.8887521562440018,
                        -6.614937290584919e-07,
                        -0.07110891865301867,
                        0.010705208188020825,
                        0.7385573043407869
                    ],
                    [
                        0.8887521562440017,
                        1.7776971878852252,
                        -5.971304454255656e-07,
                        0.7030652565215587,
                        1.6484369430191697,
                        3.771334369205335
                    ],
                    [
                        -6.614937290584918e-07,
                        -5.971304454255658e-07,
                        1.0082791264622481e-06,
                        8.538811388167073e-07,
                        8.281079401833187e-07,
                        8.307230160256936e-07
                    ],
                    [
                        -0.07110891865301867,
                        0.7030652565215587,
                        8.538811388167071e-07,
                        1.588988290488243,
                        2.1070776499989265,
                        4.069164024220947
                    ],
                    [
                        0.010705208188020832,
                        1.6484369430191697,
                        8.281079401833185e-07,
                        2.1070776499989265,
                        4.404515226486578,
                        7.523942644173504
                    ],
                    [
                        0.7385573043407869,
                        3.771334369205335,
                        8.307230160256932e-07,
                        4.069164024220947,
                        7.523942644173504,
                        15.1454724868457
                    ]
                ]
            },
            "est_tgt": [
                2
            ],
            "oracle_est_tgt": [
                2
            ]
        },
        "5": {
            "intv_type": "do",
            "inode": 5,
            "new_mui": 1.0,
            "new_vari": null,
            "noise_type": "gaussian",
            "obs_noise_gamma_shape": null,
            "true_params": {
                "Si": [
                    [
                        1.0,
                        0.8749997883066687,
                        -1.660289756851506,
                        -0.06706016331934928,
                        -1.5915479153451049,
                        0.0
                    ],
                    [
                        0.8749997883066687,
                        1.765624629536715,
                        -2.252133277354492,
                        0.7125071864946027,
                        -0.529620698347972,
                        0.0
                    ],
                    [
                        -1.660289756851506,
                        -2.252133277354492,
                        4.39557060752319,
                        -0.5051304859513562,
                        2.9203293685885345,
                        0.0
                    ],
                    [
                        -0.06706016331934928,
                        0.7125071864946027,
                        -0.5051304859513562,
                        1.5992230847038622,
                        1.6314595778982661,
                        0.0
                    ],
                    [
                        -1.5915479153451049,
                        -0.529620698347972,
                        2.9203293685885345,
                        1.6314595778982661,
                        5.952548513414102,
                        0.0
                    ],
                    [
                        0.0,
                        0.0,
                        0.0,
                        0.0,
                        0.0,
                        1e-09
                    ]
                ],
                "mui": [
                    0.0,
                    0.0,
                    0.0,
                    0.0,
                    0.0,
                    1.0
                ],
                "Ai": [
                    [
                        0.0,
                        0.0,
                        0.0,
                        0.0,
                        0.0,
                        0.0
                    ],
                    [
                        0.8749997883066687,
                        0.0,
                        0.0,
                        0.0,
                        0.0,
                        0.0
                    ],
                    [
                        -0.9608323459409585,
                        -0.7993800915816938,
                        0.0,
                        0.0,
                        0.0,
                        0.0
                    ],
                    [
                        -0.7418467133671551,
                        0.7711848152028439,
                        -0.0,
                        0.0,
                        0.0,
                        0.0
                    ],
                    [
                        -0.7794098714715192,
                        0.9739737660552179,
                        0.9677504090610929,
                        0.8592104281162347,
                        0.0,
                        0.0
                    ],
                    [
                        0.0,
                        0.0,
                        0.0,
                        0.0,
                        0.0,
                        0.0
                    ]
                ]
            },
            "est_params": {
                "mui": [
                    -0.006667280761365327,
                    -0.009687984047096906,
                    0.011130059729744304,
                    -0.004832567004287531,
                    -0.007350080522754177,
                    0.9999991570915857
                ],
                "Si": [
                    [
                        1.003131107968201,
                        0.8823430751615889,
                        -1.6656282705182537,
                        -0.07012529270181414,
                        -1.593961781909076,
                        4.4658909626515004e-07
                    ],
                    [
                        0.8823430751615889,
                        1.7708367974144419,
                        -2.2590880371287843,
                        0.7054518572315966,
                        -0.5320330628181402,
                        3.7710716690888637e-07
                    ],
                    [
                        -1.6656282705182537,
                        -2.2590880371287843,
                        4.396782359856048,
                        -0.49276277099991794,
                        2.913964604481758,
                        -8.531695258270883e-07
                    ],
                    [
                        -0.07012529270181413,
                        0.7054518572315966,
                        -0.4927627709999179,
                        1.5808388159498208,
                        1.6312193949282212,
                        -1.7816803170273873e-07
                    ],
                    [
                        -1.593961781909076,
                        -0.5320330628181402,
                        2.913964604481758,
                        1.6312193949282212,
                        5.95395946469221,
                        -8.24667241889902e-07
                    ],
                    [
                        4.4658909626514993e-07,
                        3.7710716690888637e-07,
                        -8.531695258270884e-07,
                        -1.7816803170273863e-07,
                        -8.24667241889902e-07,
                        1.005301656644682e-06
                    ]
                ]
            },
            "est_tgt": [
                4,
                5
            ],
            "oracle_est_tgt": [
                4,
                5
            ]
        },
        "obs": {
            "intv_type": "obs",
            "noise_type": "gaussian",
            "obs_noise_gamma_shape": null,
            "true_params": {
                "Si": [
                    [
                        1.0,
                        0.8749997883066687,
                        -1.660289756851506,
                        -0.06706016331934928,
                        -1.5915479153451049,
                        0.6097492451889956
                    ],
                    [
                        0.8749997883066687,
                        1.765624629536715,
                        -2.252133277354492,
                        0.7125071864946027,
                        -0.529620698347972,
                        3.606626791387183
                    ],
                    [
                        -1.660289756851506,
                        -2.252133277354492,
                        4.39557060752319,
                        -0.5051304859513562,
                        2.9203293685885345,
                        -3.3988785772715477
                    ],
                    [
                        -0.06706016331934928,
                        0.7125071864946027,
                        -0.5051304859513562,
                        1.5992230847038622,
                        1.6314595778982661,
                        4.070443999443134
                    ],
                    [
                        -1.5915479153451049,
                        -0.529620698347972,
                        2.9203293685885345,
                        1.6314595778982661,
                        5.952548513414102,
                        4.169445625360421
                    ],
                    [
                        0.6097492451889956,
                        3.606626791387183,
                        -3.3988785772715477,
                        4.070443999443134,
                        4.169445625360421,
                        14.70658601045623
                    ]
                ],
                "mui": [
                    0.0,
                    0.0,
                    0.0,
                    0.0,
                    0.0,
                    0.0
                ],
                "Ai": [
                    [
                        0.0,
                        0.0,
                        0.0,
                        0.0,
                        0.0,
                        0.0
                    ],
                    [
                        0.8749997883066687,
                        0.0,
                        0.0,
                        0.0,
                        0.0,
                        0.0
                    ],
                    [
                        -0.9608323459409585,
                        -0.7993800915816938,
                        0.0,
                        0.0,
                        0.0,
                        0.0
                    ],
                    [
                        -0.7418467133671551,
                        0.7711848152028439,
                        -0.0,
                        0.0,
                        0.0,
                        0.0
                    ],
                    [
                        -0.7794098714715192,
                        0.9739737660552179,
                        0.9677504090610929,
                        0.8592104281162347,
                        0.0,
                        0.0
                    ],
                    [
                        0.0,
                        0.8863633384050321,
                        -0.8239815621443233,
                        0.9476455509720818,
                        0.9238285295388433,
                        0.0
                    ]
                ]
            },
            "est_params": {
                "mui": [
                    -0.003896271179922976,
                    -0.002715242275130016,
                    0.008043773510303194,
                    0.0004102206206045326,
                    0.00934854827538566,
                    -0.002295331399364033
                ],
                "Si": [
                    [
                        1.001395334898726,
                        0.871264832787093,
                        -1.6566076131737428,
                        -0.07761850722660368,
                        -1.5959107083345008,
                        0.59253993098741
                    ],
                    [
                        0.871264832787093,
                        1.7622152449979682,
                        -2.2276389540979626,
                        0.7131184176999497,
                        -0.5004879268746115,
                        3.618339256065788
                    ],
                    [
                        -1.6566076131737428,
                        -2.2276389540979626,
                        4.360208936347982,
                        -0.48971771721472945,
                        2.9214299507946557,
                        -3.3384359197053093
                    ],
                    [
                        -0.07761850722660368,
                        0.7131184176999497,
                        -0.48971771721472945,
                        1.5915227496574678,
                        1.64794343875869,
                        4.072272935920055
                    ],
                    [
                        -1.5959107083345008,
                        -0.5004879268746115,
                        2.9214299507946557,
                        1.64794343875869,
                        5.990059488834391,
                        4.250901896242944
                    ],
                    [
                        0.59253993098741,
                        3.618339256065788,
                        -3.3384359197053093,
                        4.072272935920055,
                        4.250901896242944,
                        14.7708271056589
                    ]
                ]
            },
            "est_tgt": [
                0,
                1,
                2,
                3,
                4,
                5
            ],
            "oracle_est_tgt": [
                0,
                1,
                2,
                3,
                4,
                5
            ]
        }
    },
    "metric_dict": {
        "param_est_rel_err": 1.8384065124721602,
        "est_num_comp": 4,
        "weight_precision_error": 0.0014289732484500106,
        "gm_score_dict": {
            "1": -9.353358073648035,
            "2": -7.4081573534352625,
            "3": -5.811669058153165,
            "4": -4.333686719971672,
            "5": -4.333853712861718,
            "6": -4.334106460120623,
            "7": -4.334530431952617
        },
        "est_dag": {
            "amat": [
                [
                    0,
                    1,
                    1,
                    1,
                    1,
                    1
                ],
                [
                    0,
                    0,
                    1,
                    1,
                    1,
                    1
                ],
                [
                    0,
                    0,
                    0,
                    0,
                    1,
                    1
                ],
                [
                    0,
                    0,
                    0,
                    0,
                    0,
                    1
                ],
                [
                    0,
                    0,
                    0,
                    0,
                    0,
                    0
                ],
                [
                    0,
                    0,
                    0,
                    0,
                    1,
                    0
                ]
            ],
            "nodes": [
                0,
                1,
                2,
                3,
                4,
                5
            ]
        },
        "oracle_est_dag": {
            "amat": [
                [
                    0,
                    1,
                    1,
                    1,
                    1,
                    1
                ],
                [
                    0,
                    0,
                    1,
                    1,
                    1,
                    1
                ],
                [
                    0,
                    0,
                    0,
                    0,
                    1,
                    1
                ],
                [
                    0,
                    0,
                    0,
                    0,
                    0,
                    1
                ],
                [
                    0,
                    0,
                    0,
                    0,
                    0,
                    0
                ],
                [
                    0,
                    0,
                    0,
                    0,
                    1,
                    0
                ]
            ],
            "nodes": [
                0,
                1,
                2,
                3,
                4,
                5
            ]
        },
        "igsp_dag": null,
        "intv_base_est_dag": null,
        "act_dag": {
            "amat": [
                [
                    0,
                    1,
                    1,
                    1,
                    1,
                    0
                ],
                [
                    0,
                    0,
                    1,
                    1,
                    1,
                    1
                ],
                [
                    0,
                    0,
                    0,
                    0,
                    1,
                    1
                ],
                [
                    0,
                    0,
                    0,
                    0,
                    1,
                    1
                ],
                [
                    0,
                    0,
                    0,
                    0,
                    0,
                    1
                ],
                [
                    0,
                    0,
                    0,
                    0,
                    0,
                    0
                ]
            ],
            "nodes": [
                0,
                1,
                2,
                3,
                4,
                5
            ]
        },
        "shd": 3,
        "oracle_shd": 3,
        "intv_base_shd": null,
        "igsp_shd": null,
        "avg_js": 0.5,
        "avg_oracle_js": 0.5
    }
}