{
    "expt_args": {
        "save_dir": "all_expt_logs/expt_logs_sim_compsel_backward_cameraready_cutoff_var",
        "exp_name": "315",
        "num_nodes": 6,
        "num_tgt_prior": 7,
        "obs_noise_mean": 0.0,
        "obs_noise_var": 1.0,
        "obs_noise_gamma_shape": null,
        "noise_type": "gaussian",
        "max_edge_strength": 1.0,
        "graph_sparsity_method": "adj_dense_prop",
        "adj_dense_prop": 0.8,
        "num_parents": null,
        "new_noise_mean": 1.0,
        "mix_samples": 65536,
        "stage2_samples": 65536,
        "gmm_tol": 0.001,
        "intv_type": "do",
        "new_noise_var": null,
        "dtype": "simulation",
        "cutoff_drop_ratio": 0.01,
        "intv_targets": [
            3,
            4,
            2
        ]
    },
    "intv_args_dict": {
        "3": {
            "intv_type": "do",
            "inode": 3,
            "new_mui": 1.0,
            "new_vari": null,
            "noise_type": "gaussian",
            "obs_noise_gamma_shape": null,
            "true_params": {
                "Si": [
                    [
                        1.0,
                        0.7934852325122816,
                        -0.32897914891872304,
                        0.0,
                        0.29057550515529906,
                        0.5950129114655633
                    ],
                    [
                        0.7934852325122816,
                        1.6296188142150698,
                        0.42623363098894157,
                        0.0,
                        -0.3307498984616908,
                        2.1664942527562783
                    ],
                    [
                        -0.32897914891872304,
                        0.42623363098894157,
                        1.5805724568806092,
                        0.0,
                        -0.4813718953266515,
                        1.6801232406476019
                    ],
                    [
                        0.0,
                        0.0,
                        0.0,
                        1e-09,
                        6.998112502405052e-10,
                        -1.272533245066037e-09
                    ],
                    [
                        0.29057550515529906,
                        -0.3307498984616908,
                        -0.4813718953266515,
                        6.998112502405052e-10,
                        1.399511203108258,
                        -1.7661985539699718
                    ],
                    [
                        0.5950129114655633,
                        2.1664942527562783,
                        1.6801232406476019,
                        -1.272533245066037e-09,
                        -1.7661985539699718,
                        5.707145333033764
                    ]
                ],
                "mui": [
                    0.0,
                    0.0,
                    0.0,
                    1.0,
                    0.6998112502405052,
                    -1.272533245066037
                ],
                "Ai": [
                    [
                        0.0,
                        0.0,
                        0.0,
                        0.0,
                        0.0,
                        0.0
                    ],
                    [
                        0.7934852325122816,
                        0.0,
                        0.0,
                        0.0,
                        0.0,
                        0.0
                    ],
                    [
                        -0.8743207023522266,
                        0.687273727460407,
                        0.0,
                        0.0,
                        0.0,
                        0.0
                    ],
                    [
                        0.0,
                        0.0,
                        0.0,
                        0.0,
                        0.0,
                        0.0
                    ],
                    [
                        0.7359724702354116,
                        -0.5613172707322169,
                        -0.0,
                        0.6998112502405052,
                        0.0,
                        0.0
                    ],
                    [
                        0.5996942522040412,
                        0.6508537127628622,
                        0.7113807666954597,
                        -0.5811050097616761,
                        -0.9880210343385258,
                        0.0
                    ]
                ]
            },
            "est_params": {
                "mui": [
                    -0.005343948590253766,
                    -0.0006596315333237932,
                    0.010456857878994806,
                    1.0000002881325354,
                    0.7054475702952104,
                    -1.2726522433538998
                ],
                "Si": [
                    [
                        1.0168887970161034,
                        0.8076328460674924,
                        -0.34332160280315127,
                        -1.392652352086841e-07,
                        0.3032200994418631,
                        0.5880659536789615
                    ],
                    [
                        0.8076328460674924,
                        1.637700374282753,
                        0.41244256453718037,
                        -3.766801479452959e-07,
                        -0.3304313348237765,
                        2.1685794454798875
                    ],
                    [
                        -0.34332160280315127,
                        0.41244256453718037,
                        1.589698761357835,
                        -1.1667247220692558e-06,
                        -0.49502308256571814,
                        1.6882294802965372
                    ],
                    [
                        -1.3926523520868433e-07,
                        -3.766801479452959e-07,
                        -1.1667247220692558e-06,
                        1.0116838507223587e-06,
                        -1.7923873425113232e-07,
                        -1.835306669115069e-06
                    ],
                    [
                        0.3032200994418631,
                        -0.33043133482377646,
                        -0.49502308256571814,
                        -1.792387342511321e-07,
                        1.412382087671,
                        -1.7899515095936949
                    ],
                    [
                        0.5880659536789615,
                        2.1685794454798875,
                        1.6882294802965372,
                        -1.835306669115069e-06,
                        -1.7899515095936944,
                        5.742815823331098
                    ]
                ]
            },
            "est_tgt": [
                3
            ],
            "oracle_est_tgt": [
                3
            ]
        },
        "4": {
            "intv_type": "do",
            "inode": 4,
            "new_mui": 1.0,
            "new_vari": null,
            "noise_type": "gaussian",
            "obs_noise_gamma_shape": null,
            "true_params": {
                "Si": [
                    [
                        1.0,
                        0.7934852325122816,
                        -0.32897914891872304,
                        -0.06097625895213632,
                        0.0,
                        0.9175412321761532
                    ],
                    [
                        0.7934852325122816,
                        1.6296188142150698,
                        0.42623363098894157,
                        -1.0232921999194236,
                        0.0,
                        2.4343466197940202
                    ],
                    [
                        -0.32897914891872304,
                        0.42623363098894157,
                        1.5805724568806092,
                        -0.6499690389659392,
                        0.0,
                        1.5822179474585565
                    ],
                    [
                        -0.06097625895213632,
                        -1.0232921999194236,
                        -0.6499690389659392,
                        1.9541645684079958,
                        0.0,
                        -2.3005309334418858
                    ],
                    [
                        0.0,
                        0.0,
                        0.0,
                        0.0,
                        1e-09,
                        -9.880210343385258e-10
                    ],
                    [
                        0.9175412321761532,
                        2.4343466197940202,
                        1.5822179474585565,
                        -2.3005309334418858,
                        -9.880210343385258e-10,
                        5.597057206794268
                    ]
                ],
                "mui": [
                    0.0,
                    0.0,
                    0.0,
                    0.0,
                    1.0,
                    -0.9880210343385258
                ],
                "Ai": [
                    [
                        0.0,
                        0.0,
                        0.0,
                        0.0,
                        0.0,
                        0.0
                    ],
                    [
                        0.7934852325122816,
                        0.0,
                        0.0,
                        0.0,
                        0.0,
                        0.0
                    ],
                    [
                        -0.8743207023522266,
                        0.687273727460407,
                        0.0,
                        0.0,
                        0.0,
                        0.0
                    ],
                    [
                        0.7125991903722165,
                        -0.9749084389070585,
                        -0.0,
                        0.0,
                        0.0,
                        0.0
                    ],
                    [
                        0.0,
                        0.0,
                        0.0,
                        0.0,
                        0.0,
                        0.0
                    ],
                    [
                        0.5996942522040412,
                        0.6508537127628622,
                        0.7113807666954597,
                        -0.5811050097616761,
                        -0.9880210343385258,
                        0.0
                    ]
                ]
            },
            "est_params": {
                "mui": [
                    -0.007377201437582208,
                    0.0017773549623511867,
                    -0.000630937102463952,
                    -0.00960936016856784,
                    0.9999986522932821,
                    -0.9868966105856065
                ],
                "Si": [
                    [
                        0.9790302194898356,
                        0.7749102676608851,
                        -0.3274861461098899,
                        -0.06732162619903885,
                        -2.1461307387667144e-07,
                        0.9008313439490033
                    ],
                    [
                        0.7749102676608851,
                        1.5926192567198776,
                        0.4073642926799546,
                        -1.0022928625702112,
                        2.921453094753226e-07,
                        2.3761961126755753
                    ],
                    [
                        -0.3274861461098899,
                        0.4073642926799546,
                        1.556976794835617,
                        -0.6205557528568377,
                        1.4958377830080513e-07,
                        1.5548817864634485
                    ],
                    [
                        -0.06732162619903885,
                        -1.0022928625702112,
                        -0.6205557528568377,
                        1.922239747564692,
                        7.43956654880123e-08,
                        -2.255742042795348
                    ],
                    [
                        -2.146130738766715e-07,
                        2.9214530947532255e-07,
                        1.4958377830080513e-07,
                        7.439566548801225e-08,
                        1.011532445232368e-06,
                        3.7579397110925953e-07
                    ],
                    [
                        0.9008313439490033,
                        2.3761961126755753,
                        1.5548817864634485,
                        -2.255742042795348,
                        3.7579397110925974e-07,
                        5.535625303979273
                    ]
                ]
            },
            "est_tgt": [
                4
            ],
            "oracle_est_tgt": [
                4
            ]
        },
        "2": {
            "intv_type": "do",
            "inode": 2,
            "new_mui": 1.0,
            "new_vari": null,
            "noise_type": "gaussian",
            "obs_noise_gamma_shape": null,
            "true_params": {
                "Si": [
                    [
                        1.0,
                        0.7934852325122816,
                        0.0,
                        -0.06097625895213632,
                        0.24790363314301575,
                        0.9066366673265334
                    ],
                    [
                        0.7934852325122816,
                        1.6296188142150698,
                        0.0,
                        -1.0232921999194236,
                        -1.0468612922486595,
                        3.1654531893662035
                    ],
                    [
                        0.0,
                        0.0,
                        1e-09,
                        0.0,
                        0.0,
                        7.113807666954598e-10
                    ],
                    [
                        -0.06097625895213632,
                        -1.0232921999194236,
                        0.0,
                        1.9541645684079958,
                        1.8970610866869158,
                        -3.712491717245759
                    ],
                    [
                        0.24790363314301575,
                        -1.0468612922486595,
                        0.0,
                        1.8970610866869158,
                        3.0976562635217997,
                        -4.695628421719119
                    ],
                    [
                        0.9066366673265334,
                        3.1654531893662035,
                        7.113807666954598e-10,
                        -3.712491717245759,
                        -4.695628421719119,
                        10.400678945301792
                    ]
                ],
                "mui": [
                    0.0,
                    0.0,
                    1.0,
                    0.0,
                    0.0,
                    0.7113807666954597
                ],
                "Ai": [
                    [
                        0.0,
                        0.0,
                        0.0,
                        0.0,
                        0.0,
                        0.0
                    ],
                    [
                        0.7934852325122816,
                        0.0,
                        0.0,
                        0.0,
                        0.0,
                        0.0
                    ],
                    [
                        0.0,
                        0.0,
                        0.0,
                        0.0,
                        0.0,
                        0.0
                    ],
                    [
                        0.7125991903722165,
                        -0.9749084389070585,
                        -0.0,
                        0.0,
                        0.0,
                        0.0
                    ],
                    [
                        0.7359724702354116,
                        -0.5613172707322169,
                        -0.0,
                        0.6998112502405052,
                        0.0,
                        0.0
                    ],
                    [
                        0.5996942522040412,
                        0.6508537127628622,
                        0.7113807666954597,
                        -0.5811050097616761,
                        -0.9880210343385258,
                        0.0
                    ]
                ]
            },
            "est_params": {
                "mui": [
                    -0.010151470729386292,
                    -0.00463494901811227,
                    1.000000778386168,
                    -0.0028622228551579802,
                    -0.007074516393890418,
                    0.7127254504062657
                ],
                "Si": [
                    [
                        1.0065231501007172,
                        0.7949034529794776,
                        -8.867204952503592e-07,
                        -0.06809143405723084,
                        0.2553455055199289,
                        0.921324193084169
                    ],
                    [
                        0.7949034529794776,
                        1.6309801652949514,
                        -5.776534560750773e-08,
                        -1.0377087464358907,
                        -1.05124469972097,
                        3.197385109530143
                    ],
                    [
                        -8.867204952503592e-07,
                        -5.7765345607507834e-08,
                        1.016008759598307e-06,
                        2.992353515710894e-07,
                        -2.2405159294820092e-07,
                        -2.8319539834047795e-06
                    ],
                    [
                        -0.06809143405723085,
                        -1.0377087464358907,
                        2.9923535157108957e-07,
                        1.9644607490744124,
                        1.889178935510864,
                        -3.7232447730509652
                    ],
                    [
                        0.2553455055199289,
                        -1.0512446997209697,
                        -2.240515929482007e-07,
                        1.8891789355108641,
                        3.0981938976056624,
                        -4.695274636048372
                    ],
                    [
                        0.921324193084169,
                        3.197385109530143,
                        -2.8319539834047803e-06,
                        -3.7232447730509652,
                        -4.695274636048372,
                        10.448018708982016
                    ]
                ]
            },
            "est_tgt": [
                2
            ],
            "oracle_est_tgt": [
                2
            ]
        },
        "obs": {
            "intv_type": "obs",
            "noise_type": "gaussian",
            "obs_noise_gamma_shape": null,
            "true_params": {
                "Si": [
                    [
                        1.0,
                        0.7934852325122816,
                        -0.32897914891872304,
                        -0.06097625895213632,
                        0.24790363314301575,
                        0.6726072281419124
                    ],
                    [
                        0.7934852325122816,
                        1.6296188142150698,
                        0.42623363098894157,
                        -1.0232921999194236,
                        -1.0468612922486595,
                        3.468667596570506
                    ],
                    [
                        -0.32897914891872304,
                        0.42623363098894157,
                        1.5805724568806092,
                        -0.6499690389659392,
                        -0.936227541103025,
                        2.5072304509953813
                    ],
                    [
                        -0.06097625895213632,
                        -1.0232921999194236,
                        -0.6499690389659392,
                        1.9541645684079958,
                        1.8970610866869158,
                        -4.17486719051366
                    ],
                    [
                        0.24790363314301575,
                        -1.0468612922486595,
                        -0.936227541103025,
                        1.8970610866869158,
                        3.0976562635217997,
                        -5.361642687710394
                    ],
                    [
                        0.6726072281419124,
                        3.468667596570506,
                        2.5072304509953813,
                        -4.17486719051366,
                        -5.361642687710394,
                        13.1680013863494
                    ]
                ],
                "mui": [
                    0.0,
                    0.0,
                    0.0,
                    0.0,
                    0.0,
                    0.0
                ],
                "Ai": [
                    [
                        0.0,
                        0.0,
                        0.0,
                        0.0,
                        0.0,
                        0.0
                    ],
                    [
                        0.7934852325122816,
                        0.0,
                        0.0,
                        0.0,
                        0.0,
                        0.0
                    ],
                    [
                        -0.8743207023522266,
                        0.687273727460407,
                        0.0,
                        0.0,
                        0.0,
                        0.0
                    ],
                    [
                        0.7125991903722165,
                        -0.9749084389070585,
                        -0.0,
                        0.0,
                        0.0,
                        0.0
                    ],
                    [
                        0.7359724702354116,
                        -0.5613172707322169,
                        -0.0,
                        0.6998112502405052,
                        0.0,
                        0.0
                    ],
                    [
                        0.5996942522040412,
                        0.6508537127628622,
                        0.7113807666954597,
                        -0.5811050097616761,
                        -0.9880210343385258,
                        0.0
                    ]
                ]
            },
            "est_params": {
                "mui": [
                    0.009795150760078739,
                    0.02350065944393268,
                    0.007181945573742371,
                    -0.012336861109256322,
                    -0.004961783011037377,
                    0.035061354578942105
                ],
                "Si": [
                    [
                        0.9863967818789622,
                        0.7798423388307663,
                        -0.32894524523323565,
                        -0.049771572683449804,
                        0.25421040419454277,
                        0.6435799121342248
                    ],
                    [
                        0.7798423388307663,
                        1.6087038818374824,
                        0.4216335868274806,
                        -1.013397937840101,
                        -1.0279439084303201,
                        3.422692870474092
                    ],
                    [
                        -0.32894524523323565,
                        0.4216335868274806,
                        1.5767605151117217,
                        -0.6643516548386444,
                        -0.933470312736997,
                        2.5013296972241728
                    ],
                    [
                        -0.049771572683449804,
                        -1.013397937840101,
                        -0.6643516548386444,
                        1.9711170101987328,
                        1.902245676796516,
                        -4.19081963332354
                    ],
                    [
                        0.25421040419454277,
                        -1.0279439084303201,
                        -0.933470312736997,
                        1.902245676796516,
                        3.0785244044301603,
                        -5.321102350271252
                    ],
                    [
                        0.6435799121342248,
                        3.422692870474092,
                        2.5013296972241728,
                        -4.19081963332354,
                        -5.321102350271252,
                        13.079275542553434
                    ]
                ]
            },
            "est_tgt": [
                0,
                1,
                2,
                3,
                4,
                5
            ],
            "oracle_est_tgt": [
                0,
                1,
                2,
                3,
                4,
                5
            ]
        }
    },
    "metric_dict": {
        "param_est_rel_err": 2.002764735752158,
        "est_num_comp": 4,
        "weight_precision_error": 0.0023631673671152265,
        "gm_score_dict": {
            "1": -8.704685303408631,
            "2": -8.58787534161799,
            "3": -5.838173210292084,
            "4": -4.334856705999113,
            "5": -4.335318778462033,
            "6": -4.335429782386,
            "7": -4.33569032595543
        },
        "est_dag": {
            "amat": [
                [
                    0,
                    1,
                    1,
                    1,
                    1,
                    1
                ],
                [
                    0,
                    0,
                    1,
                    1,
                    1,
                    1
                ],
                [
                    0,
                    0,
                    0,
                    0,
                    0,
                    1
                ],
                [
                    0,
                    0,
                    0,
                    0,
                    1,
                    1
                ],
                [
                    0,
                    0,
                    0,
                    0,
                    0,
                    1
                ],
                [
                    0,
                    0,
                    0,
                    0,
                    0,
                    0
                ]
            ],
            "nodes": [
                0,
                1,
                2,
                3,
                4,
                5
            ]
        },
        "oracle_est_dag": {
            "amat": [
                [
                    0,
                    1,
                    1,
                    1,
                    1,
                    1
                ],
                [
                    0,
                    0,
                    1,
                    1,
                    1,
                    1
                ],
                [
                    0,
                    0,
                    0,
                    0,
                    0,
                    1
                ],
                [
                    0,
                    0,
                    0,
                    0,
                    1,
                    1
                ],
                [
                    0,
                    0,
                    0,
                    0,
                    0,
                    1
                ],
                [
                    0,
                    0,
                    0,
                    0,
                    0,
                    0
                ]
            ],
            "nodes": [
                0,
                1,
                2,
                3,
                4,
                5
            ]
        },
        "igsp_dag": null,
        "intv_base_est_dag": null,
        "act_dag": {
            "amat": [
                [
                    0,
                    1,
                    1,
                    1,
                    1,
                    1
                ],
                [
                    0,
                    0,
                    1,
                    1,
                    1,
                    1
                ],
                [
                    0,
                    0,
                    0,
                    0,
                    0,
                    1
                ],
                [
                    0,
                    0,
                    0,
                    0,
                    1,
                    1
                ],
                [
                    0,
                    0,
                    0,
                    0,
                    0,
                    1
                ],
                [
                    0,
                    0,
                    0,
                    0,
                    0,
                    0
                ]
            ],
            "nodes": [
                0,
                1,
                2,
                3,
                4,
                5
            ]
        },
        "shd": 0,
        "oracle_shd": 0,
        "intv_base_shd": null,
        "igsp_shd": null,
        "avg_js": 0.75,
        "avg_oracle_js": 0.75
    }
}