{
    "expt_args": {
        "save_dir": "all_expt_logs/expt_logs_sim_compsel_backward_cameraready_cutoff_var",
        "exp_name": "398",
        "num_nodes": 6,
        "num_tgt_prior": 7,
        "obs_noise_mean": 0.0,
        "obs_noise_var": 1.0,
        "obs_noise_gamma_shape": null,
        "noise_type": "gaussian",
        "max_edge_strength": 1.0,
        "graph_sparsity_method": "adj_dense_prop",
        "adj_dense_prop": 0.8,
        "num_parents": null,
        "new_noise_mean": 1.0,
        "mix_samples": 1024,
        "stage2_samples": 1024,
        "gmm_tol": 0.001,
        "intv_type": "do",
        "new_noise_var": null,
        "dtype": "simulation",
        "cutoff_drop_ratio": 0.15,
        "intv_targets": [
            0,
            1,
            2,
            3,
            4,
            5
        ]
    },
    "intv_args_dict": {
        "0": {
            "intv_type": "do",
            "inode": 0,
            "new_mui": 1.0,
            "new_vari": null,
            "noise_type": "gaussian",
            "obs_noise_gamma_shape": null,
            "true_params": {
                "Si": [
                    [
                        1e-09,
                        -9.069869358874304e-10,
                        1.4651797590328938e-09,
                        -5.368480339521179e-10,
                        -8.292019014747133e-11,
                        1.4340874385096723e-09
                    ],
                    [
                        -9.069869358874304e-10,
                        1.0000000008226253,
                        -0.6902160176566662,
                        -0.213947946984019,
                        0.4324477937137626,
                        0.7331279470112362
                    ],
                    [
                        1.4651797590328938e-09,
                        -0.6902160176566662,
                        1.4763981513421245,
                        -0.7233120469286611,
                        0.9521134165679954,
                        2.046216355604643
                    ],
                    [
                        -5.368480339521179e-10,
                        -0.213947946984019,
                        -0.7233120469286611,
                        1.8043839718149148,
                        -1.9525230243445293,
                        -3.6263082552895503
                    ],
                    [
                        -8.292019014747133e-11,
                        0.4324477937137626,
                        0.9521134165679954,
                        -1.9525230243445293,
                        3.3450639882608866,
                        5.328055324528107
                    ],
                    [
                        1.4340874385096723e-09,
                        0.7331279470112362,
                        2.046216355604643,
                        -3.6263082552895503,
                        5.328055324528107,
                        10.342090575746289
                    ]
                ],
                "mui": [
                    1.0,
                    -0.9069869358874303,
                    1.4651797590328937,
                    -0.5368480339521179,
                    -0.08292019014747132,
                    1.4340874385096722
                ],
                "Ai": [
                    [
                        0.0,
                        0.0,
                        0.0,
                        0.0,
                        0.0,
                        0.0
                    ],
                    [
                        -0.9069869358874303,
                        0.0,
                        0.0,
                        0.0,
                        0.0,
                        0.0
                    ],
                    [
                        0.8391628492833434,
                        -0.6902160163277673,
                        0.0,
                        0.0,
                        0.0,
                        0.0
                    ],
                    [
                        0.0,
                        -0.8151139127203088,
                        -0.8709823461469721,
                        0.0,
                        0.0,
                        0.0
                    ],
                    [
                        -0.740149234156215,
                        0.6673760633821018,
                        0.5792819566347098,
                        -0.770754833802837,
                        0.0,
                        0.0
                    ],
                    [
                        0.5926687136604785,
                        0.9057641131730411,
                        0.9692612730769775,
                        -0.5848507671167539,
                        0.8584524515616292,
                        0.0
                    ]
                ]
            },
            "est_params": {
                "mui": [
                    1.0000000642096716,
                    -1.0599133519308128,
                    1.52728416159408,
                    -0.4968609315435161,
                    -0.21173803351594916,
                    1.2695985805723702
                ],
                "Si": [
                    [
                        1.0063601681029521e-06,
                        -1.7736578573849162e-07,
                        -4.77486710354026e-06,
                        8.202853111171728e-07,
                        1.9846790602156835e-06,
                        -2.1450714140882865e-06
                    ],
                    [
                        -1.7736578573849125e-07,
                        0.8322796960725897,
                        -0.6859130494064756,
                        -0.15579868005675063,
                        0.369881628806995,
                        0.5461313363311755
                    ],
                    [
                        -4.77486710354026e-06,
                        -0.6859130494064755,
                        1.6031834521217148,
                        -0.7241730967214598,
                        0.9875833699294587,
                        2.213009903797304
                    ],
                    [
                        8.202853111171713e-07,
                        -0.15579868005675057,
                        -0.7241730967214597,
                        1.8145712762571657,
                        -1.8833111505347955,
                        -3.4997309832418586
                    ],
                    [
                        1.984679060215682e-06,
                        0.36988162880699504,
                        0.9875833699294586,
                        -1.8833111505347955,
                        3.2217279929242997,
                        5.152654134018277
                    ],
                    [
                        -2.1450714140882865e-06,
                        0.5461313363311755,
                        2.213009903797304,
                        -3.4997309832418586,
                        5.152654134018277,
                        10.09585753414569
                    ]
                ]
            },
            "est_tgt": [
                0,
                1
            ],
            "oracle_est_tgt": [
                0,
                1
            ]
        },
        "1": {
            "intv_type": "do",
            "inode": 1,
            "new_mui": 1.0,
            "new_vari": null,
            "noise_type": "gaussian",
            "obs_noise_gamma_shape": null,
            "true_params": {
                "Si": [
                    [
                        1.0,
                        0.0,
                        0.8391628492833434,
                        -0.7308960272681844,
                        0.30930430913604157,
                        2.099024909962552
                    ],
                    [
                        0.0,
                        1e-09,
                        -6.902160163277673e-10,
                        -2.1394794747093316e-10,
                        4.324477936385551e-10,
                        7.331279483119348e-10
                    ],
                    [
                        0.8391628492833434,
                        -6.902160163277673e-10,
                        1.7041942880937375,
                        -1.4843231387715476,
                        1.5101524951361587,
                        4.313656729100732
                    ],
                    [
                        -0.7308960272681844,
                        -2.1394794747093316e-10,
                        -1.4843231387715476,
                        2.2928192500218723,
                        -2.0860709974087266,
                        -5.003626002730187
                    ],
                    [
                        0.30930430913604157,
                        4.324477936385551e-10,
                        1.5101524951361587,
                        -2.0860709974087266,
                        3.2537220498682915,
                        5.660253210897114
                    ],
                    [
                        2.099024909962552,
                        7.331279483119348e-10,
                        4.313656729100732,
                        -5.003626002730187,
                        5.660253210897114,
                        14.210519558274392
                    ]
                ],
                "mui": [
                    0.0,
                    1.0,
                    -0.6902160163277673,
                    -0.21394794747093315,
                    0.43244779363855507,
                    0.7331279483119347
                ],
                "Ai": [
                    [
                        0.0,
                        0.0,
                        0.0,
                        0.0,
                        0.0,
                        0.0
                    ],
                    [
                        0.0,
                        0.0,
                        0.0,
                        0.0,
                        0.0,
                        0.0
                    ],
                    [
                        0.8391628492833434,
                        -0.6902160163277673,
                        0.0,
                        0.0,
                        0.0,
                        0.0
                    ],
                    [
                        0.0,
                        -0.8151139127203088,
                        -0.8709823461469721,
                        0.0,
                        0.0,
                        0.0
                    ],
                    [
                        -0.740149234156215,
                        0.6673760633821018,
                        0.5792819566347098,
                        -0.770754833802837,
                        0.0,
                        0.0
                    ],
                    [
                        0.5926687136604785,
                        0.9057641131730411,
                        0.9692612730769775,
                        -0.5848507671167539,
                        0.8584524515616292,
                        0.0
                    ]
                ]
            },
            "est_params": {
                "mui": [
                    -0.06850070622155395,
                    1.0000002484558561,
                    -0.7979307236015519,
                    -0.15777450864420592,
                    0.4565442801738509,
                    0.6997459267768202
                ],
                "Si": [
                    [
                        0.9857865040727989,
                        1.804547007589666e-06,
                        0.8117411642192128,
                        -0.6201533935455135,
                        0.34114980069971257,
                        1.8952151612173984
                    ],
                    [
                        1.8045470075896656e-06,
                        1.0010721137205292e-06,
                        5.232511891021536e-06,
                        -2.2423217877927373e-06,
                        4.250049261635245e-06,
                        7.914134609968533e-06
                    ],
                    [
                        0.8117411642192129,
                        5.232511891021537e-06,
                        1.6469144340798332,
                        -1.4921783614840678,
                        1.650077251719202,
                        4.288091641809529
                    ],
                    [
                        -0.6201533935455135,
                        -2.2423217877927373e-06,
                        -1.4921783614840678,
                        2.316271763633785,
                        -2.3332212255681273,
                        -5.089679578968208
                    ],
                    [
                        0.34114980069971257,
                        4.250049261635244e-06,
                        1.6500772517192017,
                        -2.3332212255681273,
                        3.62972085026131,
                        6.27496688242114
                    ],
                    [
                        1.8952151612173984,
                        7.914134609968535e-06,
                        4.288091641809528,
                        -5.089679578968207,
                        6.274966882421141,
                        14.68528658676565
                    ]
                ]
            },
            "est_tgt": [
                1
            ],
            "oracle_est_tgt": [
                1
            ]
        },
        "2": {
            "intv_type": "do",
            "inode": 2,
            "new_mui": 1.0,
            "new_vari": null,
            "noise_type": "gaussian",
            "obs_noise_gamma_shape": null,
            "true_params": {
                "Si": [
                    [
                        1.0,
                        -0.9069869358874303,
                        0.0,
                        0.7392976700974071,
                        -1.9152678578145146,
                        -2.305392701405291
                    ],
                    [
                        -0.9069869358874303,
                        1.8226253018704694,
                        0.0,
                        -1.4856472412306723,
                        3.0327519774740925,
                        4.5856811083358515
                    ],
                    [
                        0.0,
                        0.0,
                        1e-09,
                        -8.709823461469722e-10,
                        1.2505958100844245e-09,
                        2.5522330054458603e-09
                    ],
                    [
                        0.7392976700974071,
                        -1.4856472412306723,
                        -8.709823461469722e-10,
                        2.210971736480276,
                        -3.2427931655612454,
                        -4.984359616673963
                    ],
                    [
                        -1.9152678578145146,
                        3.0327519774740925,
                        1.2505958100844245e-09,
                        -3.2427931655612454,
                        6.940968622209953,
                        9.466880169384511
                    ],
                    [
                        -2.305392701405291,
                        4.5856811083358515,
                        2.5522330054458603e-09,
                        -4.984359616673963,
                        9.466880169384511,
                        14.829184293481683
                    ]
                ],
                "mui": [
                    0.0,
                    0.0,
                    1.0,
                    -0.8709823461469721,
                    1.2505958100844243,
                    2.55223300544586
                ],
                "Ai": [
                    [
                        0.0,
                        0.0,
                        0.0,
                        0.0,
                        0.0,
                        0.0
                    ],
                    [
                        -0.9069869358874303,
                        0.0,
                        0.0,
                        0.0,
                        0.0,
                        0.0
                    ],
                    [
                        0.0,
                        0.0,
                        0.0,
                        0.0,
                        0.0,
                        0.0
                    ],
                    [
                        0.0,
                        -0.8151139127203088,
                        -0.8709823461469721,
                        0.0,
                        0.0,
                        0.0
                    ],
                    [
                        -0.740149234156215,
                        0.6673760633821018,
                        0.5792819566347098,
                        -0.770754833802837,
                        0.0,
                        0.0
                    ],
                    [
                        0.5926687136604785,
                        0.9057641131730411,
                        0.9692612730769775,
                        -0.5848507671167539,
                        0.8584524515616292,
                        0.0
                    ]
                ]
            },
            "est_params": {
                "mui": [
                    -0.05144060825481642,
                    0.0076439782725679735,
                    1.0000006170105702,
                    -0.7516482490749866,
                    1.0850747240288172,
                    2.3772964731802686
                ],
                "Si": [
                    [
                        1.0375230638324495,
                        -0.9477830426563604,
                        -3.921139990009478e-07,
                        0.6918086038178485,
                        -1.9680335372990552,
                        -2.227864554781838
                    ],
                    [
                        -0.9477830426563604,
                        1.6676225547297243,
                        -3.0511771464816212e-06,
                        -1.3569825528745751,
                        2.8677366065858263,
                        4.133848512380754
                    ],
                    [
                        -3.921139990009468e-07,
                        -3.0511771464816217e-06,
                        1.0008256187691809e-06,
                        2.763323010033201e-06,
                        -5.7752858552868075e-06,
                        -8.400770416239797e-06
                    ],
                    [
                        0.6918086038178486,
                        -1.3569825528745751,
                        2.7633230100332017e-06,
                        2.0770336571034944,
                        -3.0753927639461516,
                        -4.835451333729067
                    ],
                    [
                        -1.9680335372990552,
                        2.8677366065858263,
                        -5.775285855286808e-06,
                        -3.0753927639461516,
                        6.722774691970853,
                        9.02950940632903
                    ],
                    [
                        -2.227864554781838,
                        4.133848512380754,
                        -8.400770416239799e-06,
                        -4.835451333729067,
                        9.02950940632903,
                        14.194009421393107
                    ]
                ]
            },
            "est_tgt": [
                0,
                2,
                3,
                5
            ],
            "oracle_est_tgt": [
                0,
                2,
                3,
                5
            ]
        },
        "3": {
            "intv_type": "do",
            "inode": 3,
            "new_mui": 1.0,
            "new_vari": null,
            "noise_type": "gaussian",
            "obs_noise_gamma_shape": null,
            "true_params": {
                "Si": [
                    [
                        1.0,
                        -0.9069869358874303,
                        1.4651797590328937,
                        0.0,
                        -0.49669840733361575,
                        0.7649025290814089
                    ],
                    [
                        -0.9069869358874303,
                        1.8226253018704694,
                        -2.019114916497295,
                        0.0,
                        0.7180453454708208,
                        -0.2273162977048503
                    ],
                    [
                        1.4651797590328937,
                        -2.019114916497295,
                        3.623149875475061,
                        0.0,
                        -0.3331352919914312,
                        2.2653224240716705
                    ],
                    [
                        0.0,
                        0.0,
                        0.0,
                        1e-09,
                        -7.707548338028371e-10,
                        -1.2465071437477754e-09
                    ],
                    [
                        -0.49669840733361575,
                        0.7180453454708208,
                        -0.3331352919914312,
                        -7.707548338028371e-10,
                        1.6538579586099365,
                        1.452865381738488
                    ],
                    [
                        0.7649025290814089,
                        -0.2273162977048503,
                        2.2653224240716705,
                        -1.2465071437477754e-09,
                        1.452865381738488,
                        4.690343999342893
                    ]
                ],
                "mui": [
                    0.0,
                    0.0,
                    0.0,
                    1.0,
                    -0.770754833802837,
                    -1.2465071437477753
                ],
                "Ai": [
                    [
                        0.0,
                        0.0,
                        0.0,
                        0.0,
                        0.0,
                        0.0
                    ],
                    [
                        -0.9069869358874303,
                        0.0,
                        0.0,
                        0.0,
                        0.0,
                        0.0
                    ],
                    [
                        0.8391628492833434,
                        -0.6902160163277673,
                        0.0,
                        0.0,
                        0.0,
                        0.0
                    ],
                    [
                        0.0,
                        0.0,
                        0.0,
                        0.0,
                        0.0,
                        0.0
                    ],
                    [
                        -0.740149234156215,
                        0.6673760633821018,
                        0.5792819566347098,
                        -0.770754833802837,
                        0.0,
                        0.0
                    ],
                    [
                        0.5926687136604785,
                        0.9057641131730411,
                        0.9692612730769775,
                        -0.5848507671167539,
                        0.8584524515616292,
                        0.0
                    ]
                ]
            },
            "est_params": {
                "mui": [
                    -0.07907799157012375,
                    0.026212417218975725,
                    -0.08784639186356441,
                    0.9999992542657151,
                    -0.7839856906745185,
                    -1.3225405161362789
                ],
                "Si": [
                    [
                        1.0854969834087613,
                        -0.9324971153077305,
                        1.5458685592671444,
                        -3.42380070654963e-06,
                        -0.5798547234123336,
                        0.7681445971163591
                    ],
                    [
                        -0.9324971153077305,
                        1.5217120317335024,
                        -1.848267234609719,
                        4.223788291478482e-06,
                        0.6722347250707174,
                        -0.2955193613849262
                    ],
                    [
                        1.5458685592671444,
                        -1.8482672346097195,
                        3.5401390947291813,
                        -7.210950476743409e-06,
                        -0.348122893425611,
                        2.190614109324828
                    ],
                    [
                        -3.42380070654963e-06,
                        4.223788291478482e-06,
                        -7.210950476743411e-06,
                        1.0009153246058673e-06,
                        2.2827374747078764e-06,
                        -3.5887861356001174e-06
                    ],
                    [
                        -0.5798547234123336,
                        0.6722347250707174,
                        -0.348122893425611,
                        2.282737474707877e-06,
                        1.4967023517204705,
                        1.1569420268363801
                    ],
                    [
                        0.7681445971163592,
                        -0.29551936138492624,
                        2.190614109324828,
                        -3.588786135600119e-06,
                        1.1569420268363801,
                        4.115001866065524
                    ]
                ]
            },
            "est_tgt": [
                2,
                3,
                5
            ],
            "oracle_est_tgt": [
                2,
                3,
                5
            ]
        },
        "4": {
            "intv_type": "do",
            "inode": 4,
            "new_mui": 1.0,
            "new_vari": null,
            "noise_type": "gaussian",
            "obs_noise_gamma_shape": null,
            "true_params": {
                "Si": [
                    [
                        1.0,
                        -0.9069869358874303,
                        1.4651797590328937,
                        -0.5368480339521179,
                        0.0,
                        1.5052704790257254
                    ],
                    [
                        -0.9069869358874303,
                        1.8226253018704694,
                        -2.019114916497295,
                        0.27296620588048937,
                        0.0,
                        -1.0033685797628475
                    ],
                    [
                        1.4651797590328937,
                        -2.019114916497295,
                        3.623149875475061,
                        -1.5098909191653291,
                        0.0,
                        3.4343640945198777
                    ],
                    [
                        -0.5368480339521179,
                        0.27296620588048937,
                        -1.5098909191653291,
                        2.0925897830849634,
                        0.0,
                        -2.7582615747334844
                    ],
                    [
                        0.0,
                        0.0,
                        0.0,
                        0.0,
                        1e-09,
                        8.584524515616292e-10
                    ],
                    [
                        1.5052704790257254,
                        -1.0033685797628475,
                        3.4343640945198777,
                        -2.7582615747334844,
                        8.584524515616292e-10,
                        5.925278979773362
                    ]
                ],
                "mui": [
                    0.0,
                    0.0,
                    0.0,
                    0.0,
                    1.0,
                    0.8584524515616292
                ],
                "Ai": [
                    [
                        0.0,
                        0.0,
                        0.0,
                        0.0,
                        0.0,
                        0.0
                    ],
                    [
                        -0.9069869358874303,
                        0.0,
                        0.0,
                        0.0,
                        0.0,
                        0.0
                    ],
                    [
                        0.8391628492833434,
                        -0.6902160163277673,
                        0.0,
                        0.0,
                        0.0,
                        0.0
                    ],
                    [
                        0.0,
                        -0.8151139127203088,
                        -0.8709823461469721,
                        0.0,
                        0.0,
                        0.0
                    ],
                    [
                        0.0,
                        0.0,
                        0.0,
                        0.0,
                        0.0,
                        0.0
                    ],
                    [
                        0.5926687136604785,
                        0.9057641131730411,
                        0.9692612730769775,
                        -0.5848507671167539,
                        0.8584524515616292,
                        0.0
                    ]
                ]
            },
            "est_params": {
                "mui": [
                    0.02098120389838022,
                    -0.12756607680137302,
                    0.22985443099765174,
                    -0.0686275248567138,
                    1.0000010385045535,
                    0.8460937695434677
                ],
                "Si": [
                    [
                        1.0608422084113136,
                        -0.8852213608544514,
                        1.4904399682707026,
                        -0.5071975114596146,
                        7.967098937791103e-06,
                        1.4804158403092167
                    ],
                    [
                        -0.8852213608544514,
                        1.6673965231855503,
                        -1.74197727302289,
                        0.27148144128458473,
                        -5.9572262415991844e-06,
                        -0.7810014825101302
                    ],
                    [
                        1.4904399682707026,
                        -1.74197727302289,
                        3.372377160913812,
                        -1.4396170049288557,
                        1.2208195840849416e-05,
                        3.2118482727651645
                    ],
                    [
                        -0.5071975114596147,
                        0.2714814412845847,
                        -1.4396170049288555,
                        2.043755460916415,
                        -4.077299120193722e-06,
                        -2.503398758456504
                    ],
                    [
                        7.967098937791103e-06,
                        -5.9572262415991844e-06,
                        1.2208195840849418e-05,
                        -4.077299120193722e-06,
                        1.000883928126288e-06,
                        1.1380845453248012e-05
                    ],
                    [
                        1.4804158403092167,
                        -0.7810014825101301,
                        3.2118482727651645,
                        -2.5033987584565045,
                        1.1380845453248012e-05,
                        5.440664215874427
                    ]
                ]
            },
            "est_tgt": [
                2,
                4,
                5
            ],
            "oracle_est_tgt": [
                2,
                4,
                5
            ]
        },
        "5": {
            "intv_type": "do",
            "inode": 5,
            "new_mui": 1.0,
            "new_vari": null,
            "noise_type": "gaussian",
            "obs_noise_gamma_shape": null,
            "true_params": {
                "Si": [
                    [
                        1.0,
                        -0.9069869358874303,
                        1.4651797590328937,
                        -0.5368480339521179,
                        -0.08292019014747132,
                        0.0
                    ],
                    [
                        -0.9069869358874303,
                        1.8226253018704694,
                        -2.019114916497295,
                        0.27296620588048937,
                        0.5076553228236131,
                        0.0
                    ],
                    [
                        1.4651797590328937,
                        -2.019114916497295,
                        3.623149875475061,
                        -1.5098909191653291,
                        0.8306204324702546,
                        0.0
                    ],
                    [
                        -0.5368480339521179,
                        0.27296620588048937,
                        -1.5098909191653291,
                        2.0925897830849634,
                        -1.908007483333439,
                        0.0
                    ],
                    [
                        -0.08292019014747132,
                        0.5076553228236131,
                        0.8306204324702546,
                        -1.908007483333439,
                        3.3519397461881035,
                        0.0
                    ],
                    [
                        0.0,
                        0.0,
                        0.0,
                        0.0,
                        0.0,
                        1e-09
                    ]
                ],
                "mui": [
                    0.0,
                    0.0,
                    0.0,
                    0.0,
                    0.0,
                    1.0
                ],
                "Ai": [
                    [
                        0.0,
                        0.0,
                        0.0,
                        0.0,
                        0.0,
                        0.0
                    ],
                    [
                        -0.9069869358874303,
                        0.0,
                        0.0,
                        0.0,
                        0.0,
                        0.0
                    ],
                    [
                        0.8391628492833434,
                        -0.6902160163277673,
                        0.0,
                        0.0,
                        0.0,
                        0.0
                    ],
                    [
                        0.0,
                        -0.8151139127203088,
                        -0.8709823461469721,
                        0.0,
                        0.0,
                        0.0
                    ],
                    [
                        -0.740149234156215,
                        0.6673760633821018,
                        0.5792819566347098,
                        -0.770754833802837,
                        0.0,
                        0.0
                    ],
                    [
                        0.0,
                        0.0,
                        0.0,
                        0.0,
                        0.0,
                        0.0
                    ]
                ]
            },
            "est_params": {
                "mui": [
                    -0.05054844918258366,
                    0.06841316895299837,
                    -0.058164765079624606,
                    -0.004843039362672208,
                    -0.06091422793230905,
                    1.0000035085119345
                ],
                "Si": [
                    [
                        1.036944211510883,
                        -1.0043283929708515,
                        1.5647742311936776,
                        -0.5546782874515046,
                        0.056105162577722835,
                        -3.887705676125339e-07
                    ],
                    [
                        -1.0043283929708515,
                        1.8247967154446307,
                        -2.09066914491573,
                        0.25670639040971704,
                        0.6020949145442679,
                        -9.913709421229644e-07
                    ],
                    [
                        1.5647742311936779,
                        -2.09066914491573,
                        3.941621400125423,
                        -1.6994851429358333,
                        1.1290113030993072,
                        -1.9428290271029478e-06
                    ],
                    [
                        -0.5546782874515046,
                        0.25670639040971693,
                        -1.6994851429358333,
                        2.295898290635422,
                        -2.2071312260431752,
                        1.7011757021626372e-06
                    ],
                    [
                        0.056105162577722835,
                        0.6020949145442679,
                        1.129011303099307,
                        -2.2071312260431752,
                        3.695102969279576,
                        -1.6309771926742977e-06
                    ],
                    [
                        -3.887705676125331e-07,
                        -9.91370942122964e-07,
                        -1.9428290271029473e-06,
                        1.7011757021626357e-06,
                        -1.630977192674297e-06,
                        1.0009897921582747e-06
                    ]
                ]
            },
            "est_tgt": [
                2,
                4,
                5
            ],
            "oracle_est_tgt": [
                2,
                4,
                5
            ]
        },
        "obs": {
            "intv_type": "obs",
            "noise_type": "gaussian",
            "obs_noise_gamma_shape": null,
            "true_params": {
                "Si": [
                    [
                        1.0,
                        -0.9069869358874303,
                        1.4651797590328937,
                        -0.5368480339521179,
                        -0.08292019014747132,
                        1.4340874385096722
                    ],
                    [
                        -0.9069869358874303,
                        1.8226253018704694,
                        -2.019114916497295,
                        0.27296620588048937,
                        0.5076553228236131,
                        -0.5675706233366066
                    ],
                    [
                        1.4651797590328937,
                        -2.019114916497295,
                        3.623149875475061,
                        -1.5098909191653291,
                        0.8306204324702546,
                        4.147412241091148
                    ],
                    [
                        -0.5368480339521179,
                        0.27296620588048937,
                        -1.5098909191653291,
                        2.0925897830849634,
                        -1.908007483333439,
