{
    "expt_args": {
        "save_dir": "all_expt_logs/expt_logs_sim_compsel_backward_cameraready_cutoff_var",
        "exp_name": "191",
        "num_nodes": 6,
        "num_tgt_prior": 7,
        "obs_noise_mean": 0.0,
        "obs_noise_var": 1.0,
        "obs_noise_gamma_shape": null,
        "noise_type": "gaussian",
        "max_edge_strength": 1.0,
        "graph_sparsity_method": "adj_dense_prop",
        "adj_dense_prop": 0.8,
        "num_parents": null,
        "new_noise_mean": 1.0,
        "mix_samples": 262144,
        "stage2_samples": 262144,
        "gmm_tol": 0.001,
        "intv_type": "do",
        "new_noise_var": null,
        "dtype": "simulation",
        "cutoff_drop_ratio": 0.15,
        "intv_targets": [
            3,
            1,
            4
        ]
    },
    "intv_args_dict": {
        "3": {
            "intv_type": "do",
            "inode": 3,
            "new_mui": 1.0,
            "new_vari": null,
            "noise_type": "gaussian",
            "obs_noise_gamma_shape": null,
            "true_params": {
                "Si": [
                    [
                        1.0,
                        0.563476764840271,
                        0.9472009919101729,
                        0.0,
                        1.1498121085202884,
                        -0.06445273454139067
                    ],
                    [
                        0.563476764840271,
                        1.317506064514858,
                        1.1399551255927989,
                        0.0,
                        0.1648387142403019,
                        -0.1135668461741702
                    ],
                    [
                        0.9472009919101729,
                        1.1399551255927989,
                        2.264703774210038,
                        0.0,
                        1.5809326590019177,
                        -0.20343014982454544
                    ],
                    [
                        0.0,
                        0.0,
                        0.0,
                        1e-09,
                        -7.852236750059891e-10,
                        -4.964409712449518e-10
                    ],
                    [
                        1.1498121085202884,
                        0.1648387142403019,
                        1.5809326590019177,
                        -7.852236750059891e-10,
                        3.171117063392985,
                        0.5204606603924258
                    ],
                    [
                        -0.06445273454139067,
                        -0.1135668461741702,
                        -0.20343014982454544,
                        -4.964409712449518e-10,
                        0.5204606603924258,
                        1.4189645186621433
                    ]
                ],
                "mui": [
                    0.0,
                    0.0,
                    0.0,
                    1.0,
                    -0.7852236750059891,
                    -0.4964409712449518
                ],
                "Ai": [
                    [
                        0.0,
                        0.0,
                        0.0,
                        0.0,
                        0.0,
                        0.0
                    ],
                    [
                        0.563476764840271,
                        0.0,
                        0.0,
                        0.0,
                        0.0,
                        0.0
                    ],
                    [
                        0.6056048249240267,
                        0.606229375017759,
                        0.0,
                        0.0,
                        0.0,
                        0.0
                    ],
                    [
                        0.0,
                        0.0,
                        0.0,
                        0.0,
                        0.0,
                        0.0
                    ],
                    [
                        0.9468012014277769,
                        -0.9587441982615794,
                        0.7846708276133332,
                        -0.7852236750059891,
                        0.0,
                        0.0
                    ],
                    [
                        -0.5616541538975462,
                        0.586821442160697,
                        -0.5916411498647167,
                        0.0,
                        0.6322287356416824,
                        0.0
                    ]
                ]
            },
            "est_params": {
                "mui": [
                    0.004912424073023353,
                    0.001560440399198259,
                    0.002187024852322592,
                    0.9999999628394451,
                    -0.7783103816644559,
                    -0.4966950256731307
                ],
                "Si": [
                    [
                        1.0031821115602173,
                        0.5555228882997901,
                        0.9474894163349865,
                        -1.738425626694261e-07,
                        1.1584986683341092,
                        -0.0641479840968435
                    ],
                    [
                        0.55552288829979,
                        1.3034905468806974,
                        1.1199974173010547,
                        -2.98536088368083e-07,
                        0.159158719447655,
                        -0.11954482775355994
                    ],
                    [
                        0.9474894163349865,
                        1.119997417301055,
                        2.2436854739398995,
                        -5.966392176689576e-07,
                        1.5867006253802907,
                        -0.2069557231045654
                    ],
                    [
                        -1.7384256266942602e-07,
                        -2.985360883680829e-07,
                        -5.966392176689576e-07,
                        1.0096120976454169e-06,
                        1.1078626428492502e-07,
                        -1.2761676553677152e-07
                    ],
                    [
                        1.1584986683341094,
                        0.15915871944765503,
                        1.5867006253802907,
                        1.1078626428492494e-07,
                        3.1768024851517973,
                        0.5167248408356745
                    ],
                    [
                        -0.0641479840968435,
                        -0.11954482775355993,
                        -0.20695572310456542,
                        -1.2761676553677155e-07,
                        0.5167248408356745,
                        1.4192428538081368
                    ]
                ]
            },
            "est_tgt": [
                3
            ],
            "oracle_est_tgt": [
                3
            ]
        },
        "1": {
            "intv_type": "do",
            "inode": 1,
            "new_mui": 1.0,
            "new_vari": null,
            "noise_type": "gaussian",
            "obs_noise_gamma_shape": null,
            "true_params": {
                "Si": [
                    [
                        1.0,
                        0.0,
                        0.6056048249240267,
                        -0.515050207998855,
                        1.8264312577450006,
                        0.23476743594135152
                    ],
                    [
                        0.0,
                        1e-09,
                        6.06229375017759e-10,
                        1.376520749344131e-09,
                        -1.5639303743648772e-09,
                        -7.606105255729078e-10
                    ],
                    [
                        0.6056048249240267,
                        6.06229375017759e-10,
                        1.366757204338775,
                        0.4241931591996605,
                        1.3127553705431423,
                        -0.31880860101878694
                    ],
                    [
                        -0.515050207998855,
                        1.376520749344131e-09,
                        0.4241931591996605,
                        1.8071347234930428,
                        -1.5738031285637009,
                        -0.9566936009982625
                    ],
                    [
                        1.8264312577450006,
                        -1.5639303743648772e-09,
                        1.3127553705431423,
                        -1.5738031285637009,
                        4.9951356300622685,
                        1.3555654831952122
                    ],
                    [
                        0.23476743594135152,
                        -7.606105255729078e-10,
                        -0.31880860101878694,
                        -0.9566936009982625,
                        1.3555654831952122,
                        1.9137896327708535
                    ]
                ],
                "mui": [
                    0.0,
                    1.0,
                    0.606229375017759,
                    1.376520749344131,
                    -1.5639303743648771,
                    -0.7606105255729078
                ],
                "Ai": [
                    [
                        0.0,
                        0.0,
                        0.0,
                        0.0,
                        0.0,
                        0.0
                    ],
                    [
                        0.0,
                        0.0,
                        0.0,
                        0.0,
                        0.0,
                        0.0
                    ],
                    [
                        0.6056048249240267,
                        0.606229375017759,
                        0.0,
                        0.0,
                        0.0,
                        0.0
                    ],
                    [
                        -0.9608420055950422,
                        0.9302692141475891,
                        0.7361100494074033,
                        0.0,
                        0.0,
                        0.0
                    ],
                    [
                        0.9468012014277769,
                        -0.9587441982615794,
                        0.7846708276133332,
                        -0.7852236750059891,
                        0.0,
                        0.0
                    ],
                    [
                        -0.5616541538975462,
                        0.586821442160697,
                        -0.5916411498647167,
                        0.0,
                        0.6322287356416824,
                        0.0
                    ]
                ]
            },
            "est_params": {
                "mui": [
                    0.002125191185369882,
                    1.0000005022501053,
                    0.6034147131041545,
                    1.373048984345793,
                    -1.55417921958061,
                    -0.7459717943495676
                ],
                "Si": [
                    [
                        1.0019053316346482,
                        1.4961832237117597e-07,
                        0.613636538309492,
                        -0.5104336687930595,
                        1.8261992705803383,
                        0.23029148738371877
                    ],
                    [
                        1.4961832237117602e-07,
                        1.0111811933215305e-06,
                        4.851635381573334e-07,
                        2.8051271233335704e-08,
                        1.0178049147415772e-06,
                        3.421502958128588e-07
                    ],
                    [
                        0.613636538309492,
                        4.851635381573335e-07,
                        1.3809024909356464,
                        0.43220359685086573,
                        1.3235936655071099,
                        -0.32335691697878494
                    ],
                    [
                        -0.5104336687930596,
                        2.8051271233335456e-08,
                        0.43220359685086573,
                        1.8305641866354547,
                        -1.5862593138743935,
                        -0.9697277944151554
                    ],
                    [
                        1.8261992705803383,
                        1.0178049147415772e-06,
                        1.3235936655071099,
                        -1.5862593138743935,
                        5.011949649786069,
                        1.3610100893209687
                    ],
                    [
                        0.23029148738371877,
                        3.421502958128588e-07,
                        -0.3233569169787849,
                        -0.9697277944151554,
                        1.3610100893209685,
                        1.9218515028815049
                    ]
                ]
            },
            "est_tgt": [
                1
            ],
            "oracle_est_tgt": [
                1
            ]
        },
        "4": {
            "intv_type": "do",
            "inode": 4,
            "new_mui": 1.0,
            "new_vari": null,
            "noise_type": "gaussian",
            "obs_noise_gamma_shape": null,
            "true_params": {
                "Si": [
                    [
                        1.0,
                        0.563476764840271,
                        0.9472009919101729,
                        0.26058725057708143,
                        0.0,
                        -0.7913969901366694
                    ],
                    [
                        0.563476764840271,
                        1.317506064514858,
                        1.1399551255927989,
                        1.5233556102579258,
                        0.0,
                        -0.21778261806311686
                    ],
                    [
                        0.9472009919101729,
                        1.1399551255927989,
                        2.264703774210038,
                        1.8174258652070294,
                        0.0,
                        -1.2029412059599707
                    ],
                    [
                        0.26058725057708143,
                        1.5233556102579258,
                        1.8174258652070294,
                        3.50457309337682,
                        0.0,
                        -0.3276861042891784
                    ],
                    [
                        0.0,
                        0.0,
                        0.0,
                        0.0,
                        1e-09,
                        6.322287356416824e-10
                    ],
                    [
                        -0.7913969901366694,
                        -0.21778261806311686,
                        -1.2029412059599707,
                        -0.3276861042891784,
                        6.322287356416824e-10,
                        2.0284014155964645
                    ]
                ],
                "mui": [
                    0.0,
                    0.0,
                    0.0,
                    0.0,
                    1.0,
                    0.6322287356416824
                ],
                "Ai": [
                    [
                        0.0,
                        0.0,
                        0.0,
                        0.0,
                        0.0,
                        0.0
                    ],
                    [
                        0.563476764840271,
                        0.0,
                        0.0,
                        0.0,
                        0.0,
                        0.0
                    ],
                    [
                        0.6056048249240267,
                        0.606229375017759,
                        0.0,
                        0.0,
                        0.0,
                        0.0
                    ],
                    [
                        -0.9608420055950422,
                        0.9302692141475891,
                        0.7361100494074033,
                        0.0,
                        0.0,
                        0.0
                    ],
                    [
                        0.0,
                        0.0,
                        0.0,
                        0.0,
                        0.0,
                        0.0
                    ],
                    [
                        -0.5616541538975462,
                        0.586821442160697,
                        -0.5916411498647167,
                        0.0,
                        0.6322287356416824,
                        0.0
                    ]
                ]
            },
            "est_params": {
                "mui": [
                    -0.0021788696860803145,
                    -0.008047829691081643,
                    0.0037479866153182616,
                    0.0055548533824328235,
                    0.9999996052793814,
                    0.627293411333429
                ],
                "Si": [
                    [
                        1.0023142107647225,
                        0.5597221952202661,
                        0.9500251124457934,
                        0.25469851436296614,
                        5.876605491421179e-07,
                        -0.7947594983423427
                    ],
                    [
                        0.5597221952202661,
                        1.3087710934997683,
                        1.1330049954468198,
                        1.5108946952957913,
                        6.96019793037716e-07,
                        -0.2129933432484313
                    ],
                    [
                        0.9500251124457934,
                        1.1330049954468198,
                        2.2758235676369667,
                        1.8158483805015313,
                        1.2215060192727325e-06,
                        -1.2122944965748899
                    ],
                    [
                        0.2546985143629661,
                        1.5108946952957916,
                        1.8158483805015313,
                        3.503501911004912,
                        1.0058479983440686e-06,
                        -0.32197436656896516
                    ],
                    [
                        5.876605491421178e-07,
                        6.96019793037716e-07,
                        1.2215060192727325e-06,
                        1.0058479983440686e-06,
                        1.0082237832818662e-06,
                        -5.815789000304531e-07
                    ],
                    [
                        -0.7947594983423427,
                        -0.2129933432484313,
                        -1.2122944965748899,
                        -0.32197436656896516,
                        -5.815789000304532e-07,
                        2.040815350048705
                    ]
                ]
            },
            "est_tgt": [
                4
            ],
            "oracle_est_tgt": [
                4
            ]
        },
        "obs": {
            "intv_type": "obs",
            "noise_type": "gaussian",
            "obs_noise_gamma_shape": null,
            "true_params": {
                "Si": [
                    [
                        1.0,
                        0.563476764840271,
                        0.9472009919101729,
                        0.26058725057708143,
                        0.9451928299624459,
                        -0.19381892231192854
                    ],
                    [
                        0.563476764840271,
                        1.317506064514858,
                        1.1399551255927989,
                        1.5233556102579258,
                        -1.0313361763874178,
                        -0.8698229848820611
                    ],
                    [
                        0.9472009919101729,
                        1.1399551255927989,
                        2.264703774210038,
                        1.8174258652070294,
                        0.15384684207311455,
                        -1.10567481151362
                    ],
                    [
                        0.26058725057708143,
                        1.5233556102579258,
                        1.8174258652070294,
                        3.50457309337682,
                        -2.5395767372314486,
                        -1.933279493934046
                    ],
                    [
                        0.9451928299624459,
                        -1.0313361763874178,
                        0.15384684207311455,
                        -2.5395767372314486,
                        4.998552190021888,
                        1.933124547026559
                    ],
                    [
                        -0.19381892231192854,
                        -0.8698229848820611,
                        -1.10567481151362,
                        -1.933279493934046,
                        1.933124547026559,
                        2.4747680294723007
                    ]
                ],
                "mui": [
                    0.0,
                    0.0,
                    0.0,
                    0.0,
                    0.0,
                    0.0
                ],
                "Ai": [
                    [
                        0.0,
                        0.0,
                        0.0,
                        0.0,
                        0.0,
                        0.0
                    ],
                    [
                        0.563476764840271,
                        0.0,
                        0.0,
                        0.0,
                        0.0,
                        0.0
                    ],
                    [
                        0.6056048249240267,
                        0.606229375017759,
                        0.0,
                        0.0,
                        0.0,
                        0.0
                    ],
                    [
                        -0.9608420055950422,
                        0.9302692141475891,
                        0.7361100494074033,
                        0.0,
                        0.0,
                        0.0
                    ],
                    [
                        0.9468012014277769,
                        -0.9587441982615794,
                        0.7846708276133332,
                        -0.7852236750059891,
                        0.0,
                        0.0
                    ],
                    [
                        -0.5616541538975462,
                        0.586821442160697,
                        -0.5916411498647167,
                        0.0,
                        0.6322287356416824,
                        0.0
                    ]
                ]
            },
            "est_params": {
                "mui": [
                    0.009050310627062349,
                    0.0010618709020781315,
                    0.007738517493886997,
                    -0.005818931741129855,
                    0.016464872705931295,
                    0.007096768370498946
                ],
                "Si": [
                    [
                        1.0051026807043684,
                        0.561687058777232,
                        0.9502067594814704,
                        0.24922481400456706,
                        0.9653525392244181,
                        -0.18495482997647572
                    ],
                    [
                        0.561687058777232,
                        1.3184027040773123,
                        1.1429093904897023,
                        1.5276793625358067,
                        -1.0329649019493858,
                        -0.8725011197875061
                    ],
                    [
                        0.9502067594814704,
                        1.1429093904897023,
                        2.2728861389215638,
                        1.8244839849956043,
                        0.16007786475213645,
                        -1.104540610972903
                    ],
                    [
                        0.24922481400456706,
                        1.5276793625358067,
                        1.8244839849956043,
                        3.5415085017490013,
                        -2.574922432349631,
                        -1.9545729108013095
                    ],
                    [
                        0.9653525392244181,
                        -1.0329649019493858,
                        0.16007786475213645,
                        -2.574922432349631,
                        5.048268445378262,
                        1.9602773985316309
                    ],
                    [
                        -0.18495482997647572,
                        -0.8725011197875061,
                        -1.104540610972903,
                        -1.9545729108013095,
                        1.9602773985316309,
                        2.4864760287845935
                    ]
                ]
            },
            "est_tgt": [
                0,
                1,
                2,
                3,
                4,
                5
            ],
            "oracle_est_tgt": [
                0,
                1,
                2,
                3,
                4,
                5
            ]
        }
    },
    "metric_dict": {
        "param_est_rel_err": 1.067517863327288,
        "est_num_comp": 4,
        "weight_precision_error": 0.0015123910228218018,
        "gm_score_dict": {
            "1": -8.946977695737816,
            "2": -7.309420460933038,
            "3": -5.9324954295828425,
            "4": -4.347330072023365,
            "5": -4.347835305724068,
            "6": -4.348259903260777,
            "7": -4.3482395437161845
        },
        "est_dag": {
            "amat": [
                [
                    0,
                    1,
                    1,
                    1,
                    1,
                    1
                ],
                [
                    0,
                    0,
                    1,
                    1,
                    1,
                    1
                ],
                [
                    0,
                    0,
                    0,
                    1,
                    1,
                    1
                ],
                [
                    0,
                    0,
                    0,
                    0,
                    1,
                    0
                ],
                [
                    0,
                    0,
                    0,
                    0,
                    0,
                    1
                ],
                [
                    0,
                    0,
                    0,
                    0,
                    0,
                    0
                ]
            ],
            "nodes": [
                0,
                1,
                2,
                3,
                4,
                5
            ]
        },
        "oracle_est_dag": {
            "amat": [
                [
                    0,
                    1,
                    1,
                    1,
                    1,
                    1
                ],
                [
                    0,
                    0,
                    1,
                    1,
                    1,
                    1
                ],
                [
                    0,
                    0,
                    0,
                    1,
                    1,
                    1
                ],
                [
                    0,
                    0,
                    0,
                    0,
                    1,
                    0
                ],
                [
                    0,
                    0,
                    0,
                    0,
                    0,
                    1
                ],
                [
                    0,
                    0,
                    0,
                    0,
                    0,
                    0
                ]
            ],
            "nodes": [
                0,
                1,
                2,
                3,
                4,
                5
            ]
        },
        "igsp_dag": null,
        "intv_base_est_dag": null,
        "act_dag": {
            "amat": [
                [
                    0,
                    1,
                    1,
                    1,
                    1,
                    1
                ],
                [
                    0,
                    0,
                    1,
                    1,
                    1,
                    1
                ],
                [
                    0,
                    0,
                    0,
                    1,
                    1,
                    1
                ],
                [
                    0,
                    0,
                    0,
                    0,
                    1,
                    0
                ],
                [
                    0,
                    0,
                    0,
                    0,
                    0,
                    1
                ],
                [
                    0,
                    0,
                    0,
                    0,
                    0,
                    0
                ]
            ],
            "nodes": [
                0,
                1,
                2,
                3,
                4,
                5
            ]
        },
        "shd": 0,
        "oracle_shd": 0,
        "intv_base_shd": null,
        "igsp_shd": null,
        "avg_js": 0.75,
        "avg_oracle_js": 0.75
    }
}