{
    "expt_args": {
        "save_dir": "all_expt_logs/expt_logs_sim_compsel_backward_cameraready_cutoff_var",
        "exp_name": "198",
        "num_nodes": 6,
        "num_tgt_prior": 7,
        "obs_noise_mean": 0.0,
        "obs_noise_var": 1.0,
        "obs_noise_gamma_shape": null,
        "noise_type": "gaussian",
        "max_edge_strength": 1.0,
        "graph_sparsity_method": "adj_dense_prop",
        "adj_dense_prop": 0.8,
        "num_parents": null,
        "new_noise_mean": 1.0,
        "mix_samples": 1024,
        "stage2_samples": 1024,
        "gmm_tol": 0.001,
        "intv_type": "do",
        "new_noise_var": null,
        "dtype": "simulation",
        "cutoff_drop_ratio": 0.01,
        "intv_targets": [
            0,
            1,
            2,
            3,
            4,
            5
        ]
    },
    "intv_args_dict": {
        "0": {
            "intv_type": "do",
            "inode": 0,
            "new_mui": 1.0,
            "new_vari": null,
            "noise_type": "gaussian",
            "obs_noise_gamma_shape": null,
            "true_params": {
                "Si": [
                    [
                        1e-09,
                        -8.494970562971243e-10,
                        1.652750011106653e-10,
                        5.96229141300376e-10,
                        -1.2711451311522257e-09,
                        2.0162821648905617e-10
                    ],
                    [
                        -8.494970562971243e-10,
                        1.0000000007216452,
                        0.6372345594020175,
                        0.32842471601451373,
                        1.3362839177252146,
                        -0.11656672340811694
                    ],
                    [
                        1.652750011106653e-10,
                        0.6372345594020175,
                        1.4060678839025353,
                        0.7246742024873941,
                        1.4726688033059334,
                        -0.23633473508066094
                    ],
                    [
                        5.96229141300376e-10,
                        0.32842471601451373,
                        0.7246742024873941,
                        1.3734902888617329,
                        0.7589996910845999,
                        -0.12180470620270133
                    ],
                    [
                        -1.2711451311522257e-09,
                        1.3362839177252146,
                        1.4726688033059334,
                        0.7589996910845999,
                        3.1714727258125177,
                        0.5830085060004262
                    ],
                    [
                        2.0162821648905617e-10,
                        -0.11656672340811694,
                        -0.23633473508066094,
                        -0.12180470620270133,
                        0.5830085060004262,
                        1.7444982200472898
                    ]
                ],
                "mui": [
                    1.0,
                    -0.8494970562971242,
                    0.1652750011106653,
                    0.596229141300376,
                    -1.2711451311522257,
                    0.20162821648905616
                ],
                "Ai": [
                    [
                        0.0,
                        0.0,
                        0.0,
                        0.0,
                        0.0,
                        0.0
                    ],
                    [
                        -0.8494970562971242,
                        0.0,
                        0.0,
                        0.0,
                        0.0,
                        0.0
                    ],
                    [
                        0.706603883612744,
                        0.637234559542418,
                        0.0,
                        0.0,
                        0.0,
                        0.0
                    ],
                    [
                        0.511047955542408,
                        -0.0,
                        0.5153906228137439,
                        0.0,
                        0.0,
                        0.0
                    ],
                    [
                        -0.5748775877590673,
                        0.9404704425736685,
                        0.6211425104688855,
                        0.0,
                        0.0,
                        0.0
                    ],
                    [
                        0.6996849614927529,
                        -0.802762568191719,
                        -0.6834622933991856,
                        0.0,
                        0.8394336147283326,
                        0.0
                    ]
                ]
            },
            "est_params": {
                "mui": [
                    0.9236219137917578,
                    -1.089913165378615,
                    0.1057279065542549,
                    0.7575061990357335,
                    -1.5478749387344473,
                    0.12378096506674206
                ],
                "Si": [
                    [
                        0.1018488722100059,
                        -0.05740853882395449,
                        0.054476072320340005,
                        0.008591514274441513,
                        -0.11072582395516598,
                        0.034125167031187356
                    ],
                    [
                        -0.0574085388239545,
                        0.7142422149479786,
                        0.3892108095983166,
                        0.11910322862713313,
                        0.9628286358052602,
                        -0.09434125424742712
                    ],
                    [
                        0.05447607232034,
                        0.3892108095983166,
                        1.3580510442439344,
                        0.6124990457224769,
                        1.1653295237433214,
                        -0.2591735770078991
                    ],
                    [
                        0.008591514274441506,
                        0.11910322862713314,
                        0.6124990457224769,
                        0.8245633475786688,
                        0.40728687095417104,
                        -0.20755612430291295
                    ],
                    [
                        -0.11072582395516599,
                        0.9628286358052602,
                        1.1653295237433214,
                        0.407286870954171,
                        2.761346343792293,
                        0.672646189412852
                    ],
                    [
                        0.034125167031187356,
                        -0.09434125424742712,
                        -0.2591735770078991,
                        -0.207556124302913,
                        0.672646189412852,
                        1.6725338041566875
                    ]
                ]
            },
            "est_tgt": [
                0,
                1,
                3
            ],
            "oracle_est_tgt": [
                0,
                3
            ]
        },
        "1": {
            "intv_type": "do",
            "inode": 1,
            "new_mui": 1.0,
            "new_vari": null,
            "noise_type": "gaussian",
            "obs_noise_gamma_shape": null,
            "true_params": {
                "Si": [
                    [
                        1.0,
                        0.0,
                        0.706603883612744,
                        0.8752249712001903,
                        -0.13597587758478333,
                        0.1026051282371638
                    ],
                    [
                        0.0,
                        1e-09,
                        6.372345595424181e-10,
                        3.2842471652100865e-10,
                        1.3362839166453808e-09,
                        -1.1656672323683437e-10
                    ],
                    [
                        0.706603883612744,
                        6.372345595424181e-10,
                        1.4992890487426802,
                        1.133827986707934,
                        0.5250614281413528,
                        -0.08955320855817471
                    ],
                    [
                        0.8752249712001903,
                        3.2842471652100865e-10,
                        1.133827986707934,
                        2.0316462444045755,
                        0.20112154222245743,
                        0.006281257080002391
                    ],
                    [
                        -0.13597587758478333,
                        1.3362839166453808e-09,
                        0.5250614281413528,
                        0.20112154222245743,
                        1.4043074593821963,
                        0.7248229212216462
                    ],
                    [
                        0.1026051282371638,
                        -1.1656672323683437e-10,
                        -0.08955320855817471,
                        0.006281257080002391,
                        0.7248229212216462,
                        1.741438231394616
                    ]
                ],
                "mui": [
                    0.0,
                    1.0,
                    0.637234559542418,
                    0.32842471652100863,
                    1.3362839166453806,
                    -0.11656672323683437
                ],
                "Ai": [
                    [
                        0.0,
                        0.0,
                        0.0,
                        0.0,
                        0.0,
                        0.0
                    ],
                    [
                        0.0,
                        0.0,
                        0.0,
                        0.0,
                        0.0,
                        0.0
                    ],
                    [
                        0.706603883612744,
                        0.637234559542418,
                        0.0,
                        0.0,
                        0.0,
                        0.0
                    ],
                    [
                        0.511047955542408,
                        -0.0,
                        0.5153906228137439,
                        0.0,
                        0.0,
                        0.0
                    ],
                    [
                        -0.5748775877590673,
                        0.9404704425736685,
                        0.6211425104688855,
                        0.0,
                        0.0,
                        0.0
                    ],
                    [
                        0.6996849614927529,
                        -0.802762568191719,
                        -0.6834622933991856,
                        0.0,
                        0.8394336147283326,
                        0.0
                    ]
                ]
            },
            "est_params": {
                "mui": [
                    0.4900763160831623,
                    0.16039563597345996,
                    1.0329143123877096,
                    1.1756686123711644,
                    0.790084237508364,
                    -0.21244173316673826
                ],
                "Si": [
                    [
                        0.8973431348771628,
                        0.24831213297619897,
                        0.6993278883343365,
                        0.5058442975183861,
                        -0.1513172013949996,
                        -0.26419079742322643
                    ],
                    [
                        0.24831213297619897,
                        0.5986092274491589,
                        0.35773008984830895,
                        0.34014866156571605,
                        0.8430505096291275,
                        0.14040983920239164
                    ],
                    [
                        0.6993278883343365,
                        0.35773008984830895,
                        1.2848189704929989,
                        0.6859249848379653,
                        0.5917857356628123,
                        -0.37864709596965773
                    ],
                    [
                        0.5058442975183861,
                        0.34014866156571605,
                        0.6859249848379653,
                        1.486934709364852,
                        0.25431003080245773,
                        -0.062373079815798115
                    ],
                    [
                        -0.15131720139499963,
                        0.8430505096291278,
                        0.5917857356628123,
                        0.2543100308024578,
                        2.5612893728505397,
                        0.974836807443569
                    ],
                    [
                        -0.2641907974232263,
                        0.14040983920239164,
                        -0.37864709596965773,
                        -0.06237307981579807,
                        0.974836807443569,
                        2.0238219251895906
                    ]
                ]
            },
            "est_tgt": [
                1,
                2,
                3,
                4
            ],
            "oracle_est_tgt": [
                1,
                2,
                4
            ]
        },
        "2": {
            "intv_type": "do",
            "inode": 2,
            "new_mui": 1.0,
            "new_vari": null,
            "noise_type": "gaussian",
            "obs_noise_gamma_shape": null,
            "true_params": {
                "Si": [
                    [
                        1.0,
                        -0.8494970562971242,
                        0.0,
                        0.511047955542408,
                        -1.3738044602598523,
                        0.22841175607130393
                    ],
                    [
                        -0.8494970562971242,
                        1.7216452486574796,
                        0.0,
                        -0.4341337338599392,
                        2.1075132874922726,
                        -0.20733517944317917
                    ],
                    [
                        0.0,
                        0.0,
                        1e-09,
                        5.15390622813744e-10,
                        6.211425104688855e-10,
                        -1.6205439057485794e-10
                    ],
                    [
                        0.511047955542408,
                        -0.4341337338599392,
                        5.15390622813744e-10,
                        1.2611700131297026,
                        -0.7020799604107077,
                        0.11672936087856976
                    ],
                    [
                        -1.3738044602598523,
                        2.1075132874922726,
                        6.211425104688855e-10,
                        -0.7020799604107077,
                        3.771823348770394,
                        0.5131322073095723
                    ],
                    [
                        0.22841175607130393,
                        -0.20733517944317917,
                        -1.6205439057485794e-10,
                        0.11672936087856976,
                        0.5131322073095723,
                        1.7569976156037002
                    ]
                ],
                "mui": [
                    0.0,
                    0.0,
                    1.0,
                    0.5153906228137439,
                    0.6211425104688855,
                    -0.16205439057485793
                ],
                "Ai": [
                    [
                        0.0,
                        0.0,
                        0.0,
                        0.0,
                        0.0,
                        0.0
                    ],
                    [
                        -0.8494970562971242,
                        0.0,
                        0.0,
                        0.0,
                        0.0,
                        0.0
                    ],
                    [
                        0.0,
                        0.0,
                        0.0,
                        0.0,
                        0.0,
                        0.0
                    ],
                    [
                        0.511047955542408,
                        -0.0,
                        0.5153906228137439,
                        0.0,
                        0.0,
                        0.0
                    ],
                    [
                        -0.5748775877590673,
                        0.9404704425736685,
                        0.6211425104688855,
                        0.0,
                        0.0,
                        0.0
                    ],
                    [
                        0.6996849614927529,
                        -0.802762568191719,
                        -0.6834622933991856,
                        0.0,
                        0.8394336147283326,
                        0.0
                    ]
                ]
            },
            "est_params": {
                "mui": [
                    -0.2021109324741786,
                    0.9041934690107897,
                    0.8337143079148643,
                    0.2723709562885154,
                    1.4744025198073258,
                    -0.26486262931306187
                ],
                "Si": [
                    [
                        0.6381809152365661,
                        -0.23749623907223072,
                        0.1186250104775574,
                        0.20156486552403333,
                        -0.5245184545480246,
                        0.30784443528816247
                    ],
                    [
                        -0.23749623907223066,
                        0.5161903332900057,
                        0.07031903535357076,
                        -0.024572181081410512,
                        0.6502111294082615,
                        -0.1697946123986518
                    ],
                    [
                        0.11862501047755741,
                        0.07031903535357076,
                        0.5722295038551919,
                        0.21847098348252952,
                        0.23210478359738518,
                        0.04812379196181837
                    ],
                    [
                        0.20156486552403335,
                        -0.024572181081410512,
                        0.21847098348252952,
                        0.96537199739871,
                        -0.01073839088087556,
                        0.2167208035514778
                    ],
                    [
                        -0.5245184545480245,
                        0.6502111294082615,
                        0.23210478359738518,
                        -0.010738390880875564,
                        1.974162637737911,
                        0.732525149294405
                    ],
                    [
                        0.30784443528816247,
                        -0.1697946123986518,
                        0.04812379196181836,
                        0.2167208035514778,
                        0.7325251492944049,
                        1.9352624163537668
                    ]
                ]
            },
            "est_tgt": [
                2,
                4
            ],
            "oracle_est_tgt": [
                1,
                2
            ]
        },
        "3": {
            "intv_type": "do",
            "inode": 3,
            "new_mui": 1.0,
            "new_vari": null,
            "noise_type": "gaussian",
            "obs_noise_gamma_shape": null,
            "true_params": {
                "Si": [
                    [
                        1.0,
                        -0.8494970562971242,
                        0.1652750011106653,
                        0.0,
                        -1.2711451311522257,
                        0.20162821648905616
                    ],
                    [
                        -0.8494970562971242,
                        1.7216452486574796,
                        0.4968339326194039,
                        0.0,
                        2.4161179636856183,
                        -0.28784929961072686
                    ],
                    [
                        0.1652750011106653,
                        0.4968339326194039,
                        1.4333837098673499,
                        0.0,
                        1.262580290553021,
                        -0.20301063140981482
                    ],
                    [
                        0.0,
                        0.0,
                        0.0,
                        1e-09,
                        0.0,
                        0.0
                    ],
                    [
                        -1.2711451311522257,
                        2.4161179636856183,
                        1.262580290553021,
                        0.0,
                        4.787282668648717,
                        0.3267097805637542
                    ],
                    [
                        0.20162821648905616,
                        -0.28784929961072686,
                        -0.20301063140981482,
                        0.0,
                        0.3267097805637542,
                        1.7851521576911937
                    ]
                ],
                "mui": [
                    0.0,
                    0.0,
                    0.0,
                    1.0,
                    0.0,
                    0.0
                ],
                "Ai": [
                    [
                        0.0,
                        0.0,
                        0.0,
                        0.0,
                        0.0,
                        0.0
                    ],
                    [
                        -0.8494970562971242,
                        0.0,
                        0.0,
                        0.0,
                        0.0,
                        0.0
                    ],
                    [
                        0.706603883612744,
                        0.637234559542418,
                        0.0,
                        0.0,
                        0.0,
                        0.0
                    ],
                    [
                        0.0,
                        0.0,
                        0.0,
                        0.0,
                        0.0,
                        0.0
                    ],
                    [
                        -0.5748775877590673,
                        0.9404704425736685,
                        0.6211425104688855,
                        0.0,
                        0.0,
                        0.0
                    ],
                    [
                        0.6996849614927529,
                        -0.802762568191719,
                        -0.6834622933991856,
                        0.0,
                        0.8394336147283326,
                        0.0
                    ]
                ]
            },
            "oracle_est_tgt": [
                3
            ]
        },
        "4": {
            "intv_type": "do",
            "inode": 4,
            "new_mui": 1.0,
            "new_vari": null,
            "noise_type": "gaussian",
            "obs_noise_gamma_shape": null,
            "true_params": {
                "Si": [
                    [
                        1.0,
                        -0.8494970562971242,
                        0.1652750011106653,
                        0.596229141300376,
                        0.0,
                        1.2686701687764894
                    ],
                    [
                        -0.8494970562971242,
                        1.7216452486574796,
                        0.4968339326194039,
                        -0.1780701838922229,
                        0.0,
                        -2.316019935477404
                    ],
                    [
                        0.1652750011106653,
                        0.4968339326194039,
                        1.4333837098673499,
                        0.823215974379483,
                        0.0,
                        -1.2628629685934856
                    ],
                    [
                        0.596229141300376,
                        -0.1780701838922229,
                        0.823215974379483,
                        1.7289794774420275,
                        0.0,
                        -0.0025164359009434635
                    ],
                    [
                        0.0,
                        0.0,
                        0.0,
                        0.0,
                        1e-09,
                        8.394336147283326e-10
                    ],
                    [
                        1.2686701687764894,
                        -2.316019935477404,
                        -1.2628629685934856,
                        -0.0025164359009434635,
                        8.394336147283326e-10,
                        4.610002771042899
                    ]
                ],
                "mui": [
                    0.0,
                    0.0,
                    0.0,
                    0.0,
                    1.0,
                    0.8394336147283326
                ],
                "Ai": [
                    [
                        0.0,
                        0.0,
                        0.0,
                        0.0,
                        0.0,
                        0.0
                    ],
                    [
                        -0.8494970562971242,
                        0.0,
                        0.0,
                        0.0,
                        0.0,
                        0.0
                    ],
                    [
                        0.706603883612744,
                        0.637234559542418,
                        0.0,
                        0.0,
                        0.0,
                        0.0
                    ],
                    [
                        0.511047955542408,
                        -0.0,
                        0.5153906228137439,
                        0.0,
                        0.0,
                        0.0
                    ],
                    [
                        0.0,
                        0.0,
                        0.0,
                        0.0,
                        0.0,
                        0.0
                    ],
                    [
                        0.6996849614927529,
                        -0.802762568191719,
                        -0.6834622933991856,
                        0.0,
                        0.8394336147283326,
                        0.0
                    ]
                ]
            },
            "est_params": {
                "mui": [
                    0.11162469886620834,
                    0.07478318157707614,
                    -0.055892690559719745,
                    0.052247925523748226,
                    0.9999981465921304,
                    0.8480407118163148
                ],
                "Si": [
                    [
                        0.9179204406827743,
                        -0.7529078603988137,
                        0.18742837912396193,
                        0.5460738062710867,
                        -6.410952892298854e-07,
                        1.1298049170755682
                    ],
                    [
                        -0.7529078603988139,
                        1.8010026927429124,
                        0.5574814435070894,
                        -0.0920711938187042,
                        2.451353608932282e-06,
                        -2.4446107460048276
                    ],
                    [
                        0.1874283791239619,
                        0.5574814435070894,
                        1.5682135356431028,
                        0.9611933065872961,
                        6.754416550778224e-07,
                        -1.3308605641728708
                    ],
                    [
                        0.5460738062710867,
                        -0.09207119381870417,
                        0.9611933065872961,
                        2.1392209295527174,
                        2.285950487345988e-06,
                        -0.26346174193824395
                    ],
                    [
                        -6.410952892298857e-07,
                        2.4513536089322807e-06,
                        6.754416550778224e-07,
                        2.2859504873459883e-06,
                        1.0010594826605563e-06,
                        -7.3897723895157055e-06
                    ],
                    [
                        1.1298049170755682,
                        -2.4446107460048276,
                        -1.3308605641728706,
                        -0.2634617419382439,
                        -7.3897723895157055e-06,
                        4.649592350949341
                    ]
                ]
            },
            "est_tgt": [
                1,
                4,
                5
            ],
            "oracle_est_tgt": [
                1,
                4,
                5
            ]
        },
        "5": {
            "intv_type": "do",
            "inode": 5,
            "new_mui": 1.0,
            "new_vari": null,
            "noise_type": "gaussian",
            "obs_noise_gamma_shape": null,
            "true_params": {
                "Si": [
                    [
                        1.0,
                        -0.8494970562971242,
                        0.1652750011106653,
                        0.596229141300376,
                        -1.2711451311522257,
                        0.0
                    ],
                    [
                        -0.8494970562971242,
                        1.7216452486574796,
                        0.4968339326194039,
                        -0.1780701838922229,
                        2.4161179636856183,
                        0.0
                    ],
                    [
                        0.1652750011106653,
                        0.4968339326194039,
                        1.4333837098673499,
                        0.823215974379483,
                        1.262580290553021,
                        0.0
                    ],
                    [
                        0.596229141300376,
                        -0.1780701838922229,
                        0.823215974379483,
                        1.7289794774420275,
                        0.0011059218274482932,
                        0.0
                    ],
                    [
                        -1.2711451311522257,
                        2.4161179636856183,
                        1.262580290553021,
                        0.0011059218274482932,
                        4.787282668648717,
                        0.0
                    ],
                    [
                        0.0,
                        0.0,
                        0.0,
                        0.0,
                        0.0,
                        1e-09
                    ]
                ],
                "mui": [
                    0.0,
                    0.0,
                    0.0,
                    0.0,
                    0.0,
                    1.0
                ],
                "Ai": [
                    [
                        0.0,
                        0.0,
                        0.0,
                        0.0,
                        0.0,
                        0.0
                    ],
                    [
                        -0.8494970562971242,
                        0.0,
                        0.0,
                        0.0,
                        0.0,
                        0.0
                    ],
                    [
                        0.706603883612744,
                        0.637234559542418,
                        0.0,
                        0.0,
                        0.0,
                        0.0
                    ],
                    [
                        0.511047955542408,
                        -0.0,
                        0.5153906228137439,
                        0.0,
                        0.0,
                        0.0
                    ],
                    [
                        -0.5748775877590673,
                        0.9404704425736685,
                        0.6211425104688855,
                        0.0,
                        0.0,
                        0.0
                    ],
                    [
                        0.0,
                        0.0,
                        0.0,
                        0.0,
                        0.0,
                        0.0
                    ]
                ]
            },
            "est_params": {
                "mui": [
                    0.24662244812387143,
                    -0.943069811538775,
                    -0.4126137654571525,
                    -0.02054774723759088,
                    -1.3814446598198067,
                    1.0546607177922807
                ],
                "Si": [
                    [
                        1.1809921074328142,
                        -0.8926558084766046,
                        0.6782442312914803,
                        0.9370344405706632,
                        -1.1566207225548804,
                        -0.00936102206843041
                    ],
                    [
                        -0.8926558084766046,
                        1.334464832971802,
                        -0.2580861890146913,
                        -0.45473096518811473,
                        1.6671856941711534,
                        0.05951585742048276
                    ],
                    [
                        0.6782442312914803,
                        -0.25808618901469127,
                        1.4246444353914667,
                        0.9937236016791954,
                        0.1666311472662951,
                        -0.13143206851149808
                    ],
                    [
                        0.9370344405706632,
                        -0.45473096518811473,
                        0.9937236016791954,
                        2.227569333387961,
                        -0.33083670343631005,
                        -0.028502930746403678
                    ],
                    [
                        -1.1566207225548804,
                        1.6671856941711534,
                        0.16663114726629513,
                        -0.33083670343631,
                        2.973392061229153,
                        0.093751214098079
                    ],
                    [
                        -0.009361022068430407,
                        0.059515857420482765,
                        -0.1314320685114981,
                        -0.028502930746403695,
                        0.09375121409807897,
                        0.2513727847016256
                    ]
                ]
            },
            "est_tgt": [
                4,
                5
            ],
            "oracle_est_tgt": [
                4,
                5
            ]
        },
        "obs": {
            "intv_type": "obs",
            "noise_type": "gaussian",
            "obs_noise_gamma_shape": null,
            "true_params": {
                "Si": [
                    [
                        1.0,
                        -0.8494970562971242,
                        0.1652750011106653,
                        0.596229141300376,
                        -1.2711451311522257,
                        0.20162821648905616
                    ],
                    [
                        -0.8494970562971242,
                        1.7216452486574796,
                        0.4968339326194039,
                        -0.1780701838922229,
                        2.4161179636856183,
                        -0.28784929961072686
                    ],
                    [
                        0.1652750011106653,
                        0.4968339326194039,
                        1.4333837098673499,
                        0.823215974379483,
                        1.262580290553021,
                        -0.20301063140981482
                    ],
                    [
                        0.596229141300376,
                        -0.1780701838922229,
                        0.823215974379483,
                        1.7289794774420275,
                        0.0011059218274482932,
                        -0.001588087943721687
                    ],
                    [
                        -1.2711451311522257,
                        2.4161179636856183,
                        1.262580290553021,
                        0.0011059218274482932,
                        4.787282668648717,
                        0.3267097805637542
                    ],
                    [
                        0.20162821648905616,
                        -0.28784929961072686,
                        -0.20301063140981482,
                        -0.001588087943721687,
                        0.3267097805637542,
                        1.7851521576911937
                    ]
                ],
                "mui": [
                    0.0,
                    0.0,
                    0.0,
                    0.0,
                    0.0,
                    0.0
                ],
                "Ai": [
                    [
                        0.0,
                        0.0,
                        0.0,
                        0.0,
                        0.0,
                        0.0
                    ],
                    [
                        -0.8494970562971242,
                        0.0,
                        0.0,
                        0.0,
                        0.0,
                        0.0
                    ],
                    [
                        0.706603883612744,
                        0.637234559542418,
                        0.0,
                        0.0,
                        0.0,
                        0.0
                    ],
                    [
                        0.511047955542408,
                        -0.0,
                        0.5153906228137439,
                        0.0,
                        0.0,
                        0.0
                    ],
                    [
                        -0.5748775877590673,
                        0.9404704425736685,
                        0.6211425104688855,
                        0.0,
                        0.0,
                        0.0
                    ],
                    [
                        0.6996849614927529,
                        -0.802762568191719,
                        -0.6834622933991856,
                        0.0,
                        0.8394336147283326,
                        0.0
                    ]
                ]
            },
            "est_params": {
                "mui": [
                    -0.6862803494586254,
                    0.9337805571628205,
                    -0.3033391884066719,
                    -0.32669693844047154,
                    0.5833682972891316,
                    0.3452355013393282
                ],
                "Si": [
