{
    "expt_args": {
        "save_dir": "all_expt_logs/expt_logs_sim_compsel_backward_cameraready_cutoff_var",
        "exp_name": "539",
        "num_nodes": 6,
        "num_tgt_prior": 7,
        "obs_noise_mean": 0.0,
        "obs_noise_var": 1.0,
        "obs_noise_gamma_shape": null,
        "noise_type": "gaussian",
        "max_edge_strength": 1.0,
        "graph_sparsity_method": "adj_dense_prop",
        "adj_dense_prop": 0.8,
        "num_parents": null,
        "new_noise_mean": 1.0,
        "mix_samples": 8192,
        "stage2_samples": 8192,
        "gmm_tol": 0.001,
        "intv_type": "do",
        "new_noise_var": null,
        "dtype": "simulation",
        "cutoff_drop_ratio": 0.15,
        "intv_targets": [
            0,
            1,
            2,
            3,
            4,
            5
        ]
    },
    "intv_args_dict": {
        "0": {
            "intv_type": "do",
            "inode": 0,
            "new_mui": 1.0,
            "new_vari": null,
            "noise_type": "gaussian",
            "obs_noise_gamma_shape": null,
            "true_params": {
                "Si": [
                    [
                        1e-09,
                        0.0,
                        9.525080172645715e-10,
                        1.7183144004665261e-09,
                        2.536464836520729e-09,
                        -1.8930728371786025e-09
                    ],
                    [
                        0.0,
                        1.0,
                        0.0,
                        0.5659809768517039,
                        -0.4285997976170326,
                        1.165265141375179
                    ],
                    [
                        9.525080172645715e-10,
                        0.0,
                        1.0000000009072716,
                        0.996592718845302,
                        0.9633453481040627,
                        -0.04298495103559962
                    ],
                    [
                        1.7183144004665261e-09,
                        0.5659809768517039,
                        0.996592718845302,
                        2.3135315131038214,
                        1.6841225858692996,
                        -0.11794209112383414
                    ],
                    [
                        2.536464836520729e-09,
                        -0.4285997976170326,
                        0.9633453481040627,
                        1.6841225858692996,
                        3.0461229230849933,
                        -2.010930587570906
                    ],
                    [
                        -1.8930728371786025e-09,
                        1.165265141375179,
                        -0.04298495103559962,
                        -0.11794209112383414,
                        -2.010930587570906,
                        3.476921409814233
                    ]
                ],
                "mui": [
                    1.0,
                    0.0,
                    0.9525080172645715,
                    1.718314400466526,
                    2.5364648365207287,
                    -1.8930728371786023
                ],
                "Ai": [
                    [
                        0.0,
                        0.0,
                        0.0,
                        0.0,
                        0.0,
                        0.0
                    ],
                    [
                        -0.0,
                        0.0,
                        0.0,
                        0.0,
                        0.0,
                        0.0
                    ],
                    [
                        0.9525080172645715,
                        -0.0,
                        0.0,
                        0.0,
                        0.0,
                        0.0
                    ],
                    [
                        0.7690518473778567,
                        0.5659809768517039,
                        0.9965927172085938,
                        0.0,
                        0.0,
                        0.0
                    ],
                    [
                        0.8754751949802071,
                        -0.9756990593146764,
                        0.0,
                        0.9666389579750709,
                        0.0,
                        0.0
                    ],
                    [
                        -0.6218279870580492,
                        0.8395399829409667,
                        0.6891334910834952,
                        -0.0,
                        -0.7599750635562781,
                        0.0
                    ]
                ]
            },
            "est_params": {
                "mui": [
                    0.9999995491593019,
                    -0.04132747602062048,
                    0.939311562334275,
                    1.696542554136567,
                    2.5943083134456266,
                    -1.940759969956686
                ],
                "Si": [
                    [
                        1.010048016122078e-06,
                        -3.149035581030741e-06,
                        -2.772645315613254e-06,
                        -7.426695594375592e-06,
                        -8.079872821304877e-07,
                        -1.240980634004088e-06
                    ],
                    [
                        -3.149035581030741e-06,
                        1.026894113622448,
                        -0.020507734818870176,
                        0.5774425438110179,
                        -0.4555415235762662,
                        1.2324905882557098
                    ],
                    [
                        -2.7726453156132536e-06,
                        -0.020507734818870173,
                        1.0551429128775416,
                        1.070807455338473,
                        1.013367365533179,
                        -0.1122089673846463
                    ],
                    [
                        -7.426695594375592e-06,
                        0.5774425438110178,
                        1.070807455338473,
                        2.4491903340699084,
                        1.7790479338400291,
                        -0.18298556130608057
                    ],
                    [
                        -8.079872821304877e-07,
                        -0.45554152357626615,
                        1.013367365533179,
                        1.7790479338400291,
                        3.130038074903944,
                        -2.128862606844532
                    ],
                    [
                        -1.2409806340040887e-06,
                        1.2324905882557098,
                        -0.11220896738464632,
                        -0.18298556130608057,
                        -2.128862606844532,
                        3.638364978788703
                    ]
                ]
            },
            "est_tgt": [
                0
            ],
            "oracle_est_tgt": [
                0
            ]
        },
        "1": {
            "intv_type": "do",
            "inode": 1,
            "new_mui": 1.0,
            "new_vari": null,
            "noise_type": "gaussian",
            "obs_noise_gamma_shape": null,
            "true_params": {
                "Si": [
                    [
                        1.0,
                        0.0,
                        0.9525080172645715,
                        1.718314400466526,
                        2.5364648365207287,
                        -1.8930728371786023
                    ],
                    [
                        0.0,
                        1e-09,
                        0.0,
                        5.659809768517039e-10,
                        -4.2859979761703264e-10,
                        1.165265141375179e-09
                    ],
                    [
                        0.9525080172645715,
                        0.0,
                        1.9072715229532853,
                        2.6333009598341253,
                        3.379348437983724,
                        -1.84615200391084
                    ],
                    [
                        1.718314400466526,
                        5.659809768517039e-10,
                        2.6333009598341253,
                        4.94580142316418,
                        6.285145968272548,
                        -4.0303543074742
                    ],
                    [
                        2.5364648365207287,
                        -4.2859979761703264e-10,
                        3.379348437983724,
                        6.285145968272548,
                        9.296078997223802,
                        -6.313210863981097
                    ],
                    [
                        -1.8930728371786023,
                        1.165265141375179e-09,
                        -1.84615200391084,
                        -4.0303543074742,
                        -6.313210863981097,
                        5.702803324747678
                    ]
                ],
                "mui": [
                    0.0,
                    1.0,
                    0.0,
                    0.5659809768517039,
                    -0.4285997976170326,
                    1.165265141375179
                ],
                "Ai": [
                    [
                        0.0,
                        0.0,
                        0.0,
                        0.0,
                        0.0,
                        0.0
                    ],
                    [
                        0.0,
                        0.0,
                        0.0,
                        0.0,
                        0.0,
                        0.0
                    ],
                    [
                        0.9525080172645715,
                        -0.0,
                        0.0,
                        0.0,
                        0.0,
                        0.0
                    ],
                    [
                        0.7690518473778567,
                        0.5659809768517039,
                        0.9965927172085938,
                        0.0,
                        0.0,
                        0.0
                    ],
                    [
                        0.8754751949802071,
                        -0.9756990593146764,
                        0.0,
                        0.9666389579750709,
                        0.0,
                        0.0
                    ],
                    [
                        -0.6218279870580492,
                        0.8395399829409667,
                        0.6891334910834952,
                        -0.0,
                        -0.7599750635562781,
                        0.0
                    ]
                ]
            },
            "est_params": {
                "mui": [
                    -0.07176545946554876,
                    0.9999973972062381,
                    -0.05678640037944927,
                    0.4870123287035747,
                    -0.608050321185102,
                    1.332064859820189
                ],
                "Si": [
                    [
                        1.1072051282950837,
                        1.1393459575024642e-06,
                        1.0320233996295587,
                        1.886615910582991,
                        2.8361069950410904,
                        -2.0896731453975015
                    ],
                    [
                        1.1393459575024642e-06,
                        1.0029712794706275e-06,
                        -9.997462985431382e-07,
                        2.546636520241032e-08,
                        1.3098037434512272e-06,
                        -9.782803267313172e-07
                    ],
                    [
                        1.0320233996295587,
                        -9.997462985431382e-07,
                        2.047957847862626,
                        2.861813417803588,
                        3.747719171769291,
                        -1.9929342291428809
                    ],
                    [
                        1.886615910582991,
                        2.5466365202410227e-08,
                        2.861813417803588,
                        5.309393001095944,
                        6.92342231012138,
                        -4.369622957703352
                    ],
                    [
                        2.8361069950410904,
                        1.3098037434512272e-06,
                        3.747719171769291,
                        6.92342231012138,
                        10.407820807263592,
                        -7.012357612537328
                    ],
                    [
                        -2.089673145397501,
                        -9.782803267313172e-07,
                        -1.9929342291428809,
                        -4.369622957703352,
                        -7.01235761253733,
                        6.185615239035494
                    ]
                ]
            },
            "est_tgt": [
                1
            ],
            "oracle_est_tgt": [
                1
            ]
        },
        "2": {
            "intv_type": "do",
            "inode": 2,
            "new_mui": 1.0,
            "new_vari": null,
            "noise_type": "gaussian",
            "obs_noise_gamma_shape": null,
            "true_params": {
                "Si": [
                    [
                        1.0,
                        0.0,
                        0.0,
                        0.7690518473778567,
                        1.6188706713583418,
                        -1.8521293284129996
                    ],
                    [
                        0.0,
                        1.0,
                        0.0,
                        0.5659809768517039,
                        -0.4285997976170326,
                        1.165265141375179
                    ],
                    [
                        0.0,
                        0.0,
                        1e-09,
                        9.96592717208594e-10,
                        9.633453456880596e-10,
                        -4.298494923243257e-11
                    ],
                    [
                        0.7690518473778567,
                        0.5659809768517039,
                        9.96592717208594e-10,
                        1.9117752111065003,
                        1.9690551072753673,
                        -1.4994870821578812
                    ],
                    [
                        1.6188706713583418,
                        -0.4285997976170326,
                        9.633453456880596e-10,
                        1.9690551072753673,
                        4.738830913104735,
                        -4.9678790813633285
                    ],
                    [
                        -1.8521293284129996,
                        1.165265141375179,
                        -4.298494923243257e-11,
                        -1.4994870821578812,
                        -4.9678790813633285,
                        6.90545674953943
                    ]
                ],
                "mui": [
                    0.0,
                    0.0,
                    1.0,
                    0.9965927172085938,
                    0.9633453456880596,
                    -0.04298494923243257
                ],
                "Ai": [
                    [
                        0.0,
                        0.0,
                        0.0,
                        0.0,
                        0.0,
                        0.0
                    ],
                    [
                        -0.0,
                        0.0,
                        0.0,
                        0.0,
                        0.0,
                        0.0
                    ],
                    [
                        0.0,
                        0.0,
                        0.0,
                        0.0,
                        0.0,
                        0.0
                    ],
                    [
                        0.7690518473778567,
                        0.5659809768517039,
                        0.9965927172085938,
                        0.0,
                        0.0,
                        0.0
                    ],
                    [
                        0.8754751949802071,
                        -0.9756990593146764,
                        0.0,
                        0.9666389579750709,
                        0.0,
                        0.0
                    ],
                    [
                        -0.6218279870580492,
                        0.8395399829409667,
                        0.6891334910834952,
                        -0.0,
                        -0.7599750635562781,
                        0.0
                    ]
                ]
            },
            "est_params": {
                "mui": [
                    -0.022855698407862026,
                    -0.005360830735780893,
                    1.0000067746274066,
                    0.9769620787536992,
                    0.9074526023451261,
                    0.00254524381741748
                ],
                "Si": [
                    [
                        0.9748652479673929,
                        -0.006570865195407305,
                        4.966103198484462e-06,
                        0.7089503579650872,
                        1.567045450498824,
                        -1.7617991821537882
                    ],
                    [
                        -0.0065708651954073044,
                        1.0073584268132105,
                        3.402569012322521e-06,
                        0.5491140390191823,
                        -0.44223321477836947,
                        1.2110804891761706
                    ],
                    [
                        4.966103198484464e-06,
                        3.402569012322521e-06,
                        1.0242343733682748e-06,
                        4.2038098288428985e-06,
                        5.896312679970971e-06,
                        -1.5974847195358273e-05
                    ],
                    [
                        0.7089503579650874,
                        0.5491140390191823,
                        4.2038098288428985e-06,
                        1.8204863600062389,
                        1.776808603991099,
                        -1.2480501623216507
                    ],
                    [
                        1.567045450498824,
                        -0.4422332147783694,
                        5.896312679970971e-06,
                        1.776808603991099,
                        4.440671676695157,
                        -4.632983689055675
                    ],
                    [
                        -1.7617991821537882,
                        1.2110804891761706,
                        -1.5974847195358273e-05,
                        -1.2480501623216507,
                        -4.632983689055674,
                        6.544281715395506
                    ]
                ]
            },
            "est_tgt": [
                2
            ],
            "oracle_est_tgt": [
                2
            ]
        },
        "3": {
            "intv_type": "do",
            "inode": 3,
            "new_mui": 1.0,
            "new_vari": null,
            "noise_type": "gaussian",
            "obs_noise_gamma_shape": null,
            "true_params": {
                "Si": [
                    [
                        1.0,
                        0.0,
                        0.9525080172645715,
                        0.0,
                        0.8754751949802071,
                        -0.6307621287825248
                    ],
                    [
                        0.0,
                        1.0,
                        0.0,
                        0.0,
                        -0.9756990593146764,
                        1.5810469375554386
                    ],
                    [
                        0.9525080172645715,
                        0.0,
                        1.9072715229532853,
                        0.0,
                        0.8338971421349112,
                        0.08832750643127218
                    ],
                    [
                        0.0,
                        0.0,
                        0.0,
                        1e-09,
                        9.66638957975071e-10,
                        -7.34621503523079e-10
                    ],
                    [
                        0.8754751949802071,
                        -0.9756990593146764,
                        0.8338971421349112,
                        9.66638957975071e-10,
                        2.718445472307567,
                        -2.8548176716535947
                    ],
                    [
                        -0.6307621287825248,
                        1.5810469375554386,
                        0.08832750643127218,
                        -7.34621503523079e-10,
                        -2.8548176716535947,
                        4.950037348159657
                    ]
                ],
                "mui": [
                    0.0,
                    0.0,
                    0.0,
                    1.0,
                    0.9666389579750709,
                    -0.734621503523079
                ],
                "Ai": [
                    [
                        0.0,
                        0.0,
                        0.0,
                        0.0,
                        0.0,
                        0.0
                    ],
                    [
                        -0.0,
                        0.0,
                        0.0,
                        0.0,
                        0.0,
                        0.0
                    ],
                    [
                        0.9525080172645715,
                        -0.0,
                        0.0,
                        0.0,
                        0.0,
                        0.0
                    ],
                    [
                        0.0,
                        0.0,
                        0.0,
                        0.0,
                        0.0,
                        0.0
                    ],
                    [
                        0.8754751949802071,
                        -0.9756990593146764,
                        0.0,
                        0.9666389579750709,
                        0.0,
                        0.0
                    ],
                    [
                        -0.6218279870580492,
                        0.8395399829409667,
                        0.6891334910834952,
                        -0.0,
                        -0.7599750635562781,
                        0.0
                    ]
                ]
            },
            "est_params": {
                "mui": [
                    0.03585035281946554,
                    0.06043657274241613,
                    0.022570926120039886,
                    0.9999967970617114,
                    0.9445552992144115,
                    -0.6479926028024562
                ],
                "Si": [
                    [
                        0.9683174028997088,
                        0.006668308118855577,
                        0.8998430064258925,
                        1.1059790498643393e-06,
                        0.8779199181906527,
                        -0.5841250289802873
                    ],
                    [
                        0.006668308118855569,
                        1.0076088964196115,
                        0.048224605189034264,
                        3.838739067349391e-06,
                        -0.968795771600352,
                        1.6340109897450243
                    ],
                    [
                        0.8998430064258927,
                        0.048224605189034264,
                        1.810511487900396,
                        8.703386900674516e-08,
                        0.7496521919414741,
                        0.24866067623630728
                    ],
                    [
                        1.1059790498643404e-06,
                        3.838739067349391e-06,
                        8.703386900674497e-08,
                        1.0244255671261319e-06,
                        -3.12314613922962e-08,
                        -3.971630834970046e-06
                    ],
                    [
                        0.8779199181906527,
                        -0.968795771600352,
                        0.7496521919414741,
                        -3.1231461392295456e-08,
                        2.793771656451439,
                        -2.950820225571712
                    ],
                    [
                        -0.5841250289802872,
                        1.6340109897450243,
                        0.24866067623630728,
                        -3.971630834970045e-06,
                        -2.950820225571712,
                        5.146449134992682
                    ]
                ]
            },
            "est_tgt": [
                3,
                4,
                5
            ],
            "oracle_est_tgt": [
                3,
                4,
                5
            ]
        },
        "4": {
            "intv_type": "do",
            "inode": 4,
            "new_mui": 1.0,
            "new_vari": null,
            "noise_type": "gaussian",
            "obs_noise_gamma_shape": null,
            "true_params": {
                "Si": [
                    [
                        1.0,
                        0.0,
                        0.9525080172645715,
                        1.718314400466526,
                        0.0,
                        0.034577188164503045
                    ],
                    [
                        0.0,
                        1.0,
                        0.0,
                        0.5659809768517039,
                        0.0,
                        0.8395399829409667
                    ],
                    [
                        0.9525080172645715,
                        0.0,
                        1.9072715229532853,
                        2.6333009598341253,
                        0.0,
                        0.72206854002465
                    ],
                    [
                        1.718314400466526,
                        0.5659809768517039,
                        2.6333009598341253,
                        5.266135889001855,
                        0.0,
                        1.2213635584000422
                    ],
                    [
                        0.0,
                        0.0,
                        0.0,
                        0.0,
                        1e-09,
                        -7.599750635562782e-10
                    ],
                    [
                        0.034577188164503045,
                        0.8395399829409667,
                        0.72206854002465,
                        1.2213635584000422,
                        -7.599750635562782e-10,
                        2.18092793400837
                    ]
                ],
                "mui": [
                    0.0,
                    0.0,
                    0.0,
                    0.0,
                    1.0,
                    -0.7599750635562781
                ],
                "Ai": [
                    [
                        0.0,
                        0.0,
                        0.0,
                        0.0,
                        0.0,
                        0.0
                    ],
                    [
                        -0.0,
                        0.0,
                        0.0,
                        0.0,
                        0.0,
                        0.0
                    ],
                    [
                        0.9525080172645715,
                        -0.0,
                        0.0,
                        0.0,
                        0.0,
                        0.0
                    ],
                    [
                        0.7690518473778567,
                        0.5659809768517039,
                        0.9965927172085938,
                        0.0,
                        0.0,
                        0.0
                    ],
                    [
                        0.0,
                        0.0,
                        0.0,
                        0.0,
                        0.0,
                        0.0
                    ],
                    [
                        -0.6218279870580492,
                        0.8395399829409667,
                        0.6891334910834952,
                        -0.0,
                        -0.7599750635562781,
                        0.0
                    ]
                ]
            },
            "est_params": {
                "mui": [
                    0.03236118540274934,
                    -0.01266281496214699,
                    0.023527433978168408,
                    0.04175531705737067,
                    1.0000026526704224,
                    -0.7738374678748586
                ],
                "Si": [
                    [
                        0.9868181931666461,
                        -0.010425493881502207,
                        0.8997684423946515,
                        1.6710765469283648,
                        1.2885033490616725e-06,
                        0.004179429758353559
                    ],
                    [
                        -0.010425493881502206,
                        1.0091151360338195,
                        -0.029348199170955037,
                        0.5084763571305583,
                        3.7254547989227953e-06,
                        0.85321623223302
                    ],
                    [
                        0.8997684423946515,
                        -0.029348199170955016,
                        1.7720131482615227,
                        2.4999522181473877,
                        1.81521294553063e-06,
                        0.6077155621038792
                    ],
                    [
                        1.671076546928365,
                        0.5084763571305583,
                        2.4999522181473877,
                        5.10781994124859,
                        -3.193754957369452e-06,
                        1.0662233075290621
                    ],
                    [
                        1.2885033490616725e-06,
                        3.7254547989227944e-06,
                        1.81521294553063e-06,
                        -3.1937549573694527e-06,
                        1.018820029214622e-06,
                        5.0614458334880935e-06
                    ],
                    [
                        0.004179429758353564,
                        0.85321623223302,
                        0.6077155621038792,
                        1.0662233075290621,
                        5.061445833488094e-06,
                        2.151538786085492
                    ]
                ]
            },
            "est_tgt": [
                3,
                4,
                5
            ],
            "oracle_est_tgt": [
                3,
                4,
                5
            ]
        },
        "5": {
            "intv_type": "do",
            "inode": 5,
            "new_mui": 1.0,
            "new_vari": null,
            "noise_type": "gaussian",
            "obs_noise_gamma_shape": null,
            "true_params": {
                "Si": [
                    [
                        1.0,
                        0.0,
                        0.9525080172645715,
                        1.718314400466526,
                        2.5364648365207287,
                        0.0
                    ],
                    [
                        0.0,
                        1.0,
                        0.0,
                        0.5659809768517039,
                        -0.4285997976170326,
                        0.0
                    ],
                    [
                        0.9525080172645715,
                        0.0,
                        1.9072715229532853,
                        2.6333009598341253,
                        3.379348437983724,
                        0.0
                    ],
                    [
                        1.718314400466526,
                        0.5659809768517039,
                        2.6333009598341253,
                        5.266135889001855,
                        6.042566636381398,
                        0.0
                    ],
                    [
                        2.5364648365207287,
                        -0.4285997976170326,
                        3.379348437983724,
                        6.042566636381398,
                        9.479776783557465,
                        0.0
                    ],
                    [
                        0.0,
                        0.0,
                        0.0,
                        0.0,
                        0.0,
                        1e-09
                    ]
                ],
                "mui": [
                    0.0,
                    0.0,
                    0.0,
                    0.0,
                    0.0,
                    1.0
                ],
                "Ai": [
                    [
                        0.0,
                        0.0,
                        0.0,
                        0.0,
                        0.0,
                        0.0
                    ],
                    [
                        -0.0,
                        0.0,
                        0.0,
                        0.0,
                        0.0,
                        0.0
                    ],
                    [
                        0.9525080172645715,
                        -0.0,
                        0.0,
                        0.0,
                        0.0,
                        0.0
                    ],
                    [
                        0.7690518473778567,
                        0.5659809768517039,
                        0.9965927172085938,
                        0.0,
                        0.0,
                        0.0
                    ],
                    [
                        0.8754751949802071,
                        -0.9756990593146764,
                        0.0,
                        0.9666389579750709,
                        0.0,
                        0.0
                    ],
                    [
                        0.0,
                        0.0,
                        0.0,
                        0.0,
                        0.0,
                        0.0
                    ]
                ]
            },
            "est_params": {
                "mui": [
                    -0.02728908311430978,
                    -0.009106629350147178,
                    -0.060470304310514866,
                    -0.07728771047814412,
                    -0.08894688510035174,
                    0.9999970837846822
                ],
                "Si": [
                    [
                        0.9933230071789414,
                        -0.03420570112362699,
                        0.8769559438736703,
                        1.63505941550593,
                        2.469492932059299,
                        2.0005774231734473e-06
                    ],
                    [
                        -0.034205701123627,
                        0.9692208354820376,
                        -0.057102167280543854,
                        0.4379431283281144,
                        -0.5437405347062715,
                        -4.339970341151545e-07
                    ],
                    [
                        0.8769559438736703,
                        -0.05710216728054383,
                        1.698748246822725,
                        2.3797556097187327,
                        3.0607525277890817,
                        1.5248017558101016e-06
                    ],
                    [
                        1.63505941550593,
                        0.4379431283281144,
                        2.3797556097187327,
                        4.9988132963475636,
                        5.767859561791401,
                        2.047969836022307e-06
                    ],
                    [
                        2.469492932059299,
                        -0.5437405347062715,
                        3.0607525277890817,
                        5.767859561791401,
                        9.14905817763265,
                        4.4261155718097225e-06
                    ],
                    [
                        2.000577423173448e-06,
                        -4.339970341151545e-07,
                        1.5248017558101018e-06,
                        2.0479698360223066e-06,
                        4.4261155718097225e-06,
                        1.0053064123381223e-06
                    ]
                ]
            },
            "est_tgt": [
                4,
                5
            ],
            "oracle_est_tgt": [
                4,
                5
            ]
        },
        "obs": {
            "intv_type": "obs",
            "noise_type": "gaussian",
            "obs_noise_gamma_shape": null,
            "true_params": {
                "Si": [
                    [
                        1.0,
                        0.0,
                        0.9525080172645715,
                        1.718314400466526,
                        2.5364648365207287,
                        -1.8930728371786023
                    ],
                    [
                        0.0,
                        1.0,
                        0.0,
                        0.5659809768517039,
                        -0.4285997976170326,
                        1.165265141375179
                    ],
                    [
                        0.9525080172645715,
                        0.0,
                        1.9072715229532853,
                        2.6333009598341253,
                        3.379348437983724,
                        -1.84615200391084
                    ],
                    [
                        1.718314400466526,
                        0.5659809768517039,
                        2.6333009598341253,
                        5.266135889001855,
                        6.042566636381398,
                        -3.3708364051269557
                    ],
                    [
                        2.5364648365207287,
                        -0.4285997976170326,
                        3.379348437983724,
                        6.042566636381398,
                        9.479776783557465,
                        -6.8126432672452495
                    ],
                    [
                        -1.8930728371786023,
                        1.165265141375179,
                        -1.84615200391084,
                        -3.3708364051269557,
                        -6.8126432672452495,
                        7.060646173093951
                    ]
                ],
                "mui": [
                    0.0,
                    0.0,
                    0.0,
                    0.0,
                    0.0,
                    0.0
                ],
                "Ai": [
                    [
                        0.0,
                        0.0,
                        0.0,
