{
    "expt_args": {
        "save_dir": "all_expt_logs/expt_logs_sim_compsel_backward_cameraready_cutoff_var",
        "exp_name": "326",
        "num_nodes": 6,
        "num_tgt_prior": 7,
        "obs_noise_mean": 0.0,
        "obs_noise_var": 1.0,
        "obs_noise_gamma_shape": null,
        "noise_type": "gaussian",
        "max_edge_strength": 1.0,
        "graph_sparsity_method": "adj_dense_prop",
        "adj_dense_prop": 0.8,
        "num_parents": null,
        "new_noise_mean": 1.0,
        "mix_samples": 524288,
        "stage2_samples": 524288,
        "gmm_tol": 0.001,
        "intv_type": "do",
        "new_noise_var": null,
        "dtype": "simulation",
        "cutoff_drop_ratio": 0.15,
        "intv_targets": [
            3,
            0,
            1
        ]
    },
    "intv_args_dict": {
        "3": {
            "intv_type": "do",
            "inode": 3,
            "new_mui": 1.0,
            "new_vari": null,
            "noise_type": "gaussian",
            "obs_noise_gamma_shape": null,
            "true_params": {
                "Si": [
                    [
                        1.0,
                        0.5639648053675214,
                        -0.9091803154580049,
                        0.0,
                        -1.17709743091322,
                        -2.5907010257975616
                    ],
                    [
                        0.5639648053675214,
                        1.3180563016932263,
                        -0.5127456996512554,
                        0.0,
                        -0.6638415235235836,
                        -2.309410500495912
                    ],
                    [
                        -0.9091803154580049,
                        -0.5127456996512554,
                        1.8266088460163172,
                        0.0,
                        1.813338076581034,
                        3.5257299157167203
                    ],
                    [
                        0.0,
                        0.0,
                        0.0,
                        1e-09,
                        -5.743858568305001e-10,
                        -1.3273739989085947e-09
                    ],
                    [
                        -1.17709743091322,
                        -0.6638415235235836,
                        1.813338076581034,
                        -5.743858568305001e-10,
                        2.9378217578497994,
                        4.7763692898934345
                    ],
                    [
                        -2.5907010257975616,
                        -2.309410500495912,
                        3.5257299157167203,
                        -1.3273739989085947e-09,
                        4.7763692898934345,
                        10.535765246105708
                    ]
                ],
                "mui": [
                    0.0,
                    0.0,
                    0.0,
                    1.0,
                    -0.5743858568305,
                    -1.3273739989085946
                ],
                "Ai": [
                    [
                        0.0,
                        0.0,
                        0.0,
                        0.0,
                        0.0,
                        0.0
                    ],
                    [
                        0.5639648053675214,
                        0.0,
                        0.0,
                        0.0,
                        0.0,
                        0.0
                    ],
                    [
                        -0.9091803154580049,
                        0.0,
                        0.0,
                        0.0,
                        0.0,
                        0.0
                    ],
                    [
                        0.0,
                        0.0,
                        0.0,
                        0.0,
                        0.0,
                        0.0
                    ],
                    [
                        -0.5014452954312123,
                        0.0,
                        0.7431442630185454,
                        -0.5743858568305,
                        0.0,
                        0.0
                    ],
                    [
                        -0.6184226409236592,
                        -0.8483463007165526,
                        0.5333305583691964,
                        -0.8350400301642803,
                        0.8571484880582654,
                        0.0
                    ]
                ]
            },
            "est_params": {
                "mui": [
                    -0.0027341596743284077,
                    -0.005922613911490869,
                    0.0024748250859622477,
                    1.0000001960558347,
                    -0.5688336012130238,
                    -1.314409138058692
                ],
                "Si": [
                    [
                        1.0002208414115967,
                        0.5667254171111447,
                        -0.9108176751186945,
                        -1.6934169779701514e-07,
                        -1.1824046013761134,
                        -2.5994915495367272
                    ],
                    [
                        0.5667254171111448,
                        1.3163026481863467,
                        -0.5144381266797466,
                        6.035245659682096e-08,
                        -0.6663704792633378,
                        -2.3121504765293146
                    ],
                    [
                        -0.9108176751186946,
                        -0.5144381266797466,
                        1.8246753343350062,
                        4.292847262330624e-08,
                        1.8149967325563012,
                        3.5230405921074044
                    ],
                    [
                        -1.69341697797015e-07,
                        6.035245659682084e-08,
                        4.2928472623306205e-08,
                        1.007974715117069e-06,
                        1.345604591404672e-07,
                        1.2454248950676875e-07
                    ],
                    [
                        -1.1824046013761134,
                        -0.6663704792633378,
                        1.8149967325563015,
                        1.345604591404673e-07,
                        2.938280921411149,
                        4.782631238179338
                    ],
                    [
                        -2.5994915495367272,
                        -2.312150476529315,
                        3.5230405921074044,
                        1.245424895067688e-07,
                        4.782631238179338,
                        10.54405189538583
                    ]
                ]
            },
            "est_tgt": [
                3
            ],
            "oracle_est_tgt": [
                3
            ]
        },
        "0": {
            "intv_type": "do",
            "inode": 0,
            "new_mui": 1.0,
            "new_vari": null,
            "noise_type": "gaussian",
            "obs_noise_gamma_shape": null,
            "true_params": {
                "Si": [
                    [
                        1e-09,
                        5.639648053675214e-10,
                        -9.09180315458005e-10,
                        -1.7567614549012173e-09,
                        -1.680384973929886e-10,
                        -2.58821548276852e-10
                    ],
                    [
                        5.639648053675214e-10,
                        1.0000000003180562,
                        -5.127456996512555e-10,
                        -9.907516319905286e-10,
                        -9.476779847648756e-11,
                        -0.8483463008625188
                    ],
                    [
                        -9.09180315458005e-10,
                        -5.127456996512555e-10,
                        1.0000000008266088,
                        0.8908316123384812,
                        0.23146318514400485,
                        -0.012151177443789912
                    ],
                    [
                        -1.7567614549012173e-09,
                        -9.907516319905286e-10,
                        0.8908316123384812,
                        1.7935809617820935,
                        -0.36819113462225705,
                        -1.3381986516381876
                    ],
                    [
                        -1.680384973929886e-10,
                        -9.476779847648756e-11,
                        0.23146318514400485,
                        -0.36819113462225705,
                        1.383494318561428,
                        1.6167607895123977
                    ],
                    [
                        -2.58821548276852e-10,
                        -0.8483463008625188,
                        -0.012151177443789912,
                        -1.3381986516381876,
                        1.6167607895123977,
                        4.2164643606846015
                    ]
                ],
                "mui": [
                    1.0,
                    0.5639648053675214,
                    -0.9091803154580049,
                    -1.7567614549012172,
                    -0.1680384973929886,
                    -0.258821548276852
                ],
                "Ai": [
                    [
                        0.0,
                        0.0,
                        0.0,
                        0.0,
                        0.0,
                        0.0
                    ],
                    [
                        0.5639648053675214,
                        0.0,
                        0.0,
                        0.0,
                        0.0,
                        0.0
                    ],
                    [
                        -0.9091803154580049,
                        0.0,
                        0.0,
                        0.0,
                        0.0,
                        0.0
                    ],
                    [
                        -0.9468348900275083,
                        -0.0,
                        0.8908316107412683,
                        0.0,
                        0.0,
                        0.0
                    ],
                    [
                        -0.5014452954312123,
                        0.0,
                        0.7431442630185454,
                        -0.5743858568305,
                        0.0,
                        0.0
                    ],
                    [
                        -0.6184226409236592,
                        -0.8483463007165526,
                        0.5333305583691964,
                        -0.8350400301642803,
                        0.8571484880582654,
                        0.0
                    ]
                ]
            },
            "est_params": {
                "mui": [
                    0.999999868158185,
                    0.5620903564687114,
                    -0.9093112602153144,
                    -1.7540619654532879,
                    -0.16506477770094127,
                    -0.25234907439520415
                ],
                "Si": [
                    [
                        1.0123843962779231e-06,
                        3.044213887834127e-07,
                        -1.6130497548093034e-07,
                        8.62512742175979e-08,
                        -5.430824223588417e-07,
                        -9.055297384128573e-07
                    ],
                    [
                        3.044213887834127e-07,
                        0.9985723694181547,
                        0.0033421804933033996,
                        0.005501927847684737,
                        -0.0034108065905615052,
                        -0.8526280969405189
                    ],
                    [
                        -1.6130497548093034e-07,
                        0.003342180493303399,
                        0.9981294637226277,
                        0.8897932428122081,
                        0.23178521061361346,
                        -0.014890160009581417
                    ],
                    [
                        8.625127421759785e-08,
                        0.0055019278476847394,
                        0.8897932428122081,
                        1.7945315935043635,
                        -0.3750478445384346,
                        -1.3538676261324163
                    ],
                    [
                        -5.430824223588421e-07,
                        -0.003410806590561508,
                        0.23178521061361343,
                        -0.3750478445384346,
                        1.3926628422783127,
                        1.6355613688343036
                    ],
                    [
                        -9.055297384128573e-07,
                        -0.8526280969405189,
                        -0.014890160009581413,
                        -1.3538676261324163,
                        1.6355613688343036,
                        4.254957370493195
                    ]
                ]
            },
            "est_tgt": [
                0
            ],
            "oracle_est_tgt": [
                0
            ]
        },
        "1": {
            "intv_type": "do",
            "inode": 1,
            "new_mui": 1.0,
            "new_vari": null,
            "noise_type": "gaussian",
            "obs_noise_gamma_shape": null,
            "true_params": {
                "Si": [
                    [
                        1.0,
                        0.0,
                        -0.9091803154580049,
                        -1.7567614549012172,
                        -0.1680384973929886,
                        0.2196159080910153
                    ],
                    [
                        0.0,
                        1e-09,
                        0.0,
                        0.0,
                        0.0,
                        -8.483463007165527e-10
                    ],
                    [
                        -0.9091803154580049,
                        0.0,
                        1.8266088460163172,
                        2.4880445444928205,
                        0.3842404790600741,
                        -0.21182163827689088
                    ],
                    [
                        -1.7567614549012172,
                        0.0,
                        2.4880445444928205,
                        4.879791768122524,
                        -0.07298757975793957,
                        -1.7240114143102994
                    ],
                    [
                        -0.1680384973929886,
                        0.0,
                        0.3842404790600741,
                        -0.07298757975793957,
                        1.4117312551392844,
                        1.5798568622696947
                    ],
                    [
                        0.2196159080910153,
                        -8.483463007165527e-10,
                        -0.21182163827689088,
                        -1.7240114143102994,
                        1.5798568622696947,
                        3.545004062484486
                    ]
                ],
                "mui": [
                    0.0,
                    1.0,
                    0.0,
                    0.0,
                    0.0,
                    -0.8483463007165526
                ],
                "Ai": [
                    [
                        0.0,
                        0.0,
                        0.0,
                        0.0,
                        0.0,
                        0.0
                    ],
                    [
                        0.0,
                        0.0,
                        0.0,
                        0.0,
                        0.0,
                        0.0
                    ],
                    [
                        -0.9091803154580049,
                        0.0,
                        0.0,
                        0.0,
                        0.0,
                        0.0
                    ],
                    [
                        -0.9468348900275083,
                        -0.0,
                        0.8908316107412683,
                        0.0,
                        0.0,
                        0.0
                    ],
                    [
                        -0.5014452954312123,
                        0.0,
                        0.7431442630185454,
                        -0.5743858568305,
                        0.0,
                        0.0
                    ],
                    [
                        -0.6184226409236592,
                        -0.8483463007165526,
                        0.5333305583691964,
                        -0.8350400301642803,
                        0.8571484880582654,
                        0.0
                    ]
                ]
            },
            "est_params": {
                "mui": [
                    -0.0006181446389154275,
                    1.000000117257757,
                    0.0011185368257453088,
                    0.0026170405620758574,
                    -0.0014154060710643219,
                    -0.8515649080069311
                ],
                "Si": [
                    [
                        1.0009383385614694,
                        1.400980723021415e-07,
                        -0.9107208512087994,
                        -1.764615988846453,
                        -0.16443319907634868,
                        0.2259836684639905
                    ],
                    [
                        1.4009807230214161e-07,
                        1.010302643579333e-06,
                        -5.893178897433435e-08,
                        -1.7767850704404992e-07,
                        -1.539234856167774e-07,
                        -3.1970537270244145e-07
                    ],
                    [
                        -0.9107208512087994,
                        -5.893178897433436e-08,
                        1.8273190043010943,
                        2.501368359875165,
                        0.3803462212504998,
                        -0.22444052999795006
                    ],
                    [
                        -1.764615988846453,
                        -1.776785070440499e-07,
                        2.501368359875165,
                        4.910387626262556,
                        -0.07795978999298389,
                        -1.7398918466994544
                    ],
                    [
                        -0.1644331990763487,
                        -1.5392348561677753e-07,
                        0.38034622125049994,
                        -0.07795978999298385,
                        1.414928088254884,
                        1.579543574915597
                    ],
                    [
                        0.2259836684639905,
                        -3.1970537270244145e-07,
                        -0.22444052999795006,
                        -1.7398918466994544,
                        1.5795435749155975,
                        3.5452026840064415
                    ]
                ]
            },
            "est_tgt": [
                1
            ],
            "oracle_est_tgt": [
                1
            ]
        },
        "obs": {
            "intv_type": "obs",
            "noise_type": "gaussian",
            "obs_noise_gamma_shape": null,
            "true_params": {
                "Si": [
                    [
                        1.0,
                        0.5639648053675214,
                        -0.9091803154580049,
                        -1.7567614549012172,
                        -0.1680384973929886,
                        -0.258821548276852
                    ],
                    [
                        0.5639648053675214,
                        1.3180563016932263,
                        -0.5127456996512554,
                        -0.9907516319905286,
                        -0.09476779847648756,
                        -0.994312544815428
                    ],
                    [
                        -0.9091803154580049,
                        -0.5127456996512554,
                        1.8266088460163172,
                        2.4880445444928205,
                        0.3842404790600741,
                        0.2231642792305722
                    ],
                    [
                        -1.7567614549012172,
                        -0.9907516319905286,
                        2.4880445444928205,
                        4.879791768122524,
                        -0.07298757975793957,
                        -0.8835109323822472
                    ],
                    [
                        -0.1680384973929886,
                        -0.09476779847648756,
                        0.3842404790600741,
                        -0.07298757975793957,
                        1.4117312551392844,
                        1.6602527735342747
                    ],
                    [
                        -0.258821548276852,
                        -0.994312544815428,
                        0.2231642792305722,
                        -0.8835109323822472,
                        1.6602527735342747,
                        4.2834529544700395
                    ]
                ],
                "mui": [
                    0.0,
                    0.0,
                    0.0,
                    0.0,
                    0.0,
                    0.0
                ],
                "Ai": [
                    [
                        0.0,
                        0.0,
                        0.0,
                        0.0,
                        0.0,
                        0.0
                    ],
                    [
                        0.5639648053675214,
                        0.0,
                        0.0,
                        0.0,
                        0.0,
                        0.0
                    ],
                    [
                        -0.9091803154580049,
                        0.0,
                        0.0,
                        0.0,
                        0.0,
                        0.0
                    ],
                    [
                        -0.9468348900275083,
                        -0.0,
                        0.8908316107412683,
                        0.0,
                        0.0,
                        0.0
                    ],
                    [
                        -0.5014452954312123,
                        0.0,
                        0.7431442630185454,
                        -0.5743858568305,
                        0.0,
                        0.0
                    ],
                    [
                        -0.6184226409236592,
                        -0.8483463007165526,
                        0.5333305583691964,
                        -0.8350400301642803,
                        0.8571484880582654,
                        0.0
                    ]
                ]
            },
            "est_params": {
                "mui": [
                    -0.0024926115257739795,
                    -0.0052837634307171455,
                    0.0013322726421333402,
                    0.0011406914687777472,
                    0.00018013616312386713,
                    0.003934125520118161
                ],
                "Si": [
                    [
                        1.008578000101188,
                        0.5722633574371485,
                        -0.9171620392981192,
                        -1.77394369517825,
                        -0.17377772829348362,
                        -0.26352182686256326
                    ],
                    [
                        0.5722633574371485,
                        1.325106392141764,
                        -0.5254729243583689,
                        -1.0121579781917094,
                        -0.10177507837573235,
                        -1.0015821145726773
                    ],
                    [
                        -0.9171620392981192,
                        -0.5254729243583689,
                        1.837212391247898,
                        2.50492578244158,
                        0.3910882033534483,
                        0.23130496836782014
                    ],
                    [
                        -1.77394369517825,
                        -1.0121579781917094,
                        2.50492578244158,
                        4.921589133541869,
                        -0.06761039453194272,
                        -0.884532987584246
                    ],
                    [
                        -0.17377772829348362,
                        -0.10177507837573235,
                        0.3910882033534483,
                        -0.06761039453194272,
                        1.4086960227728058,
                        1.6677159947507754
                    ],
                    [
                        -0.26352182686256326,
                        -1.0015821145726773,
                        0.23130496836782014,
                        -0.884532987584246,
                        1.6677159947507754,
                        4.312288837387781
                    ]
                ]
            },
            "est_tgt": [
                0,
                1,
                2,
                3,
                4,
                5
            ],
            "oracle_est_tgt": [
                0,
                1,
                2,
                3,
                4,
                5
            ]
        }
    },
    "metric_dict": {
        "param_est_rel_err": 0.8801552237587058,
        "est_num_comp": 4,
        "weight_precision_error": 0.001684612649175965,
        "gm_score_dict": {
            "1": -8.73588088296983,
            "2": -7.137508808483218,
            "3": -5.800136292243579,
            "4": -4.340834082637313,
            "5": -4.341144914266694,
            "6": -4.341375598980117,
            "7": -4.341528287971776
        },
        "est_dag": {
            "amat": [
                [
                    0,
                    1,
                    1,
                    1,
                    0,
                    1
                ],
                [
                    0,
                    0,
                    0,
                    0,
                    1,
                    1
                ],
                [
                    0,
                    0,
                    0,
                    1,
                    1,
                    1
                ],
                [
                    0,
                    0,
                    0,
                    0,
                    1,
                    1
                ],
                [
                    0,
                    0,
                    0,
                    0,
                    0,
                    0
                ],
                [
                    0,
                    0,
                    0,
                    0,
                    1,
                    0
                ]
            ],
            "nodes": [
                0,
                1,
                2,
                3,
                4,
                5
            ]
        },
        "oracle_est_dag": {
            "amat": [
                [
                    0,
                    1,
                    1,
                    1,
                    0,
                    1
                ],
                [
                    0,
                    0,
                    0,
                    0,
                    1,
                    1
                ],
                [
                    0,
                    0,
                    0,
                    1,
                    1,
                    1
                ],
                [
                    0,
                    0,
                    0,
                    0,
                    1,
                    1
                ],
                [
                    0,
                    0,
                    0,
                    0,
                    0,
                    0
                ],
                [
                    0,
                    0,
                    0,
                    0,
                    1,
                    0
                ]
            ],
            "nodes": [
                0,
                1,
                2,
                3,
                4,
                5
            ]
        },
        "igsp_dag": null,
        "intv_base_est_dag": null,
        "act_dag": {
            "amat": [
                [
                    0,
                    1,
                    1,
                    1,
                    1,
                    1
                ],
                [
                    0,
                    0,
                    0,
                    0,
                    0,
                    1
                ],
                [
                    0,
                    0,
                    0,
                    1,
                    1,
                    1
                ],
                [
                    0,
                    0,
                    0,
                    0,
                    1,
                    1
                ],
                [
                    0,
                    0,
                    0,
                    0,
                    0,
                    1
                ],
                [
                    0,
                    0,
                    0,
                    0,
                    0,
                    0
                ]
            ],
            "nodes": [
                0,
                1,
                2,
                3,
                4,
                5
            ]
        },
        "shd": 3,
        "oracle_shd": 3,
        "intv_base_shd": null,
        "igsp_shd": null,
        "avg_js": 0.75,
        "avg_oracle_js": 0.75
    }
}