{
    "expt_args": {
        "save_dir": "all_expt_logs/expt_logs_sim_compsel_backward_cameraready_cutoff_var",
        "exp_name": "228",
        "num_nodes": 6,
        "num_tgt_prior": 7,
        "obs_noise_mean": 0.0,
        "obs_noise_var": 1.0,
        "obs_noise_gamma_shape": null,
        "noise_type": "gaussian",
        "max_edge_strength": 1.0,
        "graph_sparsity_method": "adj_dense_prop",
        "adj_dense_prop": 0.8,
        "num_parents": null,
        "new_noise_mean": 1.0,
        "mix_samples": 1048576,
        "stage2_samples": 1048576,
        "gmm_tol": 0.001,
        "intv_type": "do",
        "new_noise_var": null,
        "dtype": "simulation",
        "cutoff_drop_ratio": 0.01,
        "intv_targets": [
            0,
            1,
            2,
            3,
            4,
            5
        ]
    },
    "intv_args_dict": {
        "0": {
            "intv_type": "do",
            "inode": 0,
            "new_mui": 1.0,
            "new_vari": null,
            "noise_type": "gaussian",
            "obs_noise_gamma_shape": null,
            "true_params": {
                "Si": [
                    [
                        1e-09,
                        9.33466916635633e-10,
                        -1.2782146934633575e-09,
                        -1.0808790038904707e-09,
                        -4.038040719989757e-09,
                        -3.558449100551098e-09
                    ],
                    [
                        9.33466916635633e-10,
                        1.0000000008713605,
                        -0.7219355893690107,
                        0.300452912056426,
                        -1.2940186018579332,
                        0.1596196320903833
                    ],
                    [
                        -1.2782146934633575e-09,
                        -0.7219355893690107,
                        1.5211909951086282,
                        0.5559973604096853,
                        2.5187433639850663,
                        1.3159042278112603
                    ],
                    [
                        -1.0808790038904707e-09,
                        0.300452912056426,
                        0.5559973604096853,
                        1.6876541079115022,
                        1.8209323100359804,
                        2.6828134012354385
                    ],
                    [
                        -4.038040719989757e-09,
                        -1.2940186018579332,
                        2.5187433639850663,
                        1.8209323100359804,
                        6.1555342223238165,
                        4.509431003609606
                    ],
                    [
                        -3.558449100551098e-09,
                        0.1596196320903833,
                        1.3159042278112603,
                        2.6828134012354385,
                        4.509431003609606,
                        6.298845848892621
                    ]
                ],
                "mui": [
                    1.0,
                    0.9334669166356329,
                    -1.2782146934633574,
                    -1.0808790038904705,
                    -4.038040719989756,
                    -3.5584491005510976
                ],
                "Ai": [
                    [
                        0.0,
                        0.0,
                        0.0,
                        0.0,
                        0.0,
                        0.0
                    ],
                    [
                        0.9334669166356329,
                        0.0,
                        0.0,
                        0.0,
                        0.0,
                        0.0
                    ],
                    [
                        -0.6043117059593244,
                        -0.7219355881758396,
                        0.0,
                        0.0,
                        0.0,
                        0.0
                    ],
                    [
                        -0.8942663133835265,
                        0.8584405457324957,
                        0.7729050095410972,
                        0.0,
                        0.0,
                        0.0
                    ],
                    [
                        -0.991686829088036,
                        -0.9956609139987384,
                        0.823217633151548,
                        0.9850209774193691,
                        0.0,
                        0.0
                    ],
                    [
                        -0.5408910957189079,
                        0.8188600046278016,
                        -0.5262619494931726,
                        0.600382532472481,
                        0.9424549862683775,
                        0.0
                    ]
                ]
            },
            "est_params": {
                "mui": [
                    0.9999997423676061,
                    0.933043970872437,
                    -1.2734498337391937,
                    -1.0768776575714287,
                    -4.031470751167375,
                    -3.5517322379736065
                ],
                "Si": [
                    [
                        1.0117927290416016e-06,
                        3.847406011625775e-07,
                        -6.271862671227078e-07,
                        1.1363255067356555e-07,
                        -8.443655157990102e-07,
                        -1.2432879245269537e-07
                    ],
                    [
                        3.8474060116257744e-07,
                        1.0068336866267253,
                        -0.727824998059224,
                        0.30405813483609634,
                        -1.3034713516605743,
                        0.15725352266756068
                    ],
                    [
                        -6.271862671227078e-07,
                        -0.727824998059224,
                        1.5306986495981003,
                        0.5552239880473054,
                        2.5295451788047796,
                        1.3206570382491574
                    ],
                    [
                        1.1363255067356551e-07,
                        0.30405813483609634,
                        0.5552239880473054,
                        1.6883356858178922,
                        1.8158405703688028,
                        2.6853834891109982
                    ],
                    [
                        -8.4436551579901e-07,
                        -1.3034713516605743,
                        2.5295451788047796,
                        1.8158405703688028,
                        6.165976058303897,
                        4.512100555852107
                    ],
                    [
                        -1.2432879245269516e-07,
                        0.15725352266756065,
                        1.3206570382491574,
                        2.6853834891109987,
                        4.512100555852107,
                        6.300990880258995
                    ]
                ]
            },
            "est_tgt": [
                0
            ],
            "oracle_est_tgt": [
                0
            ]
        },
        "1": {
            "intv_type": "do",
            "inode": 1,
            "new_mui": 1.0,
            "new_vari": null,
            "noise_type": "gaussian",
            "obs_noise_gamma_shape": null,
            "true_params": {
                "Si": [
                    [
                        1.0,
                        0.0,
                        -0.6043117059593244,
                        -1.3613418582438148,
                        -2.8301171691628677,
                        -3.7074487494537136
                    ],
                    [
                        0.0,
                        1e-09,
                        -7.219355881758396e-10,
                        3.004529130653908e-10,
                        -1.2940185980885558e-09,
                        1.596196354120778e-10
                    ],
                    [
                        -0.6043117059593244,
                        -7.219355881758396e-10,
                        1.3651926384806599,
                        1.595579830073346,
                        3.2948182165978306,
                        3.6715939970623324
                    ],
                    [
                        -1.3613418582438148,
                        3.004529130653908e-10,
                        1.595579830073346,
                        3.4506338088707182,
                        6.062480928754958,
                        7.681960382920176
                    ],
                    [
                        -2.8301171691628677,
                        -1.2940185980885558e-09,
                        3.2948182165978306,
                        6.062480928754958,
                        12.490613266683903,
                        15.208496125497593
                    ],
                    [
                        -3.7074487494537136,
                        1.596196354120778e-10,
                        3.6715939970623324,
                        7.681960382920176,
                        15.208496125497593,
                        20.018543638072362
                    ]
                ],
                "mui": [
                    0.0,
                    1.0,
                    -0.7219355881758396,
                    0.3004529130653908,
                    -1.2940185980885557,
                    0.1596196354120778
                ],
                "Ai": [
                    [
                        0.0,
                        0.0,
                        0.0,
                        0.0,
                        0.0,
                        0.0
                    ],
                    [
                        0.0,
                        0.0,
                        0.0,
                        0.0,
                        0.0,
                        0.0
                    ],
                    [
                        -0.6043117059593244,
                        -0.7219355881758396,
                        0.0,
                        0.0,
                        0.0,
                        0.0
                    ],
                    [
                        -0.8942663133835265,
                        0.8584405457324957,
                        0.7729050095410972,
                        0.0,
                        0.0,
                        0.0
                    ],
                    [
                        -0.991686829088036,
                        -0.9956609139987384,
                        0.823217633151548,
                        0.9850209774193691,
                        0.0,
                        0.0
                    ],
                    [
                        -0.5408910957189079,
                        0.8188600046278016,
                        -0.5262619494931726,
                        0.600382532472481,
                        0.9424549862683775,
                        0.0
                    ]
                ]
            },
            "est_params": {
                "mui": [
                    -0.0015084363085122864,
                    0.9999997299322714,
                    -0.7173059758510081,
                    0.3046732155673921,
                    -1.2838653053032139,
                    0.17098878473498758
                ],
                "Si": [
                    [
                        0.9954699095445773,
                        -5.0048882306186584e-08,
                        -0.6001027268207031,
                        -1.350949328269758,
                        -2.808914099696633,
                        -3.681344911115544
                    ],
                    [
                        -5.0048882306186584e-08,
                        1.0102046001614452e-06,
                        -3.473895132134529e-07,
                        -1.1700878505166145e-07,
                        -7.018166475455404e-07,
                        -4.455348653854022e-07
                    ],
                    [
                        -0.6001027268207031,
                        -3.4738951321345296e-07,
                        1.3585497980013213,
                        1.585129157194955,
                        3.271655716948983,
                        3.6447061403125254
                    ],
                    [
                        -1.3509493282697582,
                        -1.170087850516614e-07,
                        1.585129157194955,
                        3.434306622968938,
                        6.023929246539139,
                        7.633619363079383
                    ],
                    [
                        -2.8089140996966333,
                        -7.018166475455408e-07,
                        3.271655716948983,
                        6.02392924653914,
                        12.402588397891034,
                        15.100823916492287
                    ],
                    [
                        -3.681344911115544,
                        -4.455348653854022e-07,
                        3.6447061403125254,
                        7.633619363079383,
                        15.100823916492283,
                        19.891413747242773
                    ]
                ]
            },
            "est_tgt": [
                1
            ],
            "oracle_est_tgt": [
                1
            ]
        },
        "2": {
            "intv_type": "do",
            "inode": 2,
            "new_mui": 1.0,
            "new_vari": null,
            "noise_type": "gaussian",
            "obs_noise_gamma_shape": null,
            "true_params": {
                "Si": [
                    [
                        1.0,
                        0.9334669166356329,
                        0.0,
                        -0.09294046404360368,
                        -2.0126516592270947,
                        -1.7291457950743192
                    ],
                    [
                        0.9334669166356329,
                        1.8713604844532354,
                        0.0,
                        0.7716836973310282,
                        -2.0288227071852054,
                        -0.4212903525666114
                    ],
                    [
                        0.0,
                        0.0,
                        1e-09,
                        7.729050095410972e-10,
                        1.5845452811020465e-09,
                        1.4311393186384299e-09
                    ],
                    [
                        -0.09294046404360368,
                        0.7716836973310282,
                        7.729050095410972e-10,
                        1.7455581010115275,
                        1.0432438861157767,
                        2.7133845806210717
                    ],
                    [
                        -2.0126516592270947,
                        -2.0288227071852054,
                        1.5845452811020465e-09,
                        1.0432438861157767,
                        6.0435567266680765,
                        5.749429167208016
                    ],
                    [
                        -1.7291457950743192,
                        -0.4212903525666114,
                        1.4311393186384299e-09,
                        2.7133845806210717,
                        5.749429167208016,
                        8.637948635867094
                    ]
                ],
                "mui": [
                    0.0,
                    0.0,
                    1.0,
                    0.7729050095410972,
                    1.5845452811020464,
                    1.4311393186384298
                ],
                "Ai": [
                    [
                        0.0,
                        0.0,
                        0.0,
                        0.0,
                        0.0,
                        0.0
                    ],
                    [
                        0.9334669166356329,
                        0.0,
                        0.0,
                        0.0,
                        0.0,
                        0.0
                    ],
                    [
                        0.0,
                        0.0,
                        0.0,
                        0.0,
                        0.0,
                        0.0
                    ],
                    [
                        -0.8942663133835265,
                        0.8584405457324957,
                        0.7729050095410972,
                        0.0,
                        0.0,
                        0.0
                    ],
                    [
                        -0.991686829088036,
                        -0.9956609139987384,
                        0.823217633151548,
                        0.9850209774193691,
                        0.0,
                        0.0
                    ],
                    [
                        -0.5408910957189079,
                        0.8188600046278016,
                        -0.5262619494931726,
                        0.600382532472481,
                        0.9424549862683775,
                        0.0
                    ]
                ]
            },
            "est_params": {
                "mui": [
                    -0.00259147542024407,
                    -0.0027937765563281047,
                    0.9999998697473573,
                    0.7735157791197221,
                    1.5872195740557324,
                    1.4347950628487478
                ],
                "Si": [
                    [
                        0.9973674039984127,
                        0.9311304350812916,
                        2.1876004872064014e-07,
                        -0.08925163143222134,
                        -1.9989431762171614,
                        -1.7130656831341928
                    ],
                    [
                        0.9311304350812916,
                        1.8694178654320113,
                        -2.07393774177776e-07,
                        0.7745854350679356,
                        -2.016669149353231,
                        -0.40808681323211743
                    ],
                    [
                        2.187600487206401e-07,
                        -2.0739377417777603e-07,
                        1.0098707329786422e-06,
                        -3.855535167119784e-07,
                        -2.607154751976018e-07,
                        -9.223682831843595e-07
                    ],
                    [
                        -0.08925163143222134,
                        0.7745854350679356,
                        -3.855535167119783e-07,
                        1.7468187551343006,
                        1.037652111070935,
                        2.711447883818779
                    ],
                    [
                        -1.9989431762171614,
                        -2.016669149353231,
                        -2.607154751976021e-07,
                        1.037652111070935,
                        5.999053231927555,
                        5.704869851495749
                    ],
                    [
                        -1.7130656831341928,
                        -0.40808681323211743,
                        -9.223682831843597e-07,
                        2.711447883818779,
                        5.704869851495749,
                        8.593537618659195
                    ]
                ]
            },
            "est_tgt": [
                2,
                4,
                5
            ],
            "oracle_est_tgt": [
                2,
                4,
                5
            ]
        },
        "3": {
            "intv_type": "do",
            "inode": 3,
            "new_mui": 1.0,
            "new_vari": null,
            "noise_type": "gaussian",
            "obs_noise_gamma_shape": null,
            "true_params": {
                "Si": [
                    [
                        1.0,
                        0.9334669166356329,
                        -1.2782146934633574,
                        0.0,
                        -2.9733522271054906,
                        -1.9060872479576645
                    ],
                    [
                        0.9334669166356329,
                        1.8713604844532354,
                        -1.9151067168814404,
                        0.0,
                        -4.365496955692578,
                        -2.078958267515133
                    ],
                    [
                        -1.2782146934633574,
                        -1.9151067168814404,
                        3.15502379606042,
                        0.0,
                        5.771656802319382,
                        2.902328409826727
                    ],
                    [
                        0.0,
                        0.0,
                        0.0,
                        1e-09,
                        9.850209774193692e-10,
                        1.5287204642203163e-09
                    ],
                    [
                        -2.9733522271054906,
                        -4.365496955692578,
                        5.771656802319382,
                        9.850209774193692e-10,
                        13.046518583962333,
                        7.291882019631882
                    ],
                    [
                        -1.9060872479576645,
                        -2.078958267515133,
                        2.902328409826727,
                        1.5287204642203163e-09,
                        7.291882019631882,
                        5.673495406100989
                    ]
                ],
                "mui": [
                    0.0,
                    0.0,
                    0.0,
                    1.0,
                    0.9850209774193691,
                    1.5287204642203163
                ],
                "Ai": [
                    [
                        0.0,
                        0.0,
                        0.0,
                        0.0,
                        0.0,
                        0.0
                    ],
                    [
                        0.9334669166356329,
                        0.0,
                        0.0,
                        0.0,
                        0.0,
                        0.0
                    ],
                    [
                        -0.6043117059593244,
                        -0.7219355881758396,
                        0.0,
                        0.0,
                        0.0,
                        0.0
                    ],
                    [
                        0.0,
                        0.0,
                        0.0,
                        0.0,
                        0.0,
                        0.0
                    ],
                    [
                        -0.991686829088036,
                        -0.9956609139987384,
                        0.823217633151548,
                        0.9850209774193691,
                        0.0,
                        0.0
                    ],
                    [
                        -0.5408910957189079,
                        0.8188600046278016,
                        -0.5262619494931726,
                        0.600382532472481,
                        0.9424549862683775,
                        0.0
                    ]
                ]
            },
            "est_params": {
                "mui": [
                    -0.0054569695879950275,
                    -0.008443756843015146,
                    0.006595302126955694,
                    1.0000002234942293,
                    1.0034852123111084,
                    1.5404836700046547
                ],
                "Si": [
                    [
                        0.996620405618403,
                        0.9321073860945285,
                        -1.275870330059383,
                        2.674893481007623e-07,
                        -2.9711767230854322,
                        -1.9041850172822117
                    ],
                    [
                        0.9321073860945285,
                        1.8704156333722446,
                        -1.911802083955153,
                        4.2322972081516704e-07,
                        -4.361115660885093,
                        -2.0723188485892448
                    ],
                    [
                        -1.2758703300593828,
                        -1.911802083955153,
                        3.1550756070979835,
                        -3.3807861067972865e-07,
                        5.766777247481691,
                        2.89647916688298
                    ],
                    [
                        2.674893481007621e-07,
                        4.2322972081516693e-07,
                        -3.3807861067972865e-07,
                        1.0088927746283697e-06,
                        -1.3538902127713585e-06,
                        -8.315301802822755e-07
                    ],
                    [
                        -2.9711767230854322,
                        -4.361115660885092,
                        5.766777247481691,
                        -1.353890212771359e-06,
                        13.04003630228754,
                        7.284929047516219
                    ],
                    [
                        -1.9041850172822117,
                        -2.072318848589245,
                        2.89647916688298,
                        -8.315301802822755e-07,
                        7.28492904751622,
                        5.6639352660974
                    ]
                ]
            },
            "est_tgt": [
                2,
                3,
                4,
                5
            ],
            "oracle_est_tgt": [
                2,
                3,
                4,
                5
            ]
        },
        "4": {
            "intv_type": "do",
            "inode": 4,
            "new_mui": 1.0,
            "new_vari": null,
            "noise_type": "gaussian",
            "obs_noise_gamma_shape": null,
            "true_params": {
                "Si": [
                    [
                        1.0,
                        0.9334669166356329,
                        -1.2782146934633574,
                        -1.0808790038904705,
                        0.0,
                        0.24722251075799728
                    ],
                    [
                        0.9334669166356329,
                        1.8713604844532354,
                        -1.9151067168814404,
                        -0.7085118779524409,
                        0.0,
                        1.60994795034484
                    ],
                    [
                        -1.2782146934633574,
                        -1.9151067168814404,
                        3.15502379606042,
                        1.9375927836569269,
                        0.0,
                        -1.373901460196624
                    ],
                    [
                        -1.0808790038904705,
                        -0.7085118779524409,
                        1.9375927836569269,
                        2.8559535277944588,
                        0.0,
                        0.699449045084646
                    ],
                    [
                        0.0,
                        0.0,
                        0.0,
                        0.0,
                        1e-09,
                        9.424549862683776e-10
                    ],
                    [
                        0.24722251075799728,
                        1.60994795034484,
                        -1.373901460196624,
                        0.699449045084646,
                        9.424549862683776e-10,
                        3.327570582105815
                    ]
                ],
                "mui": [
                    0.0,
                    0.0,
                    0.0,
                    0.0,
                    1.0,
                    0.9424549862683775
                ],
                "Ai": [
                    [
                        0.0,
                        0.0,
                        0.0,
                        0.0,
                        0.0,
                        0.0
                    ],
                    [
                        0.9334669166356329,
                        0.0,
                        0.0,
                        0.0,
                        0.0,
                        0.0
                    ],
                    [
                        -0.6043117059593244,
                        -0.7219355881758396,
                        0.0,
                        0.0,
                        0.0,
                        0.0
                    ],
                    [
                        -0.8942663133835265,
                        0.8584405457324957,
                        0.7729050095410972,
                        0.0,
                        0.0,
                        0.0
                    ],
                    [
                        0.0,
                        0.0,
                        0.0,
                        0.0,
                        0.0,
                        0.0
                    ],
                    [
                        -0.5408910957189079,
                        0.8188600046278016,
                        -0.5262619494931726,
                        0.600382532472481,
                        0.9424549862683775,
                        0.0
                    ]
                ]
            },
            "est_params": {
                "mui": [
                    0.004173084541083512,
                    0.0010564993729896023,
                    -0.0020553305611644276,
                    -0.001600724247630866,
                    0.999999824480526,
                    0.9430525148946658
                ],
                "Si": [
                    [
                        0.9964384811579318,
                        0.9323226316415171,
                        -1.2727364857572756,
                        -1.075715060316751,
                        1.6574978372422984e-07,
                        0.24991742834523953
                    ],
                    [
                        0.9323226316415171,
                        1.869512425335965,
                        -1.9090133543440755,
                        -0.7027731965957028,
                        1.0339837659659622e-07,
                        1.609087879640688
                    ],
                    [
                        -1.2727364857572756,
                        -1.9090133543440755,
                        3.140500445825305,
                        1.9321037362823692,
                        -1.057121577069521e-07,
                        -1.3689170774355153
                    ],
                    [
                        -1.075715060316751,
                        -0.7027731965957028,
                        1.9321037362823692,
                        2.860939901785307,
                        -3.6237850100777577e-07,
                        0.700296884896662
                    ],
                    [
                        1.657497837242298e-07,
                        1.033983765965962e-07,
                        -1.0571215770695202e-07,
                        -3.623785010077759e-07,
                        1.0049554711172898e-06,
                        -5.183177880979612e-08
                    ],
                    [
                        0.24991742834523945,
                        1.609087879640688,
                        -1.3689170774355155,
                        0.700296884896662,
                        -5.1831778809796094e-08,
                        3.321145821452513
                    ]
                ]
            },
            "est_tgt": [
                2,
                3,
                4,
                5
            ],
            "oracle_est_tgt": [
                2,
                3,
                4,
                5
            ]
        },
        "5": {
            "intv_type": "do",
            "inode": 5,
            "new_mui": 1.0,
            "new_vari": null,
            "noise_type": "gaussian",
            "obs_noise_gamma_shape": null,
            "true_params": {
                "Si": [
                    [
                        1.0,
                        0.9334669166356329,
                        -1.2782146934633574,
                        -1.0808790038904705,
                        -4.038040719989756,
                        0.0
                    ],
                    [
                        0.9334669166356329,
                        1.8713604844532354,
                        -1.9151067168814404,
                        -0.7085118779524409,
                        -5.063396018226524,
                        0.0
                    ],
                    [
                        -1.2782146934633574,
                        -1.9151067168814404,
                        3.15502379606042,
                        1.9375927836569269,
                        7.680226339917844,
                        0.0
                    ],
                    [
                        -1.0808790038904705,
                        -0.7085118779524409,
                        1.9375927836569269,
                        2.8559535277944588,
                        6.185565736763033,
                        0.0
                    ],
                    [
                        -4.038040719989756,
                        -5.063396018226524,
                        7.680226339917844,
                        6.185565736763033,
                        22.461307062313438,
                        0.0
                    ],
                    [
                        0.0,
                        0.0,
                        0.0,
                        0.0,
                        0.0,
                        1e-09
                    ]
                ],
                "mui": [
                    0.0,
                    0.0,
                    0.0,
                    0.0,
                    0.0,
                    1.0
                ],
                "Ai": [
                    [
                        0.0,
                        0.0,
                        0.0,
                        0.0,
                        0.0,
                        0.0
                    ],
                    [
                        0.9334669166356329,
                        0.0,
                        0.0,
                        0.0,
                        0.0,
                        0.0
                    ],
                    [
                        -0.6043117059593244,
                        -0.7219355881758396,
                        0.0,
                        0.0,
                        0.0,
                        0.0
                    ],
                    [
                        -0.8942663133835265,
                        0.8584405457324957,
                        0.7729050095410972,
                        0.0,
                        0.0,
                        0.0
                    ],
                    [
                        -0.991686829088036,
                        -0.9956609139987384,
                        0.823217633151548,
                        0.9850209774193691,
                        0.0,
                        0.0
                    ],
                    [
                        0.0,
                        0.0,
                        0.0,
                        0.0,
                        0.0,
                        0.0
                    ]
                ]
            },
            "est_params": {
                "mui": [
                    0.000557723331125033,
                    0.0014933689331875987,
                    -0.0016972854698204304,
                    -0.006055654076592209,
                    -0.008209838963491903,
                    0.9999995548277933
                ],
                "Si": [
                    [
                        0.9997098365729893,
                        0.9291825236687032,
                        -1.2754351900486058,
                        -1.0818614501322845,
                        -4.0330735162458335,
                        2.121756818268354e-07
                    ],
                    [
                        0.929182523668703,
                        1.8635492158025662,
                        -1.9031976412546072,
                        -0.7000950767326024,
                        -5.036454681907046,
                        2.3641557699583274e-10
                    ],
                    [
                        -1.2754351900486063,
                        -1.9031976412546072,
                        3.1458256953577726,
                        1.9356637454918282,
                        7.662556165673201,
                        -3.266457872502068e-07
                    ],
                    [
                        -1.0818614501322845,
                        -0.7000950767326024,
                        1.9356637454918282,
                        2.8584002054496507,
                        6.178909105003596,
                        -2.2291285950421436e-07
                    ],
                    [
                        -4.033073516245833,
                        -5.036454681907046,
                        7.662556165673201,
                        6.178909105003596,
                        22.409545033661246,
                        -5.195576380943111e-07
                    ],
                    [
                        2.1217568182683551e-07,
                        2.36415576995698e-10,
                        -3.266457872502067e-07,
                        -2.2291285950421417e-07,
                        -5.195576380943112e-07,
                        1.0052517763999947e-06
                    ]
                ]
            },
            "est_tgt": [
                2,
                3,
                5
            ],
            "oracle_est_tgt": [
                2,
                3,
                5
            ]
        },
        "obs": {
            "intv_type": "obs",
            "noise_type": "gaussian",
            "obs_noise_gamma_shape": null,
            "true_params": {
                "Si": [
                    [
                        1.0,
                        0.9334669166356329,
                        -1.2782146934633574,
                        -1.0808790038904705,
                        -4.038040719989756,
                        -3.5584491005510976
                    ],
                    [
                        0.9334669166356329,
                        1.8713604844532354,
                        -1.9151067168814404,
                        -0.7085118779524409,
                        -5.063396018226524,
                        -3.162074874484196
                    ],
                    [
                        -1.2782146934633574,
                        -1.9151067168814404,
                        3.15502379606042,
                        1.9375927836569269,
                        7.680226339917844,
                        5.86436614952868
                    ],
                    [
                        -1.0808790038904705,
                        -0.7085118779524409,
                        1.9375927836569269,
                        2.8559535277944588,
                        6.185565736763033,
