{
    "expt_args": {
        "save_dir": "all_expt_logs/expt_logs_sim_compsel_backward_cameraready_cutoff_var",
        "exp_name": "184",
        "num_nodes": 6,
        "num_tgt_prior": 7,
        "obs_noise_mean": 0.0,
        "obs_noise_var": 1.0,
        "obs_noise_gamma_shape": null,
        "noise_type": "gaussian",
        "max_edge_strength": 1.0,
        "graph_sparsity_method": "adj_dense_prop",
        "adj_dense_prop": 0.8,
        "num_parents": null,
        "new_noise_mean": 1.0,
        "mix_samples": 65536,
        "stage2_samples": 65536,
        "gmm_tol": 0.001,
        "intv_type": "do",
        "new_noise_var": null,
        "dtype": "simulation",
        "cutoff_drop_ratio": 0.04,
        "intv_targets": [
            4,
            1,
            3
        ]
    },
    "intv_args_dict": {
        "4": {
            "intv_type": "do",
            "inode": 4,
            "new_mui": 1.0,
            "new_vari": null,
            "noise_type": "gaussian",
            "obs_noise_gamma_shape": null,
            "true_params": {
                "Si": [
                    [
                        1.0,
                        0.9091892529981029,
                        1.3831290113393186,
                        -0.8442317038618675,
                        0.0,
                        1.4655115838879795
                    ],
                    [
                        0.9091892529981029,
                        1.8266250977672485,
                        1.9790011172234454,
                        -0.36887666784701456,
                        0.0,
                        0.9871625214948003
                    ],
                    [
                        1.3831290113393186,
                        1.9790011172234454,
                        3.4335721597126074,
                        -1.7100364280887574,
                        0.0,
                        2.4966704761298315
                    ],
                    [
                        -0.8442317038618675,
                        -0.36887666784701456,
                        -1.7100364280887574,
                        2.5605802822900166,
                        0.0,
                        -2.8374700949835736
                    ],
                    [
                        0.0,
                        0.0,
                        0.0,
                        0.0,
                        1e-09,
                        -8.684655244205682e-10
                    ],
                    [
                        1.4655115838879795,
                        0.9871625214948003,
                        2.4966704761298315,
                        -2.8374700949835736,
                        -8.684655244205682e-10,
                        4.53352919548203
                    ]
                ],
                "mui": [
                    0.0,
                    0.0,
                    0.0,
                    0.0,
                    1.0,
                    -0.8684655244205681
                ],
                "Ai": [
                    [
                        0.0,
                        0.0,
                        0.0,
                        0.0,
                        0.0,
                        0.0
                    ],
                    [
                        0.9091892529981029,
                        0.0,
                        0.0,
                        0.0,
                        0.0,
                        0.0
                    ],
                    [
                        0.727171618111605,
                        0.7214750846038457,
                        0.0,
                        0.0,
                        0.0,
                        0.0
                    ],
                    [
                        -0.6031638416154672,
                        0.9975138777513151,
                        -0.8299997687870961,
                        0.0,
                        0.0,
                        0.0
                    ],
                    [
                        0.0,
                        0.0,
                        0.0,
                        0.0,
                        0.0,
                        0.0
                    ],
                    [
                        0.7344078612403638,
                        0.0,
                        -0.0,
                        -0.8659988949754465,
                        -0.8684655244205681,
                        0.0
                    ]
                ]
            },
            "est_params": {
                "mui": [
                    0.0013796450072764389,
                    -0.00043797886808047306,
                    0.0028872225472544337,
                    0.0005565533632515545,
                    0.9999999392298247,
                    -0.8648353359323082
                ],
                "Si": [
                    [
                        1.0161525362288142,
                        0.9336002700284122,
                        1.4016817875029233,
                        -0.8592879536047109,
                        -4.732650783355342e-07,
                        1.4813340292507933
                    ],
                    [
                        0.9336002700284122,
                        1.8434191066023335,
                        1.9848604176906715,
                        -0.37460322748863883,
                        -1.3123647959209174e-07,
                        0.9871507498935435
                    ],
                    [
                        1.4016817875029233,
                        1.9848604176906715,
                        3.42495302213847,
                        -1.717687407714362,
                        -5.312585153047824e-07,
                        2.501864279212835
                    ],
                    [
                        -0.8592879536047109,
                        -0.37460322748863883,
                        -1.717687407714362,
                        2.572915411421107,
                        6.68061611812965e-07,
                        -2.864294167398375
                    ],
                    [
                        -4.732650783355342e-07,
                        -1.3123647959209185e-07,
                        -5.312585153047824e-07,
                        6.680616118129648e-07,
                        1.0065370768240365e-06,
                        -1.747645537581122e-06
                    ],
                    [
                        1.4813340292507933,
                        0.9871507498935435,
                        2.501864279212835,
                        -2.8642941673983744,
                        -1.747645537581122e-06,
                        4.564043264280613
                    ]
                ]
            },
            "est_tgt": [
                1,
                4
            ],
            "oracle_est_tgt": [
                0,
                4
            ]
        },
        "1": {
            "intv_type": "do",
            "inode": 1,
            "new_mui": 1.0,
            "new_vari": null,
            "noise_type": "gaussian",
            "obs_noise_gamma_shape": null,
            "true_params": {
                "Si": [
                    [
                        1.0,
                        0.0,
                        0.727171618111605,
                        -1.2067161165166378,
                        1.0729674018604256,
                        0.8475874873499453
                    ],
                    [
                        0.0,
                        1e-09,
                        7.214750846038457e-10,
                        3.986897243444725e-10,
                        1.2620151803888102e-09,
                        -1.4412815361834646e-09
                    ],
                    [
                        0.727171618111605,
                        7.214750846038457e-10,
                        1.528778562707576,
                        -1.7074894795482072,
                        1.5005475450426111,
                        0.7095507446595586
                    ],
                    [
                        -1.2067161165166378,
                        3.986897243444725e-10,
                        -1.7074894795482072,
                        3.145063402206582,
                        -1.8926292542148355,
                        -1.9661599753984842
                    ],
                    [
                        1.0729674018604256,
                        1.2620151803888102e-09,
                        1.5005475450426111,
                        -1.8926292542148355,
                        2.6701143343384413,
                        0.1081082918950853
                    ],
                    [
                        0.8475874873499453,
                        -1.4412815361834646e-09,
                        0.7095507446595586,
                        -1.9661599753984842,
                        0.1081082918950853,
                        3.2312789554239285
                    ]
                ],
                "mui": [
                    0.0,
                    1.0,
                    0.7214750846038457,
                    0.3986897243444725,
                    1.2620151803888102,
                    -1.4412815361834646
                ],
                "Ai": [
                    [
                        0.0,
                        0.0,
                        0.0,
                        0.0,
                        0.0,
                        0.0
                    ],
                    [
                        0.0,
                        0.0,
                        0.0,
                        0.0,
                        0.0,
                        0.0
                    ],
                    [
                        0.727171618111605,
                        0.7214750846038457,
                        0.0,
                        0.0,
                        0.0,
                        0.0
                    ],
                    [
                        -0.6031638416154672,
                        0.9975138777513151,
                        -0.8299997687870961,
                        0.0,
                        0.0,
                        0.0
                    ],
                    [
                        0.5491739761698229,
                        0.7423250595113673,
                        0.7203161023402482,
                        -0.0,
                        0.0,
                        0.0
                    ],
                    [
                        0.7344078612403638,
                        0.0,
                        -0.0,
                        -0.8659988949754465,
                        -0.8684655244205681,
                        0.0
                    ]
                ]
            },
            "est_params": {
                "mui": [
                    0.004716324436200117,
                    0.9999994134028621,
                    0.7283838886800295,
                    0.3886091078283811,
                    1.2818346218831436,
                    -1.4290533849612883
                ],
                "Si": [
                    [
                        0.995495991312988,
                        -2.775115699730839e-07,
                        0.7234805876060885,
                        -1.2108570971160821,
                        1.0622714525089394,
                        0.8642980777697911
                    ],
                    [
                        -2.775115699730839e-07,
                        1.0094440115374868e-06,
                        7.025321118241293e-07,
                        -8.556183237216279e-07,
                        6.61268751885595e-07,
                        -7.274989376638432e-07
                    ],
                    [
                        0.7234805876060885,
                        7.025321118241293e-07,
                        1.5233557251819343,
                        -1.7007668232026114,
                        1.4794071145345056,
                        0.7230393974844882
                    ],
                    [
                        -1.2108570971160821,
                        -8.556183237216278e-07,
                        -1.7007668232026114,
                        3.1511417287887533,
                        -1.8786387520230126,
                        -1.9972326781480698
                    ],
                    [
                        1.0622714525089394,
                        6.61268751885595e-07,
                        1.4794071145345056,
                        -1.8786387520230123,
                        2.6154516892946953,
                        0.13949676647070605
                    ],
                    [
                        0.8642980777697911,
                        -7.274989376638432e-07,
                        0.7230393974844882,
                        -1.9972326781480698,
                        0.1394967664707061,
                        3.2470874168280774
                    ]
                ]
            },
            "est_tgt": [
                1,
                2,
                4
            ],
            "oracle_est_tgt": [
                0,
                1,
                2,
                4
            ]
        },
        "3": {
            "intv_type": "do",
            "inode": 3,
            "new_mui": 1.0,
            "new_vari": null,
            "noise_type": "gaussian",
            "obs_noise_gamma_shape": null,
            "true_params": {
                "Si": [
                    [
                        1.0,
                        0.9091892529981029,
                        1.3831290113393186,
                        0.0,
                        2.2203780409903944,
                        -1.1939139185402725
                    ],
                    [
                        0.9091892529981029,
                        1.8266250977672485,
                        1.9790011172234454,
                        0.0,
                        3.2807590328502583,
                        -2.181510379204754
                    ],
                    [
                        1.3831290113393186,
                        1.9790011172234454,
                        3.4335721597126074,
                        0.0,
                        4.701897896017179,
                        -3.0676554029993177
                    ],
                    [
                        0.0,
                        0.0,
                        0.0,
                        1e-09,
                        0.0,
                        -8.659988949754465e-10
                    ],
                    [
                        2.2203780409903944,
                        3.2807590328502583,
                        4.701897896017179,
                        0.0,
                        8.04161624773479,
                        -5.353203383549131
                    ],
                    [
                        -1.1939139185402725,
                        -2.181510379204754,
                        -3.0676554029993177,
                        -8.659988949754465e-10,
                        -5.353203383549131,
                        4.772252817153645
                    ]
                ],
                "mui": [
                    0.0,
                    0.0,
                    0.0,
                    1.0,
                    0.0,
                    -0.8659988949754465
                ],
                "Ai": [
                    [
                        0.0,
                        0.0,
                        0.0,
                        0.0,
                        0.0,
                        0.0
                    ],
                    [
                        0.9091892529981029,
                        0.0,
                        0.0,
                        0.0,
                        0.0,
                        0.0
                    ],
                    [
                        0.727171618111605,
                        0.7214750846038457,
                        0.0,
                        0.0,
                        0.0,
                        0.0
                    ],
                    [
                        0.0,
                        0.0,
                        0.0,
                        0.0,
                        0.0,
                        0.0
                    ],
                    [
                        0.5491739761698229,
                        0.7423250595113673,
                        0.7203161023402482,
                        -0.0,
                        0.0,
                        0.0
                    ],
                    [
                        0.7344078612403638,
                        0.0,
                        -0.0,
                        -0.8659988949754465,
                        -0.8684655244205681,
                        0.0
                    ]
                ]
            },
            "est_params": {
                "mui": [
                    -0.015640916485183107,
                    -0.015324395642296594,
                    -0.025088752870471263,
                    1.000001956678025,
                    -0.0374393222510559,
                    -0.8483190812443906
                ],
                "Si": [
                    [
                        0.9989012377539926,
                        0.9139141274444489,
                        1.3906620975581152,
                        -7.39640867464147e-07,
                        2.2376047450783463,
                        -1.2160217997578122
                    ],
                    [
                        0.9139141274444491,
                        1.8480662978417899,
                        2.0046478596105204,
                        -1.7545177926354787e-06,
                        3.32456251201555,
                        -2.217224161472344
                    ],
                    [
                        1.3906620975581152,
                        2.0046478596105204,
                        3.4765324383532197,
                        -3.2676052248203575e-06,
                        4.7561003960341015,
                        -3.110300188096895
                    ],
                    [
                        -7.396408674641469e-07,
                        -1.7545177926354787e-06,
                        -3.2676052248203575e-06,
                        1.0088928242664802e-06,
                        -4.411680299316013e-06,
                        3.5679238892188156e-06
                    ],
                    [
                        2.2376047450783463,
                        3.32456251201555,
                        4.7561003960341015,
                        -4.411680299316013e-06,
                        8.134606103864959,
                        -5.424661960383132
                    ],
                    [
                        -1.216021799757812,
                        -2.217224161472344,
                        -3.110300188096895,
                        3.5679238892188165e-06,
                        -5.4246619603831325,
                        4.829158100409015
                    ]
                ]
            },
            "est_tgt": [
                3,
                5
            ],
            "oracle_est_tgt": [
                3
            ]
        },
        "obs": {
            "intv_type": "obs",
            "noise_type": "gaussian",
            "obs_noise_gamma_shape": null,
            "true_params": {
                "Si": [
                    [
                        1.0,
                        0.9091892529981029,
                        1.3831290113393186,
                        -0.8442317038618675,
                        2.2203780409903944,
                        -0.46281019589265693
                    ],
                    [
                        0.9091892529981029,
                        1.8266250977672485,
                        1.9790011172234454,
                        -0.36887666784701456,
                        3.2807590328502583,
                        -1.862063592467015
                    ],
                    [
                        1.3831290113393186,
                        1.9790011172234454,
                        3.4335721597126074,
                        -1.7100364280887574,
                        4.701897896017179,
                        -1.5867657459066948
                    ],
                    [
                        -0.8442317038618675,
                        -0.36887666784701456,
                        -1.7100364280887574,
                        2.5605802822900166,
                        -1.96922325077107,
                        -1.1272675918015003
                    ],
                    [
                        2.2203780409903944,
                        3.2807590328502583,
                        4.701897896017179,
                        -1.96922325077107,
                        8.04161624773479,
                        -3.6478582244214275
                    ],
                    [
                        -0.46281019589265693,
                        -1.862063592467015,
                        -1.5867657459066948,
                        -1.1272675918015003,
                        -3.6478582244214275,
                        4.80436014860001
                    ]
                ],
                "mui": [
                    0.0,
                    0.0,
                    0.0,
                    0.0,
                    0.0,
                    0.0
                ],
                "Ai": [
                    [
                        0.0,
                        0.0,
                        0.0,
                        0.0,
                        0.0,
                        0.0
                    ],
                    [
                        0.9091892529981029,
                        0.0,
                        0.0,
                        0.0,
                        0.0,
                        0.0
                    ],
                    [
                        0.727171618111605,
                        0.7214750846038457,
                        0.0,
                        0.0,
                        0.0,
                        0.0
                    ],
                    [
                        -0.6031638416154672,
                        0.9975138777513151,
                        -0.8299997687870961,
                        0.0,
                        0.0,
                        0.0
                    ],
                    [
                        0.5491739761698229,
                        0.7423250595113673,
                        0.7203161023402482,
                        -0.0,
                        0.0,
                        0.0
                    ],
                    [
                        0.7344078612403638,
                        0.0,
                        -0.0,
                        -0.8659988949754465,
                        -0.8684655244205681,
                        0.0
                    ]
                ]
            },
            "est_params": {
                "mui": [
                    0.010828849779812428,
                    0.017448898708112816,
                    0.029646761962860514,
                    -0.02644311308055016,
                    0.027779189987858596,
                    0.015008727316696186
                ],
                "Si": [
                    [
                        0.9951049167232697,
                        0.9191876828786966,
                        1.387142473284026,
                        -0.837615463176743,
                        2.2325601783583355,
                        -0.4777974104202275
                    ],
                    [
                        0.9191876828786966,
                        1.857323240122836,
                        2.0123656477998035,
                        -0.3941253512847327,
                        3.3219987214895017,
                        -1.855301907087645
                    ],
                    [
                        1.387142473284026,
                        2.0123656477998035,
                        3.4518962160967366,
                        -1.7132656633176493,
                        4.737815316398568,
                        -1.586171963962396
                    ],
                    [
                        -0.837615463176743,
                        -0.3941253512847327,
                        -1.7132656633176493,
                        2.538405428663523,
                        -2.0017915065639533,
                        -1.0670648187912009
                    ],
                    [
                        2.2325601783583355,
                        3.3219987214895017,
                        4.737815316398568,
                        -2.0017915065639533,
                        8.091666175383937,
                        -3.641099173749514
                    ],
                    [
                        -0.4777974104202275,
                        -1.855301907087645,
                        -1.586171963962396,
                        -1.0670648187912009,
                        -3.641099173749514,
                        4.737905367804512
                    ]
                ]
            },
            "est_tgt": [
                0,
                1,
                2,
                3,
                4,
                5
            ],
            "oracle_est_tgt": [
                0,
                1,
                2,
                3,
                4,
                5
            ]
        }
    },
    "metric_dict": {
        "param_est_rel_err": 2.67369559929678,
        "est_num_comp": 4,
        "weight_precision_error": 0.0014971166019973892,
        "gm_score_dict": {
            "1": -9.042387630930317,
            "2": -8.926736001604562,
            "3": -5.836057146911985,
            "4": -4.3413514867281995,
            "5": -4.341645162879372,
            "6": -4.341941142342711,
            "7": -4.341876228693036
        },
        "est_dag": {
            "amat": [
                [
                    0,
                    0,
                    1,
                    0,
                    1,
                    1
                ],
                [
                    0,
                    0,
                    0,
                    1,
                    0,
                    1
                ],
                [
                    0,
                    1,
                    0,
                    1,
                    1,
                    1
                ],
                [
                    0,
                    0,
                    0,
                    0,
                    0,
                    0
                ],
                [
                    0,
                    1,
                    0,
                    1,
                    0,
                    1
                ],
                [
                    0,
                    0,
                    0,
                    1,
                    0,
                    0
                ]
            ],
            "nodes": [
                0,
                1,
                2,
                3,
                4,
                5
            ]
        },
        "oracle_est_dag": {
            "amat": [
                [
                    0,
                    0,
                    0,
                    1,
                    0,
                    1
                ],
                [
                    0,
                    0,
                    0,
                    1,
                    1,
                    0
                ],
                [
                    1,
                    1,
                    0,
                    1,
                    1,
                    1
                ],
                [
                    0,
                    0,
                    0,
                    0,
                    0,
                    1
                ],
                [
                    1,
                    0,
                    0,
                    0,
                    0,
                    1
                ],
                [
                    0,
                    0,
                    0,
                    0,
                    0,
                    0
                ]
            ],
            "nodes": [
                0,
                1,
                2,
                3,
                4,
                5
            ]
        },
        "igsp_dag": null,
        "intv_base_est_dag": null,
        "act_dag": {
            "amat": [
                [
                    0,
                    1,
                    1,
                    1,
                    1,
                    1
                ],
                [
                    0,
                    0,
                    1,
                    1,
                    1,
                    0
                ],
                [
                    0,
                    0,
                    0,
                    1,
                    1,
                    0
                ],
                [
                    0,
                    0,
                    0,
                    0,
                    0,
                    1
                ],
                [
                    0,
                    0,
                    0,
                    0,
                    0,
                    1
                ],
                [
                    0,
                    0,
                    0,
                    0,
                    0,
                    0
                ]
            ],
            "nodes": [
                0,
                1,
                2,
                3,
                4,
                5
            ]
        },
        "shd": 8,
        "oracle_shd": 5,
        "intv_base_shd": null,
        "igsp_shd": null,
        "avg_js": 0.3333333333333333,
        "avg_oracle_js": 0.4375
    }
}