{
    "expt_args": {
        "save_dir": "all_expt_logs/expt_logs_sim_compsel_backward_cameraready_cutoff_var",
        "exp_name": "114",
        "num_nodes": 6,
        "num_tgt_prior": 7,
        "obs_noise_mean": 0.0,
        "obs_noise_var": 1.0,
        "obs_noise_gamma_shape": null,
        "noise_type": "gaussian",
        "max_edge_strength": 1.0,
        "graph_sparsity_method": "adj_dense_prop",
        "adj_dense_prop": 0.8,
        "num_parents": null,
        "new_noise_mean": 1.0,
        "mix_samples": 32768,
        "stage2_samples": 32768,
        "gmm_tol": 0.001,
        "intv_type": "do",
        "new_noise_var": null,
        "dtype": "simulation",
        "cutoff_drop_ratio": 0.01,
        "intv_targets": [
            3,
            4,
            2
        ]
    },
    "intv_args_dict": {
        "3": {
            "intv_type": "do",
            "inode": 3,
            "new_mui": 1.0,
            "new_vari": null,
            "noise_type": "gaussian",
            "obs_noise_gamma_shape": null,
            "true_params": {
                "Si": [
                    [
                        1.0,
                        -0.65283944069445,
                        1.1040283690653854,
                        0.0,
                        -1.5813780724650028,
                        1.1526739731875124
                    ],
                    [
                        -0.65283944069445,
                        1.4261993353262423,
                        -1.2448150267034526,
                        0.0,
                        1.9433883919942234,
                        -1.3617556397418191
                    ],
                    [
                        1.1040283690653854,
                        -1.2448150267034526,
                        2.49351937190707,
                        0.0,
                        -2.223307786923556,
                        2.1975936206361406
                    ],
                    [
                        0.0,
                        0.0,
                        0.0,
                        1e-09,
                        -9.603796729621143e-10,
                        -1.2365594924569673e-09
                    ],
                    [
                        -1.5813780724650028,
                        1.9433883919942234,
                        -2.223307786923556,
                        -9.603796729621143e-10,
                        4.330682010296833,
                        -1.750588990929801
                    ],
                    [
                        1.1526739731875124,
                        -1.3617556397418191,
                        2.1975936206361406,
                        -1.2365594924569673e-09,
                        -1.750588990929801,
                        3.460181172491245
                    ]
                ],
                "mui": [
                    0.0,
                    0.0,
                    0.0,
                    1.0,
                    -0.9603796729621142,
                    -1.2365594924569672
                ],
                "Ai": [
                    [
                        0.0,
                        0.0,
                        0.0,
                        0.0,
                        0.0,
                        0.0
                    ],
                    [
                        -0.65283944069445,
                        0.0,
                        0.0,
                        0.0,
                        0.0,
                        0.0
                    ],
                    [
                        0.7619001803412392,
                        -0.5240617637320005,
                        0.0,
                        0.0,
                        0.0,
                        0.0
                    ],
                    [
                        0.0,
                        0.0,
                        0.0,
                        0.0,
                        0.0,
                        0.0
                    ],
                    [
                        -0.986639764967486,
                        0.9110024156397036,
                        -0.0,
                        -0.9603796729621142,
                        0.0,
                        0.0
                    ],
                    [
                        0.9122990023541024,
                        -0.8632303578551943,
                        0.6057270502548259,
                        -0.6341635868179518,
                        0.6272476631882848,
                        0.0
                    ]
                ]
            },
            "est_params": {
                "mui": [
                    -0.00547887870980499,
                    -0.0023069790768401027,
                    0.003938162100913791,
                    0.9999998050432255,
                    -0.9716555133982434,
                    -1.2438090276895888
                ],
                "Si": [
                    [
                        0.9606405902450517,
                        -0.6251915359696358,
                        1.0639684667964384,
                        4.0919865368067464e-07,
                        -1.5365431752623553,
                        1.1032844422749863
                    ],
                    [
                        -0.625191535969636,
                        1.4222061921486688,
                        -1.2326057093920535,
                        8.918584949626153e-07,
                        1.9281633443470876,
                        -1.3087456783186011
                    ],
                    [
                        1.0639684667964384,
                        -1.2326057093920535,
                        2.471369228833694,
                        -5.325947790437971e-07,
                        -2.195471255466274,
                        2.133552355653936
                    ],
                    [
                        4.091986536806748e-07,
                        8.918584949626151e-07,
                        -5.325947790437971e-07,
                        1.0129816055273711e-06,
                        6.502083865721783e-07,
                        6.233973815107658e-08
                    ],
                    [
                        -1.5365431752623553,
                        1.9281633443470871,
                        -2.1954712554662743,
                        6.502083865721788e-07,
                        4.276517842377005,
                        -1.7022953317961584
                    ],
                    [
                        1.1032844422749866,
                        -1.3087456783186011,
                        2.133552355653936,
                        6.233973815107689e-08,
                        -1.7022953317961584,
                        3.3324257091375533
                    ]
                ]
            },
            "est_tgt": [
                3
            ],
            "oracle_est_tgt": [
                3
            ]
        },
        "4": {
            "intv_type": "do",
            "inode": 4,
            "new_mui": 1.0,
            "new_vari": null,
            "noise_type": "gaussian",
            "obs_noise_gamma_shape": null,
            "true_params": {
                "Si": [
                    [
                        1.0,
                        -0.65283944069445,
                        1.1040283690653854,
                        0.8612610073222868,
                        0.0,
                        1.598409304168436
                    ],
                    [
                        -0.65283944069445,
                        1.4261993353262423,
                        -1.2448150267034526,
                        -0.084195546835648,
                        0.0,
                        -2.5273477173120407
                    ],
                    [
                        1.1040283690653854,
                        -1.2448150267034526,
                        2.49351937190707,
                        1.472920989628856,
                        0.0,
                        2.6580853766497756
                    ],
                    [
                        0.8612610073222868,
                        -0.084195546835648,
                        1.472920989628856,
                        2.567235550170215,
                        0.0,
                        0.12254849137516632
                    ],
                    [
                        0.0,
                        0.0,
                        0.0,
                        0.0,
                        1e-09,
                        6.272476631882848e-10
                    ],
                    [
                        1.598409304168436,
                        -2.5273477173120407,
                        2.6580853766497756,
                        0.12254849137516632,
                        6.272476631882848e-10,
                        6.1722689120535525
                    ]
                ],
                "mui": [
                    0.0,
                    0.0,
                    0.0,
                    0.0,
                    1.0,
                    0.6272476631882848
                ],
                "Ai": [
                    [
                        0.0,
                        0.0,
                        0.0,
                        0.0,
                        0.0,
                        0.0
                    ],
                    [
                        -0.65283944069445,
                        0.0,
                        0.0,
                        0.0,
                        0.0,
                        0.0
                    ],
                    [
                        0.7619001803412392,
                        -0.5240617637320005,
                        0.0,
                        0.0,
                        0.0,
                        0.0
                    ],
                    [
                        0.5847177899741213,
                        0.8829609870578976,
                        0.7726024060560585,
                        0.0,
                        0.0,
                        0.0
                    ],
                    [
                        0.0,
                        0.0,
                        0.0,
                        0.0,
                        0.0,
                        0.0
                    ],
                    [
                        0.9122990023541024,
                        -0.8632303578551943,
                        0.6057270502548259,
                        -0.6341635868179518,
                        0.6272476631882848,
                        0.0
                    ]
                ]
            },
            "est_params": {
                "mui": [
                    0.021407408651167668,
                    -0.01620009844819148,
                    0.038909353877892815,
                    0.03078441252993474,
                    0.9999994978558437,
                    0.6386894945038951
                ],
                "Si": [
                    [
                        0.985606973222754,
                        -0.635160022370399,
                        1.0840477609792079,
                        0.8793577167734165,
                        1.4837666491576682e-07,
                        1.527404297139761
                    ],
                    [
                        -0.6351600223703989,
                        1.4068402980604393,
                        -1.2350749702889878,
                        -0.08845316853195033,
                        2.7538988146005854e-08,
                        -2.4857437958877178
                    ],
                    [
                        1.0840477609792079,
                        -1.2350749702889876,
                        2.4655389742676577,
                        1.4710300384468282,
                        6.930726565792501e-07,
                        2.6059406837276464
                    ],
                    [
                        0.8793577167734165,
                        -0.08845316853195033,
                        1.4710300384468278,
                        2.603407489052396,
                        1.6352829706750384e-07,
                        0.10682459110043492
                    ],
                    [
                        1.4837666491576684e-07,
                        2.753898814600585e-08,
                        6.930726565792503e-07,
                        1.6352829706750395e-07,
                        1.004389255628372e-06,
                        -4.7013777875690275e-07
                    ],
                    [
                        1.5274042971397608,
                        -2.4857437958877178,
                        2.6059406837276464,
                        0.1068245911004349,
                        -4.7013777875690233e-07,
                        6.053382668752228
                    ]
                ]
            },
            "est_tgt": [
                4
            ],
            "oracle_est_tgt": [
                4
            ]
        },
        "2": {
            "intv_type": "do",
            "inode": 2,
            "new_mui": 1.0,
            "new_vari": null,
            "noise_type": "gaussian",
            "obs_noise_gamma_shape": null,
            "true_params": {
                "Si": [
                    [
                        1.0,
                        -0.65283944069445,
                        0.0,
                        0.00828603302822395,
                        -1.5893358101548019,
                        0.473687953000028
                    ],
                    [
                        -0.65283944069445,
                        1.4261993353262423,
                        0.0,
                        0.8775515378901761,
                        1.1006057330278558,
                        -1.6928821898021615
                    ],
                    [
                        0.0,
                        0.0,
                        1e-09,
                        7.726024060560586e-10,
                        -7.419916460578601e-10,
                        -3.496417888488855e-10
                    ],
                    [
                        0.00828603302822395,
                        0.8775515378901761,
                        7.726024060560586e-10,
                        1.7796887636065162,
                        -0.9179006715799677,
                        -2.454334648992011
                    ],
                    [
                        -1.5893358101548019,
                        1.1006057330278558,
                        -7.419916460578601e-10,
                        -0.9179006715799677,
                        4.4522895384245,
                        0.9747616358077404
                    ],
                    [
                        0.473687953000028,
                        -1.6928821898021615,
                        -3.496417888488855e-10,
                        -2.454334648992011,
                        0.9747616358077404,
                        5.061358967729247
                    ]
                ],
                "mui": [
                    0.0,
                    0.0,
                    1.0,
                    0.7726024060560585,
                    -0.74199164605786,
                    -0.34964178884888547
                ],
                "Ai": [
                    [
                        0.0,
                        0.0,
                        0.0,
                        0.0,
                        0.0,
                        0.0
                    ],
                    [
                        -0.65283944069445,
                        0.0,
                        0.0,
                        0.0,
                        0.0,
                        0.0
                    ],
                    [
                        0.0,
                        0.0,
                        0.0,
                        0.0,
                        0.0,
                        0.0
                    ],
                    [
                        0.5847177899741213,
                        0.8829609870578976,
                        0.7726024060560585,
                        0.0,
                        0.0,
                        0.0
                    ],
                    [
                        -0.986639764967486,
                        0.9110024156397036,
                        -0.0,
                        -0.9603796729621142,
                        0.0,
                        0.0
                    ],
                    [
                        0.9122990023541024,
                        -0.8632303578551943,
                        0.6057270502548259,
                        -0.6341635868179518,
                        0.6272476631882848,
                        0.0
                    ]
                ]
            },
            "est_params": {
                "mui": [
                    -0.0065987334765493025,
                    -0.010377521366692623,
                    0.9999988608628473,
                    0.763563958020491,
                    -0.7445122587893946,
                    -0.35299352122586297
                ],
                "Si": [
                    [
                        1.004285251315022,
                        -0.6587494929646263,
                        -9.666687672946553e-07,
                        0.013436052630719543,
                        -1.600600666534603,
                        0.45131293535921746
                    ],
                    [
                        -0.6587494929646261,
                        1.4292871086127805,
                        -3.5871886988203997e-07,
                        0.8649974147629622,
                        1.1239194815147278,
                        -1.6684044512015936
                    ],
                    [
                        -9.666687672946553e-07,
                        -3.5871886988203976e-07,
                        1.010072526830357e-06,
                        1.8237447327150998e-06,
                        -1.2119414331987074e-06,
                        -2.2732516984040345e-06
                    ],
                    [
                        0.013436052630719538,
                        0.8649974147629623,
                        1.8237447327151004e-06,
                        1.7543771441715228,
                        -0.9117257672452518,
                        -2.433355913318258
                    ],
                    [
                        -1.600600666534603,
                        1.1239194815147278,
                        -1.2119414331987074e-06,
                        -0.9117257672452517,
                        4.468374207397334,
                        0.9801332616899147
                    ],
                    [
                        0.45131293535921746,
                        -1.6684044512015936,
                        -2.273251698404034e-06,
                        -2.433355913318258,
                        0.9801332616899147,
                        5.004267424910394
                    ]
                ]
            },
            "est_tgt": [
                2
            ],
            "oracle_est_tgt": [
                2
            ]
        },
        "obs": {
            "intv_type": "obs",
            "noise_type": "gaussian",
            "obs_noise_gamma_shape": null,
            "true_params": {
                "Si": [
                    [
                        1.0,
                        -0.65283944069445,
                        1.1040283690653854,
                        0.8612610073222868,
                        -2.4085156370122016,
                        0.08767349910008915
                    ],
                    [
                        -0.65283944069445,
                        1.4261993353262423,
                        -1.2448150267034526,
                        -0.084195546835648,
                        2.0242480837291095,
                        -1.2576428370795933
                    ],
                    [
                        1.1040283690653854,
                        -1.2448150267034526,
                        2.49351937190707,
                        1.472920989628856,
                        -3.6378711652423505,
                        0.37623918927146854
                    ],
                    [
                        0.8612610073222868,
                        -0.084195546835648,
                        1.472920989628856,
                        2.567235550170215,
                        -3.3919775424826866,
                        -2.00506149573424
                    ],
                    [
                        -2.4085156370122016,
                        2.0242480837291095,
                        -3.6378711652423505,
                        -3.3919775424826866,
                        8.478018479097852,
                        1.3206501435929932
                    ],
                    [
                        0.08767349910008915,
                        -1.2576428370795933,
                        0.37623918927146854,
                        -2.00506149573424,
                        1.3206501435929932,
                        4.493429882759188
                    ]
                ],
                "mui": [
                    0.0,
                    0.0,
                    0.0,
                    0.0,
                    0.0,
                    0.0
                ],
                "Ai": [
                    [
                        0.0,
                        0.0,
                        0.0,
                        0.0,
                        0.0,
                        0.0
                    ],
                    [
                        -0.65283944069445,
                        0.0,
                        0.0,
                        0.0,
                        0.0,
                        0.0
                    ],
                    [
                        0.7619001803412392,
                        -0.5240617637320005,
                        0.0,
                        0.0,
                        0.0,
                        0.0
                    ],
                    [
                        0.5847177899741213,
                        0.8829609870578976,
                        0.7726024060560585,
                        0.0,
                        0.0,
                        0.0
                    ],
                    [
                        -0.986639764967486,
                        0.9110024156397036,
                        -0.0,
                        -0.9603796729621142,
                        0.0,
                        0.0
                    ],
                    [
                        0.9122990023541024,
                        -0.8632303578551943,
                        0.6057270502548259,
                        -0.6341635868179518,
                        0.6272476631882848,
                        0.0
                    ]
                ]
            },
            "est_params": {
                "mui": [
                    0.00023699323151465278,
                    0.006344791983095936,
                    0.008920325987358944,
                    0.007005431653329559,
                    0.022337412682880167,
                    -0.014799125711770118
                ],
                "Si": [
                    [
                        0.9736572213240717,
                        -0.6432715847563698,
                        1.0866604255442116,
                        0.8533233750452791,
                        -2.3739685473513976,
                        0.052775684015867706
                    ],
                    [
                        -0.6432715847563698,
                        1.4414364175503156,
                        -1.2547293329453395,
                        -0.09353576371469019,
                        2.0373064039923467,
                        -1.2443806644538535
                    ],
                    [
                        1.0866604255442116,
                        -1.2547293329453395,
                        2.5024367227512316,
                        1.4806762440039747,
                        -3.6585991343760456,
                        0.34361353695276053
                    ],
                    [
                        0.8533233750452791,
                        -0.09353576371469019,
                        1.4806762440039747,
                        2.5635893857559404,
                        -3.4103263929147234,
                        -2.014637327484961
                    ],
                    [
                        -2.3739685473513976,
                        2.0373064039923467,
                        -3.6585991343760456,
                        -3.4103263929147234,
                        8.504311468698239,
                        1.4004643521365188
                    ],
                    [
                        0.052775684015867706,
                        -1.2443806644538535,
                        0.34361353695276053,
                        -2.014637327484961,
                        1.4004643521365188,
                        4.513776041277226
                    ]
                ]
            },
            "est_tgt": [
                0,
                1,
                2,
                3,
                4,
                5
            ],
            "oracle_est_tgt": [
                0,
                1,
                2,
                3,
                4,
                5
            ]
        }
    },
    "metric_dict": {
        "param_est_rel_err": 3.0933718996509327,
        "est_num_comp": 4,
        "weight_precision_error": 0.0015603106051507443,
        "gm_score_dict": {
            "1": -9.106451979317935,
            "2": -7.339080030682439,
            "3": -7.289392292320769,
            "4": -4.332660923057004,
            "5": -4.332670515432358,
            "6": -4.333156399425346,
            "7": -4.332770457811692
        },
        "est_dag": {
            "amat": [
                [
                    0,
                    1,
                    1,
                    1,
                    1,
                    1
                ],
                [
                    0,
                    0,
                    1,
                    1,
                    1,
                    1
                ],
                [
                    0,
                    0,
                    0,
                    1,
                    0,
                    1
                ],
                [
                    0,
                    0,
                    0,
                    0,
                    1,
                    1
                ],
                [
                    0,
                    0,
                    0,
                    0,
                    0,
                    1
                ],
                [
                    0,
                    0,
                    0,
                    0,
                    0,
                    0
                ]
            ],
            "nodes": [
                0,
                1,
                2,
                3,
                4,
                5
            ]
        },
        "oracle_est_dag": {
            "amat": [
                [
                    0,
                    0,
                    1,
                    1,
                    1,
                    1
                ],
                [
                    1,
                    0,
                    1,
                    1,
                    1,
                    1
                ],
                [
                    0,
                    0,
                    0,
                    1,
                    0,
                    1
                ],
                [
                    0,
                    0,
                    0,
                    0,
                    1,
                    1
                ],
                [
                    0,
                    0,
                    0,
                    0,
                    0,
                    1
                ],
                [
                    0,
                    0,
                    0,
                    0,
                    0,
                    0
                ]
            ],
            "nodes": [
                0,
                1,
                2,
                3,
                4,
                5
            ]
        },
        "igsp_dag": null,
        "intv_base_est_dag": null,
        "act_dag": {
            "amat": [
                [
                    0,
                    1,
                    1,
                    1,
                    1,
                    1
                ],
                [
                    0,
                    0,
                    1,
                    1,
                    1,
                    1
                ],
                [
                    0,
                    0,
                    0,
                    1,
                    0,
                    1
                ],
                [
                    0,
                    0,
                    0,
                    0,
                    1,
                    1
                ],
                [
                    0,
                    0,
                    0,
                    0,
                    0,
                    1
                ],
                [
                    0,
                    0,
                    0,
                    0,
                    0,
                    0
                ]
            ],
            "nodes": [
                0,
                1,
                2,
                3,
                4,
                5
            ]
        },
        "shd": 0,
        "oracle_shd": 1,
        "intv_base_shd": null,
        "igsp_shd": null,
        "avg_js": 0.75,
        "avg_oracle_js": 0.75
    }
}