{
    "expt_args": {
        "save_dir": "all_expt_logs/expt_logs_sim_compsel_backward_cameraready_cutoff_var",
        "exp_name": "453",
        "num_nodes": 6,
        "num_tgt_prior": 7,
        "obs_noise_mean": 0.0,
        "obs_noise_var": 1.0,
        "obs_noise_gamma_shape": null,
        "noise_type": "gaussian",
        "max_edge_strength": 1.0,
        "graph_sparsity_method": "adj_dense_prop",
        "adj_dense_prop": 0.8,
        "num_parents": null,
        "new_noise_mean": 1.0,
        "mix_samples": 262144,
        "stage2_samples": 262144,
        "gmm_tol": 0.001,
        "intv_type": "do",
        "new_noise_var": null,
        "dtype": "simulation",
        "cutoff_drop_ratio": 0.01,
        "intv_targets": [
            0,
            2,
            5
        ]
    },
    "intv_args_dict": {
        "0": {
            "intv_type": "do",
            "inode": 0,
            "new_mui": 1.0,
            "new_vari": null,
            "noise_type": "gaussian",
            "obs_noise_gamma_shape": null,
            "true_params": {
                "Si": [
                    [
                        1e-09,
                        -7.712005153885014e-10,
                        1.1204881909828048e-09,
                        -1.7595135616730158e-09,
                        -3.679071818708925e-10,
                        -8.602269192010514e-10
                    ],
                    [
                        -7.712005153885014e-10,
                        1.0000000005947502,
                        -0.5409266576046162,
                        1.0479941779080852,
                        -0.6820422003336151,
                        -0.5797720694445067
                    ],
                    [
                        1.1204881909828048e-09,
                        -0.5409266576046162,
                        1.2926016492279433,
                        -1.1810162057324667,
                        0.368934806923635,
                        0.3136141665911158
                    ],
                    [
                        -1.7595135616730158e-09,
                        1.0479941779080852,
                        -1.1810162057324667,
                        2.4754452647790632,
                        -0.7147762537617698,
                        -0.6075977516865168
                    ],
                    [
                        -3.679071818708925e-10,
                        -0.6820422003336151,
                        0.368934806923635,
                        -0.7147762537617698,
                        1.4651815635583068,
                        1.2454820941528797
                    ],
                    [
                        -8.602269192010514e-10,
                        -0.5797720694445067,
                        0.3136141665911158,
                        -0.6075977516865168,
                        1.2454820941528797,
                        2.0587258848161767
                    ]
                ],
                "mui": [
                    1.0,
                    -0.7712005153885013,
                    1.1204881909828048,
                    -1.7595135616730158,
                    -0.36790718187089244,
                    -0.8602269192010514
                ],
                "Ai": [
                    [
                        0.0,
                        0.0,
                        0.0,
                        0.0,
                        0.0,
                        0.0
                    ],
                    [
                        -0.7712005153885013,
                        0.0,
                        0.0,
                        0.0,
                        0.0,
                        0.0
                    ],
                    [
                        0.7033252745171561,
                        -0.5409266567404951,
                        0.0,
                        0.0,
                        0.0,
                        0.0
                    ],
                    [
                        -0.5193680153915761,
                        0.7157958530187802,
                        -0.614128217555632,
                        0.0,
                        0.0,
                        0.0
                    ],
                    [
                        -0.8938984785036967,
                        -0.6820422006173453,
                        0.0,
                        0.0,
                        0.0,
                        0.0
                    ],
                    [
                        -0.5474862878328058,
                        -0.0,
                        -0.0,
                        -0.0,
                        0.8500530752835204,
                        0.0
                    ]
                ]
            },
            "est_params": {
                "mui": [
                    1.0000001895981634,
                    -0.7661588367366053,
                    1.1158406966608627,
                    -1.7569202221678826,
                    -0.36441553936933063,
                    -0.8537972904280569
                ],
                "Si": [
                    [
                        1.01442437577779e-06,
                        -2.498050478112942e-07,
                        -5.245664227182371e-07,
                        2.6728358284420345e-07,
                        2.971467876717624e-07,
                        9.697025655198528e-07
                    ],
                    [
                        -2.4980504781129416e-07,
                        0.9999154818021934,
                        -0.5473293584702142,
                        1.0534452147381332,
                        -0.6834796481170018,
                        -0.5844820510668228
                    ],
                    [
                        -5.24566422718237e-07,
                        -0.5473293584702142,
                        1.3005343227327202,
                        -1.1902589328572493,
                        0.3806949638084275,
                        0.3285373603501331
                    ],
                    [
                        2.6728358284420345e-07,
                        1.0534452147381332,
                        -1.1902589328572493,
                        2.4929160798199317,
                        -0.7270148260156274,
                        -0.6232228988446129
                    ],
                    [
                        2.9714678767176227e-07,
                        -0.6834796481170017,
                        0.3806949638084275,
                        -0.7270148260156274,
                        1.4617138662326885,
                        1.2424714445150924
                    ],
                    [
                        9.697025655198524e-07,
                        -0.5844820510668228,
                        0.3285373603501331,
                        -0.6232228988446129,
                        1.2424714445150924,
                        2.056534717255233
                    ]
                ]
            },
            "est_tgt": [
                0
            ],
            "oracle_est_tgt": [
                0
            ]
        },
        "2": {
            "intv_type": "do",
            "inode": 2,
            "new_mui": 1.0,
            "new_vari": null,
            "noise_type": "gaussian",
            "obs_noise_gamma_shape": null,
            "true_params": {
                "Si": [
                    [
                        1.0,
                        -0.7712005153885013,
                        0.0,
                        -1.0713901461526114,
                        -0.36790718187089244,
                        -0.8602269192010514
                    ],
                    [
                        -0.7712005153885013,
                        1.59475023493549,
                        0.0,
                        1.5420524859138358,
                        -0.398311992343382,
                        0.08363537333099946
                    ],
                    [
                        0.0,
                        0.0,
                        1e-09,
                        -6.14128217555632e-10,
                        0.0,
                        0.0
                    ],
                    [
                        -1.0713901461526114,
                        1.5420524859138358,
                        -6.14128217555632e-10,
                        2.6602405488489507,
                        -0.09403084943044787,
                        0.5066402012078667
                    ],
                    [
                        -0.36790718187089244,
                        -0.398311992343382,
                        0.0,
                        -0.09403084943044787,
                        1.600537257895133,
                        1.5619657554491346
                    ],
                    [
                        -0.8602269192010514,
                        0.08363537333099946,
                        0.0,
                        0.5066402012078667,
                        1.5619657554491346,
                        2.798716236594319
                    ]
                ],
                "mui": [
                    0.0,
                    0.0,
                    1.0,
                    -0.614128217555632,
                    0.0,
                    0.0
                ],
                "Ai": [
                    [
                        0.0,
                        0.0,
                        0.0,
                        0.0,
                        0.0,
                        0.0
                    ],
                    [
                        -0.7712005153885013,
                        0.0,
                        0.0,
                        0.0,
                        0.0,
                        0.0
                    ],
                    [
                        0.0,
                        0.0,
                        0.0,
                        0.0,
                        0.0,
                        0.0
                    ],
                    [
                        -0.5193680153915761,
                        0.7157958530187802,
                        -0.614128217555632,
                        0.0,
                        0.0,
                        0.0
                    ],
                    [
                        -0.8938984785036967,
                        -0.6820422006173453,
                        0.0,
                        0.0,
                        0.0,
                        0.0
                    ],
                    [
                        -0.5474862878328058,
                        -0.0,
                        -0.0,
                        -0.0,
                        0.8500530752835204,
                        0.0
                    ]
                ]
            },
            "est_params": {
                "mui": [
                    2.3421311794836093e-05,
                    0.002310636141976554,
                    0.9999992521441199,
                    -0.6182442762234396,
                    -0.004443278007913328,
                    -0.0017503624294123415
                ],
                "Si": [
                    [
                        0.9963778550739651,
                        -0.766553835378281,
                        -7.316960334637969e-10,
                        -1.0693484031168952,
                        -0.3684214556735852,
                        -0.8604542184454298
                    ],
                    [
                        -0.766553835378281,
                        1.5890668066415974,
                        2.639345017717797e-07,
                        1.5339920794921014,
                        -0.39301992980094286,
                        0.08302650324543066
                    ],
                    [
                        -7.31696033463853e-10,
                        2.639345017717798e-07,
                        1.0109872534596991e-06,
                        4.799935123643957e-07,
                        -1.3295355107461987e-07,
                        -3.7082564525734383e-07
                    ],
                    [
                        -1.0693484031168952,
                        1.5339920794921016,
                        4.799935123643956e-07,
                        2.654525207552903,
                        -0.08646876910047828,
                        0.5109735532924257
                    ],
                    [
                        -0.3684214556735852,
                        -0.39301992980094286,
                        -1.3295355107461992e-07,
                        -0.08646876910047828,
                        1.600358222431645,
                        1.5704113676328995
                    ],
                    [
                        -0.8604542184454298,
                        0.08302650324543066,
                        -3.708256452573437e-07,
                        0.5109735532924257,
                        1.5704113676328995,
                        2.8068720873486734
                    ]
                ]
            },
            "est_tgt": [
                2
            ],
            "oracle_est_tgt": [
                2
            ]
        },
        "5": {
            "intv_type": "do",
            "inode": 5,
            "new_mui": 1.0,
            "new_vari": null,
            "noise_type": "gaussian",
            "obs_noise_gamma_shape": null,
            "true_params": {
                "Si": [
                    [
                        1.0,
                        -0.7712005153885013,
                        1.1204881909828048,
                        -1.7595135616730158,
                        -0.36790718187089244,
                        0.0
                    ],
                    [
                        -0.7712005153885013,
                        1.59475023493549,
                        -1.4050477271131636,
                        2.404931942146435,
                        -0.398311992343382,
                        0.0
                    ],
                    [
                        1.1204881909828048,
                        -1.4050477271131636,
                        2.5480954341043676,
                        -3.1525303714896618,
                        -0.0433008453282274,
                        0.0
                    ],
                    [
                        -1.7595135616730158,
                        2.404931942146435,
                        -3.1525303714896618,
                        5.571333235394437,
                        -0.06743857847037149,
                        0.0
                    ],
                    [
                        -0.36790718187089244,
                        -0.398311992343382,
                        -0.0433008453282274,
                        -0.06743857847037149,
                        1.600537257895133,
                        0.0
                    ],
                    [
                        0.0,
                        0.0,
                        0.0,
                        0.0,
                        0.0,
                        1e-09
                    ]
                ],
                "mui": [
                    0.0,
                    0.0,
                    0.0,
                    0.0,
                    0.0,
                    1.0
                ],
                "Ai": [
                    [
                        0.0,
                        0.0,
                        0.0,
                        0.0,
                        0.0,
                        0.0
                    ],
                    [
                        -0.7712005153885013,
                        0.0,
                        0.0,
                        0.0,
                        0.0,
                        0.0
                    ],
                    [
                        0.7033252745171561,
                        -0.5409266567404951,
                        0.0,
                        0.0,
                        0.0,
                        0.0
                    ],
                    [
                        -0.5193680153915761,
                        0.7157958530187802,
                        -0.614128217555632,
                        0.0,
                        0.0,
                        0.0
                    ],
                    [
                        -0.8938984785036967,
                        -0.6820422006173453,
                        0.0,
                        0.0,
                        0.0,
                        0.0
                    ],
                    [
                        0.0,
                        0.0,
                        0.0,
                        0.0,
                        0.0,
                        0.0
                    ]
                ]
            },
            "est_params": {
                "mui": [
                    -0.001040887276469588,
                    0.0003593655905993943,
                    -0.001178646193116025,
                    0.0016745826679962791,
                    -0.0025425288539905402,
                    1.0000001429019127
                ],
                "Si": [
                    [
                        0.9963938942350741,
                        -0.7671169444165814,
                        1.1119627863781687,
                        -1.758759072172692,
                        -0.3572599955644371,
                        -3.3085281335883583e-07
                    ],
                    [
                        -0.7671169444165814,
                        1.5771423350743268,
                        -1.3930671259268947,
                        2.3916403822125973,
                        -0.3979472847433329,
                        1.397143945232214e-07
                    ],
                    [
                        1.1119627863781687,
                        -1.3930671259268945,
                        2.5324907648731587,
                        -3.1395617398521547,
                        -0.037366381862269774,
                        -6.035765083891823e-07
                    ],
                    [
                        -1.758759072172692,
                        2.391640382212597,
                        -3.1395617398521547,
                        5.564121455305149,
                        -0.06796331192633442,
                        8.991397400365121e-07
                    ],
                    [
                        -0.3572599955644371,
                        -0.3979472847433329,
                        -0.037366381862269774,
                        -0.06796331192633442,
                        1.5891801884252539,
                        -3.849763658405678e-07
                    ],
                    [
                        -3.3085281335883594e-07,
                        1.3971439452322152e-07,
                        -6.03576508389182e-07,
                        8.991397400365121e-07,
                        -3.849763658405679e-07,
                        1.0089339049019532e-06
                    ]
                ]
            },
            "est_tgt": [
                5
            ],
            "oracle_est_tgt": [
                5
            ]
        },
        "obs": {
            "intv_type": "obs",
            "noise_type": "gaussian",
            "obs_noise_gamma_shape": null,
            "true_params": {
                "Si": [
                    [
                        1.0,
                        -0.7712005153885013,
                        1.1204881909828048,
                        -1.7595135616730158,
                        -0.36790718187089244,
                        -0.8602269192010514
                    ],
                    [
                        -0.7712005153885013,
                        1.59475023493549,
                        -1.4050477271131636,
                        2.404931942146435,
                        -0.398311992343382,
                        0.08363537333099946
                    ],
                    [
                        1.1204881909828048,
                        -1.4050477271131636,
                        2.5480954341043676,
                        -3.1525303714896618,
                        -0.0433008453282274,
                        -0.6502599369753076
                    ],
                    [
                        -1.7595135616730158,
                        2.404931942146435,
                        -3.1525303714896618,
                        5.571333235394437,
                        -0.06743857847037149,
                        0.9059831772503498
                    ],
                    [
                        -0.36790718187089244,
                        -0.398311992343382,
                        -0.0433008453282274,
                        -0.06743857847037149,
                        1.600537257895133,
                        1.5619657554491346
                    ],
                    [
                        -0.8602269192010514,
                        0.08363537333099946,
                        -0.6502599369753076,
                        0.9059831772503498,
                        1.5619657554491346,
                        2.798716236594319
                    ]
                ],
                "mui": [
                    0.0,
                    0.0,
                    0.0,
                    0.0,
                    0.0,
                    0.0
                ],
                "Ai": [
                    [
                        0.0,
                        0.0,
                        0.0,
                        0.0,
                        0.0,
                        0.0
                    ],
                    [
                        -0.7712005153885013,
                        0.0,
                        0.0,
                        0.0,
                        0.0,
                        0.0
                    ],
                    [
                        0.7033252745171561,
                        -0.5409266567404951,
                        0.0,
                        0.0,
                        0.0,
                        0.0
                    ],
                    [
                        -0.5193680153915761,
                        0.7157958530187802,
                        -0.614128217555632,
                        0.0,
                        0.0,
                        0.0
                    ],
                    [
                        -0.8938984785036967,
                        -0.6820422006173453,
                        0.0,
                        0.0,
                        0.0,
                        0.0
                    ],
                    [
                        -0.5474862878328058,
                        -0.0,
                        -0.0,
                        -0.0,
                        0.8500530752835204,
                        0.0
                    ]
                ]
            },
            "est_params": {
                "mui": [
                    -0.00429414964913032,
                    0.0034540244561423344,
                    -0.008369027370532939,
                    0.0052636113905529715,
                    -0.0002746650844483545,
                    -0.0011771258825657009
                ],
                "Si": [
                    [
                        0.9967348985953989,
                        -0.7674850674492233,
                        1.1186272215356912,
                        -1.7449417906526417,
                        -0.36327441395870014,
                        -0.8491710583020915
                    ],
                    [
                        -0.7674850674492233,
                        1.5860398953203978,
                        -1.3979632389142091,
                        2.391305900848059,
                        -0.39446296254978735,
                        0.0791776706842216
                    ],
                    [
                        1.1186272215356912,
                        -1.3979632389142091,
                        2.541158237979511,
                        -3.1348612418102024,
                        -0.04016079595244941,
                        -0.6351433503898252
                    ],
                    [
                        -1.7449417906526417,
                        2.391305900848059,
                        -3.1348612418102024,
                        5.539848940958964,
                        -0.06984126827983735,
                        0.8807630413108887
                    ],
                    [
                        -0.36327441395870014,
                        -0.39446296254978735,
                        -0.04016079595244941,
                        -0.06984126827983735,
                        1.5916672270534185,
                        1.5527603779243588
                    ],
                    [
                        -0.8491710583020915,
                        0.0791776706842216,
                        -0.6351433503898252,
                        0.8807630413108887,
                        1.5527603779243588,
                        2.7764291484795
                    ]
                ]
            },
            "est_tgt": [
                0,
                1,
                2,
                3,
                4,
                5
            ],
            "oracle_est_tgt": [
                0,
                1,
                2,
                3,
                4,
                5
            ]
        }
    },
    "metric_dict": {
        "param_est_rel_err": 0.9223711334368443,
        "est_num_comp": 4,
        "weight_precision_error": 0.0017802832311341332,
        "gm_score_dict": {
            "1": -8.68978748289346,
            "2": -8.570916928986245,
            "3": -5.874380284375492,
            "4": -4.337262665032084,
            "5": -4.337715692344245,
            "6": -4.338239455673156,
            "7": -4.338213880627558
        },
        "est_dag": {
            "amat": [
                [
                    0,
                    1,
                    1,
                    1,
                    1,
                    1
                ],
                [
                    0,
                    0,
                    1,
                    1,
                    1,
                    0
                ],
                [
                    0,
                    0,
                    0,
                    1,
                    0,
                    0
                ],
                [
                    0,
                    0,
                    0,
                    0,
                    0,
                    0
                ],
                [
                    0,
                    0,
                    0,
                    0,
                    0,
                    1
                ],
                [
                    0,
                    0,
                    0,
                    0,
                    0,
                    0
                ]
            ],
            "nodes": [
                0,
                1,
                2,
                3,
                4,
                5
            ]
        },
        "oracle_est_dag": {
            "amat": [
                [
                    0,
                    1,
                    1,
                    1,
                    1,
                    1
                ],
                [
                    0,
                    0,
                    1,
                    1,
                    1,
                    0
                ],
                [
                    0,
                    0,
                    0,
                    1,
                    0,
                    0
                ],
                [
                    0,
                    0,
                    0,
                    0,
                    0,
                    0
                ],
                [
                    0,
                    0,
                    0,
                    0,
                    0,
                    1
                ],
                [
                    0,
                    0,
                    0,
                    0,
                    0,
                    0
                ]
            ],
            "nodes": [
                0,
                1,
                2,
                3,
                4,
                5
            ]
        },
        "igsp_dag": null,
        "intv_base_est_dag": null,
        "act_dag": {
            "amat": [
                [
                    0,
                    1,
                    1,
                    1,
                    1,
                    1
                ],
                [
                    0,
                    0,
                    1,
                    1,
                    1,
                    0
                ],
                [
                    0,
                    0,
                    0,
                    1,
                    0,
                    0
                ],
                [
                    0,
                    0,
                    0,
                    0,
                    0,
                    0
                ],
                [
                    0,
                    0,
                    0,
                    0,
                    0,
                    1
                ],
                [
                    0,
                    0,
                    0,
                    0,
                    0,
                    0
                ]
            ],
            "nodes": [
                0,
                1,
                2,
                3,
                4,
                5
            ]
        },
        "shd": 0,
        "oracle_shd": 0,
        "intv_base_shd": null,
        "igsp_shd": null,
        "avg_js": 0.75,
        "avg_oracle_js": 0.75
    }
}