{
    "expt_args": {
        "save_dir": "all_expt_logs/expt_logs_sim_compsel_backward_cameraready_cutoff_var",
        "exp_name": "274",
        "num_nodes": 6,
        "num_tgt_prior": 7,
        "obs_noise_mean": 0.0,
        "obs_noise_var": 1.0,
        "obs_noise_gamma_shape": null,
        "noise_type": "gaussian",
        "max_edge_strength": 1.0,
        "graph_sparsity_method": "adj_dense_prop",
        "adj_dense_prop": 0.8,
        "num_parents": null,
        "new_noise_mean": 1.0,
        "mix_samples": 8192,
        "stage2_samples": 8192,
        "gmm_tol": 0.001,
        "intv_type": "do",
        "new_noise_var": null,
        "dtype": "simulation",
        "cutoff_drop_ratio": 0.04,
        "intv_targets": [
            0,
            1,
            2,
            3,
            4,
            5
        ]
    },
    "intv_args_dict": {
        "0": {
            "intv_type": "do",
            "inode": 0,
            "new_mui": 1.0,
            "new_vari": null,
            "noise_type": "gaussian",
            "obs_noise_gamma_shape": null,
            "true_params": {
                "Si": [
                    [
                        1e-09,
                        0.0,
                        -6.542600465614801e-10,
                        -9.687943623344258e-10,
                        -1.2252524728292544e-09,
                        1.98415936570059e-09
                    ],
                    [
                        0.0,
                        1.0,
                        0.0,
                        -0.660789684057687,
                        -0.46648342357697287,
                        1.413002493720647
                    ],
                    [
                        -6.542600465614801e-10,
                        0.0,
                        1.0000000004280563,
                        0.5475558355614929,
                        1.2139444501846688,
                        -0.8492802065923677
                    ],
                    [
                        -9.687943623344258e-10,
                        -0.660789684057687,
                        0.5475558355614929,
                        1.7364603998589356,
                        1.6788982069233134,
                        -2.6258315409010216
                    ],
                    [
                        -1.2252524728292544e-09,
                        -0.46648342357697287,
                        1.2139444501846688,
                        1.6788982069233134,
                        3.1896310628456384,
                        -3.3770166452863295
                    ],
                    [
                        1.98415936570059e-09,
                        1.413002493720647,
                        -0.8492802065923677,
                        -2.6258315409010216,
                        -3.3770166452863295,
                        5.897061992956175
                    ]
                ],
                "mui": [
                    1.0,
                    0.0,
                    -0.6542600465614801,
                    -0.9687943623344257,
                    -1.2252524728292542,
                    1.9841593657005898
                ],
                "Ai": [
                    [
                        0.0,
                        0.0,
                        0.0,
                        0.0,
                        0.0,
                        0.0
                    ],
                    [
                        0.0,
                        0.0,
                        0.0,
                        0.0,
                        0.0,
                        0.0
                    ],
                    [
                        -0.6542600465614801,
                        -0.0,
                        0.0,
                        0.0,
                        0.0,
                        0.0
                    ],
                    [
                        -0.6105504562796518,
                        -0.660789684057687,
                        0.5475558349276495,
                        0.0,
                        0.0,
                        0.0
                    ],
                    [
                        0.0,
                        0.0,
                        0.8273982810044455,
                        0.705948405115006,
                        0.0,
                        0.0
                    ],
                    [
                        0.6792992922164276,
                        0.6021436823333075,
                        0.5016099936190492,
                        -0.6477888914386853,
                        -0.8206220738609495,
                        0.0
                    ]
                ]
            },
            "est_params": {
                "mui": [
                    1.0000038369507038,
                    -0.02452908570906743,
                    -0.6616345055083921,
                    -0.9609856917623433,
                    -1.195410215417403,
                    1.9399843631840739
                ],
                "Si": [
                    [
                        1.0166352451157784e-06,
                        -2.6612337555753126e-06,
                        5.253176956988819e-07,
                        2.8640138290486367e-06,
                        -2.8953455434430166e-06,
                        3.455999383326589e-06
                    ],
                    [
                        -2.6612337555753126e-06,
                        0.9445840217174987,
                        -0.034009739176075277,
                        -0.6604522564644876,
                        -0.5282465565962563,
                        1.3987247959953102
                    ],
                    [
                        5.253176956988825e-07,
                        -0.03400973917607528,
                        0.9710425067791781,
                        0.5165583203823091,
                        1.1661779354528954,
                        -0.7827653235473306
                    ],
                    [
                        2.8640138290486367e-06,
                        -0.6604522564644876,
                        0.5165583203823091,
                        1.668711389506206,
                        1.6982160525653334,
                        -2.5757352674315768
                    ],
                    [
                        -2.8953455434430166e-06,
                        -0.5282465565962562,
                        1.1661779354528954,
                        1.6982160525653334,
                        3.275461993577532,
                        -3.4908145727369813
                    ],
                    [
                        3.4559993833265897e-06,
                        1.3987247959953102,
                        -0.7827653235473306,
                        -2.5757352674315768,
                        -3.4908145727369813,
                        5.8931738907688365
                    ]
                ]
            },
            "est_tgt": [
                0
            ],
            "oracle_est_tgt": [
                0
            ]
        },
        "1": {
            "intv_type": "do",
            "inode": 1,
            "new_mui": 1.0,
            "new_vari": null,
            "noise_type": "gaussian",
            "obs_noise_gamma_shape": null,
            "true_params": {
                "Si": [
                    [
                        1.0,
                        0.0,
                        -0.6542600465614801,
                        -0.9687943623344257,
                        -1.2252524728292542,
                        1.9841593657005898
                    ],
                    [
                        0.0,
                        1e-09,
                        0.0,
                        -6.60789684057687e-10,
                        -4.664834235769729e-10,
                        1.413002493720647e-09
                    ],
                    [
                        -0.6542600465614801,
                        0.0,
                        1.42805620852663,
                        1.1813992795370702,
                        2.0155781893058715,
                        -2.1474364042828764
                    ],
                    [
                        -0.9687943623344257,
                        -6.60789684057687e-10,
                        1.1813992795370702,
                        2.238379909290925,
                        2.5576684600742627,
                        -3.614376475977868
                    ],
                    [
                        -1.2252524728292542,
                        -4.664834235769729e-10,
                        2.0155781893058715,
                        2.5576684600742627,
                        4.47326789926411,
                        -5.14897057203274
                    ],
                    [
                        1.9841593657005898,
                        1.413002493720647e-09,
                        -2.1474364042828764,
                        -3.614376475977868,
                        -5.14897057203274,
                        7.8373743322524625
                    ]
                ],
                "mui": [
                    0.0,
                    1.0,
                    0.0,
                    -0.660789684057687,
                    -0.46648342357697287,
                    1.413002493720647
                ],
                "Ai": [
                    [
                        0.0,
                        0.0,
                        0.0,
                        0.0,
                        0.0,
                        0.0
                    ],
                    [
                        0.0,
                        0.0,
                        0.0,
                        0.0,
                        0.0,
                        0.0
                    ],
                    [
                        -0.6542600465614801,
                        -0.0,
                        0.0,
                        0.0,
                        0.0,
                        0.0
                    ],
                    [
                        -0.6105504562796518,
                        -0.660789684057687,
                        0.5475558349276495,
                        0.0,
                        0.0,
                        0.0
                    ],
                    [
                        0.0,
                        0.0,
                        0.8273982810044455,
                        0.705948405115006,
                        0.0,
                        0.0
                    ],
                    [
                        0.6792992922164276,
                        0.6021436823333075,
                        0.5016099936190492,
                        -0.6477888914386853,
                        -0.8206220738609495,
                        0.0
                    ]
                ]
            },
            "oracle_est_tgt": [
                1
            ]
        },
        "2": {
            "intv_type": "do",
            "inode": 2,
            "new_mui": 1.0,
            "new_vari": null,
            "noise_type": "gaussian",
            "obs_noise_gamma_shape": null,
            "true_params": {
                "Si": [
                    [
                        1.0,
                        0.0,
                        0.0,
                        -0.6105504562796518,
                        -0.43101712085285937,
                        1.4285092590410557
                    ],
                    [
                        0.0,
                        1.0,
                        0.0,
                        -0.660789684057687,
                        -0.46648342357697287,
                        1.413002493720647
                    ],
                    [
                        0.0,
                        0.0,
                        1e-09,
                        5.475558349276495e-10,
                        1.2139444493830352e-09,
                        -8.492802052942115e-10
                    ],
                    [
                        -0.6105504562796518,
                        -0.660789684057687,
                        5.475558349276495e-10,
                        1.8094148665201661,
                        1.2773535396643396,
                        -3.0329801874536333
                    ],
                    [
                        -0.43101712085285937,
                        -0.46648342357697287,
                        1.2139444493830352e-09,
                        1.2773535396643396,
                        1.9017456950984637,
                        -2.961749600641947
                    ],
                    [
                        1.4285092590410557,
                        1.413002493720647,
                        -8.492802052942115e-10,
                        -3.0329801874536333,
                        -2.961749600641947,
                        7.216423825802012
                    ]
                ],
                "mui": [
                    0.0,
                    0.0,
                    1.0,
                    0.5475558349276495,
                    1.2139444493830351,
                    -0.8492802052942114
                ],
                "Ai": [
                    [
                        0.0,
                        0.0,
                        0.0,
                        0.0,
                        0.0,
                        0.0
                    ],
                    [
                        0.0,
                        0.0,
                        0.0,
                        0.0,
                        0.0,
                        0.0
                    ],
                    [
                        0.0,
                        0.0,
                        0.0,
                        0.0,
                        0.0,
                        0.0
                    ],
                    [
                        -0.6105504562796518,
                        -0.660789684057687,
                        0.5475558349276495,
                        0.0,
                        0.0,
                        0.0
                    ],
                    [
                        0.0,
                        0.0,
                        0.8273982810044455,
                        0.705948405115006,
                        0.0,
                        0.0
                    ],
                    [
                        0.6792992922164276,
                        0.6021436823333075,
                        0.5016099936190492,
                        -0.6477888914386853,
                        -0.8206220738609495,
                        0.0
                    ]
                ]
            },
            "est_params": {
                "mui": [
                    0.023404339779536095,
                    -0.018498209597226305,
                    1.0000044173864022,
                    0.5303800628354342,
                    1.1898813671726036,
                    -0.8703379811232218
                ],
                "Si": [
                    [
                        1.0010030705122819,
                        -0.009661913627474797,
                        -2.0571547604652347e-06,
                        -0.5771719133311269,
                        -0.36170067170520953,
                        1.3291172986462985
                    ],
                    [
                        -0.009661913627474783,
                        1.0293114036097029,
                        4.912964096952626e-06,
                        -0.6388410278322075,
                        -0.4380755166352645,
                        1.438467014404404
                    ],
                    [
                        -2.057154760465235e-06,
                        4.912964096952626e-06,
                        1.0202661802751715e-06,
                        -1.207914256717869e-06,
                        -1.2658175398955796e-06,
                        2.787996913303679e-06
                    ],
                    [
                        -0.5771719133311269,
                        -0.6388410278322075,
                        -1.2079142567178686e-06,
                        1.7564298328882209,
                        1.167456403577196,
                        -2.896033990012833
                    ],
                    [
                        -0.3617006717052095,
                        -0.4380755166352645,
                        -1.2658175398955796e-06,
                        1.167456403577196,
                        1.8722886084736552,
                        -2.806572046319845
                    ],
                    [
                        1.3291172986462985,
                        1.438467014404404,
                        2.7879969133036778e-06,
                        -2.896033990012833,
                        -2.806572046319845,
                        7.016284185161742
                    ]
                ]
            },
            "est_tgt": [
                2
            ],
            "oracle_est_tgt": [
                2,
                3,
                4,
                5
            ]
        },
        "3": {
            "intv_type": "do",
            "inode": 3,
            "new_mui": 1.0,
            "new_vari": null,
            "noise_type": "gaussian",
            "obs_noise_gamma_shape": null,
            "true_params": {
                "Si": [
                    [
                        1.0,
                        0.0,
                        -0.6542600465614801,
                        0.0,
                        -0.5413336378548571,
                        0.7953462469826698
                    ],
                    [
                        0.0,
                        1.0,
                        0.0,
                        0.0,
                        0.0,
                        0.6021436823333075
                    ],
                    [
                        -0.6542600465614801,
                        0.0,
                        1.42805620852663,
                        0.0,
                        1.1815712521126596,
                        -0.6977345722311834
                    ],
                    [
                        0.0,
                        0.0,
                        0.0,
                        1e-09,
                        7.059484051150061e-10,
                        -1.2271057356829913e-09
                    ],
                    [
                        -0.5413336378548571,
                        0.0,
                        1.1815712521126596,
                        7.059484051150061e-10,
                        1.977630023380648,
                        -1.3979264603886763
                    ],
                    [
                        0.7953462469826698,
                        0.6021436823333075,
                        -0.6977345722311834,
                        -1.2271057356829913e-09,
                        -1.3979264603886763,
                        2.700033834315718
                    ]
                ],
                "mui": [
                    0.0,
                    0.0,
                    0.0,
                    1.0,
                    0.705948405115006,
                    -1.2271057356829913
                ],
                "Ai": [
                    [
                        0.0,
                        0.0,
                        0.0,
                        0.0,
                        0.0,
                        0.0
                    ],
                    [
                        0.0,
                        0.0,
                        0.0,
                        0.0,
                        0.0,
                        0.0
                    ],
                    [
                        -0.6542600465614801,
                        -0.0,
                        0.0,
                        0.0,
                        0.0,
                        0.0
                    ],
                    [
                        0.0,
                        0.0,
                        0.0,
                        0.0,
                        0.0,
                        0.0
                    ],
                    [
                        0.0,
                        0.0,
                        0.8273982810044455,
                        0.705948405115006,
                        0.0,
                        0.0
                    ],
                    [
                        0.6792992922164276,
                        0.6021436823333075,
                        0.5016099936190492,
                        -0.6477888914386853,
                        -0.8206220738609495,
                        0.0
                    ]
                ]
            },
            "est_params": {
                "mui": [
                    -0.0021762273425061235,
                    -0.030328486589566737,
                    -0.018557393526363458,
                    1.000002115038243,
                    0.6920907930177623,
                    -1.2052925481042875
                ],
                "Si": [
                    [
                        1.0425590639325986,
                        0.03464931265133027,
                        -0.6587270461878536,
                        -3.989796364589423e-06,
                        -0.5638214891802746,
                        0.890910630500017
                    ],
                    [
                        0.03464931265133026,
                        1.0257646093577102,
                        -0.02142722983596759,
                        2.773302128024102e-06,
                        -0.06847485540461884,
                        0.6910383708982026
                    ],
                    [
                        -0.6587270461878536,
                        -0.0214272298359676,
                        1.37367952058273,
                        2.1804256640378978e-06,
                        1.123853985992292,
                        -0.7037427708631265
                    ],
                    [
                        -3.989796364589424e-06,
                        2.773302128024102e-06,
                        2.180425664037898e-06,
                        1.0085233227218295e-06,
                        3.558400953403043e-07,
                        4.875304308136103e-07
                    ],
                    [
                        -0.5638214891802746,
                        -0.06847485540461887,
                        1.123853985992292,
                        3.558400953403043e-07,
                        1.91545001334353,
                        -1.4515782686882996
                    ],
                    [
                        0.890910630500017,
                        0.6910383708982027,
                        -0.7037427708631266,
                        4.875304308136103e-07,
                        -1.4515782686882996,
                        2.8565097556293035
                    ]
                ]
            },
            "est_tgt": [
                1,
                3,
                4,
                5
            ],
            "oracle_est_tgt": [
                2,
                3,
                4
            ]
        },
        "4": {
            "intv_type": "do",
            "inode": 4,
            "new_mui": 1.0,
            "new_vari": null,
            "noise_type": "gaussian",
            "obs_noise_gamma_shape": null,
            "true_params": {
                "Si": [
                    [
                        1.0,
                        0.0,
                        -0.6542600465614801,
                        -0.9687943623344257,
                        0.0,
                        0.9786901404441904
                    ],
                    [
                        0.0,
                        1.0,
                        0.0,
                        -0.660789684057687,
                        0.0,
                        1.0301958992431557
                    ],
                    [
                        -0.6542600465614801,
                        0.0,
                        1.42805620852663,
                        1.1813992795370702,
                        0.0,
                        -0.49340845054579413
                    ],
                    [
                        -0.9687943623344257,
                        -0.660789684057687,
                        1.1813992795370702,
                        2.67502291541134,
                        0.0,
                        -2.196240102120652
                    ],
                    [
                        0.0,
                        0.0,
                        0.0,
                        0.0,
                        1e-09,
                        -8.206220738609496e-10
                    ],
                    [
                        0.9786901404441904,
                        1.0301958992431557,
                        -0.49340845054579413,
                        -2.196240102120652,
                        -8.206220738609496e-10,
                        3.4603508040273634
                    ]
                ],
                "mui": [
                    0.0,
                    0.0,
                    0.0,
                    0.0,
                    1.0,
                    -0.8206220738609495
                ],
                "Ai": [
                    [
                        0.0,
                        0.0,
                        0.0,
                        0.0,
                        0.0,
                        0.0
                    ],
                    [
                        0.0,
                        0.0,
                        0.0,
                        0.0,
                        0.0,
                        0.0
                    ],
                    [
                        -0.6542600465614801,
                        -0.0,
                        0.0,
                        0.0,
                        0.0,
                        0.0
                    ],
                    [
                        -0.6105504562796518,
                        -0.660789684057687,
                        0.5475558349276495,
                        0.0,
                        0.0,
                        0.0
                    ],
                    [
                        0.0,
                        0.0,
                        0.0,
                        0.0,
                        0.0,
                        0.0
                    ],
                    [
                        0.6792992922164276,
                        0.6021436823333075,
                        0.5016099936190492,
                        -0.6477888914386853,
                        -0.8206220738609495,
                        0.0
                    ]
                ]
            },
            "est_params": {
                "mui": [
                    0.04283260245152786,
                    0.014680081801172544,
                    -0.01762829932655766,
                    0.024160077183470203,
                    1.0000001529063254,
                    -0.7915597957082342
                ],
                "Si": [
                    [
                        1.1719463279176507,
                        -0.04670205354451837,
                        -0.8157245809608514,
                        -1.1257477768373194,
                        -5.726929127403259e-06,
                        1.0762146593153479
                    ],
                    [
                        -0.046702053544518375,
                        1.0111813356652988,
                        0.08190749694889822,
                        -0.5542196956464026,
                        -2.3912653041673848e-08,
                        0.9533132184065936
                    ],
                    [
                        -0.8157245809608514,
                        0.08190749694889822,
                        1.5935829398339165,
                        1.2899712709982836,
                        7.6262148713578055e-06,
                        -0.5323067820868155
                    ],
                    [
                        -1.1257477768373194,
                        -0.5542196956464026,
                        1.2899712709982836,
                        2.677203083636672,
                        1.2731493252355396e-06,
                        -2.197244541328536
                    ],
                    [
                        -5.726929127403259e-06,
                        -2.3912653041673477e-08,
                        7.626214871357807e-06,
                        1.2731493252355394e-06,
                        1.0209993271670604e-06,
                        8.939936387246414e-08
                    ],
                    [
                        1.076214659315348,
                        0.9533132184065936,
                        -0.5323067820868155,
                        -2.197244541328536,
                        8.939936387246524e-08,
                        3.469862922301969
                    ]
                ]
            },
            "est_tgt": [
                0,
                3,
                4,
                5
            ],
            "oracle_est_tgt": [
                2,
                4,
                5
            ]
        },
        "5": {
            "intv_type": "do",
            "inode": 5,
            "new_mui": 1.0,
            "new_vari": null,
            "noise_type": "gaussian",
            "obs_noise_gamma_shape": null,
            "true_params": {
                "Si": [
                    [
                        1.0,
                        0.0,
                        -0.6542600465614801,
                        -0.9687943623344257,
                        -1.2252524728292542,
                        0.0
                    ],
                    [
                        0.0,
                        1.0,
                        0.0,
                        -0.660789684057687,
                        -0.46648342357697287,
                        0.0
                    ],
                    [
                        -0.6542600465614801,
                        0.0,
                        1.42805620852663,
                        1.1813992795370702,
                        2.0155781893058715,
                        0.0
                    ],
                    [
                        -0.9687943623344257,
                        -0.660789684057687,
                        1.1813992795370702,
                        2.67502291541134,
                        2.865915893849591,
                        0.0
                    ],
                    [
                        -1.2252524728292542,
                        -0.46648342357697287,
                        2.0155781893058715,
                        2.865915893849591,
                        4.690874683518597,
                        0.0
                    ],
                    [
                        0.0,
                        0.0,
                        0.0,
                        0.0,
                        0.0,
                        1e-09
                    ]
                ],
                "mui": [
                    0.0,
                    0.0,
                    0.0,
                    0.0,
                    0.0,
                    1.0
                ],
                "Ai": [
                    [
                        0.0,
                        0.0,
                        0.0,
                        0.0,
                        0.0,
                        0.0
                    ],
                    [
                        0.0,
                        0.0,
                        0.0,
                        0.0,
                        0.0,
                        0.0
                    ],
                    [
                        -0.6542600465614801,
                        -0.0,
                        0.0,
                        0.0,
                        0.0,
                        0.0
                    ],
                    [
                        -0.6105504562796518,
                        -0.660789684057687,
                        0.5475558349276495,
                        0.0,
                        0.0,
                        0.0
                    ],
                    [
                        0.0,
                        0.0,
                        0.8273982810044455,
                        0.705948405115006,
                        0.0,
                        0.0
                    ],
                    [
                        0.0,
                        0.0,
                        0.0,
                        0.0,
                        0.0,
                        0.0
                    ]
                ]
            },
            "est_params": {
                "mui": [
                    -0.062182628616600434,
                    -0.006102836851415192,
                    0.0016489341055913604,
                    0.054089258179263223,
                    0.033173197318601355,
                    0.9999989081818513
                ],
                "Si": [
                    [
                        0.9781855003181664,
                        -0.034751279275383545,
                        -0.6435838290809132,
                        -0.9588500916642819,
                        -1.1857177540328059,
                        -8.001161063404067e-07
                    ],
                    [
                        -0.03475127927538354,
                        0.9931145671177579,
                        0.07649380882820091,
                        -0.6373946415587852,
                        -0.413482886719317,
                        1.857537687824426e-06
                    ],
                    [
                        -0.6435838290809132,
                        0.07649380882820091,
                        1.4044527319227793,
                        1.135025259644958,
                        1.9505364028027736,
                        1.418876204695737e-06
                    ],
                    [
                        -0.9588500916642819,
                        -0.6373946415587852,
                        1.1350252596449577,
                        2.621601114988895,
                        2.742252206337584,
                        7.960177035595222e-08
                    ],
                    [
                        -1.1857177540328059,
                        -0.413482886719317,
                        1.9505364028027736,
                        2.7422522063375836,
                        4.454552816884516,
                        1.254673058397155e-06
                    ],
                    [
                        -8.001161063404066e-07,
                        1.8575376878244257e-06,
                        1.418876204695737e-06,
                        7.960177035595203e-08,
                        1.2546730583971552e-06,
                        1.0068880181310864e-06
                    ]
                ]
            },
            "est_tgt": [
                1,
                3,
                5
            ],
            "oracle_est_tgt": [
                2,
                5
            ]
        },
        "obs": {
            "intv_type": "obs",
            "noise_type": "gaussian",
            "obs_noise_gamma_shape": null,
            "true_params": {
                "Si": [
                    [
                        1.0,
                        0.0,
                        -0.6542600465614801,
                        -0.9687943623344257,
                        -1.2252524728292542,
                        1.9841593657005898
                    ],
                    [
                        0.0,
                        1.0,
                        0.0,
                        -0.660789684057687,
                        -0.46648342357697287,
                        1.413002493720647
                    ],
                    [
                        -0.6542600465614801,
                        0.0,
                        1.42805620852663,
                        1.1813992795370702,
                        2.0155781893058715,
                        -2.1474364042828764
                    ],
                    [
                        -0.9687943623344257,
                        -0.660789684057687,
                        1.1813992795370702,
                        2.67502291541134,
                        2.865915893849591,
                        -4.54807394644256
                    ],
                    [
                        -1.2252524728292542,
                        -0.46648342357697287,
                        2.0155781893058715,
                        2.865915893849591,
                        4.690874683518597,
                        -5.808112812167206
                    ],
                    [
                        1.9841593657005898,
                        1.413002493720647,
                        -2.1474364042828764,
                        -4.54807394644256,
                        -5.808112812167206,
                        9.833950377516652
                    ]
                ],
                "mui": [
                    0.0,
                    0.0,
                    0.0,
                    0.0,
                    0.0,
                    0.0
                ],
                "Ai": [
                    [
                        0.0,
                        0.0,
                        0.0,
                        0.0,
                        0.0,
                        0.0
                    ],
                    [
                        0.0,
                        0.0,
                        0.0,
                        0.0,
                        0.0,
                        0.0
                    ],
                    [
                        -0.6542600465614801,
                        -0.0,
                        0.0,
                        0.0,
                        0.0,
                        0.0
                    ],
                    [
                        -0.6105504562796518,
                        -0.660789684057687,
                        0.5475558349276495,
                        0.0,
                        0.0,
                        0.0
                    ],
                    [
                        0.0,
                        0.0,
                        0.8273982810044455,
                        0.705948405115006,
                        0.0,
                        0.0
                    ],
                    [
                        0.6792992922164276,
                        0.6021436823333075,
                        0.5016099936190492,
                        -0.6477888914386853,
                        -0.8206220738609495,
                        0.0
                    ]
                ]
            },
            "est_params": {
                "mui": [
                    -0.011155861901515813,
                    0.49570548550488625,
                    -0.0035203533169303404,
                    -0.3458591098131829,
                    -0.2618980464145457,
                    0.7349689560583111
                ],
                "Si": [
                    [
                        0.9973812194764193,
                        0.017097673026290842,
                        -0.6793532249583607,
                        -0.9657033093324656,
                        -1.2455579259841254,
                        2.01330090853296
                    ],
                    [
                        0.017097673026290842,
