{
    "expt_args": {
        "save_dir": "all_expt_logs/expt_logs_sim_compsel_backward_cameraready_cutoff_var",
        "exp_name": "262",
        "num_nodes": 6,
        "num_tgt_prior": 7,
        "obs_noise_mean": 0.0,
        "obs_noise_var": 1.0,
        "obs_noise_gamma_shape": null,
        "noise_type": "gaussian",
        "max_edge_strength": 1.0,
        "graph_sparsity_method": "adj_dense_prop",
        "adj_dense_prop": 0.8,
        "num_parents": null,
        "new_noise_mean": 1.0,
        "mix_samples": 1048576,
        "stage2_samples": 1048576,
        "gmm_tol": 0.001,
        "intv_type": "do",
        "new_noise_var": null,
        "dtype": "simulation",
        "cutoff_drop_ratio": 0.04,
        "intv_targets": [
            0,
            4,
            3
        ]
    },
    "intv_args_dict": {
        "0": {
            "intv_type": "do",
            "inode": 0,
            "new_mui": 1.0,
            "new_vari": null,
            "noise_type": "gaussian",
            "obs_noise_gamma_shape": null,
            "true_params": {
                "Si": [
                    [
                        1e-09,
                        9.07885141030906e-10,
                        4.753916422277016e-11,
                        -1.5713807955250708e-09,
                        1.0856871147397118e-09,
                        1.4238758346411434e-09
                    ],
                    [
                        9.07885141030906e-10,
                        1.0000000008242553,
                        0.8023233651421902,
                        -1.3062243422451438,
                        0.6178876584173947,
                        2.094663205349483
                    ],
                    [
                        4.753916422277016e-11,
                        0.8023233651421902,
                        1.6437227821860914,
                        -1.5733565656189268,
                        1.5990776592637275,
                        1.997161210720736
                    ],
                    [
                        -1.5713807955250708e-09,
                        -1.3062243422451438,
                        -1.5733565656189268,
                        2.9822065178424153,
                        -2.1084662035650306,
                        -3.2439516548571925
                    ],
                    [
                        1.0856871147397118e-09,
                        0.6178876584173947,
                        1.5990776592637275,
                        -2.1084662035650306,
                        3.1200343288687034,
                        1.1921813376443147
                    ],
                    [
                        1.4238758346411434e-09,
                        2.094663205349483,
                        1.997161210720736,
                        -3.2439516548571925,
                        1.1921813376443147,
                        6.0915014540550185
                    ]
                ],
                "mui": [
                    1.0,
                    0.907885141030906,
                    0.04753916422277016,
                    -1.5713807955250707,
                    1.0856871147397118,
                    1.4238758346411433
                ],
                "Ai": [
                    [
                        0.0,
                        0.0,
                        0.0,
                        0.0,
                        0.0,
                        0.0
                    ],
                    [
                        0.907885141030906,
                        0.0,
                        0.0,
                        0.0,
                        0.0,
                        0.0
                    ],
                    [
                        -0.6808782972525538,
                        0.80232336509903,
                        0.0,
                        0.0,
                        0.0,
                        0.0
                    ],
                    [
                        -0.7431732669581212,
                        -0.8847299734783487,
                        -0.5253422568444549,
                        0.0,
                        0.0,
                        0.0
                    ],
                    [
                        0.7395734430131324,
                        -0.9058858336452567,
                        0.7241717469155929,
                        -0.7217394047268015,
                        0.0,
                        0.0
                    ],
                    [
                        -0.0,
                        0.9063104258239683,
                        0.6425114046778934,
                        -0.8452262765476102,
                        -0.697868398603533,
                        0.0
                    ]
                ]
            },
            "est_params": {
                "mui": [
                    0.9999996807344034,
                    0.906438874707566,
                    0.04596582057761606,
                    -1.573873518647354,
                    1.0886406014600194,
                    1.422096992457688
                ],
                "Si": [
                    [
                        1.0102988103941537e-06,
                        -1.7799224865161466e-07,
                        9.335031916109687e-08,
                        1.4779316736315212e-07,
                        1.5787402827828264e-07,
                        -7.519129459907984e-07
                    ],
                    [
                        -1.7799224865161458e-07,
                        0.9994973341056456,
                        0.8004494950110222,
                        -1.3034141535144133,
                        0.6169643531393701,
                        2.090977839340911
                    ],
                    [
                        9.335031916109687e-08,
                        0.8004494950110222,
                        1.641518953176279,
                        -1.5680430291161631,
                        1.5963436970154865,
                        1.9932172070118812
                    ],
                    [
                        1.47793167363152e-07,
                        -1.3034141535144133,
                        -1.5680430291161631,
                        2.969201272682952,
                        -2.099604008617818,
                        -3.2338311567069358
                    ],
                    [
                        1.5787402827828275e-07,
                        0.6169643531393701,
                        1.5963436970154865,
                        -2.099604008617818,
                        3.112517967426447,
                        1.189128889897993
                    ],
                    [
                        -7.51912945990798e-07,
                        2.090977839340911,
                        1.9932172070118812,
                        -3.2338311567069358,
                        1.189128889897993,
                        6.083013178753899
                    ]
                ]
            },
            "est_tgt": [
                0
            ],
            "oracle_est_tgt": [
                0
            ]
        },
        "4": {
            "intv_type": "do",
            "inode": 4,
            "new_mui": 1.0,
            "new_vari": null,
            "noise_type": "gaussian",
            "obs_noise_gamma_shape": null,
            "true_params": {
                "Si": [
                    [
                        1.0,
                        0.907885141030906,
                        0.04753916422277016,
                        -1.5713807955250707,
                        0.0,
                        2.181542562789036
                    ],
                    [
                        0.907885141030906,
                        1.8242554293047082,
                        0.8454834659139111,
                        -2.7328576159770464,
                        0.0,
                        4.506457551348175
                    ],
                    [
                        0.04753916422277016,
                        0.8454834659139111,
                        1.645982754318831,
                        -1.648058695239198,
                        0.0,
                        3.216815686081482
                    ],
                    [
                        -1.5713807955250707,
                        -2.7328576159770464,
                        -1.648058695239198,
                        5.4514441199181825,
                        0.0,
                        -8.143417672207994
                    ],
                    [
                        0.0,
                        0.0,
                        0.0,
                        0.0,
                        1e-09,
                        -6.97868398603533e-10
                    ],
                    [
                        2.181542562789036,
                        4.506457551348175,
                        3.216815686081482,
                        -8.143417672207994,
                        -6.97868398603533e-10,
                        14.034120825313487
                    ]
                ],
                "mui": [
                    0.0,
                    0.0,
                    0.0,
                    0.0,
                    1.0,
                    -0.697868398603533
                ],
                "Ai": [
                    [
                        0.0,
                        0.0,
                        0.0,
                        0.0,
                        0.0,
                        0.0
                    ],
                    [
                        0.907885141030906,
                        0.0,
                        0.0,
                        0.0,
                        0.0,
                        0.0
                    ],
                    [
                        -0.6808782972525538,
                        0.80232336509903,
                        0.0,
                        0.0,
                        0.0,
                        0.0
                    ],
                    [
                        -0.7431732669581212,
                        -0.8847299734783487,
                        -0.5253422568444549,
                        0.0,
                        0.0,
                        0.0
                    ],
                    [
                        0.0,
                        0.0,
                        0.0,
                        0.0,
                        0.0,
                        0.0
                    ],
                    [
                        -0.0,
                        0.9063104258239683,
                        0.6425114046778934,
                        -0.8452262765476102,
                        -0.697868398603533,
                        0.0
                    ]
                ]
            },
            "est_params": {
                "mui": [
                    0.0015050329853725786,
                    0.003849106763197166,
                    0.0028099129700858076,
                    -0.006615816717540296,
                    0.999999988387511,
                    -0.6854404334922124
                ],
                "Si": [
                    [
                        1.0021525242580598,
                        0.9085016779704944,
                        0.050137393290145986,
                        -1.5736358325013544,
                        1.6656770168814186e-07,
                        2.1846097712582835
                    ],
                    [
                        0.9085016779704944,
                        1.8247219409945568,
                        0.8485776357260668,
                        -2.736983617761969,
                        1.3689878237730928e-07,
                        4.510839617778821
                    ],
                    [
                        0.050137393290146,
                        0.8485776357260668,
                        1.6490288746244675,
                        -1.6549163814792645,
                        1.4879706875791918e-08,
                        3.2243585022158996
                    ],
                    [
                        -1.5736358325013542,
                        -2.736983617761969,
                        -1.6549163814792645,
                        5.460919516277974,
                        -2.6970637947606507e-07,
                        -8.154944571482085
                    ],
                    [
                        1.6656770168814186e-07,
                        1.3689878237730918e-07,
                        1.4879706875792077e-08,
                        -2.6970637947606496e-07,
                        1.0082286158358463e-06,
                        4.009220997014773e-07
                    ],
                    [
                        2.1846097712582835,
                        4.51083961777882,
                        3.2243585022158996,
                        -8.154944571482085,
                        4.009220997014773e-07,
                        14.04441340729107
                    ]
                ]
            },
            "est_tgt": [
                3,
                4
            ],
            "oracle_est_tgt": [
                3,
                4
            ]
        },
        "3": {
            "intv_type": "do",
            "inode": 3,
            "new_mui": 1.0,
            "new_vari": null,
            "noise_type": "gaussian",
            "obs_noise_gamma_shape": null,
            "true_params": {
                "Si": [
                    [
                        1.0,
                        0.907885141030906,
                        0.04753916422277016,
                        0.0,
                        -0.04844032522168053,
                        0.8871751961392476
                    ],
                    [
                        0.907885141030906,
                        1.8242554293047082,
                        0.8454834659139111,
                        0.0,
                        -0.3688441722457634,
                        2.4539791760805136
                    ],
                    [
                        0.04753916422277016,
                        0.8454834659139111,
                        1.645982754318831,
                        0.0,
                        0.46122141559750357,
                        1.5019613208678568
                    ],
                    [
                        0.0,
                        0.0,
                        0.0,
                        1e-09,
                        -7.217394047268015e-10,
                        -3.4154715396185e-10
                    ],
                    [
                        -0.04844032522168053,
                        -0.3688441722457634,
                        0.46122141559750357,
                        -7.217394047268015e-10,
                        1.6323090511242087,
                        -1.1770842021317391
                    ],
                    [
                        0.8871751961392476,
                        2.4539791760805136,
                        1.5019613208678568,
                        -3.4154715396185e-10,
                        -1.1770842021317391,
                        5.010544057531231
                    ]
                ],
                "mui": [
                    0.0,
                    0.0,
                    0.0,
                    1.0,
                    -0.7217394047268015,
                    -0.34154715396185
                ],
                "Ai": [
                    [
                        0.0,
                        0.0,
                        0.0,
                        0.0,
                        0.0,
                        0.0
                    ],
                    [
                        0.907885141030906,
                        0.0,
                        0.0,
                        0.0,
                        0.0,
                        0.0
                    ],
                    [
                        -0.6808782972525538,
                        0.80232336509903,
                        0.0,
                        0.0,
                        0.0,
                        0.0
                    ],
                    [
                        0.0,
                        0.0,
                        0.0,
                        0.0,
                        0.0,
                        0.0
                    ],
                    [
                        0.7395734430131324,
                        -0.9058858336452567,
                        0.7241717469155929,
                        -0.7217394047268015,
                        0.0,
                        0.0
                    ],
                    [
                        -0.0,
                        0.9063104258239683,
                        0.6425114046778934,
                        -0.8452262765476102,
                        -0.697868398603533,
                        0.0
                    ]
                ]
            },
            "est_params": {
                "mui": [
                    -0.0018585419299015618,
                    -0.0033287697372211553,
                    -0.001764023073639827,
                    0.9999997322666764,
                    -0.7228560821157308,
                    -0.34549855295147086
                ],
                "Si": [
                    [
                        0.9962779734461987,
                        0.9070239051909118,
                        0.05009180697882811,
                        -2.679105025465396e-08,
                        -0.047042751901932134,
                        0.8858973201743824
                    ],
                    [
                        0.9070239051909116,
                        1.8273817393731266,
                        0.8479730322434866,
                        1.1439632229812901e-07,
                        -0.3663092404857347,
                        2.4563634016990448
                    ],
                    [
                        0.050091806978828105,
                        0.8479730322434865,
                        1.6476799659048162,
                        3.2437350538764085e-09,
                        0.46472450253740144,
                        1.500137576564321
                    ],
                    [
                        -2.679105025465404e-08,
                        1.1439632229812896e-07,
                        3.2437350538764317e-09,
                        1.0073708022929678e-06,
                        9.506879941253582e-08,
                        -1.3966006389503633e-07
                    ],
                    [
                        -0.047042751901932134,
                        -0.3663092404857347,
                        0.46472450253740144,
                        9.506879941253584e-08,
                        1.6354146951076673,
                        -1.1793227413828198
                    ],
                    [
                        0.8858973201743824,
                        2.4563634016990448,
                        1.5001375765643208,
                        -1.396600638950362e-07,
                        -1.1793227413828198,
                        5.0178880525453975
                    ]
                ]
            },
            "est_tgt": [
                3,
                4
            ],
            "oracle_est_tgt": [
                3,
                4
            ]
        },
        "obs": {
            "intv_type": "obs",
            "noise_type": "gaussian",
            "obs_noise_gamma_shape": null,
            "true_params": {
                "Si": [
                    [
                        1.0,
                        0.907885141030906,
                        0.04753916422277016,
                        -1.5713807955250707,
                        1.0856871147397118,
                        1.4238758346411433
                    ],
                    [
                        0.907885141030906,
                        1.8242554293047082,
                        0.8454834659139111,
                        -2.7328576159770464,
                        1.6035668567126162,
                        3.387378917000441
                    ],
                    [
                        0.04753916422277016,
                        0.8454834659139111,
                        1.645982754318831,
                        -1.648058695239198,
                        1.6506903172542715,
                        2.0648510777888855
                    ],
                    [
                        -1.5713807955250707,
                        -2.7328576159770464,
                        -1.648058695239198,
                        5.4514441199181825,
                        -3.8144940839100103,
                        -5.481402794387065
                    ],
                    [
                        1.0856871147397118,
                        1.6035668567126162,
                        1.6506903172542715,
                        -3.8144940839100103,
                        4.298750838801826,
                        2.7380649827575727
                    ],
                    [
                        1.4238758346411433,
                        3.387378917000441,
                        2.0648510777888855,
                        -5.481402794387065,
                        2.7380649827575727,
                        8.118923844502609
                    ]
                ],
                "mui": [
                    0.0,
                    0.0,
                    0.0,
                    0.0,
                    0.0,
                    0.0
                ],
                "Ai": [
                    [
                        0.0,
                        0.0,
                        0.0,
                        0.0,
                        0.0,
                        0.0
                    ],
                    [
                        0.907885141030906,
                        0.0,
                        0.0,
                        0.0,
                        0.0,
                        0.0
                    ],
                    [
                        -0.6808782972525538,
                        0.80232336509903,
                        0.0,
                        0.0,
                        0.0,
                        0.0
                    ],
                    [
                        -0.7431732669581212,
                        -0.8847299734783487,
                        -0.5253422568444549,
                        0.0,
                        0.0,
                        0.0
                    ],
                    [
                        0.7395734430131324,
                        -0.9058858336452567,
                        0.7241717469155929,
                        -0.7217394047268015,
                        0.0,
                        0.0
                    ],
                    [
                        -0.0,
                        0.9063104258239683,
                        0.6425114046778934,
                        -0.8452262765476102,
                        -0.697868398603533,
                        0.0
                    ]
                ]
            },
            "est_params": {
                "mui": [
                    -0.00025880375209333254,
                    0.0013730483328224204,
                    0.0006289651049313913,
                    -0.0011988760488457696,
                    0.002238632363802669,
                    0.0019205760605361844
                ],
                "Si": [
                    [
                        0.9988995187925741,
                        0.9074074989972877,
                        0.04837440862605839,
                        -1.5692358522178356,
                        1.084065314618933,
                        1.42400639474511
                    ],
                    [
                        0.9074074989972877,
                        1.8283389381120747,
                        0.8496665238305341,
                        -2.7372558840736274,
                        1.6078787238116137,
                        3.396137809659453
                    ],
                    [
                        0.04837440862605839,
                        0.8496665238305341,
                        1.6488158637944306,
                        -1.6547972999374319,
                        1.6572885594233344,
                        2.073647039147735
                    ],
                    [
                        -1.5692358522178356,
                        -2.7372558840736274,
                        -1.6547972999374319,
                        5.457047629862016,
                        -3.819495580735113,
                        -5.495174996458792
                    ],
                    [
                        1.084065314618933,
                        1.6078787238116137,
                        1.6572885594233344,
                        -3.819495580735113,
                        4.306054071765997,
                        2.747739043118569
                    ],
                    [
                        1.42400639474511,
                        3.396137809659453,
                        2.073647039147735,
                        -5.495174996458792,
                        2.747739043118569,
                        8.143846674204212
                    ]
                ]
            },
            "est_tgt": [
                0,
                1,
                2,
                3,
                4,
                5
            ],
            "oracle_est_tgt": [
                0,
                1,
                2,
                3,
                4,
                5
            ]
        }
    },
    "metric_dict": {
        "param_est_rel_err": 0.5548757839493628,
        "est_num_comp": 4,
        "weight_precision_error": 0.001453033937541065,
        "gm_score_dict": {
            "1": -8.978507571334697,
            "2": -7.62669064340991,
            "3": -5.961410053512443,
            "4": -4.3435818969894555,
            "5": -4.3442072672744105,
            "6": -4.344123388722737,
            "7": -4.344378694137109
        },
        "est_dag": {
            "amat": [
                [
                    0,
                    1,
                    1,
                    1,
                    1,
                    0
                ],
                [
                    0,
                    0,
                    0,
                    1,
                    1,
                    1
                ],
                [
                    0,
                    1,
                    0,
                    0,
                    1,
                    1
                ],
                [
                    0,
                    0,
                    0,
                    0,
                    0,
                    1
                ],
                [
                    0,
                    0,
                    0,
                    1,
                    0,
                    1
                ],
                [
                    0,
                    0,
                    0,
                    0,
                    0,
                    0
                ]
            ],
            "nodes": [
                0,
                1,
                2,
                3,
                4,
                5
            ]
        },
        "oracle_est_dag": {
            "amat": [
                [
                    0,
                    1,
                    1,
                    1,
                    1,
                    0
                ],
                [
                    0,
                    0,
                    0,
                    1,
                    1,
                    1
                ],
                [
                    0,
                    1,
                    0,
                    0,
                    1,
                    1
                ],
                [
                    0,
                    0,
                    0,
                    0,
                    0,
                    1
                ],
                [
                    0,
                    0,
                    0,
                    1,
                    0,
                    1
                ],
                [
                    0,
                    0,
                    0,
                    0,
                    0,
                    0
                ]
            ],
            "nodes": [
                0,
                1,
                2,
                3,
                4,
                5
            ]
        },
        "igsp_dag": null,
        "intv_base_est_dag": null,
        "act_dag": {
            "amat": [
                [
                    0,
                    1,
                    1,
                    1,
                    1,
                    0
                ],
                [
                    0,
                    0,
                    1,
                    1,
                    1,
                    1
                ],
                [
                    0,
                    0,
                    0,
                    1,
                    1,
                    1
                ],
                [
                    0,
                    0,
                    0,
                    0,
                    1,
                    1
                ],
                [
                    0,
                    0,
                    0,
                    0,
                    0,
                    1
                ],
                [
                    0,
                    0,
                    0,
                    0,
                    0,
                    0
                ]
            ],
            "nodes": [
                0,
                1,
                2,
                3,
                4,
                5
            ]
        },
        "shd": 3,
        "oracle_shd": 3,
        "intv_base_shd": null,
        "igsp_shd": null,
        "avg_js": 0.5,
        "avg_oracle_js": 0.5
    }
}