{
    "expt_args": {
        "save_dir": "all_expt_logs/expt_logs_sim_compsel_backward_cameraready_cutoff_var",
        "exp_name": "205",
        "num_nodes": 6,
        "num_tgt_prior": 7,
        "obs_noise_mean": 0.0,
        "obs_noise_var": 1.0,
        "obs_noise_gamma_shape": null,
        "noise_type": "gaussian",
        "max_edge_strength": 1.0,
        "graph_sparsity_method": "adj_dense_prop",
        "adj_dense_prop": 0.8,
        "num_parents": null,
        "new_noise_mean": 1.0,
        "mix_samples": 4096,
        "stage2_samples": 4096,
        "gmm_tol": 0.001,
        "intv_type": "do",
        "new_noise_var": null,
        "dtype": "simulation",
        "cutoff_drop_ratio": 0.04,
        "intv_targets": [
            0,
            1,
            2,
            3,
            4,
            5
        ]
    },
    "intv_args_dict": {
        "0": {
            "intv_type": "do",
            "inode": 0,
            "new_mui": 1.0,
            "new_vari": null,
            "noise_type": "gaussian",
            "obs_noise_gamma_shape": null,
            "true_params": {
                "Si": [
                    [
                        1e-09,
                        0.0,
                        -7.456101104386979e-10,
                        -7.016544368536022e-10,
                        -2.0543865487129034e-09,
                        1.4743874412111026e-10
                    ],
                    [
                        0.0,
                        1.0,
                        -0.7823754197052084,
                        -1.4286589282788182,
                        -2.1640949498243907,
                        -0.0923325390553984
                    ],
                    [
                        -7.456101104386979e-10,
                        -0.7823754197052084,
                        1.6121112979148355,
                        2.0587950036839016,
                        3.5811430214096056,
                        0.11073591033966945
                    ],
                    [
                        -7.016544368536022e-10,
                        -1.4286589282788182,
                        2.0587950036839016,
                        3.9266364949585664,
                        5.8605979352405875,
                        0.2579901799989754
                    ],
                    [
                        -2.0543865487129034e-09,
                        -2.1640949498243907,
                        3.5811430214096056,
                        5.8605979352405875,
                        10.232222355270546,
                        1.2087896963717093
                    ],
                    [
                        1.4743874412111026e-10,
                        -0.0923325390553984,
                        0.11073591033966945,
                        0.2579901799989754,
                        1.2087896963717093,
                        1.735736509366605
                    ]
                ],
                "mui": [
                    1.0,
                    0.0,
                    -0.7456101104386978,
                    -0.7016544368536022,
                    -2.054386548712903,
                    0.14743874412111024
                ],
                "Ai": [
                    [
                        0.0,
                        0.0,
                        0.0,
                        0.0,
                        0.0,
                        0.0
                    ],
                    [
                        -0.0,
                        0.0,
                        0.0,
                        0.0,
                        0.0,
                        0.0
                    ],
                    [
                        -0.7456101104386978,
                        -0.7823754197052084,
                        0.0,
                        0.0,
                        0.0,
                        0.0
                    ],
                    [
                        0.0,
                        -0.6924065936660722,
                        0.9410473745330072,
                        0.0,
                        0.0,
                        0.0
                    ],
                    [
                        -0.6466684528311781,
                        0.0,
                        0.9543584445509691,
                        0.9921390845380207,
                        0.0,
                        0.0
                    ],
                    [
                        0.723965113347617,
                        -0.0,
                        -0.8545373945310637,
                        -0.7506356793082556,
                        0.8471458043153681,
                        0.0
                    ]
                ]
            },
            "est_params": {
                "mui": [
                    1.0000011984673518,
                    -0.12052368907885859,
                    -0.6783679446058692,
                    -0.5330382018524359,
                    -1.8694377127427177,
                    0.147806739926159
                ],
                "Si": [
                    [
                        1.0036214429254664e-06,
                        1.1126064833370806e-07,
                        1.4271742736877656e-06,
                        4.696141534607453e-06,
                        9.500022625521872e-06,
                        1.8872711876171792e-06
                    ],
                    [
                        1.1126064833370843e-07,
                        0.9626264307112331,
                        -0.6869986706792127,
                        -1.2858054979803228,
                        -1.928515746349776,
                        -0.11841318060355624
                    ],
                    [
                        1.4271742736877662e-06,
                        -0.6869986706792127,
                        1.4463452070387897,
                        1.8271713567555854,
                        3.2141735695778992,
                        0.14753053299231395
                    ],
                    [
                        4.696141534607451e-06,
                        -1.2858054979803228,
                        1.8271713567555854,
                        3.5241739067644553,
                        5.316946803291464,
                        0.32471926231070514
                    ],
                    [
                        9.500022625521872e-06,
                        -1.928515746349776,
                        3.2141735695778992,
                        5.316946803291464,
                        9.43968864526169,
                        1.3557896225528498
                    ],
                    [
                        1.8872711876171797e-06,
                        -0.11841318060355624,
                        0.14753053299231395,
                        0.32471926231070514,
                        1.3557896225528498,
                        1.7856684541892316
                    ]
                ]
            },
            "est_tgt": [
                0,
                4
            ],
            "oracle_est_tgt": [
                0
            ]
        },
        "1": {
            "intv_type": "do",
            "inode": 1,
            "new_mui": 1.0,
            "new_vari": null,
            "noise_type": "gaussian",
            "obs_noise_gamma_shape": null,
            "true_params": {
                "Si": [
                    [
                        1.0,
                        0.0,
                        -0.7456101104386978,
                        -0.7016544368536022,
                        -2.054386548712903,
                        0.14743874412111024
                    ],
                    [
                        0.0,
                        1e-09,
                        -7.823754197052085e-10,
                        -1.4286589282788184e-09,
                        -2.164094949824391e-09,
                        -9.233253905539841e-11
                    ],
                    [
                        -0.7456101104386978,
                        -7.823754197052085e-10,
                        1.5559344374005184,
                        1.4642080178029717,
                        3.4197797083897923,
                        -0.07143461676115881
                    ],
                    [
                        -0.7016544368536022,
                        -1.4286589282788184e-09,
                        1.4642080178029717,
                        2.3778891119128778,
                        4.210313802097922,
                        0.02262742496549057
                    ],
                    [
                        -2.054386548712903,
                        -2.164094949824391e-09,
                        3.4197797083897923,
                        4.210313802097922,
                        9.76941949541043,
                        0.7060771427186383
                    ],
                    [
                        0.14743874412111024,
                        -9.233253905539841e-11,
                        -0.07143461676115881,
                        0.02262742496549057,
                        0.7060771427186383,
                        1.748949394852986
                    ]
                ],
                "mui": [
                    0.0,
                    1.0,
                    -0.7823754197052084,
                    -1.4286589282788182,
                    -2.1640949498243907,
                    -0.0923325390553984
                ],
                "Ai": [
                    [
                        0.0,
                        0.0,
                        0.0,
                        0.0,
                        0.0,
                        0.0
                    ],
                    [
                        0.0,
                        0.0,
                        0.0,
                        0.0,
                        0.0,
                        0.0
                    ],
                    [
                        -0.7456101104386978,
                        -0.7823754197052084,
                        0.0,
                        0.0,
                        0.0,
                        0.0
                    ],
                    [
                        0.0,
                        -0.6924065936660722,
                        0.9410473745330072,
                        0.0,
                        0.0,
                        0.0
                    ],
                    [
                        -0.6466684528311781,
                        0.0,
                        0.9543584445509691,
                        0.9921390845380207,
                        0.0,
                        0.0
                    ],
                    [
                        0.723965113347617,
                        -0.0,
                        -0.8545373945310637,
                        -0.7506356793082556,
                        0.8471458043153681,
                        0.0
                    ]
                ]
            },
            "est_params": {
                "mui": [
                    0.03474069657511208,
                    1.0000008144457935,
                    -0.805013711616834,
                    -1.47910485791798,
                    -2.285629117182545,
                    -0.052691430053645
                ],
                "Si": [
                    [
                        0.9908521901552273,
                        -7.910727170117356e-07,
                        -0.6765575269458808,
                        -0.6659420785472077,
                        -1.9353199128502938,
                        0.21481647942833673
                    ],
                    [
                        -7.910727170117359e-07,
                        1.0026110386854497e-06,
                        2.0493713915259625e-06,
                        1.6399917759136086e-06,
                        6.756013982391849e-06,
                        1.444399931609165e-06
                    ],
                    [
                        -0.6765575269458808,
                        2.049371391525962e-06,
                        1.38037089055715,
                        1.3829575824674245,
                        3.1432588844975378,
                        -0.10267650907009326
                    ],
                    [
                        -0.6659420785472077,
                        1.6399917759136086e-06,
                        1.3829575824674245,
                        2.35748905187885,
                        4.087168520642266,
                        -0.0934444907608829
                    ],
                    [
                        -1.9353199128502934,
                        6.756013982391849e-06,
                        3.1432588844975378,
                        4.087168520642266,
                        9.221254490044808,
                        0.49514770782088136
                    ],
                    [
                        0.21481647942833676,
                        1.4443999316091644e-06,
                        -0.10267650907009328,
                        -0.0934444907608829,
                        0.49514770782088147,
                        1.7338826784898407
                    ]
                ]
            },
            "est_tgt": [
                1
            ],
            "oracle_est_tgt": [
                1
            ]
        },
        "2": {
            "intv_type": "do",
            "inode": 2,
            "new_mui": 1.0,
            "new_vari": null,
            "noise_type": "gaussian",
            "obs_noise_gamma_shape": null,
            "true_params": {
                "Si": [
                    [
                        1.0,
                        0.0,
                        0.0,
                        0.0,
                        -0.6466684528311781,
                        0.17614264674857394
                    ],
                    [
                        0.0,
                        1.0,
                        0.0,
                        -0.6924065936660722,
                        -0.6869636439679461,
                        -0.062213274910594585
                    ],
                    [
                        0.0,
                        0.0,
                        1e-09,
                        9.410473745330073e-10,
                        1.8880083252270547e-09,
                        3.84972014536864e-11
                    ],
                    [
                        0.0,
                        -0.6924065936660722,
                        9.410473745330073e-10,
                        1.4794268918378233,
                        1.4677972430070039,
                        0.13292766525330235
                    ],
                    [
                        -0.6466684528311781,
                        -0.6869636439679461,
                        1.8880083252270547e-09,
                        1.4677972430070039,
                        2.874439102653306,
                        0.865122643615807
                    ],
                    [
                        0.17614264674857394,
                        -0.062213274910594585,
                        3.84972014536864e-11,
                        0.13292766525330235,
                        0.865122643615807,
                        1.7606259006368608
                    ]
                ],
                "mui": [
                    0.0,
                    0.0,
                    1.0,
                    0.9410473745330072,
                    1.8880083252270548,
                    0.0384972014536864
                ],
                "Ai": [
                    [
                        0.0,
                        0.0,
                        0.0,
                        0.0,
                        0.0,
                        0.0
                    ],
                    [
                        -0.0,
                        0.0,
                        0.0,
                        0.0,
                        0.0,
                        0.0
                    ],
                    [
                        0.0,
                        0.0,
                        0.0,
                        0.0,
                        0.0,
                        0.0
                    ],
                    [
                        0.0,
                        -0.6924065936660722,
                        0.9410473745330072,
                        0.0,
                        0.0,
                        0.0
                    ],
                    [
                        -0.6466684528311781,
                        0.0,
                        0.9543584445509691,
                        0.9921390845380207,
                        0.0,
                        0.0
                    ],
                    [
                        0.723965113347617,
                        -0.0,
                        -0.8545373945310637,
                        -0.7506356793082556,
                        0.8471458043153681,
                        0.0
                    ]
                ]
            },
            "est_params": {
                "mui": [
                    -0.011750452457289791,
                    -0.05876141978933864,
                    0.9999996634920285,
                    0.9734838225925292,
                    1.875185650082319,
                    0.007555796089443563
                ],
                "Si": [
                    [
                        1.1012336186735665,
                        0.087684336027999,
                        -6.103938548113958e-07,
                        -0.05223206497614877,
                        -0.7631723239370293,
                        0.13656636295096558
                    ],
                    [
                        0.08768433602799898,
                        0.9646181545850334,
                        1.1280099918547023e-07,
                        -0.727327074477188,
                        -0.7419063905391832,
                        -0.014623787510994373
                    ],
                    [
                        -6.103938548113954e-07,
                        1.128009991854705e-07,
                        1.0012047682856593e-06,
                        4.779933971079422e-07,
                        1.1448479850466465e-06,
                        8.985126551799436e-07
                    ],
                    [
                        -0.05223206497614879,
                        -0.727327074477188,
                        4.779933971079421e-07,
                        1.5478620320334182,
                        1.541184619954919,
                        0.09785152105674153
                    ],
                    [
                        -0.7631723239370293,
                        -0.7419063905391832,
                        1.144847985046646e-06,
                        1.5411846199549193,
                        3.0028190826591414,
                        0.875581110128716
                    ],
                    [
                        0.13656636295096558,
                        -0.014623787510994378,
                        8.985126551799438e-07,
                        0.09785152105674154,
                        0.875581110128716,
                        1.767938870944306
                    ]
                ]
            },
            "est_tgt": [
                2,
                3,
                4
            ],
            "oracle_est_tgt": [
                2,
                3,
                4
            ]
        },
        "3": {
            "intv_type": "do",
            "inode": 3,
            "new_mui": 1.0,
            "new_vari": null,
            "noise_type": "gaussian",
            "obs_noise_gamma_shape": null,
            "true_params": {
                "Si": [
                    [
                        1.0,
                        0.0,
                        -0.7456101104386978,
                        0.0,
                        -1.35824775807093,
                        0.21048294498737707
                    ],
                    [
                        0.0,
                        1.0,
                        -0.7823754197052084,
                        0.0,
                        -0.7466665886047743,
                        0.03603358494103259
                    ],
                    [
                        -0.7456101104386978,
                        -0.7823754197052084,
                        2.168045734147308,
                        0.0,
                        2.5512552910888653,
                        -0.23118664541599357
                    ],
                    [
                        0.0,
                        0.0,
                        0.0,
                        1e-09,
                        9.921390845380207e-10,
                        8.985078345541898e-11
                    ],
                    [
                        -1.35824775807093,
                        -0.7466665886047743,
                        2.5512552910888653,
                        9.921390845380207e-10,
                        4.313148008513484,
                        0.49039819670201146
                    ],
                    [
                        0.21048294498737707,
                        0.03603358494103259,
                        -0.23118664541599357,
                        8.985078345541898e-11,
                        0.49039819670201146,
                        1.7653787174621731
                    ]
                ],
                "mui": [
                    0.0,
                    0.0,
                    0.0,
                    1.0,
                    0.9921390845380207,
                    0.08985078345541897
                ],
                "Ai": [
                    [
                        0.0,
                        0.0,
                        0.0,
                        0.0,
                        0.0,
                        0.0
                    ],
                    [
                        -0.0,
                        0.0,
                        0.0,
                        0.0,
                        0.0,
                        0.0
                    ],
                    [
                        -0.7456101104386978,
                        -0.7823754197052084,
                        0.0,
                        0.0,
                        0.0,
                        0.0
                    ],
                    [
                        0.0,
                        0.0,
                        0.0,
                        0.0,
                        0.0,
                        0.0
                    ],
                    [
                        -0.6466684528311781,
                        0.0,
                        0.9543584445509691,
                        0.9921390845380207,
                        0.0,
                        0.0
                    ],
                    [
                        0.723965113347617,
                        -0.0,
                        -0.8545373945310637,
                        -0.7506356793082556,
                        0.8471458043153681,
                        0.0
                    ]
                ]
            },
            "est_params": {
                "mui": [
                    0.027902446948189743,
                    -0.03692516268004402,
                    -0.02877169199817858,
                    1.0000001450934164,
                    0.950751899716731,
                    0.09424801371570181
                ],
                "Si": [
                    [
                        0.918558112882006,
                        -0.06653488773117808,
                        -0.5938121198832569,
                        1.169047566399883e-06,
                        -1.174300622691391,
                        0.19883113246699202
                    ],
                    [
                        -0.06653488773117808,
                        0.9606170696552481,
                        -0.6974840494344189,
                        1.0892848755426387e-06,
                        -0.6528767353379065,
                        -0.06263911616308811
                    ],
                    [
                        -0.5938121198832569,
                        -0.6974840494344188,
                        1.9383924067965033,
                        -1.4652959584701737e-07,
                        2.2663746967866363,
                        -0.08594084511073734
                    ],
                    [
                        1.1690475663998825e-06,
                        1.0892848755426385e-06,
                        -1.465295958470172e-07,
                        1.0056238380503447e-06,
                        -2.259630297146288e-06,
                        1.5239329622923855e-06
                    ],
                    [
                        -1.174300622691391,
                        -0.6528767353379065,
                        2.2663746967866363,
                        -2.259630297146288e-06,
                        3.9424874320639223,
                        0.584760026623191
                    ],
                    [
                        0.19883113246699202,
                        -0.0626391161630881,
                        -0.08594084511073734,
                        1.5239329622923855e-06,
                        0.584760026623191,
                        1.6460897527704492
                    ]
                ]
            },
            "est_tgt": [
                2,
                3,
                4
            ],
            "oracle_est_tgt": [
                2,
                3,
                4
            ]
        },
        "4": {
            "intv_type": "do",
            "inode": 4,
            "new_mui": 1.0,
            "new_vari": null,
            "noise_type": "gaussian",
            "obs_noise_gamma_shape": null,
            "true_params": {
                "Si": [
                    [
                        1.0,
                        0.0,
                        -0.7456101104386978,
                        -0.7016544368536022,
                        0.0,
                        1.8878036893051757
                    ],
                    [
                        0.0,
                        1.0,
                        -0.7823754197052084,
                        -1.4286589282788182,
                        0.0,
                        1.7409714178284112
                    ],
                    [
                        -0.7456101104386978,
                        -0.7823754197052084,
                        2.168045734147308,
                        2.5819556453129575,
                        0.0,
                        -4.330579890762586
                    ],
                    [
                        -0.7016544368536022,
                        -1.4286589282788182,
                        2.5819556453129575,
                        4.418955443222593,
                        0.0,
                        -6.031376604804387
                    ],
                    [
                        0.0,
                        0.0,
                        0.0,
                        0.0,
                        1e-09,
                        8.471458043153682e-10
                    ],
                    [
                        1.8878036893051757,
                        1.7409714178284112,
                        -4.330579890762586,
                        -6.031376604804387,
                        8.471458043153682e-10,
                        10.594712944195667
                    ]
                ],
                "mui": [
                    0.0,
                    0.0,
                    0.0,
                    0.0,
                    1.0,
                    0.8471458043153681
                ],
                "Ai": [
                    [
                        0.0,
                        0.0,
                        0.0,
                        0.0,
                        0.0,
                        0.0
                    ],
                    [
                        -0.0,
                        0.0,
                        0.0,
                        0.0,
                        0.0,
                        0.0
                    ],
                    [
                        -0.7456101104386978,
                        -0.7823754197052084,
                        0.0,
                        0.0,
                        0.0,
                        0.0
                    ],
                    [
                        0.0,
                        -0.6924065936660722,
                        0.9410473745330072,
                        0.0,
                        0.0,
                        0.0
                    ],
                    [
                        0.0,
                        0.0,
                        0.0,
                        0.0,
                        0.0,
                        0.0
                    ],
                    [
                        0.723965113347617,
                        -0.0,
                        -0.8545373945310637,
                        -0.7506356793082556,
                        0.8471458043153681,
                        0.0
                    ]
                ]
            },
            "est_params": {
                "mui": [
                    -0.0072673664902852386,
                    -0.027418339481407074,
                    0.027125363686125954,
                    0.0637800666111529,
                    0.9999973342241896,
                    0.7613277321340393
                ],
                "Si": [
                    [
                        1.0440773433220343,
                        0.02028533096456545,
                        -0.8404853702397653,
                        -0.7915139280830734,
                        3.407003420381168e-07,
                        2.0534133496087073
                    ],
                    [
                        0.020285330964565442,
                        0.9545083196893537,
                        -0.7233196277951865,
                        -1.397681901309287,
                        -2.1648026914261433e-06,
                        1.724269974311247
                    ],
                    [
                        -0.8404853702397652,
                        -0.7233196277951865,
                        2.30490636878596,
                        2.7382649180299694,
                        -1.7780554628167077e-06,
                        -4.615833103455784
                    ],
                    [
                        -0.7915139280830735,
                        -1.397681901309287,
                        2.7382649180299694,
                        4.65610851459455,
                        2.643793177699973e-06,
                        -6.37178830670645
                    ],
                    [
                        3.407003420381168e-07,
                        -2.1648026914261437e-06,
                        -1.778055462816708e-06,
                        2.6437931776999733e-06,
                        1.0028404185086245e-06,
                        -1.4015904623626684e-06
                    ],
                    [
                        2.0534133496087073,
                        1.724269974311247,
                        -4.615833103455785,
                        -6.37178830670645,
                        -1.4015904623626684e-06,
                        11.256412199899835
                    ]
                ]
            },
            "est_tgt": [
                2,
                4,
                5
            ],
            "oracle_est_tgt": [
                2,
                4,
                5
            ]
        },
        "5": {
            "intv_type": "do",
            "inode": 5,
            "new_mui": 1.0,
            "new_vari": null,
            "noise_type": "gaussian",
            "obs_noise_gamma_shape": null,
            "true_params": {
                "Si": [
                    [
                        1.0,
                        0.0,
                        -0.7456101104386978,
                        -0.7016544368536022,
                        -2.054386548712903,
                        0.0
                    ],
                    [
                        0.0,
                        1.0,
                        -0.7823754197052084,
                        -1.4286589282788182,
                        -2.1640949498243907,
                        0.0
                    ],
                    [
                        -0.7456101104386978,
                        -0.7823754197052084,
                        2.168045734147308,
                        2.5819556453129575,
                        5.112914401347437,
                        0.0
                    ],
                    [
                        -0.7016544368536022,
                        -1.4286589282788182,
                        2.5819556453129575,
                        4.418955443222593,
                        7.302067370715885,
                        0.0
                    ],
                    [
                        -2.054386548712903,
                        -2.1640949498243907,
                        5.112914401347437,
                        7.302067370715885,
                        14.452726442582557,
                        0.0
                    ],
                    [
                        0.0,
                        0.0,
                        0.0,
                        0.0,
                        0.0,
                        1e-09
                    ]
                ],
                "mui": [
                    0.0,
                    0.0,
                    0.0,
                    0.0,
                    0.0,
                    1.0
                ],
                "Ai": [
                    [
                        0.0,
                        0.0,
                        0.0,
                        0.0,
                        0.0,
                        0.0
                    ],
                    [
                        -0.0,
                        0.0,
                        0.0,
                        0.0,
                        0.0,
                        0.0
                    ],
                    [
                        -0.7456101104386978,
                        -0.7823754197052084,
                        0.0,
                        0.0,
                        0.0,
                        0.0
                    ],
                    [
                        0.0,
                        -0.6924065936660722,
                        0.9410473745330072,
                        0.0,
                        0.0,
                        0.0
                    ],
                    [
                        -0.6466684528311781,
                        0.0,
                        0.9543584445509691,
                        0.9921390845380207,
                        0.0,
                        0.0
                    ],
                    [
                        0.0,
                        0.0,
                        0.0,
                        0.0,
                        0.0,
                        0.0
                    ]
                ]
            },
            "est_params": {
                "mui": [
                    0.01576346934983197,
                    0.05244761949598713,
                    -0.11278584427327744,
                    -0.11232457851804034,
                    -0.27446373785026557,
                    1.0000002776539192
                ],
                "Si": [
                    [
                        0.9832400885851513,
                        -0.03046605602804233,
                        -0.657861226467715,
                        -0.5824940260296381,
                        -1.8169534563985552,
                        7.62622298133031e-08
                    ],
                    [
                        -0.03046605602804233,
                        0.888260701868273,
                        -0.6282521865449293,
                        -1.1731832015097616,
                        -1.7117765266688902,
                        9.661248915068032e-07
                    ],
                    [
                        -0.657861226467715,
                        -0.6282521865449293,
                        1.950998212018477,
                        2.1999229108009546,
                        4.389904925592837,
                        -3.361949937577402e-06
                    ],
                    [
                        -0.5824940260296382,
                        -1.1731832015097616,
                        2.1999229108009546,
                        3.7553796578393603,
                        6.028801408352693,
                        -6.655794535853697e-06
                    ],
                    [
                        -1.8169534563985552,
                        -1.7117765266688902,
                        4.389904925592837,
                        6.028801408352693,
                        12.121668894195038,
                        -8.458797359282212e-06
                    ],
                    [
                        7.626222981330328e-08,
                        9.66124891506803e-07,
                        -3.361949937577402e-06,
                        -6.655794535853697e-06,
                        -8.458797359282212e-06,
                        1.0039396377529714e-06
                    ]
                ]
            },
            "est_tgt": [
                2,
                4,
                5
            ],
            "oracle_est_tgt": [
                2,
                4,
                5
            ]
        },
        "obs": {
            "intv_type": "obs",
            "noise_type": "gaussian",
            "obs_noise_gamma_shape": null,
            "true_params": {
                "Si": [
                    [
                        1.0,
                        0.0,
                        -0.7456101104386978,
                        -0.7016544368536022,
                        -2.054386548712903,
                        0.14743874412111024
                    ],
                    [
                        0.0,
                        1.0,
                        -0.7823754197052084,
                        -1.4286589282788182,
                        -2.1640949498243907,
                        -0.0923325390553984
                    ],
                    [
                        -0.7456101104386978,
                        -0.7823754197052084,
                        2.168045734147308,
                        2.5819556453129575,
                        5.112914401347437,
                        0.0008040921625173461
                    ],
                    [
                        -0.7016544368536022,
                        -1.4286589282788182,
                        2.5819556453129575,
                        4.418955443222593,
                        7.302067370715885,
                        0.15453913112572648
                    ],
                    [
                        -2.054386548712903,
                        -2.1640949498243907,
                        5.112914401347437,
                        7.302067370715885,
                        14.452726442582557,
                        0.9058935239930729
                    ],
                    [
                        0.14743874412111024,
                        -0.0923325390553984,
                        0.0008040921625173461,
                        0.15453913112572648,
