{
    "expt_args": {
        "save_dir": "all_expt_logs/expt_logs_sim_compsel_backward_cameraready_cutoff_var",
        "exp_name": "530",
        "num_nodes": 6,
        "num_tgt_prior": 7,
        "obs_noise_mean": 0.0,
        "obs_noise_var": 1.0,
        "obs_noise_gamma_shape": null,
        "noise_type": "gaussian",
        "max_edge_strength": 1.0,
        "graph_sparsity_method": "adj_dense_prop",
        "adj_dense_prop": 0.8,
        "num_parents": null,
        "new_noise_mean": 1.0,
        "mix_samples": 1024,
        "stage2_samples": 1024,
        "gmm_tol": 0.001,
        "intv_type": "do",
        "new_noise_var": null,
        "dtype": "simulation",
        "cutoff_drop_ratio": 0.15,
        "intv_targets": [
            0,
            1,
            2,
            3,
            4,
            5
        ]
    },
    "intv_args_dict": {
        "0": {
            "intv_type": "do",
            "inode": 0,
            "new_mui": 1.0,
            "new_vari": null,
            "noise_type": "gaussian",
            "obs_noise_gamma_shape": null,
            "true_params": {
                "Si": [
                    [
                        1e-09,
                        -8.497193418605457e-10,
                        7.746682704946948e-10,
                        1.9072982387565054e-09,
                        -1.7061775497870548e-09,
                        2.2557474867763754e-09
                    ],
                    [
                        -8.497193418605457e-10,
                        1.0000000007220229,
                        -0.9116754590495835,
                        -1.5524264623469446,
                        2.32072849311985,
                        -2.0327192599840624
                    ],
                    [
                        7.746682704946948e-10,
                        -0.9116754590495835,
                        1.831152142033158,
                        2.301154295925198,
                        -3.48708191785764,
                        2.6491642320959476
                    ],
                    [
                        1.9072982387565054e-09,
                        -1.5524264623469446,
                        2.301154295925198,
                        4.1947496189115565,
                        -5.424390137456017,
                        4.759324513376147
                    ],
                    [
                        -1.7061775497870548e-09,
                        2.32072849311985,
                        -3.48708191785764,
                        -5.424390137456017,
                        8.63458719492857,
                        -6.3542309590060295
                    ],
                    [
                        2.2557474867763754e-09,
                        -2.0327192599840624,
                        2.6491642320959476,
                        4.759324513376147,
                        -6.3542309590060295,
                        6.572945939977398
                    ]
                ],
                "mui": [
                    1.0,
                    -0.8497193418605457,
                    0.7746682704946947,
                    1.9072982387565054,
                    -1.7061775497870546,
                    2.255747486776375
                ],
                "Ai": [
                    [
                        0.0,
                        0.0,
                        0.0,
                        0.0,
                        0.0,
                        0.0
                    ],
                    [
                        -0.8497193418605457,
                        0.0,
                        0.0,
                        0.0,
                        0.0,
                        0.0
                    ],
                    [
                        0.0,
                        -0.9116754583913329,
                        0.0,
                        0.0,
                        0.0,
                        0.0
                    ],
                    [
                        0.5881714482612777,
                        -0.744823141756479,
                        0.885845189246212,
                        0.0,
                        0.0,
                        0.0
                    ],
                    [
                        0.6227181262572339,
                        0.6185291525432931,
                        -0.8337616575947266,
                        -0.606843107601541,
                        0.0,
                        0.0
                    ],
                    [
                        -0.0,
                        -0.6377728376966957,
                        0.0,
                        0.8985587759938158,
                        -0.0,
                        0.0
                    ]
                ]
            },
            "est_params": {
                "mui": [
                    1.0427548972113847,
                    -1.6965888987109345,
                    1.8239438782111326,
                    3.9960716378363195,
                    -3.762476706748576,
                    4.754551582172728
                ],
                "Si": [
                    [
                        0.1984924194547357,
                        -0.04212182729637824,
                        0.05052961731085221,
                        -0.002687922611432439,
                        0.017051228130554083,
                        -0.07067301753228412
                    ],
                    [
                        -0.04212182729637824,
                        0.8992286966972441,
                        -0.635153525130846,
                        -1.1708333130795028,
                        2.223334175184399,
                        -1.377430268483573
                    ],
                    [
                        0.05052961731085221,
                        -0.635153525130846,
                        1.330754169250102,
                        1.2360408723465925,
                        -2.7953946256712987,
                        1.621351552063403
                    ],
                    [
                        -0.0026879226114324235,
                        -1.1708333130795028,
                        1.236040872346593,
                        2.3051052260514084,
                        -4.0361339953257005,
                        2.539381244441014
                    ],
                    [
                        0.017051228130554083,
                        2.223334175184399,
                        -2.7953946256712987,
                        -4.0361339953257005,
                        8.705364443217274,
                        -5.052366381688852
                    ],
                    [
                        -0.07067301753228412,
                        -1.377430268483573,
                        1.6213515520634025,
                        2.539381244441014,
                        -5.052366381688852,
                        3.8826564222395104
                    ]
                ]
            },
            "est_tgt": [
                0,
                1,
                2,
                3
            ],
            "oracle_est_tgt": [
                0
            ]
        },
        "1": {
            "intv_type": "do",
            "inode": 1,
            "new_mui": 1.0,
            "new_vari": null,
            "noise_type": "gaussian",
            "obs_noise_gamma_shape": null,
            "true_params": {
                "Si": [
                    [
                        1.0,
                        0.0,
                        0.0,
                        0.5881714482612777,
                        0.26579033679186115,
                        0.5285066166241636
                    ],
                    [
                        0.0,
                        1e-09,
                        -9.11675458391333e-10,
                        -1.5524264607262765e-09,
                        2.3207284916700783e-09,
                        -2.0327192580673103e-09
                    ],
                    [
                        0.0,
                        -9.11675458391333e-10,
                        1.000000000831152,
                        0.8858451906615211,
                        -1.3713307072065244,
                        0.7959839708222667
                    ],
                    [
                        0.5881714482612777,
                        -1.5524264607262765e-09,
                        0.8858451906615211,
                        2.1306673542704537,
                        -1.6652995318498571,
                        1.9145298508933366
                    ],
                    [
                        0.26579033679186115,
                        2.3207284916700783e-09,
                        -1.3713307072065244,
                        -1.6652995318498571,
                        3.3194509684859645,
                        -1.4963695104821797
                    ],
                    [
                        0.5285066166241636,
                        -2.0327192580673103e-09,
                        0.7959839708222667,
                        1.9145298508933366,
                        -1.4963695104821797,
                        2.7203176007187526
                    ]
                ],
                "mui": [
                    0.0,
                    1.0,
                    -0.9116754583913329,
                    -1.5524264607262763,
                    2.3207284916700783,
                    -2.0327192580673104
                ],
                "Ai": [
                    [
                        0.0,
                        0.0,
                        0.0,
                        0.0,
                        0.0,
                        0.0
                    ],
                    [
                        0.0,
                        0.0,
                        0.0,
                        0.0,
                        0.0,
                        0.0
                    ],
                    [
                        0.0,
                        -0.9116754583913329,
                        0.0,
                        0.0,
                        0.0,
                        0.0
                    ],
                    [
                        0.5881714482612777,
                        -0.744823141756479,
                        0.885845189246212,
                        0.0,
                        0.0,
                        0.0
                    ],
                    [
                        0.6227181262572339,
                        0.6185291525432931,
                        -0.8337616575947266,
                        -0.606843107601541,
                        0.0,
                        0.0
                    ],
                    [
                        -0.0,
                        -0.6377728376966957,
                        0.0,
                        0.8985587759938158,
                        -0.0,
                        0.0
                    ]
                ]
            },
            "est_params": {
                "mui": [
                    0.13892954559310491,
                    0.9999970962984092,
                    -0.9595622558577598,
                    -1.686155818696661,
                    2.5644997531068507,
                    -2.1921462106802903
                ],
                "Si": [
                    [
                        0.861675167317704,
                        -3.8275368077170347e-07,
                        -0.022476482632543985,
                        0.5447735952459292,
                        0.21073711344802712,
                        0.5990381330268242
                    ],
                    [
                        -3.8275368077170347e-07,
                        1.0051385901143348e-06,
                        -1.3231978051548695e-06,
                        -3.302326826630446e-06,
                        8.29568694426266e-06,
                        8.41358402627816e-07
                    ],
                    [
                        -0.022476482632543978,
                        -1.323197805154869e-06,
                        0.8833208879409005,
                        0.8107316025711462,
                        -1.34596519020585,
                        0.70288335089792
                    ],
                    [
                        0.5447735952459292,
                        -3.3023268266304464e-06,
                        0.8107316025711462,
                        2.025539518601904,
                        -1.7118605712617798,
                        1.7609054229505896
                    ],
                    [
                        0.21073711344802712,
                        8.295686944262664e-06,
                        -1.34596519020585,
                        -1.7118605712617798,
                        3.502577937109823,
                        -1.2964890121171924
                    ],
                    [
                        0.5990381330268242,
                        8.41358402627816e-07,
                        0.70288335089792,
                        1.7609054229505896,
                        -1.2964890121171926,
                        2.4400782988888268
                    ]
                ]
            },
            "est_tgt": [
                1
            ],
            "oracle_est_tgt": [
                1
            ]
        },
        "2": {
            "intv_type": "do",
            "inode": 2,
            "new_mui": 1.0,
            "new_vari": null,
            "noise_type": "gaussian",
            "obs_noise_gamma_shape": null,
            "true_params": {
                "Si": [
                    [
                        1.0,
                        -0.8497193418605457,
                        0.0,
                        1.2210620780770969,
                        -0.6438511641981152,
                        1.6391239621935902
                    ],
                    [
                        -0.8497193418605457,
                        1.7220229599319188,
                        0.0,
                        -1.78238320711102,
                        1.6176127299989065,
                        -2.699835542668253
                    ],
                    [
                        0.0,
                        0.0,
                        1e-09,
                        8.858451892462121e-10,
                        -1.3713307050907733e-09,
                        7.959839689690864e-10
                    ],
                    [
                        1.2210620780770969,
                        -1.78238320711102,
                        8.858451892462121e-10,
                        3.0457541117986717,
                        -2.1903733762305033,
                        3.873544682538079
                    ],
                    [
                        -0.6438511641981152,
                        1.6176127299989065,
                        -1.3713307050907733e-09,
                        -2.1903733762305033,
                        2.9288158280542387,
                        -2.9998486810208242
                    ],
                    [
                        1.6391239621935902,
                        -2.699835542668253,
                        7.959839689690864e-10,
                        3.873544682538079,
                        -2.9998486810208242,
                        6.202489344060701
                    ]
                ],
                "mui": [
                    0.0,
                    0.0,
                    1.0,
                    0.885845189246212,
                    -1.3713307050907733,
                    0.7959839689690864
                ],
                "Ai": [
                    [
                        0.0,
                        0.0,
                        0.0,
                        0.0,
                        0.0,
                        0.0
                    ],
                    [
                        -0.8497193418605457,
                        0.0,
                        0.0,
                        0.0,
                        0.0,
                        0.0
                    ],
                    [
                        0.0,
                        0.0,
                        0.0,
                        0.0,
                        0.0,
                        0.0
                    ],
                    [
                        0.5881714482612777,
                        -0.744823141756479,
                        0.885845189246212,
                        0.0,
                        0.0,
                        0.0
                    ],
                    [
                        0.6227181262572339,
                        0.6185291525432931,
                        -0.8337616575947266,
                        -0.606843107601541,
                        0.0,
                        0.0
                    ],
                    [
                        -0.0,
                        -0.6377728376966957,
                        0.0,
                        0.8985587759938158,
                        -0.0,
                        0.0
                    ]
                ]
            },
            "est_params": {
                "mui": [
                    0.4871023159409818,
                    -0.6512087169614217,
                    0.8408136512540421,
                    1.5272325603577759,
                    -1.7393241710271647,
                    1.9101745581429097
                ],
                "Si": [
                    [
                        0.7022860107659704,
                        -0.47897263489374103,
                        -0.03545392392000181,
                        0.6366655167587079,
                        -0.26909552679632226,
                        0.9042179513447974
                    ],
                    [
                        -0.47897263489374103,
                        0.9314173510915132,
                        -0.08852608169497189,
                        -0.7623511088818323,
                        0.8384705366551393,
                        -1.2076646420533144
                    ],
                    [
                        -0.03545392392000181,
                        -0.08852608169497189,
                        0.290000113891236,
                        0.2526843610792724,
                        -0.44495075682504953,
                        0.23581421641447894
                    ],
                    [
                        0.6366655167587079,
                        -0.7623511088818323,
                        0.25268436107927233,
                        1.7085914045001012,
                        -1.268501506364004,
                        1.933538756069164
                    ],
                    [
                        -0.2690955267963222,
                        0.8384705366551393,
                        -0.44495075682504953,
                        -1.268501506364004,
                        2.2195302921018234,
                        -1.613534771212761
                    ],
                    [
                        0.9042179513447974,
                        -1.2076646420533144,
                        0.2358142164144789,
                        1.933538756069164,
                        -1.613534771212761,
                        3.3127392735973977
                    ]
                ]
            },
            "est_tgt": [
                0,
                2,
                3,
                4
            ],
            "oracle_est_tgt": [
                2,
                4
            ]
        },
        "3": {
            "intv_type": "do",
            "inode": 3,
            "new_mui": 1.0,
            "new_vari": null,
            "noise_type": "gaussian",
            "obs_noise_gamma_shape": null,
            "true_params": {
                "Si": [
                    [
                        1.0,
                        -0.8497193418605457,
                        0.7746682704946947,
                        0.0,
                        -0.5487467594571108,
                        0.5419279159041689
                    ],
                    [
                        -0.8497193418605457,
                        1.7220229599319188,
                        -1.569926071356332,
                        0.0,
                        1.8449299292140866,
                        -1.0982594697346433
                    ],
                    [
                        0.7746682704946947,
                        -1.569926071356332,
                        2.431263070744288,
                        0.0,
                        -2.5157389965108683,
                        1.001256205502953
                    ],
                    [
                        0.0,
                        0.0,
                        0.0,
                        1e-09,
                        -6.068431076015411e-10,
                        8.985587759938159e-10
                    ],
                    [
                        -0.5487467594571108,
                        1.8449299292140866,
                        -2.5157389965108683,
                        -6.068431076015411e-10,
                        3.89695510795454,
                        -1.1766461968517161
                    ],
                    [
                        0.5419279159041689,
                        -1.0982594697346433,
                        1.001256205502953,
                        8.985587759938159e-10,
                        -1.1766461968517161,
                        1.7004400593473394
                    ]
                ],
                "mui": [
                    0.0,
                    0.0,
                    0.0,
                    1.0,
                    -0.606843107601541,
                    0.8985587759938158
                ],
                "Ai": [
                    [
                        0.0,
                        0.0,
                        0.0,
                        0.0,
                        0.0,
                        0.0
                    ],
                    [
                        -0.8497193418605457,
                        0.0,
                        0.0,
                        0.0,
                        0.0,
                        0.0
                    ],
                    [
                        0.0,
                        -0.9116754583913329,
                        0.0,
                        0.0,
                        0.0,
                        0.0
                    ],
                    [
                        0.0,
                        0.0,
                        0.0,
                        0.0,
                        0.0,
                        0.0
                    ],
                    [
                        0.6227181262572339,
                        0.6185291525432931,
                        -0.8337616575947266,
                        -0.606843107601541,
                        0.0,
                        0.0
                    ],
                    [
                        -0.0,
                        -0.6377728376966957,
                        0.0,
                        0.8985587759938158,
                        -0.0,
                        0.0
                    ]
                ]
            },
            "est_params": {
                "mui": [
                    -0.005605132766511316,
                    -0.03408928121012663,
                    0.049927901907641355,
                    1.0000041968273188,
                    -0.6217609348691242,
                    0.9543076732116546
                ],
                "Si": [
                    [
                        0.8034987065013873,
                        -0.6897124906130968,
                        0.671679129911783,
                        -3.5148003743982407e-06,
                        -0.6016499798812925,
                        0.4265567828936904
                    ],
                    [
                        -0.6897124906130968,
                        1.568285157438581,
                        -1.6148130384144566,
                        -4.32353422034613e-06,
                        1.9830921794341732,
                        -0.9282027858720576
                    ],
                    [
                        0.671679129911783,
                        -1.6148130384144566,
                        2.6519926549777764,
                        7.143075978337546e-06,
                        -3.016352451486811,
                        0.9035979456670533
                    ],
                    [
                        -3.514800374398241e-06,
                        -4.32353422034613e-06,
                        7.143075978337547e-06,
                        1.0047721686009099e-06,
                        -1.267180550070957e-05,
                        1.95480417703052e-06
                    ],
                    [
                        -0.6016499798812924,
                        1.9830921794341732,
                        -3.0163524514868105,
                        -1.2671805500709568e-05,
                        4.62081065449679,
                        -1.2657942708011285
                    ],
                    [
                        0.42655678289369037,
                        -0.9282027858720576,
                        0.9035979456670534,
                        1.95480417703052e-06,
                        -1.2657942708011285,
                        1.4535695924789143
                    ]
                ]
            },
            "est_tgt": [
                2,
                3,
                4
            ],
            "oracle_est_tgt": [
                2,
                3,
                4
            ]
        },
        "4": {
            "intv_type": "do",
            "inode": 4,
            "new_mui": 1.0,
            "new_vari": null,
            "noise_type": "gaussian",
            "obs_noise_gamma_shape": null,
            "true_params": {
                "Si": [
                    [
                        1.0,
                        -0.8497193418605457,
                        0.7746682704946947,
                        1.9072982387565054,
                        0.0,
                        2.255747486776375
                    ],
                    [
                        -0.8497193418605457,
                        1.7220229599319188,
                        -1.569926071356332,
                        -3.173094664894232,
                        0.0,
                        -3.949471527934512
                    ],
                    [
                        0.7746682704946947,
                        -1.569926071356332,
                        2.431263070744288,
                        3.7786777223827537,
                        0.0,
                        4.396620234602301
                    ],
                    [
                        1.9072982387565054,
                        -3.173094664894232,
                        3.7786777223827537,
                        7.832536186837437,
                        0.0,
                        9.061707717681758
                    ],
                    [
                        0.0,
                        0.0,
                        0.0,
                        0.0,
                        1e-09,
                        0.0
                    ],
                    [
                        2.255747486776375,
                        -3.949471527934512,
                        4.396620234602301,
                        9.061707717681758,
                        0.0,
                        11.661342658986934
                    ]
                ],
                "mui": [
                    0.0,
                    0.0,
                    0.0,
                    0.0,
                    1.0,
                    0.0
                ],
                "Ai": [
                    [
                        0.0,
                        0.0,
                        0.0,
                        0.0,
                        0.0,
                        0.0
                    ],
                    [
                        -0.8497193418605457,
                        0.0,
                        0.0,
                        0.0,
                        0.0,
                        0.0
                    ],
                    [
                        0.0,
                        -0.9116754583913329,
                        0.0,
                        0.0,
                        0.0,
                        0.0
                    ],
                    [
                        0.5881714482612777,
                        -0.744823141756479,
                        0.885845189246212,
                        0.0,
                        0.0,
                        0.0
                    ],
                    [
                        0.0,
                        0.0,
                        0.0,
                        0.0,
                        0.0,
                        0.0
                    ],
                    [
                        -0.0,
                        -0.6377728376966957,
                        0.0,
                        0.8985587759938158,
                        -0.0,
                        0.0
                    ]
                ]
            },
            "est_params": {
                "mui": [
                    0.029734485033045967,
                    0.02793266611736791,
                    0.005040961692312005,
                    -0.02979059603364975,
                    0.9999934624251693,
                    0.03392427598446754
                ],
                "Si": [
                    [
                        0.9462970466282602,
                        -0.8739295040127586,
                        0.794669807978968,
                        1.815725731755558,
                        4.734877392438774e-06,
                        2.2241324105947418
                    ],
                    [
                        -0.8739295040127584,
                        1.8600164884706374,
                        -1.651994983559257,
                        -3.3540811238072687,
                        -1.1492978529737954e-06,
                        -4.311716627446307
                    ],
                    [
                        0.794669807978968,
                        -1.651994983559257,
                        2.4326706687411406,
                        3.970619735357033,
                        7.308211447439119e-06,
                        4.829347892400051
                    ],
                    [
                        1.815725731755558,
                        -3.354081123807269,
                        3.970619735357033,
                        8.163967813260363,
                        1.0563888889538591e-05,
                        9.738011028307733
                    ],
                    [
                        4.734877392438774e-06,
                        -1.1492978529737946e-06,
                        7.308211447439119e-06,
                        1.0563888889538588e-05,
                        1.0010367021376072e-06,
                        1.1967108589024883e-05
                    ],
                    [
                        2.2241324105947418,
                        -4.311716627446307,
                        4.82934789240005,
                        9.738011028307735,
                        1.1967108589024883e-05,
                        12.66196081142144
                    ]
                ]
            },
            "est_tgt": [
                2,
                3,
                4
            ],
            "oracle_est_tgt": [
                2,
                3,
                4
            ]
        },
        "5": {
            "intv_type": "do",
            "inode": 5,
            "new_mui": 1.0,
            "new_vari": null,
            "noise_type": "gaussian",
            "obs_noise_gamma_shape": null,
            "true_params": {
                "Si": [
                    [
                        1.0,
                        -0.8497193418605457,
                        0.7746682704946947,
                        1.9072982387565054,
                        -1.7061775497870546,
                        0.0
                    ],
                    [
                        -0.8497193418605457,
                        1.7220229599319188,
                        -1.569926071356332,
                        -3.173094664894232,
                        3.770500556372373,
                        0.0
                    ],
                    [
                        0.7746682704946947,
                        -1.569926071356332,
                        2.431263070744288,
                        3.7786777223827537,
                        -4.808803528186331,
                        0.0
                    ],
                    [
                        1.9072982387565054,
                        -3.173094664894232,
                        3.7786777223827537,
                        7.832536186837437,
                        -8.678579569916568,
                        0.0
                    ],
                    [
                        -1.7061775497870546,
                        3.770500556372373,
                        -4.808803528186331,
                        -8.678579569916568,
                        11.545629023414886,
                        0.0
                    ],
                    [
                        0.0,
                        0.0,
                        0.0,
                        0.0,
                        0.0,
                        1e-09
                    ]
                ],
                "mui": [
                    0.0,
                    0.0,
                    0.0,
                    0.0,
                    0.0,
                    1.0
                ],
                "Ai": [
                    [
                        0.0,
                        0.0,
                        0.0,
                        0.0,
                        0.0,
                        0.0
                    ],
                    [
                        -0.8497193418605457,
                        0.0,
                        0.0,
                        0.0,
                        0.0,
                        0.0
                    ],
                    [
                        0.0,
                        -0.9116754583913329,
                        0.0,
                        0.0,
                        0.0,
                        0.0
                    ],
                    [
                        0.5881714482612777,
                        -0.744823141756479,
                        0.885845189246212,
                        0.0,
                        0.0,
                        0.0
                    ],
                    [
                        0.6227181262572339,
                        0.6185291525432931,
                        -0.8337616575947266,
                        -0.606843107601541,
                        0.0,
                        0.0
                    ],
                    [
                        0.0,
                        0.0,
                        0.0,
                        0.0,
                        0.0,
                        0.0
                    ]
                ]
            },
            "est_params": {
                "mui": [
                    0.049264022678692634,
                    -0.05719199301632603,
                    0.1489211038333077,
                    0.00407627720522121,
                    -0.053394533162219565,
                    0.9999877261967448
                ],
                "Si": [
                    [
                        0.8930008230074626,
                        -0.846083130896613,
                        0.7994775118753217,
                        1.88756092148441,
                        -1.8987914225098432,
                        -1.3144322870524909e-05
                    ],
                    [
                        -0.846083130896613,
                        2.0447095427334867,
                        -2.0162562886108897,
                        -3.8049533150101458,
                        4.886890005574497,
                        -1.3568778692246519e-05
                    ],
                    [
                        0.7994775118753217,
                        -2.0162562886108897,
                        2.9079575898751644,
                        4.512950229758889,
                        -6.006580125745021,
                        -9.065493032288272e-06
                    ],
                    [
                        1.8875609214844096,
                        -3.804953315010145,
                        4.512950229758889,
                        9.129368869012332,
                        -10.847128448400722,
                        -1.3889928224046024e-05
                    ],
                    [
                        -1.8987914225098432,
                        4.886890005574497,
                        -6.006580125745021,
                        -10.847128448400722,
                        14.761777609552274,
                        1.9100735555547406e-05
                    ],
                    [
                        -1.3144322870524909e-05,
                        -1.3568778692246519e-05,
                        -9.065493032288272e-06,
                        -1.3889928224046024e-05,
                        1.910073555554741e-05,
                        1.0202746857952836e-06
                    ]
                ]
            },
            "est_tgt": [
                5
            ],
            "oracle_est_tgt": [
                5
            ]
        },
        "obs": {
            "intv_type": "obs",
            "noise_type": "gaussian",
            "obs_noise_gamma_shape": null,
            "true_params": {
                "Si": [
                    [
                        1.0,
                        -0.8497193418605457,
                        0.7746682704946947,
                        1.9072982387565054,
                        -1.7061775497870546,
                        2.255747486776375
                    ],
                    [
                        -0.8497193418605457,
                        1.7220229599319188,
                        -1.569926071356332,
                        -3.173094664894232,
                        3.770500556372373,
                        -3.949471527934512
                    ],
                    [
                        0.7746682704946947,
                        -1.569926071356332,
                        2.431263070744288,
                        3.7786777223827537,
                        -4.808803528186331,
                        4.396620234602301
                    ],
                    [
                        1.9072982387565054,
                        -3.173094664894232,
                        3.7786777223827537,
                        7.832536186837437,
                        -8.678579569916568,
                        9.061707717681758
                    ],
                    [
                        -1.7061775497870546,
                        3.770500556372373,
                        -4.808803528186331,
                        -8.678579569916568,
                        11.545629023414886,
                        -10.202936675083746
                    ],
                    [
                        2.255747486776375,
                        -3.949471527934512,
                        4.396620234602301,
