{
    "expt_args": {
        "save_dir": "all_expt_logs/expt_logs_sim_compsel_backward_cameraready_cutoff_var",
        "exp_name": "473",
        "num_nodes": 6,
        "num_tgt_prior": 7,
        "obs_noise_mean": 0.0,
        "obs_noise_var": 1.0,
        "obs_noise_gamma_shape": null,
        "noise_type": "gaussian",
        "max_edge_strength": 1.0,
        "graph_sparsity_method": "adj_dense_prop",
        "adj_dense_prop": 0.8,
        "num_parents": null,
        "new_noise_mean": 1.0,
        "mix_samples": 8192,
        "stage2_samples": 8192,
        "gmm_tol": 0.001,
        "intv_type": "do",
        "new_noise_var": null,
        "dtype": "simulation",
        "cutoff_drop_ratio": 0.15,
        "intv_targets": [
            0,
            1,
            2,
            3,
            4,
            5
        ]
    },
    "intv_args_dict": {
        "0": {
            "intv_type": "do",
            "inode": 0,
            "new_mui": 1.0,
            "new_vari": null,
            "noise_type": "gaussian",
            "obs_noise_gamma_shape": null,
            "true_params": {
                "Si": [
                    [
                        1e-09,
                        0.0,
                        6.013365536690061e-10,
                        -3.426529138185224e-10,
                        1.0566546874623324e-09,
                        8.183270347801353e-11
                    ],
                    [
                        0.0,
                        1.0,
                        0.0,
                        -0.5965295736894589,
                        0.8976939505338983,
                        -1.725230659572028
                    ],
                    [
                        6.013365536690061e-10,
                        0.0,
                        1.0000000003616056,
                        0.9905462314234162,
                        0.6055065851689867,
                        0.15517768981712646
                    ],
                    [
                        -3.426529138185224e-10,
                        -0.5965295736894589,
                        0.9905462314234162,
                        2.3370293693988744,
                        0.0642812755589096,
                        1.1828617856750228
                    ],
                    [
                        1.0566546874623324e-09,
                        0.8976939505338983,
                        0.6055065851689867,
                        0.0642812755589096,
                        2.1724926538551994,
                        -2.424436558816084
                    ],
                    [
                        8.183270347801353e-11,
                        -1.725230659572028,
                        0.15517768981712646,
                        1.1828617856750228,
                        -2.424436558816084,
                        4.940758032183114
                    ]
                ],
                "mui": [
                    1.0,
                    0.0,
                    0.6013365536690061,
                    -0.34265291381852236,
                    1.0566546874623324,
                    0.08183270347801352
                ],
                "Ai": [
                    [
                        0.0,
                        0.0,
                        0.0,
                        0.0,
                        0.0,
                        0.0
                    ],
                    [
                        0.0,
                        0.0,
                        0.0,
                        0.0,
                        0.0,
                        0.0
                    ],
                    [
                        0.6013365536690061,
                        0.0,
                        0.0,
                        0.0,
                        0.0,
                        0.0
                    ],
                    [
                        -0.9383045709964064,
                        -0.5965295736894589,
                        0.990546231629466,
                        0.0,
                        0.0,
                        0.0
                    ],
                    [
                        0.6925414446950178,
                        0.8976939505338983,
                        0.6055065845335816,
                        0.0,
                        0.0,
                        0.0
                    ],
                    [
                        0.6600543416522919,
                        -0.8547650722928853,
                        0.7423183788568195,
                        -0.0,
                        -0.9696685454563195,
                        0.0
                    ]
                ]
            },
            "est_params": {
                "mui": [
                    0.9999994909300536,
                    0.018748088838095534,
                    0.5769456428936647,
                    -0.36887729846998824,
                    1.017025808278193,
                    0.11905697163259207
                ],
                "Si": [
                    [
                        1.0026300703098315e-06,
                        -1.2418961283750076e-06,
                        -7.520994819497857e-07,
                        -3.569417008027691e-07,
                        -2.9817773744773944e-06,
                        4.695021981722653e-06
                    ],
                    [
                        -1.2418961283750076e-06,
                        0.9643682961505284,
                        0.024377248455949945,
                        -0.5322195647956848,
                        0.9522293772431366,
                        -1.707799069479349
                    ],
                    [
                        -7.520994819497853e-07,
                        0.024377248455949945,
                        1.0870743428121892,
                        1.0847697857873912,
                        0.5704436021764444,
                        0.24106889284938063
                    ],
                    [
                        -3.569417008027694e-07,
                        -0.5322195647956848,
                        1.0847697857873912,
                        2.290694492157871,
                        0.031713121122217046,
                        1.2662132996174915
                    ],
                    [
                        -2.981777374477394e-06,
                        0.9522293772431366,
                        0.5704436021764444,
                        0.031713121122217046,
                        2.175568194489752,
                        -2.4682623664939682
                    ],
                    [
                        4.695021981722654e-06,
                        -1.707799069479349,
                        0.24106889284938068,
                        1.2662132996174913,
                        -2.4682623664939682,
                        4.975504044928747
                    ]
                ]
            },
            "est_tgt": [
                0
            ],
            "oracle_est_tgt": [
                0
            ]
        },
        "1": {
            "intv_type": "do",
            "inode": 1,
            "new_mui": 1.0,
            "new_vari": null,
            "noise_type": "gaussian",
            "obs_noise_gamma_shape": null,
            "true_params": {
                "Si": [
                    [
                        1.0,
                        0.0,
                        0.6013365536690061,
                        -0.34265291381852236,
                        1.0566546874623324,
                        0.08183270347801352
                    ],
                    [
                        0.0,
                        1e-09,
                        0.0,
                        -5.96529573689459e-10,
                        8.976939505338984e-10,
                        -1.725230659572028e-09
                    ],
                    [
                        0.6013365536690061,
                        0.0,
                        1.3616056507785175,
                        0.7844965093291928,
                        1.2409116727103813,
                        0.2043866856548038
                    ],
                    [
                        -0.34265291381852236,
                        -5.96529573689459e-10,
                        0.7844965093291928,
                        2.098592856699507,
                        0.2377164574420987,
                        0.1256704625693396
                    ],
                    [
                        1.0566546874623324,
                        8.976939505338984e-10,
                        1.2409116727103813,
                        0.2377164574420987,
                        2.483157353255497,
                        -0.7892385243601071
                    ],
                    [
                        0.08183270347801352,
                        -1.725230659572028e-09,
                        0.2043866856548038,
                        0.1256704625693396,
                        -0.7892385243601071,
                        1.9710337977840238
                    ]
                ],
                "mui": [
                    0.0,
                    1.0,
                    0.0,
                    -0.5965295736894589,
                    0.8976939505338983,
                    -1.725230659572028
                ],
                "Ai": [
                    [
                        0.0,
                        0.0,
                        0.0,
                        0.0,
                        0.0,
                        0.0
                    ],
                    [
                        0.0,
                        0.0,
                        0.0,
                        0.0,
                        0.0,
                        0.0
                    ],
                    [
                        0.6013365536690061,
                        0.0,
                        0.0,
                        0.0,
                        0.0,
                        0.0
                    ],
                    [
                        -0.9383045709964064,
                        -0.5965295736894589,
                        0.990546231629466,
                        0.0,
                        0.0,
                        0.0
                    ],
                    [
                        0.6925414446950178,
                        0.8976939505338983,
                        0.6055065845335816,
                        0.0,
                        0.0,
                        0.0
                    ],
                    [
                        0.6600543416522919,
                        -0.8547650722928853,
                        0.7423183788568195,
                        -0.0,
                        -0.9696685454563195,
                        0.0
                    ]
                ]
            },
            "est_params": {
                "mui": [
                    0.031072530029962204,
                    0.9999970650128727,
                    0.04182242000482959,
                    -0.6236120860195004,
                    0.9229597851939344,
                    -1.666743627158238
                ],
                "Si": [
                    [
                        0.9575018569584874,
                        3.331827940545132e-06,
                        0.5362690088623028,
                        -0.3396201504719183,
                        1.0465651918465009,
                        0.04905753299750094
                    ],
                    [
                        3.3318279405451323e-06,
                        1.0123057748226206e-06,
                        -2.901685050624064e-06,
                        -4.495918778997674e-06,
                        1.1268163737345459e-06,
                        2.3214906181968385e-07
                    ],
                    [
                        0.5362690088623028,
                        -2.901685050624064e-06,
                        1.2910611271982582,
                        0.7781956890525288,
                        1.2651322551196313,
                        0.09010173897820678
                    ],
                    [
                        -0.33962015047191824,
                        -4.495918778997675e-06,
                        0.7781956890525288,
                        2.042351732515633,
                        0.2936455926572294,
                        0.01934123338068443
                    ],
                    [
                        1.0465651918465009,
                        1.1268163737345454e-06,
                        1.2651322551196311,
                        0.2936455926572294,
                        2.660348965974368,
                        -0.8920763258434498
                    ],
                    [
                        0.04905753299750093,
                        2.3214906181968422e-07,
                        0.09010173897820678,
                        0.019341233380684414,
                        -0.8920763258434498,
                        1.9750603114331666
                    ]
                ]
            },
            "est_tgt": [
                1
            ],
            "oracle_est_tgt": [
                1
            ]
        },
        "2": {
            "intv_type": "do",
            "inode": 2,
            "new_mui": 1.0,
            "new_vari": null,
            "noise_type": "gaussian",
            "obs_noise_gamma_shape": null,
            "true_params": {
                "Si": [
                    [
                        1.0,
                        0.0,
                        0.0,
                        -0.9383045709964064,
                        0.6925414446950178,
                        -0.011481313693344153
                    ],
                    [
                        0.0,
                        1.0,
                        0.0,
                        -0.5965295736894589,
                        0.8976939505338983,
                        -1.725230659572028
                    ],
                    [
                        0.0,
                        0.0,
                        1e-09,
                        9.90546231629466e-10,
                        6.055065845335817e-10,
                        1.5517768976791747e-10
                    ],
                    [
                        -0.9383045709964064,
                        -0.5965295736894589,
                        9.90546231629466e-10,
                        2.2362630012200597,
                        -1.1853157921776005,
                        1.039924079143705
                    ],
                    [
                        0.6925414446950178,
                        0.8976939505338983,
                        6.055065845335817e-10,
                        -1.1853157921776005,
                        2.2854680818120574,
                        -2.5263489573079605
                    ],
                    [
                        -0.011481313693344153,
                        -1.725230659572028,
                        1.5517768976791747e-10,
                        1.039924079143705,
                        -2.5263489573079605,
                        4.9168097373629145
                    ]
                ],
                "mui": [
                    0.0,
                    0.0,
                    1.0,
                    0.990546231629466,
                    0.6055065845335816,
                    0.15517768976791746
                ],
                "Ai": [
                    [
                        0.0,
                        0.0,
                        0.0,
                        0.0,
                        0.0,
                        0.0
                    ],
                    [
                        0.0,
                        0.0,
                        0.0,
                        0.0,
                        0.0,
                        0.0
                    ],
                    [
                        0.0,
                        0.0,
                        0.0,
                        0.0,
                        0.0,
                        0.0
                    ],
                    [
                        -0.9383045709964064,
                        -0.5965295736894589,
                        0.990546231629466,
                        0.0,
                        0.0,
                        0.0
                    ],
                    [
                        0.6925414446950178,
                        0.8976939505338983,
                        0.6055065845335816,
                        0.0,
                        0.0,
                        0.0
                    ],
                    [
                        0.6600543416522919,
                        -0.8547650722928853,
                        0.7423183788568195,
                        -0.0,
                        -0.9696685454563195,
                        0.0
                    ]
                ]
            },
            "est_params": {
                "mui": [
                    -0.03893771169163166,
                    0.015398444937610393,
                    0.9999991403376237,
                    0.9779885392942191,
                    0.6002393593911488,
                    0.05754960202406218
                ],
                "Si": [
                    [
                        0.9886657790771366,
                        0.029202829489223484,
                        -2.2704916142585348e-06,
                        -0.9750228453864346,
                        0.7271224846480171,
                        -0.08497813226995557
                    ],
                    [
                        0.029202829489223484,
                        0.8918456018150658,
                        -1.9705105320851566e-06,
                        -0.5325683212520496,
                        0.824348176020384,
                        -1.5285537641859808
                    ],
                    [
                        -2.2704916142585348e-06,
                        -1.9705105320851566e-06,
                        1.0040515657621927e-06,
                        5.355443225123622e-06,
                        -3.2378187348699127e-06,
                        2.5413241304872436e-06
                    ],
                    [
                        -0.9750228453864346,
                        -0.5325683212520496,
                        5.35544322512362e-06,
                        2.2803603141050037,
                        -1.1894974365790192,
                        0.9514448340961321
                    ],
                    [
                        0.727122484648017,
                        0.824348176020384,
                        -3.237818734869912e-06,
                        -1.1894974365790192,
                        2.2341303206589798,
                        -2.373328252145008
                    ],
                    [
                        -0.08497813226995557,
                        -1.5285537641859808,
                        2.5413241304872436e-06,
                        0.9514448340961321,
                        -2.373328252145008,
                        4.496491645106364
                    ]
                ]
            },
            "est_tgt": [
                2
            ],
            "oracle_est_tgt": [
                2
            ]
        },
        "3": {
            "intv_type": "do",
            "inode": 3,
            "new_mui": 1.0,
            "new_vari": null,
            "noise_type": "gaussian",
            "obs_noise_gamma_shape": null,
            "true_params": {
                "Si": [
                    [
                        1.0,
                        0.0,
                        0.6013365536690061,
                        0.0,
                        1.0566546874623324,
                        0.08183270347801352
                    ],
                    [
                        0.0,
                        1.0,
                        0.0,
                        0.0,
                        0.8976939505338983,
                        -1.725230659572028
                    ],
                    [
                        0.6013365536690061,
                        0.0,
                        1.3616056507785175,
                        0.0,
                        1.2409116727103813,
                        0.2043866856548038
                    ],
                    [
                        0.0,
                        0.0,
                        0.0,
                        1e-09,
                        0.0,
                        0.0
                    ],
                    [
                        1.0566546874623324,
                        0.8976939505338983,
                        1.2409116727103813,
                        0.0,
                        3.2890117812748,
                        -2.3379676491847947
                    ],
                    [
                        0.08183270347801352,
                        -1.725230659572028,
                        0.2043866856548038,
                        0.0,
                        -2.3379676491847947,
                        4.947454623534938
                    ]
                ],
                "mui": [
                    0.0,
                    0.0,
                    0.0,
                    1.0,
                    0.0,
                    0.0
                ],
                "Ai": [
                    [
                        0.0,
                        0.0,
                        0.0,
                        0.0,
                        0.0,
                        0.0
                    ],
                    [
                        0.0,
                        0.0,
                        0.0,
                        0.0,
                        0.0,
                        0.0
                    ],
                    [
                        0.6013365536690061,
                        0.0,
                        0.0,
                        0.0,
                        0.0,
                        0.0
                    ],
                    [
                        0.0,
                        0.0,
                        0.0,
                        0.0,
                        0.0,
                        0.0
                    ],
                    [
                        0.6925414446950178,
                        0.8976939505338983,
                        0.6055065845335816,
                        0.0,
                        0.0,
                        0.0
                    ],
                    [
                        0.6600543416522919,
                        -0.8547650722928853,
                        0.7423183788568195,
                        -0.0,
                        -0.9696685454563195,
                        0.0
                    ]
                ]
            },
            "est_params": {
                "mui": [
                    -0.003198507531261243,
                    -7.764494409434901e-05,
                    -0.012165349175393926,
                    0.9999996238304069,
                    0.027386581448519794,
                    -0.026591576379181078
                ],
                "Si": [
                    [
                        1.0302460382668925,
                        -0.03513773200968151,
                        0.6311594682137713,
                        -5.462641062584773e-06,
                        1.027134417476353,
                        0.18246038767040787
                    ],
                    [
                        -0.035137732009681504,
                        0.965848269660753,
                        -0.018200925316797747,
                        2.5325000145982697e-06,
                        0.8452463494709398,
                        -1.6467687251889076
                    ],
                    [
                        0.6311594682137713,
                        -0.01820092531679775,
                        1.3596622847790913,
                        -6.014247479246933e-06,
                        1.2225030569810982,
                        0.30589817212862447
                    ],
                    [
                        -5.462641062584773e-06,
                        2.5325000145982697e-06,
                        -6.014247479246933e-06,
                        1.0184564008992903e-06,
                        -4.989413506553627e-06,
                        -5.560190240846541e-06
                    ],
                    [
                        1.027134417476353,
                        0.8452463494709398,
                        1.2225030569810982,
                        -4.989413506553629e-06,
                        3.287346458145523,
                        -2.206555715666979
                    ],
                    [
                        0.1824603876704078,
                        -1.6467687251889078,
                        0.30589817212862447,
                        -5.560190240846542e-06,
                        -2.2065557156669793,
                        4.791720090101331
                    ]
                ]
            },
            "est_tgt": [
                3
            ],
            "oracle_est_tgt": [
                3
            ]
        },
        "4": {
            "intv_type": "do",
            "inode": 4,
            "new_mui": 1.0,
            "new_vari": null,
            "noise_type": "gaussian",
            "obs_noise_gamma_shape": null,
            "true_params": {
                "Si": [
                    [
                        1.0,
                        0.0,
                        0.6013365536690061,
                        -0.34265291381852236,
                        0.0,
                        1.1064375173192154
                    ],
                    [
                        0.0,
                        1.0,
                        0.0,
                        -0.5965295736894589,
                        0.0,
                        -0.8547650722928853
                    ],
                    [
                        0.6013365536690061,
                        0.0,
                        1.3616056507785175,
                        0.7844965093291928,
                        0.0,
                        1.4076597023716477
                    ],
                    [
                        -0.34265291381852236,
                        -0.5965295736894589,
                        0.7844965093291928,
                        2.454440388629787,
                        0.0,
                        0.8660692777578702
                    ],
                    [
                        0.0,
                        0.0,
                        0.0,
                        0.0,
                        1e-09,
                        -9.696685454563196e-10
                    ],
                    [
                        1.1064375173192154,
                        -0.8547650722928853,
                        1.4076597023716477,
                        0.8660692777578702,
                        -9.696685454563196e-10,
                        3.505863885072244
                    ]
                ],
                "mui": [
                    0.0,
                    0.0,
                    0.0,
                    0.0,
                    1.0,
                    -0.9696685454563195
                ],
                "Ai": [
                    [
                        0.0,
                        0.0,
                        0.0,
                        0.0,
                        0.0,
                        0.0
                    ],
                    [
                        0.0,
                        0.0,
                        0.0,
                        0.0,
                        0.0,
                        0.0
                    ],
                    [
                        0.6013365536690061,
                        0.0,
                        0.0,
                        0.0,
                        0.0,
                        0.0
                    ],
                    [
                        -0.9383045709964064,
                        -0.5965295736894589,
                        0.990546231629466,
                        0.0,
                        0.0,
                        0.0
                    ],
                    [
                        0.0,
                        0.0,
                        0.0,
                        0.0,
                        0.0,
                        0.0
                    ],
                    [
                        0.6600543416522919,
                        -0.8547650722928853,
                        0.7423183788568195,
                        -0.0,
                        -0.9696685454563195,
                        0.0
                    ]
                ]
            },
            "est_params": {
                "mui": [
                    -0.04873800459108712,
                    -0.01610632585156732,
                    -0.06133368373466147,
                    -0.025123401008504073,
                    0.9999989415512462,
                    -1.0267635955889733
                ],
                "Si": [
                    [
                        0.9880643147345224,
                        0.037680131476450475,
                        0.5443315210072027,
                        -0.4114630098487019,
                        -9.51763349007688e-07,
                        0.9869676960062767
                    ],
                    [
                        0.03768013147645047,
                        1.0140356862503275,
                        0.045661042085067424,
                        -0.570350262158762,
                        2.896982403354083e-07,
                        -0.8168856277661178
                    ],
                    [
                        0.5443315210072027,
                        0.04566104208506743,
                        1.251652290401273,
                        0.7055492674275954,
                        1.3740319542170183e-06,
                        1.276921563256273
                    ],
                    [
                        -0.4114630098487019,
                        -0.570350262158762,
                        0.7055492674275954,
                        2.5260361423194064,
                        3.370273944694943e-06,
                        0.8132305797025551
                    ],
                    [
                        -9.517633490076875e-07,
                        2.8969824033540803e-07,
                        1.3740319542170183e-06,
                        3.370273944694943e-06,
                        1.0106731563599127e-06,
                        2.162671913891427e-06
                    ],
                    [
                        0.9869676960062767,
                        -0.8168856277661178,
                        1.276921563256273,
                        0.8132305797025551,
                        2.1626719138914274e-06,
                        3.29362864029892
                    ]
                ]
            },
            "est_tgt": [
                4,
                5
            ],
            "oracle_est_tgt": [
                4,
                5
            ]
        },
        "5": {
            "intv_type": "do",
            "inode": 5,
            "new_mui": 1.0,
            "new_vari": null,
            "noise_type": "gaussian",
            "obs_noise_gamma_shape": null,
            "true_params": {
                "Si": [
                    [
                        1.0,
                        0.0,
                        0.6013365536690061,
                        -0.34265291381852236,
                        1.0566546874623324,
                        0.0
                    ],
                    [
                        0.0,
                        1.0,
                        0.0,
                        -0.5965295736894589,
                        0.8976939505338983,
                        0.0
                    ],
                    [
                        0.6013365536690061,
                        0.0,
                        1.3616056507785175,
                        0.7844965093291928,
                        1.2409116727103813,
                        0.0
                    ],
                    [
                        -0.34265291381852236,
                        -0.5965295736894589,
                        0.7844965093291928,
                        2.454440388629787,
                        -0.2977845316379929,
                        0.0
                    ],
                    [
                        1.0566546874623324,
                        0.8976939505338983,
                        1.2409116727103813,
                        -0.2977845316379929,
                        3.2890117812748,
                        0.0
                    ],
                    [
                        0.0,
                        0.0,
                        0.0,
                        0.0,
                        0.0,
                        1e-09
                    ]
                ],
                "mui": [
                    0.0,
                    0.0,
                    0.0,
                    0.0,
                    0.0,
                    1.0
                ],
                "Ai": [
                    [
                        0.0,
                        0.0,
                        0.0,
                        0.0,
                        0.0,
                        0.0
                    ],
                    [
                        0.0,
                        0.0,
                        0.0,
                        0.0,
                        0.0,
                        0.0
                    ],
                    [
                        0.6013365536690061,
                        0.0,
                        0.0,
                        0.0,
                        0.0,
                        0.0
                    ],
                    [
                        -0.9383045709964064,
                        -0.5965295736894589,
                        0.990546231629466,
                        0.0,
                        0.0,
                        0.0
                    ],
                    [
                        0.6925414446950178,
                        0.8976939505338983,
                        0.6055065845335816,
                        0.0,
                        0.0,
                        0.0
                    ],
                    [
                        0.0,
                        0.0,
                        0.0,
                        0.0,
                        0.0,
                        0.0
                    ]
                ]
            },
            "est_params": {
                "mui": [
                    -0.047438274919241886,
                    0.011986802806214888,
                    -0.02896559940995596,
                    0.011327332213776712,
                    -0.03255745791744848,
                    1.0000001214598198
                ],
                "Si": [
                    [
                        1.0385459750991626,
                        -0.000735889225403782,
                        0.5679062534756149,
                        -0.42821521153493686,
                        1.0835138334531889,
                        1.4842738957582118e-06
                    ],
                    [
                        -0.0007358892254037761,
                        0.9524374590067989,
                        0.004342510172004731,
                        -0.5545323609816206,
                        0.8624875686922393,
                        -1.1204525690110022e-06
                    ],
                    [
                        0.5679062534756147,
                        0.004342510172004737,
                        1.380411538845573,
                        0.8305807869496409,
                        1.2674052469984518,
                        -1.8673602061452134e-06
                    ],
                    [
                        -0.42821521153493686,
                        -0.5545323609816206,
                        0.830580786949641,
                        2.5132729728909973,
                        -0.30295998976323707,
                        -2.5032379700443933e-06
                    ],
                    [
                        1.0835138334531889,
                        0.8624875686922393,
                        1.2674052469984518,
                        -0.30295998976323707,
                        3.3495460442084704,
                        1.903724119002118e-06
                    ],
                    [
                        1.4842738957582118e-06,
                        -1.1204525690110022e-06,
                        -1.8673602061452134e-06,
                        -2.5032379700443937e-06,
                        1.9037241190021174e-06,
                        1.0056964705189924e-06
                    ]
                ]
            },
            "est_tgt": [
                4,
                5
            ],
            "oracle_est_tgt": [
                4,
                5
            ]
        },
        "obs": {
            "intv_type": "obs",
            "noise_type": "gaussian",
            "obs_noise_gamma_shape": null,
            "true_params": {
                "Si": [
                    [
                        1.0,
                        0.0,
                        0.6013365536690061,
                        -0.34265291381852236,
                        1.0566546874623324,
                        0.08183270347801352
                    ],
                    [
                        0.0,
                        1.0,
                        0.0,
                        -0.5965295736894589,
                        0.8976939505338983,
                        -1.725230659572028
                    ],
                    [
                        0.6013365536690061,
                        0.0,
                        1.3616056507785175,
                        0.7844965093291928,
                        1.2409116727103813,
                        0.2043866856548038
                    ],
                    [
                        -0.34265291381852236,
                        -0.5965295736894589,
                        0.7844965093291928,
                        2.454440388629787,
                        -0.2977845316379929,
                        1.1548215714106744
                    ],
                    [
                        1.0566546874623324,
                        0.8976939505338983,
                        1.2409116727103813,
                        -0.2977845316379929,
                        3.2890117812748,
                        -2.3379676491847947
                    ],
                    [
                        0.08183270347801352,
                        -1.725230659572028,
                        0.2043866856548038,
                        1.1548215714106744,
                        -2.3379676491847947,
                        4.947454623534938
                    ]
                ],
                "mui": [
                    0.0,
                    0.0,
                    0.0,
                    0.0,
                    0.0,
                    0.0
                ],
                "Ai": [
                    [
                        0.0,
                        0.0,
                        0.0,
                        0.0,
                        0.0,
                        0.0
