{
    "expt_args": {
        "save_dir": "all_expt_logs/expt_logs_sim_compsel_backward_cameraready_cutoff_var",
        "exp_name": "180",
        "num_nodes": 6,
        "num_tgt_prior": 7,
        "obs_noise_mean": 0.0,
        "obs_noise_var": 1.0,
        "obs_noise_gamma_shape": null,
        "noise_type": "gaussian",
        "max_edge_strength": 1.0,
        "graph_sparsity_method": "adj_dense_prop",
        "adj_dense_prop": 0.8,
        "num_parents": null,
        "new_noise_mean": 1.0,
        "mix_samples": 32768,
        "stage2_samples": 32768,
        "gmm_tol": 0.001,
        "intv_type": "do",
        "new_noise_var": null,
        "dtype": "simulation",
        "cutoff_drop_ratio": 0.01,
        "intv_targets": [
            1,
            5,
            2
        ]
    },
    "intv_args_dict": {
        "1": {
            "intv_type": "do",
            "inode": 1,
            "new_mui": 1.0,
            "new_vari": null,
            "noise_type": "gaussian",
            "obs_noise_gamma_shape": null,
            "true_params": {
                "Si": [
                    [
                        1.0,
                        0.0,
                        0.7619001803412392,
                        1.1733637024803074,
                        -2.113514413821139,
                        -0.6959989602101496
                    ],
                    [
                        0.0,
                        1e-09,
                        -5.240617637320005e-10,
                        4.780696074765723e-10,
                        4.518740823582268e-10,
                        -1.2004061189633658e-09
                    ],
                    [
                        0.7619001803412392,
                        -5.240617637320005e-10,
                        1.5804918850786536,
                        1.666588422331131,
                        -2.352278659338804,
                        -0.8799235215212264
                    ],
                    [
                        1.1733637024803074,
                        4.780696074765723e-10,
                        1.666588422331131,
                        2.9736968563704567,
                        -4.013565301610553,
                        -2.3233534972278633
                    ],
                    [
                        -2.113514413821139,
                        4.518740823582268e-10,
                        -2.352278659338804,
                        -4.013565301610553,
                        6.939823896692373,
                        3.5452493844571484
                    ],
                    [
                        -0.6959989602101496,
                        -1.2004061189633658e-09,
                        -0.8799235215212264,
                        -2.3233534972278633,
                        3.5452493844571484,
                        3.529182943924629
                    ]
                ],
                "mui": [
                    0.0,
                    1.0,
                    -0.5240617637320005,
                    0.47806960747657234,
                    0.45187408235822674,
                    -1.2004061189633657
                ],
                "Ai": [
                    [
                        0.0,
                        0.0,
                        0.0,
                        0.0,
                        0.0,
                        0.0
                    ],
                    [
                        0.0,
                        0.0,
                        0.0,
                        0.0,
                        0.0,
                        0.0
                    ],
                    [
                        0.7619001803412392,
                        -0.5240617637320005,
                        0.0,
                        0.0,
                        0.0,
                        0.0
                    ],
                    [
                        0.5847177899741213,
                        0.8829609870578976,
                        0.7726024060560585,
                        0.0,
                        0.0,
                        0.0
                    ],
                    [
                        -0.986639764967486,
                        0.9110024156397036,
                        -0.0,
                        -0.9603796729621142,
                        0.0,
                        0.0
                    ],
                    [
                        0.9122990023541024,
                        -0.8632303578551943,
                        0.6057270502548259,
                        -0.6341635868179518,
                        0.6272476631882848,
                        0.0
                    ]
                ]
            },
            "est_params": {
                "mui": [
                    -0.006447560088823731,
                    0.9999989345312846,
                    -0.5222322511720835,
                    0.47621352774552683,
                    0.4449660944475445,
                    -1.2076114915818579
                ],
                "Si": [
                    [
                        0.9611004463288884,
                        1.2507855877648198e-06,
                        0.7371019989246179,
                        1.1375428533104988,
                        -2.060736262110427,
                        -0.6845279804787024
                    ],
                    [
                        1.2507855877648198e-06,
                        1.0076217497761925e-06,
                        1.8992099623258202e-06,
                        3.2574131996951634e-06,
                        -3.988515449836943e-06,
                        -1.4889401330772763e-06
                    ],
                    [
                        0.7371019989246179,
                        1.8992099623258202e-06,
                        1.571658841414777,
                        1.6448191877928493,
                        -2.321919269854771,
                        -0.8834802086174104
                    ],
                    [
                        1.1375428533104988,
                        3.257413199695163e-06,
                        1.6448191877928493,
                        2.9328288733062338,
                        -3.966692655120644,
                        -2.2965181236378824
                    ],
                    [
                        -2.060736262110427,
                        -3.988515449836943e-06,
                        -2.3219192698547713,
                        -3.966692655120645,
                        6.859424739277984,
                        3.5022482255778793
                    ],
                    [
                        -0.6845279804787024,
                        -1.4889401330772768e-06,
                        -0.8834802086174103,
                        -2.296518123637883,
                        3.5022482255778793,
                        3.4607968009209404
                    ]
                ]
            },
            "est_tgt": [
                1
            ],
            "oracle_est_tgt": [
                1
            ]
        },
        "5": {
            "intv_type": "do",
            "inode": 5,
            "new_mui": 1.0,
            "new_vari": null,
            "noise_type": "gaussian",
            "obs_noise_gamma_shape": null,
            "true_params": {
                "Si": [
                    [
                        1.0,
                        -0.65283944069445,
                        1.1040283690653854,
                        0.8612610073222868,
                        -2.4085156370122016,
                        0.0
                    ],
                    [
                        -0.65283944069445,
                        1.4261993353262423,
                        -1.2448150267034526,
                        -0.084195546835648,
                        2.0242480837291095,
                        0.0
                    ],
                    [
                        1.1040283690653854,
                        -1.2448150267034526,
                        2.49351937190707,
                        1.472920989628856,
                        -3.6378711652423505,
                        0.0
                    ],
                    [
                        0.8612610073222868,
                        -0.084195546835648,
                        1.472920989628856,
                        2.567235550170215,
                        -3.3919775424826866,
                        0.0
                    ],
                    [
                        -2.4085156370122016,
                        2.0242480837291095,
                        -3.6378711652423505,
                        -3.3919775424826866,
                        8.478018479097852,
                        0.0
                    ],
                    [
                        0.0,
                        0.0,
                        0.0,
                        0.0,
                        0.0,
                        1e-09
                    ]
                ],
                "mui": [
                    0.0,
                    0.0,
                    0.0,
                    0.0,
                    0.0,
                    1.0
                ],
                "Ai": [
                    [
                        0.0,
                        0.0,
                        0.0,
                        0.0,
                        0.0,
                        0.0
                    ],
                    [
                        -0.65283944069445,
                        0.0,
                        0.0,
                        0.0,
                        0.0,
                        0.0
                    ],
                    [
                        0.7619001803412392,
                        -0.5240617637320005,
                        0.0,
                        0.0,
                        0.0,
                        0.0
                    ],
                    [
                        0.5847177899741213,
                        0.8829609870578976,
                        0.7726024060560585,
                        0.0,
                        0.0,
                        0.0
                    ],
                    [
                        -0.986639764967486,
                        0.9110024156397036,
                        -0.0,
                        -0.9603796729621142,
                        0.0,
                        0.0
                    ],
                    [
                        0.0,
                        0.0,
                        0.0,
                        0.0,
                        0.0,
                        0.0
                    ]
                ]
            },
            "est_params": {
                "mui": [
                    0.021382350877203284,
                    -0.01709090685974337,
                    0.039561241509247676,
                    0.030386850838559916,
                    -0.05859238395786753,
                    0.9999999166184728
                ],
                "Si": [
                    [
                        0.9855472834439456,
                        -0.6344722876009448,
                        1.084098574965451,
                        0.8792827213005203,
                        -2.402838778410904,
                        -7.499004131923101e-07
                    ],
                    [
                        -0.6344722876009449,
                        1.4061791347732544,
                        -1.2346951968804174,
                        -0.08821732156159903,
                        2.0033676935650537,
                        -1.4401544104935578e-06
                    ],
                    [
                        1.084098574965451,
                        -1.2346951968804174,
                        2.4654391033145346,
                        1.4704463996697845,
                        -3.610199025988199,
                        2.0376403542835153e-06
                    ],
                    [
                        0.8792827213005203,
                        -0.088217321561599,
                        1.4704463996697845,
                        2.602677561684159,
                        -3.4517922821783955,
                        4.1575047623685596e-07
                    ],
                    [
                        -2.4028387784109047,
                        2.0033676935650537,
                        -3.6101990259881993,
                        -3.451792282178395,
                        8.528080867119119,
                        -1.184841559585781e-06
                    ],
                    [
                        -7.499004131923102e-07,
                        -1.4401544104935574e-06,
                        2.0376403542835153e-06,
                        4.1575047623685575e-07,
                        -1.1848415595857815e-06,
                        1.0094857069263214e-06
                    ]
                ]
            },
            "est_tgt": [
                5
            ],
            "oracle_est_tgt": [
                5
            ]
        },
        "2": {
            "intv_type": "do",
            "inode": 2,
            "new_mui": 1.0,
            "new_vari": null,
            "noise_type": "gaussian",
            "obs_noise_gamma_shape": null,
            "true_params": {
                "Si": [
                    [
                        1.0,
                        -0.65283944069445,
                        0.0,
                        0.00828603302822395,
                        -1.5893358101548019,
                        0.473687953000028
                    ],
                    [
                        -0.65283944069445,
                        1.4261993353262423,
                        0.0,
                        0.8775515378901761,
                        1.1006057330278558,
                        -1.6928821898021615
                    ],
                    [
                        0.0,
                        0.0,
                        1e-09,
                        7.726024060560586e-10,
                        -7.419916460578601e-10,
                        -3.496417888488855e-10
                    ],
                    [
                        0.00828603302822395,
                        0.8775515378901761,
                        7.726024060560586e-10,
                        1.7796887636065162,
                        -0.9179006715799677,
                        -2.454334648992011
                    ],
                    [
                        -1.5893358101548019,
                        1.1006057330278558,
                        -7.419916460578601e-10,
                        -0.9179006715799677,
                        4.4522895384245,
                        0.9747616358077404
                    ],
                    [
                        0.473687953000028,
                        -1.6928821898021615,
                        -3.496417888488855e-10,
                        -2.454334648992011,
                        0.9747616358077404,
                        5.061358967729247
                    ]
                ],
                "mui": [
                    0.0,
                    0.0,
                    1.0,
                    0.7726024060560585,
                    -0.74199164605786,
                    -0.34964178884888547
                ],
                "Ai": [
                    [
                        0.0,
                        0.0,
                        0.0,
                        0.0,
                        0.0,
                        0.0
                    ],
                    [
                        -0.65283944069445,
                        0.0,
                        0.0,
                        0.0,
                        0.0,
                        0.0
                    ],
                    [
                        0.0,
                        0.0,
                        0.0,
                        0.0,
                        0.0,
                        0.0
                    ],
                    [
                        0.5847177899741213,
                        0.8829609870578976,
                        0.7726024060560585,
                        0.0,
                        0.0,
                        0.0
                    ],
                    [
                        -0.986639764967486,
                        0.9110024156397036,
                        -0.0,
                        -0.9603796729621142,
                        0.0,
                        0.0
                    ],
                    [
                        0.9122990023541024,
                        -0.8632303578551943,
                        0.6057270502548259,
                        -0.6341635868179518,
                        0.6272476631882848,
                        0.0
                    ]
                ]
            },
            "est_params": {
                "mui": [
                    -0.006626763732206651,
                    -0.010292752952318704,
                    0.9999986756424478,
                    0.7639691571136414,
                    -0.7448195166444074,
                    -0.35328074177956115
                ],
                "Si": [
                    [
                        1.004378962040486,
                        -0.6588125310638009,
                        -1.157852303883821e-06,
                        0.013525974713458717,
                        -1.6007405784386735,
                        0.45148584928713065
                    ],
                    [
                        -0.6588125310638009,
                        1.4294530046100464,
                        -3.6964238310621034e-07,
                        0.8650184080058563,
                        1.124243092274523,
                        -1.6688174483733014
                    ],
                    [
                        -1.1578523038838207e-06,
                        -3.6964238310621034e-07,
                        1.0097682541287946e-06,
                        1.6689958245832624e-06,
                        -6.797250749667963e-07,
                        -2.1248811580915056e-06
                    ],
                    [
                        0.013525974713458715,
                        0.8650184080058563,
                        1.6689958245832624e-06,
                        1.7534923460053105,
                        -0.910801047661982,
                        -2.433220048045208
                    ],
                    [
                        -1.6007405784386735,
                        1.124243092274523,
                        -6.797250749667957e-07,
                        -0.910801047661982,
                        4.467742163988554,
                        0.9796102769285464
                    ],
                    [
                        0.4514858492871306,
                        -1.6688174483733014,
                        -2.124881158091506e-06,
                        -2.433220048045208,
                        0.9796102769285464,
                        5.00506654966812
                    ]
                ]
            },
            "est_tgt": [
                2
            ],
            "oracle_est_tgt": [
                2
            ]
        },
        "obs": {
            "intv_type": "obs",
            "noise_type": "gaussian",
            "obs_noise_gamma_shape": null,
            "true_params": {
                "Si": [
                    [
                        1.0,
                        -0.65283944069445,
                        1.1040283690653854,
                        0.8612610073222868,
                        -2.4085156370122016,
                        0.08767349910008915
                    ],
                    [
                        -0.65283944069445,
                        1.4261993353262423,
                        -1.2448150267034526,
                        -0.084195546835648,
                        2.0242480837291095,
                        -1.2576428370795933
                    ],
                    [
                        1.1040283690653854,
                        -1.2448150267034526,
                        2.49351937190707,
                        1.472920989628856,
                        -3.6378711652423505,
                        0.37623918927146854
                    ],
                    [
                        0.8612610073222868,
                        -0.084195546835648,
                        1.472920989628856,
                        2.567235550170215,
                        -3.3919775424826866,
                        -2.00506149573424
                    ],
                    [
                        -2.4085156370122016,
                        2.0242480837291095,
                        -3.6378711652423505,
                        -3.3919775424826866,
                        8.478018479097852,
                        1.3206501435929932
                    ],
                    [
                        0.08767349910008915,
                        -1.2576428370795933,
                        0.37623918927146854,
                        -2.00506149573424,
                        1.3206501435929932,
                        4.493429882759188
                    ]
                ],
                "mui": [
                    0.0,
                    0.0,
                    0.0,
                    0.0,
                    0.0,
                    0.0
                ],
                "Ai": [
                    [
                        0.0,
                        0.0,
                        0.0,
                        0.0,
                        0.0,
                        0.0
                    ],
                    [
                        -0.65283944069445,
                        0.0,
                        0.0,
                        0.0,
                        0.0,
                        0.0
                    ],
                    [
                        0.7619001803412392,
                        -0.5240617637320005,
                        0.0,
                        0.0,
                        0.0,
                        0.0
                    ],
                    [
                        0.5847177899741213,
                        0.8829609870578976,
                        0.7726024060560585,
                        0.0,
                        0.0,
                        0.0
                    ],
                    [
                        -0.986639764967486,
                        0.9110024156397036,
                        -0.0,
                        -0.9603796729621142,
                        0.0,
                        0.0
                    ],
                    [
                        0.9122990023541024,
                        -0.8632303578551943,
                        0.6057270502548259,
                        -0.6341635868179518,
                        0.6272476631882848,
                        0.0
                    ]
                ]
            },
            "est_params": {
                "mui": [
                    0.0012379046081677232,
                    0.005757863597692166,
                    0.00997829722621066,
                    0.009256173281322184,
                    0.01908757629987062,
                    -0.016135808548364466
                ],
                "Si": [
                    [
                        0.9731308585743645,
                        -0.6445450261276228,
                        1.0860557452463786,
                        0.8518547231820351,
                        -2.3723833442090365,
                        0.05494300210444371
                    ],
                    [
                        -0.6445450261276228,
                        1.442954115004975,
                        -1.2555078415565524,
                        -0.09359861197216263,
                        2.0394125030925707,
                        -1.2471431208494788
                    ],
                    [
                        1.0860557452463786,
                        -1.2555078415565524,
                        2.500926435105756,
                        1.4785313133647036,
                        -3.6556724233457305,
                        0.34787029095044675
                    ],
                    [
                        0.8518547231820351,
                        -0.09359861197216263,
                        1.4785313133647036,
                        2.5621893075290116,
                        -3.4077142478222133,
                        -2.0137353178671678
                    ],
                    [
                        -2.3723833442090365,
                        2.0394125030925707,
                        -3.6556724233457305,
                        -3.4077142478222133,
                        8.50116307015547,
                        1.39634443398757
                    ],
                    [
                        0.05494300210444371,
                        -1.2471431208494788,
                        0.34787029095044675,
                        -2.0137353178671678,
                        1.39634443398757,
                        4.517072370018894
                    ]
                ]
            },
            "est_tgt": [
                0,
                1,
                2,
                3,
                4,
                5
            ],
            "oracle_est_tgt": [
                0,
                1,
                2,
                3,
                4,
                5
            ]
        }
    },
    "metric_dict": {
        "param_est_rel_err": 2.7277503680369564,
        "est_num_comp": 4,
        "weight_precision_error": 0.001635041387407915,
        "gm_score_dict": {
            "1": -8.851415884396612,
            "2": -7.27912032284801,
            "3": -5.793024513444625,
            "4": -4.326399724018046,
            "5": -4.326794829343486,
            "6": -4.326647696674703,
            "7": -4.326719231279435
        },
        "est_dag": {
            "amat": [
                [
                    0,
                    1,
                    1,
                    1,
                    1,
                    1
                ],
                [
                    0,
                    0,
                    1,
                    1,
                    1,
                    1
                ],
                [
                    0,
                    0,
                    0,
                    1,
                    0,
                    1
                ],
                [
                    0,
                    0,
                    0,
                    0,
                    1,
                    1
                ],
                [
                    0,
                    0,
                    0,
                    0,
                    0,
                    1
                ],
                [
                    0,
                    0,
                    0,
                    0,
                    0,
                    0
                ]
            ],
            "nodes": [
                0,
                1,
                2,
                3,
                4,
                5
            ]
        },
        "oracle_est_dag": {
            "amat": [
                [
                    0,
                    1,
                    1,
                    1,
                    1,
                    1
                ],
                [
                    0,
                    0,
                    1,
                    1,
                    1,
                    1
                ],
                [
                    0,
                    0,
                    0,
                    1,
                    0,
                    1
                ],
                [
                    0,
                    0,
                    0,
                    0,
                    1,
                    1
                ],
                [
                    0,
                    0,
                    0,
                    0,
                    0,
                    1
                ],
                [
                    0,
                    0,
                    0,
                    0,
                    0,
                    0
                ]
            ],
            "nodes": [
                0,
                1,
                2,
                3,
                4,
                5
            ]
        },
        "igsp_dag": null,
        "intv_base_est_dag": null,
        "act_dag": {
            "amat": [
                [
                    0,
                    1,
                    1,
                    1,
                    1,
                    1
                ],
                [
                    0,
                    0,
                    1,
                    1,
                    1,
                    1
                ],
                [
                    0,
                    0,
                    0,
                    1,
                    0,
                    1
                ],
                [
                    0,
                    0,
                    0,
                    0,
                    1,
                    1
                ],
                [
                    0,
                    0,
                    0,
                    0,
                    0,
                    1
                ],
                [
                    0,
                    0,
                    0,
                    0,
                    0,
                    0
                ]
            ],
            "nodes": [
                0,
                1,
                2,
                3,
                4,
                5
            ]
        },
        "shd": 0,
        "oracle_shd": 0,
        "intv_base_shd": null,
        "igsp_shd": null,
        "avg_js": 0.75,
        "avg_oracle_js": 0.75
    }
}