{
    "expt_args": {
        "save_dir": "all_expt_logs/expt_logs_sim_compsel_backward_cameraready_cutoff_var",
        "exp_name": "376",
        "num_nodes": 6,
        "num_tgt_prior": 7,
        "obs_noise_mean": 0.0,
        "obs_noise_var": 1.0,
        "obs_noise_gamma_shape": null,
        "noise_type": "gaussian",
        "max_edge_strength": 1.0,
        "graph_sparsity_method": "adj_dense_prop",
        "adj_dense_prop": 0.8,
        "num_parents": null,
        "new_noise_mean": 1.0,
        "mix_samples": 16384,
        "stage2_samples": 16384,
        "gmm_tol": 0.001,
        "intv_type": "do",
        "new_noise_var": null,
        "dtype": "simulation",
        "cutoff_drop_ratio": 0.04,
        "intv_targets": [
            1,
            2,
            3
        ]
    },
    "intv_args_dict": {
        "1": {
            "intv_type": "do",
            "inode": 1,
            "new_mui": 1.0,
            "new_vari": null,
            "noise_type": "gaussian",
            "obs_noise_gamma_shape": null,
            "true_params": {
                "Si": [
                    [
                        1.0,
                        0.0,
                        0.5643637577403513,
                        1.0039601245480343,
                        0.4563562704198724,
                        0.18230759502805255
                    ],
                    [
                        0.0,
                        1e-09,
                        -8.341926756137774e-10,
                        8.776764930823933e-11,
                        -7.094931031693458e-12,
                        -1.2847347263658928e-09
                    ],
                    [
                        0.5643637577403513,
                        -8.341926756137774e-10,
                        1.3185064517466873,
                        1.1243313507029482,
                        1.0661717345894135,
                        -0.19191391331045626
                    ],
                    [
                        1.0039601245480343,
                        8.776764930823933e-11,
                        1.1243313507029482,
                        2.3190016319378426,
                        0.9091577106410462,
                        -0.72143786578452
                    ],
                    [
                        0.4563562704198724,
                        -7.094931031693458e-12,
                        1.0661717345894135,
                        0.9091577106410462,
                        1.8621286355625424,
                        -0.9567593541237098
                    ],
                    [
                        0.18230759502805255,
                        -1.2847347263658928e-09,
                        -0.19191391331045626,
                        -0.72143786578452,
                        -0.9567593541237098,
                        2.310334012073319
                    ]
                ],
                "mui": [
                    0.0,
                    1.0,
                    -0.8341926756137774,
                    0.08776764930823933,
                    -0.007094931031693457,
                    -1.2847347263658926
                ],
                "Ai": [
                    [
                        0.0,
                        0.0,
                        0.0,
                        0.0,
                        0.0,
                        0.0
                    ],
                    [
                        0.0,
                        0.0,
                        0.0,
                        0.0,
                        0.0,
                        0.0
                    ],
                    [
                        0.5643637577403513,
                        -0.8341926756137774,
                        0.0,
                        0.0,
                        0.0,
                        0.0
                    ],
                    [
                        0.6891960347450372,
                        0.5530241344362243,
                        0.5577326422647637,
                        0.0,
                        0.0,
                        0.0
                    ],
                    [
                        -0.0,
                        0.6674506134570488,
                        0.8086207949409638,
                        -0.0,
                        0.0,
                        0.0
                    ],
                    [
                        0.8587203750948311,
                        -0.5863814640663402,
                        0.7661158103381038,
                        -0.7400468827132569,
                        -0.8015737721248805,
                        0.0
                    ]
                ]
            },
            "est_params": {
                "mui": [
                    -0.0023300002424456057,
                    1.0000008073251638,
                    -0.8182689026837622,
                    0.10894376139063373,
                    0.010872912776475325,
                    -1.3087646235771442
                ],
                "Si": [
                    [
                        1.0015899360925806,
                        2.392472215264301e-06,
                        0.572552722182235,
                        1.0011960243913287,
                        0.46247194389807045,
                        0.1840428863097022
                    ],
                    [
                        2.392472215264301e-06,
                        1.0131315643852425e-06,
                        1.9417156357209797e-06,
                        2.4011493610403133e-06,
                        1.7508066530991e-06,
                        5.761096860230233e-07
                    ],
                    [
                        0.572552722182235,
                        1.9417156357209792e-06,
                        1.3443025774784854,
                        1.1570029340523202,
                        1.0774387436607327,
                        -0.22348165461377134
                    ],
                    [
                        1.001196024391329,
                        2.4011493610403133e-06,
                        1.1570029340523202,
                        2.3252893864816118,
                        0.9172727760134325,
                        -0.7372750603810967
                    ],
                    [
                        0.4624719438980704,
                        1.7508066530990992e-06,
                        1.0774387436607327,
                        0.9172727760134325,
                        1.8645299379568663,
                        -0.9808526671555851
                    ],
                    [
                        0.1840428863097022,
                        5.761096860230237e-07,
                        -0.22348165461377134,
                        -0.7372750603810967,
                        -0.9808526671555851,
                        2.3586172285507567
                    ]
                ]
            },
            "est_tgt": [
                1
            ],
            "oracle_est_tgt": [
                1
            ]
        },
        "2": {
            "intv_type": "do",
            "inode": 2,
            "new_mui": 1.0,
            "new_vari": null,
            "noise_type": "gaussian",
            "obs_noise_gamma_shape": null,
            "true_params": {
                "Si": [
                    [
                        1.0,
                        0.9808004303923187,
                        0.0,
                        1.2316023438174255,
                        0.6546358489442906,
                        -1.1525852193263884
                    ],
                    [
                        0.9808004303923187,
                        1.9619694842577575,
                        0.0,
                        1.7609802433245436,
                        1.30951773585185,
                        -2.661112235936044
                    ],
                    [
                        0.0,
                        0.0,
                        1e-09,
                        5.577326422647637e-10,
                        8.086207949409639e-10,
                        -2.948017137768105e-10
                    ],
                    [
                        1.2316023438174255,
                        1.7609802433245436,
                        5.577326422647637e-10,
                        2.8226800268765766,
                        1.1753673441437038,
                        -3.0060633366593397
                    ],
                    [
                        0.6546358489442906,
                        1.30951773585185,
                        8.086207949409639e-10,
                        1.1753673441437038,
                        1.8740384167810706,
                        -2.577734766716835
                    ],
                    [
                        -1.1525852193263884,
                        -2.661112235936044,
                        -2.948017137768105e-10,
                        -3.0060633366593397,
                        -2.577734766716835,
                        5.86155085888648
                    ]
                ],
                "mui": [
                    0.0,
                    0.0,
                    1.0,
                    0.5577326422647637,
                    0.8086207949409638,
                    -0.29480171377681047
                ],
                "Ai": [
                    [
                        0.0,
                        0.0,
                        0.0,
                        0.0,
                        0.0,
                        0.0
                    ],
                    [
                        0.9808004303923187,
                        0.0,
                        0.0,
                        0.0,
                        0.0,
                        0.0
                    ],
                    [
                        0.0,
                        0.0,
                        0.0,
                        0.0,
                        0.0,
                        0.0
                    ],
                    [
                        0.6891960347450372,
                        0.5530241344362243,
                        0.5577326422647637,
                        0.0,
                        0.0,
                        0.0
                    ],
                    [
                        -0.0,
                        0.6674506134570488,
                        0.8086207949409638,
                        -0.0,
                        0.0,
                        0.0
                    ],
                    [
                        0.8587203750948311,
                        -0.5863814640663402,
                        0.7661158103381038,
                        -0.7400468827132569,
                        -0.8015737721248805,
                        0.0
                    ]
                ]
            },
            "est_params": {
                "mui": [
                    0.027154658431191515,
                    0.02254171767864368,
                    1.0000000347678633,
                    0.5811697468482668,
                    0.8141151454558919,
                    -0.27321679279645766
                ],
                "Si": [
                    [
                        1.0311773213205335,
                        0.9994590320807382,
                        3.535236143074633e-06,
                        1.2621457743715592,
                        0.6573105356850198,
                        -1.1619446696368143
                    ],
                    [
                        0.9994590320807382,
                        1.9730913896003133,
                        3.720668055918833e-06,
                        1.778864976551659,
                        1.3037225717175982,
                        -2.6519500659936357
                    ],
                    [
                        3.535236143074633e-06,
                        3.7206680559188326e-06,
                        1.0120259159272892e-06,
                        4.713179236787147e-06,
                        3.3232560064738335e-06,
                        -7.131475469018082e-06
                    ],
                    [
                        1.2621457743715592,
                        1.7788649765516595,
                        4.713179236787147e-06,
                        2.8591454391016082,
                        1.1891715110584598,
                        -3.003095726910532
                    ],
                    [
                        0.6573105356850198,
                        1.3037225717175982,
                        3.3232560064738335e-06,
                        1.1891715110584598,
                        1.837132882299293,
                        -2.533008756705746
                    ],
                    [
                        -1.1619446696368143,
                        -2.6519500659936357,
                        -7.131475469018082e-06,
                        -3.003095726910532,
                        -2.5330087567057467,
                        5.770348598213087
                    ]
                ]
            },
            "est_tgt": [
                2
            ],
            "oracle_est_tgt": [
                2
            ]
        },
        "3": {
            "intv_type": "do",
            "inode": 3,
            "new_mui": 1.0,
            "new_vari": null,
            "noise_type": "gaussian",
            "obs_noise_gamma_shape": null,
            "true_params": {
                "Si": [
                    [
                        1.0,
                        0.9808004303923187,
                        -0.25381277753176146,
                        0.0,
                        0.44939755901038364,
                        -0.2710780955280903
                    ],
                    [
                        0.9808004303923187,
                        1.9619694842577575,
                        -1.083132357055999,
                        0.0,
                        0.43367438826294824,
                        -1.485656063856141
                    ],
                    [
                        -0.25381277753176146,
                        -1.083132357055999,
                        1.7602983460860604,
                        0.0,
                        0.7004764917731683,
                        1.204283343835312
                    ],
                    [
                        0.0,
                        0.0,
                        0.0,
                        1e-09,
                        0.0,
                        -7.400468827132569e-10
                    ],
                    [
                        0.44939755901038364,
                        0.43367438826294824,
                        0.7004764917731683,
                        0.0,
                        1.855876094101792,
                        -0.819367268505574
                    ],
                    [
                        -0.2710780955280903,
                        -1.485656063856141,
                        1.204283343835312,
                        -7.400468827132569e-10,
                        -0.819367268505574,
                        3.2177847165095392
                    ]
                ],
                "mui": [
                    0.0,
                    0.0,
                    0.0,
                    1.0,
                    0.0,
                    -0.7400468827132569
                ],
                "Ai": [
                    [
                        0.0,
                        0.0,
                        0.0,
                        0.0,
                        0.0,
                        0.0
                    ],
                    [
                        0.9808004303923187,
                        0.0,
                        0.0,
                        0.0,
                        0.0,
                        0.0
                    ],
                    [
                        0.5643637577403513,
                        -0.8341926756137774,
                        0.0,
                        0.0,
                        0.0,
                        0.0
                    ],
                    [
                        0.0,
                        0.0,
                        0.0,
                        0.0,
                        0.0,
                        0.0
                    ],
                    [
                        -0.0,
                        0.6674506134570488,
                        0.8086207949409638,
                        -0.0,
                        0.0,
                        0.0
                    ],
                    [
                        0.8587203750948311,
                        -0.5863814640663402,
                        0.7661158103381038,
                        -0.7400468827132569,
                        -0.8015737721248805,
                        0.0
                    ]
                ]
            },
            "est_params": {
                "mui": [
                    -0.012379089273494919,
                    -0.0286157798483005,
                    0.032072742191857025,
                    0.9999996930324568,
                    0.005589599774537388,
                    -0.7246426518465413
                ],
                "Si": [
                    [
                        1.0046649891543102,
                        0.9477701436841774,
                        -0.22319870349618262,
                        3.6773370614546173e-07,
                        0.4654684709540089,
                        -0.24742953391434322
                    ],
                    [
                        0.9477701436841774,
                        1.9055733124346919,
                        -1.0642131115590132,
                        -1.1883388072011741e-06,
                        0.41850667261607327,
                        -1.4737959375814633
                    ],
                    [
                        -0.2231987034961826,
                        -1.0642131115590132,
                        1.747686771622824,
                        -3.836391874985013e-07,
                        0.7117567669240388,
                        1.204831426581649
                    ],
                    [
                        3.6773370614546173e-07,
                        -1.1883388072011743e-06,
                        -3.836391874985013e-07,
                        1.0051486798602412e-06,
                        -9.369944250716437e-07,
                        -6.601487593310864e-07
                    ],
                    [
                        0.4654684709540089,
                        0.4185066726160733,
                        0.7117567669240388,
                        -9.369944250716437e-07,
                        1.8573818981733354,
                        -0.8065203896836618
                    ],
                    [
                        -0.24742953391434322,
                        -1.4737959375814633,
                        1.2048314265816495,
                        -6.601487593310863e-07,
                        -0.8065203896836617,
                        3.2381277575645275
                    ]
                ]
            },
            "est_tgt": [
                3
            ],
            "oracle_est_tgt": [
                3
            ]
        },
        "obs": {
            "intv_type": "obs",
            "noise_type": "gaussian",
            "obs_noise_gamma_shape": null,
            "true_params": {
                "Si": [
                    [
                        1.0,
                        0.9808004303923187,
                        -0.25381277753176146,
                        1.0900426727640775,
                        0.44939755901038364,
                        -1.0777607775315727
                    ],
                    [
                        0.9808004303923187,
                        1.9619694842577575,
                        -1.083132357055999,
                        1.15688197190124,
                        0.43367438826294824,
                        -2.341802960828819
                    ],
                    [
                        -0.25381277753176146,
                        -1.083132357055999,
                        1.7602983460860604,
                        0.2078507536535964,
                        0.7004764917731683,
                        1.0504640415243671
                    ],
                    [
                        1.0900426727640775,
                        1.15688197190124,
                        0.2078507536535964,
                        2.506961888959383,
                        0.9402340234913324,
                        -2.1920308069407826
                    ],
                    [
                        0.44939755901038364,
                        0.43367438826294824,
                        0.7004764917731683,
                        0.9402340234913324,
                        1.855876094101792,
                        -1.5151845266112778
                    ],
                    [
                        -1.0777607775315727,
                        -2.341802960828819,
                        1.0504640415243671,
                        -2.1920308069407826,
                        -1.5151845266112778,
                        5.089209561933769
                    ]
                ],
                "mui": [
                    0.0,
                    0.0,
                    0.0,
                    0.0,
                    0.0,
                    0.0
                ],
                "Ai": [
                    [
                        0.0,
                        0.0,
                        0.0,
                        0.0,
                        0.0,
                        0.0
                    ],
                    [
                        0.9808004303923187,
                        0.0,
                        0.0,
                        0.0,
                        0.0,
                        0.0
                    ],
                    [
                        0.5643637577403513,
                        -0.8341926756137774,
                        0.0,
                        0.0,
                        0.0,
                        0.0
                    ],
                    [
                        0.6891960347450372,
                        0.5530241344362243,
                        0.5577326422647637,
                        0.0,
                        0.0,
                        0.0
                    ],
                    [
                        -0.0,
                        0.6674506134570488,
                        0.8086207949409638,
                        -0.0,
                        0.0,
                        0.0
                    ],
                    [
                        0.8587203750948311,
                        -0.5863814640663402,
                        0.7661158103381038,
                        -0.7400468827132569,
                        -0.8015737721248805,
                        0.0
                    ]
                ]
            },
            "est_params": {
                "mui": [
                    0.0002749419436431992,
                    0.011649185865565277,
                    0.019136783841507528,
                    0.022665904511365957,
                    0.006283138540993964,
                    -0.02214235076917995
                ],
                "Si": [
                    [
                        0.9932048699600804,
                        0.9777095528367368,
                        -0.25024140863305294,
                        1.0628405064240452,
                        0.4831761198365504,
                        -1.0636807449597037
                    ],
                    [
                        0.9777095528367368,
                        1.9706455654175543,
                        -1.0848623490969858,
                        1.148622894576574,
                        0.47085209203693534,
                        -2.3549252316703493
                    ],
                    [
                        -0.25024140863305294,
                        -1.0848623490969858,
                        1.7969131756178196,
                        0.2079082352411264,
                        0.7246495178277386,
                        1.0872206879884605
                    ],
                    [
                        1.0628405064240452,
                        1.148622894576574,
                        0.2079082352411264,
                        2.4699662674103253,
                        0.9800039537879338,
                        -2.1817490908356554
                    ],
                    [
                        0.4831761198365504,
                        0.47085209203693534,
                        0.7246495178277386,
                        0.9800039537879338,
                        1.9128354670503687,
                        -1.5364325157859058
                    ],
                    [
                        -1.0636807449597037,
                        -2.3549252316703493,
                        1.0872206879884605,
                        -2.1817490908356554,
                        -1.5364325157859058,
                        5.11275397340061
                    ]
                ]
            },
            "est_tgt": [
                0,
                1,
                2,
                3,
                4,
                5
            ],
            "oracle_est_tgt": [
                0,
                1,
                2,
                3,
                4,
                5
            ]
        }
    },
    "metric_dict": {
        "param_est_rel_err": 2.4067000592243786,
        "est_num_comp": 4,
        "weight_precision_error": 0.00196951121806202,
        "gm_score_dict": {
            "1": -8.706980208608808,
            "2": -7.309072688662688,
            "3": -5.876311285902987,
            "4": -4.346525350947129,
            "5": -4.346331944684529,
            "6": -4.346143558203364,
            "7": -4.345197410485077
        },
        "est_dag": {
            "amat": [
                [
                    0,
                    1,
                    1,
                    1,
                    0,
                    1
                ],
                [
                    0,
                    0,
                    1,
                    1,
                    1,
                    1
                ],
                [
                    0,
                    0,
                    0,
                    1,
                    1,
                    1
                ],
                [
                    0,
                    0,
                    0,
                    0,
                    0,
                    1
                ],
                [
                    0,
                    0,
                    0,
                    0,
                    0,
                    1
                ],
                [
                    0,
                    0,
                    0,
                    0,
                    0,
                    0
                ]
            ],
            "nodes": [
                0,
                1,
                2,
                3,
                4,
                5
            ]
        },
        "oracle_est_dag": {
            "amat": [
                [
                    0,
                    1,
                    1,
                    1,
                    0,
                    1
                ],
                [
                    0,
                    0,
                    1,
                    1,
                    1,
                    1
                ],
                [
                    0,
                    0,
                    0,
                    1,
                    1,
                    1
                ],
                [
                    0,
                    0,
                    0,
                    0,
                    0,
                    1
                ],
                [
                    0,
                    0,
                    0,
                    0,
                    0,
                    1
                ],
                [
                    0,
                    0,
                    0,
                    0,
                    0,
                    0
                ]
            ],
            "nodes": [
                0,
                1,
                2,
                3,
                4,
                5
            ]
        },
        "igsp_dag": null,
        "intv_base_est_dag": null,
        "act_dag": {
            "amat": [
                [
                    0,
                    1,
                    1,
                    1,
                    0,
                    1
                ],
                [
                    0,
                    0,
                    1,
                    1,
                    1,
                    1
                ],
                [
                    0,
                    0,
                    0,
                    1,
                    1,
                    1
                ],
                [
                    0,
                    0,
                    0,
                    0,
                    0,
                    1
                ],
                [
                    0,
                    0,
                    0,
                    0,
                    0,
                    1
                ],
                [
                    0,
                    0,
                    0,
                    0,
                    0,
                    0
                ]
            ],
            "nodes": [
                0,
                1,
                2,
                3,
                4,
                5
            ]
        },
        "shd": 0,
        "oracle_shd": 0,
        "intv_base_shd": null,
        "igsp_shd": null,
        "avg_js": 0.75,
        "avg_oracle_js": 0.75
    }
}