{
    "expt_args": {
        "save_dir": "all_expt_logs/expt_logs_sim_compsel_backward_cameraready_cutoff_var",
        "exp_name": "435",
        "num_nodes": 6,
        "num_tgt_prior": 7,
        "obs_noise_mean": 0.0,
        "obs_noise_var": 1.0,
        "obs_noise_gamma_shape": null,
        "noise_type": "gaussian",
        "max_edge_strength": 1.0,
        "graph_sparsity_method": "adj_dense_prop",
        "adj_dense_prop": 0.8,
        "num_parents": null,
        "new_noise_mean": 1.0,
        "mix_samples": 4096,
        "stage2_samples": 4096,
        "gmm_tol": 0.001,
        "intv_type": "do",
        "new_noise_var": null,
        "dtype": "simulation",
        "cutoff_drop_ratio": 0.01,
        "intv_targets": [
            0,
            3,
            2
        ]
    },
    "intv_args_dict": {
        "0": {
            "intv_type": "do",
            "inode": 0,
            "new_mui": 1.0,
            "new_vari": null,
            "noise_type": "gaussian",
            "obs_noise_gamma_shape": null,
            "true_params": {
                "Si": [
                    [
                        1e-09,
                        -7.712005153885014e-10,
                        1.1204881909828048e-09,
                        -1.7595135616730158e-09,
                        -3.679071818708925e-10,
                        -8.602269192010514e-10
                    ],
                    [
                        -7.712005153885014e-10,
                        1.0000000005947502,
                        -0.5409266576046162,
                        1.0479941779080852,
                        -0.6820422003336151,
                        -0.5797720694445067
                    ],
                    [
                        1.1204881909828048e-09,
                        -0.5409266576046162,
                        1.2926016492279433,
                        -1.1810162057324667,
                        0.368934806923635,
                        0.3136141665911158
                    ],
                    [
                        -1.7595135616730158e-09,
                        1.0479941779080852,
                        -1.1810162057324667,
                        2.4754452647790632,
                        -0.7147762537617698,
                        -0.6075977516865168
                    ],
                    [
                        -3.679071818708925e-10,
                        -0.6820422003336151,
                        0.368934806923635,
                        -0.7147762537617698,
                        1.4651815635583068,
                        1.2454820941528797
                    ],
                    [
                        -8.602269192010514e-10,
                        -0.5797720694445067,
                        0.3136141665911158,
                        -0.6075977516865168,
                        1.2454820941528797,
                        2.0587258848161767
                    ]
                ],
                "mui": [
                    1.0,
                    -0.7712005153885013,
                    1.1204881909828048,
                    -1.7595135616730158,
                    -0.36790718187089244,
                    -0.8602269192010514
                ],
                "Ai": [
                    [
                        0.0,
                        0.0,
                        0.0,
                        0.0,
                        0.0,
                        0.0
                    ],
                    [
                        -0.7712005153885013,
                        0.0,
                        0.0,
                        0.0,
                        0.0,
                        0.0
                    ],
                    [
                        0.7033252745171561,
                        -0.5409266567404951,
                        0.0,
                        0.0,
                        0.0,
                        0.0
                    ],
                    [
                        -0.5193680153915761,
                        0.7157958530187802,
                        -0.614128217555632,
                        0.0,
                        0.0,
                        0.0
                    ],
                    [
                        -0.8938984785036967,
                        -0.6820422006173453,
                        0.0,
                        0.0,
                        0.0,
                        0.0
                    ],
                    [
                        -0.5474862878328058,
                        -0.0,
                        -0.0,
                        -0.0,
                        0.8500530752835204,
                        0.0
                    ]
                ]
            },
            "est_params": {
                "mui": [
                    1.0000017595145099,
                    -0.7476607290972345,
                    1.1111187986422786,
                    -1.736861095083497,
                    -0.39756516202598435,
                    -0.8657807663420374
                ],
                "Si": [
                    [
                        1.0102541223013367e-06,
                        6.66126105238653e-07,
                        -1.959842791370253e-06,
                        -5.940656943839792e-06,
                        5.708547173938571e-06,
                        -2.7474841867123293e-07
                    ],
                    [
                        6.661261052386532e-07,
                        0.9986805079433257,
                        -0.5525987448683264,
                        1.0692413878294067,
                        -0.6843769448069446,
                        -0.5559959234778917
                    ],
                    [
                        -1.9598427913702523e-06,
                        -0.5525987448683264,
                        1.26932560927265,
                        -1.1677118392501835,
                        0.4506754276708806,
                        0.34248493144504655
                    ],
                    [
                        -5.94065694383979e-06,
                        1.0692413878294067,
                        -1.1677118392501835,
                        2.4682603501766263,
                        -0.7608130709040398,
                        -0.5661407746798741
                    ],
                    [
                        5.708547173938571e-06,
                        -0.6843769448069446,
                        0.45067542767088054,
                        -0.7608130709040398,
                        1.4328052697964562,
                        1.184608879552063
                    ],
                    [
                        -2.747484186712325e-07,
                        -0.5559959234778917,
                        0.34248493144504655,
                        -0.5661407746798741,
                        1.184608879552063,
                        1.946628460655692
                    ]
                ]
            },
            "est_tgt": [
                0
            ],
            "oracle_est_tgt": [
                0
            ]
        },
        "3": {
            "intv_type": "do",
            "inode": 3,
            "new_mui": 1.0,
            "new_vari": null,
            "noise_type": "gaussian",
            "obs_noise_gamma_shape": null,
            "true_params": {
                "Si": [
                    [
                        1.0,
                        -0.7712005153885013,
                        1.1204881909828048,
                        0.0,
                        -0.36790718187089244,
                        -0.8602269192010514
                    ],
                    [
                        -0.7712005153885013,
                        1.59475023493549,
                        -1.4050477271131636,
                        0.0,
                        -0.398311992343382,
                        0.08363537333099946
                    ],
                    [
                        1.1204881909828048,
                        -1.4050477271131636,
                        2.5480954341043676,
                        0.0,
                        -0.0433008453282274,
                        -0.6502599369753076
                    ],
                    [
                        0.0,
                        0.0,
                        0.0,
                        1e-09,
                        0.0,
                        0.0
                    ],
                    [
                        -0.36790718187089244,
                        -0.398311992343382,
                        -0.0433008453282274,
                        0.0,
                        1.600537257895133,
                        1.5619657554491346
                    ],
                    [
                        -0.8602269192010514,
                        0.08363537333099946,
                        -0.6502599369753076,
                        0.0,
                        1.5619657554491346,
                        2.798716236594319
                    ]
                ],
                "mui": [
                    0.0,
                    0.0,
                    0.0,
                    1.0,
                    0.0,
                    0.0
                ],
                "Ai": [
                    [
                        0.0,
                        0.0,
                        0.0,
                        0.0,
                        0.0,
                        0.0
                    ],
                    [
                        -0.7712005153885013,
                        0.0,
                        0.0,
                        0.0,
                        0.0,
                        0.0
                    ],
                    [
                        0.7033252745171561,
                        -0.5409266567404951,
                        0.0,
                        0.0,
                        0.0,
                        0.0
                    ],
                    [
                        0.0,
                        0.0,
                        0.0,
                        0.0,
                        0.0,
                        0.0
                    ],
                    [
                        -0.8938984785036967,
                        -0.6820422006173453,
                        0.0,
                        0.0,
                        0.0,
                        0.0
                    ],
                    [
                        -0.5474862878328058,
                        -0.0,
                        -0.0,
                        -0.0,
                        0.8500530752835204,
                        0.0
                    ]
                ]
            },
            "est_params": {
                "mui": [
                    0.02979637331445496,
                    -0.014951773938896113,
                    0.06413514365136096,
                    1.0000019497368116,
                    -0.011580382716380453,
                    0.024132409621612255
                ],
                "Si": [
                    [
                        1.0110804798611492,
                        -0.7669157720992527,
                        1.1891816751915134,
                        8.267038965907176e-07,
                        -0.3913459905447007,
                        -0.850897719691771
                    ],
                    [
                        -0.7669157720992527,
                        1.5957586911039314,
                        -1.4214158855007855,
                        3.0459210635777038e-06,
                        -0.3887790880450609,
                        0.01986719359268583
                    ],
                    [
                        1.1891816751915134,
                        -1.4214158855007852,
                        2.668184939931393,
                        -2.514266487660918e-06,
                        -0.12903082027732746,
                        -0.6671237124480526
                    ],
                    [
                        8.267038965907178e-07,
                        3.0459210635777034e-06,
                        -2.514266487660918e-06,
                        1.0109989346368922e-06,
                        -3.4407583261169278e-06,
                        -6.6473948753930405e-06
                    ],
                    [
                        -0.3913459905447007,
                        -0.38877908804506084,
                        -0.12903082027732743,
                        -3.4407583261169278e-06,
                        1.5986830045111629,
                        1.5938602012385734
                    ],
                    [
                        -0.850897719691771,
                        0.019867193592685854,
                        -0.6671237124480526,
                        -6.647394875393042e-06,
                        1.5938602012385736,
                        2.815579456557366
                    ]
                ]
            },
            "est_tgt": [
                1,
                3
            ],
            "oracle_est_tgt": [
                1,
                3
            ]
        },
        "2": {
            "intv_type": "do",
            "inode": 2,
            "new_mui": 1.0,
            "new_vari": null,
            "noise_type": "gaussian",
            "obs_noise_gamma_shape": null,
            "true_params": {
                "Si": [
                    [
                        1.0,
                        -0.7712005153885013,
                        0.0,
                        -1.0713901461526114,
                        -0.36790718187089244,
                        -0.8602269192010514
                    ],
                    [
                        -0.7712005153885013,
                        1.59475023493549,
                        0.0,
                        1.5420524859138358,
                        -0.398311992343382,
                        0.08363537333099946
                    ],
                    [
                        0.0,
                        0.0,
                        1e-09,
                        -6.14128217555632e-10,
                        0.0,
                        0.0
                    ],
                    [
                        -1.0713901461526114,
                        1.5420524859138358,
                        -6.14128217555632e-10,
                        2.6602405488489507,
                        -0.09403084943044787,
                        0.5066402012078667
                    ],
                    [
                        -0.36790718187089244,
                        -0.398311992343382,
                        0.0,
                        -0.09403084943044787,
                        1.600537257895133,
                        1.5619657554491346
                    ],
                    [
                        -0.8602269192010514,
                        0.08363537333099946,
                        0.0,
                        0.5066402012078667,
                        1.5619657554491346,
                        2.798716236594319
                    ]
                ],
                "mui": [
                    0.0,
                    0.0,
                    1.0,
                    -0.614128217555632,
                    0.0,
                    0.0
                ],
                "Ai": [
                    [
                        0.0,
                        0.0,
                        0.0,
                        0.0,
                        0.0,
                        0.0
                    ],
                    [
                        -0.7712005153885013,
                        0.0,
                        0.0,
                        0.0,
                        0.0,
                        0.0
                    ],
                    [
                        0.0,
                        0.0,
                        0.0,
                        0.0,
                        0.0,
                        0.0
                    ],
                    [
                        -0.5193680153915761,
                        0.7157958530187802,
                        -0.614128217555632,
                        0.0,
                        0.0,
                        0.0
                    ],
                    [
                        -0.8938984785036967,
                        -0.6820422006173453,
                        0.0,
                        0.0,
                        0.0,
                        0.0
                    ],
                    [
                        -0.5474862878328058,
                        -0.0,
                        -0.0,
                        -0.0,
                        0.8500530752835204,
                        0.0
                    ]
                ]
            },
            "est_params": {
                "mui": [
                    -0.019202732130601845,
                    0.06691356934335296,
                    0.9999945293342508,
                    -0.5575699880733019,
                    -0.06694431495594719,
                    -0.0451451173150595
                ],
                "Si": [
                    [
                        1.0313384053347312,
                        -0.8667491716357489,
                        -1.3116085996739585e-06,
                        -1.0732727853186919,
                        -0.3486818690372586,
                        -0.8384711609423515
                    ],
                    [
                        -0.8667491716357489,
                        1.7264585695007773,
                        1.7570466461560263e-06,
                        1.6358679371762184,
                        -0.40045181057155077,
                        0.09815896079291125
                    ],
                    [
                        -1.311608599673959e-06,
                        1.7570466461560263e-06,
                        1.0197634651078911e-06,
                        3.1398493655643427e-06,
                        5.0889671908779595e-06,
                        8.905915307738906e-06
                    ],
                    [
                        -1.0732727853186919,
                        1.6358679371762184,
                        3.139849365564342e-06,
                        2.6290008902699267,
                        -0.16470736079559717,
                        0.4045729153920626
                    ],
                    [
                        -0.3486818690372586,
                        -0.4004518105715507,
                        5.0889671908779595e-06,
                        -0.16470736079559717,
                        1.587306639270191,
                        1.5487858244273613
                    ],
                    [
                        -0.8384711609423515,
                        0.09815896079291124,
                        8.905915307738904e-06,
                        0.40457291539206264,
                        1.5487858244273613,
                        2.7740983970515596
                    ]
                ]
            },
            "est_tgt": [
                1,
                2,
                3
            ],
            "oracle_est_tgt": [
                1,
                2,
                3
            ]
        },
        "obs": {
            "intv_type": "obs",
            "noise_type": "gaussian",
            "obs_noise_gamma_shape": null,
            "true_params": {
                "Si": [
                    [
                        1.0,
                        -0.7712005153885013,
                        1.1204881909828048,
                        -1.7595135616730158,
                        -0.36790718187089244,
                        -0.8602269192010514
                    ],
                    [
                        -0.7712005153885013,
                        1.59475023493549,
                        -1.4050477271131636,
                        2.404931942146435,
                        -0.398311992343382,
                        0.08363537333099946
                    ],
                    [
                        1.1204881909828048,
                        -1.4050477271131636,
                        2.5480954341043676,
                        -3.1525303714896618,
                        -0.0433008453282274,
                        -0.6502599369753076
                    ],
                    [
                        -1.7595135616730158,
                        2.404931942146435,
                        -3.1525303714896618,
                        5.571333235394437,
                        -0.06743857847037149,
                        0.9059831772503498
                    ],
                    [
                        -0.36790718187089244,
                        -0.398311992343382,
                        -0.0433008453282274,
                        -0.06743857847037149,
                        1.600537257895133,
                        1.5619657554491346
                    ],
                    [
                        -0.8602269192010514,
                        0.08363537333099946,
                        -0.6502599369753076,
                        0.9059831772503498,
                        1.5619657554491346,
                        2.798716236594319
                    ]
                ],
                "mui": [
                    0.0,
                    0.0,
                    0.0,
                    0.0,
                    0.0,
                    0.0
                ],
                "Ai": [
                    [
                        0.0,
                        0.0,
                        0.0,
                        0.0,
                        0.0,
                        0.0
                    ],
                    [
                        -0.7712005153885013,
                        0.0,
                        0.0,
                        0.0,
                        0.0,
                        0.0
                    ],
                    [
                        0.7033252745171561,
                        -0.5409266567404951,
                        0.0,
                        0.0,
                        0.0,
                        0.0
                    ],
                    [
                        -0.5193680153915761,
                        0.7157958530187802,
                        -0.614128217555632,
                        0.0,
                        0.0,
                        0.0
                    ],
                    [
                        -0.8938984785036967,
                        -0.6820422006173453,
                        0.0,
                        0.0,
                        0.0,
                        0.0
                    ],
                    [
                        -0.5474862878328058,
                        -0.0,
                        -0.0,
                        -0.0,
                        0.8500530752835204,
                        0.0
                    ]
                ]
            },
            "est_params": {
                "mui": [
                    -0.007545798308322606,
                    0.020242096792918864,
                    -0.04213517767344826,
                    0.013943391368669003,
                    -0.0145909003308299,
                    0.01997500507820665
                ],
                "Si": [
                    [
                        0.9989494011622645,
                        -0.7351968681294493,
                        1.1428866774868842,
                        -1.7788140177411544,
                        -0.37933009033517945,
                        -0.9003569569038652
                    ],
                    [
                        -0.7351968681294493,
                        1.5603016557712759,
                        -1.353476624130286,
                        2.3654133833170063,
                        -0.41648914831711403,
                        0.04253270125624455
                    ],
                    [
                        1.1428866774868842,
                        -1.353476624130286,
                        2.512480395856353,
                        -3.1276054142598917,
                        -0.10965108431647357,
                        -0.743817106724769
                    ],
                    [
                        -1.7788140177411544,
                        2.3654133833170063,
                        -3.1276054142598917,
                        5.653075640586713,
                        -0.06712277523204303,
                        0.9524648792008511
                    ],
                    [
                        -0.37933009033517945,
                        -0.41648914831711403,
                        -0.10965108431647357,
                        -0.06712277523204303,
                        1.6243034329772872,
                        1.591227725312275
                    ],
                    [
                        -0.9003569569038652,
                        0.04253270125624455,
                        -0.743817106724769,
                        0.9524648792008511,
                        1.591227725312275,
                        2.9174657626131375
                    ]
                ]
            },
            "est_tgt": [
                0,
                1,
                2,
                3,
                4,
                5
            ],
            "oracle_est_tgt": [
                0,
                1,
                2,
                3,
                4,
                5
            ]
        }
    },
    "metric_dict": {
        "param_est_rel_err": 4.736434705841234,
        "est_num_comp": 4,
        "weight_precision_error": 0.0021217034366290133,
        "gm_score_dict": {
            "1": -8.880458887066016,
            "2": -8.687137800648495,
            "3": -5.8806235233532425,
            "4": -4.333026009473408,
            "5": -4.329989376626271,
            "6": -4.326666670994488,
            "7": -4.31963418870864
        },
        "est_dag": {
            "amat": [
                [
                    0,
                    0,
                    1,
                    1,
                    1,
                    1
                ],
                [
                    0,
                    0,
                    0,
                    0,
                    1,
                    0
                ],
                [
                    0,
                    0,
                    0,
                    1,
                    0,
                    0
                ],
                [
                    0,
                    1,
                    0,
                    0,
                    0,
                    0
                ],
                [
                    0,
                    0,
                    0,
                    0,
                    0,
                    1
                ],
                [
                    0,
                    0,
                    0,
                    0,
                    0,
                    0
                ]
            ],
            "nodes": [
                0,
                1,
                2,
                3,
                4,
                5
            ]
        },
        "oracle_est_dag": {
            "amat": [
                [
                    0,
                    0,
                    1,
                    1,
                    1,
                    1
                ],
                [
                    0,
                    0,
                    0,
                    0,
                    1,
                    0
                ],
                [
                    0,
                    0,
                    0,
                    1,
                    0,
                    0
                ],
                [
                    0,
                    1,
                    0,
                    0,
                    0,
                    0
                ],
                [
                    0,
                    0,
                    0,
                    0,
                    0,
                    1
                ],
                [
                    0,
                    0,
                    0,
                    0,
                    0,
                    0
                ]
            ],
            "nodes": [
                0,
                1,
                2,
                3,
                4,
                5
            ]
        },
        "igsp_dag": null,
        "intv_base_est_dag": null,
        "act_dag": {
            "amat": [
                [
                    0,
                    1,
                    1,
                    1,
                    1,
                    1
                ],
                [
                    0,
                    0,
                    1,
                    1,
                    1,
                    0
                ],
                [
                    0,
                    0,
                    0,
                    1,
                    0,
                    0
                ],
                [
                    0,
                    0,
                    0,
                    0,
                    0,
                    0
                ],
                [
                    0,
                    0,
                    0,
                    0,
                    0,
                    1
                ],
                [
                    0,
                    0,
                    0,
                    0,
                    0,
                    0
                ]
            ],
            "nodes": [
                0,
                1,
                2,
                3,
                4,
                5
            ]
        },
        "shd": 3,
        "oracle_shd": 3,
        "intv_base_shd": null,
        "igsp_shd": null,
        "avg_js": 0.4583333333333333,
        "avg_oracle_js": 0.4583333333333333
    }
}