{
    "expt_args": {
        "save_dir": "all_expt_logs/expt_logs_sim_compsel_backward_cameraready_cutoff_var",
        "exp_name": "350",
        "num_nodes": 6,
        "num_tgt_prior": 7,
        "obs_noise_mean": 0.0,
        "obs_noise_var": 1.0,
        "obs_noise_gamma_shape": null,
        "noise_type": "gaussian",
        "max_edge_strength": 1.0,
        "graph_sparsity_method": "adj_dense_prop",
        "adj_dense_prop": 0.8,
        "num_parents": null,
        "new_noise_mean": 1.0,
        "mix_samples": 65536,
        "stage2_samples": 65536,
        "gmm_tol": 0.001,
        "intv_type": "do",
        "new_noise_var": null,
        "dtype": "simulation",
        "cutoff_drop_ratio": 0.15,
        "intv_targets": [
            0,
            1,
            2,
            3,
            4,
            5
        ]
    },
    "intv_args_dict": {
        "0": {
            "intv_type": "do",
            "inode": 0,
            "new_mui": 1.0,
            "new_vari": null,
            "noise_type": "gaussian",
            "obs_noise_gamma_shape": null,
            "true_params": {
                "Si": [
                    [
                        1e-09,
                        0.0,
                        5.468037583956933e-10,
                        -4.5222531877745134e-10,
                        -1.0720095052433107e-09,
                        -1.47269814675085e-10
                    ],
                    [
                        0.0,
                        1.0,
                        -0.576108841784096,
                        -0.4435842862859915,
                        0.2143905829821127,
                        0.7256466227265673
                    ],
                    [
                        5.468037583956933e-10,
                        -0.576108841784096,
                        1.331901397880807,
                        1.0255189433954168,
                        0.3889281654334391,
                        -0.26848988973051013
                    ],
                    [
                        -4.5222531877745134e-10,
                        -0.4435842862859915,
                        1.0255189433954168,
                        1.7896148363173512,
                        0.9649979100749181,
                        -0.7427032976410258
                    ],
                    [
                        -1.0720095052433107e-09,
                        0.2143905829821127,
                        0.3889281654334391,
                        0.9649979100749181,
                        1.751497266046247,
                        -0.12449780030982859
                    ],
                    [
                        -1.47269814675085e-10,
                        0.7256466227265673,
                        -0.26848988973051013,
                        -0.7427032976410258,
                        -0.12449780030982859,
                        1.8362010713379986
                    ]
                ],
                "mui": [
                    1.0,
                    0.0,
                    0.5468037583956933,
                    -0.4522253187774513,
                    -1.0720095052433107,
                    -0.147269814675085
                ],
                "Ai": [
                    [
                        0.0,
                        0.0,
                        0.0,
                        0.0,
                        0.0,
                        0.0
                    ],
                    [
                        0.0,
                        0.0,
                        0.0,
                        0.0,
                        0.0,
                        0.0
                    ],
                    [
                        0.5468037583956933,
                        -0.576108841784096,
                        0.0,
                        0.0,
                        0.0,
                        0.0
                    ],
                    [
                        -0.8732456838794875,
                        0.0,
                        0.769966114236848,
                        0.0,
                        0.0,
                        0.0
                    ],
                    [
                        -0.7710370941961162,
                        0.5096120723650301,
                        -0.0,
                        0.6655364008827394,
                        0.0,
                        0.0
                    ],
                    [
                        -0.697088643162304,
                        0.8118103516030462,
                        0.5622442728952337,
                        -0.5359751806619478,
                        0.0,
                        0.0
                    ]
                ]
            },
            "est_params": {
                "mui": [
                    0.9999985255645977,
                    -0.00040655080531634685,
                    0.5577152967002119,
                    -0.4421123953077477,
                    -1.0673731054194453,
                    -0.1421590081570143
                ],
                "Si": [
                    [
                        1.0141735447171798e-06,
                        -1.2511282063369976e-06,
                        7.346937111560415e-07,
                        2.756624476867338e-07,
                        -4.298222418425482e-07,
                        1.4500702482336133e-06
                    ],
                    [
                        -1.2511282063369974e-06,
                        1.0073548894283109,
                        -0.5630780366571911,
                        -0.4284858141360491,
                        0.23965695156713573,
                        0.7435790061790234
                    ],
                    [
                        7.346937111560415e-07,
                        -0.5630780366571911,
                        1.3183568448402048,
                        1.008474329954795,
                        0.37751773355851365,
                        -0.2781647065787332
                    ],
                    [
                        2.75662447686734e-07,
                        -0.4284858141360491,
                        1.008474329954795,
                        1.766737072760477,
                        0.9477967051204416,
                        -0.7568467801389689
                    ],
                    [
                        -4.2982224184254833e-07,
                        0.23965695156713573,
                        0.3775177335585136,
                        0.9477967051204416,
                        1.7363119884249176,
                        -0.09278782629269268
                    ],
                    [
                        1.450070248233613e-06,
                        0.7435790061790233,
                        -0.2781647065787332,
                        -0.7568467801389689,
                        -0.09278782629269267,
                        1.855290917579804
                    ]
                ]
            },
            "est_tgt": [
                0
            ],
            "oracle_est_tgt": [
                0
            ]
        },
        "1": {
            "intv_type": "do",
            "inode": 1,
            "new_mui": 1.0,
            "new_vari": null,
            "noise_type": "gaussian",
            "obs_noise_gamma_shape": null,
            "true_params": {
                "Si": [
                    [
                        1.0,
                        0.0,
                        0.5468037583956933,
                        -0.4522253187774513,
                        -1.0720095052433107,
                        -0.147269814675085
                    ],
                    [
                        0.0,
                        1e-09,
                        -5.761088417840961e-10,
                        -4.4358428628599153e-10,
                        2.1439058298211271e-10,
                        7.256466227265673e-10
                    ],
                    [
                        0.5468037583956933,
                        -5.761088417840961e-10,
                        1.2989943505275572,
                        0.5226876105432,
                        -0.07373835015560226,
                        0.06903385713293601
                    ],
                    [
                        -0.4522253187774513,
                        -4.4358428628599153e-10,
                        0.5226876105432,
                        1.7973555562131254,
                        1.5448880434747,
                        -0.3542187199037694
                    ],
                    [
                        -1.0720095052433107,
                        2.1439058298211271e-10,
                        -0.07373835015560226,
                        1.5448880434747,
                        2.8547383222036036,
                        -0.12219496163036946
                    ],
                    [
                        -0.147269814675085,
                        7.256466227265673e-10,
                        0.06903385713293601,
                        -0.3542187199037694,
                        -0.12219496163036946,
                        1.3313264490828343
                    ]
                ],
                "mui": [
                    0.0,
                    1.0,
                    -0.576108841784096,
                    -0.4435842862859915,
                    0.2143905829821127,
                    0.7256466227265673
                ],
                "Ai": [
                    [
                        0.0,
                        0.0,
                        0.0,
                        0.0,
                        0.0,
                        0.0
                    ],
                    [
                        0.0,
                        0.0,
                        0.0,
                        0.0,
                        0.0,
                        0.0
                    ],
                    [
                        0.5468037583956933,
                        -0.576108841784096,
                        0.0,
                        0.0,
                        0.0,
                        0.0
                    ],
                    [
                        -0.8732456838794875,
                        0.0,
                        0.769966114236848,
                        0.0,
                        0.0,
                        0.0
                    ],
                    [
                        -0.7710370941961162,
                        0.5096120723650301,
                        -0.0,
                        0.6655364008827394,
                        0.0,
                        0.0
                    ],
                    [
                        -0.697088643162304,
                        0.8118103516030462,
                        0.5622442728952337,
                        -0.5359751806619478,
                        0.0,
                        0.0
                    ]
                ]
            },
            "est_params": {
                "mui": [
                    -0.013186102632723294,
                    1.000001751357842,
                    -0.5941388229999226,
                    -0.45287345294266035,
                    0.20219901307385438,
                    0.7249217600381214
                ],
                "Si": [
                    [
                        0.9892740702860477,
                        -5.25398979075639e-07,
                        0.5321555014118571,
                        -0.42590683704071675,
                        -1.062732017545997,
                        -0.16117312419960925
                    ],
                    [
                        -5.25398979075639e-07,
                        1.0117205695096711e-06,
                        -4.2272739121389455e-07,
                        -1.341247292998421e-06,
                        2.4098338009657717e-07,
                        8.299774936263384e-07
                    ],
                    [
                        0.5321555014118571,
                        -4.2272739121389433e-07,
                        1.2895875943139716,
                        0.5414998157812211,
                        -0.07166291980017107,
                        0.06034313118813451
                    ],
                    [
                        -0.42590683704071675,
                        -1.3412472929984217e-06,
                        0.5414998157812211,
                        1.7934459083309835,
                        1.5181268347460795,
                        -0.36262330278822796
                    ],
                    [
                        -1.062732017545997,
                        2.409833800965771e-07,
                        -0.07166291980017107,
                        1.5181268347460795,
                        2.8525107349169487,
                        -0.11545073269103016
                    ],
                    [
                        -0.16117312419960925,
                        8.299774936263385e-07,
                        0.06034313118813451,
                        -0.36262330278822796,
                        -0.11545073269103016,
                        1.3367972747930832
                    ]
                ]
            },
            "est_tgt": [
                1
            ],
            "oracle_est_tgt": [
                1
            ]
        },
        "2": {
            "intv_type": "do",
            "inode": 2,
            "new_mui": 1.0,
            "new_vari": null,
            "noise_type": "gaussian",
            "obs_noise_gamma_shape": null,
            "true_params": {
                "Si": [
                    [
                        1.0,
                        0.0,
                        0.0,
                        -0.8732456838794875,
                        -1.3522138837316566,
                        -0.22905062998272951
                    ],
                    [
                        0.0,
                        1.0,
                        0.0,
                        0.0,
                        0.5096120723650301,
                        0.8118103516030462
                    ],
                    [
                        0.0,
                        0.0,
                        1e-09,
                        7.699661142368481e-10,
                        5.1244047647086e-10,
                        1.4956154571356116e-10
                    ],
                    [
                        -0.8732456838794875,
                        0.0,
                        7.699661142368481e-10,
                        1.7625580250070016,
                        1.8463513389278894,
                        -0.3359577065244944
                    ],
                    [
                        -1.3522138837316566,
                        0.5096120723650301,
                        5.1244047647086e-10,
                        1.8463513389278894,
                        3.531125552819377,
                        0.36672280496435405
                    ],
                    [
                        -0.22905062998272951,
                        0.8118103516030462,
                        1.4956154571356116e-10,
                        -0.3359577065244944,
                        0.36672280496435405,
                        1.9987696323733228
                    ]
                ],
                "mui": [
                    0.0,
                    0.0,
                    1.0,
                    0.769966114236848,
                    0.51244047647086,
                    0.14956154571356114
                ],
                "Ai": [
                    [
                        0.0,
                        0.0,
                        0.0,
                        0.0,
                        0.0,
                        0.0
                    ],
                    [
                        0.0,
                        0.0,
                        0.0,
                        0.0,
                        0.0,
                        0.0
                    ],
                    [
                        0.0,
                        0.0,
                        0.0,
                        0.0,
                        0.0,
                        0.0
                    ],
                    [
                        -0.8732456838794875,
                        0.0,
                        0.769966114236848,
                        0.0,
                        0.0,
                        0.0
                    ],
                    [
                        -0.7710370941961162,
                        0.5096120723650301,
                        -0.0,
                        0.6655364008827394,
                        0.0,
                        0.0
                    ],
                    [
                        -0.697088643162304,
                        0.8118103516030462,
                        0.5622442728952337,
                        -0.5359751806619478,
                        0.0,
                        0.0
                    ]
                ]
            },
            "est_params": {
                "mui": [
                    0.006306597031725012,
                    0.002528640714125105,
                    1.0000006456564545,
                    0.7605902412241602,
                    0.4830756400162089,
                    0.12007881968251854
                ],
                "Si": [
                    [
                        0.9800226619734466,
                        0.002063840394661904,
                        -3.080687434645728e-08,
                        -0.8489545662408797,
                        -1.2984234277576427,
                        -0.23557037835914107
                    ],
                    [
                        0.0020638403946619003,
                        0.9891718595056572,
                        -1.4936947855838477e-07,
                        0.0010677527233504869,
                        0.4950393769929104,
                        0.8169082530064365
                    ],
                    [
                        -3.080687434645719e-08,
                        -1.4936947855838504e-07,
                        1.0087773264414269e-06,
                        6.876675039298481e-07,
                        1.0755931822928688e-06,
                        -1.7980945759844629e-06
                    ],
                    [
                        -0.8489545662408797,
                        0.0010677527233504801,
                        6.876675039298482e-07,
                        1.7351143460442375,
                        1.7948064383216527,
                        -0.32838338693079
                    ],
                    [
                        -1.2984234277576427,
                        0.4950393769929104,
                        1.075593182292869e-06,
                        1.7948064383216527,
                        3.3885954982782467,
                        0.38505998602819774
                    ],
                    [
                        -0.23557037835914107,
                        0.8169082530064365,
                        -1.798094575984463e-06,
                        -0.32838338693079006,
                        0.38505998602819774,
                        2.0171072758666027
                    ]
                ]
            },
            "est_tgt": [
                2
            ],
            "oracle_est_tgt": [
                2
            ]
        },
        "3": {
            "intv_type": "do",
            "inode": 3,
            "new_mui": 1.0,
            "new_vari": null,
            "noise_type": "gaussian",
            "obs_noise_gamma_shape": null,
            "true_params": {
                "Si": [
                    [
                        1.0,
                        0.0,
                        0.5468037583956933,
                        0.0,
                        -0.7710370941961162,
                        -0.3896513616067364
                    ],
                    [
                        0.0,
                        1.0,
                        -0.576108841784096,
                        0.0,
                        0.5096120723650301,
                        0.4878964547456318
                    ],
                    [
                        0.5468037583956933,
                        -0.576108841784096,
                        1.6308957477774684,
                        0.0,
                        -0.715198001738341,
                        0.06809998245059834
                    ],
                    [
                        0.0,
                        0.0,
                        0.0,
                        1e-09,
                        6.655364008827394e-10,
                        -5.359751806619479e-10
                    ],
                    [
                        -0.7710370941961162,
                        0.5096120723650301,
                        -0.715198001738341,
                        6.655364008827394e-10,
                        1.85420266536951,
                        0.5490735766485797
                    ],
                    [
                        -0.3896513616067364,
                        0.4878964547456318,
                        0.06809998245059834,
                        -5.359751806619479e-10,
                        0.5490735766485797,
                        1.7059897568460995
                    ]
                ],
                "mui": [
                    0.0,
                    0.0,
                    0.0,
                    1.0,
                    0.6655364008827394,
                    -0.5359751806619478
                ],
                "Ai": [
                    [
                        0.0,
                        0.0,
                        0.0,
                        0.0,
                        0.0,
                        0.0
                    ],
                    [
                        0.0,
                        0.0,
                        0.0,
                        0.0,
                        0.0,
                        0.0
                    ],
                    [
                        0.5468037583956933,
                        -0.576108841784096,
                        0.0,
                        0.0,
                        0.0,
                        0.0
                    ],
                    [
                        0.0,
                        0.0,
                        0.0,
                        0.0,
                        0.0,
                        0.0
                    ],
                    [
                        -0.7710370941961162,
                        0.5096120723650301,
                        -0.0,
                        0.6655364008827394,
                        0.0,
                        0.0
                    ],
                    [
                        -0.697088643162304,
                        0.8118103516030462,
                        0.5622442728952337,
                        -0.5359751806619478,
                        0.0,
                        0.0
                    ]
                ]
            },
            "est_params": {
                "mui": [
                    0.0076735642129078805,
                    0.02488260019037376,
                    -0.01118314184492966,
                    1.0000009737424864,
                    0.6781464998846028,
                    -0.5267795927889882
                ],
                "Si": [
                    [
                        1.0065769965737994,
                        0.015394296348228287,
                        0.5323685456678393,
                        1.4058385233150787e-07,
                        -0.7532957327593525,
                        -0.3926276838139521
                    ],
                    [
                        0.015394296348228293,
                        1.0044247308669887,
                        -0.5905130876877339,
                        1.8861731992816557e-06,
                        0.48620366037048107,
                        0.472959957547469
                    ],
                    [
                        0.5323685456678393,
                        -0.5905130876877339,
                        1.6423966452997207,
                        2.6526680474372425e-07,
                        -0.6983272426584703,
                        0.08061004723778878
                    ],
                    [
                        1.4058385233150784e-07,
                        1.8861731992816557e-06,
                        2.652668047437241e-07,
                        1.013177458305369e-06,
                        6.426700876511614e-07,
                        2.2906629192112744e-06
                    ],
                    [
                        -0.7532957327593526,
                        0.48620366037048107,
                        -0.6983272426584703,
                        6.426700876511612e-07,
                        1.8178152118197877,
                        0.5355638924950781
                    ],
                    [
                        -0.3926276838139521,
                        0.4729599575474689,
                        0.08061004723778878,
                        2.290662919211275e-06,
                        0.5355638924950782,
                        1.7078839315127672
                    ]
                ]
            },
            "est_tgt": [
                3
            ],
            "oracle_est_tgt": [
                3
            ]
        },
        "4": {
            "intv_type": "do",
            "inode": 4,
            "new_mui": 1.0,
            "new_vari": null,
            "noise_type": "gaussian",
            "obs_noise_gamma_shape": null,
            "true_params": {
                "Si": [
                    [
                        1.0,
                        0.0,
                        0.5468037583956933,
                        -0.4522253187774513,
                        0.0,
                        -0.147269814675085
                    ],
                    [
                        0.0,
                        1.0,
                        -0.576108841784096,
                        -0.4435842862859915,
                        0.0,
                        0.7256466227265673
                    ],
                    [
                        0.5468037583956933,
                        -0.576108841784096,
                        1.6308957477774684,
                        0.7782404396934945,
                        0.0,
                        -0.34901757781255616
                    ],
                    [
                        -0.4522253187774513,
                        -0.4435842862859915,
                        0.7782404396934945,
                        1.9941225750562108,
                        0.0,
                        -0.6761041588198884
                    ],
                    [
                        0.0,
                        0.0,
                        0.0,
                        0.0,
                        1e-09,
                        0.0
                    ],
                    [
                        -0.147269814675085,
                        0.7256466227265673,
                        -0.34901757781255616,
                        -0.6761041588198884,
                        0.0,
                        1.8578894696307442
                    ]
                ],
                "mui": [
                    0.0,
                    0.0,
                    0.0,
                    0.0,
                    1.0,
                    0.0
                ],
                "Ai": [
                    [
                        0.0,
                        0.0,
                        0.0,
                        0.0,
                        0.0,
                        0.0
                    ],
                    [
                        0.0,
                        0.0,
                        0.0,
                        0.0,
                        0.0,
                        0.0
                    ],
                    [
                        0.5468037583956933,
                        -0.576108841784096,
                        0.0,
                        0.0,
                        0.0,
                        0.0
                    ],
                    [
                        -0.8732456838794875,
                        0.0,
                        0.769966114236848,
                        0.0,
                        0.0,
                        0.0
                    ],
                    [
                        0.0,
                        0.0,
                        0.0,
                        0.0,
                        0.0,
                        0.0
                    ],
                    [
                        -0.697088643162304,
                        0.8118103516030462,
                        0.5622442728952337,
                        -0.5359751806619478,
                        0.0,
                        0.0
                    ]
                ]
            },
            "est_params": {
                "mui": [
                    0.010130207496104526,
                    0.007726731637007407,
                    0.014321287027031757,
                    0.0020833491921232955,
                    1.0000004482576215,
                    0.003014476866124367
                ],
                "Si": [
                    [
                        1.017741658747882,
                        0.017705421123465737,
                        0.5370941769232599,
                        -0.4644911231988178,
                        1.9767618107902227e-07,
                        -0.14362705986722543
                    ],
                    [
                        0.017705421123465737,
                        0.9748939174715628,
                        -0.5522536274308091,
                        -0.431058270347621,
                        6.480546568845258e-07,
                        0.6882441762580804
                    ],
                    [
                        0.5370941769232599,
                        -0.5522536274308091,
                        1.602474245997196,
                        0.7697971210641811,
                        -7.864813396672016e-07,
                        -0.33533094314266626
                    ],
                    [
                        -0.4644911231988178,
                        -0.431058270347621,
                        0.7697971210641809,
                        2.0029070575112806,
                        -7.724737774877587e-07,
                        -0.6560565384585587
                    ],
                    [
                        1.9767618107902222e-07,
                        6.480546568845255e-07,
                        -7.864813396672016e-07,
                        -7.724737774877586e-07,
                        1.0099206581103703e-06,
                        -2.5604152644792715e-07
                    ],
                    [
                        -0.14362705986722538,
                        0.6882441762580804,
                        -0.33533094314266615,
                        -0.6560565384585587,
                        -2.5604152644792715e-07,
                        1.8191406604485283
                    ]
                ]
            },
            "est_tgt": [
                4
            ],
            "oracle_est_tgt": [
                4
            ]
        },
        "5": {
            "intv_type": "do",
            "inode": 5,
            "new_mui": 1.0,
            "new_vari": null,
            "noise_type": "gaussian",
            "obs_noise_gamma_shape": null,
            "true_params": {
                "Si": [
                    [
                        1.0,
                        0.0,
                        0.5468037583956933,
                        -0.4522253187774513,
                        -1.0720095052433107,
                        0.0
                    ],
                    [
                        0.0,
                        1.0,
                        -0.576108841784096,
                        -0.4435842862859915,
                        0.2143905829821127,
                        0.0
                    ],
                    [
                        0.5468037583956933,
                        -0.576108841784096,
                        1.6308957477774684,
                        0.7782404396934945,
                        -0.19725066048333206,
                        0.0
                    ],
                    [
                        -0.4522253187774513,
                        -0.4435842862859915,
                        0.7782404396934945,
                        1.9941225750562108,
                        1.4497877498312421,
                        0.0
                    ],
                    [
                        -1.0720095052433107,
                        0.2143905829821127,
                        -0.19725066048333206,
                        1.4497877498312421,
                        2.9007016442290503,
                        0.0
                    ],
                    [
                        0.0,
                        0.0,
                        0.0,
                        0.0,
                        0.0,
                        1e-09
                    ]
                ],
                "mui": [
                    0.0,
                    0.0,
                    0.0,
                    0.0,
                    0.0,
                    1.0
                ],
                "Ai": [
                    [
                        0.0,
                        0.0,
                        0.0,
                        0.0,
                        0.0,
                        0.0
                    ],
                    [
                        0.0,
                        0.0,
                        0.0,
                        0.0,
                        0.0,
                        0.0
                    ],
                    [
                        0.5468037583956933,
                        -0.576108841784096,
                        0.0,
                        0.0,
                        0.0,
                        0.0
                    ],
                    [
                        -0.8732456838794875,
                        0.0,
                        0.769966114236848,
                        0.0,
                        0.0,
                        0.0
                    ],
                    [
                        -0.7710370941961162,
                        0.5096120723650301,
                        -0.0,
                        0.6655364008827394,
                        0.0,
                        0.0
                    ],
                    [
                        0.0,
                        0.0,
                        0.0,
                        0.0,
                        0.0,
                        0.0
                    ]
                ]
            },
            "est_params": {
                "mui": [
                    -0.019322971909095793,
                    -0.018817691207116925,
                    -0.012063981993011478,
                    0.010671998595436155,
                    -0.0018618556530772433,
                    1.0000004762039858
                ],
                "Si": [
                    [
                        1.0220239856505298,
                        0.005856983091765387,
                        0.5251280545566039,
                        -0.49772462860146016,
                        -1.102304635444587,
                        -9.90747161325371e-07
                    ],
                    [
                        0.005856983091765382,
                        0.9933470778919046,
                        -0.5745642924793086,
                        -0.4441487560116691,
                        0.1991932423859368,
                        -8.345145006546033e-07
                    ],
                    [
                        0.5251280545566039,
                        -0.5745642924793086,
                        1.613533459099208,
                        0.792947217775468,
                        -0.15204327273387647,
                        -1.050458465254463e-06
                    ],
                    [
                        -0.49772462860146016,
                        -0.4441487560116691,
                        0.792947217775468,
                        2.062630934098588,
                        1.5345612835585851,
                        -1.1400437402185772e-06
                    ],
                    [
                        -1.102304635444587,
                        0.19919324238593683,
                        -0.15204327273387652,
                        1.534561283558585,
                        2.9483395671016557,
                        -7.1765146447513e-07
                    ],
                    [
                        -9.907471613253712e-07,
                        -8.345145006546037e-07,
                        -1.0504584652544628e-06,
                        -1.1400437402185766e-06,
                        -7.176514644751299e-07,
                        1.012742390657643e-06
                    ]
                ]
            },
            "est_tgt": [
                5
            ],
            "oracle_est_tgt": [
                5
            ]
        },
        "obs": {
            "intv_type": "obs",
            "noise_type": "gaussian",
            "obs_noise_gamma_shape": null,
            "true_params": {
                "Si": [
                    [
                        1.0,
                        0.0,
                        0.5468037583956933,
                        -0.4522253187774513,
                        -1.0720095052433107,
                        -0.147269814675085
                    ],
                    [
                        0.0,
                        1.0,
                        -0.576108841784096,
                        -0.4435842862859915,
                        0.2143905829821127,
                        0.7256466227265673
                    ],
                    [
                        0.5468037583956933,
                        -0.576108841784096,
                        1.6308957477774684,
                        0.7782404396934945,
                        -0.19725066048333206,
                        -0.34901757781255616
                    ],
                    [
                        -0.4522253187774513,
                        -0.4435842862859915,
                        0.7782404396934945,
                        1.9941225750562108,
                        1.4497877498312421,
                        -0.6761041588198884
                    ],
                    [
                        -1.0720095052433107,
                        0.2143905829821127,
                        -0.19725066048333206,
                        1.4497877498312421,
                        2.9007016442290503,
                        0.03337684069940873
                    ],
                    [
                        -0.147269814675085,
                        0.7256466227265673,
                        -0.34901757781255616,
                        -0.6761041588198884,
                        0.03337684069940873,
                        1.8578894696307442
                    ]
                ],
                "mui": [
                    0.0,
                    0.0,
                    0.0,
                    0.0,
                    0.0,
                    0.0
                ],
                "Ai": [
