{
    "expt_args": {
        "save_dir": "all_expt_logs/expt_logs_sim_compsel_backward_cameraready_cutoff_var",
        "exp_name": "345",
        "num_nodes": 6,
        "num_tgt_prior": 7,
        "obs_noise_mean": 0.0,
        "obs_noise_var": 1.0,
        "obs_noise_gamma_shape": null,
        "noise_type": "gaussian",
        "max_edge_strength": 1.0,
        "graph_sparsity_method": "adj_dense_prop",
        "adj_dense_prop": 0.8,
        "num_parents": null,
        "new_noise_mean": 1.0,
        "mix_samples": 32768,
        "stage2_samples": 32768,
        "gmm_tol": 0.001,
        "intv_type": "do",
        "new_noise_var": null,
        "dtype": "simulation",
        "cutoff_drop_ratio": 0.01,
        "intv_targets": [
            0,
            1,
            2,
            3,
            4,
            5
        ]
    },
    "intv_args_dict": {
        "0": {
            "intv_type": "do",
            "inode": 0,
            "new_mui": 1.0,
            "new_vari": null,
            "noise_type": "gaussian",
            "obs_noise_gamma_shape": null,
            "true_params": {
                "Si": [
                    [
                        1e-09,
                        0.0,
                        -9.143231015497295e-10,
                        -1.669784355764764e-09,
                        -3.391490987081913e-09,
                        1.2313664161588088e-09
                    ],
                    [
                        0.0,
                        1.0,
                        -0.6662601823251327,
                        -0.5240712546866778,
                        -0.17173367017328886,
                        -0.18966174748733797
                    ],
                    [
                        -9.143231015497295e-10,
                        -0.6662601823251327,
                        1.443902631387906,
                        1.1357542958895634,
                        1.823979671209421,
                        -0.9767666790220574
                    ],
                    [
                        -1.669784355764764e-09,
                        -0.5240712546866778,
                        1.1357542958895634,
                        1.8933689806330136,
                        2.3549725321887403,
                        -0.9728497089107259
                    ],
                    [
                        -3.391490987081913e-09,
                        -0.17173367017328886,
                        1.823979671209421,
                        2.3549725321887403,
                        4.798957939376324,
                        -2.9974374976310765
                    ],
                    [
                        1.2313664161588088e-09,
                        -0.18966174748733797,
                        -0.9767666790220574,
                        -0.9728497089107259,
                        -2.9974374976310765,
                        3.208474410036389
                    ]
                ],
                "mui": [
                    1.0,
                    0.0,
                    -0.9143231015497294,
                    -1.6697843557647638,
                    -3.3914909870819128,
                    1.2313664161588087
                ],
                "Ai": [
                    [
                        0.0,
                        0.0,
                        0.0,
                        0.0,
                        0.0,
                        0.0
                    ],
                    [
                        -0.0,
                        0.0,
                        0.0,
                        0.0,
                        0.0,
                        0.0
                    ],
                    [
                        -0.9143231015497294,
                        -0.6662601823251327,
                        0.0,
                        0.0,
                        0.0,
                        0.0
                    ],
                    [
                        -0.9505901614697372,
                        -0.0,
                        0.7865864846639339,
                        0.0,
                        0.0,
                        0.0
                    ],
                    [
                        -0.9536153232454535,
                        0.9672783281137585,
                        0.9857003961634847,
                        0.920254771289726,
                        0.0,
                        0.0
                    ],
                    [
                        -0.8832567473445747,
                        0.0,
                        -0.0,
                        0.6751451766416868,
                        -0.9559129095958905,
                        0.0
                    ]
                ]
            },
            "est_params": {
                "mui": [
                    0.9999989525339062,
                    0.008210025072257817,
                    -0.9072648660947259,
                    -1.6839604725930286,
                    -3.399863691646308,
                    1.2308817484991883
                ],
                "Si": [
                    [
                        1.0070103282897787e-06,
                        -2.75110608714609e-07,
                        -4.906934284007758e-07,
                        -5.317462626950891e-07,
                        -2.2596463517219618e-07,
                        -2.9237786526007657e-06
                    ],
                    [
                        -2.75110608714609e-07,
                        1.0257232426982588,
                        -0.6742805566083531,
                        -0.5472119918503473,
                        -0.19990340777464474,
                        -0.18333170222853973
                    ],
                    [
                        -4.906934284007752e-07,
                        -0.6742805566083531,
                        1.461493120853007,
                        1.1738053558012729,
                        1.8783651787468854,
                        -0.9913204364249629
                    ],
                    [
                        -5.31746262695089e-07,
                        -0.5472119918503473,
                        1.1738053558012729,
                        1.9898482790473435,
                        2.4646712971453244,
                        -0.9772914642351467
                    ],
                    [
                        -2.2596463517219605e-07,
                        -0.19990340777464471,
                        1.8783651787468854,
                        2.4646712971453244,
                        4.945853033147741,
                        -3.051913932781484
                    ],
                    [
                        -2.923778652600766e-06,
                        -0.18333170222853973,
                        -0.9913204364249627,
                        -0.9772914642351467,
                        -3.051913932781484,
                        3.3009840911154127
                    ]
                ]
            },
            "est_tgt": [
                0
            ],
            "oracle_est_tgt": [
                0
            ]
        },
        "1": {
            "intv_type": "do",
            "inode": 1,
            "new_mui": 1.0,
            "new_vari": null,
            "noise_type": "gaussian",
            "obs_noise_gamma_shape": null,
            "true_params": {
                "Si": [
                    [
                        1.0,
                        0.0,
                        -0.9143231015497294,
                        -1.6697843557647638,
                        -3.3914909870819128,
                        1.2313664161588087
                    ],
                    [
                        0.0,
                        1e-09,
                        -6.662601823251327e-10,
                        -5.240712546866779e-10,
                        -1.7173367017328888e-10,
                        -1.8966174748733798e-10
                    ],
                    [
                        -0.9143231015497294,
                        -6.662601823251327e-10,
                        1.8359867344714194,
                        2.3133088960951573,
                        4.81047892000859,
                        -2.2289975089973404
                    ],
                    [
                        -1.6697843557647638,
                        -5.240712546866779e-10,
                        2.3133088960951573,
                        4.406898092887364,
                        7.928030439562594,
                        -3.1283623546430723
                    ],
                    [
                        -3.3914909870819128,
                        -1.7173367017328888e-10,
                        4.81047892000859,
                        7.928030439562594,
                        16.271676589890266,
                        -7.206176903607773
                    ],
                    [
                        1.2313664161588087,
                        -1.8966174748733798e-10,
                        -2.2289975089973404,
                        -3.1283623546430723,
                        -7.206176903607773,
                        4.688766080939935
                    ]
                ],
                "mui": [
                    0.0,
                    1.0,
                    -0.6662601823251327,
                    -0.5240712546866778,
                    -0.17173367017328886,
                    -0.18966174748733797
                ],
                "Ai": [
                    [
                        0.0,
                        0.0,
                        0.0,
                        0.0,
                        0.0,
                        0.0
                    ],
                    [
                        0.0,
                        0.0,
                        0.0,
                        0.0,
                        0.0,
                        0.0
                    ],
                    [
                        -0.9143231015497294,
                        -0.6662601823251327,
                        0.0,
                        0.0,
                        0.0,
                        0.0
                    ],
                    [
                        -0.9505901614697372,
                        -0.0,
                        0.7865864846639339,
                        0.0,
                        0.0,
                        0.0
                    ],
                    [
                        -0.9536153232454535,
                        0.9672783281137585,
                        0.9857003961634847,
                        0.920254771289726,
                        0.0,
                        0.0
                    ],
                    [
                        -0.8832567473445747,
                        0.0,
                        -0.0,
                        0.6751451766416868,
                        -0.9559129095958905,
                        0.0
                    ]
                ]
            },
            "est_params": {
                "mui": [
                    -0.015019861677486205,
                    0.9999994288211159,
                    -0.6444311604034307,
                    -0.5038137053640365,
                    -0.11898427422708772,
                    -0.19573830517724963
                ],
                "Si": [
                    [
                        1.0161985438573806,
                        1.3112024563319777e-07,
                        -0.9436831316835425,
                        -1.7108230784441731,
                        -3.447673069718104,
                        1.2484742896821261
                    ],
                    [
                        1.3112024563319785e-07,
                        1.007526112860527e-06,
                        5.67173854140562e-07,
                        -2.2206654514149986e-06,
                        -2.8068635256582686e-06,
                        2.1448112908403535e-06
                    ],
                    [
                        -0.9436831316835425,
                        5.671738541405622e-07,
                        1.8737666563690545,
                        2.3551197129375354,
                        4.88891213166529,
                        -2.258483326757097
                    ],
                    [
                        -1.7108230784441731,
                        -2.2206654514149973e-06,
                        2.3551197129375354,
                        4.504746948345408,
                        8.047578890339258,
                        -3.14342961943226
                    ],
                    [
                        -3.447673069718104,
                        -2.8068635256582703e-06,
                        4.88891213166529,
                        8.047578890339258,
                        16.395959692371694,
                        -7.208669832669477
                    ],
                    [
                        1.248474289682126,
                        2.1448112908403535e-06,
                        -2.258483326757097,
                        -3.14342961943226,
                        -7.208669832669477,
                        4.671714622670989
                    ]
                ]
            },
            "est_tgt": [
                1
            ],
            "oracle_est_tgt": [
                1
            ]
        },
        "2": {
            "intv_type": "do",
            "inode": 2,
            "new_mui": 1.0,
            "new_vari": null,
            "noise_type": "gaussian",
            "obs_noise_gamma_shape": null,
            "true_params": {
                "Si": [
                    [
                        1.0,
                        0.0,
                        0.0,
                        -0.9505901614697372,
                        -1.8284004548790502,
                        0.22274848890597254
                    ],
                    [
                        0.0,
                        1.0,
                        0.0,
                        0.0,
                        0.9672783281137585,
                        -0.9246338410162713
                    ],
                    [
                        0.0,
                        0.0,
                        1e-09,
                        7.865864846639339e-10,
                        1.709560361707483e-09,
                        -1.1031307483572079e-09
                    ],
                    [
                        -0.9505901614697372,
                        0.0,
                        7.865864846639339e-10,
                        1.9036216557017793,
                        2.6583142562692603,
                        -0.41628076225535204
                    ],
                    [
                        -1.8284004548790502,
                        0.9672783281137585,
                        1.709560361707483e-09,
                        2.6583142562692603,
                        6.125544434444568,
                        -2.4457919164509856
                    ],
                    [
                        0.22274848890597254,
                        -0.9246338410162713,
                        -1.1031307483572079e-09,
                        -0.41628076225535204,
                        -2.4457919164509856,
                        2.8601700125683367
                    ]
                ],
                "mui": [
                    0.0,
                    0.0,
                    1.0,
                    0.7865864846639339,
                    1.7095603617074828,
                    -1.1031307483572077
                ],
                "Ai": [
                    [
                        0.0,
                        0.0,
                        0.0,
                        0.0,
                        0.0,
                        0.0
                    ],
                    [
                        -0.0,
                        0.0,
                        0.0,
                        0.0,
                        0.0,
                        0.0
                    ],
                    [
                        0.0,
                        0.0,
                        0.0,
                        0.0,
                        0.0,
                        0.0
                    ],
                    [
                        -0.9505901614697372,
                        -0.0,
                        0.7865864846639339,
                        0.0,
                        0.0,
                        0.0
                    ],
                    [
                        -0.9536153232454535,
                        0.9672783281137585,
                        0.9857003961634847,
                        0.920254771289726,
                        0.0,
                        0.0
                    ],
                    [
                        -0.8832567473445747,
                        0.0,
                        -0.0,
                        0.6751451766416868,
                        -0.9559129095958905,
                        0.0
                    ]
                ]
            },
            "est_params": {
                "mui": [
                    0.0017305786100434717,
                    -0.007275671536235273,
                    0.9999994392363707,
                    0.7558653924716762,
                    1.6722622473110078,
                    -1.1095679426854248
                ],
                "Si": [
                    [
                        0.9764674356518149,
                        0.01544240485314955,
                        8.357764718555626e-07,
                        -0.9286294691044377,
                        -1.7771805318073521,
                        0.1944761623316538
                    ],
                    [
                        0.015442404853149553,
                        0.997546104756543,
                        1.4711457880124744e-07,
                        -0.02509888567469577,
                        0.925003706118488,
                        -0.9168536435216241
                    ],
                    [
                        8.357764718555628e-07,
                        1.471145788012474e-07,
                        1.0099089309652153e-06,
                        1.3848102971119522e-06,
                        -1.788323309032859e-07,
                        -1.3369405045586064e-07
                    ],
                    [
                        -0.9286294691044377,
                        -0.02509888567469578,
                        1.3848102971119522e-06,
                        1.8678462637579254,
                        2.554851838888277,
                        -0.36392154388570275
                    ],
                    [
                        -1.7771805318073521,
                        0.925003706118488,
                        -1.788323309032857e-07,
                        2.554851838888277,
                        5.8982743811294,
                        -2.3353000642495347
                    ],
                    [
                        0.1944761623316538,
                        -0.9168536435216241,
                        -1.3369405045586046e-07,
                        -0.3639215438857028,
                        -2.3353000642495347,
                        2.858060209408852
                    ]
                ]
            },
            "est_tgt": [
                2,
                3
            ],
            "oracle_est_tgt": [
                2
            ]
        },
        "3": {
            "intv_type": "do",
            "inode": 3,
            "new_mui": 1.0,
            "new_vari": null,
            "noise_type": "gaussian",
            "obs_noise_gamma_shape": null,
            "true_params": {
                "Si": [
                    [
                        1.0,
                        0.0,
                        -0.9143231015497294,
                        0.0,
                        -1.8548639666644477,
                        0.8898316639342123
                    ],
                    [
                        0.0,
                        1.0,
                        -0.6662601823251327,
                        0.0,
                        0.31054540244791956,
                        -0.29685435921561754
                    ],
                    [
                        -0.9143231015497294,
                        -0.6662601823251327,
                        2.279889364579436,
                        0.0,
                        2.4747413346617737,
                        -1.5580551410169363
                    ],
                    [
                        0.0,
                        0.0,
                        0.0,
                        1e-09,
                        9.20254771289726e-10,
                        -2.0453823935137596e-10
                    ],
                    [
                        -1.8548639666644477,
                        0.31054540244791956,
                        2.4747413346617737,
                        9.20254771289726e-10,
                        5.50856405365543,
                        -3.627386377641093
                    ],
                    [
                        0.8898316639342123,
                        -0.29685435921561754,
                        -1.5580551410169363,
                        -2.0453823935137596e-10,
                        -3.627386377641093,
                        3.681515645170559
                    ]
                ],
                "mui": [
                    0.0,
                    0.0,
                    0.0,
                    1.0,
                    0.920254771289726,
                    -0.20453823935137594
                ],
                "Ai": [
                    [
                        0.0,
                        0.0,
                        0.0,
                        0.0,
                        0.0,
                        0.0
                    ],
                    [
                        -0.0,
                        0.0,
                        0.0,
                        0.0,
                        0.0,
                        0.0
                    ],
                    [
                        -0.9143231015497294,
                        -0.6662601823251327,
                        0.0,
                        0.0,
                        0.0,
                        0.0
                    ],
                    [
                        0.0,
                        0.0,
                        0.0,
                        0.0,
                        0.0,
                        0.0
                    ],
                    [
                        -0.9536153232454535,
                        0.9672783281137585,
                        0.9857003961634847,
                        0.920254771289726,
                        0.0,
                        0.0
                    ],
                    [
                        -0.8832567473445747,
                        0.0,
                        -0.0,
                        0.6751451766416868,
                        -0.9559129095958905,
                        0.0
                    ]
                ]
            },
            "est_params": {
                "mui": [
                    -0.030793062752773916,
                    0.007187456088039737,
                    0.017919834300621426,
                    1.0000015847601367,
                    0.9722386645742873,
                    -0.22253666844289144
                ],
                "Si": [
                    [
                        1.0068961343236225,
                        0.005654979518544949,
                        -0.8837035561146462,
                        -1.68048207090304e-06,
                        -1.7957464162494219,
                        0.8238768161443728
                    ],
                    [
                        0.005654979518544943,
                        1.0044589854539097,
                        -0.6760154064962846,
                        1.1508297206775576e-06,
                        0.3065673755885586,
                        -0.2782582314166711
                    ],
                    [
                        -0.8837035561146462,
                        -0.6760154064962846,
                        2.2131778387693735,
                        -3.0503167066117517e-07,
                        2.312369292716098,
                        -1.4437378910841001
                    ],
                    [
                        -1.6804820709030405e-06,
                        1.1508297206775574e-06,
                        -3.050316706611746e-07,
                        1.007833942663928e-06,
                        1.0176239197633769e-06,
                        2.5993570300697517e-06
                    ],
                    [
                        -1.7957464162494219,
                        0.3065673755885586,
                        2.312369292716098,
                        1.0176239197633773e-06,
                        5.2545798223676465,
                        -3.435203702125792
                    ],
                    [
                        0.8238768161443728,
                        -0.27825823141667116,
                        -1.4437378910841,
                        2.5993570300697517e-06,
                        -3.4352037021257917,
                        3.5531324589638666
                    ]
                ]
            },
            "est_tgt": [
                3,
                4
            ],
            "oracle_est_tgt": [
                3,
                4
            ]
        },
        "4": {
            "intv_type": "do",
            "inode": 4,
            "new_mui": 1.0,
            "new_vari": null,
            "noise_type": "gaussian",
            "obs_noise_gamma_shape": null,
            "true_params": {
                "Si": [
                    [
                        1.0,
                        0.0,
                        -0.9143231015497294,
                        -1.6697843557647638,
                        0.0,
                        -2.010603601170901
                    ],
                    [
                        0.0,
                        1.0,
                        -0.6662601823251327,
                        -0.5240712546866778,
                        0.0,
                        -0.3538241798182675
                    ],
                    [
                        -0.9143231015497294,
                        -0.6662601823251327,
                        2.279889364579436,
                        2.6624767054448966,
                        0.0,
                        2.605140354298788
                    ],
                    [
                        -1.6697843557647638,
                        -0.5240712546866778,
                        2.6624767054448966,
                        4.681548772601581,
                        0.0,
                        4.635573371874408
                    ],
                    [
                        0.0,
                        0.0,
                        0.0,
                        0.0,
                        1e-09,
                        -9.559129095958906e-10
                    ],
                    [
                        -2.010603601170901,
                        -0.3538241798182675,
                        2.605140354298788,
                        4.635573371874408,
                        -9.559129095958906e-10,
                        5.905564200872914
                    ]
                ],
                "mui": [
                    0.0,
                    0.0,
                    0.0,
                    0.0,
                    1.0,
                    -0.9559129095958905
                ],
                "Ai": [
                    [
                        0.0,
                        0.0,
                        0.0,
                        0.0,
                        0.0,
                        0.0
                    ],
                    [
                        -0.0,
                        0.0,
                        0.0,
                        0.0,
                        0.0,
                        0.0
                    ],
                    [
                        -0.9143231015497294,
                        -0.6662601823251327,
                        0.0,
                        0.0,
                        0.0,
                        0.0
                    ],
                    [
                        -0.9505901614697372,
                        -0.0,
                        0.7865864846639339,
                        0.0,
                        0.0,
                        0.0
                    ],
                    [
                        0.0,
                        0.0,
                        0.0,
                        0.0,
                        0.0,
                        0.0
                    ],
                    [
                        -0.8832567473445747,
                        0.0,
                        -0.0,
                        0.6751451766416868,
                        -0.9559129095958905,
                        0.0
                    ]
                ]
            },
            "est_params": {
                "mui": [
                    0.01151084041668888,
                    -0.007909936778210188,
                    -0.018674668808760876,
                    -0.013410257681130213,
                    0.9999989606092131,
                    -0.9690856941343595
                ],
                "Si": [
                    [
                        0.9647513401378631,
                        0.02130476903543145,
                        -0.8513112139561787,
                        -1.5766232255852801,
                        5.926419148062917e-07,
                        -1.9086053308842805
                    ],
                    [
                        0.021304769035431447,
                        1.0077598964148122,
                        -0.707812206716813,
                        -0.5652551617615978,
                        -1.1818569642040113e-07,
                        -0.3716567326501538
                    ],
                    [
                        -0.8513112139561787,
                        -0.707812206716813,
                        2.1970087601127877,
                        2.5095299295973583,
                        1.30718074583765e-06,
                        2.449266684690499
                    ],
                    [
                        -1.5766232255852801,
                        -0.5652551617615977,
                        2.509529929597358,
                        4.4514923066026535,
                        2.0755362388513767e-07,
                        4.393100147047689
                    ],
                    [
                        5.926419148062916e-07,
                        -1.1818569642040128e-07,
                        1.307180745837651e-06,
                        2.0755362388513798e-07,
                        1.006168582600603e-06,
                        -4.4366709969343825e-07
                    ],
                    [
                        -1.90860533088428,
                        -0.3716567326501538,
                        2.449266684690499,
                        4.393100147047689,
                        -4.436670996934385e-07,
                        5.662682940857053
                    ]
                ]
            },
            "est_tgt": [
                0,
                3,
                4
            ],
            "oracle_est_tgt": [
                3,
                4
            ]
        },
        "5": {
            "intv_type": "do",
            "inode": 5,
            "new_mui": 1.0,
            "new_vari": null,
            "noise_type": "gaussian",
            "obs_noise_gamma_shape": null,
            "true_params": {
                "Si": [
                    [
                        1.0,
                        0.0,
                        -0.9143231015497294,
                        -1.6697843557647638,
                        -3.3914909870819128,
                        0.0
                    ],
                    [
                        0.0,
                        1.0,
                        -0.6662601823251327,
                        -0.5240712546866778,
                        -0.17173367017328886,
                        0.0
                    ],
                    [
                        -0.9143231015497294,
                        -0.6662601823251327,
                        2.279889364579436,
                        2.6624767054448966,
                        4.9248982262951895,
                        0.0
                    ],
                    [
                        -1.6697843557647638,
                        -0.5240712546866778,
                        2.6624767054448966,
                        4.681548772601581,
                        8.018031119472257,
                        0.0
                    ],
                    [
                        -3.3914909870819128,
                        -0.17173367017328886,
                        4.9248982262951895,
                        8.018031119472257,
                        16.30116904333196,
                        0.0
                    ],
                    [
                        0.0,
                        0.0,
                        0.0,
                        0.0,
                        0.0,
                        1e-09
                    ]
                ],
                "mui": [
                    0.0,
                    0.0,
                    0.0,
                    0.0,
                    0.0,
                    1.0
                ],
                "Ai": [
                    [
                        0.0,
                        0.0,
                        0.0,
                        0.0,
                        0.0,
                        0.0
                    ],
                    [
                        -0.0,
                        0.0,
                        0.0,
                        0.0,
                        0.0,
                        0.0
                    ],
                    [
                        -0.9143231015497294,
                        -0.6662601823251327,
                        0.0,
                        0.0,
                        0.0,
                        0.0
                    ],
                    [
                        -0.9505901614697372,
                        -0.0,
                        0.7865864846639339,
                        0.0,
                        0.0,
                        0.0
                    ],
                    [
                        -0.9536153232454535,
                        0.9672783281137585,
                        0.9857003961634847,
                        0.920254771289726,
                        0.0,
                        0.0
                    ],
                    [
                        0.0,
                        0.0,
                        0.0,
                        0.0,
                        0.0,
                        0.0
                    ]
                ]
            },
            "est_params": {
                "mui": [
                    -0.003281670817018123,
                    0.0003648252579531068,
                    0.0170892710350376,
                    0.03521875981817998,
                    0.07033727598676527,
                    1.000000061264087
                ],
                "Si": [
                    [
                        0.9773378850373183,
                        -0.020092113117433526,
                        -0.9021769007851713,
                        -1.6416555961677788,
                        -3.3604690156924035,
                        1.896908983281272e-06
                    ],
                    [
                        -0.020092113117433523,
                        0.9961936687517834,
                        -0.6271161230923349,
                        -0.4930770863630935,
                        -0.07765603808458997,
                        1.1073297016636096e-07
                    ],
                    [
                        -0.9021769007851713,
                        -0.6271161230923348,
                        2.2762927623007103,
                        2.667478919709802,
                        4.974363173077538,
                        -2.8866782716973295e-06
                    ],
                    [
                        -1.6416555961677788,
                        -0.4930770863630936,
                        2.667478919709802,
                        4.667478152108854,
                        8.045664460422428,
                        -4.402579691287142e-06
                    ],
                    [
                        -3.3604690156924035,
                        -0.07765603808458998,
                        4.974363173077538,
                        8.045664460422428,
                        16.53290290896818,
                        -7.3860031988502754e-06
                    ],
                    [
                        1.896908983281272e-06,
                        1.1073297016636106e-07,
                        -2.8866782716973295e-06,
                        -4.402579691287141e-06,
                        -7.386003198850277e-06,
                        1.011244350106639e-06
                    ]
                ]
            },
            "est_tgt": [
                5
            ],
            "oracle_est_tgt": [
                5
            ]
        },
        "obs": {
            "intv_type": "obs",
            "noise_type": "gaussian",
            "obs_noise_gamma_shape": null,
            "true_params": {
                "Si": [
                    [
                        1.0,
                        0.0,
                        -0.9143231015497294,
                        -1.6697843557647638,
                        -3.3914909870819128,
                        1.2313664161588087
                    ],
                    [
                        0.0,
                        1.0,
                        -0.6662601823251327,
                        -0.5240712546866778,
                        -0.17173367017328886,
                        -0.18966174748733797
                    ],
                    [
                        -0.9143231015497294,
                        -0.6662601823251327,
                        2.279889364579436,
                        2.6624767054448966,
                        4.9248982262951895,
                        -2.1026334386626875
                    ],
                    [
                        -1.6697843557647638,
                        -0.5240712546866778,
                        2.6624767054448966,
                        4.681548772601581,
                        8.018031119472257,
                        -3.028966084770712
                    ],
                    [
                        -3.3914909870819128,
                        -0.17173367017328886,
                        4.9248982262951895,
                        8.018031119472257,
                        16.30116904333196,
                        -7.173605595652864
                    ],
                    [
                        1.2313664161588087,
                        -0.18966174748733797,
                        -2.1026334386626875,
                        -3.028966084770712,
                        -7.173605595652864,
                        4.724737659363914
                    ]
                ],
                "mui": [
                    0.0,
