{
    "expt_args": {
        "save_dir": "all_expt_logs/expt_logs_sim_compsel_backward_cameraready_cutoff_var",
        "exp_name": "157",
        "num_nodes": 6,
        "num_tgt_prior": 7,
        "obs_noise_mean": 0.0,
        "obs_noise_var": 1.0,
        "obs_noise_gamma_shape": null,
        "noise_type": "gaussian",
        "max_edge_strength": 1.0,
        "graph_sparsity_method": "adj_dense_prop",
        "adj_dense_prop": 0.8,
        "num_parents": null,
        "new_noise_mean": 1.0,
        "mix_samples": 262144,
        "stage2_samples": 262144,
        "gmm_tol": 0.001,
        "intv_type": "do",
        "new_noise_var": null,
        "dtype": "simulation",
        "cutoff_drop_ratio": 0.04,
        "intv_targets": [
            0,
            1,
            2,
            3,
            4,
            5
        ]
    },
    "intv_args_dict": {
        "0": {
            "intv_type": "do",
            "inode": 0,
            "new_mui": 1.0,
            "new_vari": null,
            "noise_type": "gaussian",
            "obs_noise_gamma_shape": null,
            "true_params": {
                "Si": [
                    [
                        1e-09,
                        7.499215497753154e-10,
                        1.3084079104202484e-10,
                        3.923654890385841e-10,
                        -1.3970507859619476e-10,
                        -4.78072662355255e-10
                    ],
                    [
                        7.499215497753154e-10,
                        1.0000000005623824,
                        -0.7911777667450304,
                        -1.5056650290024027,
                        1.5945644758316078,
                        2.4054355266765564
                    ],
                    [
                        1.3084079104202484e-10,
                        -0.7911777667450304,
                        1.625962258764034,
                        1.980322915558196,
                        -2.1985035822262837,
                        -2.3773275313650166
                    ],
                    [
                        3.923654890385841e-10,
                        -1.5056650290024027,
                        1.980322915558196,
                        3.8896653052916985,
                        -3.1401790876262985,
                        -4.793297460553869
                    ],
                    [
                        -1.3970507859619476e-10,
                        1.5945644758316078,
                        -2.1985035822262837,
                        -3.1401790876262985,
                        4.420454244244825,
                        5.134051055209665
                    ],
                    [
                        -4.78072662355255e-10,
                        2.4054355266765564,
                        -2.3773275313650166,
                        -4.793297460553869,
                        5.134051055209665,
                        8.37629138643928
                    ]
                ],
                "mui": [
                    1.0,
                    0.7499215497753153,
                    0.13084079104202484,
                    0.39236548903858404,
                    -0.13970507859619474,
                    -0.478072662355255
                ],
                "Ai": [
                    [
                        0.0,
                        0.0,
                        0.0,
                        0.0,
                        0.0,
                        0.0
                    ],
                    [
                        0.7499215497753153,
                        0.0,
                        0.0,
                        0.0,
                        0.0,
                        0.0
                    ],
                    [
                        0.7241620481008135,
                        -0.7911777668431507,
                        0.0,
                        0.0,
                        0.0,
                        0.0
                    ],
                    [
                        0.9500785379822498,
                        -0.8813670500323807,
                        0.7890742200141112,
                        0.0,
                        0.0,
                        0.0
                    ],
                    [
                        -0.6570217099222062,
                        0.8532945024431035,
                        -0.9369196210492443,
                        -0.0,
                        0.0,
                        0.0
                    ],
                    [
                        -0.6198395506428748,
                        0.5986771688677981,
                        0.9552201958054835,
                        -0.7973379783797376,
                        0.8541413342046775,
                        0.0
                    ]
                ]
            },
            "est_params": {
                "mui": [
                    1.0000001674718577,
                    0.7476450585700527,
                    0.12906144892871874,
                    0.3935895660452192,
                    -0.14216870290498057,
                    -0.48365868124410016
                ],
                "Si": [
                    [
                        1.0125305530330953e-06,
                        -3.617859112794227e-07,
                        5.144109360163447e-07,
                        9.412908271041538e-07,
                        -1.3712377682994658e-06,
                        -1.1204673627470025e-06
                    ],
                    [
                        -3.6178591127942267e-07,
                        0.9999114945302733,
                        -0.7833417247621657,
                        -1.5079433060413698,
                        1.592542917354472,
                        2.413902044048047
                    ],
                    [
                        5.144109360163447e-07,
                        -0.7833417247621657,
                        1.6111698749289043,
                        1.9711103121736078,
                        -2.186150649790153,
                        -2.37838322318494
                    ],
                    [
                        9.412908271041536e-07,
                        -1.5079433060413698,
                        1.9711103121736078,
                        3.8946307315067172,
                        -3.1484321825491057,
                        -4.822762477346916
                    ],
                    [
                        -1.3712377682994658e-06,
                        1.592542917354472,
                        -2.1861506497901533,
                        -3.1484321825491053,
                        4.4119869372770255,
                        5.153420126804842
                    ],
                    [
                        -1.1204673627470018e-06,
                        2.413902044048047,
                        -2.37838322318494,
                        -4.822762477346915,
                        5.153420126804842,
                        8.417893568147266
                    ]
                ]
            },
            "est_tgt": [
                0
            ],
            "oracle_est_tgt": [
                0
            ]
        },
        "1": {
            "intv_type": "do",
            "inode": 1,
            "new_mui": 1.0,
            "new_vari": null,
            "noise_type": "gaussian",
            "obs_noise_gamma_shape": null,
            "true_params": {
                "Si": [
                    [
                        1.0,
                        0.0,
                        0.7241620481008135,
                        1.5214961412512205,
                        -1.335503341607065,
                        -2.281960600673999
                    ],
                    [
                        0.0,
                        1e-09,
                        -7.911777668431507e-10,
                        -1.505665029296646e-09,
                        1.5945644759363756e-09,
                        2.4054355270350733e-09
                    ],
                    [
                        0.7241620481008135,
                        -7.911777668431507e-10,
                        1.5244106725355273,
                        1.8908839830313284,
                        -1.9040404574144807,
                        -2.1267096869102518
                    ],
                    [
                        1.5214961412512205,
                        -1.505665029296646e-09,
                        1.8908839830313284,
                        3.937588634800259,
                        -2.7712623024794887,
                        -4.64351155911642
                    ],
                    [
                        -1.335503341607065,
                        1.5945644759363756e-09,
                        -1.9040404574144807,
                        -2.7712623024794887,
                        3.6613875542933325,
                        4.345995026028868
                    ],
                    [
                        -2.281960600673999,
                        2.4054355270350733e-09,
                        -2.1267096869102518,
                        -4.64351155911642,
                        4.345995026028868,
                        7.797515500302786
                    ]
                ],
                "mui": [
                    0.0,
                    1.0,
                    -0.7911777668431507,
                    -1.505665029296646,
                    1.5945644759363755,
                    2.405435527035073
                ],
                "Ai": [
                    [
                        0.0,
                        0.0,
                        0.0,
                        0.0,
                        0.0,
                        0.0
                    ],
                    [
                        0.0,
                        0.0,
                        0.0,
                        0.0,
                        0.0,
                        0.0
                    ],
                    [
                        0.7241620481008135,
                        -0.7911777668431507,
                        0.0,
                        0.0,
                        0.0,
                        0.0
                    ],
                    [
                        0.9500785379822498,
                        -0.8813670500323807,
                        0.7890742200141112,
                        0.0,
                        0.0,
                        0.0
                    ],
                    [
                        -0.6570217099222062,
                        0.8532945024431035,
                        -0.9369196210492443,
                        -0.0,
                        0.0,
                        0.0
                    ],
                    [
                        -0.6198395506428748,
                        0.5986771688677981,
                        0.9552201958054835,
                        -0.7973379783797376,
                        0.8541413342046775,
                        0.0
                    ]
                ]
            },
            "est_params": {
                "mui": [
                    -0.0045767843574374655,
                    1.000000135495293,
                    -0.7966069261224907,
                    -1.5147749804948734,
                    1.5996504742185869,
                    2.411899036027656
                ],
                "Si": [
                    [
                        1.00199244797957,
                        5.256995810055447e-07,
                        0.7256445361176455,
                        1.5149661457257841,
                        -1.336368786182352,
                        -2.279373789099172
                    ],
                    [
                        5.256995810055447e-07,
                        1.0112435792761776e-06,
                        5.37324984721449e-07,
                        1.367180103228185e-06,
                        -4.836800164375354e-07,
                        -7.696232635454164e-07
                    ],
                    [
                        0.7256445361176455,
                        5.373249847214489e-07,
                        1.5245966886615103,
                        1.8896417848705716,
                        -1.9050776793445787,
                        -2.1387534984805767
                    ],
                    [
                        1.5149661457257844,
                        1.367180103228185e-06,
                        1.8896417848705716,
                        3.9043770893171903,
                        -2.7649298049157776,
                        -4.620551406709178
                    ],
                    [
                        -1.336368786182352,
                        -4.836800164375352e-07,
                        -1.9050776793445787,
                        -2.764929804915777,
                        3.6647867819319995,
                        4.35682070363824
                    ],
                    [
                        -2.279373789099172,
                        -7.69623263545416e-07,
                        -2.138753498480577,
                        -4.620551406709178,
                        4.35682070363824,
                        7.782363403865412
                    ]
                ]
            },
            "est_tgt": [
                1
            ],
            "oracle_est_tgt": [
                1
            ]
        },
        "2": {
            "intv_type": "do",
            "inode": 2,
            "new_mui": 1.0,
            "new_vari": null,
            "noise_type": "gaussian",
            "obs_noise_gamma_shape": null,
            "true_params": {
                "Si": [
                    [
                        1.0,
                        0.7499215497753153,
                        0.0,
                        0.289122393901069,
                        -0.017117774235317473,
                        -0.4160279039317945
                    ],
                    [
                        0.7499215497753153,
                        1.5623823308174107,
                        0.0,
                        -0.6645479363233419,
                        0.8404575146598502,
                        1.7182704050710909
                    ],
                    [
                        0.0,
                        0.0,
                        1e-09,
                        7.890742200141112e-10,
                        -9.369196210492444e-10,
                        -4.742004227376787e-10
                    ],
                    [
                        0.289122393901069,
                        -0.6645479363233419,
                        7.890742200141112e-10,
                        1.860399636160504,
                        -0.7570147910315983,
                        -2.7070240795567075
                    ],
                    [
                        -0.017117774235317473,
                        0.8404575146598502,
                        -9.369196210492444e-10,
                        -0.7570147910315983,
                        1.7284045269722133,
                        2.5936713898234305
                    ],
                    [
                        -0.4160279039317945,
                        1.7182704050710909,
                        -4.742004227376787e-10,
                        -2.7070240795567075,
                        2.5936713898234305,
                        6.6603348584435995
                    ]
                ],
                "mui": [
                    0.0,
                    0.0,
                    1.0,
                    0.7890742200141112,
                    -0.9369196210492443,
                    -0.4742004227376787
                ],
                "Ai": [
                    [
                        0.0,
                        0.0,
                        0.0,
                        0.0,
                        0.0,
                        0.0
                    ],
                    [
                        0.7499215497753153,
                        0.0,
                        0.0,
                        0.0,
                        0.0,
                        0.0
                    ],
                    [
                        0.0,
                        0.0,
                        0.0,
                        0.0,
                        0.0,
                        0.0
                    ],
                    [
                        0.9500785379822498,
                        -0.8813670500323807,
                        0.7890742200141112,
                        0.0,
                        0.0,
                        0.0
                    ],
                    [
                        -0.6570217099222062,
                        0.8532945024431035,
                        -0.9369196210492443,
                        -0.0,
                        0.0,
                        0.0
                    ],
                    [
                        -0.6198395506428748,
                        0.5986771688677981,
                        0.9552201958054835,
                        -0.7973379783797376,
                        0.8541413342046775,
                        0.0
                    ]
                ]
            },
            "est_params": {
                "mui": [
                    -0.00636309370659617,
                    -0.007220503348345296,
                    1.0000003236429094,
                    0.7917720661250195,
                    -0.9405234974895368,
                    -0.48248718206420266
                ],
                "Si": [
                    [
                        1.0059676133110311,
                        0.7508417657318271,
                        5.339377634857263e-07,
                        0.30188355468647987,
                        -0.0192849541798982,
                        -0.4383246256186979
                    ],
                    [
                        0.7508417657318271,
                        1.5565205311564911,
                        1.6982338169208717e-07,
                        -0.6444679976221716,
                        0.829701936195678,
                        1.6805042536417671
                    ],
                    [
                        5.339377634857262e-07,
                        1.6982338169208715e-07,
                        1.0102215223021398e-06,
                        1.4991067464964516e-07,
                        2.0602138555315755e-07,
                        3.8932838193029375e-07
                    ],
                    [
                        0.30188355468647987,
                        -0.6444679976221716,
                        1.4991067464964524e-07,
                        1.839724589221992,
                        -0.7399721187398658,
                        -2.6605112987129322
                    ],
                    [
                        -0.019284954179898207,
                        0.829701936195678,
                        2.0602138555315755e-07,
                        -0.7399721187398658,
                        1.716493110844714,
                        2.5605211879541727
                    ],
                    [
                        -0.438324625618698,
                        1.6805042536417671,
                        3.893283819302937e-07,
                        -2.6605112987129322,
                        2.5605211879541727,
                        6.581095543961194
                    ]
                ]
            },
            "est_tgt": [
                2,
                4
            ],
            "oracle_est_tgt": [
                2,
                4
            ]
        },
        "3": {
            "intv_type": "do",
            "inode": 3,
            "new_mui": 1.0,
            "new_vari": null,
            "noise_type": "gaussian",
            "obs_noise_gamma_shape": null,
            "true_params": {
                "Si": [
                    [
                        1.0,
                        0.7499215497753153,
                        0.13084079104202484,
                        0.0,
                        -0.13970507859619474,
                        -0.16522475653925325
                    ],
                    [
                        0.7499215497753153,
                        1.5623823308174107,
                        -0.6930574380510872,
                        0.0,
                        1.489796626884035,
                        1.0810060109734507
                    ],
                    [
                        0.13084079104202484,
                        -0.6930574380510872,
                        1.6430815713474178,
                        0.0,
                        -2.2167827052041194,
                        -0.81995899915848
                    ],
                    [
                        0.0,
                        0.0,
                        0.0,
                        1e-09,
                        0.0,
                        -7.973379783797377e-10
                    ],
                    [
                        -0.13970507859619474,
                        1.489796626884035,
                        -2.2167827052041194,
                        0.0,
                        4.439971753210877,
                        2.6533497473066534
                    ],
                    [
                        -0.16522475653925325,
                        1.0810060109734507,
                        -0.81995899915848,
                        -7.973379783797377e-10,
                        2.6533497473066534,
                        3.2326807552102914
                    ]
                ],
                "mui": [
                    0.0,
                    0.0,
                    0.0,
                    1.0,
                    0.0,
                    -0.7973379783797376
                ],
                "Ai": [
                    [
                        0.0,
                        0.0,
                        0.0,
                        0.0,
                        0.0,
                        0.0
                    ],
                    [
                        0.7499215497753153,
                        0.0,
                        0.0,
                        0.0,
                        0.0,
                        0.0
                    ],
                    [
                        0.7241620481008135,
                        -0.7911777668431507,
                        0.0,
                        0.0,
                        0.0,
                        0.0
                    ],
                    [
                        0.0,
                        0.0,
                        0.0,
                        0.0,
                        0.0,
                        0.0
                    ],
                    [
                        -0.6570217099222062,
                        0.8532945024431035,
                        -0.9369196210492443,
                        -0.0,
                        0.0,
                        0.0
                    ],
                    [
                        -0.6198395506428748,
                        0.5986771688677981,
                        0.9552201958054835,
                        -0.7973379783797376,
                        0.8541413342046775,
                        0.0
                    ]
                ]
            },
            "est_params": {
                "mui": [
                    0.0031293709888657747,
                    -0.0008825124947878365,
                    -0.00173565925678244,
                    0.9999997905686969,
                    -0.0012381172394851454,
                    -0.8074797043909573
                ],
                "Si": [
                    [
                        0.9932435650457048,
                        0.752017938351847,
                        0.11393678968760254,
                        2.748728574230311e-07,
                        -0.11733115470402203,
                        -0.1568968566737977
                    ],
                    [
                        0.7520179383518472,
                        1.561030889847373,
                        -0.7007113505980506,
                        1.580567110720473e-07,
                        1.497690731759169,
                        1.0748966818254424
                    ],
                    [
                        0.11393678968760254,
                        -0.7007113505980506,
                        1.6319461510177846,
                        6.050766459316161e-08,
                        -2.2120151122735576,
                        -0.8143278925094325
                    ],
                    [
                        2.748728574230311e-07,
                        1.580567110720473e-07,
                        6.050766459316164e-08,
                        1.008039624888996e-06,
                        -5.118955814502377e-07,
                        1.6646102160910573e-08
                    ],
                    [
                        -0.11733115470402203,
                        1.497690731759169,
                        -2.2120151122735576,
                        -5.11895581450238e-07,
                        4.433711305797253,
                        2.634024799007759
                    ],
                    [
                        -0.1568968566737977,
                        1.0748966818254424,
                        -0.8143278925094325,
                        1.6646102160910447e-08,
                        2.634024799007759,
                        3.2147432403251477
                    ]
                ]
            },
            "est_tgt": [
                3
            ],
            "oracle_est_tgt": [
                3
            ]
        },
        "4": {
            "intv_type": "do",
            "inode": 4,
            "new_mui": 1.0,
            "new_vari": null,
            "noise_type": "gaussian",
            "obs_noise_gamma_shape": null,
            "true_params": {
                "Si": [
                    [
                        1.0,
                        0.7499215497753153,
                        0.13084079104202484,
                        0.39236548903858404,
                        0.0,
                        -0.3587447801279319
                    ],
                    [
                        0.7499215497753153,
                        1.5623823308174107,
                        -0.6930574380510872,
                        -1.2114216936784816,
                        0.0,
                        0.7744216565960513
                    ],
                    [
                        0.13084079104202484,
                        -0.6930574380510872,
                        1.6430815713474178,
                        2.031660326470258,
                        0.0,
                        -0.5464331991556927
                    ],
                    [
                        0.39236548903858404,
                        -1.2114216936784816,
                        2.031660326470258,
                        4.043615982126235,
                        0.0,
                        -2.2518997759612915
                    ],
                    [
                        0.0,
                        0.0,
                        0.0,
                        0.0,
                        1e-09,
                        8.541413342046776e-10
                    ],
                    [
                        -0.3587447801279319,
                        0.7744216565960513,
                        -0.5464331991556927,
                        -2.2518997759612915,
                        8.541413342046776e-10,
                        2.959553956307009
                    ]
                ],
                "mui": [
                    0.0,
                    0.0,
                    0.0,
                    0.0,
                    1.0,
                    0.8541413342046775
                ],
                "Ai": [
                    [
                        0.0,
                        0.0,
                        0.0,
                        0.0,
                        0.0,
                        0.0
                    ],
                    [
                        0.7499215497753153,
                        0.0,
                        0.0,
                        0.0,
                        0.0,
                        0.0
                    ],
                    [
                        0.7241620481008135,
                        -0.7911777668431507,
                        0.0,
                        0.0,
                        0.0,
                        0.0
                    ],
                    [
                        0.9500785379822498,
                        -0.8813670500323807,
                        0.7890742200141112,
                        0.0,
                        0.0,
                        0.0
                    ],
                    [
                        0.0,
                        0.0,
                        0.0,
                        0.0,
                        0.0,
                        0.0
                    ],
                    [
                        -0.6198395506428748,
                        0.5986771688677981,
                        0.9552201958054835,
                        -0.7973379783797376,
                        0.8541413342046775,
                        0.0
                    ]
                ]
            },
            "est_params": {
                "mui": [
                    -6.508177395091679e-05,
                    0.0024298282375956833,
                    -0.014508682000563435,
                    -0.007275713347405512,
                    1.0000003507443211,
                    0.8458246876228174
                ],
                "Si": [
                    [
                        0.9905313286120062,
                        0.75345372984227,
                        0.12501704878975933,
                        0.37636710725340206,
                        1.639747492215743e-07,
                        -0.33675560406450444
                    ],
                    [
                        0.7534537298422699,
                        1.583074685098817,
                        -0.7091933877963464,
                        -1.2417099844322115,
                        -7.004687504457377e-07,
                        0.7993298424116133
                    ],
                    [
                        0.12501704878975933,
                        -0.7091933877963464,
                        1.6547133252986392,
                        2.0471339652434217,
                        2.8033366806508215e-08,
                        -0.5564366025830401
                    ],
                    [
                        0.376367107253402,
                        -1.2417099844322117,
                        2.0471339652434217,
                        4.068402191182418,
                        1.1495995001618804e-07,
                        -2.26819727851677
                    ],
                    [
                        1.6397474922157434e-07,
                        -7.004687504457377e-07,
                        2.8033366806508378e-08,
                        1.1495995001618813e-07,
                        1.010972843282328e-06,
                        -5.905538144237954e-07
                    ],
                    [
                        -0.33675560406450444,
                        0.7993298424116132,
                        -0.5564366025830401,
                        -2.2681972785167703,
                        -5.905538144237955e-07,
                        2.953599032886669
                    ]
                ]
            },
            "est_tgt": [
                2,
                4
            ],
            "oracle_est_tgt": [
                2,
                4
            ]
        },
        "5": {
            "intv_type": "do",
            "inode": 5,
            "new_mui": 1.0,
            "new_vari": null,
            "noise_type": "gaussian",
            "obs_noise_gamma_shape": null,
            "true_params": {
                "Si": [
                    [
                        1.0,
                        0.7499215497753153,
                        0.13084079104202484,
                        0.39236548903858404,
                        -0.13970507859619474,
                        0.0
                    ],
                    [
                        0.7499215497753153,
                        1.5623823308174107,
                        -0.6930574380510872,
                        -1.2114216936784816,
                        1.489796626884035,
                        0.0
                    ],
                    [
                        0.13084079104202484,
                        -0.6930574380510872,
                        1.6430815713474178,
                        2.031660326470258,
                        -2.2167827052041194,
                        0.0
                    ],
                    [
                        0.39236548903858404,
                        -1.2114216936784816,
                        2.031660326470258,
                        4.043615982126235,
                        -3.1949945390560526,
                        0.0
                    ],
                    [
                        -0.13970507859619474,
                        1.489796626884035,
                        -2.2167827052041194,
                        -3.1949945390560526,
                        4.439971753210877,
                        0.0
                    ],
                    [
                        0.0,
                        0.0,
                        0.0,
                        0.0,
                        0.0,
                        1e-09
                    ]
                ],
                "mui": [
                    0.0,
                    0.0,
                    0.0,
                    0.0,
                    0.0,
                    1.0
                ],
                "Ai": [
                    [
                        0.0,
                        0.0,
                        0.0,
                        0.0,
                        0.0,
                        0.0
                    ],
                    [
                        0.7499215497753153,
                        0.0,
                        0.0,
                        0.0,
                        0.0,
                        0.0
                    ],
                    [
                        0.7241620481008135,
                        -0.7911777668431507,
                        0.0,
                        0.0,
                        0.0,
                        0.0
                    ],
                    [
                        0.9500785379822498,
                        -0.8813670500323807,
                        0.7890742200141112,
                        0.0,
                        0.0,
                        0.0
                    ],
                    [
                        -0.6570217099222062,
                        0.8532945024431035,
                        -0.9369196210492443,
                        -0.0,
                        0.0,
                        0.0
                    ],
                    [
                        0.0,
                        0.0,
                        0.0,
                        0.0,
                        0.0,
                        0.0
                    ]
                ]
            },
            "est_params": {
                "mui": [
                    0.006256282661663044,
                    0.006777300033563678,
                    0.00038941675451014746,
                    0.0015630000656680764,
                    0.0065775196132580975,
                    1.0000003397473254
                ],
                "Si": [
                    [
                        1.0083844543142508,
                        0.7523479230120812,
                        0.14295833627868085,
                        0.4096050601659636,
                        -0.155800879546555,
                        -1.1122867928465155e-06
                    ],
                    [
                        0.7523479230120812,
                        1.5566914634361588,
                        -0.6735123364981076,
                        -1.1997814538069418,
                        1.4638413887136592,
                        -8.516436026220417e-07
                    ],
                    [
                        0.1429583362786809,
                        -0.6735123364981076,
                        1.6270608921936756,
                        2.035994454348297,
                        -2.1979944123534514,
                        3.0687680315041823e-07
                    ],
                    [
                        0.4096050601659636,
                        -1.1997814538069418,
                        2.035994454348297,
                        4.084093759492804,
                        -3.196151795097365,
                        -1.6610664290128114e-07
                    ],
                    [
                        -0.15580087954655497,
                        1.4638413887136592,
                        -2.1979944123534514,
                        -3.1961517950973652,
                        4.415400155865549,
                        -3.2421672272537296e-07
                    ],
                    [
                        -1.1122867928465155e-06,
                        -8.516436026220417e-07,
                        3.0687680315041834e-07,
                        -1.66106642901281e-07,
                        -3.2421672272537296e-07,
                        1.0080378540503375e-06
                    ]
                ]
            },
            "est_tgt": [
                5
            ],
            "oracle_est_tgt": [
                5
            ]
        },
        "obs": {
            "intv_type": "obs",
            "noise_type": "gaussian",
            "obs_noise_gamma_shape": null,
            "true_params": {
                "Si": [
                    [
                        1.0,
                        0.7499215497753153,
                        0.13084079104202484,
                        0.39236548903858404,
                        -0.13970507859619474,
                        -0.478072662355255
                    ],
                    [
                        0.7499215497753153,
                        1.5623823308174107,
                        -0.6930574380510872,
                        -1.2114216936784816,
                        1.489796626884035,
                        2.046918535176409
                    ],
                    [
                        0.13084079104202484,
                        -0.6930574380510872,
                        1.6430815713474178,
                        2.031660326470258,
                        -2.2167827052041194,
                        -2.4398789366205933
                    ],
                    [
                        0.39236548903858404,
                        -1.2114216936784816,
                        2.031660326470258,
                        4.043615982126235,
                        -3.1949945390560526,
                        -4.980876674327288
                    ],
                    [
                        -0.13970507859619474,
                        1.489796626884035,
                        -2.2167827052041194,
                        -3.1949945390560526,
                        4.439971753210877,
                        5.200840234011909
