{
    "expt_args": {
        "save_dir": "all_expt_logs/expt_logs_sim_compsel_backwardbugfixed_cameraready_half_density_var",
        "exp_name": "25",
        "num_nodes": 6,
        "num_tgt_prior": 7,
        "obs_noise_mean": 0.0,
        "obs_noise_var": 1.0,
        "obs_noise_gamma_shape": null,
        "noise_type": "gaussian",
        "max_edge_strength": 1.0,
        "graph_sparsity_method": "adj_dense_prop",
        "adj_dense_prop": 0.6,
        "num_parents": null,
        "new_noise_mean": 1.0,
        "mix_samples": 8192,
        "stage2_samples": 8192,
        "gmm_tol": 0.001,
        "intv_type": "do",
        "new_noise_var": null,
        "dtype": "simulation",
        "cutoff_drop_ratio": 0.07,
        "intv_targets": [
            1,
            3,
            4
        ]
    },
    "intv_args_dict": {
        "1": {
            "intv_type": "do",
            "inode": 1,
            "new_mui": 1.0,
            "new_vari": null,
            "noise_type": "gaussian",
            "obs_noise_gamma_shape": null,
            "true_params": {
                "Si": [
                    [
                        1.0,
                        0.0,
                        -0.826523051648892,
                        -0.1706769474178137,
                        0.13581120698408658,
                        0.4899856768592087
                    ],
                    [
                        0.0,
                        1e-09,
                        7.768090234529907e-10,
                        -7.133941634174809e-10,
                        1.227377705061741e-09,
                        -1.6436203089646117e-09
                    ],
                    [
                        -0.826523051648892,
                        7.768090234529907e-10,
                        1.6831403555104292,
                        -0.7772964978032547,
                        0.61851103640967,
                        -1.7793304246692627
                    ],
                    [
                        -0.1706769474178137,
                        -7.133941634174809e-10,
                        -0.7772964978032547,
                        1.8725247631089816,
                        -1.4900070109831713,
                        1.8732883326111696
                    ],
                    [
                        0.13581120698408658,
                        1.227377705061741e-09,
                        0.61851103640967,
                        -1.4900070109831713,
                        2.1856296575260616,
                        -2.363742969925183
                    ],
                    [
                        0.4899856768592087,
                        -1.6436203089646117e-09,
                        -1.7793304246692627,
                        1.8732883326111696,
                        -2.363742969925183,
                        4.373966380357929
                    ]
                ],
                "mui": [
                    0.0,
                    1.0,
                    0.7768090234529906,
                    -0.7133941634174809,
                    1.227377705061741,
                    -1.6436203089646115
                ],
                "Ai": [
                    [
                        0.0,
                        0.0,
                        0.0,
                        0.0,
                        0.0,
                        0.0
                    ],
                    [
                        0.0,
                        0.0,
                        0.0,
                        0.0,
                        0.0,
                        0.0
                    ],
                    [
                        -0.826523051648892,
                        0.7768090234529906,
                        0.0,
                        0.0,
                        0.0,
                        0.0
                    ],
                    [
                        -0.929726730793569,
                        0.0,
                        -0.9183649286749725,
                        0.0,
                        0.0,
                        0.0
                    ],
                    [
                        0.0,
                        0.659715089489214,
                        -0.0,
                        -0.7957208576716779,
                        0.0,
                        0.0
                    ],
                    [
                        -0.0,
                        -0.0,
                        -0.7362968200912725,
                        0.0,
                        -0.8731283701491548,
                        0.0
                    ]
                ]
            },
            "est_params": {
                "mui": [
                    0.04293699968796284,
                    1.0000006350596276,
                    0.7274195171542616,
                    -0.7013952490061763,
                    1.1736984041602394,
                    -1.5607953590000403
                ],
                "Si": [
                    [
                        0.9956775663219545,
                        -5.089441382790591e-07,
                        -0.79577225211615,
                        -0.19796393136965162,
                        0.14596031164677337,
                        0.47297647357429334
                    ],
                    [
                        -5.089441382790592e-07,
                        1.0051302965101507e-06,
                        2.0327630959620053e-06,
                        -8.271255455265856e-07,
                        -2.568313021957388e-06,
                        -9.170215012751388e-07
                    ],
                    [
                        -0.79577225211615,
                        2.0327630959620057e-06,
                        1.6095601220421425,
                        -0.7719998662225767,
                        0.6173868491274335,
                        -1.7207884350027918
                    ],
                    [
                        -0.19796393136965165,
                        -8.271255455265854e-07,
                        -0.7719998662225765,
                        1.9846786335246822,
                        -1.5887211654786313,
                        1.9276935042928314
                    ],
                    [
                        0.14596031164677337,
                        -2.568313021957389e-06,
                        0.6173868491274334,
                        -1.5887211654786313,
                        2.299137137310342,
                        -2.4225566879028775
                    ],
                    [
                        0.47297647357429334,
                        -9.170215012751389e-07,
                        -1.7207884350027918,
                        1.9276935042928314,
                        -2.422556687902877,
                        4.353747099207909
                    ]
                ]
            },
            "est_tgt": [
                1
            ],
            "oracle_est_tgt": [
                1
            ]
        },
        "3": {
            "intv_type": "do",
            "inode": 3,
            "new_mui": 1.0,
            "new_vari": null,
            "noise_type": "gaussian",
            "obs_noise_gamma_shape": null,
            "true_params": {
                "Si": [
                    [
                        1.0,
                        0.8021461990024119,
                        -0.20340864613530008,
                        0.0,
                        0.529187951458309,
                        -0.312279874230871
                    ],
                    [
                        0.8021461990024119,
                        1.6434385245740168,
                        0.613645551111333,
                        0.0,
                        1.0842011933093694,
                        -1.3984720887744095
                    ],
                    [
                        -0.20340864613530008,
                        0.613645551111333,
                        1.6448073362405848,
                        0.0,
                        0.4048312296660711,
                        -1.5645360430805537
                    ],
                    [
                        0.0,
                        0.0,
                        0.0,
                        1e-09,
                        -7.957208576716779e-10,
                        6.947664555525597e-10
                    ],
                    [
                        0.529187951458309,
                        1.0842011933093694,
                        0.4048312296660711,
                        -7.957208576716779e-10,
                        1.715263887901575,
                        -1.7957215098959725
                    ],
                    [
                        -0.312279874230871,
                        -1.3984720887744095,
                        -1.5645360430805537,
                        6.947664555525597e-10,
                        -1.7957215098959725,
                        3.7198583086156436
                    ]
                ],
                "mui": [
                    0.0,
                    0.0,
                    0.0,
                    1.0,
                    -0.7957208576716779,
                    0.6947664555525597
                ],
                "Ai": [
                    [
                        0.0,
                        0.0,
                        0.0,
                        0.0,
                        0.0,
                        0.0
                    ],
                    [
                        0.8021461990024119,
                        0.0,
                        0.0,
                        0.0,
                        0.0,
                        0.0
                    ],
                    [
                        -0.826523051648892,
                        0.7768090234529906,
                        0.0,
                        0.0,
                        0.0,
                        0.0
                    ],
                    [
                        0.0,
                        0.0,
                        0.0,
                        0.0,
                        0.0,
                        0.0
                    ],
                    [
                        0.0,
                        0.659715089489214,
                        -0.0,
                        -0.7957208576716779,
                        0.0,
                        0.0
                    ],
                    [
                        -0.0,
                        -0.0,
                        -0.7362968200912725,
                        0.0,
                        -0.8731283701491548,
                        0.0
                    ]
                ]
            },
            "est_params": {
                "mui": [
                    -0.01847652990133463,
                    -0.07539199075946533,
                    -0.039570255863390164,
                    0.9999974316871265,
                    -0.87199883927306,
                    0.7899926239215889
                ],
                "Si": [
                    [
                        1.0345498480928528,
                        0.8150134740379579,
                        -0.19803482681180695,
                        3.661479882938481e-07,
                        0.5181758132037894,
                        -0.323517857802763
                    ],
                    [
                        0.8150134740379579,
                        1.5983244180148264,
                        0.6156881972994724,
                        -3.5721182482895626e-07,
                        1.0458741251102115,
                        -1.405782083830474
                    ],
                    [
                        -0.19803482681180695,
                        0.6156881972994724,
                        1.6983607555487459,
                        2.4138620614203954e-06,
                        0.4403203616732924,
                        -1.6350561702686912
                    ],
                    [
                        3.6614798829384895e-07,
                        -3.572118248289566e-07,
                        2.4138620614203954e-06,
                        1.0094475171063665e-06,
                        3.7376008219653545e-06,
                        -2.989679002917726e-06
                    ],
                    [
                        0.5181758132037894,
                        1.0458741251102117,
                        0.4403203616732924,
                        3.7376008219653545e-06,
                        1.6454429227220928,
                        -1.7892986374969349
                    ],
                    [
                        -0.323517857802763,
                        -1.4057820838304738,
                        -1.6350561702686912,
                        -2.989679002917726e-06,
                        -1.7892986374969349,
                        3.7955336890713056
                    ]
                ]
            },
            "est_tgt": [
                3
            ],
            "oracle_est_tgt": [
                3
            ]
        },
        "4": {
            "intv_type": "do",
            "inode": 4,
            "new_mui": 1.0,
            "new_vari": null,
            "noise_type": "gaussian",
            "obs_noise_gamma_shape": null,
            "true_params": {
                "Si": [
                    [
                        1.0,
                        0.8021461990024119,
                        -0.20340864613530008,
                        -0.7429233639936514,
                        0.0,
                        0.14976913932849234
                    ],
                    [
                        0.8021461990024119,
                        1.6434385245740168,
                        0.613645551111333,
                        -1.3093273159950738,
                        0.0,
                        -0.4518252679464309
                    ],
                    [
                        -0.20340864613530008,
                        0.613645551111333,
                        1.6448073362405848,
                        -1.3214189164441377,
                        0.0,
                        -1.2110664113367389
                    ],
                    [
                        -0.7429233639936514,
                        -1.3093273159950738,
                        -1.3214189164441377,
                        2.904260499385958,
                        0.0,
                        0.9729565461862735
                    ],
                    [
                        0.0,
                        0.0,
                        0.0,
                        0.0,
                        1e-09,
                        -8.731283701491549e-10
                    ],
                    [
                        0.14976913932849234,
                        -0.4518252679464309,
                        -1.2110664113367389,
                        0.9729565461862735,
                        -8.731283701491549e-10,
                        1.891704348348943
                    ]
                ],
                "mui": [
                    0.0,
                    0.0,
                    0.0,
                    0.0,
                    1.0,
                    -0.8731283701491548
                ],
                "Ai": [
                    [
                        0.0,
                        0.0,
                        0.0,
                        0.0,
                        0.0,
                        0.0
                    ],
                    [
                        0.8021461990024119,
                        0.0,
                        0.0,
                        0.0,
                        0.0,
                        0.0
                    ],
                    [
                        -0.826523051648892,
                        0.7768090234529906,
                        0.0,
                        0.0,
                        0.0,
                        0.0
                    ],
                    [
                        -0.929726730793569,
                        0.0,
                        -0.9183649286749725,
                        0.0,
                        0.0,
                        0.0
                    ],
                    [
                        0.0,
                        0.0,
                        0.0,
                        0.0,
                        0.0,
                        0.0
                    ],
                    [
                        -0.0,
                        -0.0,
                        -0.7362968200912725,
                        0.0,
                        -0.8731283701491548,
                        0.0
                    ]
                ]
            },
            "est_params": {
                "mui": [
                    -0.005281869850144728,
                    -0.022420253734210322,
                    -5.467090867857846e-05,
                    0.008045478024566875,
                    0.9999991779463495,
                    -0.8727863681728448
                ],
                "Si": [
                    [
                        0.9528087838822823,
                        0.7508609758651397,
                        -0.2462998383091417,
                        -0.6510975600929765,
                        -2.6033153968361035e-07,
                        0.18853327313632867
                    ],
                    [
                        0.7508609758651396,
                        1.5902647174674294,
                        0.5908087636764577,
                        -1.2609868150471284,
                        8.039703346381113e-07,
                        -0.43284342039356094
                    ],
                    [
                        -0.2462998383091417,
                        0.5908087636764576,
                        1.672286980366999,
                        -1.3176735113598266,
                        1.355009602033258e-06,
                        -1.2063028473799018
                    ],
                    [
                        -0.6510975600929765,
                        -1.2609868150471284,
                        -1.3176735113598266,
                        2.816436000296873,
                        6.720282440189778e-08,
                        0.9326151962605943
                    ],
                    [
                        -2.6033153968361025e-07,
                        8.039703346381113e-07,
                        1.3550096020332577e-06,
                        6.72028244018981e-08,
                        1.0081385986132088e-06,
                        -2.0516679939557264e-06
                    ],
                    [
                        0.1885332731363287,
                        -0.43284342039356094,
                        -1.2063028473799018,
                        0.9326151962605943,
                        -2.0516679939557264e-06,
                        1.8531215538486763
                    ]
                ]
            },
            "est_tgt": [
                4
            ],
            "oracle_est_tgt": [
                4
            ]
        },
        "obs": {
            "intv_type": "obs",
            "noise_type": "gaussian",
            "obs_noise_gamma_shape": null,
            "true_params": {
                "Si": [
                    [
                        1.0,
                        0.8021461990024119,
                        -0.20340864613530008,
                        -0.7429233639936514,
                        1.1203475678396655,
                        -0.8284381065799244
                    ],
                    [
                        0.8021461990024119,
                        1.6434385245740168,
                        0.613645551111333,
                        -1.3093273159950738,
                        2.1260602481659254,
                        -2.308148787266453
                    ],
                    [
                        -0.20340864613530008,
                        0.613645551111333,
                        1.6448073362405848,
                        -1.3214189164441377,
                        1.4563118232025796,
                        -2.482613579958551
                    ],
                    [
                        -0.7429233639936514,
                        -1.3093273159950738,
                        -1.3214189164441377,
                        2.904260499385958,
                        -3.1747636429157327,
                        3.7449327513340807
                    ],
                    [
                        1.1203475678396655,
                        2.1260602481659254,
                        1.4563118232025796,
                        -3.1747636429157327,
                        4.928819675724011,
                        -5.375770054709374
                    ],
                    [
                        -0.8284381065799244,
                        -2.308148787266453,
                        -2.482613579958551,
                        3.7449327513340807,
                        -5.375770054709374,
                        7.52167783060392
                    ]
                ],
                "mui": [
                    0.0,
                    0.0,
                    0.0,
                    0.0,
                    0.0,
                    0.0
                ],
                "Ai": [
                    [
                        0.0,
                        0.0,
                        0.0,
                        0.0,
                        0.0,
                        0.0
                    ],
                    [
                        0.8021461990024119,
                        0.0,
                        0.0,
                        0.0,
                        0.0,
                        0.0
                    ],
                    [
                        -0.826523051648892,
                        0.7768090234529906,
                        0.0,
                        0.0,
                        0.0,
                        0.0
                    ],
                    [
                        -0.929726730793569,
                        0.0,
                        -0.9183649286749725,
                        0.0,
                        0.0,
                        0.0
                    ],
                    [
                        0.0,
                        0.659715089489214,
                        -0.0,
                        -0.7957208576716779,
                        0.0,
                        0.0
                    ],
                    [
                        -0.0,
                        -0.0,
                        -0.7362968200912725,
                        0.0,
                        -0.8731283701491548,
                        0.0
                    ]
                ]
            },
            "est_params": {
                "mui": [
                    0.021350255123702516,
                    0.013764884311135707,
                    -0.025525236841423885,
                    -0.001337596309010312,
                    0.00903538423404485,
                    0.01966490982561993
                ],
                "Si": [
                    [
                        0.9578226117159224,
                        0.7601855413470372,
                        -0.16748586572886004,
                        -0.7470732619513057,
                        1.1035489888290602,
                        -0.8454241005589216
                    ],
                    [
                        0.7601855413470372,
                        1.5624290123646605,
                        0.6090959297132398,
                        -1.2966035602885493,
                        2.1238193913358274,
                        -2.290314455029062
                    ],
                    [
                        -0.16748586572886004,
                        0.6090959297132398,
                        1.600367585550234,
                        -1.3195278162936748,
                        1.5246401717902311,
                        -2.5012271810816866
                    ],
                    [
                        -0.7470732619513057,
                        -1.2966035602885493,
                        -1.3195278162936748,
                        3.007329779976427,
                        -3.347519047295047,
                        3.9449270728076047
                    ],
                    [
                        1.1035489888290602,
                        2.1238193913358274,
                        1.5246401717902311,
                        -3.347519047295047,
                        5.181689023544255,
                        -5.654869877090318
                    ],
                    [
                        -0.8454241005589216,
                        -2.290314455029062,
                        -2.5012271810816866,
                        3.9449270728076047,
                        -5.654869877090318,
                        7.764694887496038
                    ]
                ]
            },
            "est_tgt": [
                0,
                1,
                2,
                3,
                4,
                5
            ],
            "oracle_est_tgt": [
                0,
                1,
                2,
                3,
                4,
                5
            ]
        }
    },
    "metric_dict": {
        "param_est_rel_err": 5.936615775758765,
        "est_num_comp": 4,
        "weight_precision_error": 0.0016856061380252085,
        "gm_score_dict": {
            "1": -8.897575738043848,
            "2": -8.763184241228608,
            "3": -5.887831697163562,
            "4": -4.331970925844938,
            "5": -4.33101209182165,
            "6": -4.329126892423275,
            "7": -4.327931355007168
        },
        "est_dag": {
            "amat": [
                [
                    0,
                    1,
                    1,
                    1,
                    0,
                    0
                ],
                [
                    0,
                    0,
                    1,
                    0,
                    1,
                    0
                ],
                [
                    0,
                    0,
                    0,
                    1,
                    0,
                    1
                ],
                [
                    0,
                    0,
                    0,
                    0,
                    1,
                    0
                ],
                [
                    0,
                    0,
                    0,
                    0,
                    0,
                    1
                ],
                [
                    0,
                    0,
                    0,
                    0,
                    0,
                    0
                ]
            ],
            "nodes": [
                0,
                1,
                2,
                3,
                4,
                5
            ]
        },
        "oracle_est_dag": {
            "amat": [
                [
                    0,
                    1,
                    1,
                    1,
                    0,
                    0
                ],
                [
                    0,
                    0,
                    1,
                    0,
                    1,
                    0
                ],
                [
                    0,
                    0,
                    0,
                    1,
                    0,
                    1
                ],
                [
                    0,
                    0,
                    0,
                    0,
                    1,
                    0
                ],
                [
                    0,
                    0,
                    0,
                    0,
                    0,
                    1
                ],
                [
                    0,
                    0,
                    0,
                    0,
                    0,
                    0
                ]
            ],
            "nodes": [
                0,
                1,
                2,
                3,
                4,
                5
            ]
        },
        "igsp_dag": null,
        "intv_base_est_dag": null,
        "act_dag": {
            "amat": [
                [
                    0,
                    1,
                    1,
                    1,
                    0,
                    0
                ],
                [
                    0,
                    0,
                    1,
                    0,
                    1,
                    0
                ],
                [
                    0,
                    0,
                    0,
                    1,
                    0,
                    1
                ],
                [
                    0,
                    0,
                    0,
                    0,
                    1,
                    0
                ],
                [
                    0,
                    0,
                    0,
                    0,
                    0,
                    1
                ],
                [
                    0,
                    0,
                    0,
                    0,
                    0,
                    0
                ]
            ],
            "nodes": [
                0,
                1,
                2,
                3,
                4,
                5
            ]
        },
        "shd": 0,
        "oracle_shd": 0,
        "intv_base_shd": null,
        "igsp_shd": null,
        "avg_js": 0.75,
        "avg_oracle_js": 0.75
    }
}