{
    "expt_args": {
        "save_dir": "all_expt_logs/expt_logs_sim_compsel_backwardbugfixed_cameraready_half_density_var",
        "exp_name": "215",
        "num_nodes": 6,
        "num_tgt_prior": 7,
        "obs_noise_mean": 0.0,
        "obs_noise_var": 1.0,
        "obs_noise_gamma_shape": null,
        "noise_type": "gaussian",
        "max_edge_strength": 1.0,
        "graph_sparsity_method": "adj_dense_prop",
        "adj_dense_prop": 1.0,
        "num_parents": null,
        "new_noise_mean": 1.0,
        "mix_samples": 65536,
        "stage2_samples": 65536,
        "gmm_tol": 0.001,
        "intv_type": "do",
        "new_noise_var": null,
        "dtype": "simulation",
        "cutoff_drop_ratio": 0.07,
        "intv_targets": [
            1,
            2,
            4
        ]
    },
    "intv_args_dict": {
        "1": {
            "intv_type": "do",
            "inode": 1,
            "new_mui": 1.0,
            "new_vari": null,
            "noise_type": "gaussian",
            "obs_noise_gamma_shape": null,
            "true_params": {
                "Si": [
                    [
                        1.0,
                        0.0,
                        -0.8366195870619484,
                        0.17988509409816433,
                        0.05513546078590647,
                        -1.08587735735497
                    ],
                    [
                        0.0,
                        1e-09,
                        -9.950432313206125e-10,
                        -1.5845558731553476e-09,
                        -1.0177194669481171e-09,
                        8.859676205405481e-10
                    ],
                    [
                        -0.8366195870619484,
                        -9.950432313206125e-10,
                        1.699932334445816,
                        0.604038842598638,
                        -0.2540904157078151,
                        0.49616202296803424
                    ],
                    [
                        0.17988509409816433,
                        -1.5845558731553476e-09,
                        0.604038842598638,
                        1.601680560116399,
                        0.5665049062830035,
                        -0.789024476799678
                    ],
                    [
                        0.05513546078590647,
                        -1.0177194669481171e-09,
                        -0.2540904157078151,
                        0.5665049062830035,
                        1.5553737345007712,
                        0.761689500460301
                    ],
                    [
                        -1.08587735735497,
                        8.859676205405481e-10,
                        0.49616202296803424,
                        -0.789024476799678,
                        0.761689500460301,
                        3.307790437790393
                    ]
                ],
                "mui": [
                    0.0,
                    1.0,
                    -0.9950432313206125,
                    -1.5845558731553475,
                    -1.017719466948117,
                    0.885967620540548
                ],
                "Ai": [
                    [
                        0.0,
                        0.0,
                        0.0,
                        0.0,
                        0.0,
                        0.0
                    ],
                    [
                        0.0,
                        0.0,
                        0.0,
                        0.0,
                        0.0,
                        0.0
                    ],
                    [
                        -0.8366195870619484,
                        -0.9950432313206125,
                        0.0,
                        0.0,
                        0.0,
                        0.0
                    ],
                    [
                        0.8111432135093419,
                        -0.8337616906498394,
                        0.7545342341649425,
                        0.0,
                        0.0,
                        0.0
                    ],
                    [
                        -0.6976028271394317,
                        -0.6297609623506377,
                        -0.74632474660224,
                        0.7135020678190177,
                        0.0,
                        0.0
                    ],
                    [
                        -0.5476295713385315,
                        0.8304588192570945,
                        0.5005622262074803,
                        -0.9514640165360284,
                        0.9374469784223887,
                        0.0
                    ]
                ]
            },
            "est_params": {
                "mui": [
                    0.0035605796672929036,
                    1.0000000360302514,
                    -1.0003434781932379,
                    -1.588462029147982,
                    -1.0037174959441257,
                    0.8943177806296149
                ],
                "Si": [
                    [
                        1.0103904711542615,
                        -1.5986182145400008e-08,
                        -0.8535354417024402,
                        0.17189510460635535,
                        0.06588821486600462,
                        -1.080256576286331
                    ],
                    [
                        -1.5986182145400326e-08,
                        1.0096434816188271e-06,
                        1.5582114434850198e-06,
                        5.018161827014868e-07,
                        -9.329658777979408e-07,
                        2.2944218516472237e-07
                    ],
                    [
                        -0.8535354417024402,
                        1.5582114434850194e-06,
                        1.726848629055054,
                        0.6179219266213912,
                        -0.28132368940738506,
                        0.4812098758371008
                    ],
                    [
                        0.17189510460635532,
                        5.018161827014868e-07,
                        0.6179219266213912,
                        1.612396948558931,
                        0.5502408996744024,
                        -0.8059806281138506
                    ],
                    [
                        0.06588821486600462,
                        -9.329658777979406e-07,
                        -0.28132368940738506,
                        0.5502408996744024,
                        1.5409639792505323,
                        0.7341540398219056
                    ],
                    [
                        -1.080256576286331,
                        2.2944218516472248e-07,
                        0.4812098758371007,
                        -0.8059806281138506,
                        0.7341540398219055,
                        3.281104958546824
                    ]
                ]
            },
            "est_tgt": [
                1,
                2
            ],
            "oracle_est_tgt": [
                1,
                2
            ]
        },
        "2": {
            "intv_type": "do",
            "inode": 2,
            "new_mui": 1.0,
            "new_vari": null,
            "noise_type": "gaussian",
            "obs_noise_gamma_shape": null,
            "true_params": {
                "Si": [
                    [
                        1.0,
                        -0.8648397020212817,
                        0.0,
                        1.5322134256077091,
                        0.9402769033956906,
                        -1.8422295272762703
                    ],
                    [
                        -0.8648397020212817,
                        1.7479477101922591,
                        0.0,
                        -2.158880693085418,
                        -2.037840449647801,
                        2.0689403102597472
                    ],
                    [
                        0.0,
                        0.0,
                        1e-09,
                        7.545342341649425e-10,
                        -2.0796301028531464e-10,
                        -4.123042424606245e-10
                    ],
                    [
                        1.5322134256077091,
                        -2.158880693085418,
                        7.545342341649425e-10,
                        4.042836538977111,
                        3.1752745952440753,
                        -3.501908808984502
                    ],
                    [
                        0.9402769033956906,
                        -2.037840449647801,
                        -2.0796301028531464e-10,
                        3.1752745952440753,
                        3.892977526339562,
                        -1.5789655121615145
                    ],
                    [
                        -1.8422295272762703,
                        2.0689403102597472,
                        -4.123042424606245e-10,
                        -3.501908808984502,
                        -1.5789655121615145,
                        5.578772865825145
                    ]
                ],
                "mui": [
                    0.0,
                    0.0,
                    1.0,
                    0.7545342341649425,
                    -0.20796301028531464,
                    -0.41230424246062447
                ],
                "Ai": [
                    [
                        0.0,
                        0.0,
                        0.0,
                        0.0,
                        0.0,
                        0.0
                    ],
                    [
                        -0.8648397020212817,
                        0.0,
                        0.0,
                        0.0,
                        0.0,
                        0.0
                    ],
                    [
                        0.0,
                        0.0,
                        0.0,
                        0.0,
                        0.0,
                        0.0
                    ],
                    [
                        0.8111432135093419,
                        -0.8337616906498394,
                        0.7545342341649425,
                        0.0,
                        0.0,
                        0.0
                    ],
                    [
                        -0.6976028271394317,
                        -0.6297609623506377,
                        -0.74632474660224,
                        0.7135020678190177,
                        0.0,
                        0.0
                    ],
                    [
                        -0.5476295713385315,
                        0.8304588192570945,
                        0.5005622262074803,
                        -0.9514640165360284,
                        0.9374469784223887,
                        0.0
                    ]
                ]
            },
            "est_params": {
                "mui": [
                    -0.0018029398316476437,
                    -0.0012952937516967833,
                    1.000000367075218,
                    0.7574036883369671,
                    -0.1982143120003115,
                    -0.40928293987526415
                ],
                "Si": [
                    [
                        0.9917984497754297,
                        -0.874484070289117,
                        -6.121016912218782e-07,
                        1.5385956775019158,
                        0.9517020089001413,
                        -1.8237756801103697
                    ],
                    [
                        -0.874484070289117,
                        1.7544229278370467,
                        1.1657724538102946e-06,
                        -2.162531727361242,
                        -2.0273769815026523,
                        2.0806775217495375
                    ],
                    [
                        -6.12101691221878e-07,
                        1.1657724538102946e-06,
                        1.0112480182071185e-06,
                        -1.4139976498876407e-06,
                        -1.0870073115258966e-06,
                        1.6994814063757179e-06
                    ],
                    [
                        1.5385956775019158,
                        -2.162531727361242,
                        -1.4139976498876405e-06,
                        4.033832221631735,
                        3.1539616207573378,
                        -3.488331969048037
                    ],
                    [
                        0.9517020089001413,
                        -2.0273769815026523,
                        -1.087007311525896e-06,
                        3.153961620757338,
                        3.8453990406087533,
                        -1.5873846934724494
                    ],
                    [
                        -1.8237756801103697,
                        2.0806775217495375,
                        1.6994814063757183e-06,
                        -3.488331969048037,
                        -1.5873846934724494,
                        5.540961461325308
                    ]
                ]
            },
            "est_tgt": [
                1,
                2
            ],
            "oracle_est_tgt": [
                1,
                2
            ]
        },
        "4": {
            "intv_type": "do",
            "inode": 4,
            "new_mui": 1.0,
            "new_vari": null,
            "noise_type": "gaussian",
            "obs_noise_gamma_shape": null,
            "true_params": {
                "Si": [
                    [
                        1.0,
                        -0.8648397020212817,
                        0.02393330461166332,
                        1.5502719232739068,
                        0.0,
                        -2.728891171730092
                    ],
                    [
                        -0.8648397020212817,
                        1.7479477101922591,
                        -1.0157417033493479,
                        -2.9252925813315125,
                        0.0,
                        4.200079087520264
                    ],
                    [
                        0.02393330461166332,
                        -1.0157417033493479,
                        1.9906838352666005,
                        2.3683389605681175,
                        0.0,
                        -2.113566408663498
                    ],
                    [
                        1.5502719232739068,
                        -2.9252925813315125,
                        2.3683389605681175,
                        6.48348226176936,
                        0.0,
                        -8.261608823282039
                    ],
                    [
                        0.0,
                        0.0,
                        0.0,
                        0.0,
                        1e-09,
                        9.374469784223888e-10
                    ],
                    [
                        -2.728891171730092,
                        4.200079087520264,
                        -2.113566408663498,
                        -8.261608823282039,
                        9.374469784223888e-10,
                        12.785066230582824
                    ]
                ],
                "mui": [
                    0.0,
                    0.0,
                    0.0,
                    0.0,
                    1.0,
                    0.9374469784223887
                ],
                "Ai": [
                    [
                        0.0,
                        0.0,
                        0.0,
                        0.0,
                        0.0,
                        0.0
                    ],
                    [
                        -0.8648397020212817,
                        0.0,
                        0.0,
                        0.0,
                        0.0,
                        0.0
                    ],
                    [
                        -0.8366195870619484,
                        -0.9950432313206125,
                        0.0,
                        0.0,
                        0.0,
                        0.0
                    ],
                    [
                        0.8111432135093419,
                        -0.8337616906498394,
                        0.7545342341649425,
                        0.0,
                        0.0,
                        0.0
                    ],
                    [
                        0.0,
                        0.0,
                        0.0,
                        0.0,
                        0.0,
                        0.0
                    ],
                    [
                        -0.5476295713385315,
                        0.8304588192570945,
                        0.5005622262074803,
                        -0.9514640165360284,
                        0.9374469784223887,
                        0.0
                    ]
                ]
            },
            "est_params": {
                "mui": [
                    0.008890989117783368,
                    -0.0019147904844249053,
                    -0.012217256389419518,
                    0.0029606031130880034,
                    1.000000414467939,
                    0.9275554542167882
                ],
                "Si": [
                    [
                        1.003494244127206,
                        -0.8773873350717373,
                        0.035640736919606085,
                        1.5717909727220005,
                        2.0217818887903578e-07,
                        -2.7483859121086502
                    ],
                    [
                        -0.8773873350717374,
                        1.7594505730185708,
                        -0.9973489256742398,
                        -2.930546403729408,
                        -2.0890195113415812e-07,
                        4.234190665216176
                    ],
                    [
                        0.03564073691960608,
                        -0.9973489256742398,
                        1.956379290345797,
                        2.319005564679412,
                        -6.737174502857956e-08,
                        -2.0867895755549193
                    ],
                    [
                        1.5717909727220005,
                        -2.930546403729408,
                        2.3190055646794114,
                        6.479905026626458,
                        2.6590647090816965e-07,
                        -8.313872272386119
                    ],
                    [
                        2.0217818887903578e-07,
                        -2.0890195113415833e-07,
                        -6.73717450285796e-08,
                        2.6590647090816923e-07,
                        1.0089036241776677e-06,
                        -5.4172346585733e-07
                    ],
                    [
                        -2.7483859121086502,
                        4.234190665216176,
                        -2.0867895755549193,
                        -8.313872272386119,
                        -5.417234658573307e-07,
                        12.894100362306308
                    ]
                ]
            },
            "est_tgt": [
                4
            ],
            "oracle_est_tgt": [
                4
            ]
        },
        "obs": {
            "intv_type": "obs",
            "noise_type": "gaussian",
            "obs_noise_gamma_shape": null,
            "true_params": {
                "Si": [
                    [
                        1.0,
                        -0.8648397020212817,
                        0.02393330461166332,
                        1.5502719232739068,
                        0.9352996613225737,
                        -1.8520973303037618
                    ],
                    [
                        -0.8648397020212817,
                        1.7479477101922591,
                        -1.0157417033493479,
                        -2.9252925813315125,
                        -1.8266037473469374,
                        2.4877349237948647
                    ],
                    [
                        0.02393330461166332,
                        -1.0157417033493479,
                        1.9906838352666005,
                        2.3683389605681175,
                        0.8270966683822497,
                        -1.3382071360253338
                    ],
                    [
                        1.5502719232739068,
                        -2.9252925813315125,
                        2.3683389605681175,
                        6.48348226176936,
                        3.6191890204919,
                        -4.868811011682423
                    ],
                    [
                        0.9352996613225737,
                        -1.8266037473469374,
                        0.8270966683822497,
                        3.6191890204919,
                        3.4628721843042247,
                        -1.8123726504626532
                    ],
                    [
                        -1.8520973303037618,
                        2.4877349237948647,
                        -1.3382071360253338,
                        -4.868811011682423,
                        -1.8123726504626532,
                        6.343863947353844
                    ]
                ],
                "mui": [
                    0.0,
                    0.0,
                    0.0,
                    0.0,
                    0.0,
                    0.0
                ],
                "Ai": [
                    [
                        0.0,
                        0.0,
                        0.0,
                        0.0,
                        0.0,
                        0.0
                    ],
                    [
                        -0.8648397020212817,
                        0.0,
                        0.0,
                        0.0,
                        0.0,
                        0.0
                    ],
                    [
                        -0.8366195870619484,
                        -0.9950432313206125,
                        0.0,
                        0.0,
                        0.0,
                        0.0
                    ],
                    [
                        0.8111432135093419,
                        -0.8337616906498394,
                        0.7545342341649425,
                        0.0,
                        0.0,
                        0.0
                    ],
                    [
                        -0.6976028271394317,
                        -0.6297609623506377,
                        -0.74632474660224,
                        0.7135020678190177,
                        0.0,
                        0.0
                    ],
                    [
                        -0.5476295713385315,
                        0.8304588192570945,
                        0.5005622262074803,
                        -0.9514640165360284,
                        0.9374469784223887,
                        0.0
                    ]
                ]
            },
            "est_params": {
                "mui": [
                    0.012191240252448476,
                    -0.01787507535396436,
                    -0.0027705253164197418,
                    0.034083125875208224,
                    0.019405960099732496,
                    -0.021016255833616885
                ],
                "Si": [
                    [
                        0.9938307750193847,
                        -0.8616332150514809,
                        0.0320534551123794,
                        1.5673172497653567,
                        0.9393269539929273,
                        -1.8574660107590297
                    ],
                    [
                        -0.8616332150514809,
                        1.7493257286766377,
                        -1.0336068723181697,
                        -2.966221656584679,
                        -1.850469155236817,
                        2.4930616996804598
                    ],
                    [
                        0.0320534551123794,
                        -1.0336068723181697,
                        2.009560868994422,
                        2.4180296273226554,
                        0.8672310869747643,
                        -1.355882230530647
                    ],
                    [
                        1.5673172497653567,
                        -2.966221656584679,
                        2.4180296273226554,
                        6.625206609869683,
                        3.7067391458902765,
                        -4.92942293765607
                    ],
                    [
                        0.9393269539929273,
                        -1.850469155236817,
                        0.8672310869747643,
                        3.7067391458902765,
                        3.509784447668593,
                        -1.8429850084654502
                    ],
                    [
                        -1.8574660107590297,
                        2.4930616996804598,
                        -1.355882230530647,
                        -4.92942293765607,
                        -1.8429850084654502,
                        6.391268145683982
                    ]
                ]
            },
            "est_tgt": [
                0,
                1,
                2,
                3,
                4,
                5
            ],
            "oracle_est_tgt": [
                0,
                1,
                2,
                3,
                4,
                5
            ]
        }
    },
    "metric_dict": {
        "param_est_rel_err": 2.692865374488686,
        "est_num_comp": 4,
        "weight_precision_error": 0.001715070147142006,
        "gm_score_dict": {
            "1": -8.801400401464933,
            "2": -8.69781506740002,
            "3": -7.344876193613105,
            "4": -4.345175538613704,
            "5": -4.345374207036691,
            "6": -4.345427724023477,
            "7": -4.3455317894560865
        },
        "est_dag": {
            "amat": [
                [
                    0,
                    1,
                    0,
                    1,
                    1,
                    1
                ],
                [
                    0,
                    0,
                    0,
                    1,
                    1,
                    1
                ],
                [
                    0,
                    1,
                    0,
                    1,
                    1,
                    1
                ],
                [
                    0,
                    0,
                    0,
                    0,
                    1,
                    1
                ],
                [
                    0,
                    0,
                    0,
                    0,
                    0,
                    1
                ],
                [
                    0,
                    0,
                    0,
                    0,
                    0,
                    0
                ]
            ],
            "nodes": [
                0,
                1,
                2,
                3,
                4,
                5
            ]
        },
        "oracle_est_dag": {
            "amat": [
                [
                    0,
                    1,
                    0,
                    1,
                    1,
                    1
                ],
                [
                    0,
                    0,
                    0,
                    1,
                    1,
                    1
                ],
                [
                    0,
                    1,
                    0,
                    1,
                    1,
                    1
                ],
                [
                    0,
                    0,
                    0,
                    0,
                    1,
                    1
                ],
                [
                    0,
                    0,
                    0,
                    0,
                    0,
                    1
                ],
                [
                    0,
                    0,
                    0,
                    0,
                    0,
                    0
                ]
            ],
            "nodes": [
                0,
                1,
                2,
                3,
                4,
                5
            ]
        },
        "igsp_dag": null,
        "intv_base_est_dag": null,
        "act_dag": {
            "amat": [
                [
                    0,
                    1,
                    1,
                    1,
                    1,
                    1
                ],
                [
                    0,
                    0,
                    1,
                    1,
                    1,
                    1
                ],
                [
                    0,
                    0,
                    0,
                    1,
                    1,
                    1
                ],
                [
                    0,
                    0,
                    0,
                    0,
                    1,
                    1
                ],
                [
                    0,
                    0,
                    0,
                    0,
                    0,
                    1
                ],
                [
                    0,
                    0,
                    0,
                    0,
                    0,
                    0
                ]
            ],
            "nodes": [
                0,
                1,
                2,
                3,
                4,
                5
            ]
        },
        "shd": 2,
        "oracle_shd": 2,
        "intv_base_shd": null,
        "igsp_shd": null,
        "avg_js": 0.5,
        "avg_oracle_js": 0.5
    }
}