{
    "expt_args": {
        "save_dir": "all_expt_logs/expt_logs_sim_compsel_backwardbugfixed_cameraready_half_density_var",
        "exp_name": "80",
        "num_nodes": 6,
        "num_tgt_prior": 7,
        "obs_noise_mean": 0.0,
        "obs_noise_var": 1.0,
        "obs_noise_gamma_shape": null,
        "noise_type": "gaussian",
        "max_edge_strength": 1.0,
        "graph_sparsity_method": "adj_dense_prop",
        "adj_dense_prop": 1.0,
        "num_parents": null,
        "new_noise_mean": 1.0,
        "mix_samples": 8192,
        "stage2_samples": 8192,
        "gmm_tol": 0.001,
        "intv_type": "do",
        "new_noise_var": null,
        "dtype": "simulation",
        "cutoff_drop_ratio": 0.07,
        "intv_targets": [
            5,
            2,
            0
        ]
    },
    "intv_args_dict": {
        "5": {
            "intv_type": "do",
            "inode": 5,
            "new_mui": 1.0,
            "new_vari": null,
            "noise_type": "gaussian",
            "obs_noise_gamma_shape": null,
            "true_params": {
                "Si": [
                    [
                        1.0,
                        -0.6773721057651858,
                        -1.1725479367910054,
                        -2.1272023006981566,
                        1.5282958343447128,
                        0.0
                    ],
                    [
                        -0.6773721057651858,
                        1.458832969668762,
                        1.448449495443706,
                        2.6694551165590523,
                        -1.7205026258953096,
                        0.0
                    ],
                    [
                        -1.1725479367910054,
                        1.448449495443706,
                        2.8028439887168886,
                        3.9664283371370734,
                        -3.6808687874186363,
                        0.0
                    ],
                    [
                        -2.1272023006981566,
                        2.6694551165590523,
                        3.9664283371370734,
                        7.481168327193902,
                        -5.976749899846232,
                        0.0
                    ],
                    [
                        1.5282958343447128,
                        -1.7205026258953096,
                        -3.6808687874186363,
                        -5.976749899846232,
                        6.728549002011846,
                        0.0
                    ],
                    [
                        0.0,
                        0.0,
                        0.0,
                        0.0,
                        0.0,
                        1e-09
                    ]
                ],
                "mui": [
                    0.0,
                    0.0,
                    0.0,
                    0.0,
                    0.0,
                    1.0
                ],
                "Ai": [
                    [
                        0.0,
                        0.0,
                        0.0,
                        0.0,
                        0.0,
                        0.0
                    ],
                    [
                        -0.6773721057651858,
                        0.0,
                        0.0,
                        0.0,
                        0.0,
                        0.0
                    ],
                    [
                        -0.7294123038845785,
                        0.6541982303889586,
                        0.0,
                        0.0,
                        0.0,
                        0.0
                    ],
                    [
                        -0.807429637162695,
                        0.7912370367848005,
                        0.6684679928005721,
                        0.0,
                        0.0,
                        0.0
                    ],
                    [
                        -0.7302092440991695,
                        0.9857773648283876,
                        -0.8249756189106666,
                        -0.9208901792621382,
                        0.0,
                        0.0
                    ],
                    [
                        0.0,
                        0.0,
                        0.0,
                        0.0,
                        0.0,
                        0.0
                    ]
                ]
            },
            "est_params": {
                "mui": [
                    -0.010597872350971467,
                    0.01881170673119766,
                    -0.006434474685719673,
                    0.009401668035123992,
                    0.017496410368019133,
                    0.9999986933871895
                ],
                "Si": [
                    [
                        0.9594239068257772,
                        -0.6363248043215057,
                        -1.1049825947515337,
                        -1.995461391703493,
                        1.4024919110477936,
                        1.483027294280513e-06
                    ],
                    [
                        -0.6363248043215057,
                        1.4245622413539007,
                        1.41486257439359,
                        2.5601308112308043,
                        -1.6340231204132052,
                        -1.2240425725143473e-06
                    ],
                    [
                        -1.1049825947515337,
                        1.41486257439359,
                        2.6767436745476245,
                        3.766277664352915,
                        -3.4193290210815093,
                        -2.554173377608676e-06
                    ],
                    [
                        -1.995461391703493,
                        2.5601308112308043,
                        3.766277664352915,
                        7.067270315388979,
                        -5.561471966276417,
                        -8.555470974554423e-07
                    ],
                    [
                        1.4024919110477936,
                        -1.6340231204132052,
                        -3.4193290210815093,
                        -5.561471966276416,
                        6.1727749795713205,
                        -3.182057339991464e-06
                    ],
                    [
                        1.483027294280513e-06,
                        -1.224042572514347e-06,
                        -2.554173377608676e-06,
                        -8.555470974554418e-07,
                        -3.182057339991463e-06,
                        1.0080134271813873e-06
                    ]
                ]
            },
            "est_tgt": [
                0,
                4,
                5
            ],
            "oracle_est_tgt": [
                2,
                4,
                5
            ]
        },
        "2": {
            "intv_type": "do",
            "inode": 2,
            "new_mui": 1.0,
            "new_vari": null,
            "noise_type": "gaussian",
            "obs_noise_gamma_shape": null,
            "true_params": {
                "Si": [
                    [
                        1.0,
                        -0.6773721057651858,
                        0.0,
                        -1.343391534929021,
                        -0.16083126210860507,
                        -1.7859593899955295
                    ],
                    [
                        -0.6773721057651858,
                        1.458832969668762,
                        0.0,
                        1.7012129896667967,
                        0.366077558872168,
                        2.0873479505331485
                    ],
                    [
                        0.0,
                        0.0,
                        1e-09,
                        6.684679928005722e-10,
                        -1.4405612286317874e-09,
                        1.896698800329256e-09
                    ],
                    [
                        -1.343391534929021,
                        1.7012129896667967,
                        6.684679928005722e-10,
                        3.430756864945793,
                        -0.5013761297009105,
                        4.231249834820901
                    ],
                    [
                        -0.16083126210860507,
                        0.366077558872168,
                        -1.4405612286317874e-09,
                        -0.5013761297009105,
                        1.940023800786111,
                        -1.1636483248872151
                    ],
                    [
                        -1.7859593899955295,
                        2.0873479505331485,
                        1.896698800329256e-09,
                        4.231249834820901,
                        -1.1636483248872151,
                        6.649542488093042
                    ]
                ],
                "mui": [
                    0.0,
                    0.0,
                    1.0,
                    0.6684679928005721,
                    -1.4405612286317873,
                    1.8966988003292555
                ],
                "Ai": [
                    [
                        0.0,
                        0.0,
                        0.0,
                        0.0,
                        0.0,
                        0.0
                    ],
                    [
                        -0.6773721057651858,
                        0.0,
                        0.0,
                        0.0,
                        0.0,
                        0.0
                    ],
                    [
                        0.0,
                        0.0,
                        0.0,
                        0.0,
                        0.0,
                        0.0
                    ],
                    [
                        -0.807429637162695,
                        0.7912370367848005,
                        0.6684679928005721,
                        0.0,
                        0.0,
                        0.0
                    ],
                    [
                        -0.7302092440991695,
                        0.9857773648283876,
                        -0.8249756189106666,
                        -0.9208901792621382,
                        0.0,
                        0.0
                    ],
                    [
                        -0.732192498668808,
                        0.5974283029917549,
                        0.617391408981989,
                        0.5584634189863569,
                        -0.6289163227483243,
                        0.0
                    ]
                ]
            },
            "est_params": {
                "mui": [
                    0.005606199358508323,
                    -0.02277783347572812,
                    1.0000007279296612,
                    0.6766700648313156,
                    -1.4645292314547924,
                    1.8732840942440119
                ],
                "Si": [
                    [
                        1.0251613881265675,
                        -0.6792364324556088,
                        2.1992956468262327e-06,
                        -1.3754657256565161,
                        -0.14754317057363048,
                        -1.8362822985800122
                    ],
                    [
                        -0.6792364324556088,
                        1.4868916271781156,
                        1.555529873932965e-07,
                        1.7702617743063271,
                        0.3368396748908794,
                        2.1893626986483743
                    ],
                    [
                        2.199295646826233e-06,
                        1.5555298739329672e-07,
                        1.0065890036361686e-06,
                        -3.549840959080294e-06,
                        3.1303965943758766e-06,
                        -5.444375069159052e-06
                    ],
                    [
                        -1.3754657256565161,
                        1.7702617743063271,
                        -3.549840959080294e-06,
                        3.5467895101779394,
                        -0.5126436592254348,
                        4.380705061227076
                    ],
                    [
                        -0.1475431705736305,
                        0.3368396748908794,
                        3.1303965943758766e-06,
                        -0.5126436592254348,
                        1.862208264920505,
                        -1.1114646839361313
                    ],
                    [
                        -1.836282298580012,
                        2.1893626986483747,
                        -5.444375069159052e-06,
                        4.380705061227075,
                        -1.1114646839361315,
                        6.744375678146403
                    ]
                ]
            },
            "est_tgt": [
                0,
                2,
                3
            ],
            "oracle_est_tgt": [
                2,
                3,
                5
            ]
        },
        "0": {
            "intv_type": "do",
            "inode": 0,
            "new_mui": 1.0,
            "new_vari": null,
            "noise_type": "gaussian",
            "obs_noise_gamma_shape": null,
            "true_params": {
                "Si": [
                    [
                        1e-09,
                        -6.773721057651859e-10,
                        -1.1725479367910055e-09,
                        -2.1272023006981567e-09,
                        1.5282958343447128e-09,
                        -4.0099296550355736e-09
                    ],
                    [
                        -6.773721057651859e-10,
                        1.000000000458833,
                        0.6541982311832099,
                        1.2285476161875013,
                        -0.6852776593882947,
                        2.118405879193244
                    ],
                    [
                        -1.1725479367910055e-09,
                        0.6541982311832099,
                        1.4279753260189136,
                        1.4721816708106166,
                        -1.888868661843455,
                        3.282556180667934
                    ],
                    [
                        -2.1272023006981567e-09,
                        1.2285476161875013,
                        1.4721816708106166,
                        2.956178703623361,
                        -2.7257554881317443,
                        5.008071219327251
                    ],
                    [
                        1.5282958343447128e-09,
                        -0.6852776593882947,
                        -1.888868661843455,
                        -2.7257554881317443,
                        4.392860847072132,
                        -5.860552174271547
                    ],
                    [
                        -4.0099296550355736e-09,
                        2.118405879193244,
                        3.282556180667934,
                        5.008071219327251,
                        -5.860552174271547,
                        10.774839116225557
                    ]
                ],
                "mui": [
                    1.0,
                    -0.6773721057651858,
                    -1.1725479367910054,
                    -2.1272023006981566,
                    1.5282958343447128,
                    -4.009929655035573
                ],
                "Ai": [
                    [
                        0.0,
                        0.0,
                        0.0,
                        0.0,
                        0.0,
                        0.0
                    ],
                    [
                        -0.6773721057651858,
                        0.0,
                        0.0,
                        0.0,
                        0.0,
                        0.0
                    ],
                    [
                        -0.7294123038845785,
                        0.6541982303889586,
                        0.0,
                        0.0,
                        0.0,
                        0.0
                    ],
                    [
                        -0.807429637162695,
                        0.7912370367848005,
                        0.6684679928005721,
                        0.0,
                        0.0,
                        0.0
                    ],
                    [
                        -0.7302092440991695,
                        0.9857773648283876,
                        -0.8249756189106666,
                        -0.9208901792621382,
                        0.0,
                        0.0
                    ],
                    [
                        -0.732192498668808,
                        0.5974283029917549,
                        0.617391408981989,
                        0.5584634189863569,
                        -0.6289163227483243,
                        0.0
                    ]
                ]
            },
            "est_params": {
                "mui": [
                    0.9999991132247191,
                    -0.6576991712348949,
                    -1.1613459360915452,
                    -2.1036246537430476,
                    1.5446777917189305,
                    -3.987646585537377
                ],
                "Si": [
                    [
                        1.0098265633223375e-06,
                        1.293810780954874e-06,
                        7.039825897705748e-07,
                        -1.0856347282261339e-06,
                        2.2830778194618006e-06,
                        -2.7823060370061477e-07
                    ],
                    [
                        1.2938107809548744e-06,
                        1.058372136732778,
                        0.6900966406589112,
                        1.2927925842714783,
                        -0.7131771052374282,
                        2.2205593140681708
                    ],
                    [
                        7.039825897705748e-07,
                        0.6900966406589112,
                        1.4670140766444928,
                        1.517017970464067,
                        -1.934355985657208,
                        3.3517861366177764
                    ],
                    [
                        -1.0856347282261343e-06,
                        1.2927925842714783,
                        1.517017970464067,
                        3.026529037223322,
                        -2.768969955756981,
                        5.111765336843491
                    ],
                    [
                        2.283077819461801e-06,
                        -0.7131771052374283,
                        -1.934355985657208,
                        -2.768969955756981,
                        4.528872587607729,
                        -5.979878342949819
                    ],
                    [
                        -2.782306037006152e-07,
                        2.2205593140681708,
                        3.3517861366177764,
                        5.11176533684349,
                        -5.979878342949819,
                        10.9608545764441
                    ]
                ]
            },
            "est_tgt": [
                0,
                1,
                2,
                3,
                5
            ],
            "oracle_est_tgt": [
                0
            ]
        },
        "obs": {
            "intv_type": "obs",
            "noise_type": "gaussian",
            "obs_noise_gamma_shape": null,
            "true_params": {
                "Si": [
                    [
                        1.0,
                        -0.6773721057651858,
                        -1.1725479367910054,
                        -2.1272023006981566,
                        1.5282958343447128,
                        -4.009929655035573
                    ],
                    [
                        -0.6773721057651858,
                        1.458832969668762,
                        1.448449495443706,
                        2.6694551165590523,
                        -1.7205026258953096,
                        4.83462037087874
                    ],
                    [
                        -1.1725479367910054,
                        1.448449495443706,
                        2.8028439887168886,
                        3.9664283371370734,
                        -3.6808687874186363,
                        7.984390919655128
                    ],
                    [
                        -2.1272023006981566,
                        2.6694551165590523,
                        3.9664283371370734,
                        7.481168327193902,
                        -5.976749899846232,
                        13.538002798626756
                    ],
                    [
                        1.5282958343447128,
                        -1.7205026258953096,
                        -3.6808687874186363,
                        -5.976749899846232,
                        6.728549002011846,
                        -11.988910955949384
                    ],
                    [
                        -4.009929655035573,
                        4.83462037087874,
                        7.984390919655128,
                        13.538002798626756,
                        -11.988910955949384,
                        26.85437493847973
                    ]
                ],
                "mui": [
                    0.0,
                    0.0,
                    0.0,
                    0.0,
                    0.0,
                    0.0
                ],
                "Ai": [
                    [
                        0.0,
                        0.0,
                        0.0,
                        0.0,
                        0.0,
                        0.0
                    ],
                    [
                        -0.6773721057651858,
                        0.0,
                        0.0,
                        0.0,
                        0.0,
                        0.0
                    ],
                    [
                        -0.7294123038845785,
                        0.6541982303889586,
                        0.0,
                        0.0,
                        0.0,
                        0.0
                    ],
                    [
                        -0.807429637162695,
                        0.7912370367848005,
                        0.6684679928005721,
                        0.0,
                        0.0,
                        0.0
                    ],
                    [
                        -0.7302092440991695,
                        0.9857773648283876,
                        -0.8249756189106666,
                        -0.9208901792621382,
                        0.0,
                        0.0
                    ],
                    [
                        -0.732192498668808,
                        0.5974283029917549,
                        0.617391408981989,
                        0.5584634189863569,
                        -0.6289163227483243,
                        0.0
                    ]
                ]
            },
            "est_params": {
                "mui": [
                    0.0007191533323333308,
                    0.02475611450770538,
                    0.02594326475947188,
                    0.04319907500471575,
                    -0.049868801783492483,
                    0.11281970613280314
                ],
                "Si": [
                    [
                        1.0185753874428565,
                        -0.6914075659001643,
                        -1.2332345640939462,
                        -2.1992648003644577,
                        1.5991670815652488,
                        -4.137262094240526
                    ],
                    [
                        -0.6914075659001643,
                        1.4683759374171115,
                        1.5076480984788052,
                        2.740440975741598,
                        -1.7927359990117928,
                        4.937600412853382
                    ],
                    [
                        -1.2332345640939462,
                        1.5076480984788052,
                        2.9796326723421247,
                        4.185854313169885,
                        -3.8496003742939138,
                        8.329514680218022
                    ],
                    [
                        -2.1992648003644577,
                        2.740440975741598,
                        4.185854313169885,
                        7.787130684976563,
                        -6.235720900032033,
                        14.026856282255272
                    ],
                    [
                        1.5991670815652488,
                        -1.7927359990117928,
                        -3.8496003742939138,
                        -6.235720900032033,
                        6.881581600400614,
                        -12.3693875480364
                    ],
                    [
                        -4.137262094240526,
                        4.937600412853382,
                        8.329514680218022,
                        14.026856282255272,
                        -12.3693875480364,
                        27.566095418802483
                    ]
                ]
            },
            "est_tgt": [
                0,
                1,
                2,
                3,
                4,
                5
            ],
            "oracle_est_tgt": [
                0,
                1,
                2,
                3,
                4,
                5
            ]
        }
    },
    "metric_dict": {
        "param_est_rel_err": 14.177585045420916,
        "est_num_comp": 4,
        "weight_precision_error": 0.0014557764034724974,
        "gm_score_dict": {
            "1": -9.460579991836692,
            "2": -9.277874341517148,
            "3": -5.894263971093437,
            "4": -4.338048589266949,
            "5": -4.336924612386187,
            "6": -4.336075544797399,
            "7": -4.334830092574746
        },
        "est_dag": {
            "amat": [
                [
                    0,
                    0,
                    0,
                    0,
                    1,
                    0
                ],
                [
                    1,
                    0,
                    0,
                    1,
                    1,
                    0
                ],
                [
                    0,
                    0,
                    0,
                    0,
                    1,
                    1
                ],
                [
                    1,
                    0,
                    1,
                    0,
                    1,
                    1
                ],
                [
                    0,
                    0,
                    0,
                    0,
                    0,
                    0
                ],
                [
                    1,
                    0,
                    0,
                    0,
                    1,
                    0
                ]
            ],
            "nodes": [
                0,
                1,
                2,
                3,
                4,
                5
            ]
        },
        "oracle_est_dag": {
            "amat": [
                [
                    0,
                    1,
                    0,
                    1,
                    1,
                    1
                ],
                [
                    0,
                    0,
                    0,
                    1,
                    1,
                    0
                ],
                [
                    0,
                    0,
                    0,
                    0,
                    1,
                    0
                ],
                [
                    0,
                    0,
                    1,
                    0,
                    1,
                    1
                ],
                [
                    0,
                    0,
                    0,
                    0,
                    0,
                    0
                ],
                [
                    0,
                    0,
                    1,
                    0,
                    1,
                    0
                ]
            ],
            "nodes": [
                0,
                1,
                2,
                3,
                4,
                5
            ]
        },
        "igsp_dag": null,
        "intv_base_est_dag": null,
        "act_dag": {
            "amat": [
                [
                    0,
                    1,
                    1,
                    1,
                    1,
                    1
                ],
                [
                    0,
                    0,
                    1,
                    1,
                    1,
                    1
                ],
                [
                    0,
                    0,
                    0,
                    1,
                    1,
                    1
                ],
                [
                    0,
                    0,
                    0,
                    0,
                    1,
                    1
                ],
                [
                    0,
                    0,
                    0,
                    0,
                    0,
                    1
                ],
                [
                    0,
                    0,
                    0,
                    0,
                    0,
                    0
                ]
            ],
            "nodes": [
                0,
                1,
                2,
                3,
                4,
                5
            ]
        },
        "shd": 8,
        "oracle_shd": 6,
        "intv_base_shd": null,
        "igsp_shd": null,
        "avg_js": 0.21666666666666667,
        "avg_oracle_js": 0.41666666666666663
    }
}