{
    "expt_args": {
        "save_dir": "all_expt_logs/expt_logs_sim_compsel_backwardbugfixed_cameraready_half_density_var",
        "exp_name": "85",
        "num_nodes": 6,
        "num_tgt_prior": 7,
        "obs_noise_mean": 0.0,
        "obs_noise_var": 1.0,
        "obs_noise_gamma_shape": null,
        "noise_type": "gaussian",
        "max_edge_strength": 1.0,
        "graph_sparsity_method": "adj_dense_prop",
        "adj_dense_prop": 1.0,
        "num_parents": null,
        "new_noise_mean": 1.0,
        "mix_samples": 262144,
        "stage2_samples": 262144,
        "gmm_tol": 0.001,
        "intv_type": "do",
        "new_noise_var": null,
        "dtype": "simulation",
        "cutoff_drop_ratio": 0.07,
        "intv_targets": [
            3,
            2,
            4
        ]
    },
    "intv_args_dict": {
        "3": {
            "intv_type": "do",
            "inode": 3,
            "new_mui": 1.0,
            "new_vari": null,
            "noise_type": "gaussian",
            "obs_noise_gamma_shape": null,
            "true_params": {
                "Si": [
                    [
                        1.0,
                        0.6095121846491303,
                        1.5019320304368753,
                        0.0,
                        0.9315098345871163,
                        1.5547430540830622
                    ],
                    [
                        0.6095121846491303,
                        1.3715051032357555,
                        1.832577697241939,
                        0.0,
                        2.037837642577748,
                        1.0386810916513727
                    ],
                    [
                        1.5019320304368753,
                        1.832577697241939,
                        4.0969306069683675,
                        0.0,
                        3.5119025182531507,
                        2.3775248554228074
                    ],
                    [
                        0.0,
                        0.0,
                        0.0,
                        1e-09,
                        -5.175641307133419e-10,
                        -2.910329754149138e-11
                    ],
                    [
                        0.9315098345871163,
                        2.037837642577748,
                        3.5119025182531507,
                        -5.175641307133419e-10,
                        4.613415979838511,
                        0.6233169418751296
                    ],
                    [
                        1.5547430540830622,
                        1.0386810916513727,
                        2.3775248554228074,
                        -2.910329754149138e-11,
                        0.6233169418751296,
                        4.28721041797948
                    ]
                ],
                "mui": [
                    0.0,
                    0.0,
                    0.0,
                    1.0,
                    -0.5175641307133418,
                    -0.02910329754149138
                ],
                "Ai": [
                    [
                        0.0,
                        0.0,
                        0.0,
                        0.0,
                        0.0,
                        0.0
                    ],
                    [
                        0.6095121846491303,
                        0.0,
                        0.0,
                        0.0,
                        0.0,
                        0.0
                    ],
                    [
                        0.9429290086722077,
                        0.9171318241758553,
                        0.0,
                        0.0,
                        0.0,
                        0.0
                    ],
                    [
                        0.0,
                        0.0,
                        0.0,
                        0.0,
                        0.0,
                        0.0
                    ],
                    [
                        -0.6854696415122445,
                        0.7688420349642053,
                        0.764589118845954,
                        -0.5175641307133418,
                        0.0,
                        0.0
                    ],
                    [
                        0.9023181774804652,
                        0.841733105048942,
                        0.667958395153978,
                        -0.5090742676753719,
                        -0.9273652126401266,
                        0.0
                    ]
                ]
            },
            "est_params": {
                "mui": [
                    0.00040108414705072084,
                    0.004627169940960003,
                    0.002460017770178284,
                    1.0000003496444803,
                    -0.5110757893351052,
                    -0.02574813105524194
                ],
                "Si": [
                    [
                        1.0050280978230453,
                        0.6096579812922011,
                        1.5014485832143232,
                        -9.962593942117967e-08,
                        0.9263585193922131,
                        1.5662295319965915
                    ],
                    [
                        0.609657981292201,
                        1.3750070081509589,
                        1.8318826780263744,
                        2.2778651129831929e-07,
                        2.0446404803278173,
                        1.0390924712465985
                    ],
                    [
                        1.5014485832143232,
                        1.8318826780263744,
                        4.084777575172488,
                        8.754049267444413e-08,
                        3.509615434155192,
                        2.371765278729314
                    ],
                    [
                        -9.962593942117968e-08,
                        2.2778651129831923e-07,
                        8.754049267444392e-08,
                        1.0060962522602273e-06,
                        5.405593800164447e-07,
                        -2.1714709687431386e-08
                    ],
                    [
                        0.9263585193922129,
                        2.0446404803278173,
                        3.509615434155192,
                        5.405593800164446e-07,
                        4.6272014973921785,
                        0.6114674583935967
                    ],
                    [
                        1.5662295319965918,
                        1.0390924712465985,
                        2.371765278729314,
                        -2.1714709687431253e-08,
                        0.6114674583935968,
                        4.307132700694046
                    ]
                ]
            },
            "est_tgt": [
                3
            ],
            "oracle_est_tgt": [
                3
            ]
        },
        "2": {
            "intv_type": "do",
            "inode": 2,
            "new_mui": 1.0,
            "new_vari": null,
            "noise_type": "gaussian",
            "obs_noise_gamma_shape": null,
            "true_params": {
                "Si": [
                    [
                        1.0,
                        0.6095121846491303,
                        0.0,
                        1.3137462128387254,
                        -0.8967989697569486,
                        1.5782305373022734
                    ],
                    [
                        0.6095121846491303,
                        1.3715051032357555,
                        0.0,
                        1.609655921800312,
                        -0.19643149208737493,
                        1.0671444955708485
                    ],
                    [
                        0.0,
                        0.0,
                        1e-09,
                        8.468913470970405e-10,
                        3.2626853497702324e-10,
                        -6.574228648680678e-11
                    ],
                    [
                        1.3137462128387254,
                        1.609655921800312,
                        8.468913470970405e-10,
                        3.3802670850975405,
                        -1.412467005873401,
                        2.129383540479339
                    ],
                    [
                        -0.8967989697569486,
                        -0.19643149208737493,
                        3.2626853497702324e-10,
                        -1.412467005873401,
                        2.194745938505938,
                        -2.2908213288266044
                    ],
                    [
                        1.5782305373022734,
                        1.0671444955708485,
                        -6.574228648680678e-11,
                        2.129383540479339,
                        -2.2908213288266044,
                        4.362730594069738
                    ]
                ],
                "mui": [
                    0.0,
                    0.0,
                    1.0,
                    0.8468913470970405,
                    0.32626853497702324,
                    -0.06574228648680677
                ],
                "Ai": [
                    [
                        0.0,
                        0.0,
                        0.0,
                        0.0,
                        0.0,
                        0.0
                    ],
                    [
                        0.6095121846491303,
                        0.0,
                        0.0,
                        0.0,
                        0.0,
                        0.0
                    ],
                    [
                        0.0,
                        0.0,
                        0.0,
                        0.0,
                        0.0,
                        0.0
                    ],
                    [
                        0.8207047378350412,
                        0.8089115975384591,
                        0.8468913470970405,
                        0.0,
                        0.0,
                        0.0
                    ],
                    [
                        -0.6854696415122445,
                        0.7688420349642053,
                        0.764589118845954,
                        -0.5175641307133418,
                        0.0,
                        0.0
                    ],
                    [
                        0.9023181774804652,
                        0.841733105048942,
                        0.667958395153978,
                        -0.5090742676753719,
                        -0.9273652126401266,
                        0.0
                    ]
                ]
            },
            "est_params": {
                "mui": [
                    -0.005673164103886037,
                    0.002800986413647879,
                    1.0000008387409673,
                    0.8423023053148633,
                    0.3389894425252412,
                    -0.07933311358847643
                ],
                "Si": [
                    [
                        1.0040888223315478,
                        0.612375516470299,
                        5.813406994895992e-07,
                        1.3215399528141614,
                        -0.8945006388116845,
                        1.5816740476216966
                    ],
                    [
                        0.612375516470299,
                        1.373210896030916,
                        7.37316101715541e-08,
                        1.61758002037101,
                        -0.20443224593119166,
                        1.0749473406906431
                    ],
                    [
                        5.813406994895993e-07,
                        7.373161017155418e-08,
                        1.0083950512132866e-06,
                        7.158227138137769e-07,
                        -1.0907625732546078e-06,
                        1.2124940057743929e-06
                    ],
                    [
                        1.3215399528141614,
                        1.61758002037101,
                        7.158227138137769e-07,
                        3.399935331453617,
                        -1.4191694640852148,
                        2.139739311021916
                    ],
                    [
                        -0.8945006388116846,
                        -0.20443224593119166,
                        -1.0907625732546078e-06,
                        -1.4191694640852148,
                        2.1772996530734736,
                        -2.278026098307085
                    ],
                    [
                        1.5816740476216966,
                        1.0749473406906433,
                        1.2124940057743929e-06,
                        2.139739311021916,
                        -2.278026098307085,
                        4.356518049841567
                    ]
                ]
            },
            "est_tgt": [
                2
            ],
            "oracle_est_tgt": [
                2
            ]
        },
        "4": {
            "intv_type": "do",
            "inode": 4,
            "new_mui": 1.0,
            "new_vari": null,
            "noise_type": "gaussian",
            "obs_noise_gamma_shape": null,
            "true_params": {
                "Si": [
                    [
                        1.0,
                        0.6095121846491303,
                        1.5019320304368753,
                        2.5857194533436036,
                        0.0,
                        1.1022696327864547
                    ],
                    [
                        0.6095121846491303,
                        1.3715051032357555,
                        1.832577697241939,
                        3.16165011647753,
                        0.0,
                        1.3189861126949878
                    ],
                    [
                        1.5019320304368753,
                        1.832577697241939,
                        4.0969306069683675,
                        6.18469116667361,
                        0.0,
                        2.4858739545613275
                    ],
                    [
                        2.5857194533436036,
                        3.16165011647753,
                        6.18469116667361,
                        10.917369086172203,
                        0.0,
                        3.5677719479671968
                    ],
                    [
                        0.0,
                        0.0,
                        0.0,
                        0.0,
                        1e-09,
                        -9.273652126401267e-10
                    ],
                    [
                        1.1022696327864547,
                        1.3189861126949878,
                        2.4858739545613275,
                        3.5677719479671968,
                        -9.273652126401267e-10,
                        2.949031688762849
                    ]
                ],
                "mui": [
                    0.0,
                    0.0,
                    0.0,
                    0.0,
                    1.0,
                    -0.9273652126401266
                ],
                "Ai": [
                    [
                        0.0,
                        0.0,
                        0.0,
                        0.0,
                        0.0,
                        0.0
                    ],
                    [
                        0.6095121846491303,
                        0.0,
                        0.0,
                        0.0,
                        0.0,
                        0.0
                    ],
                    [
                        0.9429290086722077,
                        0.9171318241758553,
                        0.0,
                        0.0,
                        0.0,
                        0.0
                    ],
                    [
                        0.8207047378350412,
                        0.8089115975384591,
                        0.8468913470970405,
                        0.0,
                        0.0,
                        0.0
                    ],
                    [
                        0.0,
                        0.0,
                        0.0,
                        0.0,
                        0.0,
                        0.0
                    ],
                    [
                        0.9023181774804652,
                        0.841733105048942,
                        0.667958395153978,
                        -0.5090742676753719,
                        -0.9273652126401266,
                        0.0
                    ]
                ]
            },
            "est_params": {
                "mui": [
                    0.0007882874207395333,
                    0.004096800678249875,
                    0.00140997383583435,
                    0.00477750148652898,
                    1.0000004612648496,
                    -0.9147696458088326
                ],
                "Si": [
                    [
                        1.001762935598115,
                        0.6084032444173122,
                        1.5052643430615225,
                        2.5880283685019423,
                        -3.050850772825106e-08,
                        1.1052254756888316
                    ],
                    [
                        0.6084032444173122,
                        1.3603411635991316,
                        1.828829596249994,
                        3.1437402023980328,
                        1.951375857194759e-07,
                        1.309949928498237
                    ],
                    [
                        1.5052643430615225,
                        1.828829596249994,
                        4.10806927725784,
                        6.187283401090672,
                        4.010441286865391e-07,
                        2.4830067511920824
                    ],
                    [
                        2.5880283685019423,
                        3.1437402023980328,
                        6.187283401090672,
                        10.890371098663206,
                        5.284526780424169e-07,
                        3.5510943364314507
                    ],
                    [
                        -3.050850772825106e-08,
                        1.9513758571947591e-07,
                        4.010441286865392e-07,
                        5.284526780424168e-07,
                        1.0099873052560188e-06,
                        3.69283584847288e-07
                    ],
                    [
                        1.1052254756888313,
                        1.309949928498237,
                        2.4830067511920824,
                        3.5510943364314507,
                        3.692835848472879e-07,
                        2.9550177795265835
                    ]
                ]
            },
            "est_tgt": [
                4
            ],
            "oracle_est_tgt": [
                4
            ]
        },
        "obs": {
            "intv_type": "obs",
            "noise_type": "gaussian",
            "obs_noise_gamma_shape": null,
            "true_params": {
                "Si": [
                    [
                        1.0,
                        0.6095121846491303,
                        1.5019320304368753,
                        2.5857194533436036,
                        -0.40676580655124334,
                        1.4794900914735811
                    ],
                    [
                        0.6095121846491303,
                        1.3715051032357555,
                        1.832577697241939,
                        3.16165011647753,
                        0.40148094842331944,
                        0.9466666475894364
                    ],
                    [
                        1.5019320304368753,
                        1.832577697241939,
                        4.0969306069683675,
                        6.18469116667361,
                        0.31092821084323974,
                        2.197529948196872
                    ],
                    [
                        2.5857194533436036,
                        3.16165011647753,
                        6.18469116667361,
                        10.917369086172203,
                        -0.2633137486373719,
                        3.8119599584633614
                    ],
                    [
                        -0.40676580655124334,
                        0.40148094842331944,
                        0.31092821084323974,
                        -0.2633137486373719,
                        1.9615151191526183,
                        -1.5063998989847507
                    ],
                    [
                        1.4794900914735811,
                        0.9466666475894364,
                        2.197529948196872,
                        3.8119599584633614,
                        -1.5063998989847507,
                        4.056082175541446
                    ]
                ],
                "mui": [
                    0.0,
                    0.0,
                    0.0,
                    0.0,
                    0.0,
                    0.0
                ],
                "Ai": [
                    [
                        0.0,
                        0.0,
                        0.0,
                        0.0,
                        0.0,
                        0.0
                    ],
                    [
                        0.6095121846491303,
                        0.0,
                        0.0,
                        0.0,
                        0.0,
                        0.0
                    ],
                    [
                        0.9429290086722077,
                        0.9171318241758553,
                        0.0,
                        0.0,
                        0.0,
                        0.0
                    ],
                    [
                        0.8207047378350412,
                        0.8089115975384591,
                        0.8468913470970405,
                        0.0,
                        0.0,
                        0.0
                    ],
                    [
                        -0.6854696415122445,
                        0.7688420349642053,
                        0.764589118845954,
                        -0.5175641307133418,
                        0.0,
                        0.0
                    ],
                    [
                        0.9023181774804652,
                        0.841733105048942,
                        0.667958395153978,
                        -0.5090742676753719,
                        -0.9273652126401266,
                        0.0
                    ]
                ]
            },
            "est_params": {
                "mui": [
                    0.009061022669938835,
                    0.010141576748273106,
                    0.018786284322181438,
                    0.036638704891523016,
                    -0.0035576827629493777,
                    0.011927140550116977
                ],
                "Si": [
                    [
                        1.0052985858211403,
                        0.6154110625049822,
                        1.51727648914118,
                        2.602624280118971,
                        -0.3959142286690234,
                        1.4801934444891114
                    ],
                    [
                        0.6154110625049822,
                        1.3885072274842636,
                        1.853710800952744,
                        3.1882482464129094,
                        0.41626738186074896,
                        0.9526500092201531
                    ],
                    [
                        1.51727648914118,
                        1.853710800952744,
                        4.130224329596565,
                        6.228268389014964,
                        0.33140065730821383,
                        2.207820908752675
                    ],
                    [
                        2.602624280118971,
                        3.1882482464129094,
                        6.228268389014964,
                        10.958709522994805,
                        -0.21605617397387147,
                        3.814589417123671
                    ],
                    [
                        -0.3959142286690234,
                        0.41626738186074896,
                        0.33140065730821383,
                        -0.21605617397387147,
                        1.9493137295685106,
                        -1.4919065064227588
                    ],
                    [
                        1.4801934444891114,
                        0.9526500092201531,
                        2.207820908752675,
                        3.814589417123671,
                        -1.4919065064227588,
                        4.0496723408494795
                    ]
                ]
            },
            "est_tgt": [
                0,
                1,
                2,
                3,
                4,
                5
            ],
            "oracle_est_tgt": [
                0,
                1,
                2,
                3,
                4,
                5
            ]
        }
    },
    "metric_dict": {
        "param_est_rel_err": 1.315642367830944,
        "est_num_comp": 4,
        "weight_precision_error": 0.0014648819407445945,
        "gm_score_dict": {
            "1": -9.258654336155967,
            "2": -9.151551505534698,
            "3": -5.950441465608812,
            "4": -4.339444773259151,
            "5": -4.339861851393384,
            "6": -4.340049300001528,
            "7": -4.340236915828139
        },
        "est_dag": {
            "amat": [
                [
                    0,
                    0,
                    1,
                    1,
                    1,
                    1
                ],
                [
                    1,
                    0,
                    1,
                    1,
                    1,
                    1
                ],
                [
                    0,
                    0,
                    0,
                    1,
                    1,
                    1
                ],
                [
                    0,
                    0,
                    0,
                    0,
                    1,
                    1
                ],
                [
                    0,
                    0,
                    0,
                    0,
                    0,
                    1
                ],
                [
                    0,
                    0,
                    0,
                    0,
                    0,
                    0
                ]
            ],
            "nodes": [
                0,
                1,
                2,
                3,
                4,
                5
            ]
        },
        "oracle_est_dag": {
            "amat": [
                [
                    0,
                    0,
                    1,
                    1,
                    1,
                    1
                ],
                [
                    1,
                    0,
                    1,
                    1,
                    1,
                    1
                ],
                [
                    0,
                    0,
                    0,
                    1,
                    1,
                    1
                ],
                [
                    0,
                    0,
                    0,
                    0,
                    1,
                    1
                ],
                [
                    0,
                    0,
                    0,
                    0,
                    0,
                    1
                ],
                [
                    0,
                    0,
                    0,
                    0,
                    0,
                    0
                ]
            ],
            "nodes": [
                0,
                1,
                2,
                3,
                4,
                5
            ]
        },
        "igsp_dag": null,
        "intv_base_est_dag": null,
        "act_dag": {
            "amat": [
                [
                    0,
                    1,
                    1,
                    1,
                    1,
                    1
                ],
                [
                    0,
                    0,
                    1,
                    1,
                    1,
                    1
                ],
                [
                    0,
                    0,
                    0,
                    1,
                    1,
                    1
                ],
                [
                    0,
                    0,
                    0,
                    0,
                    1,
                    1
                ],
                [
                    0,
                    0,
                    0,
                    0,
                    0,
                    1
                ],
                [
                    0,
                    0,
                    0,
                    0,
                    0,
                    0
                ]
            ],
            "nodes": [
                0,
                1,
                2,
                3,
                4,
                5
            ]
        },
        "shd": 1,
        "oracle_shd": 1,
        "intv_base_shd": null,
        "igsp_shd": null,
        "avg_js": 0.75,
        "avg_oracle_js": 0.75
    }
}