{
    "expt_args": {
        "save_dir": "all_expt_logs/expt_logs_sim_compsel_backwardbugfixed_cameraready_half_density_var",
        "exp_name": "18",
        "num_nodes": 6,
        "num_tgt_prior": 7,
        "obs_noise_mean": 0.0,
        "obs_noise_var": 1.0,
        "obs_noise_gamma_shape": null,
        "noise_type": "gaussian",
        "max_edge_strength": 1.0,
        "graph_sparsity_method": "adj_dense_prop",
        "adj_dense_prop": 0.4,
        "num_parents": null,
        "new_noise_mean": 1.0,
        "mix_samples": 131072,
        "stage2_samples": 131072,
        "gmm_tol": 0.001,
        "intv_type": "do",
        "new_noise_var": null,
        "dtype": "simulation",
        "cutoff_drop_ratio": 0.07,
        "intv_targets": [
            3,
            1,
            4
        ]
    },
    "intv_args_dict": {
        "3": {
            "intv_type": "do",
            "inode": 3,
            "new_mui": 1.0,
            "new_vari": null,
            "noise_type": "gaussian",
            "obs_noise_gamma_shape": null,
            "true_params": {
                "Si": [
                    [
                        1.0,
                        0.8021461990024119,
                        0.6231144055135919,
                        0.0,
                        0.0,
                        -0.45879715533272136
                    ],
                    [
                        0.8021461990024119,
                        1.6434385245740168,
                        1.276637875379366,
                        0.0,
                        0.0,
                        -0.9399844080499054
                    ],
                    [
                        0.6231144055135919,
                        1.276637875379366,
                        1.991703821276546,
                        0.0,
                        0.0,
                        -1.466485190169557
                    ],
                    [
                        0.0,
                        0.0,
                        0.0,
                        1e-09,
                        -7.957208576716779e-10,
                        6.947664555525597e-10
                    ],
                    [
                        0.0,
                        0.0,
                        0.0,
                        -7.957208576716779e-10,
                        1.0000000006331717,
                        -0.8731283707019949
                    ],
                    [
                        -0.45879715533272136,
                        -0.9399844080499054,
                        -1.466485190169557,
                        6.947664555525597e-10,
                        -0.8731283707019949,
                        2.84212153347481
                    ]
                ],
                "mui": [
                    0.0,
                    0.0,
                    0.0,
                    1.0,
                    -0.7957208576716779,
                    0.6947664555525597
                ],
                "Ai": [
                    [
                        0.0,
                        0.0,
                        0.0,
                        0.0,
                        0.0,
                        0.0
                    ],
                    [
                        0.8021461990024119,
                        0.0,
                        0.0,
                        0.0,
                        0.0,
                        0.0
                    ],
                    [
                        -0.0,
                        0.7768090234529906,
                        0.0,
                        0.0,
                        0.0,
                        0.0
                    ],
                    [
                        0.0,
                        0.0,
                        0.0,
                        0.0,
                        0.0,
                        0.0
                    ],
                    [
                        0.0,
                        0.0,
                        -0.0,
                        -0.7957208576716779,
                        0.0,
                        0.0
                    ],
                    [
                        -0.0,
                        -0.0,
                        -0.7362968200912725,
                        0.0,
                        -0.8731283701491548,
                        0.0
                    ]
                ]
            },
            "est_params": {
                "mui": [
                    0.00413222048872073,
                    0.003713236863880566,
                    0.004644955230890836,
                    1.00000021575078,
                    -0.8030139208506072,
                    0.7020744414597937
                ],
                "Si": [
                    [
                        1.0033911420336032,
                        0.8007941639125749,
                        0.6206854869514112,
                        -5.36051119270177e-07,
                        0.0031676506643394564,
                        -0.46454989978389627
                    ],
                    [
                        0.8007941639125749,
                        1.635502580275707,
                        1.2718817640454336,
                        -2.699380842805998e-07,
                        0.0036293443862672405,
                        -0.9350015209547405
                    ],
                    [
                        0.6206854869514112,
                        1.2718817640454334,
                        1.9942220903713557,
                        3.3755326195779614e-07,
                        -0.0032350188214298743,
                        -1.4597114718277728
                    ],
                    [
                        -5.36051119270177e-07,
                        -2.699380842805999e-07,
                        3.3755326195779603e-07,
                        1.0103563267269724e-06,
                        2.7946027513022907e-07,
                        -8.596959230806926e-07
                    ],
                    [
                        0.003167650664339461,
                        0.0036293443862672396,
                        -0.0032350188214298773,
                        2.794602751302292e-07,
                        0.9981290994378429,
                        -0.8750082873321575
                    ],
                    [
                        -0.46454989978389627,
                        -0.9350015209547404,
                        -1.4597114718277728,
                        -8.596959230806926e-07,
                        -0.8750082873321575,
                        2.836193970579431
                    ]
                ]
            },
            "est_tgt": [
                3
            ],
            "oracle_est_tgt": [
                3
            ]
        },
        "1": {
            "intv_type": "do",
            "inode": 1,
            "new_mui": 1.0,
            "new_vari": null,
            "noise_type": "gaussian",
            "obs_noise_gamma_shape": null,
            "true_params": {
                "Si": [
                    [
                        1.0,
                        0.0,
                        0.0,
                        -0.929726730793569,
                        0.7398029516273439,
                        -0.6459429453859168
                    ],
                    [
                        0.0,
                        1e-09,
                        7.768090234529907e-10,
                        0.0,
                        0.0,
                        -5.719620137866437e-10
                    ],
                    [
                        0.0,
                        7.768090234529907e-10,
                        1.0000000006034322,
                        0.0,
                        0.0,
                        -0.7362968205355778
                    ],
                    [
                        -0.929726730793569,
                        0.0,
                        0.0,
                        1.8643917939520978,
                        -1.4835354373196012,
                        1.295316878445377
                    ],
                    [
                        0.7398029516273439,
                        0.0,
                        0.0,
                        -1.4835354373196012,
                        2.180480090570281,
                        -1.9038390276223107
                    ],
                    [
                        -0.6459429453859168,
                        -5.719620137866437e-10,
                        -0.7362968205355778,
                        1.295316878445377,
                        -1.9038390276223107,
                        3.20442887481788
                    ]
                ],
                "mui": [
                    0.0,
                    1.0,
                    0.7768090234529906,
                    0.0,
                    0.0,
                    -0.5719620137866437
                ],
                "Ai": [
                    [
                        0.0,
                        0.0,
                        0.0,
                        0.0,
                        0.0,
                        0.0
                    ],
                    [
                        0.0,
                        0.0,
                        0.0,
                        0.0,
                        0.0,
                        0.0
                    ],
                    [
                        -0.0,
                        0.7768090234529906,
                        0.0,
                        0.0,
                        0.0,
                        0.0
                    ],
                    [
                        -0.929726730793569,
                        0.0,
                        -0.0,
                        0.0,
                        0.0,
                        0.0
                    ],
                    [
                        0.0,
                        0.0,
                        -0.0,
                        -0.7957208576716779,
                        0.0,
                        0.0
                    ],
                    [
                        -0.0,
                        -0.0,
                        -0.7362968200912725,
                        0.0,
                        -0.8731283701491548,
                        0.0
                    ]
                ]
            },
            "est_params": {
                "mui": [
                    -0.0012581888397243254,
                    1.0000002073559122,
                    0.7733531682879635,
                    0.010387336853094184,
                    -0.011382498073391315,
                    -0.5482902010736381
                ],
                "Si": [
                    [
                        0.987029996359293,
                        -1.8432932135098285e-07,
                        0.0015089135196876277,
                        -0.9254780260599325,
                        0.731852414985391,
                        -0.6384376205815433
                    ],
                    [
                        -1.8432932135098285e-07,
                        1.0101696986404067e-06,
                        1.0162049901403804e-07,
                        1.383285584196815e-06,
                        -8.201034412895473e-07,
                        6.316151945079517e-07
                    ],
                    [
                        0.0015089135196876251,
                        1.0162049901403804e-07,
                        1.0025114409574976,
                        -0.011967724515310868,
                        0.00940501129664948,
                        -0.7477981055631592
                    ],
                    [
                        -0.9254780260599325,
                        1.3832855841968157e-06,
                        -0.011967724515310864,
                        1.86924639041869,
                        -1.4816171079467666,
                        1.3079940325236459
                    ],
                    [
                        0.7318524149853909,
                        -8.201034412895471e-07,
                        0.009405011296649484,
                        -1.4816171079467666,
                        2.1746478781052563,
                        -1.9195233912910998
                    ],
                    [
                        -0.6384376205815433,
                        6.316151945079511e-07,
                        -0.7477981055631592,
                        1.3079940325236459,
                        -1.9195233912910998,
                        3.2507555124744596
                    ]
                ]
            },
            "est_tgt": [
                1
            ],
            "oracle_est_tgt": [
                1
            ]
        },
        "4": {
            "intv_type": "do",
            "inode": 4,
            "new_mui": 1.0,
            "new_vari": null,
            "noise_type": "gaussian",
            "obs_noise_gamma_shape": null,
            "true_params": {
                "Si": [
                    [
                        1.0,
                        0.8021461990024119,
                        0.6231144055135919,
                        -0.929726730793569,
                        0.0,
                        -0.45879715533272136
                    ],
                    [
                        0.8021461990024119,
                        1.6434385245740168,
                        1.276637875379366,
                        -0.745776763217,
                        0.0,
                        -0.9399844080499054
                    ],
                    [
                        0.6231144055135919,
                        1.276637875379366,
                        1.991703821276546,
                        -0.57932611914853,
                        0.0,
                        -1.466485190169557
                    ],
                    [
                        -0.929726730793569,
                        -0.745776763217,
                        -0.57932611914853,
                        1.8643917939520978,
                        0.0,
                        0.4265559793248803
                    ],
                    [
                        0.0,
                        0.0,
                        0.0,
                        0.0,
                        1e-09,
                        -8.731283701491549e-10
                    ],
                    [
                        -0.45879715533272136,
                        -0.9399844080499054,
                        -1.466485190169557,
                        0.4265559793248803,
                        -8.731283701491549e-10,
                        2.0797683829951428
                    ]
                ],
                "mui": [
                    0.0,
                    0.0,
                    0.0,
                    0.0,
                    1.0,
                    -0.8731283701491548
                ],
                "Ai": [
                    [
                        0.0,
                        0.0,
                        0.0,
                        0.0,
                        0.0,
                        0.0
                    ],
                    [
                        0.8021461990024119,
                        0.0,
                        0.0,
                        0.0,
                        0.0,
                        0.0
                    ],
                    [
                        -0.0,
                        0.7768090234529906,
                        0.0,
                        0.0,
                        0.0,
                        0.0
                    ],
                    [
                        -0.929726730793569,
                        0.0,
                        -0.0,
                        0.0,
                        0.0,
                        0.0
                    ],
                    [
                        0.0,
                        0.0,
                        0.0,
                        0.0,
                        0.0,
                        0.0
                    ],
                    [
                        -0.0,
                        -0.0,
                        -0.7362968200912725,
                        0.0,
                        -0.8731283701491548,
                        0.0
                    ]
                ]
            },
            "est_params": {
                "mui": [
                    0.009551161088828005,
                    0.00295400277693867,
                    0.000688609229331874,
                    -0.004915254300556897,
                    1.000000481227616,
                    -0.8729386775335221
                ],
                "Si": [
                    [
                        0.9883690396371562,
                        0.790150858268106,
                        0.6121343583665624,
                        -0.9086748954251914,
                        3.385884758145385e-07,
                        -0.45209034522802694
                    ],
                    [
                        0.790150858268106,
                        1.6276020048914126,
                        1.2590840695246057,
                        -0.7320664166744975,
                        -6.336703384452049e-08,
                        -0.9311392051001154
                    ],
                    [
                        0.6121343583665625,
                        1.2590840695246057,
                        1.979509299406875,
                        -0.5674408494656609,
                        -1.2712581870196413e-06,
                        -1.4707768495412787
                    ],
                    [
                        -0.9086748954251914,
                        -0.7320664166744972,
                        -0.567440849465661,
                        1.8206379194735398,
                        -4.93919688482982e-07,
                        0.41004850795698006
                    ],
                    [
                        3.3858847581453837e-07,
                        -6.336703384452012e-08,
                        -1.2712581870196413e-06,
                        -4.93919688482982e-07,
                        1.0088369773263507e-06,
                        1.102496474072834e-06
                    ],
                    [
                        -0.45209034522802694,
                        -0.9311392051001154,
                        -1.4707768495412783,
                        0.4100485079569801,
                        1.102496474072834e-06,
                        2.08162548083623
                    ]
                ]
            },
            "est_tgt": [
                4
            ],
            "oracle_est_tgt": [
                4
            ]
        },
        "obs": {
            "intv_type": "obs",
            "noise_type": "gaussian",
            "obs_noise_gamma_shape": null,
            "true_params": {
                "Si": [
                    [
                        1.0,
                        0.8021461990024119,
                        0.6231144055135919,
                        -0.929726730793569,
                        0.7398029516273439,
                        -1.1047401007186382
                    ],
                    [
                        0.8021461990024119,
                        1.6434385245740168,
                        1.276637875379366,
                        -0.745776763217,
                        0.5934301256586391,
                        -1.458125086463641
                    ],
                    [
                        0.6231144055135919,
                        1.276637875379366,
                        1.991703821276546,
                        -0.57932611914853,
                        0.46098187640047295,
                        -1.868981544579401
                    ],
                    [
                        -0.929726730793569,
                        -0.745776763217,
                        -0.57932611914853,
                        1.8643917939520978,
                        -1.4835354373196012,
                        1.7218728577702573
                    ],
                    [
                        0.7398029516273439,
                        0.5934301256586391,
                        0.46098187640047295,
                        -1.4835354373196012,
                        2.180480090570281,
                        -2.243258517335687
                    ],
                    [
                        -1.1047401007186382,
                        -1.458125086463641,
                        -1.868981544579401,
                        1.7218728577702573,
                        -2.243258517335687,
                        4.334777821147606
                    ]
                ],
                "mui": [
                    0.0,
                    0.0,
                    0.0,
                    0.0,
                    0.0,
                    0.0
                ],
                "Ai": [
                    [
                        0.0,
                        0.0,
                        0.0,
                        0.0,
                        0.0,
                        0.0
                    ],
                    [
                        0.8021461990024119,
                        0.0,
                        0.0,
                        0.0,
                        0.0,
                        0.0
                    ],
                    [
                        -0.0,
                        0.7768090234529906,
                        0.0,
                        0.0,
                        0.0,
                        0.0
                    ],
                    [
                        -0.929726730793569,
                        0.0,
                        -0.0,
                        0.0,
                        0.0,
                        0.0
                    ],
                    [
                        0.0,
                        0.0,
                        -0.0,
                        -0.7957208576716779,
                        0.0,
                        0.0
                    ],
                    [
                        -0.0,
                        -0.0,
                        -0.7362968200912725,
                        0.0,
                        -0.8731283701491548,
                        0.0
                    ]
                ]
            },
            "est_params": {
                "mui": [
                    0.0008728037089148425,
                    -0.0010373481805103697,
                    -0.0040323505701627075,
                    0.0040172337401369876,
                    0.0016872679163027358,
                    -0.002444724702473808
                ],
                "Si": [
                    [
                        1.0036193176126407,
                        0.8080822603910401,
                        0.6305345023965135,
                        -0.9252412498441431,
                        0.7400142315885955,
                        -1.1147186749027296
                    ],
                    [
                        0.8080822603910401,
                        1.6470249609327434,
                        1.27990429277909,
                        -0.7466682797069344,
                        0.598468698841056,
                        -1.4759273694018549
                    ],
                    [
                        0.6305345023965135,
                        1.27990429277909,
                        1.9966909397004333,
                        -0.5834616580166855,
                        0.4740505820273993,
                        -1.8820446745745345
                    ],
                    [
                        -0.9252412498441431,
                        -0.7466682797069344,
                        -0.5834616580166855,
                        1.8621169189776434,
                        -1.4960521904402257,
                        1.7457396236254523
                    ],
                    [
                        0.7400142315885955,
                        0.598468698841056,
                        0.4740505820273993,
                        -1.4960521904402257,
                        2.1879770051984964,
                        -2.263447749210639
                    ],
                    [
                        -1.1147186749027296,
                        -1.4759273694018549,
                        -1.8820446745745345,
                        1.7457396236254523,
                        -2.263447749210639,
                        4.38213583675177
                    ]
                ]
            },
            "est_tgt": [
                0,
                1,
                2,
                3,
                4,
                5
            ],
            "oracle_est_tgt": [
                0,
                1,
                2,
                3,
                4,
                5
            ]
        }
    },
    "metric_dict": {
        "param_est_rel_err": 1.1338410274147226,
        "est_num_comp": 4,
        "weight_precision_error": 0.0015231867259408172,
        "gm_score_dict": {
            "1": -8.659082914309774,
            "2": -7.272923703847522,
            "3": -7.223023739206616,
            "4": -4.338690962551838,
            "5": -4.338989635637771,
            "6": -4.339565314417358,
            "7": -4.33953136283455
        },
        "est_dag": {
            "amat": [
                [
                    0,
                    1,
                    0,
                    1,
                    0,
                    0
                ],
                [
                    0,
                    0,
                    1,
                    0,
                    0,
                    0
                ],
                [
                    0,
                    0,
                    0,
                    0,
                    0,
                    1
                ],
                [
                    0,
                    0,
                    0,
                    0,
                    1,
                    0
                ],
                [
                    0,
                    0,
                    0,
                    0,
                    0,
                    1
                ],
                [
                    0,
                    0,
                    0,
                    0,
                    0,
                    0
                ]
            ],
            "nodes": [
                0,
                1,
                2,
                3,
                4,
                5
            ]
        },
        "oracle_est_dag": {
            "amat": [
                [
                    0,
                    1,
                    0,
                    1,
                    0,
                    0
                ],
                [
                    0,
                    0,
                    1,
                    0,
                    0,
                    0
                ],
                [
                    0,
                    0,
                    0,
                    0,
                    0,
                    1
                ],
                [
                    0,
                    0,
                    0,
                    0,
                    1,
                    0
                ],
                [
                    0,
                    0,
                    0,
                    0,
                    0,
                    1
                ],
                [
                    0,
                    0,
                    0,
                    0,
                    0,
                    0
                ]
            ],
            "nodes": [
                0,
                1,
                2,
                3,
                4,
                5
            ]
        },
        "igsp_dag": null,
        "intv_base_est_dag": null,
        "act_dag": {
            "amat": [
                [
                    0,
                    1,
                    0,
                    1,
                    0,
                    0
                ],
                [
                    0,
                    0,
                    1,
                    0,
                    0,
                    0
                ],
                [
                    0,
                    0,
                    0,
                    0,
                    0,
                    1
                ],
                [
                    0,
                    0,
                    0,
                    0,
                    1,
                    0
                ],
                [
                    0,
                    0,
                    0,
                    0,
                    0,
                    1
                ],
                [
                    0,
                    0,
                    0,
                    0,
                    0,
                    0
                ]
            ],
            "nodes": [
                0,
                1,
                2,
                3,
                4,
                5
            ]
        },
        "shd": 0,
        "oracle_shd": 0,
        "intv_base_shd": null,
        "igsp_shd": null,
        "avg_js": 0.75,
        "avg_oracle_js": 0.75
    }
}