{
    "expt_args": {
        "save_dir": "expt_logs_29.04.24-7",
        "exp_name": "187",
        "num_nodes": 8,
        "obs_noise_mean": 0.5,
        "obs_noise_var": 1.0,
        "max_edge_strength": 1.0,
        "num_parents": 2,
        "new_noise_mean": 10.0,
        "mix_samples": 8192,
        "stage2_samples": 8192,
        "intv_targets": [
            0,
            1,
            2,
            3,
            4,
            5,
            6,
            7
        ]
    },
    "intv_args_dict": {
        "0": {
            "intv_type": "do",
            "inode": 0,
            "new_mui": 10.0,
            "true_params": {
                "Si": [
                    [
                        0.0,
                        0.0,
                        0.0,
                        0.0,
                        0.0,
                        0.0,
                        0.0,
                        0.0
                    ],
                    [
                        0.0,
                        1.0,
                        0.8633196575078245,
                        1.021020174837822,
                        -0.17038037384332747,
                        0.9510757569858947,
                        0.23649122402078854,
                        0.09263781321002085
                    ],
                    [
                        0.0,
                        0.8633196575078245,
                        1.7453208310394275,
                        1.4313848887034561,
                        -0.5973372850747621,
                        0.8210823967850576,
                        -0.34246435111591705,
                        -0.32309422465048926
                    ],
                    [
                        0.0,
                        1.021020174837822,
                        1.4313848887034561,
                        2.3448921152925717,
                        -1.2403078205988958,
                        0.9710675356817522,
                        -0.05914045103095451,
                        -0.860034740799622
                    ],
                    [
                        0.0,
                        -0.17038037384332747,
                        -0.5973372850747621,
                        -1.2403078205988958,
                        1.9020985585570087,
                        -0.1620446430285824,
                        0.20582456376855535,
                        0.7658097716498234
                    ],
                    [
                        0.0,
                        0.9510757569858947,
                        0.8210823967850576,
                        0.9710675356817522,
                        -0.1620446430285824,
                        1.9045450955262928,
                        0.9697715833926149,
                        0.9723769120287327
                    ],
                    [
                        0.0,
                        0.23649122402078854,
                        -0.34246435111591705,
                        -0.05914045103095451,
                        0.20582456376855535,
                        0.9697715833926149,
                        1.9095367917604218,
                        0.9008890436103725
                    ],
                    [
                        0.0,
                        0.09263781321002085,
                        -0.32309422465048926,
                        -0.860034740799622,
                        0.7658097716498234,
                        0.9723769120287327,
                        0.9008890436103725,
                        2.490219687138797
                    ]
                ],
                "mui": [
                    10.0,
                    -4.653166343770604,
                    4.3223957086543505,
                    0.3351014100803412,
                    -2.8714100469056736,
                    -9.53512291836375,
                    -8.965000466740545,
                    -8.177253190202741
                ],
                "Ai": [
                    [
                        0.0,
                        0.0,
                        0.0,
                        0.0,
                        0.0,
                        0.0,
                        0.0,
                        0.0
                    ],
                    [
                        -0.5153166343770603,
                        0.0,
                        0.0,
                        0.0,
                        0.0,
                        0.0,
                        0.0,
                        0.0
                    ],
                    [
                        0.7839565682885323,
                        0.8633196575078245,
                        0.0,
                        0.0,
                        0.0,
                        0.0,
                        0.0,
                        0.0
                    ],
                    [
                        0.0,
                        0.5462650681786259,
                        0.5499181010538885,
                        0.0,
                        0.0,
                        0.0,
                        0.0,
                        0.0
                    ],
                    [
                        -0.0,
                        0.6655782490006308,
                        -0.0,
                        -0.8187483885680723,
                        0.0,
                        0.0,
                        0.0,
                        0.0
                    ],
                    [
                        -0.5609609215580835,
                        0.9510757569858947,
                        0.0,
                        0.0,
                        0.0,
                        0.0,
                        0.0,
                        0.0
                    ],
                    [
                        0.0,
                        0.0,
                        -0.5466318736411504,
                        0.0,
                        -0.0,
                        0.7448505134865226,
                        0.0,
                        0.0
                    ],
                    [
                        -0.0,
                        -0.0,
                        -0.0,
                        -0.7329641796674373,
                        0.0,
                        0.8842713337044942,
                        -0.0,
                        0.0
                    ]
                ]
            },
            "est_params": {
                "mui": [
                    10.0,
                    -4.608659346798597,
                    4.3456380850485,
                    0.3910971820014002,
                    -2.897836660795845,
                    -9.446537733041092,
                    -8.92206446619653,
                    -8.124703671286271
                ],
                "Si": [
                    [
                        1e-06,
                        0.0,
                        0.0,
                        0.0,
                        0.0,
                        0.0,
                        0.0,
                        0.0
                    ],
                    [
                        0.0,
                        0.9610235659204056,
                        0.8487079669443712,
                        0.9279858085497873,
                        -0.14178543504211572,
                        0.906430825964172,
                        0.20551646996461923,
                        0.10211662999758137
                    ],
                    [
                        0.0,
                        0.8487079669443712,
                        1.8164697049363037,
                        1.4730064867232795,
                        -0.7086463279806317,
                        0.7716442014549132,
                        -0.3636744526878274,
                        -0.41172829535708017
                    ],
                    [
                        0.0,
                        0.9279858085497873,
                        1.4730064867232795,
                        2.3177792410786826,
                        -1.311223833819736,
                        0.8464540925992815,
                        -0.13993257195193348,
                        -0.9267814959127842
                    ],
                    [
                        0.0,
                        -0.14178543504211572,
                        -0.7086463279806317,
                        -1.311223833819736,
                        1.9504895633006978,
                        -0.12459633926293842,
                        0.2152496430471115,
                        0.8643583666288652
                    ],
                    [
                        0.0,
                        0.906430825964172,
                        0.7716442014549132,
                        0.8464540925992815,
                        -0.12459633926293842,
                        1.7546558321642332,
                        0.8528910387504852,
                        0.9086605733342226
                    ],
                    [
                        0.0,
                        0.20551646996461923,
                        -0.3636744526878274,
                        -0.13993257195193348,
                        0.2152496430471115,
                        0.8528910387504852,
                        1.7480686107496413,
                        0.9139411043937531
                    ],
                    [
                        0.0,
                        0.10211662999758137,
                        -0.41172829535708017,
                        -0.9267814959127842,
                        0.8643583666288652,
                        0.9086605733342226,
                        0.9139411043937531,
                        2.4612710360286045
                    ]
                ]
            },
            "est_tgt": [
                0
            ]
        },
        "1": {
            "intv_type": "do",
            "inode": 1,
            "new_mui": 10.0,
            "true_params": {
                "Si": [
                    [
                        1.0,
                        0.0,
                        0.7839565682885323,
                        0.43111190734195276,
                        -0.35297217942873194,
                        -0.5609609215580835,
                        -0.8463676782452583,
                        -0.8120312477720273
                    ],
                    [
                        0.0,
                        0.0,
                        0.0,
                        0.0,
                        0.0,
                        0.0,
                        0.0,
                        0.0
                    ],
                    [
                        0.7839565682885323,
                        0.0,
                        1.6145879009627322,
                        0.8878911124820095,
                        -0.7269594175685583,
                        -0.43976899900864774,
                        -1.2101473741886357,
                        -1.0396675001696518
                    ],
                    [
                        0.43111190734195276,
                        0.0,
                        0.8878911124820095,
                        1.4882673945187312,
                        -1.2185165310206147,
                        -0.24183693283720495,
                        -0.665481946009164,
                        -1.3046961570881754
                    ],
                    [
                        -0.35297217942873194,
                        0.0,
                        -0.7269594175685583,
                        -1.2185165310206147,
                        1.9976584462166858,
                        0.19800359905670667,
                        0.5448622709161479,
                        1.0682178761869001
                    ],
                    [
                        -0.5609609215580835,
                        0.0,
                        -0.43976899900864774,
                        -0.24183693283720495,
                        0.19800359905670667,
                        1.3146771555152943,
                        1.2196297062519583,
                        1.3397891307886511
                    ],
                    [
                        -0.8463676782452583,
                        0.0,
                        -1.2101473741886357,
                        -0.665481946009164,
                        0.5448622709161479,
                        1.2196297062519583,
                        2.5699469394998404,
                        1.5662580156131363
                    ],
                    [
                        -0.8120312477720273,
                        0.0,
                        -1.0396675001696518,
                        -1.3046961570881754,
                        1.0682178761869001,
                        1.3397891307886511,
                        1.5662580156131363,
                        3.141032670060658
                    ]
                ],
                "mui": [
                    0.5,
                    10.0,
                    9.52517485922251,
                    11.200716752576142,
                    -2.0147863019728196,
                    9.730277109079905,
                    2.540837721007943,
                    0.8944809503211042
                ],
                "Ai": [
                    [
                        0.0,
                        0.0,
                        0.0,
                        0.0,
                        0.0,
                        0.0,
                        0.0,
                        0.0
                    ],
                    [
                        0.0,
                        0.0,
                        0.0,
                        0.0,
                        0.0,
                        0.0,
                        0.0,
                        0.0
                    ],
                    [
                        0.7839565682885323,
                        0.8633196575078245,
                        0.0,
                        0.0,
                        0.0,
                        0.0,
                        0.0,
                        0.0
                    ],
                    [
                        0.0,
                        0.5462650681786259,
                        0.5499181010538885,
                        0.0,
                        0.0,
                        0.0,
                        0.0,
                        0.0
                    ],
                    [
                        -0.0,
                        0.6655782490006308,
                        -0.0,
                        -0.8187483885680723,
                        0.0,
                        0.0,
                        0.0,
                        0.0
                    ],
                    [
                        -0.5609609215580835,
                        0.9510757569858947,
                        0.0,
                        0.0,
                        0.0,
                        0.0,
                        0.0,
                        0.0
                    ],
                    [
                        0.0,
                        0.0,
                        -0.5466318736411504,
                        0.0,
                        -0.0,
                        0.7448505134865226,
                        0.0,
                        0.0
                    ],
                    [
                        -0.0,
                        -0.0,
                        -0.0,
                        -0.7329641796674373,
                        0.0,
                        0.8842713337044942,
                        -0.0,
                        0.0
                    ]
                ]
            },
            "est_params": {
                "mui": [
                    0.4660883346751138,
                    10.0,
                    9.493631321174652,
                    11.182165917904108,
                    -1.9814134154787906,
                    9.810687247103488,
                    2.613496502513069,
                    1.004061953627812
                ],
                "Si": [
                    [
                        0.9682580125782213,
                        0.0,
                        0.8115331295424109,
                        0.4859393875397005,
                        -0.44792132188599626,
                        -0.5413229857195342,
                        -0.8174721203195515,
                        -0.8241333808932295
                    ],
                    [
                        0.0,
                        1e-06,
                        0.0,
                        0.0,
                        0.0,
                        0.0,
                        0.0,
                        0.0
                    ],
                    [
                        0.8115331295424109,
                        0.0,
                        1.646833997615865,
                        0.9469207043717219,
                        -0.8181780939584592,
                        -0.4171110987678165,
                        -1.2571552927083447,
                        -1.0770416264448983
                    ],
                    [
                        0.4859393875397005,
                        0.0,
                        0.9469207043717219,
                        1.4973285325831907,
                        -1.2454353742741795,
                        -0.27818431239884733,
                        -0.7574042181840656,
                        -1.3321989856967564
                    ],
                    [
                        -0.44792132188599626,
                        0.0,
                        -0.8181780939584592,
                        -1.2454353742741795,
                        2.06521552320996,
                        0.25806434662625627,
                        0.7257298526940493,
                        1.0824279486684476
                    ],
                    [
                        -0.5413229857195342,
                        0.0,
                        -0.4171110987678165,
                        -0.27818431239884733,
                        0.25806434662625627,
                        1.3234405259765785,
                        1.2013346390865116,
                        1.4234727267851202
                    ],
                    [
                        -0.8174721203195515,
                        0.0,
                        -1.2571552927083447,
                        -0.7574042181840656,
                        0.7257298526940493,
                        1.2013346390865116,
                        2.5729543504041454,
                        1.665295324981009
                    ],
                    [
                        -0.8241333808932295,
                        0.0,
                        -1.0770416264448983,
                        -1.3321989856967564,
                        1.0824279486684476,
                        1.4234727267851202,
                        1.665295324981009,
                        3.3060721752983215
                    ]
                ]
            },
            "est_tgt": [
                1,
                5
            ]
        },
        "2": {
            "intv_type": "do",
            "inode": 2,
            "new_mui": 10.0,
            "true_params": {
                "Si": [
                    [
                        1.0,
                        -0.5153166343770603,
                        0.0,
                        -0.28149947641156486,
                        -0.11250630049485726,
                        -1.0510660796856697,
                        -0.7828871091621374,
                        -0.7230985712903856
                    ],
                    [
                        -0.5153166343770603,
                        1.2655512336657009,
                        0.0,
                        0.6913264309419381,
                        0.27630097281557675,
                        1.492707591677405,
                        1.1118440161461458,
                        0.8132410225856276
                    ],
                    [
                        0.0,
                        0.0,
                        0.0,
                        0.0,
                        0.0,
                        0.0,
                        0.0,
                        0.0
                    ],
                    [
                        -0.28149947641156486,
                        0.6913264309419381,
                        0.0,
                        1.3776474799321838,
                        -0.6678148188151506,
                        0.8154140143384101,
                        0.6073615472840715,
                        -0.28871901701904407
                    ],
                    [
                        -0.11250630049485726,
                        0.27630097281557675,
                        0.0,
                        -0.6678148188151506,
                        1.7306722244505464,
                        0.32589479488319956,
                        0.2427429053113362,
                        0.7776637657613246
                    ],
                    [
                        -1.0510660796856697,
                        1.492707591677405,
                        0.0,
                        0.8154140143384101,
                        0.32589479488319956,
                        3.0092849993920954,
                        2.241467477024492,
                        2.0633551958004914
                    ],
                    [
                        -0.7828871091621374,
                        1.1118440161461458,
                        0.0,
                        0.6073615472840715,
                        0.2427429053113362,
                        2.241467477024492,
                        2.6695582012250334,
                        1.5368911770970803
                    ],
                    [
                        -0.7230985712903856,
                        0.8132410225856276,
                        0.0,
                        -0.28871901701904407,
                        0.7776637657613246,
                        2.0633551958004914,
                        1.5368911770970803,
                        3.0361865483603507
                    ]
                ],
                "mui": [
                    0.5,
                    0.24234168281146984,
                    10.0,
                    6.131563806422416,
                    -4.358910633005144,
                    0.45000483865011254,
                    -4.631132401271548,
                    -3.596290256606345
                ],
                "Ai": [
                    [
                        0.0,
                        0.0,
                        0.0,
                        0.0,
                        0.0,
                        0.0,
                        0.0,
                        0.0
                    ],
                    [
                        -0.5153166343770603,
                        0.0,
                        0.0,
                        0.0,
                        0.0,
                        0.0,
                        0.0,
                        0.0
                    ],
                    [
                        0.0,
                        0.0,
                        0.0,
                        0.0,
                        0.0,
                        0.0,
                        0.0,
                        0.0
                    ],
                    [
                        0.0,
                        0.5462650681786259,
                        0.5499181010538885,
                        0.0,
                        0.0,
                        0.0,
                        0.0,
                        0.0
                    ],
                    [
                        -0.0,
                        0.6655782490006308,
                        -0.0,
                        -0.8187483885680723,
                        0.0,
                        0.0,
                        0.0,
                        0.0
                    ],
                    [
                        -0.5609609215580835,
                        0.9510757569858947,
                        0.0,
                        0.0,
                        0.0,
                        0.0,
                        0.0,
                        0.0
                    ],
                    [
                        0.0,
                        0.0,
                        -0.5466318736411504,
                        0.0,
                        -0.0,
                        0.7448505134865226,
                        0.0,
                        0.0
                    ],
                    [
                        -0.0,
                        -0.0,
                        -0.0,
                        -0.7329641796674373,
                        0.0,
                        0.8842713337044942,
                        -0.0,
                        0.0
                    ]
                ]
            },
            "est_params": {
                "mui": [
                    0.43985333348052297,
                    0.3186948453185716,
                    9.999999999999998,
                    6.235028034010022,
                    -4.37565564813671,
                    0.5429122003738139,
                    -4.556807043992176,
                    -3.593268187643956
                ],
                "Si": [
                    [
                        1.1375066637818392,
                        -0.5381711489204025,
                        4.930272297630979e-30,
                        -0.37035026555436606,
                        -0.028876934229326308,
                        -1.159809699598623,
                        -0.9192650784719086,
                        -0.7599238529367216
                    ],
                    [
                        -0.5381711489204025,
                        1.2880419696998069,
                        4.917117391876294e-29,
                        0.7244534149291368,
                        0.283391145262125,
                        1.549369900120041,
                        1.2015961487104145,
                        0.8225175463911639
                    ],
                    [
                        4.931139177746609e-30,
                        4.9164238877837905e-29,
                        1e-06,
                        3.7324390258563825e-29,
                        3.391235012344428e-30,
                        4.489485430836032e-29,
                        3.1189479680250555e-29,
                        7.007858854752647e-30
                    ],
                    [
                        -0.37035026555436606,
                        0.7244534149291368,
                        3.7324390258563825e-29,
                        1.4394653626964635,
                        -0.7220901120735086,
                        0.9369633772483147,
                        0.7513734332014701,
                        -0.30337040028119955
                    ],
                    [
                        -0.02887693422932631,
                        0.283391145262125,
                        3.3842999714193884e-30,
                        -0.7220901120735086,
                        1.8606926138605262,
                        0.22644818789814397,
                        0.19966145798123494,
                        0.7494838093068329
                    ],
                    [
                        -1.159809699598623,
                        1.549369900120041,
                        4.488791926743528e-29,
                        0.9369633772483147,
                        0.22644818789814397,
                        3.1204888423791814,
                        2.41979470016824,
                        2.003845146608454
                    ],
                    [
                        -0.9192650784719086,
                        1.2015961487104145,
                        3.1189479680250555e-29,
                        0.7513734332014701,
                        0.19966145798123494,
                        2.41979470016824,
                        2.8880513724901355,
                        1.5302775163586984
                    ],
                    [
                        -0.7599238529367216,
                        0.8225175463911639,
                        7.035599018452806e-30,
                        -0.30337040028119955,
                        0.7494838093068329,
                        2.003845146608454,
                        1.5302775163586984,
                        2.957749286867683
                    ]
                ]
            },
            "est_tgt": [
                2
            ]
        },
        "3": {
            "intv_type": "do",
            "inode": 3,
            "new_mui": 10.0,
            "true_params": {
                "Si": [
                    [
                        1.0,
                        -0.5153166343770603,
                        0.33907358799004383,
                        0.0,
                        -0.3429835431895821,
                        -1.0510660796856697,
                        -0.9682355398673625,
                        -0.9294276040952013
                    ],
                    [
                        -0.5153166343770603,
                        1.2655512336657009,
                        0.688589397338641,
                        0.0,
                        0.8423233741238053,
                        1.492707591677405,
                        0.7354391037094938,
                        1.3199585329234025
                    ],
                    [
                        0.33907358799004383,
                        0.688589397338641,
                        1.8602917291118692,
                        0.0,
                        0.4583101253610523,
                        0.4646936499314082,
                        -0.6707674496382208,
                        0.41091527358885566
                    ],
                    [
                        0.0,
                        0.0,
                        0.0,
                        0.0,
                        0.0,
                        0.0,
                        0.0,
                        0.0
                    ],
                    [
                        -0.3429835431895821,
                        0.8423233741238053,
                        0.4583101253610523,
                        0.0,
                        1.5606321164416257,
                        0.9935137051385958,
                        0.48949227089355823,
                        0.8785356890965997
                    ],
                    [
                        -1.0510660796856697,
                        1.492707591677405,
                        0.4646936499314082,
                        0.0,
                        0.9935137051385958,
                        3.0092849993920954,
                        1.9874511164933415,
                        2.661024459909376
                    ],
                    [
                        -0.9682355398673625,
                        0.7354391037094938,
                        -0.6707674496382208,
                        0.0,
                        0.48949227089355823,
                        1.9874511164933415,
                        2.847016852422665,
                        1.7574460494540534
                    ],
                    [
                        -0.9294276040952013,
                        1.3199585329234025,
                        0.41091527358885566,
                        0.0,
                        0.8785356890965997,
                        2.661024459909376,
                        1.7574460494540534,
                        3.353067648184345
                    ]
                ],
                "mui": [
                    0.5,
                    0.24234168281146984,
                    1.101196622748934,
                    10.0,
                    -7.526186532775199,
                    0.45000483865011254,
                    0.23323716199939915,
                    -6.431715417827762
                ],
                "Ai": [
                    [
                        0.0,
                        0.0,
                        0.0,
                        0.0,
                        0.0,
                        0.0,
                        0.0,
                        0.0
                    ],
                    [
                        -0.5153166343770603,
                        0.0,
                        0.0,
                        0.0,
                        0.0,
                        0.0,
                        0.0,
                        0.0
                    ],
                    [
                        0.7839565682885323,
                        0.8633196575078245,
                        0.0,
                        0.0,
                        0.0,
                        0.0,
                        0.0,
                        0.0
                    ],
                    [
                        0.0,
                        0.0,
                        0.0,
                        0.0,
                        0.0,
                        0.0,
                        0.0,
                        0.0
                    ],
                    [
                        -0.0,
                        0.6655782490006308,
                        -0.0,
                        -0.8187483885680723,
                        0.0,
                        0.0,
                        0.0,
                        0.0
                    ],
                    [
                        -0.5609609215580835,
                        0.9510757569858947,
                        0.0,
                        0.0,
                        0.0,
                        0.0,
                        0.0,
                        0.0
                    ],
                    [
                        0.0,
                        0.0,
                        -0.5466318736411504,
                        0.0,
                        -0.0,
                        0.7448505134865226,
                        0.0,
                        0.0
                    ],
                    [
                        -0.0,
                        -0.0,
                        -0.0,
                        -0.7329641796674373,
                        0.0,
                        0.8842713337044942,
                        -0.0,
                        0.0
                    ]
                ]
            },
            "est_params": {
                "mui": [
                    0.4314270672116413,
                    0.27191476550014776,
                    1.0672219145999167,
                    9.999999999999995,
                    -7.547298874909811,
                    0.5527936907957243,
                    0.2931037949735689,
                    -6.3677674991475754
                ],
                "Si": [
                    [
                        0.9325074814695113,
                        -0.49433151279994625,
                        0.3669145952128444,
                        -5.925736567438089e-26,
                        -0.33653238068970787,
                        -0.9591538598150445,
                        -0.913088943075166,
                        -0.8856719589390993
                    ],
                    [
                        -0.4943315127999462,
                        1.2436628911065046,
                        0.6306563960345214,
                        8.498799307987883e-25,
                        0.7974894494987173,
                        1.5101675966123604,
                        0.7879779788099353,
                        1.3170555583718364
                    ],
                    [
                        0.3669145952128444,
                        0.6306563960345214,
                        1.7981909000701146,
                        7.37753317041316e-25,
                        0.37780441282539573,
                        0.4965368222299189,
                        -0.593190507111819,
                        0.36922919249108294
                    ],
                    [
                        -5.925734486925812e-26,
                        8.498799307987883e-25,
                        7.377533725216434e-25,
                        1e-06,
                        6.094638804332192e-25,
                        1.0176927889255015e-24,
                        5.077404912265981e-25,
                        9.140881597741883e-25
                    ],
                    [
                        -0.33653238068970787,
                        0.7974894494987173,
                        0.37780441282539573,
                        6.094638665631373e-25,
                        1.53543725423816,
                        0.9527748650627803,
                        0.5326760166238893,
                        0.855403903974598
                    ],
                    [
                        -0.9591538598150445,
                        1.5101675966123604,
                        0.4965368222299189,
                        1.0176928305357472e-24,
                        0.9527748650627803,
                        2.973055675907124,
                        1.9538404241452116,
                        2.6292728735148563
                    ],
                    [
                        -0.913088943075166,
                        0.7879779788099353,
                        -0.593190507111819,
                        5.077404912265981e-25,
                        0.5326760166238893,
                        1.9538404241452116,
                        2.805743245991071,
                        1.7659340963194987
                    ],
                    [
                        -0.8856719589390993,
                        1.3170555583718364,
                        0.36922919249108294,
                        9.140882429946794e-25,
                        0.855403903974598,
                        2.6292728735148563,
                        1.7659340963194987,
                        3.402969198489991
                    ]
                ]
            },
            "est_tgt": [
                3
            ]
        },
        "4": {
            "intv_type": "do",
            "inode": 4,
            "new_mui": 10.0,
            "true_params": {
                "Si": [
                    [
                        1.0,
                        -0.5153166343770603,
                        0.33907358799004383,
                        -0.0950367727865514,
                        0.0,
                        -1.0510660796856697,
                        -0.9682355398673625,
                        -0.8597690538914661
                    ],
                    [
                        -0.5153166343770603,
                        1.2655512336657009,
                        0.688589397338641,
                        1.069994204732245,
                        0.0,
                        1.492707591677405,
                        0.7354391037094938,
                        0.5356911084029206
                    ],
                    [
                        0.33907358799004383,
                        0.688589397338641,
                        1.8602917291118692,
                        1.3991604291637256,
                        0.0,
                        0.4646936499314082,
                        -0.6707674496382208,
                        -0.614619202596274
                    ],
                    [
                        -0.0950367727865514,
                        1.069994204732245,
