{
    "expt_args": {
        "save_dir": "expt_logs_29.04.24-7",
        "exp_name": "225",
        "num_nodes": 6,
        "obs_noise_mean": 0.5,
        "obs_noise_var": 1.0,
        "max_edge_strength": 1.0,
        "num_parents": 2,
        "new_noise_mean": 10.0,
        "mix_samples": 2048,
        "stage2_samples": 2048,
        "intv_targets": [
            0,
            1,
            2,
            3,
            4,
            5
        ]
    },
    "intv_args_dict": {
        "0": {
            "intv_type": "do",
            "inode": 0,
            "new_mui": 10.0,
            "true_params": {
                "Si": [
                    [
                        0.0,
                        0.0,
                        0.0,
                        0.0,
                        0.0,
                        0.0
                    ],
                    [
                        0.0,
                        1.0,
                        0.5766570909284559,
                        0.5548937362211016,
                        0.9714130276429329,
                        0.6373373378684437
                    ],
                    [
                        0.0,
                        0.5766570909284559,
                        1.3325334005180693,
                        0.3199834077036824,
                        1.5408312624899532,
                        0.9097295669655929
                    ],
                    [
                        0.0,
                        0.5548937362211016,
                        0.3199834077036824,
                        1.3079070584974135,
                        1.2705386878618472,
                        0.9387598299633204
                    ],
                    [
                        0.0,
                        0.9714130276429329,
                        1.5408312624899532,
                        1.2705386878618472,
                        3.440438937384264,
                        1.5788445632232428
                    ],
                    [
                        0.0,
                        0.6373373378684437,
                        0.9097295669655929,
                        0.9387598299633204,
                        1.5788445632232428,
                        2.0425328225287807
                    ]
                ],
                "mui": [
                    10.0,
                    9.12703099224797,
                    14.818766076570768,
                    -0.8010294354892102,
                    14.446197903870715,
                    8.066114637983265
                ],
                "Ai": [
                    [
                        0.0,
                        0.0,
                        0.0,
                        0.0,
                        0.0,
                        0.0
                    ],
                    [
                        0.862703099224797,
                        0.0,
                        0.0,
                        0.0,
                        0.0,
                        0.0
                    ],
                    [
                        0.9055598935767194,
                        0.5766570909284559,
                        0.0,
                        0.0,
                        0.0,
                        0.0
                    ],
                    [
                        -0.6365561763383475,
                        0.5548937362211016,
                        0.0,
                        0.0,
                        0.0,
                        0.0
                    ],
                    [
                        0.0,
                        0.0,
                        0.9806590518793759,
                        0.731507683539208,
                        0.0,
                        0.0
                    ],
                    [
                        -0.0,
                        0.0,
                        0.5422044717702899,
                        0.5851053333202891,
                        0.0,
                        0.0
                    ]
                ]
            },
            "est_params": {
                "mui": [
                    10.0,
                    9.047097518752516,
                    14.752519297312007,
                    -0.7168602779239678,
                    14.513373325203148,
                    8.069875730882062
                ],
                "Si": [
                    [
                        1e-06,
                        0.0,
                        0.0,
                        0.0,
                        0.0,
                        0.0
                    ],
                    [
                        0.0,
                        1.0591479400580297,
                        0.5029294184657342,
                        0.6602600213864147,
                        1.0661182918055991,
                        0.6109830851758058
                    ],
                    [
                        0.0,
                        0.5029294184657342,
                        1.2932231619668817,
                        0.3396601431317767,
                        1.5429299304369728,
                        0.8380162373408602
                    ],
                    [
                        0.0,
                        0.6602600213864147,
                        0.3396601431317767,
                        1.3176370822057626,
                        1.3106303862241448,
                        0.8914725698634346
                    ],
                    [
                        0.0,
                        1.0661182918055991,
                        1.5429299304369728,
                        1.3106303862241448,
                        3.5436950226943598,
                        1.5920739189120483
                    ],
                    [
                        0.0,
                        0.6109830851758058,
                        0.8380162373408602,
                        0.8914725698634346,
                        1.5920739189120483,
                        1.8557592191322885
                    ]
                ]
            },
            "est_tgt": [
                0,
                3
            ]
        },
        "1": {
            "intv_type": "do",
            "inode": 1,
            "new_mui": 10.0,
            "true_params": {
                "Si": [
                    [
                        1.0,
                        0.0,
                        0.9055598935767194,
                        -0.6365561763383475,
                        0.4223997726590939,
                        0.11854621001958747
                    ],
                    [
                        0.0,
                        0.0,
                        0.0,
                        0.0,
                        0.0,
                        0.0
                    ],
                    [
                        0.9055598935767194,
                        0.0,
                        1.8200387208546793,
                        -0.5764397433005574,
                        1.3631673450553754,
                        0.6495551650995509
                    ],
                    [
                        -0.6365561763383475,
                        0.0,
                        -0.5764397433005574,
                        1.4052037656344973,
                        0.46262649936914796,
                        0.5096440111508178
                    ],
                    [
                        0.4223997726590939,
                        0.0,
                        1.3631673450553754,
                        0.46262649936914796,
                        2.6752172350523087,
                        1.009800662376442
                    ],
                    [
                        0.11854621001958747,
                        0.0,
                        0.6495551650995509,
                        0.5096440111508178,
                        1.009800662376442,
                        1.6503871441975537
                    ]
                ],
                "mui": [
                    0.5,
                    10.0,
                    6.719350856072918,
                    5.730659274041843,
                    11.281413530468168,
                    7.496301386239521
                ],
                "Ai": [
                    [
                        0.0,
                        0.0,
                        0.0,
                        0.0,
                        0.0,
                        0.0
                    ],
                    [
                        0.0,
                        0.0,
                        0.0,
                        0.0,
                        0.0,
                        0.0
                    ],
                    [
                        0.9055598935767194,
                        0.5766570909284559,
                        0.0,
                        0.0,
                        0.0,
                        0.0
                    ],
                    [
                        -0.6365561763383475,
                        0.5548937362211016,
                        0.0,
                        0.0,
                        0.0,
                        0.0
                    ],
                    [
                        0.0,
                        0.0,
                        0.9806590518793759,
                        0.731507683539208,
                        0.0,
                        0.0
                    ],
                    [
                        -0.0,
                        0.0,
                        0.5422044717702899,
                        0.5851053333202891,
                        0.0,
                        0.0
                    ]
                ]
            },
            "est_params": {
                "mui": [
                    0.595854480363206,
                    10.0,
                    6.83523820797163,
                    5.714403965843949,
                    11.421299063352864,
                    7.528448728966716
                ],
                "Si": [
                    [
                        0.9327966868114608,
                        -3.411313014887398e-30,
                        0.8966054951090332,
                        -0.5941900063657576,
                        0.4684854295148677,
                        0.16488870661528307
                    ],
                    [
                        -3.4113130148873976e-30,
                        1e-06,
                        -2.559242532878005e-30,
                        2.214166373552249e-30,
                        -1.360482620207271e-30,
                        -6.148499846865866e-31
                    ],
                    [
                        0.8966054951090332,
                        -2.5592425328780055e-30,
                        1.84771631690729,
                        -0.5246855492142279,
                        1.5125481196386668,
                        0.7226801445778649
                    ],
                    [
                        -0.5941900063657576,
                        2.2141663735522495e-30,
                        -0.5246855492142279,
                        1.2844826137192489,
                        0.46891023385989533,
                        0.39759701670415165
                    ],
                    [
                        0.4684854295148677,
                        -1.3604826202072712e-30,
                        1.5125481196386668,
                        0.46891023385989533,
                        3.041085553863548,
                        1.0889400778310898
                    ],
                    [
                        0.16488870661528307,
                        -6.148499846865866e-31,
                        0.7226801445778649,
                        0.39759701670415165,
                        1.0889400778310898,
                        1.5660277481290297
                    ]
                ]
            },
            "est_tgt": [
                1,
                3
            ]
        },
        "2": {
            "intv_type": "do",
            "inode": 2,
            "new_mui": 10.0,
            "true_params": {
                "Si": [
                    [
                        1.0,
                        0.862703099224797,
                        0.0,
                        -0.15784763035997612,
                        -0.1154667544367793,
                        -0.09235749037559161
                    ],
                    [
                        0.862703099224797,
                        1.74425663741207,
                        0.0,
                        0.41871809630426005,
                        0.3062955046834763,
                        0.244994191305341
                    ],
                    [
                        0.0,
                        0.0,
                        0.0,
                        0.0,
                        0.0,
                        0.0
                    ],
                    [
                        -0.15784763035997612,
                        0.41871809630426005,
                        0.0,
                        1.332822932907673,
                        0.9749702162192253,
                        0.7798418064158694
                    ],
                    [
                        -0.1154667544367793,
                        0.3062955046834763,
                        0.0,
                        0.9749702162192253,
                        1.7131982043862464,
                        0.5704602733383042
                    ],
                    [
                        -0.09235749037559161,
                        0.244994191305341,
                        0.0,
                        0.7798418064158694,
                        0.5704602733383042,
                        1.4562896000800536
                    ]
                ],
                "mui": [
                    0.5,
                    0.9313515496123985,
                    10.0,
                    0.6985230529305628,
                    10.81756549914173,
                    6.3307542814197415
                ],
                "Ai": [
                    [
                        0.0,
                        0.0,
                        0.0,
                        0.0,
                        0.0,
                        0.0
                    ],
                    [
                        0.862703099224797,
                        0.0,
                        0.0,
                        0.0,
                        0.0,
                        0.0
                    ],
                    [
                        0.0,
                        0.0,
                        0.0,
                        0.0,
                        0.0,
                        0.0
                    ],
                    [
                        -0.6365561763383475,
                        0.5548937362211016,
                        0.0,
                        0.0,
                        0.0,
                        0.0
                    ],
                    [
                        0.0,
                        0.0,
                        0.9806590518793759,
                        0.731507683539208,
                        0.0,
                        0.0
                    ],
                    [
                        -0.0,
                        0.0,
                        0.5422044717702899,
                        0.5851053333202891,
                        0.0,
                        0.0
                    ]
                ]
            },
            "est_params": {
                "mui": [
                    0.4680930147513097,
                    1.0379899239603954,
                    10.0,
                    0.6964603890153878,
                    10.82834242775486,
                    6.281346044421926
                ],
                "Si": [
                    [
                        0.9534416508897574,
                        0.899141068129004,
                        0.0,
                        -0.19734251749095605,
                        -0.09476333325570208,
                        -0.17684454902153288
                    ],
                    [
                        0.899141068129004,
                        2.0577807173020513,
                        0.0,
                        0.39393385973703465,
                        0.3947100433597176,
                        0.17353624612245663
                    ],
                    [
                        0.0,
                        0.0,
                        1e-06,
                        0.0,
                        0.0,
                        0.0
                    ],
                    [
                        -0.19734251749095605,
                        0.3939338597370346,
                        0.0,
                        1.3209358795045154,
                        0.9588493982399221,
                        0.819083677612545
                    ],
                    [
                        -0.09476333325570208,
                        0.3947100433597176,
                        0.0,
                        0.9588493982399221,
                        1.7543973949673406,
                        0.5692357448230001
                    ],
                    [
                        -0.17684454902153288,
                        0.17353624612245663,
                        0.0,
                        0.819083677612545,
                        0.5692357448230001,
                        1.4938915620158375
                    ]
                ]
            },
            "est_tgt": [
                2
            ]
        },
        "3": {
            "intv_type": "do",
            "inode": 3,
            "new_mui": 10.0,
            "true_params": {
                "Si": [
                    [
                        1.0,
                        0.862703099224797,
                        1.4030437531106539,
                        0.0,
                        1.375907556670775,
                        0.7607365970259671
                    ],
                    [
                        0.862703099224797,
                        1.74425663741207,
                        1.787067285085008,
                        0.0,
                        1.7525037094361142,
                        0.9689558733274827
                    ],
                    [
                        1.4030437531106539,
                        1.787067285085008,
                        3.301065173660899,
                        0.0,
                        3.2372194433943244,
                        1.789852298764108
                    ],
                    [
                        0.0,
                        0.0,
                        0.0,
                        0.0,
                        0.0,
                        0.0
                    ],
                    [
                        1.375907556670775,
                        1.7525037094361142,
                        3.2372194433943244,
                        0.0,
                        4.174608550084559,
                        1.7552348583101314
                    ],
                    [
                        0.7607365970259671,
                        0.9689558733274827,
                        1.789852298764108,
                        0.0,
                        1.7552348583101314,
                        1.9704659201982322
                    ]
                ],
                "mui": [
                    0.5,
                    0.9313515496123985,
                    1.489850422019555,
                    10.0,
                    9.276112137691864,
                    7.158856894290747
                ],
                "Ai": [
                    [
                        0.0,
                        0.0,
                        0.0,
                        0.0,
                        0.0,
                        0.0
                    ],
                    [
                        0.862703099224797,
                        0.0,
                        0.0,
                        0.0,
                        0.0,
                        0.0
                    ],
                    [
                        0.9055598935767194,
                        0.5766570909284559,
                        0.0,
                        0.0,
                        0.0,
                        0.0
                    ],
                    [
                        0.0,
                        0.0,
                        0.0,
                        0.0,
                        0.0,
                        0.0
                    ],
                    [
                        0.0,
                        0.0,
                        0.9806590518793759,
                        0.731507683539208,
                        0.0,
                        0.0
                    ],
                    [
                        -0.0,
                        0.0,
                        0.5422044717702899,
                        0.5851053333202891,
                        0.0,
                        0.0
                    ]
                ]
            },
            "est_params": {
                "mui": [
                    0.47876101431715745,
                    0.8138096606408524,
                    1.454706023956955,
                    10.0,
                    9.211296706610462,
                    7.250732040535332
                ],
                "Si": [
                    [
                        1.0767202545068055,
                        0.8433871625664022,
                        1.523819351889575,
                        0.0,
                        1.5474886223512836,
                        0.7982586427758812
                    ],
                    [
                        0.8433871625664022,
                        1.6786361115660904,
                        1.7435405028267066,
                        0.0,
                        1.7088021075011373,
                        0.9206807355767211
                    ],
                    [
                        1.523819351889575,
                        1.7435405028267066,
                        3.445875064362485,
                        0.0,
                        3.3816827244047265,
                        1.9046266506206389
                    ],
                    [
                        0.0,
                        0.0,
                        0.0,
                        1e-06,
                        0.0,
                        0.0
                    ],
                    [
                        1.5474886223512836,
                        1.7088021075011373,
                        3.3816827244047265,
                        0.0,
                        4.170737331205435,
                        1.8590274841634724
                    ],
                    [
                        0.7982586427758812,
                        0.9206807355767211,
                        1.9046266506206389,
                        0.0,
                        1.8590274841634724,
                        1.936010435483973
                    ]
                ]
            },
            "est_tgt": [
                1,
                3
            ]
        },
        "4": {
            "intv_type": "do",
            "inode": 4,
            "new_mui": 10.0,
            "true_params": {
                "Si": [
                    [
                        1.0,
                        0.862703099224797,
                        1.4030437531106539,
                        -0.15784763035997612,
                        0.0,
                        0.6683791066503755
                    ],
                    [
                        0.862703099224797,
                        1.74425663741207,
                        1.787067285085008,
                        0.41871809630426005,
                        0.0,
                        1.2139500646328238
                    ],
                    [
                        1.4030437531106539,
                        1.787067285085008,
                        3.301065173660899,
                        0.09851627598379831,
                        0.0,
                        1.8474946972610817
                    ],
                    [
                        -0.15784763035997612,
                        0.41871809630426005,
                        0.09851627598379831,
                        1.332822932907673,
                        0.0,
                        0.8332577717964409
                    ],
                    [
                        0.0,
                        0.0,
                        0.0,
                        0.0,
                        0.0,
                        0.0
                    ],
                    [
                        0.6683791066503755,
                        1.2139500646328238,
                        1.8474946972610817,
                        0.8332577717964409,
                        0.0,
                        2.4892634527355346
                    ]
                ],
                "mui": [
                    0.5,
                    0.9313515496123985,
                    1.489850422019555,
                    0.6985230529305628,
                    10.0,
                    1.716513124804699
                ],
                "Ai": [
                    [
                        0.0,
                        0.0,
                        0.0,
                        0.0,
                        0.0,
                        0.0
                    ],
                    [
                        0.862703099224797,
                        0.0,
                        0.0,
                        0.0,
                        0.0,
                        0.0
                    ],
                    [
                        0.9055598935767194,
                        0.5766570909284559,
                        0.0,
                        0.0,
                        0.0,
                        0.0
                    ],
                    [
                        -0.6365561763383475,
                        0.5548937362211016,
                        0.0,
                        0.0,
                        0.0,
                        0.0
                    ],
                    [
                        0.0,
                        0.0,
                        0.0,
                        0.0,
                        0.0,
                        0.0
                    ],
                    [
                        -0.0,
                        0.0,
                        0.5422044717702899,
                        0.5851053333202891,
                        0.0,
                        0.0
                    ]
                ]
            },
            "est_params": {
                "mui": [
                    -0.25636267128032636,
                    -0.0619986468408775,
                    -0.18700403624153764,
                    0.5069340660801366,
                    0.3423791915411944,
                    9.999999999999995
                ],
                "Si": [
                    [
                        0.6991398203909875,
                        0.3552791712872824,
                        0.5527498783209895,
                        -0.3758915053895996,
                        0.2467171110522364,
                        -5.196278653936869e-31
                    ],
                    [
                        0.35527917128728237,
                        1.492569121154836,
                        0.7608030106046988,
                        0.4915355053131618,
                        1.2083089113517005,
                        -3.1977099408842275e-31
                    ],
                    [
                        0.5527498783209895,
                        0.7608030106046988,
                        1.085648430601069,
                        0.028052653926232445,
                        1.1259298328922729,
                        -3.647387901321072e-31
                    ],
                    [
                        -0.37589150538959953,
                        0.4915355053131618,
                        0.028052653926232435,
                        1.25396170260129,
                        0.9888193560283979,
                        1.3190553506147438e-30
                    ],
                    [
                        0.2467171110522364,
                        1.2083089113517005,
                        1.1259298328922729,
                        0.9888193560283979,
                        2.569163343072226,
                        7.994274852210569e-31
                    ],
                    [
                        -5.196278653936869e-31,
                        -1.1991412278315853e-31,
                        -2.248389802184222e-31,
                        1.239112602092638e-30,
                        5.595992396547398e-31,
                        1e-06
                    ]
                ]
            },
            "est_tgt": [
                0,
                2,
                4,
                5
            ]
        },
        "5": {
            "intv_type": "do",
            "inode": 5,
            "new_mui": 10.0,
            "true_params": {
                "Si": [
                    [
                        1.0,
                        0.862703099224797,
                        1.4030437531106539,
                        -0.15784763035997612,
                        1.2604408022339957,
                        0.0
                    ],
                    [
                        0.862703099224797,
                        1.74425663741207,
                        1.787067285085008,
                        0.41871809630426005,
                        2.0587992141195905,
                        0.0
                    ],
                    [
                        1.4030437531106539,
                        1.787067285085008,
                        3.301065173660899,
                        0.09851627598379831,
                        3.309284856230142,
                        0.0
                    ],
                    [
                        -0.15784763035997612,
                        0.41871809630426005,
                        0.09851627598379831,
                        1.332822932907673,
                        1.0715810940201838,
                        0.0
                    ],
                    [
                        1.2604408022339957,
                        2.0587992141195905,
                        3.309284856230142,
                        1.0715810940201838,
                        5.029149953320543,
                        0.0
                    ],
                    [
                        0.0,
                        0.0,
                        0.0,
                        0.0,
                        0.0,
                        0.0
                    ]
                ],
                "mui": [
                    0.5,
                    0.9313515496123985,
                    1.489850422019555,
                    0.6985230529305628,
                    2.472010282647756,
                    10.0
                ],
                "Ai": [
                    [
                        0.0,
                        0.0,
                        0.0,
                        0.0,
                        0.0,
                        0.0
                    ],
                    [
                        0.862703099224797,
                        0.0,
                        0.0,
                        0.0,
                        0.0,
                        0.0
                    ],
                    [
                        0.9055598935767194,
                        0.5766570909284559,
                        0.0,
                        0.0,
                        0.0,
                        0.0
                    ],
                    [
                        -0.6365561763383475,
                        0.5548937362211016,
                        0.0,
                        0.0,
                        0.0,
                        0.0
                    ],
                    [
                        0.0,
                        0.0,
                        0.9806590518793759,
                        0.731507683539208,
                        0.0,
                        0.0
                    ],
                    [
                        0.0,
                        0.0,
                        0.0,
                        0.0,
                        0.0,
                        0.0
                    ]
                ]
            },
            "est_params": {
                "mui": [
                    0.8889924594200637,
                    1.3321466417881147,
                    2.2770513513247943,
                    0.7322066550360999,
                    3.240098965389152,
                    10.000000000000007
                ],
                "Si": [
                    [
                        0.7889347605251978,
                        0.6591530692869226,
                        0.8830043084698408,
                        -0.1674001187961112,
                        0.70928607761136,
                        3.510040423818063e-30
                    ],
                    [
                        0.6591530692869225,
                        1.3820376951344828,
                        1.3094038306179707,
                        0.2131970235305899,
                        1.3561030942631318,
                        9.334189776841073e-30
                    ],
                    [
                        0.8830043084698408,
                        1.3094038306179707,
                        2.3111630893196597,
                        0.06951529078055331,
                        2.1377524731700706,
                        1.8860913416591998e-29
                    ],
                    [
                        -0.16740011879611125,
                        0.21319702353058995,
                        0.06951529078055334,
                        1.3510511581460436,
                        1.1341998185473248,
                        4.502330332661144e-30
                    ],
                    [
                        0.70928607761136,
                        1.3561030942631318,
                        2.1377524731700706,
                        1.1341998185473248,
                        3.761067956281609,
                        1.4691814769736366e-29
                    ],
                    [
                        3.606307355272989e-30,
                        9.314751261835751e-30,
                        1.871281044512288e-29,
                        4.502330332661144e-30,
                        1.4691814769736366e-29,
                        1e-06
                    ]
                ]
            },
            "est_tgt": [
                0,
                5
            ]
        },
        "obs": {
            "intv_type": "obs",
            "true_params": {
                "Si": [
                    [
                        1.0,
                        0.862703099224797,
                        1.4030437531106539,
                        -0.15784763035997612,
                        1.2604408022339957,
                        0.6683791066503755
                    ],
                    [
                        0.862703099224797,
                        1.74425663741207,
                        1.787067285085008,
                        0.41871809630426005,
                        2.0587992141195905,
                        1.2139500646328238
                    ],
                    [
                        1.4030437531106539,
                        1.787067285085008,
                        3.301065173660899,
                        0.09851627598379831,
                        3.309284856230142,
                        1.8474946972610817
                    ],
                    [
                        -0.15784763035997612,
                        0.41871809630426005,
                        0.09851627598379831,
                        1.332822932907673,
                        1.0715810940201838,
                        0.8332577717964409
                    ],
                    [
                        1.2604408022339957,
                        2.0587992141195905,
                        3.309284856230142,
                        1.0715810940201838,
                        5.029149953320543,
                        2.4212968606060836
                    ],
                    [
                        0.6683791066503755,
                        1.2139500646328238,
                        1.8474946972610817,
                        0.8332577717964409,
                        2.4212968606060836,
                        2.4892634527355346
                    ]
                ],
                "mui": [
                    0.5,
                    0.9313515496123985,
                    1.489850422019555,
                    0.6985230529305628,
                    2.472010282647756,
                    1.716513124804699
                ],
                "Ai": [
                    [
                        0.0,
                        0.0,
                        0.0,
                        0.0,
                        0.0,
                        0.0
                    ],
                    [
                        0.862703099224797,
                        0.0,
                        0.0,
                        0.0,
                        0.0,
                        0.0
                    ],
                    [
                        0.9055598935767194,
                        0.5766570909284559,
                        0.0,
                        0.0,
                        0.0,
                        0.0
                    ],
                    [
                        -0.6365561763383475,
                        0.5548937362211016,
                        0.0,
                        0.0,
                        0.0,
                        0.0
                    ],
                    [
                        0.0,
                        0.0,
                        0.9806590518793759,
                        0.731507683539208,
                        0.0,
                        0.0
                    ],
                    [
                        -0.0,
                        0.0,
                        0.5422044717702899,
                        0.5851053333202891,
                        0.0,
                        0.0
                    ]
                ]
            },
            "est_params": {
                "mui": [
                    0.4977106048600615,
                    0.9761088037868517,
                    1.4533754390103364,
                    0.6799563655590198,
                    6.221662560570335,
                    1.6130865339668343
                ],
                "Si": [
                    [
                        0.9916416671504097,
                        0.7922787895601562,
                        1.3842719468177322,
                        -0.2302718950790518,
                        0.5086843854173416,
                        0.6407295303496442
                    ],
                    [
                        0.7922787895601562,
                        1.693848175458624,
                        1.731924236302771,
                        0.365750031833666,
                        1.072815085748439,
                        1.208085733299445
                    ],
                    [
                        1.3842719468177322,
