{
    "expt_args": {
        "save_dir": "expt_logs_29.04.24-7",
        "exp_name": "116",
        "num_nodes": 8,
        "obs_noise_mean": 0.5,
        "obs_noise_var": 1.0,
        "max_edge_strength": 1.0,
        "num_parents": 2,
        "new_noise_mean": 10.0,
        "mix_samples": 16384,
        "stage2_samples": 16384,
        "intv_targets": [
            0,
            1,
            2,
            3,
            4,
            5,
            6,
            7
        ]
    },
    "intv_args_dict": {
        "0": {
            "intv_type": "do",
            "inode": 0,
            "new_mui": 10.0,
            "true_params": {
                "Si": [
                    [
                        0.0,
                        0.0,
                        0.0,
                        0.0,
                        0.0,
                        0.0,
                        0.0,
                        0.0
                    ],
                    [
                        0.0,
                        1.0,
                        0.6119543052967691,
                        0.5230750946826714,
                        0.47270362499749025,
                        -1.1987499249615872,
                        0.9048980137671772,
                        -1.3681734877217575
                    ],
                    [
                        0.0,
                        0.6119543052967691,
                        1.3744880717712513,
                        1.174859743707968,
                        -0.39045791252240836,
                        -1.2777004218001642,
                        0.7755821719126826,
                        -1.507917505186568
                    ],
                    [
                        0.0,
                        0.5230750946826714,
                        1.174859743707968,
                        2.004225097135123,
                        -0.33374846421451476,
                        -1.0921293686872582,
                        1.6107338531761228,
                        -2.073523950267602
                    ],
                    [
                        0.0,
                        0.47270362499749025,
                        -0.39045791252240836,
                        -0.33374846421451476,
                        1.6854828556017676,
                        -0.19679807481456732,
                        1.1424763142373289,
                        -0.19087368322109127
                    ],
                    [
                        0.0,
                        -1.1987499249615872,
                        -1.2777004218001642,
                        -1.0921293686872582,
                        -0.19679807481456732,
                        2.733068222793457,
                        -1.2054464088678671,
                        2.005016378334486
                    ],
                    [
                        0.0,
                        0.9048980137671772,
                        0.7755821719126826,
                        1.6107338531761228,
                        1.1424763142373289,
                        -1.2054464088678671,
                        3.5154713099382415,
                        -2.1304805778160847
                    ],
                    [
                        0.0,
                        -1.3681734877217575,
                        -1.507917505186568,
                        -2.073523950267602,
                        -0.19087368322109127,
                        2.005016378334486,
                        -2.1304805778160847,
                        3.937299519081325
                    ]
                ],
                "mui": [
                    10.0,
                    10.089220093617598,
                    16.267614671528932,
                    23.340803249519976,
                    -1.5916348860945482,
                    -17.08651482318783,
                    21.2447428331167,
                    -27.47658411024028
                ],
                "Ai": [
                    [
                        0.0,
                        0.0,
                        0.0,
                        0.0,
                        0.0,
                        0.0,
                        0.0,
                        0.0
                    ],
                    [
                        0.9589220093617598,
                        0.0,
                        0.0,
                        0.0,
                        0.0,
                        0.0,
                        0.0,
                        0.0
                    ],
                    [
                        0.9593472998152972,
                        0.6119543052967691,
                        0.0,
                        0.0,
                        0.0,
                        0.0,
                        0.0,
                        0.0
                    ],
                    [
                        0.8935869480903613,
                        -0.0,
                        0.8547616875233921,
                        0.0,
                        0.0,
                        0.0,
                        0.0,
                        0.0
                    ],
                    [
                        -0.0,
                        0.8886678946473581,
                        -0.6797309309690119,
                        -0.0,
                        0.0,
                        0.0,
                        0.0,
                        0.0
                    ],
                    [
                        -0.0,
                        -0.8657731988962758,
                        -0.544120244245742,
                        0.0,
                        0.0,
                        0.0,
                        0.0,
                        0.0
                    ],
                    [
                        0.0,
                        -0.0,
                        0.0,
                        0.9477959270989806,
                        0.8655096932294515,
                        -0.0,
                        0.0,
                        0.0
                    ],
                    [
                        -0.0,
                        -0.9577615296559427,
                        -0.0,
                        -0.7846138388882675,
                        -0.0,
                        -0.0,
                        0.0,
                        0.0
                    ]
                ]
            },
            "est_params": {
                "mui": [
                    10.0,
                    10.03630244320521,
                    16.208627585193177,
                    23.264177999733466,
                    -1.6306467332209111,
                    -16.994742127794744,
                    21.138693763531407,
                    -27.371273829421224
                ],
                "Si": [
                    [
                        1e-06,
                        0.0,
                        0.0,
                        0.0,
                        0.0,
                        0.0,
                        0.0,
                        0.0
                    ],
                    [
                        0.0,
                        0.9458023973205932,
                        0.576569106810443,
                        0.45541246461129253,
                        0.5189040485218442,
                        -1.1433622792149583,
                        0.8764531671202151,
                        -1.280275285586173
                    ],
                    [
                        0.0,
                        0.576569106810443,
                        1.3363034264533515,
                        1.1034129726230715,
                        -0.34064505887282054,
                        -1.2404833358106508,
                        0.7515321616384737,
                        -1.4235241685749924
                    ],
                    [
                        0.0,
                        0.45541246461129253,
                        1.1034129726230715,
                        1.8788601407194157,
                        -0.299622791159727,
                        -1.0398993466836883,
                        1.5100293374213396,
                        -1.9051544778397356
                    ],
                    [
                        0.0,
                        0.5189040485218442,
                        -0.34064505887282054,
                        -0.299622791159727,
                        1.6921082298851025,
                        -0.24710679139991654,
                        1.1829617556360326,
                        -0.2763430092595321
                    ],
                    [
                        0.0,
                        -1.1433622792149583,
                        -1.2404833358106508,
                        -1.0398993466836883,
                        -0.24710679139991654,
                        2.6407728794685146,
                        -1.1624950712992328,
                        1.9702360840808686
                    ],
                    [
                        0.0,
                        0.8764531671202151,
                        0.7515321616384737,
                        1.5100293374213396,
                        1.1829617556360326,
                        -1.1624950712992328,
                        3.461724894670115,
                        -2.034876765162262
                    ],
                    [
                        0.0,
                        -1.280275285586173,
                        -1.4235241685749924,
                        -1.9051544778397356,
                        -0.2763430092595321,
                        1.9702360840808686,
                        -2.034876765162262,
                        3.754626003563001
                    ]
                ]
            },
            "est_tgt": [
                0,
                4
            ]
        },
        "1": {
            "intv_type": "do",
            "inode": 1,
            "new_mui": 10.0,
            "true_params": {
                "Si": [
                    [
                        1.0,
                        0.0,
                        0.9593472998152972,
                        1.7136002650014943,
                        -0.6520980332260597,
                        -0.5220002870919926,
                        1.0597461831511346,
                        -1.344514482242775
                    ],
                    [
                        0.0,
                        0.0,
                        0.0,
                        0.0,
                        0.0,
                        0.0,
                        0.0,
                        0.0
                    ],
                    [
                        0.9593472998152972,
                        0.0,
                        1.9203472416629017,
                        2.4986994747153535,
                        -1.3053194183592982,
                        -1.0448998101702551,
                        1.2384905758289717,
                        -1.960514187084511
                    ],
                    [
                        1.7136002650014943,
                        0.0,
                        2.4986994747153535,
                        4.667043410671028,
                        -1.6984433201600482,
                        -1.3595929684788255,
                        2.9533855792288017,
                        -3.6618268467047894
                    ],
                    [
                        -0.6520980332260597,
                        0.0,
                        -1.3053194183592982,
                        -1.6984433201600482,
                        1.887265983453295,
                        0.7102507207363713,
                        0.02366934112487673,
                        1.3326221335649102
                    ],
                    [
                        -0.5220002870919926,
                        0.0,
                        -1.0448998101702551,
                        -1.3595929684788255,
                        0.7102507207363713,
                        1.5685511399221688,
                        -0.6738877946161099,
                        1.0667554583236665
                    ],
                    [
                        1.0597461831511346,
                        0.0,
                        1.2384905758289717,
                        2.9533855792288017,
                        0.02366934112487673,
                        -0.6738877946161099,
                        3.8196928673218573,
                        -2.3172671970359597
                    ],
                    [
                        -1.344514482242775,
                        0.0,
                        -1.960514187084511,
                        -3.6618268467047894,
                        1.3326221335649102,
                        1.0667554583236665,
                        -2.3172671970359597,
                        3.873120019537164
                    ]
                ],
                "mui": [
                    0.5,
                    10.0,
                    7.0992167028753395,
                    7.014931923089158,
                    4.561121767877366,
                    -12.02055951528474,
                    11.096419007678236,
                    -14.581627962274268
                ],
                "Ai": [
                    [
                        0.0,
                        0.0,
                        0.0,
                        0.0,
                        0.0,
                        0.0,
                        0.0,
                        0.0
                    ],
                    [
                        0.0,
                        0.0,
                        0.0,
                        0.0,
                        0.0,
                        0.0,
                        0.0,
                        0.0
                    ],
                    [
                        0.9593472998152972,
                        0.6119543052967691,
                        0.0,
                        0.0,
                        0.0,
                        0.0,
                        0.0,
                        0.0
                    ],
                    [
                        0.8935869480903613,
                        -0.0,
                        0.8547616875233921,
                        0.0,
                        0.0,
                        0.0,
                        0.0,
                        0.0
                    ],
                    [
                        -0.0,
                        0.8886678946473581,
                        -0.6797309309690119,
                        -0.0,
                        0.0,
                        0.0,
                        0.0,
                        0.0
                    ],
                    [
                        -0.0,
                        -0.8657731988962758,
                        -0.544120244245742,
                        0.0,
                        0.0,
                        0.0,
                        0.0,
                        0.0
                    ],
                    [
                        0.0,
                        -0.0,
                        0.0,
                        0.9477959270989806,
                        0.8655096932294515,
                        -0.0,
                        0.0,
                        0.0
                    ],
                    [
                        -0.0,
                        -0.9577615296559427,
                        -0.0,
                        -0.7846138388882675,
                        -0.0,
                        -0.0,
                        0.0,
                        0.0
                    ]
                ]
            },
            "est_params": {
                "mui": [
                    0.5008335463992535,
                    10.0,
                    7.107683693364197,
                    7.040513869116258,
                    4.540761953337084,
                    -12.038864477955183,
                    11.109846864314632,
                    -14.603701009801004
                ],
                "Si": [
                    [
                        1.0116200185449646,
                        -5.88857372476579e-26,
                        0.9524759301303325,
                        1.7026847838357544,
                        -0.6534440465841981,
                        -0.5432851239163352,
                        1.0422580832941277,
                        -1.3524765080125385
                    ],
                    [
                        -5.88857372476579e-26,
                        1e-06,
                        -8.41183310006657e-26,
                        -1.3080243927738616e-25,
                        5.0695226531548905e-26,
                        7.873446024773999e-26,
                        -7.897429290143829e-26,
                        1.094878622847613e-25
                    ],
                    [
                        0.9524759301303325,
                        -8.41183310006657e-26,
                        1.9092379868725986,
                        2.4397554385305225,
                        -1.3251570925449994,
                        -1.0466620868691099,
                        1.1623075766658653,
                        -1.9544182943340407
                    ],
                    [
                        1.7026847838357544,
                        -1.3080243927738609e-25,
                        2.4397554385305225,
                        4.5057547909128655,
                        -1.7186619381121815,
                        -1.335023787134682,
                        2.739554964169331,
                        -3.586643825742999
                    ],
                    [
                        -0.6534440465841981,
                        5.0695226531548894e-26,
                        -1.3251570925449994,
                        -1.7186619381121815,
                        1.9552021016284507,
                        0.7173347404112588,
                        0.027776983987850973,
                        1.3822806565604684
                    ],
                    [
                        -0.5432851239163352,
                        7.873446024773999e-26,
                        -1.0466620868691099,
                        -1.335023787134682,
                        0.7173347404112588,
                        1.6114383772312662,
                        -0.6464163913666702,
                        1.0407235448347838
                    ],
                    [
                        1.0422580832941277,
                        -7.897429290143827e-26,
                        1.1623075766658653,
                        2.739554964169331,
                        0.027776983987850973,
                        -0.6464163913666702,
                        3.5833049946609434,
                        -2.1147008604705957
                    ],
                    [
                        -1.3524765080125385,
                        1.094878622847613e-25,
                        -1.954418294334041,
                        -3.586643825742999,
                        1.3822806565604684,
                        1.0407235448347838,
                        -2.1147008604705957,
                        3.818012243842633
                    ]
                ]
            },
            "est_tgt": [
                1
            ]
        },
        "2": {
            "intv_type": "do",
            "inode": 2,
            "new_mui": 10.0,
            "true_params": {
                "Si": [
                    [
                        1.0,
                        0.9589220093617598,
                        0.0,
                        0.8935869480903613,
                        0.8521632031905292,
                        -0.8302089755371753,
                        1.5844935824837143,
                        -1.6195392962286987
                    ],
                    [
                        0.9589220093617598,
                        1.9195314200383948,
                        0.0,
                        0.8568801918022518,
                        1.7058259457549738,
                        -1.661878857908552,
                        2.288556446815194,
                        -2.510773405835897
                    ],
                    [
                        0.0,
                        0.0,
                        0.0,
                        0.0,
                        0.0,
                        0.0,
                        0.0,
                        0.0
                    ],
                    [
                        0.8935869480903613,
                        0.8568801918022518,
                        0.0,
                        1.798497633797446,
                        0.7614819160139314,
                        -0.74186390472749,
                        2.3636787117393663,
                        -2.231813015917682
                    ],
                    [
                        0.8521632031905292,
                        1.7058259457549738,
                        0.0,
                        0.7614819160139314,
                        2.5159127518489113,
                        -1.476858385816549,
                        2.8992763326023483,
                        -2.2312437165007633
                    ],
                    [
                        -0.8302089755371753,
                        -1.661878857908552,
                        0.0,
                        -0.74186390472749,
                        -1.476858385816549,
                        2.4388101749895768,
                        -1.9813708358138853,
                        2.1737603232742417
                    ],
                    [
                        1.5844935824837143,
                        2.288556446815194,
                        0.0,
                        2.3636787117393663,
                        2.8992763326023483,
                        -1.9813708358138853,
                        5.7496368251752035,
                        -4.046466351121988
                    ],
                    [
                        -1.6195392962286987,
                        -2.510773405835897,
                        0.0,
                        -2.231813015917682,
                        -2.2312437165007633,
                        2.1737603232742417,
                        -4.046466351121988,
                        5.1558335558928245
                    ]
                ],
                "mui": [
                    0.5,
                    0.9794610046808798,
                    10.0,
                    9.494410349279102,
                    -5.426893760771176,
                    -5.789193529674146,
                    4.801734305179258,
                    -7.887535822209879
                ],
                "Ai": [
                    [
                        0.0,
                        0.0,
                        0.0,
                        0.0,
                        0.0,
                        0.0,
                        0.0,
                        0.0
                    ],
                    [
                        0.9589220093617598,
                        0.0,
                        0.0,
                        0.0,
                        0.0,
                        0.0,
                        0.0,
                        0.0
                    ],
                    [
                        0.0,
                        0.0,
                        0.0,
                        0.0,
                        0.0,
                        0.0,
                        0.0,
                        0.0
                    ],
                    [
                        0.8935869480903613,
                        -0.0,
                        0.8547616875233921,
                        0.0,
                        0.0,
                        0.0,
                        0.0,
                        0.0
                    ],
                    [
                        -0.0,
                        0.8886678946473581,
                        -0.6797309309690119,
                        -0.0,
                        0.0,
                        0.0,
                        0.0,
                        0.0
                    ],
                    [
                        -0.0,
                        -0.8657731988962758,
                        -0.544120244245742,
                        0.0,
                        0.0,
                        0.0,
                        0.0,
                        0.0
                    ],
                    [
                        0.0,
                        -0.0,
                        0.0,
                        0.9477959270989806,
                        0.8655096932294515,
                        -0.0,
                        0.0,
                        0.0
                    ],
                    [
                        -0.0,
                        -0.9577615296559427,
                        -0.0,
                        -0.7846138388882675,
                        -0.0,
                        -0.0,
                        0.0,
                        0.0
                    ]
                ]
            },
            "est_params": {
                "mui": [
                    0.49679861021911303,
                    0.9712126065105245,
                    9.999999999999993,
                    9.44700250043536,
                    -5.4593476306905675,
                    -5.765611219674548,
                    4.740596129775219,
                    -7.828137631766525
                ],
                "Si": [
                    [
                        0.9716930475983917,
                        0.8947227405919559,
                        2.949126159814729e-30,
                        0.8636211234767589,
                        0.824616875964958,
                        -0.7401264735594024,
                        1.5373649486666132,
                        -1.5041266740499342
                    ],
                    [
                        0.8947227405919559,
                        1.8614000171072616,
                        4.6811526346265544e-30,
                        0.8046356745036559,
                        1.7198469036017545,
                        -1.59040809736615,
                        2.290985779872166,
                        -2.369298141491281
                    ],
                    [
                        2.9335223176993075e-30,
                        4.688087675566742e-30,
                        1e-06,
                        6.022909680529328e-29,
                        -3.3399157167942944e-29,
                        -2.5354509677325456e-29,
                        2.341269821407296e-29,
                        -4.477955935079061e-29
                    ],
                    [
                        0.8636211234767589,
                        0.8046356745036559,
                        6.022909680529328e-29,
                        1.7499774682081928,
                        0.8195511420144949,
                        -0.6815019321551524,
                        2.3696745438879243,
                        -2.0628043139808776
                    ],
                    [
                        0.824616875964958,
                        1.7198469036017545,
                        -3.3454637495464444e-29,
                        0.8195511420144949,
                        2.6100646811838963,
                        -1.4604165222275538,
                        3.0319104080990615,
                        -2.244676187065333
                    ],
                    [
                        -0.7401264735594024,
                        -1.59040809736615,
                        -2.542386008672733e-29,
                        -0.6815019321551525,
                        -1.4604165222275536,
                        2.3326611938360795,
                        -1.9188261461061042,
                        2.013491678310015
                    ],
                    [
                        1.5373649486666132,
                        2.290985779872166,
                        2.335721788655146e-29,
                        2.3696745438879243,
                        3.0319104080990615,
                        -1.9188261461061042,
                        5.889440434106001,
                        -3.917211013195635
                    ],
                    [
                        -1.5041266740499342,
                        -2.369298141491281,
                        -4.494600033335511e-29,
                        -2.0628043139808776,
                        -2.244676187065333,
                        2.013491678310015,
                        -3.917211013195635,
                        4.770219736740626
                    ]
                ]
            },
            "est_tgt": [
                2
            ]
        },
        "3": {
            "intv_type": "do",
            "inode": 3,
            "new_mui": 10.0,
            "true_params": {
                "Si": [
                    [
                        1.0,
                        0.9589220093617598,
                        1.5461637518880549,
                        0.0,
                        -0.19881212331087875,
                        -1.6715079738584167,
                        -0.17207381985709455,
                        -0.9184186105070693
                    ],
                    [
                        0.9589220093617598,
                        1.9195314200383948,
                        2.09460475705958,
                        0.0,
                        0.28205830422674444,
                        -2.8015957099181037,
                        0.24412419636410884,
                        -1.838453349078617
                    ],
                    [
                        1.5461637518880549,
                        2.09460475705958,
                        3.7651104194237974,
                        0.0,
                        -0.6978540110215872,
                        -3.8621254619718943,
                        -0.6039994109982363,
                        -2.006131856145998
                    ],
                    [
                        0.0,
                        0.0,
                        0.0,
                        0.0,
                        0.0,
                        0.0,
                        0.0,
                        0.0
                    ],
                    [
                        -0.19881212331087875,
                        0.28205830422674444,
                        -0.6978540110215872,
                        0.0,
                        1.7250091159771477,
                        0.13551797459928933,
                        1.4930121107873884,
                        -0.270144592908368
                    ],
                    [
                        -1.6715079738584167,
                        -2.8015957099181037,
                        -3.8621254619718943,
                        0.0,
                        0.13551797459928933,
                        5.5270071294657255,
                        0.11729212062250759,
                        2.68326059260869
                    ],
                    [
                        -0.17207381985709455,
                        0.24412419636410884,
                        -0.6039994109982363,
                        0.0,
                        1.4930121107873884,
                        0.11729212062250759,
                        2.292216453995448,
                        -0.2338127637357166
                    ],
                    [
                        -0.9184186105070693,
                        -1.838453349078617,
                        -2.006131856145998,
                        0.0,
                        -0.270144592908368,
                        2.68326059260869,
                        -0.2338127637357166,
                        2.760799891814627
                    ]
                ],
                "mui": [
                    0.5,
                    0.9794610046808798,
                    1.579059028592412,
                    10.0,
                    0.2970802853587998,
                    -1.2071890715328728,
                    10.23508513763522,
                    -8.284228458964181
                ],
                "Ai": [
                    [
                        0.0,
                        0.0,
                        0.0,
                        0.0,
                        0.0,
                        0.0,
                        0.0,
                        0.0
                    ],
                    [
                        0.9589220093617598,
                        0.0,
                        0.0,
                        0.0,
                        0.0,
                        0.0,
                        0.0,
                        0.0
                    ],
                    [
                        0.9593472998152972,
                        0.6119543052967691,
                        0.0,
                        0.0,
                        0.0,
                        0.0,
                        0.0,
                        0.0
                    ],
                    [
                        0.0,
                        0.0,
                        0.0,
                        0.0,
                        0.0,
                        0.0,
                        0.0,
                        0.0
                    ],
                    [
                        -0.0,
                        0.8886678946473581,
                        -0.6797309309690119,
                        -0.0,
                        0.0,
                        0.0,
                        0.0,
                        0.0
                    ],
                    [
                        -0.0,
                        -0.8657731988962758,
                        -0.544120244245742,
                        0.0,
                        0.0,
                        0.0,
                        0.0,
                        0.0
                    ],
                    [
                        0.0,
                        -0.0,
                        0.0,
                        0.9477959270989806,
                        0.8655096932294515,
                        -0.0,
                        0.0,
                        0.0
                    ],
                    [
                        -0.0,
                        -0.9577615296559427,
                        -0.0,
                        -0.7846138388882675,
                        -0.0,
                        -0.0,
                        0.0,
                        0.0
                    ]
                ]
            },
            "est_params": {
                "mui": [
                    0.5165721265534379,
                    0.9808429166522666,
                    1.6149460461711649,
                    9.999999999999993,
                    0.2992799793705099,
                    -1.214539304786142,
                    10.221213168831964,
                    -8.26436318371446
                ],
                "Si": [
                    [
                        0.9365524877596396,
                        0.9161786160911355,
                        1.4540641656158328,
                        8.062567000863509e-19,
                        -0.16474140143717894,
                        -1.561163941726193,
                        -0.16472924694810995,
                        -0.8252706011397426
                    ],
                    [
                        0.9161786160911355,
                        1.9444927420296818,
                        2.0855433826673404,
                        1.1908743034813632e-18,
                        0.317103637185691,
                        -2.8771775459719304,
                        0.216139000884597,
                        -1.8330417084000108
                    ],
                    [
                        1.4540641656158328,
                        2.0855433826673404,
                        3.6871631800623086,
                        9.846559090882108e-18,
                        -0.6681425264839512,
                        -3.8442084732839423,
                        -0.6250728630016301,
                        -1.9032680603623633
                    ],
                    [
                        8.062567000864064e-19,
                        1.1908743034814325e-18,
                        9.846559090882053e-18,
                        1.0000000000000019e-06,
                        -5.819216821258813e-18,
                        -7.33329771290169e-18,
                        -5.322765010088645e-18,
                        -3.3874648663984935e-19
                    ],
                    [
                        -0.16474140143717894,
                        0.31710363718569096,
                        -0.6681425264839512,
                        -5.819216821258799e-18,
                        1.7159301154097517,
                        0.057200548420941716,
                        1.452721560998409,
                        -0.34135915767079317
                    ],
                    [
                        -1.5611639417261929,
                        -2.8771775459719304,
                        -3.8442084732839423,
                        -7.333297712901607e-18,
                        0.057200548420941716,
                        5.675896955879324,
                        0.14094710326907556,
                        2.6884007048050513
                    ],
                    [
                        -0.16472924694810995,
                        0.216139000884597,
                        -0.6250728630016301,
                        -5.322765010088784e-18,
                        1.452721560998409,
                        0.14094710326907556,
                        2.252894962339646,
                        -0.20581183610884768
                    ],
                    [
                        -0.8252706011397426,
                        -1.8330417084000108,
                        -1.9032680603623633,
                        -3.387464866399534e-19,
                        -0.34135915767079317,
                        2.6884007048050513,
                        -0.20581183610884768,
                        2.7516315392499635
                    ]
                ]
            },
            "est_tgt": [
                3
            ]
        },
        "4": {
            "intv_type": "do",
            "inode": 4,
            "new_mui": 10.0,
            "true_params": {
                "Si": [
                    [
                        1.0,
                        0.9589220093617598,
                        1.5461637518880549,
                        2.2151884858416944,
                        0.0,
                        -1.6715079738584167,
                        2.099546624637316,
                        -2.6564861522444096
                    ],
                    [
                        0.9589220093617598,
                        1.9195314200383948,
                        2.09460475705958,
                        2.647268088641023,
                        0.0,
                        -2.8015957099181037,
                        2.509069912353065,
                        -3.915536526673656
                    ],
                    [
                        1.5461637518880549,
                        2.09460475705958,
                        3.7651104194237974,
                        4.5999038841161815,
                        0.0,
