{
    "expt_args": {
        "save_dir": "expt_logs_30.04.24-spallunk",
        "exp_name": "47",
        "num_nodes": 6,
        "obs_noise_mean": 0.0,
        "obs_noise_var": 1.0,
        "max_edge_strength": 1.0,
        "graph_sparsity_method": "adj_dense_prop",
        "adj_dense_prop": 0.92,
        "num_parents": null,
        "new_noise_mean": 1.0,
        "mix_samples": 131072,
        "stage2_samples": 131072,
        "gmm_tol": 0.001,
        "intv_type": "do",
        "new_noise_sigma": 0.0,
        "intv_targets": [
            0,
            1,
            2,
            3,
            4,
            5
        ]
    },
    "intv_args_dict": {
        "0": {
            "intv_type": "do",
            "inode": 0,
            "new_mui": 1.0,
            "new_sigmai": 0.0,
            "true_params": {
                "Si": [
                    [
                        0.0,
                        0.0,
                        0.0,
                        0.0,
                        0.0,
                        0.0
                    ],
                    [
                        0.0,
                        1.0,
                        0.0,
                        -0.5707954837088687,
                        -1.4359850565390906,
                        -0.5167578478127539
                    ],
                    [
                        0.0,
                        0.0,
                        1.0,
                        -0.5084348587217427,
                        -0.9998800651586898,
                        -0.7787798219539022
                    ],
                    [
                        0.0,
                        -0.5707954837088687,
                        -0.5084348587217427,
                        1.5843134897858397,
                        2.237089498295146,
                        0.5450732218551348
                    ],
                    [
                        0.0,
                        -1.4359850565390906,
                        -0.9998800651586898,
                        2.237089498295146,
                        4.888206644761808,
                        2.0424043722537495
                    ],
                    [
                        0.0,
                        -0.5167578478127539,
                        -0.7787798219539022,
                        0.5450732218551348,
                        2.0424043722537495,
                        2.322847424144526
                    ]
                ],
                "mui": [
                    1.0,
                    -0.5192430885193462,
                    -0.5127587497422637,
                    -0.10843953606753404,
                    1.349142831609308,
                    1.8776979960528895
                ],
                "Ai": [
                    [
                        0.0,
                        0.0,
                        0.0,
                        0.0,
                        0.0,
                        0.0
                    ],
                    [
                        -0.5192430885193462,
                        0.0,
                        0.0,
                        0.0,
                        0.0,
                        0.0
                    ],
                    [
                        -0.5127587497422637,
                        0.0,
                        0.0,
                        0.0,
                        0.0,
                        0.0
                    ],
                    [
                        -0.6655255684249664,
                        -0.5707954837088687,
                        -0.5084348587217427,
                        0.0,
                        0.0,
                        0.0
                    ],
                    [
                        0.6958241572757042,
                        -0.9170966674615515,
                        -0.5376813401814757,
                        0.9090618336815635,
                        0.0,
                        0.0
                    ],
                    [
                        0.6577421432139706,
                        0.0,
                        -0.5011580378463101,
                        -0.7405994566628704,
                        0.6542468312152575,
                        0.0
                    ]
                ]
            },
            "est_params": {
                "mui": [
                    0.999998730012233,
                    -0.5207717294065775,
                    -0.5130367587571063,
                    -0.11304534269806947,
                    1.3436575957661814,
                    1.8835170335649167
                ],
                "Si": [
                    [
                        1.0261320300943516e-06,
                        -6.287437460445914e-07,
                        -1.3738276136192613e-06,
                        2.224233082608704e-06,
                        3.3086661384645556e-06,
                        2.412104699891333e-06
                    ],
                    [
                        -6.287437460445913e-07,
                        1.013778333797181,
                        0.001051083538512383,
                        -0.5650226118322174,
                        -1.4609975346702107,
                        -0.5419969776087965
                    ],
                    [
                        -1.3738276136192611e-06,
                        0.0010510835385123794,
                        0.9934234704662778,
                        -0.507736239608934,
                        -0.9949809924346678,
                        -0.7822308604463146
                    ],
                    [
                        2.2242330826087035e-06,
                        -0.5650226118322174,
                        -0.5077362396089338,
                        1.5642457318883733,
                        2.228285128800205,
                        0.5681695807524142
                    ],
                    [
                        3.3086661384645556e-06,
                        -1.4609975346702107,
                        -0.9949809924346678,
                        2.228285128800205,
                        4.921287448104664,
                        2.0993448126935443
                    ],
                    [
                        2.412104699891333e-06,
                        -0.5419969776087965,
                        -0.7822308604463146,
                        0.5681695807524142,
                        2.0993448126935443,
                        2.3575419772468114
                    ]
                ]
            },
            "est_tgt": [
                0
            ]
        },
        "1": {
            "intv_type": "do",
            "inode": 1,
            "new_mui": 1.0,
            "new_sigmai": 0.0,
            "true_params": {
                "Si": [
                    [
                        1.0,
                        0.0,
                        -0.5127587497422637,
                        -0.40482114594142116,
                        0.6035175157843223,
                        1.6093750551379848
                    ],
                    [
                        0.0,
                        0.0,
                        0.0,
                        0.0,
                        0.0,
                        0.0
                    ],
                    [
                        -0.5127587497422637,
                        0.0,
                        1.2629215354372494,
                        -0.3008592740595891,
                        -1.3093389519998158,
                        -1.604000963092842
                    ],
                    [
                        -0.40482114594142116,
                        0.0,
                        -0.3008592740595891,
                        1.4223861657647239,
                        1.1731190610136797,
                        -0.40139887791799683
                    ],
                    [
                        0.6035175157843223,
                        0.0,
                        -1.3093389519998158,
                        1.1731190610136797,
                        3.190386954016712,
                        2.2716338601874666
                    ],
                    [
                        1.6093750551379848,
                        0.0,
                        -1.604000963092842,
                        -0.40139887791799683,
                        2.2716338601874666,
                        4.645896818968849
                    ]
                ],
                "mui": [
                    0.0,
                    1.0,
                    0.0,
                    -0.5707954837088687,
                    -1.4359850565390906,
                    -0.5167578478127539
                ],
                "Ai": [
                    [
                        0.0,
                        0.0,
                        0.0,
                        0.0,
                        0.0,
                        0.0
                    ],
                    [
                        0.0,
                        0.0,
                        0.0,
                        0.0,
                        0.0,
                        0.0
                    ],
                    [
                        -0.5127587497422637,
                        0.0,
                        0.0,
                        0.0,
                        0.0,
                        0.0
                    ],
                    [
                        -0.6655255684249664,
                        -0.5707954837088687,
                        -0.5084348587217427,
                        0.0,
                        0.0,
                        0.0
                    ],
                    [
                        0.6958241572757042,
                        -0.9170966674615515,
                        -0.5376813401814757,
                        0.9090618336815635,
                        0.0,
                        0.0
                    ],
                    [
                        0.6577421432139706,
                        0.0,
                        -0.5011580378463101,
                        -0.7405994566628704,
                        0.6542468312152575,
                        0.0
                    ]
                ]
            },
            "est_params": {
                "mui": [
                    0.2858491092786764,
                    0.13545142244548772,
                    0.02239203715701687,
                    -0.44149999756975444,
                    -0.3923517227421747,
                    0.18865716139857794
                ],
                "Si": [
                    [
                        0.8608562282035228,
                        -0.026557267153083118,
                        -0.10323274921393018,
                        -0.48704778599578996,
                        0.22802138563631688,
                        1.1348128633697783
                    ],
                    [
                        -0.026557267153083118,
                        0.8074225593889068,
                        -0.6872367010987509,
                        -0.04454328673447269,
                        -0.4133237540810698,
                        0.09910873046841712
                    ],
                    [
                        -0.10323274921393018,
                        -0.6872367010987511,
                        0.9446981962816989,
                        -0.015661367479924047,
                        0.04486308117528186,
                        -0.49678209732137923
                    ],
                    [
                        -0.48704778599578996,
                        -0.0445432867344727,
                        -0.015661367479924044,
                        1.2225801035511519,
                        0.7885805852402692,
                        -0.754917068830758
                    ],
                    [
                        0.2280213856363169,
                        -0.4133237540810698,
                        0.044863081175281844,
                        0.7885805852402692,
                        2.192971511728378,
                        0.904104092593212
                    ],
                    [
                        1.1348128633697783,
                        0.09910873046841712,
                        -0.49678209732137923,
                        -0.754917068830758,
                        0.904104092593212,
                        3.142279200663273
                    ]
                ]
            },
            "est_tgt": [
                0,
                1,
                2,
                3,
                4,
                5
            ]
        },
        "2": {
            "intv_type": "do",
            "inode": 2,
            "new_mui": 1.0,
            "new_sigmai": 0.0,
            "true_params": {
                "Si": [
                    [
                        1.0,
                        -0.5192430885193462,
                        0.0,
                        -0.36914395855107923,
                        0.8364455795063249,
                        1.4783718282233038
                    ],
                    [
                        -0.5192430885193462,
                        1.2696133849751097,
                        0.0,
                        -0.3791200345625488,
                        -1.870303642620309,
                        -1.2843922018794145
                    ],
                    [
                        0.0,
                        0.0,
                        0.0,
                        0.0,
                        0.0,
                        0.0
                    ],
                    [
                        -0.36914395855107923,
                        -0.3791200345625488,
                        0.0,
                        1.4620747463572021,
                        1.4199467862959847,
                        -0.39661761577608773
                    ],
                    [
                        0.8364455795063249,
                        -1.870303642620309,
                        0.0,
                        1.4199467862959847,
                        4.588087707535733,
                        2.5002955337182753
                    ],
                    [
                        1.4783718282233038,
                        -1.2843922018794145,
                        0.0,
                        -0.39661761577608773,
                        2.5002955337182753,
                        3.901932675546288
                    ]
                ],
                "mui": [
                    0.0,
                    0.0,
                    1.0,
                    -0.5084348587217427,
                    -0.9998800651586898,
                    -0.7787798219539022
                ],
                "Ai": [
                    [
                        0.0,
                        0.0,
                        0.0,
                        0.0,
                        0.0,
                        0.0
                    ],
                    [
                        -0.5192430885193462,
                        0.0,
                        0.0,
                        0.0,
                        0.0,
                        0.0
                    ],
                    [
                        0.0,
                        0.0,
                        0.0,
                        0.0,
                        0.0,
                        0.0
                    ],
                    [
                        -0.6655255684249664,
                        -0.5707954837088687,
                        -0.5084348587217427,
                        0.0,
                        0.0,
                        0.0
                    ],
                    [
                        0.6958241572757042,
                        -0.9170966674615515,
                        -0.5376813401814757,
                        0.9090618336815635,
                        0.0,
                        0.0
                    ],
                    [
                        0.6577421432139706,
                        0.0,
                        -0.5011580378463101,
                        -0.7405994566628704,
                        0.6542468312152575,
                        0.0
                    ]
                ]
            },
            "est_params": {
                "mui": [
                    -0.36309143786243375,
                    0.867140302413486,
                    0.8185755333037199,
                    -0.6899564750384298,
                    -2.128367061330945,
                    -1.5448262655953335
                ],
                "Si": [
                    [
                        0.8629891297857847,
                        -0.13650510483542705,
                        -0.1533898855183493,
                        -0.4307764727516242,
                        0.41286273815598207,
                        1.2298417817902942
                    ],
                    [
                        -0.13650510483542705,
                        0.39713279156810605,
                        -0.020049100684478554,
                        -0.11734094500690857,
                        -0.5460903722298008,
                        -0.3486868196335993
                    ],
                    [
                        -0.1533898855183493,
                        -0.020049100684478554,
                        0.4400375220141043,
                        -0.10715607651006677,
                        -0.41903978749139387,
                        -0.5153971920332016
                    ],
                    [
                        -0.4307764727516242,
                        -0.11734094500690857,
                        -0.10715607651006677,
                        1.4037577435469488,
                        1.1372562092785046,
                        -0.5225535658377845
                    ],
                    [
                        0.412862738155982,
                        -0.5460903722298008,
                        -0.41903978749139387,
                        1.1372562092785048,
                        3.026366699022434,
                        1.62673688688466
                    ],
                    [
                        1.2298417817902942,
                        -0.3486868196335993,
                        -0.5153971920332014,
                        -0.5225535658377845,
                        1.62673688688466,
                        3.5294369948360242
                    ]
                ]
            },
            "est_tgt": [
                0,
                1,
                2,
                4
            ]
        },
        "3": {
            "intv_type": "do",
            "inode": 3,
            "new_mui": 1.0,
            "new_sigmai": 0.0,
            "true_params": {
                "Si": [
                    [
                        1.0,
                        -0.5192430885193462,
                        -0.5127587497422637,
                        0.0,
                        1.4477210751104383,
                        1.8618822379978808
                    ],
                    [
                        -0.5192430885193462,
                        1.2696133849751097,
                        0.26624643688149147,
                        0.0,
                        -1.668815829816444,
                        -1.5667770723221248
                    ],
                    [
                        -0.5127587497422637,
                        0.26624643688149147,
                        1.2629215354372494,
                        0.0,
                        -1.28001298863063,
                        -1.8076307593867345
                    ],
                    [
                        0.0,
                        0.0,
                        0.0,
                        0.0,
                        0.0,
                        0.0
                    ],
                    [
                        1.4477210751104383,
                        -1.668815829816444,
                        -1.28001298863063,
                        0.0,
                        4.226063832367355,
                        4.35860483135884
                    ],
                    [
                        1.8618822379978808,
                        -1.5667770723221248,
                        -1.8076307593867345,
                        0.0,
                        4.35860483135884,
                        5.9821504975936755
                    ]
                ],
                "mui": [
                    0.0,
                    0.0,
                    0.0,
                    1.0,
                    0.9090618336815635,
                    -0.1458486325979761
                ],
                "Ai": [
                    [
                        0.0,
                        0.0,
                        0.0,
                        0.0,
                        0.0,
                        0.0
                    ],
                    [
                        -0.5192430885193462,
                        0.0,
                        0.0,
                        0.0,
                        0.0,
                        0.0
                    ],
                    [
                        -0.5127587497422637,
                        0.0,
                        0.0,
                        0.0,
                        0.0,
                        0.0
                    ],
                    [
                        0.0,
                        0.0,
                        0.0,
                        0.0,
                        0.0,
                        0.0
                    ],
                    [
                        0.6958241572757042,
                        -0.9170966674615515,
                        -0.5376813401814757,
                        0.9090618336815635,
                        0.0,
                        0.0
                    ],
                    [
                        0.6577421432139706,
                        0.0,
                        -0.5011580378463101,
                        -0.7405994566628704,
                        0.6542468312152575,
                        0.0
                    ]
                ]
            },
            "est_params": {
                "mui": [
                    0.01072068416056266,
                    -0.010785967289033834,
                    -0.003014256576866185,
                    1.0000005057329744,
                    0.9323310413841823,
                    -0.11107022994147503
                ],
                "Si": [
                    [
                        1.0085335464852856,
                        -0.532904662685588,
                        -0.5304420810466628,
                        -5.502053714933375e-07,
                        1.4704668945693329,
                        1.8849747987014882
                    ],
                    [
                        -0.532904662685588,
                        1.2808455116298068,
                        0.28481800639525306,
                        1.4564952891339204e-07,
                        -1.7010806769934212,
                        -1.5927704590076106
                    ],
                    [
                        -0.5304420810466629,
                        0.28481800639525306,
                        1.2787795075625583,
                        -4.161169915434129e-07,
                        -1.3161721031760165,
                        -1.8534063296256251
                    ],
                    [
                        -5.502053714933375e-07,
                        1.4564952891339228e-07,
                        -4.161169915434129e-07,
                        1.0168550007281243e-06,
                        -1.7128557588207124e-06,
                        -1.0004241324614206e-06
                    ],
                    [
                        1.4704668945693327,
                        -1.7010806769934212,
                        -1.3161721031760163,
                        -1.7128557588207124e-06,
                        4.280249027815334,
                        4.408752760141431
                    ],
                    [
                        1.8849747987014882,
                        -1.5927704590076106,
                        -1.8534063296256251,
                        -1.000424132461421e-06,
                        4.408752760141431,
                        6.030284292598015
                    ]
                ]
            },
            "est_tgt": [
                3,
                4
            ]
        },
        "4": {
            "intv_type": "do",
            "inode": 4,
            "new_mui": 1.0,
            "new_sigmai": 0.0,
            "true_params": {
                "Si": [
                    [
                        1.0,
                        -0.5192430885193462,
                        -0.5127587497422637,
                        -0.10843953606753404,
                        0.0,
                        0.9950255736157201
                    ],
                    [
                        -0.5192430885193462,
                        1.2696133849751097,
                        0.26624643688149147,
                        -0.5144890040835572,
                        0.0,
                        -0.09392932689955208
                    ],
                    [
                        -0.5127587497422637,
                        0.26624643688149147,
                        1.2629215354372494,
                        -0.4528315377851228,
                        0.0,
                        -0.6348195268172996
                    ],
                    [
                        -0.10843953606753404,
                        -0.5144890040835572,
                        -0.4528315377851228,
                        1.5960726227683817,
                        0.0,
                        -1.0264356051276153
                    ],
                    [
                        0.0,
                        0.0,
                        0.0,
                        0.0,
                        0.0,
                        0.0
                    ],
                    [
                        0.9950255736157201,
                        -0.09392932689955208,
                        -0.6348195268172996,
                        -1.0264356051276153,
                        0.0,
                        2.732792813245932
                    ]
                ],
                "mui": [
                    0.0,
                    0.0,
                    0.0,
                    0.0,
                    1.0,
                    0.6542468312152575
                ],
                "Ai": [
                    [
                        0.0,
                        0.0,
                        0.0,
                        0.0,
                        0.0,
                        0.0
                    ],
                    [
                        -0.5192430885193462,
                        0.0,
                        0.0,
                        0.0,
                        0.0,
                        0.0
                    ],
                    [
                        -0.5127587497422637,
                        0.0,
                        0.0,
                        0.0,
                        0.0,
                        0.0
                    ],
                    [
                        -0.6655255684249664,
                        -0.5707954837088687,
                        -0.5084348587217427,
                        0.0,
                        0.0,
                        0.0
                    ],
                    [
                        0.0,
                        0.0,
                        0.0,
                        0.0,
                        0.0,
                        0.0
                    ],
                    [
                        0.6577421432139706,
                        0.0,
                        -0.5011580378463101,
                        -0.7405994566628704,
                        0.6542468312152575,
                        0.0
                    ]
                ]
            },
            "est_params": {
                "mui": [
                    0.00742730338606937,
                    -0.00401720095183162,
                    -0.00807595874526265,
                    -0.0008466553142195655,
                    1.0000014020758554,
                    0.6633105070335584
                ],
                "Si": [
                    [
                        1.0146708606700068,
                        -0.5348501810450279,
                        -0.5215781404743179,
                        -0.08918660306407683,
                        -1.0634641338595871e-07,
                        0.9872524585355439
                    ],
                    [
                        -0.5348501810450279,
                        1.286213669425695,
                        0.2802786317975287,
                        -0.5303503233419549,
                        8.461630363969531e-07,
                        -0.09688614403782683
                    ],
                    [
                        -0.521578140474318,
                        0.2802786317975287,
                        1.274066144364252,
                        -0.4779243755829062,
                        -1.8840657779864963e-07,
                        -0.6340273558688068
                    ],
                    [
                        -0.08918660306407682,
                        -0.5303503233419549,
                        -0.47792437558290607,
                        1.6082225653773716,
                        5.955591114276545e-07,
                        -1.0101223953805425
                    ],
                    [
                        -1.0634641338595862e-07,
                        8.461630363969531e-07,
                        -1.8840657779864953e-07,
                        5.955591114276546e-07,
                        1.010946005187434e-06,
                        -1.6532395707540646e-06
                    ],
                    [
                        0.9872524585355439,
                        -0.09688614403782682,
                        -0.6340273558688068,
                        -1.0101223953805425,
                        -1.6532395707540642e-06,
                        2.7185395649853445
                    ]
                ]
            },
            "est_tgt": [
                3,
                4
            ]
        },
        "5": {
            "intv_type": "do",
            "inode": 5,
            "new_mui": 1.0,
            "new_sigmai": 0.0,
            "true_params": {
                "Si": [
                    [
                        1.0,
                        -0.5192430885193462,
                        -0.5127587497422637,
                        -0.10843953606753404,
                        1.349142831609308,
                        0.0
                    ],
                    [
                        -0.5192430885193462,
                        1.2696133849751097,
                        0.26624643688149147,
                        -0.5144890040835572,
                        -2.136518147277644,
                        0.0
                    ],
                    [
                        -0.5127587497422637,
                        0.26624643688149147,
                        1.2629215354372494,
                        -0.4528315377851228,
                        -1.6916648567184158,
                        0.0
                    ],
                    [
                        -0.10843953606753404,
                        -0.5144890040835572,
                        -0.4528315377851228,
                        1.5960726227683817,
                        2.090789075546594,
                        0.0
                    ],
                    [
                        1.349142831609308,
                        -2.136518147277644,
                        -1.6916648567184158,
                        2.090789075546594,
                        6.708393024844589,
                        0.0
                    ],
                    [
                        0.0,
                        0.0,
                        0.0,
                        0.0,
                        0.0,
                        0.0
                    ]
                ],
                "mui": [
                    0.0,
                    0.0,
                    0.0,
                    0.0,
                    0.0,
                    1.0
                ],
                "Ai": [
                    [
                        0.0,
                        0.0,
                        0.0,
                        0.0,
                        0.0,
                        0.0
                    ],
                    [
                        -0.5192430885193462,
                        0.0,
                        0.0,
                        0.0,
                        0.0,
                        0.0
                    ],
                    [
                        -0.5127587497422637,
                        0.0,
                        0.0,
                        0.0,
                        0.0,
                        0.0
                    ],
                    [
                        -0.6655255684249664,
                        -0.5707954837088687,
                        -0.5084348587217427,
                        0.0,
                        0.0,
                        0.0
                    ],
                    [
                        0.6958241572757042,
                        -0.9170966674615515,
                        -0.5376813401814757,
                        0.9090618336815635,
                        0.0,
                        0.0
                    ],
                    [
                        0.0,
                        0.0,
                        0.0,
                        0.0,
                        0.0,
                        0.0
                    ]
                ]
            },
            "est_params": {
                "mui": [
                    -0.011545791224881701,
                    0.0039401618839729,
                    0.006744676795456762,
                    0.011783119632109134,
                    -0.011526833208040368,
                    0.9999995105584593
                ],
                "Si": [
                    [
                        1.0137860886584253,
                        -0.5169702970160508,
                        -0.5135708909650107,
                        -0.12416545962971756,
                        1.3479410732549093,
                        -5.6811211737849e-07
                    ],
                    [
                        -0.5169702970160508,
                        1.25088432566371,
                        0.27899368100236754,
                        -0.511189129915746,
                        -2.1278315927573597,
                        3.6552666548917364e-07
                    ],
                    [
                        -0.5135708909650107,
                        0.27899368100236754,
                        1.27078961907986,
                        -0.46095913758549134,
                        -1.725322441957209,
                        1.1774603242505219e-06
                    ],
                    [
                        -0.12416545962971759,
                        -0.511189129915746,
                        -0.46095913758549134,
                        1.5854152420542174,
                        2.071172108898623,
                        -7.604415658252202e-07
                    ],
                    [
                        1.3479410732549093,
                        -2.1278315927573597,
                        -1.725322441957209,
                        2.071172108898623,
                        6.695577053698034,
                        -1.0522332086396505e-06
                    ],
                    [
                        -5.6811211737849e-07,
                        3.655266654891736e-07,
                        1.1774603242505219e-06,
                        -7.604415658252202e-07,
                        -1.0522332086396505e-06,
                        1.0148492847207307e-06
                    ]
                ]
            },
            "est_tgt": [
                5
            ]
        },
        "obs": {
            "intv_type": "obs",
            "true_params": {
                "Si": [
                    [
                        1.0,
                        -0.5192430885193462,
                        -0.5127587497422637,
                        -0.10843953606753404,
                        1.349142831609308,
                        1.8776979960528895
                    ],
                    [
                        -0.5192430885193462,
                        1.2696133849751097,
                        0.26624643688149147,
                        -0.5144890040835572,
                        -2.136518147277644,
                        -1.4917395545898433
                    ],
                    [
                        -0.5127587497422637,
                        0.26624643688149147,
                        1.2629215354372494,
                        -0.4528315377851228,
                        -1.6916648567184158,
                        -1.7415858988035358
                    ],
                    [
                        -0.10843953606753404,
                        -0.5144890040835572,
                        -0.4528315377851228,
                        1.5960726227683817,
                        2.090789075546594,
                        0.34145652228822115
                    ],
                    [
                        1.349142831609308,
                        -2.136518147277644,
                        -1.6916648567184158,
                        2.090789075546594,
                        6.708393024844589,
                        4.575687163555668
                    ],
                    [
                        1.8776979960528895,
                        -1.4917395545898433,
                        -1.7415858988035358,
                        0.34145652228822115,
                        4.575687163555668,
                        5.848597188525563
                    ]
                ],
                "mui": [
                    0.0,
                    0.0,
                    0.0,
                    0.0,
                    0.0,
                    0.0
                ],
                "Ai": [
                    [
                        0.0,
                        0.0,
                        0.0,
                        0.0,
                        0.0,
                        0.0
                    ],
                    [
                        -0.5192430885193462,
                        0.0,
                        0.0,
                        0.0,
                        0.0,
                        0.0
                    ],
                    [
                        -0.5127587497422637,
                        0.0,
                        0.0,
                        0.0,
                        0.0,
                        0.0
                    ],
                    [
                        -0.6655255684249664,
                        -0.5707954837088687,
                        -0.5084348587217427,
                        0.0,
                        0.0,
                        0.0
                    ],
                    [
                        0.6958241572757042,
                        -0.9170966674615515,
                        -0.5376813401814757,
