{
    "expt_args": {
        "save_dir": "expt_logs_30.04.24-spallunk",
        "exp_name": "433",
        "num_nodes": 6,
        "obs_noise_mean": 0.0,
        "obs_noise_var": 1.0,
        "max_edge_strength": 1.0,
        "graph_sparsity_method": "adj_dense_prop",
        "adj_dense_prop": 0.96,
        "num_parents": null,
        "new_noise_mean": 1.0,
        "mix_samples": 2048,
        "stage2_samples": 2048,
        "gmm_tol": 0.001,
        "intv_type": "do",
        "new_noise_sigma": 0.0,
        "intv_targets": [
            0,
            1,
            2,
            3,
            4,
            5
        ]
    },
    "intv_args_dict": {
        "0": {
            "intv_type": "do",
            "inode": 0,
            "new_mui": 1.0,
            "new_sigmai": 0.0,
            "true_params": {
                "Si": [
                    [
                        0.0,
                        0.0,
                        0.0,
                        0.0,
                        0.0,
                        0.0
                    ],
                    [
                        0.0,
                        1.0,
                        -0.5890778832918366,
                        1.115795077203952,
                        -2.117687988227807,
                        2.6918267181045477
                    ],
                    [
                        0.0,
                        -0.5890778832918366,
                        1.3470127525835907,
                        -1.5251520457288856,
                        2.6982148341867633,
                        -2.4716340108641197
                    ],
                    [
                        0.0,
                        1.115795077203952,
                        -1.5251520457288856,
                        2.99818283365006,
                        -4.399812545383437,
                        5.03813269923375
                    ],
                    [
                        0.0,
                        -2.117687988227807,
                        2.6982148341867633,
                        -4.399812545383437,
                        8.194309732691217,
                        -8.489597395498333
                    ],
                    [
                        0.0,
                        2.6918267181045477,
                        -2.4716340108641197,
                        5.03813269923375,
                        -8.489597395498333,
                        10.902582886317278
                    ]
                ],
                "mui": [
                    1.0,
                    -0.7206013559327571,
                    -0.4634157119064156,
                    0.7622023106032287,
                    -0.9054693613057633,
                    -0.8299875143047672
                ],
                "Ai": [
                    [
                        0.0,
                        0.0,
                        0.0,
                        0.0,
                        0.0,
                        0.0
                    ],
                    [
                        -0.7206013559327571,
                        0.0,
                        0.0,
                        0.0,
                        0.0,
                        0.0
                    ],
                    [
                        -0.8879060333565115,
                        -0.5890778832918366,
                        0.0,
                        0.0,
                        0.0,
                        0.0
                    ],
                    [
                        0.7956659892495621,
                        0.604556859467529,
                        -0.8678618434621301,
                        0.0,
                        0.0,
                        0.0
                    ],
                    [
                        -0.5244384577645165,
                        -0.7928261618495065,
                        0.775646208933709,
                        -0.7778720458341339,
                        0.0,
                        0.0
                    ],
                    [
                        -0.9563311917362662,
                        0.9930090521536553,
                        0.6153447264383318,
                        0.8617763367393156,
                        -0.519310609884374,
                        0.0
                    ]
                ]
            },
            "est_params": {
                "mui": [
                    0.9999997070006241,
                    -0.7617320295500178,
                    -0.3656611281058888,
                    0.7639870683877876,
                    -0.8835476454739064,
                    -0.769967820683943
                ],
                "Si": [
                    [
                        1.0006991032035666e-06,
                        1.4861222291551748e-08,
                        -5.670895577634358e-08,
                        -2.156681229163511e-08,
                        -4.7450575644614145e-07,
                        -7.825952634576372e-08
                    ],
                    [
                        1.486122229155175e-08,
                        0.9240666650121453,
                        -0.5289795592870153,
                        1.0674423746376334,
                        -1.9801415211581421,
                        2.588605938803674
                    ],
                    [
                        -5.670895577634359e-08,
                        -0.5289795592870153,
                        1.1993331537625112,
                        -1.4125473794768661,
                        2.4014618697298253,
                        -2.2528874497863747
                    ],
                    [
                        -2.156681229163511e-08,
                        1.0674423746376336,
                        -1.4125473794768661,
                        3.0260927067292394,
                        -4.292575408122594,
                        5.069174040239635
                    ],
                    [
                        -4.7450575644614156e-07,
                        -1.9801415211581421,
                        2.4014618697298253,
                        -4.292575408122593,
                        7.786224634700747,
                        -8.317099430743461
                    ],
                    [
                        -7.825952634576368e-08,
                        2.588605938803674,
                        -2.2528874497863747,
                        5.069174040239635,
                        -8.317099430743461,
                        10.957214898219581
                    ]
                ]
            },
            "est_tgt": [
                0
            ]
        },
        "1": {
            "intv_type": "do",
            "inode": 1,
            "new_mui": 1.0,
            "new_sigmai": 0.0,
            "true_params": {
                "Si": [
                    [
                        1.0,
                        0.0,
                        -0.8879060333565115,
                        1.5662457561794918,
                        -2.4314781970652333,
                        1.1097464686973932
                    ],
                    [
                        0.0,
                        0.0,
                        0.0,
                        0.0,
                        0.0,
                        0.0
                    ],
                    [
                        -0.8879060333565115,
                        0.0,
                        1.7883771240708946,
                        -2.2585409000929326,
                        3.6096558377580124,
                        -1.87128901062718
                    ],
                    [
                        1.5662457561794918,
                        0.0,
                        -2.2585409000929326,
                        4.206309948087755,
                        -5.845199120461293,
                        3.7727413955190956
                    ],
                    [
                        -2.4314781970652333,
                        0.0,
                        3.6096558377580124,
                        -5.845199120461293,
                        9.621793540010477,
                        -5.487472631085501
                    ],
                    [
                        1.1097464686973932,
                        0.0,
                        -1.87128901062718,
                        3.7727413955190956,
                        -5.487472631085501,
                        4.888189030802112
                    ]
                ],
                "mui": [
                    0.0,
                    1.0,
                    -0.5890778832918366,
                    1.115795077203952,
                    -2.117687988227807,
                    2.6918267181045477
                ],
                "Ai": [
                    [
                        0.0,
                        0.0,
                        0.0,
                        0.0,
                        0.0,
                        0.0
                    ],
                    [
                        0.0,
                        0.0,
                        0.0,
                        0.0,
                        0.0,
                        0.0
                    ],
                    [
                        -0.8879060333565115,
                        -0.5890778832918366,
                        0.0,
                        0.0,
                        0.0,
                        0.0
                    ],
                    [
                        0.7956659892495621,
                        0.604556859467529,
                        -0.8678618434621301,
                        0.0,
                        0.0,
                        0.0
                    ],
                    [
                        -0.5244384577645165,
                        -0.7928261618495065,
                        0.775646208933709,
                        -0.7778720458341339,
                        0.0,
                        0.0
                    ],
                    [
                        -0.9563311917362662,
                        0.9930090521536553,
                        0.6153447264383318,
                        0.8617763367393156,
                        -0.519310609884374,
                        0.0
                    ]
                ]
            },
            "est_params": {
                "mui": [
                    0.057729919852267955,
                    0.9999991363050943,
                    -0.6123499942974276,
                    1.2329800135683622,
                    -2.27935572038078,
                    2.898443993555735
                ],
                "Si": [
                    [
                        0.8829385121863519,
                        6.96548965903157e-07,
                        -0.8201530374789249,
                        1.4677064311644539,
                        -2.2826505415408516,
                        1.0063974790632937
                    ],
                    [
                        6.965489659031571e-07,
                        1.0005001996992488e-06,
                        -1.3291084584163905e-06,
                        1.8810515736484815e-06,
                        -2.653397814091478e-06,
                        2.8543872961220077e-06
                    ],
                    [
                        -0.8201530374789249,
                        -1.3291084584163907e-06,
                        1.7311704583295857,
                        -2.2027596284438236,
                        3.487403570679237,
                        -1.7738764930136823
                    ],
                    [
                        1.4677064311644539,
                        1.8810515736484815e-06,
                        -2.2027596284438236,
                        4.220762310352379,
                        -5.872405391772228,
                        3.8282994572400355
                    ],
                    [
                        -2.2826505415408516,
                        -2.6533978140914776e-06,
                        3.487403570679237,
                        -5.8724053917722285,
                        9.640476651676371,
                        -5.515820551239525
                    ],
                    [
                        1.0063974790632937,
                        2.8543872961220077e-06,
                        -1.7738764930136823,
                        3.8282994572400355,
                        -5.515820551239525,
                        4.9590633751730815
                    ]
                ]
            },
            "est_tgt": [
                1
            ]
        },
        "2": {
            "intv_type": "do",
            "inode": 2,
            "new_mui": 1.0,
            "new_sigmai": 0.0,
            "true_params": {
                "Si": [
                    [
                        1.0,
                        -0.7206013559327571,
                        0.0,
                        0.36002149657881144,
                        -0.23317750860482528,
                        -1.2405453004977074
                    ],
                    [
                        -0.7206013559327571,
                        1.519266314172128,
                        0.0,
                        0.345124880867897,
                        -1.095066014072913,
                        3.0638786112747693
                    ],
                    [
                        0.0,
                        0.0,
                        0.0,
                        0.0,
                        0.0,
                        0.0
                    ],
                    [
                        0.36002149657881144,
                        0.345124880867897,
                        0.0,
                        1.4951044743280888,
                        -1.6254331292664856,
                        2.130962670566051
                    ],
                    [
                        -0.23317750860482528,
                        -1.095066014072913,
                        0.0,
                        -1.6254331292664856,
                        3.2548632315364516,
                        -3.9554603576034926
                    ],
                    [
                        -1.2405453004977074,
                        3.0638786112747693,
                        0.0,
                        2.130962670566051,
                        -3.9554603576034926,
                        9.119357095972788
                    ]
                ],
                "mui": [
                    0.0,
                    0.0,
                    1.0,
                    -0.8678618434621301,
                    1.450731676608979,
                    -0.8859384255746815
                ],
                "Ai": [
                    [
                        0.0,
                        0.0,
                        0.0,
                        0.0,
                        0.0,
                        0.0
                    ],
                    [
                        -0.7206013559327571,
                        0.0,
                        0.0,
                        0.0,
                        0.0,
                        0.0
                    ],
                    [
                        0.0,
                        0.0,
                        0.0,
                        0.0,
                        0.0,
                        0.0
                    ],
                    [
                        0.7956659892495621,
                        0.604556859467529,
                        -0.8678618434621301,
                        0.0,
                        0.0,
                        0.0
                    ],
                    [
                        -0.5244384577645165,
                        -0.7928261618495065,
                        0.775646208933709,
                        -0.7778720458341339,
                        0.0,
                        0.0
                    ],
                    [
                        -0.9563311917362662,
                        0.9930090521536553,
                        0.6153447264383318,
                        0.8617763367393156,
                        -0.519310609884374,
                        0.0
                    ]
                ]
            },
            "est_params": {
                "mui": [
                    0.038814239606983686,
                    0.0015223030517344412,
                    0.9999914044142575,
                    -0.7777280731097747,
                    1.3443149921876816,
                    -0.7862265229855602
                ],
                "Si": [
                    [
                        0.8949351945974865,
                        -0.7007516829971076,
                        -2.7876174621520335e-07,
                        0.2846626438792574,
                        -0.18275378520289184,
                        -1.2408853201482024
                    ],
                    [
                        -0.7007516829971076,
                        1.6349451601826022,
                        -1.979202050379471e-06,
                        0.420558083118765,
                        -1.1208723250435084,
                        3.3574257869718003
                    ],
                    [
                        -2.7876174621520335e-07,
                        -1.9792020503794712e-06,
                        1.0297548774832316e-06,
                        -1.853553464431077e-05,
                        1.9601524469964333e-05,
                        -2.065195703455999e-05
                    ],
                    [
                        0.2846626438792574,
                        0.42055808311876497,
                        -1.853553464431077e-05,
                        1.4737751440432665,
                        -1.5666840046821477,
                        2.2210590950287927
                    ],
                    [
                        -0.18275378520289184,
                        -1.1208723250435084,
                        1.960152446996433e-05,
                        -1.5666840046821475,
                        3.106707020010146,
                        -3.98093095954603
                    ],
                    [
                        -1.2408853201482026,
                        3.3574257869718003,
                        -2.065195703455999e-05,
                        2.2210590950287927,
                        -3.98093095954603,
                        9.785302364488185
                    ]
                ]
            },
            "est_tgt": [
                2,
                3
            ]
        },
        "3": {
            "intv_type": "do",
            "inode": 3,
            "new_mui": 1.0,
            "new_sigmai": 0.0,
            "true_params": {
                "Si": [
                    [
                        1.0,
                        -0.7206013559327571,
                        -0.4634157119064156,
                        0.0,
                        -0.3125734906173257,
                        -1.7947325455957992
                    ],
                    [
                        -0.7206013559327571,
                        1.519266314172128,
                        -0.2551398929315296,
                        0.0,
                        -1.0245013076240337,
                        2.572814167361104
                    ],
                    [
                        -0.4634157119064156,
                        -0.2551398929315296,
                        1.5617668746253206,
                        0.0,
                        1.6566931588450218,
                        0.2905093523059374
                    ],
                    [
                        0.0,
                        0.0,
                        0.0,
                        0.0,
                        0.0,
                        0.0
                    ],
                    [
                        -0.3125734906173257,
                        -1.0245013076240337,
                        1.6566931588450218,
                        0.0,
                        3.261184766915337,
                        -1.3925457452573784
                    ],
                    [
                        -1.7947325455957992,
                        2.572814167361104,
                        0.2905093523059374,
                        0.0,
                        -1.3925457452573784,
                        6.173113650060212
                    ]
                ],
                "mui": [
                    0.0,
                    0.0,
                    0.0,
                    1.0,
                    -0.7778720458341339,
                    1.2657335432734456
                ],
                "Ai": [
                    [
                        0.0,
                        0.0,
                        0.0,
                        0.0,
                        0.0,
                        0.0
                    ],
                    [
                        -0.7206013559327571,
                        0.0,
                        0.0,
                        0.0,
                        0.0,
                        0.0
                    ],
                    [
                        -0.8879060333565115,
                        -0.5890778832918366,
                        0.0,
                        0.0,
                        0.0,
                        0.0
                    ],
                    [
                        0.0,
                        0.0,
                        0.0,
                        0.0,
                        0.0,
                        0.0
                    ],
                    [
                        -0.5244384577645165,
                        -0.7928261618495065,
                        0.775646208933709,
                        -0.7778720458341339,
                        0.0,
                        0.0
                    ],
                    [
                        -0.9563311917362662,
                        0.9930090521536553,
                        0.6153447264383318,
                        0.8617763367393156,
                        -0.519310609884374,
                        0.0
                    ]
                ]
            },
            "est_params": {
                "mui": [
                    0.031197181462573956,
                    -0.07890918275887696,
                    0.022210296683291327,
                    1.0000049319103186,
                    -0.714136762451704,
                    1.1023947463476913
                ],
                "Si": [
                    [
                        1.0111667724156719,
                        -0.7509717064743435,
                        -0.43900287924596,
                        -4.3046970349085035e-06,
                        -0.3224546073364336,
                        -1.8398447223376908
                    ],
                    [
                        -0.7509717064743435,
                        1.4301353729494275,
                        -0.25711354294029526,
                        5.755044736960747e-06,
                        -0.9252969489941374,
                        2.4299879650744955
                    ],
                    [
                        -0.4390028792459599,
                        -0.25711354294029526,
                        1.549059281998368,
                        -1.4666656317108322e-06,
                        1.6915976452518726,
                        0.259655232506384
                    ],
                    [
                        -4.3046970349085035e-06,
                        5.755044736960747e-06,
                        -1.4666656317108322e-06,
                        1.0070466478014384e-06,
                        -3.0592816723689037e-06,
                        1.4165765053514449e-05
                    ],
                    [
                        -0.3224546073364336,
                        -0.9252969489941374,
                        1.6915976452518726,
                        -3.0592816723689037e-06,
                        3.167215652982828,
                        -1.2098303296403978
                    ],
                    [
                        -1.8398447223376908,
                        2.4299879650744955,
                        0.259655232506384,
                        1.4165765053514449e-05,
                        -1.2098303296403978,
                        5.790286835096967
                    ]
                ]
            },
            "est_tgt": [
                2,
                3
            ]
        },
        "4": {
            "intv_type": "do",
            "inode": 4,
            "new_mui": 1.0,
            "new_sigmai": 0.0,
            "true_params": {
                "Si": [
                    [
                        1.0,
                        -0.7206013559327571,
                        -0.4634157119064156,
                        0.7622023106032287,
                        0.0,
                        -1.3002073605560778
                    ],
                    [
                        -0.7206013559327571,
                        1.519266314172128,
                        -0.2551398929315296,
                        0.5665510586881849,
                        0.0,
                        2.529020064403613
                    ],
                    [
                        -0.4634157119064156,
                        -0.2551398929315296,
                        1.5617668746253206,
                        -1.8783685721137957,
                        0.0,
                        -0.46788590010547004
                    ],
                    [
                        0.7622023106032287,
                        0.5665510586881849,
                        -1.8783685721137957,
                        3.579135195938961,
                        0.0,
                        1.7622423084345895
                    ],
                    [
                        0.0,
                        0.0,
                        0.0,
                        0.0,
                        0.0,
                        0.0
                    ],
                    [
                        -1.3002073605560778,
                        2.529020064403613,
                        -0.46788590010547004,
                        1.7622423084345895,
                        0.0,
                        5.985516271460909
                    ]
                ],
                "mui": [
                    0.0,
                    0.0,
                    0.0,
                    0.0,
                    1.0,
                    -0.519310609884374
                ],
                "Ai": [
                    [
                        0.0,
                        0.0,
                        0.0,
                        0.0,
                        0.0,
                        0.0
                    ],
                    [
                        -0.7206013559327571,
                        0.0,
                        0.0,
                        0.0,
                        0.0,
                        0.0
                    ],
                    [
                        -0.8879060333565115,
                        -0.5890778832918366,
                        0.0,
                        0.0,
                        0.0,
                        0.0
                    ],
                    [
                        0.7956659892495621,
                        0.604556859467529,
                        -0.8678618434621301,
                        0.0,
                        0.0,
                        0.0
                    ],
                    [
                        0.0,
                        0.0,
                        0.0,
                        0.0,
                        0.0,
                        0.0
                    ],
                    [
                        -0.9563311917362662,
                        0.9930090521536553,
                        0.6153447264383318,
                        0.8617763367393156,
                        -0.519310609884374,
                        0.0
                    ]
                ]
            },
            "est_params": {
                "mui": [
                    -0.008089288075513115,
                    -0.067571002592578,
                    0.056992912579795184,
                    -0.06996817563580686,
                    0.9999999219075134,
                    -0.5358990485597951
                ],
                "Si": [
                    [
                        1.0798502028367607,
                        -0.7853962709861946,
                        -0.5804872586258377,
                        0.7962049723626232,
                        4.837181851819557e-08,
                        -1.4967440315140392
                    ],
                    [
                        -0.7853962709861946,
                        1.5873630062814772,
                        -0.18637590076160904,
                        0.551625518834943,
                        1.0061479349037896e-08,
                        2.6600617323783182
                    ],
                    [
                        -0.5804872586258377,
                        -0.18637590076160906,
                        1.5088601604579082,
                        -1.7233280193031413,
                        -6.562974851192906e-08,
                        -0.0942613197425626
                    ],
                    [
                        0.7962049723626232,
                        0.551625518834943,
                        -1.7233280193031415,
                        3.228329171106594,
                        -8.361238253481094e-08,
                        1.4307948324741648
                    ],
                    [
                        4.837181851819558e-08,
                        1.0061479349037896e-08,
                        -6.562974851192906e-08,
                        -8.361238253481094e-08,
                        1.0001336861573226e-06,
                        -1.08750573260401e-07
                    ],
                    [
                        -1.4967440315140392,
                        2.6600617323783187,
                        -0.09426131974256258,
                        1.4307948324741648,
                        -1.08750573260401e-07,
                        6.340434500373247
                    ]
                ]
            },
            "est_tgt": [
                4,
                5
            ]
        },
        "5": {
            "intv_type": "do",
            "inode": 5,
            "new_mui": 1.0,
            "new_sigmai": 0.0,
            "true_params": {
                "Si": [
                    [
                        1.0,
                        -0.7206013559327571,
                        -0.4634157119064156,
                        0.7622023106032287,
                        -0.9054693613057633,
                        0.0
                    ],
                    [
                        -0.7206013559327571,
                        1.519266314172128,
                        -0.2551398929315296,
                        0.5665510586881849,
                        -1.4652055387153062,
                        0.0
                    ],
                    [
                        -0.4634157119064156,
                        -0.2551398929315296,
                        1.5617668746253206,
                        -1.8783685721137957,
                        3.117823562865721,
                        0.0
                    ],
                    [
                        0.7622023106032287,
                        0.5665510586881849,
                        -1.8783685721137957,
                        3.579135195938961,
                        -5.08996338475112,
                        0.0
                    ],
                    [
                        -0.9054693613057633,
                        -1.4652055387153062,
                        3.117823562865721,
                        -5.08996338475112,
                        9.014184496954684,
                        0.0
                    ],
                    [
                        0.0,
                        0.0,
                        0.0,
                        0.0,
                        0.0,
                        0.0
                    ]
                ],
                "mui": [
                    0.0,
                    0.0,
                    0.0,
                    0.0,
                    0.0,
                    1.0
                ],
                "Ai": [
                    [
                        0.0,
                        0.0,
                        0.0,
                        0.0,
                        0.0,
                        0.0
                    ],
                    [
                        -0.7206013559327571,
                        0.0,
                        0.0,
                        0.0,
                        0.0,
                        0.0
                    ],
                    [
                        -0.8879060333565115,
                        -0.5890778832918366,
                        0.0,
                        0.0,
                        0.0,
                        0.0
                    ],
                    [
                        0.7956659892495621,
                        0.604556859467529,
                        -0.8678618434621301,
                        0.0,
                        0.0,
                        0.0
                    ],
                    [
                        -0.5244384577645165,
                        -0.7928261618495065,
                        0.775646208933709,
                        -0.7778720458341339,
                        0.0,
                        0.0
                    ],
                    [
                        0.0,
                        0.0,
                        0.0,
                        0.0,
                        0.0,
                        0.0
                    ]
                ]
            },
            "est_params": {
                "mui": [
                    0.043786797997291384,
                    -0.12617914514193107,
                    0.06161613527597281,
                    -0.04781422457370163,
                    0.10770558841796753,
                    1.0000000000008487
                ],
                "Si": [
                    [
                        0.8907091726066773,
                        -0.5814722541792061,
                        -0.42918413033757724,
                        0.6999485396615334,
                        -0.8350837725260591,
                        -2.7214991095920153e-13
                    ],
                    [
                        -0.5814722541792061,
                        1.3336865637878936,
                        -0.28756496763627537,
                        0.6429492570546168,
                        -1.535938450411714,
                        4.793154670549583e-13
                    ],
                    [
                        -0.42918413033757735,
                        -0.28756496763627537,
                        1.6395563839428946,
                        -1.9939638909222257,
                        3.1928843675243974,
                        7.012376576811163e-14
                    ],
                    [
                        0.6999485396615334,
                        0.6429492570546168,
                        -1.9939638909222257,
                        3.626189943635137,
                        -5.054843170760767,
                        2.7108412570746137e-13
                    ],
                    [
                        -0.8350837725260591,
                        -1.535938450411714,
                        3.1928843675243974,
                        -5.0548431707607655,
                        8.951295627890598,
                        7.573822880101006e-13
                    ],
                    [
                        -2.7214991095920153e-13,
                        4.793154670549583e-13,
                        7.012376576811163e-14,
                        2.7108412570746137e-13,
                        7.573822880101006e-13,
                        1.000000004822104e-06
                    ]
                ]
            },
            "est_tgt": [
                4,
                5
            ]
        },
        "obs": {
            "intv_type": "obs",
            "true_params": {
                "Si": [
                    [
                        1.0,
                        -0.7206013559327571,
                        -0.4634157119064156,
                        0.7622023106032287,
                        -0.9054693613057633,
                        -0.8299875143047672
                    ],
                    [
                        -0.7206013559327571,
                        1.519266314172128,
                        -0.2551398929315296,
                        0.5665510586881849,
                        -1.4652055387153062,
                        3.2899168463198216
                    ],
                    [
                        -0.4634157119064156,
                        -0.2551398929315296,
                        1.5617668746253206,
                        -1.8783685721137957,
                        3.117823562865721,
                        -2.08700475604914
                    ],
                    [
                        0.7622023106032287,
                        0.5665510586881849,
                        -1.8783685721137957,
                        3.579135195938961,
                        -5.08996338475112,
                        4.405514298058826
                    ],
                    [
                        -0.9054693613057633,
                        -1.4652055387153062,
                        3.117823562865721,
                        -5.08996338475112,
                        9.014184496954684,
                        -7.738069131029037
                    ],
                    [
                        -0.8299875143047672,
                        3.2899168463198216,
                        -2.08700475604914,
                        4.405514298058826,
                        -7.738069131029037,
                        11.591462160219084
                    ]
                ],
                "mui": [
                    0.0,
                    0.0,
                    0.0,
                    0.0,
                    0.0,
                    0.0
                ],
                "Ai": [
                    [
                        0.0,
                        0.0,
                        0.0,
                        0.0,
                        0.0,
                        0.0
                    ],
                    [
                        -0.7206013559327571,
                        0.0,
                        0.0,
                        0.0,
                        0.0,
                        0.0
                    ],
                    [
                        -0.8879060333565115,
                        -0.5890778832918366,
                        0.0,
                        0.0,
                        0.0,
                        0.0
                    ],
                    [
                        0.7956659892495621,
                        0.604556859467529,
                        -0.8678618434621301,
                        0.0,
                        0.0,
                        0.0
                    ],
                    [
                        -0.5244384577645165,
                        -0.7928261618495065,
