{
    "expt_args": {
        "save_dir": "expt_logs_30.04.24-spallunk",
        "exp_name": "46",
        "num_nodes": 6,
        "obs_noise_mean": 0.0,
        "obs_noise_var": 1.0,
        "max_edge_strength": 1.0,
        "graph_sparsity_method": "adj_dense_prop",
        "adj_dense_prop": 0.92,
        "num_parents": null,
        "new_noise_mean": 1.0,
        "mix_samples": 65536,
        "stage2_samples": 65536,
        "gmm_tol": 0.001,
        "intv_type": "do",
        "new_noise_sigma": 0.0,
        "intv_targets": [
            0,
            1,
            2,
            3,
            4,
            5
        ]
    },
    "intv_args_dict": {
        "0": {
            "intv_type": "do",
            "inode": 0,
            "new_mui": 1.0,
            "new_sigmai": 0.0,
            "true_params": {
                "Si": [
                    [
                        0.0,
                        0.0,
                        0.0,
                        0.0,
                        0.0,
                        0.0
                    ],
                    [
                        0.0,
                        1.0,
                        0.8533012037771628,
                        -0.028381402133154432,
                        -1.4508042909058245,
                        1.3593593166827034
                    ],
                    [
                        0.0,
                        0.8533012037771628,
                        1.7281229443675552,
                        0.5872228793583957,
                        -2.4793185808696188,
                        2.436449753170704
                    ],
                    [
                        0.0,
                        -0.028381402133154432,
                        0.5872228793583957,
                        1.3746653118233125,
                        -1.4948898831959365,
                        1.727306867589409
                    ],
                    [
                        0.0,
                        -1.4508042909058245,
                        -2.4793185808696188,
                        -1.4948898831959365,
                        5.249588599256668,
                        -4.322445568129789
                    ],
                    [
                        0.0,
                        1.3593593166827034,
                        2.436449753170704,
                        1.727306867589409,
                        -4.322445568129789,
                        5.448299345093478
                    ]
                ],
                "mui": [
                    1.0,
                    0.746546617781465,
                    1.1778269536001575,
                    -0.488447071306068,
                    -0.4660612584163599,
                    1.7065366866075968
                ],
                "Ai": [
                    [
                        0.0,
                        0.0,
                        0.0,
                        0.0,
                        0.0,
                        0.0
                    ],
                    [
                        0.746546617781465,
                        0.0,
                        0.0,
                        0.0,
                        0.0,
                        0.0
                    ],
                    [
                        0.5407978259714639,
                        0.8533012037771628,
                        0.0,
                        0.0,
                        0.0,
                        0.0
                    ],
                    [
                        -0.7979248673974579,
                        -0.5501245420616371,
                        0.6114407639635001,
                        0.0,
                        0.0,
                        0.0
                    ],
                    [
                        0.6683160530606365,
                        -0.8190404947000771,
                        -0.7662215239025097,
                        -0.7770564821557406,
                        0.0,
                        0.0
                    ],
                    [
                        0.7876379580005239,
                        0.8121957385261309,
                        0.6740058678443406,
                        0.9853790907393244,
                        0.0,
                        0.0
                    ]
                ]
            },
            "est_params": {
                "mui": [
                    1.0000000921106393,
                    0.7139774253442088,
                    1.144485775348616,
                    -0.4768204688982909,
                    -0.4261892268171971,
                    1.677473020495109
                ],
                "Si": [
                    [
                        1.0113849327368866e-06,
                        1.3147385752232069e-06,
                        3.309716037735166e-07,
                        -8.956839507029169e-07,
                        1.6605856414433245e-07,
                        2.1371509443480142e-07
                    ],
                    [
                        1.3147385752232069e-06,
                        1.0061227596964026,
                        0.8513420621347433,
                        -0.038488554280423595,
                        -1.448122862360742,
                        1.3463663467270397
                    ],
                    [
                        3.309716037735166e-07,
                        0.8513420621347433,
                        1.720780322165559,
                        0.6126969356145685,
                        -2.4800690502196034,
                        2.473084855283376
                    ],
                    [
                        -8.956839507029169e-07,
                        -0.038488554280423595,
                        0.6126969356145685,
                        1.4252127641531032,
                        -1.544036363999384,
                        1.7998246248891046
                    ],
                    [
                        1.6605856414433277e-07,
                        -1.448122862360742,
                        -2.4800690502196034,
                        -1.5440363639993837,
                        5.322427118462981,
                        -4.4111839018414685
                    ],
                    [
                        2.1371509443480142e-07,
                        1.3463663467270397,
                        2.473084855283376,
                        1.7998246248891046,
                        -4.4111839018414685,
                        5.5694312800968016
                    ]
                ]
            },
            "est_tgt": [
                0
            ]
        },
        "1": {
            "intv_type": "do",
            "inode": 1,
            "new_mui": 1.0,
            "new_sigmai": 0.0,
            "true_params": {
                "Si": [
                    [
                        1.0,
                        0.0,
                        0.5407978259714639,
                        -0.4672590315356661,
                        0.6170317780222202,
                        0.6917115863884012
                    ],
                    [
                        0.0,
                        0.0,
                        0.0,
                        0.0,
                        0.0,
                        0.0
                    ],
                    [
                        0.5407978259714639,
                        0.0,
                        1.2924622885754617,
                        0.3587480955434802,
                        -0.9076560888848821,
                        1.650582933997772
                    ],
                    [
                        -0.4672590315356661,
                        0.0,
                        0.3587480955434802,
                        1.5921908103879172,
                        -1.8243794142180334,
                        1.4426789050417872
                    ],
                    [
                        0.6170317780222202,
                        0.0,
                        -0.9076560888848821,
                        -1.8243794142180334,
                        3.525483723835179,
                        -1.9234732085759076
                    ],
                    [
                        0.6917115863884012,
                        0.0,
                        1.650582933997772,
                        1.4426789050417872,
                        -1.9234732085759076,
                        4.07890651198537
                    ]
                ],
                "mui": [
                    0.0,
                    1.0,
                    0.8533012037771628,
                    -0.028381402133154432,
                    -1.4508042909058245,
                    1.3593593166827034
                ],
                "Ai": [
                    [
                        0.0,
                        0.0,
                        0.0,
                        0.0,
                        0.0,
                        0.0
                    ],
                    [
                        0.0,
                        0.0,
                        0.0,
                        0.0,
                        0.0,
                        0.0
                    ],
                    [
                        0.5407978259714639,
                        0.8533012037771628,
                        0.0,
                        0.0,
                        0.0,
                        0.0
                    ],
                    [
                        -0.7979248673974579,
                        -0.5501245420616371,
                        0.6114407639635001,
                        0.0,
                        0.0,
                        0.0
                    ],
                    [
                        0.6683160530606365,
                        -0.8190404947000771,
                        -0.7662215239025097,
                        -0.7770564821557406,
                        0.0,
                        0.0
                    ],
                    [
                        0.7876379580005239,
                        0.8121957385261309,
                        0.6740058678443406,
                        0.9853790907393244,
                        0.0,
                        0.0
                    ]
                ]
            },
            "est_params": {
                "mui": [
                    0.007845404990271376,
                    0.9999991546182053,
                    0.8423415667273738,
                    -0.03642985708175451,
                    -1.4367035360854774,
                    1.3572380412216893
                ],
                "Si": [
                    [
                        0.997955805951763,
                        -8.114057568291475e-07,
                        0.5431235156377028,
                        -0.47571399596285585,
                        0.6130229299464014,
                        0.6781067491466214
                    ],
                    [
                        -8.114057568291473e-07,
                        1.0079541538816024e-06,
                        -5.07645344749326e-07,
                        4.92908109274589e-07,
                        -9.078494238128321e-07,
                        -1.8436008372613133e-07
                    ],
                    [
                        0.5431235156377028,
                        -5.07645344749326e-07,
                        1.29839627291271,
                        0.3583596954694856,
                        -0.8919140761364537,
                        1.6329923964259216
                    ],
                    [
                        -0.47571399596285574,
                        4.929081092745888e-07,
                        0.35835969546948565,
                        1.6096841628167697,
                        -1.82454767528682,
                        1.4322408212552984
                    ],
                    [
                        0.6130229299464014,
                        -9.078494238128321e-07,
                        -0.8919140761364537,
                        -1.8245476752868204,
                        3.506923102214974,
                        -1.8781351659809178
                    ],
                    [
                        0.6781067491466214,
                        -1.8436008372613096e-07,
                        1.6329923964259216,
                        1.4322408212552984,
                        -1.8781351659809178,
                        4.012857181680753
                    ]
                ]
            },
            "est_tgt": [
                1
            ]
        },
        "2": {
            "intv_type": "do",
            "inode": 2,
            "new_mui": 1.0,
            "new_sigmai": 0.0,
            "true_params": {
                "Si": [
                    [
                        1.0,
                        0.746546617781465,
                        0.0,
                        -1.2086184836321503,
                        0.9960289690758403,
                        0.20303255712153673
                    ],
                    [
                        0.746546617781465,
                        1.557331852520945,
                        0.0,
                        -1.4524145832053819,
                        0.3520194047778043,
                        0.4216877862946531
                    ],
                    [
                        0.0,
                        0.0,
                        0.0,
                        0.0,
                        0.0,
                        0.0
                    ],
                    [
                        -1.2086184836321503,
                        -1.4524145832053819,
                        0.0,
                        2.7633956507558044,
                        -1.765467279079807,
                        0.591393564192424
                    ],
                    [
                        0.9960289690758403,
                        0.3520194047778043,
                        0.0,
                        -1.765467279079807,
                        2.749211795156403,
                        -0.6692356584383895
                    ],
                    [
                        0.20303255712153673,
                        0.4216877862946531,
                        0.0,
                        0.591393564192424,
                        -0.6692356584383895,
                        2.085156024268886
                    ]
                ],
                "mui": [
                    0.0,
                    0.0,
                    1.0,
                    0.6114407639635001,
                    -1.2413455329946057,
                    1.276506811879652
                ],
                "Ai": [
                    [
                        0.0,
                        0.0,
                        0.0,
                        0.0,
                        0.0,
                        0.0
                    ],
                    [
                        0.746546617781465,
                        0.0,
                        0.0,
                        0.0,
                        0.0,
                        0.0
                    ],
                    [
                        0.0,
                        0.0,
                        0.0,
                        0.0,
                        0.0,
                        0.0
                    ],
                    [
                        -0.7979248673974579,
                        -0.5501245420616371,
                        0.6114407639635001,
                        0.0,
                        0.0,
                        0.0
                    ],
                    [
                        0.6683160530606365,
                        -0.8190404947000771,
                        -0.7662215239025097,
                        -0.7770564821557406,
                        0.0,
                        0.0
                    ],
                    [
                        0.7876379580005239,
                        0.8121957385261309,
                        0.6740058678443406,
                        0.9853790907393244,
                        0.0,
                        0.0
                    ]
                ]
            },
            "est_params": {
                "mui": [
                    -0.0024945059424600294,
                    0.004701213184357139,
                    0.999999984242179,
                    0.6269324482591215,
                    -1.2560974806956655,
                    1.2874292882879323
                ],
                "Si": [
                    [
                        1.0105265552920693,
                        0.750631397736733,
                        -2.9466442260774e-07,
                        -1.215425484526935,
                        0.9974904701151485,
                        0.232879769556002
                    ],
                    [
                        0.750631397736733,
                        1.5647639666752817,
                        -3.417331304140613e-07,
                        -1.4475660709827016,
                        0.3541587408365443,
                        0.4408056387211262
                    ],
                    [
                        -2.9466442260774e-07,
                        -3.4173313041406126e-07,
                        1.0115638341685518e-06,
                        1.076726904631847e-06,
                        -3.2072783193535086e-07,
                        1.9083485064506067e-06
                    ],
                    [
                        -1.215425484526935,
                        -1.4475660709827016,
                        1.0767269046318472e-06,
                        2.7592466645363416,
                        -1.7625518581427215,
                        0.5555292172299358
                    ],
                    [
                        0.9974904701151485,
                        0.3541587408365443,
                        -3.2072783193535064e-07,
                        -1.7625518581427215,
                        2.7265602800390876,
                        -0.6330160000935479
                    ],
                    [
                        0.232879769556002,
                        0.4408056387211262,
                        1.9083485064506067e-06,
                        0.5555292172299356,
                        -0.6330160000935479,
                        2.0796732651205962
                    ]
                ]
            },
            "est_tgt": [
                2
            ]
        },
        "3": {
            "intv_type": "do",
            "inode": 3,
            "new_mui": 1.0,
            "new_sigmai": 0.0,
            "true_params": {
                "Si": [
                    [
                        1.0,
                        0.746546617781465,
                        1.1778269536001575,
                        0.0,
                        -0.8456122213647274,
                        2.187842217605456
                    ],
                    [
                        0.746546617781465,
                        1.557331852520945,
                        1.7326039323192068,
                        0.0,
                        -2.1041471872205695,
                        3.020651964703432
                    ],
                    [
                        1.1778269536001575,
                        1.7326039323192068,
                        3.115399276994583,
                        0.0,
                        -3.0189981026110977,
                        4.434712140367248
                    ],
                    [
                        0.0,
                        0.0,
                        0.0,
                        0.0,
                        0.0,
                        0.0
                    ],
                    [
                        -0.8456122213647274,
                        -2.1041471872205695,
                        -3.0189981026110977,
                        0.0,
                        4.47146685778206,
                        -4.409838098159103
                    ],
                    [
                        2.187842217605456,
                        3.020651964703432,
                        4.434712140367248,
                        0.0,
                        -4.409838098159103,
                        8.16561023481287
                    ]
                ],
                "mui": [
                    0.0,
                    0.0,
                    0.0,
                    1.0,
                    -0.7770564821557406,
                    0.9853790907393244
                ],
                "Ai": [
                    [
                        0.0,
                        0.0,
                        0.0,
                        0.0,
                        0.0,
                        0.0
                    ],
                    [
                        0.746546617781465,
                        0.0,
                        0.0,
                        0.0,
                        0.0,
                        0.0
                    ],
                    [
                        0.5407978259714639,
                        0.8533012037771628,
                        0.0,
                        0.0,
                        0.0,
                        0.0
                    ],
                    [
                        0.0,
                        0.0,
                        0.0,
                        0.0,
                        0.0,
                        0.0
                    ],
                    [
                        0.6683160530606365,
                        -0.8190404947000771,
                        -0.7662215239025097,
                        -0.7770564821557406,
                        0.0,
                        0.0
                    ],
                    [
                        0.7876379580005239,
                        0.8121957385261309,
                        0.6740058678443406,
                        0.9853790907393244,
                        0.0,
                        0.0
                    ]
                ]
            },
            "est_params": {
                "mui": [
                    0.00728890599549504,
                    -0.011225274576708268,
                    -0.014323711114174301,
                    1.0000013965071899,
                    -0.7431864469372654,
                    0.956391580850461
                ],
                "Si": [
                    [
                        1.006876941488007,
                        0.7548248655152918,
                        1.1745253860637808,
                        -3.22248376112328e-07,
                        -0.8567065971334321,
                        2.1954636894821284
                    ],
                    [
                        0.7548248655152918,
                        1.565656691641424,
                        1.72877987259555,
                        2.641526672884499e-07,
                        -2.1123101956997647,
                        3.044598856629019
                    ],
                    [
                        1.1745253860637808,
                        1.72877987259555,
                        3.0917132194479646,
                        1.0293382265033902e-06,
                        -3.015961008959047,
                        4.417785146575369
                    ],
                    [
                        -3.22248376112328e-07,
                        2.6415266728844985e-07,
                        1.0293382265033902e-06,
                        1.0123957591016516e-06,
                        -9.84876352642305e-07,
                        5.07338580509887e-07
                    ],
                    [
                        -0.8567065971334321,
                        -2.1123101956997647,
                        -3.015961008959047,
                        -9.848763526423052e-07,
                        4.47814169413893,
                        -4.432242684085835
                    ],
                    [
                        2.195463689482128,
                        3.0445988566290185,
                        4.417785146575368,
                        5.073385805098865e-07,
                        -4.432242684085835,
                        8.186903799585915
                    ]
                ]
            },
            "est_tgt": [
                3,
                5
            ]
        },
        "4": {
            "intv_type": "do",
            "inode": 4,
            "new_mui": 1.0,
            "new_sigmai": 0.0,
            "true_params": {
                "Si": [
                    [
                        1.0,
                        0.746546617781465,
                        1.1778269536001575,
                        -0.488447071306068,
                        0.0,
                        1.7065366866075968
                    ],
                    [
                        0.746546617781465,
                        1.557331852520945,
                        1.7326039323192068,
                        -0.39302991118196157,
                        0.0,
                        2.6333685081895926
                    ],
                    [
                        1.1778269536001575,
                        1.7326039323192068,
                        3.115399276994583,
                        0.01191675336705067,
                        0.0,
                        4.446454659964637
                    ],
                    [
                        -0.488447071306068,
                        -0.39302991118196157,
                        0.01191675336705067,
                        1.6132458532907876,
                        0.0,
                        0.8937540209395671
                    ],
                    [
                        0.0,
                        0.0,
                        0.0,
                        0.0,
                        0.0,
                        0.0
                    ],
                    [
                        1.7065366866075968,
                        2.6333685081895926,
                        4.446454659964637,
                        0.8937540209395671,
                        0.0,
                        8.360566807831113
                    ]
                ],
                "mui": [
                    0.0,
                    0.0,
                    0.0,
                    0.0,
                    1.0,
                    0.0
                ],
                "Ai": [
                    [
                        0.0,
                        0.0,
                        0.0,
                        0.0,
                        0.0,
                        0.0
                    ],
                    [
                        0.746546617781465,
                        0.0,
                        0.0,
                        0.0,
                        0.0,
                        0.0
                    ],
                    [
                        0.5407978259714639,
                        0.8533012037771628,
                        0.0,
                        0.0,
                        0.0,
                        0.0
                    ],
                    [
                        -0.7979248673974579,
                        -0.5501245420616371,
                        0.6114407639635001,
                        0.0,
                        0.0,
                        0.0
                    ],
                    [
                        0.0,
                        0.0,
                        0.0,
                        0.0,
                        0.0,
                        0.0
                    ],
                    [
                        0.7876379580005239,
                        0.8121957385261309,
                        0.6740058678443406,
                        0.9853790907393244,
                        0.0,
                        0.0
                    ]
                ]
            },
            "est_params": {
                "mui": [
                    0.00025849328408245504,
                    0.012992403639203523,
                    0.009563295266231469,
                    0.0027445369880217813,
                    1.0000001926440136,
                    0.009415682271063519
                ],
                "Si": [
                    [
                        0.9918444832704927,
                        0.7431971340271736,
                        1.1750076251414585,
                        -0.4789613418693504,
                        -9.47682636629423e-07,
                        1.7063807291118014
                    ],
                    [
                        0.7431971340271736,
                        1.5613582618128645,
                        1.732879466997551,
                        -0.3892990017710984,
                        -8.982317632097403e-07,
                        2.632071383268028
                    ],
                    [
                        1.1750076251414585,
                        1.732879466997551,
                        3.115054813329357,
                        -0.013945890213620134,
                        -2.0428756112984494e-07,
                        4.4056769205661075
                    ],
                    [
                        -0.4789613418693504,
                        -0.3892990017710984,
                        -0.013945890213620134,
                        1.5691157674602783,
                        6.570981626015883e-07,
                        0.8265707874464868
                    ],
                    [
                        -9.47682636629423e-07,
                        -8.982317632097403e-07,
                        -2.042875611298449e-07,
                        6.570981626015881e-07,
                        1.0039809604098932e-06,
                        -4.475028622856424e-07
                    ],
                    [
                        1.7063807291118012,
                        2.632071383268028,
                        4.4056769205661075,
                        0.8265707874464867,
                        -4.475028622856424e-07,
                        8.22779265243491
                    ]
                ]
            },
            "est_tgt": [
                4
            ]
        },
        "5": {
            "intv_type": "do",
            "inode": 5,
            "new_mui": 1.0,
            "new_sigmai": 0.0,
            "true_params": {
                "Si": [
                    [
                        1.0,
                        0.746546617781465,
                        1.1778269536001575,
                        -0.488447071306068,
                        -0.4660612584163599,
                        0.0
                    ],
                    [
                        0.746546617781465,
                        1.557331852520945,
                        1.7326039323192068,
                        -0.39302991118196157,
                        -1.7987407470555314,
                        0.0
                    ],
                    [
                        1.1778269536001575,
                        1.7326039323192068,
                        3.115399276994583,
                        0.01191675336705067,
                        -3.0282580930612157,
                        0.0
                    ],
                    [
                        -0.488447071306068,
                        -0.39302991118196157,
                        0.01191675336705067,
                        1.6132458532907876,
                        -1.267243626473245,
                        0.0
                    ],
                    [
                        -0.4660612584163599,
                        -1.7987407470555314,
                        -3.0282580930612157,
                        -1.267243626473245,
                        5.466801695853309,
                        0.0
                    ],
                    [
                        0.0,
                        0.0,
                        0.0,
                        0.0,
                        0.0,
                        0.0
                    ]
                ],
                "mui": [
                    0.0,
                    0.0,
                    0.0,
                    0.0,
                    0.0,
                    1.0
                ],
                "Ai": [
                    [
                        0.0,
                        0.0,
                        0.0,
                        0.0,
                        0.0,
                        0.0
                    ],
                    [
                        0.746546617781465,
                        0.0,
                        0.0,
                        0.0,
                        0.0,
                        0.0
                    ],
                    [
                        0.5407978259714639,
                        0.8533012037771628,
                        0.0,
                        0.0,
                        0.0,
                        0.0
                    ],
                    [
                        -0.7979248673974579,
                        -0.5501245420616371,
                        0.6114407639635001,
                        0.0,
                        0.0,
                        0.0
                    ],
                    [
                        0.6683160530606365,
                        -0.8190404947000771,
                        -0.7662215239025097,
                        -0.7770564821557406,
                        0.0,
                        0.0
                    ],
                    [
                        0.0,
                        0.0,
                        0.0,
                        0.0,
                        0.0,
                        0.0
                    ]
                ]
            },
            "est_params": {
                "mui": [
                    -0.010907069358012873,
                    -0.0032896101070197447,
                    -0.014114018933865899,
                    0.00964832989991609,
                    0.0019333903040544124,
                    0.9999998844709312
                ],
                "Si": [
                    [
                        1.0153392173849365,
                        0.7585714003464211,
                        1.2084302801806848,
                        -0.4904228142585132,
                        -0.481378020533303,
                        5.633819133592335e-07
                    ],
                    [
                        0.7585714003464211,
                        1.5379002881374144,
                        1.7273709347510593,
                        -0.38636071133873817,
                        -1.772312824175633,
                        3.8343242610642863e-07
                    ],
                    [
                        1.2084302801806848,
                        1.7273709347510593,
                        3.121176649348832,
                        -0.01003229636883849,
                        -2.9836585919493066,
                        2.978884016278355e-07
                    ],
                    [
                        -0.4904228142585131,
                        -0.3863607113387381,
                        -0.010032296368838494,
                        1.6062134836864836,
                        -1.2505538982048132,
                        1.683927267025954e-07
                    ],
                    [
                        -0.481378020533303,
                        -1.772312824175633,
                        -2.983658591949306,
                        -1.2505538982048132,
                        5.387927420779624,
                        6.469211651200153e-07
                    ],
                    [
                        5.633819133592335e-07,
                        3.8343242610642847e-07,
                        2.978884016278356e-07,
                        1.683927267025954e-07,
                        6.469211651200148e-07,
                        1.0069974621929145e-06
                    ]
                ]
            },
            "est_tgt": [
                3,
                5
            ]
        },
        "obs": {
            "intv_type": "obs",
            "true_params": {
                "Si": [
                    [
                        1.0,
                        0.746546617781465,
                        1.1778269536001575,
                        -0.488447071306068,
                        -0.4660612584163599,
                        1.7065366866075968
                    ],
                    [
                        0.746546617781465,
                        1.557331852520945,
                        1.7326039323192068,
                        -0.39302991118196157,
                        -1.7987407470555314,
                        2.6333685081895926
                    ],
                    [
                        1.1778269536001575,
                        1.7326039323192068,
                        3.115399276994583,
                        0.01191675336705067,
                        -3.0282580930612157,
                        4.446454659964637
                    ],
                    [
                        -0.488447071306068,
                        -0.39302991118196157,
                        0.01191675336705067,
                        1.6132458532907876,
                        -1.267243626473245,
                        0.8937540209395671
                    ],
                    [
                        -0.4660612584163599,
                        -1.7987407470555314,
                        -3.0282580930612157,
                        -1.267243626473245,
                        5.466801695853309,
                        -5.1177962038238105
                    ],
                    [
                        1.7065366866075968,
                        2.6333685081895926,
                        4.446454659964637,
                        0.8937540209395671,
                        -5.1177962038238105,
                        8.360566807831113
                    ]
                ],
                "mui": [
                    0.0,
                    0.0,
                    0.0,
                    0.0,
                    0.0,
                    0.0
                ],
                "Ai": [
                    [
                        0.0,
                        0.0,
                        0.0,
                        0.0,
                        0.0,
                        0.0
                    ],
                    [
                        0.746546617781465,
                        0.0,
                        0.0,
                        0.0,
                        0.0,
                        0.0
                    ],
                    [
                        0.5407978259714639,
                        0.8533012037771628,
                        0.0,
                        0.0,
                        0.0,
                        0.0
                    ],
                    [
                        -0.7979248673974579,
                        -0.5501245420616371,
                        0.6114407639635001,
                        0.0,
                        0.0,
                        0.0
                    ],
                    [
                        0.6683160530606365,
                        -0.8190404947000771,
                        -0.7662215239025097,
                        -0.7770564821557406,
                        0.0,
                        0.0
                    ],
                    [
