{
    "expt_args": {
        "save_dir": "expt_logs_30.04.24-spallunk",
        "exp_name": "253",
        "num_nodes": 6,
        "obs_noise_mean": 0.0,
        "obs_noise_var": 1.0,
        "max_edge_strength": 1.0,
        "graph_sparsity_method": "adj_dense_prop",
        "adj_dense_prop": 1.0,
        "num_parents": null,
        "new_noise_mean": 1.0,
        "mix_samples": 32768,
        "stage2_samples": 32768,
        "gmm_tol": 0.001,
        "intv_type": "do",
        "new_noise_sigma": 0.0,
        "intv_targets": [
            0,
            1,
            2,
            3,
            4,
            5
        ]
    },
    "intv_args_dict": {
        "0": {
            "intv_type": "do",
            "inode": 0,
            "new_mui": 1.0,
            "new_sigmai": 0.0,
            "true_params": {
                "Si": [
                    [
                        0.0,
                        0.0,
                        0.0,
                        0.0,
                        0.0,
                        0.0
                    ],
                    [
                        0.0,
                        1.0,
                        0.9053924520076466,
                        0.10903233259830325,
                        0.05482989916715074,
                        -0.052512989110223285
                    ],
                    [
                        0.0,
                        0.9053924520076466,
                        1.8197354921524187,
                        -0.6766021790584085,
                        0.3875594589341295,
                        -0.7120464462141437
                    ],
                    [
                        0.0,
                        0.10903233259830325,
                        -0.6766021790584085,
                        1.6130079579870655,
                        0.5655365897783259,
                        -1.0287260739342112
                    ],
                    [
                        0.0,
                        0.05482989916715074,
                        0.3875594589341295,
                        0.5655365897783259,
                        1.7921415214464396,
                        -2.4644116253204413
                    ],
                    [
                        0.0,
                        -0.052512989110223285,
                        -0.7120464462141437,
                        -1.0287260739342112,
                        -2.4644116253204413,
                        4.757645451542939
                    ]
                ],
                "mui": [
                    1.0,
                    0.8199740146693131,
                    1.7060930723751861,
                    -1.3401521228487785,
                    0.7883198126965596,
                    -1.3921168123425316
                ],
                "Ai": [
                    [
                        0.0,
                        0.0,
                        0.0,
                        0.0,
                        0.0,
                        0.0
                    ],
                    [
                        0.8199740146693131,
                        0.0,
                        0.0,
                        0.0,
                        0.0,
                        0.0
                    ],
                    [
                        0.9636947886511827,
                        0.9053924520076466,
                        0.0,
                        0.0,
                        0.0,
                        0.0
                    ],
                    [
                        -0.6823847008290642,
                        0.8110005113527088,
                        -0.7753192300176995,
                        0.0,
                        0.0,
                        0.0
                    ],
                    [
                        0.9783263712511743,
                        -0.9173964371856951,
                        0.9748818025567385,
                        0.8215518148032347,
                        0.0,
                        0.0
                    ],
                    [
                        -0.8061462783346127,
                        0.9037257191866467,
                        -0.9082715706388299,
                        -0.738606328446411,
                        -0.9732739584707092,
                        0.0
                    ]
                ]
            },
            "est_params": {
                "mui": [
                    0.9999993945986962,
                    0.8291454974639744,
                    1.7048071006985,
                    -1.3091730636608854,
                    0.8118198551317598,
                    -1.4311374029537038
                ],
                "Si": [
                    [
                        1.0079463671063453e-06,
                        -3.0807301799165283e-07,
                        4.905303713133711e-07,
                        -1.3292279659603738e-06,
                        -1.6443781869524192e-06,
                        8.431084624110397e-07
                    ],
                    [
                        -3.0807301799165283e-07,
                        0.9618615611132749,
                        0.8513831875932952,
                        0.11478049403778832,
                        0.05088211183141233,
                        -0.06321232702260013
                    ],
                    [
                        4.905303713133711e-07,
                        0.8513831875932952,
                        1.7716965762011263,
                        -0.6868643442186517,
                        0.36241320985303893,
                        -0.7105947175941169
                    ],
                    [
                        -1.3292279659603736e-06,
                        0.11478049403778832,
                        -0.6868643442186517,
                        1.6567200121242522,
                        0.6220385126453927,
                        -1.1093547874043321
                    ],
                    [
                        -1.6443781869524192e-06,
                        0.050882111831412336,
                        0.36241320985303893,
                        0.6220385126453927,
                        1.8155491985167633,
                        -2.529828947943445
                    ],
                    [
                        8.431084624110395e-07,
                        -0.06321232702260016,
                        -0.7105947175941167,
                        -1.109354787404332,
                        -2.529828947943445,
                        4.899491139360926
                    ]
                ]
            },
            "est_tgt": [
                0
            ]
        },
        "1": {
            "intv_type": "do",
            "inode": 1,
            "new_mui": 1.0,
            "new_sigmai": 0.0,
            "true_params": {
                "Si": [
                    [
                        1.0,
                        0.0,
                        0.9636947886511827,
                        -1.429555802338169,
                        0.7433607201525576,
                        -1.349057525839536
                    ],
                    [
                        0.0,
                        0.0,
                        0.0,
                        0.0,
                        0.0,
                        0.0
                    ],
                    [
                        0.9636947886511827,
                        0.0,
                        1.9287076456734478,
                        -2.1529747068170533,
                        1.054289734182861,
                        -1.964581289483607
                    ],
                    [
                        -1.429555802338169,
                        0.0,
                        -2.1529747068170533,
                        3.644749700433964,
                        -0.5031172727483669,
                        0.9055525535120688
                    ],
                    [
                        0.7433607201525576,
                        0.0,
                        1.054289734182861,
                        -0.5031172727483669,
                        2.341720363869489,
                        -3.4643687173578672
                    ],
                    [
                        -1.349057525839536,
                        0.0,
                        -1.964581289483607,
                        0.9055525535120688,
                        -3.4643687173578672,
                        6.57484404554194
                    ]
                ],
                "mui": [
                    0.0,
                    1.0,
                    0.9053924520076466,
                    0.10903233259830325,
                    0.05482989916715074,
                    -0.052512989110223285
                ],
                "Ai": [
                    [
                        0.0,
                        0.0,
                        0.0,
                        0.0,
                        0.0,
                        0.0
                    ],
                    [
                        0.0,
                        0.0,
                        0.0,
                        0.0,
                        0.0,
                        0.0
                    ],
                    [
                        0.9636947886511827,
                        0.9053924520076466,
                        0.0,
                        0.0,
                        0.0,
                        0.0
                    ],
                    [
                        -0.6823847008290642,
                        0.8110005113527088,
                        -0.7753192300176995,
                        0.0,
                        0.0,
                        0.0
                    ],
                    [
                        0.9783263712511743,
                        -0.9173964371856951,
                        0.9748818025567385,
                        0.8215518148032347,
                        0.0,
                        0.0
                    ],
                    [
                        -0.8061462783346127,
                        0.9037257191866467,
                        -0.9082715706388299,
                        -0.738606328446411,
                        -0.9732739584707092,
                        0.0
                    ]
                ]
            },
            "est_params": {
                "mui": [
                    -0.009618751956850443,
                    1.000000218949903,
                    0.8978596735827216,
                    0.09845762158241876,
                    0.03589422122169764,
                    0.012857594425032934
                ],
                "Si": [
                    [
                        1.0246515449303266,
                        -7.875774097494015e-07,
                        0.9817421295870419,
                        -1.469870168060242,
                        0.7362511368860538,
                        -1.3438591040330823
                    ],
                    [
                        -7.875774097494013e-07,
                        1.004463940940707e-06,
                        -2.488053611533103e-07,
                        3.653870319091802e-07,
                        -1.1789310133485975e-06,
                        2.261282288734221e-06
                    ],
                    [
                        0.9817421295870418,
                        -2.488053611533103e-07,
                        1.9337693742506892,
                        -2.1717532200441494,
                        1.0655363974620893,
                        -1.9930130854341532
                    ],
                    [
                        -1.469870168060242,
                        3.6538703190918033e-07,
                        -2.171753220044149,
                        3.693303024418505,
                        -0.5184136797181588,
                        0.9404812551551072
                    ],
                    [
                        0.7362511368860538,
                        -1.1789310133485975e-06,
                        1.0655363974620893,
                        -0.5184136797181587,
                        2.3340111963478156,
                        -3.4173371791676415
                    ],
                    [
                        -1.3438591040330825,
                        2.261282288734221e-06,
                        -1.9930130854341532,
                        0.9404812551551072,
                        -3.4173371791676415,
                        6.506824929060533
                    ]
                ]
            },
            "est_tgt": [
                1,
                2
            ]
        },
        "2": {
            "intv_type": "do",
            "inode": 2,
            "new_mui": 1.0,
            "new_sigmai": 0.0,
            "true_params": {
                "Si": [
                    [
                        1.0,
                        0.8199740146693131,
                        0.0,
                        -0.017385355636317823,
                        0.21180216113467903,
                        -0.25841526629815004
                    ],
                    [
                        0.8199740146693131,
                        1.6723573847329107,
                        0.0,
                        0.7967449714951435,
                        -0.07744522689628633,
                        0.337227924439934
                    ],
                    [
                        0.0,
                        0.0,
                        0.0,
                        0.0,
                        0.0,
                        0.0
                    ],
                    [
                        -0.017385355636317823,
                        0.7967449714951435,
                        0.0,
                        1.6580240800049564,
                        0.6142131418276827,
                        -1.088370671983025
                    ],
                    [
                        0.21180216113467903,
                        -0.07744522689628633,
                        0.0,
                        0.6142131418276827,
                        1.7828675363022672,
                        -2.4296130253710766
                    ],
                    [
                        -0.25841526629815004,
                        0.337227924439934,
                        0.0,
                        -1.088370671983025,
                        -2.4296130253710766,
                        4.68163860651244
                    ]
                ],
                "mui": [
                    0.0,
                    0.0,
                    1.0,
                    -0.7753192300176995,
                    0.3379168820838509,
                    -0.6645015822413878
                ],
                "Ai": [
                    [
                        0.0,
                        0.0,
                        0.0,
                        0.0,
                        0.0,
                        0.0
                    ],
                    [
                        0.8199740146693131,
                        0.0,
                        0.0,
                        0.0,
                        0.0,
                        0.0
                    ],
                    [
                        0.0,
                        0.0,
                        0.0,
                        0.0,
                        0.0,
                        0.0
                    ],
                    [
                        -0.6823847008290642,
                        0.8110005113527088,
                        -0.7753192300176995,
                        0.0,
                        0.0,
                        0.0
                    ],
                    [
                        0.9783263712511743,
                        -0.9173964371856951,
                        0.9748818025567385,
                        0.8215518148032347,
                        0.0,
                        0.0
                    ],
                    [
                        -0.8061462783346127,
                        0.9037257191866467,
                        -0.9082715706388299,
                        -0.738606328446411,
                        -0.9732739584707092,
                        0.0
                    ]
                ]
            },
            "est_params": {
                "mui": [
                    0.005045297536234105,
                    -0.004322872822503153,
                    0.9999992285303446,
                    -0.8200030315625008,
                    0.2924456520929016,
                    -0.5891577244875231
                ],
                "Si": [
                    [
                        1.0707649525338019,
                        0.8661116902247149,
                        2.713427271643591e-07,
                        -0.007187172355737504,
                        0.25818203427327446,
                        -0.3038014446926023
                    ],
                    [
                        0.8661116902247149,
                        1.7258659689672398,
                        -5.705533083010115e-07,
                        0.839370718798499,
                        -0.03299900827526625,
                        0.30034376941723145
                    ],
                    [
                        2.713427271643592e-07,
                        -5.705533083010113e-07,
                        1.0078213700134675e-06,
                        -1.5064778483227215e-06,
                        -1.2621028635065145e-06,
                        2.4364448208198445e-06
                    ],
                    [
                        -0.007187172355737496,
                        0.839370718798499,
                        -1.5064778483227215e-06,
                        1.6969893851902578,
                        0.6074679021008446,
                        -1.084822396710048
                    ],
                    [
                        0.25818203427327446,
                        -0.03299900827526625,
                        -1.2621028635065145e-06,
                        0.6074679021008446,
                        1.7731116575101151,
                        -2.3939282556912334
                    ],
                    [
                        -0.30380144469260223,
                        0.30034376941723145,
                        2.4364448208198445e-06,
                        -1.084822396710048,
                        -2.3939282556912334,
                        4.640683168477975
                    ]
                ]
            },
            "est_tgt": [
                1,
                2
            ]
        },
        "3": {
            "intv_type": "do",
            "inode": 3,
            "new_mui": 1.0,
            "new_sigmai": 0.0,
            "true_params": {
                "Si": [
                    [
                        1.0,
                        0.8199740146693131,
                        1.7060930723751861,
                        0.0,
                        1.8893242213353811,
                        -3.4535405704491398
                    ],
                    [
                        0.8199740146693131,
                        1.6723573847329107,
                        2.304344437962631,
                        0.0,
                        1.5144509552291312,
                        -2.7166128380686825
                    ],
                    [
                        1.7060930723751861,
                        2.304344437962631,
                        4.730489063759021,
                        0.0,
                        4.166786172530325,
                        -7.644858450406012
                    ],
                    [
                        0.0,
                        0.0,
                        0.0,
                        0.0,
                        0.0,
                        0.0
                    ],
                    [
                        1.8893242213353811,
                        1.5144509552291312,
                        4.166786172530325,
                        0.0,
                        5.521147813701172,
                        -9.312586220292726
                    ],
                    [
                        -3.4535405704491398,
                        -2.7166128380686825,
                        -7.644858450406012,
                        0.0,
                        -9.312586220292726,
                        17.33629123339575
                    ]
                ],
                "mui": [
                    0.0,
                    0.0,
                    0.0,
                    1.0,
                    0.8215518148032347,
                    -1.5382013153287502
                ],
                "Ai": [
                    [
                        0.0,
                        0.0,
                        0.0,
                        0.0,
                        0.0,
                        0.0
                    ],
                    [
                        0.8199740146693131,
                        0.0,
                        0.0,
                        0.0,
                        0.0,
                        0.0
                    ],
                    [
                        0.9636947886511827,
                        0.9053924520076466,
                        0.0,
                        0.0,
                        0.0,
                        0.0
                    ],
                    [
                        0.0,
                        0.0,
                        0.0,
                        0.0,
                        0.0,
                        0.0
                    ],
                    [
                        0.9783263712511743,
                        -0.9173964371856951,
                        0.9748818025567385,
                        0.8215518148032347,
                        0.0,
                        0.0
                    ],
                    [
                        -0.8061462783346127,
                        0.9037257191866467,
                        -0.9082715706388299,
                        -0.738606328446411,
                        -0.9732739584707092,
                        0.0
                    ]
                ]
            },
            "est_params": {
                "mui": [
                    0.009652872281353532,
                    0.02128700356181445,
                    0.027929730775900875,
                    1.0000009735103148,
                    0.8005431521658248,
                    -1.5426988593307067
                ],
                "Si": [
                    [
                        1.026679498972753,
                        0.8453755937859224,
                        1.7600889647820055,
                        -7.905291904819461e-07,
                        1.9244061790012894,
                        -3.5297007668304214
                    ],
                    [
                        0.8453755937859224,
                        1.691378870454807,
                        2.325472983214604,
                        1.0667248707295345e-06,
                        1.5242017683661335,
                        -2.7483011252544736
                    ],
                    [
                        1.7600889647820055,
                        2.3254729832146044,
                        4.809239379975519,
                        -2.515111426673473e-07,
                        4.252106903156548,
                        -7.845429943044747
                    ],
                    [
                        -7.905291904819462e-07,
                        1.0667248707295345e-06,
                        -2.515111426673473e-07,
                        1.0139997174997641e-06,
                        -2.4601431720801855e-06,
                        1.3145980841564717e-06
                    ],
                    [
                        1.9244061790012894,
                        1.5242017683661335,
                        4.252106903156548,
                        -2.4601431720801847e-06,
                        5.596474251482809,
                        -9.481841013341393
                    ],
                    [
                        -3.5297007668304214,
                        -2.7483011252544727,
                        -7.845429943044747,
                        1.3145980841564712e-06,
                        -9.481841013341393,
                        17.752180320382422
                    ]
                ]
            },
            "est_tgt": [
                3
            ]
        },
        "4": {
            "intv_type": "do",
            "inode": 4,
            "new_mui": 1.0,
            "new_sigmai": 0.0,
            "true_params": {
                "Si": [
                    [
                        1.0,
                        0.8199740146693131,
                        1.7060930723751861,
                        -1.3401521228487785,
                        0.0,
                        -0.6248656676984631
                    ],
                    [
                        0.8199740146693131,
                        1.6723573847329107,
                        2.304344437962631,
                        -0.989857583841612,
                        0.0,
                        -0.5115220862769903
                    ],
                    [
                        1.7060930723751861,
                        2.304344437962631,
                        4.730489063759021,
                        -2.9630264317796087,
                        0.0,
                        -1.4009239043000001
                    ],
                    [
                        -1.3401521228487785,
                        -0.989857583841612,
                        -2.9630264317796087,
                        3.409015670363153,
                        0.0,
                        0.35911101252078015
                    ],
                    [
                        0.0,
                        0.0,
                        0.0,
                        0.0,
                        0.0,
                        0.0
                    ],
                    [
                        -0.6248656676984631,
                        -0.5115220862769903,
                        -1.4009239043000001,
                        0.35911101252078015,
                        0.0,
                        2.048635155615058
                    ]
                ],
                "mui": [
                    0.0,
                    0.0,
                    0.0,
                    0.0,
                    1.0,
                    -0.9732739584707092
                ],
                "Ai": [
                    [
                        0.0,
                        0.0,
                        0.0,
                        0.0,
                        0.0,
                        0.0
                    ],
                    [
                        0.8199740146693131,
                        0.0,
                        0.0,
                        0.0,
                        0.0,
                        0.0
                    ],
                    [
                        0.9636947886511827,
                        0.9053924520076466,
                        0.0,
                        0.0,
                        0.0,
                        0.0
                    ],
                    [
                        -0.6823847008290642,
                        0.8110005113527088,
                        -0.7753192300176995,
                        0.0,
                        0.0,
                        0.0
                    ],
                    [
                        0.0,
                        0.0,
                        0.0,
                        0.0,
                        0.0,
                        0.0
                    ],
                    [
                        -0.8061462783346127,
                        0.9037257191866467,
                        -0.9082715706388299,
                        -0.738606328446411,
                        -0.9732739584707092,
                        0.0
                    ]
                ]
            },
            "est_params": {
                "mui": [
                    -0.014370398520860174,
                    -0.016703012086968175,
                    -0.014317654627872494,
                    0.021914104563066427,
                    1.0000005038786148,
                    -0.9593228378413631
                ],
                "Si": [
                    [
                        1.0289262494253821,
                        0.8617004775852477,
                        1.7825548048395226,
                        -1.3924730243207337,
                        -2.3608838584905763e-07,
                        -0.6523342939491601
                    ],
                    [
                        0.8617004775852477,
                        1.7275675368006953,
                        2.392401574906972,
                        -1.0649915365379143,
                        5.867378359729835e-07,
                        -0.5358480118413282
                    ],
                    [
                        1.7825548048395226,
                        2.392401574906972,
                        4.881416694727572,
                        -3.0917789259177915,
                        2.7803625877400675e-06,
                        -1.4383354386303415
                    ],
                    [
                        -1.3924730243207337,
                        -1.0649915365379143,
                        -3.0917789259177915,
                        3.4937281871777084,
                        -3.639188892337199e-06,
                        0.3951759627582661
                    ],
                    [
                        -2.3608838584905763e-07,
                        5.867378359729837e-07,
                        2.7803625877400667e-06,
                        -3.639188892337199e-06,
                        1.0200868739698744e-06,
                        2.762729140968582e-06
                    ],
                    [
                        -0.6523342939491601,
                        -0.5358480118413284,
                        -1.4383354386303415,
                        0.3951759627582661,
                        2.762729140968582e-06,
                        2.0331289557559544
                    ]
                ]
            },
            "est_tgt": [
                4,
                5
            ]
        },
        "5": {
            "intv_type": "do",
            "inode": 5,
            "new_mui": 1.0,
            "new_sigmai": 0.0,
            "true_params": {
                "Si": [
                    [
                        1.0,
                        0.8199740146693131,
                        1.7060930723751861,
                        -1.3401521228487785,
                        0.7883198126965596,
                        0.0
                    ],
                    [
                        0.8199740146693131,
                        1.6723573847329107,
                        2.304344437962631,
                        -0.989857583841612,
                        0.7012316608273097,
                        0.0
                    ],
                    [
                        1.7060930723751861,
                        2.304344437962631,
                        4.730489063759021,
                        -2.9630264317796087,
                        1.7325064301918343,
                        0.0
                    ],
                    [
                        -1.3401521228487785,
                        -0.989857583841612,
                        -2.9630264317796087,
                        3.409015670363153,
                        -0.4909318806907198,
                        0.0
                    ],
                    [
                        0.7883198126965596,
                        0.7012316608273097,
                        1.7325064301918343,
                        -0.4909318806907198,
                        2.4135896485363784,
                        0.0
                    ],
                    [
                        0.0,
                        0.0,
                        0.0,
                        0.0,
                        0.0,
                        0.0
                    ]
                ],
                "mui": [
                    0.0,
                    0.0,
                    0.0,
                    0.0,
                    0.0,
                    1.0
                ],
                "Ai": [
                    [
                        0.0,
                        0.0,
                        0.0,
                        0.0,
                        0.0,
                        0.0
                    ],
                    [
                        0.8199740146693131,
                        0.0,
                        0.0,
                        0.0,
                        0.0,
                        0.0
                    ],
                    [
                        0.9636947886511827,
                        0.9053924520076466,
                        0.0,
                        0.0,
                        0.0,
                        0.0
                    ],
                    [
                        -0.6823847008290642,
                        0.8110005113527088,
                        -0.7753192300176995,
                        0.0,
                        0.0,
                        0.0
                    ],
                    [
                        0.9783263712511743,
                        -0.9173964371856951,
                        0.9748818025567385,
                        0.8215518148032347,
                        0.0,
                        0.0
                    ],
                    [
                        0.0,
                        0.0,
                        0.0,
                        0.0,
                        0.0,
                        0.0
                    ]
                ]
            },
            "est_params": {
                "mui": [
                    0.0014996397312356702,
                    -0.007238170526307915,
                    -0.0016832907142343468,
                    -0.009272469068732733,
                    0.011593462541208124,
                    1.0000005023199126
                ],
                "Si": [
                    [
                        0.9952760765717343,
                        0.824726546453102,
                        1.7066639834992647,
                        -1.3457885783008638,
                        0.7681289552667709,
                        -5.524177645081006e-07
                    ],
                    [
                        0.8247265464531018,
                        1.697780185569784,
                        2.35513988050603,
                        -1.0077339557111007,
                        0.7167764532883766,
                        4.4949533316138736e-07
                    ],
                    [
                        1.7066639834992647,
                        2.35513988050603,
                        4.8050130448490735,
                        -2.9797167536122355,
                        1.7363138796632362,
                        -2.182694738378391e-07
                    ],
                    [
                        -1.3457885783008638,
                        -1.0077339557111007,
                        -2.979716753612236,
                        3.4193074254472644,
                        -0.47235572918352076,
                        1.0711292138693544e-07
                    ],
                    [
                        0.7681289552667709,
                        0.7167764532883766,
                        1.7363138796632362,
                        -0.47235572918352076,
                        2.397375663660566,
                        -1.1602832820496497e-06
                    ],
                    [
                        -5.524177645081006e-07,
                        4.4949533316138736e-07,
                        -2.1826947383783939e-07,
                        1.0711292138693572e-07,
                        -1.16028328204965e-06,
                        1.005979638756897e-06
                    ]
                ]
            },
            "est_tgt": [
                4,
                5
            ]
        },
        "obs": {
            "intv_type": "obs",
            "true_params": {
                "Si": [
                    [
                        1.0,
                        0.8199740146693131,
                        1.7060930723751861,
                        -1.3401521228487785,
                        0.7883198126965596,
                        -1.3921168123425316
                    ],
                    [
                        0.8199740146693131,
                        1.6723573847329107,
                        2.304344437962631,
                        -0.989857583841612,
                        0.7012316608273097,
                        -1.1940126006153755
                    ],
                    [
                        1.7060930723751861,
                        2.304344437962631,
                        4.730489063759021,
                        -2.9630264317796087,
                        1.7325064301918343,
                        -3.087127295688764
                    ],
                    [
                        -1.3401521228487785,
                        -0.989857583841612,
                        -2.9630264317796087,
                        3.409015670363153,
                        -0.4909318806907198,
                        0.8369222273801071
                    ],
                    [
                        0.7883198126965596,
                        0.7012316608273097,
                        1.7325064301918343,
                        -0.4909318806907198,
                        2.4135896485363784,
                        -3.5618448900780377
                    ],
                    [
                        -1.3921168123425316,
                        -1.1940126006153755,
                        -3.087127295688764,
                        0.8369222273801071,
                        -3.5618448900780377,
                        6.695634670749671
                    ]
                ],
                "mui": [
                    0.0,
                    0.0,
                    0.0,
                    0.0,
                    0.0,
                    0.0
                ],
                "Ai": [
                    [
                        0.0,
                        0.0,
                        0.0,
                        0.0,
                        0.0,
                        0.0
                    ],
                    [
                        0.8199740146693131,
                        0.0,
                        0.0,
                        0.0,
                        0.0,
                        0.0
                    ],
                    [
                        0.9636947886511827,
                        0.9053924520076466,
                        0.0,
                        0.0,
                        0.0,
                        0.0
                    ],
                    [
                        -0.6823847008290642,
                        0.8110005113527088,
                        -0.7753192300176995,
                        0.0,
                        0.0,
                        0.0
                    ],
                    [
                        0.9783263712511743,
