{
    "expt_args": {
        "save_dir": "expt_logs_30.04.24-spallunk",
        "exp_name": "355",
        "num_nodes": 6,
        "obs_noise_mean": 0.0,
        "obs_noise_var": 1.0,
        "max_edge_strength": 1.0,
        "graph_sparsity_method": "adj_dense_prop",
        "adj_dense_prop": 0.9,
        "num_parents": null,
        "new_noise_mean": 1.0,
        "mix_samples": 8192,
        "stage2_samples": 8192,
        "gmm_tol": 0.001,
        "intv_type": "do",
        "new_noise_sigma": 0.0,
        "intv_targets": [
            0,
            1,
            2,
            3,
            4,
            5
        ]
    },
    "intv_args_dict": {
        "0": {
            "intv_type": "do",
            "inode": 0,
            "new_mui": 1.0,
            "new_sigmai": 0.0,
            "true_params": {
                "Si": [
                    [
                        0.0,
                        0.0,
                        0.0,
                        0.0,
                        0.0,
                        0.0
                    ],
                    [
                        0.0,
                        1.0,
                        -0.5264205924318692,
                        -0.28704990779830153,
                        0.6650579064187068,
                        0.9535187519415876
                    ],
                    [
                        0.0,
                        -0.5264205924318692,
                        1.2771186401363201,
                        -0.6992607153662822,
                        -0.759788752963968,
                        0.41386519189373594
                    ],
                    [
                        0.0,
                        -0.28704990779830153,
                        -0.6992607153662822,
                        1.8055262726514028,
                        -0.45418018515487,
                        -2.3212553932814926
                    ],
                    [
                        0.0,
                        0.6650579064187068,
                        -0.759788752963968,
                        -0.45418018515487,
                        1.9842773031505332,
                        1.7813259343810328
                    ],
                    [
                        0.0,
                        0.9535187519415876,
                        0.41386519189373594,
                        -2.3212553932814926,
                        1.7813259343810328,
                        4.914684380870244
                    ]
                ],
                "mui": [
                    1.0,
                    0.0,
                    -0.8697464745653627,
                    -0.1036805463322078,
                    -0.06989702961695288,
                    -1.2646466388925943
                ],
                "Ai": [
                    [
                        0.0,
                        0.0,
                        0.0,
                        0.0,
                        0.0,
                        0.0
                    ],
                    [
                        0.0,
                        0.0,
                        0.0,
                        0.0,
                        0.0,
                        0.0
                    ],
                    [
                        -0.8697464745653627,
                        -0.5264205924318692,
                        0.0,
                        0.0,
                        0.0,
                        0.0
                    ],
                    [
                        -0.843286593146619,
                        -0.7347020279460739,
                        -0.8503696978869775,
                        0.0,
                        0.0,
                        0.0
                    ],
                    [
                        -0.9420286936291542,
                        0.0,
                        -0.9298275122455254,
                        -0.6116621249233687,
                        0.0,
                        0.0
                    ],
                    [
                        -0.8349905794470778,
                        0.5034596492390743,
                        0.5308516222984685,
                        -0.8122659750927596,
                        0.7463251698202149,
                        0.0
                    ]
                ]
            },
            "est_params": {
                "mui": [
                    0.9999992483491326,
                    0.035796979523772636,
                    -0.8489100805233907,
                    -0.15323776708152761,
                    -0.021136813897159778,
                    -1.126216189663704
                ],
                "Si": [
                    [
                        1.0179292978796625e-06,
                        1.0243838561548302e-07,
                        3.2547352633512667e-06,
                        -2.1365912504905805e-06,
                        -5.834802580531516e-06,
                        4.451077384841213e-06
                    ],
                    [
                        1.0243838561548302e-07,
                        1.010838089625422,
                        -0.5526020377547195,
                        -0.2543143317845645,
                        0.7399374329864455,
                        1.0013090344288729
                    ],
                    [
                        3.254735263351266e-06,
                        -0.5526020377547195,
                        1.335205778166242,
                        -0.7354272424439848,
                        -0.9084611264464431,
                        0.29884492807664265
                    ],
                    [
                        -2.1365912504905805e-06,
                        -0.25431433178456453,
                        -0.735427242443985,
                        1.8098750576581584,
                        -0.35233694084235934,
                        -2.2696469029771706
                    ],
                    [
                        -5.834802580531516e-06,
                        0.7399374329864455,
                        -0.9084611264464431,
                        -0.35233694084235934,
                        2.1590761290240867,
                        1.876913538562017
                    ],
                    [
                        4.451077384841213e-06,
                        1.0013090344288729,
                        0.2988449280766426,
                        -2.26964690297717,
                        1.876913538562017,
                        4.960708645229637
                    ]
                ]
            },
            "est_tgt": [
                0
            ]
        },
        "1": {
            "intv_type": "do",
            "inode": 1,
            "new_mui": 1.0,
            "new_sigmai": 0.0,
            "true_params": {
                "Si": [
                    [
                        1.0,
                        0.0,
                        -0.8697464745653627,
                        -0.1036805463322078,
                        -0.06989702961695288,
                        -1.2646466388925943
                    ],
                    [
                        0.0,
                        0.0,
                        0.0,
                        0.0,
                        0.0,
                        0.0
                    ],
                    [
                        -0.8697464745653627,
                        0.0,
                        1.756458930018877,
                        -0.760193908233529,
                        -0.3488958807735982,
                        2.0157390539334923
                    ],
                    [
                        -0.1036805463322078,
                        0.0,
                        -0.760193908233529,
                        1.7338782787721345,
                        -0.25602841221916456,
                        -1.9164286690151333
                    ],
                    [
                        -0.06989702961695288,
                        0.0,
                        -0.3488958807735982,
                        -0.25602841221916456,
                        1.546860879009773,
                        1.2355757930574378
                    ],
                    [
                        -1.2646466388925943,
                        0.0,
                        2.0157390539334923,
                        -1.9164286690151333,
                        1.2355757930574378,
                        5.604817491828337
                    ]
                ],
                "mui": [
                    0.0,
                    1.0,
                    -0.5264205924318692,
                    -0.28704990779830153,
                    0.6650579064187068,
                    0.9535187519415876
                ],
                "Ai": [
                    [
                        0.0,
                        0.0,
                        0.0,
                        0.0,
                        0.0,
                        0.0
                    ],
                    [
                        0.0,
                        0.0,
                        0.0,
                        0.0,
                        0.0,
                        0.0
                    ],
                    [
                        -0.8697464745653627,
                        -0.5264205924318692,
                        0.0,
                        0.0,
                        0.0,
                        0.0
                    ],
                    [
                        -0.843286593146619,
                        -0.7347020279460739,
                        -0.8503696978869775,
                        0.0,
                        0.0,
                        0.0
                    ],
                    [
                        -0.9420286936291542,
                        0.0,
                        -0.9298275122455254,
                        -0.6116621249233687,
                        0.0,
                        0.0
                    ],
                    [
                        -0.8349905794470778,
                        0.5034596492390743,
                        0.5308516222984685,
                        -0.8122659750927596,
                        0.7463251698202149,
                        0.0
                    ]
                ]
            },
            "est_params": {
                "mui": [
                    -0.022563101054011592,
                    0.999997409358053,
                    -0.47379343566457727,
                    -0.29805602778691087,
                    0.6231944683929148,
                    1.0370352991039142
                ],
                "Si": [
                    [
                        0.9572550131260369,
                        -4.922254280877402e-07,
                        -0.8068616280934892,
                        -0.1191142320893927,
                        -0.08932751294284225,
                        -1.2164429618829395
                    ],
                    [
                        -4.922254280877402e-07,
                        1.0055612723747533e-06,
                        -2.4776795632610414e-07,
                        2.9844855245011042e-06,
                        -4.895370297235913e-07,
                        -3.031119107345145e-06
                    ],
                    [
                        -0.8068616280934892,
                        -2.4776795632610414e-07,
                        1.6691378630085842,
                        -0.6592005852507387,
                        -0.42554293588144093,
                        1.7898250905169308
                    ],
                    [
                        -0.11911423208939273,
                        2.9844855245011042e-06,
                        -0.6592005852507387,
                        1.552432680495838,
                        -0.16146066346887786,
                        -1.6173023651313292
                    ],
                    [
                        -0.08932751294284222,
                        -4.895370297235914e-07,
                        -0.4255429358814409,
                        -0.16146066346887786,
                        1.6166889696216036,
                        1.2007577142139354
                    ],
                    [
                        -1.2164429618829395,
                        -3.031119107345145e-06,
                        1.7898250905169308,
                        -1.6173023651313292,
                        1.2007577142139352,
                        5.1793506072918
                    ]
                ]
            },
            "est_tgt": [
                1
            ]
        },
        "2": {
            "intv_type": "do",
            "inode": 2,
            "new_mui": 1.0,
            "new_sigmai": 0.0,
            "true_params": {
                "Si": [
                    [
                        1.0,
                        0.0,
                        0.0,
                        -0.843286593146619,
                        -0.42622222414570493,
                        -0.468117946398881
                    ],
                    [
                        0.0,
                        1.0,
                        0.0,
                        -0.7347020279460739,
                        0.44938940359900376,
                        1.4356237313277516
                    ],
                    [
                        0.0,
                        0.0,
                        0.0,
                        0.0,
                        0.0,
                        0.0
                    ],
                    [
                        -0.843286593146619,
                        -0.7347020279460739,
                        0.0,
                        2.250919348048905,
                        -0.5824019437618273,
                        -1.9287628929132907
                    ],
                    [
                        -0.42622222414570493,
                        0.44938940359900376,
                        0.0,
                        -0.5824019437618273,
                        1.7577467754885505,
                        2.3670569168834024
                    ],
                    [
                        -0.468117946398881,
                        1.4356237313277516,
                        0.0,
                        -1.9287628929132907,
                        2.3670569168834024,
                        5.446915322928804
                    ]
                ],
                "mui": [
                    0.0,
                    0.0,
                    1.0,
                    -0.8503696978869775,
                    -0.4096885758655337,
                    0.9158170981857231
                ],
                "Ai": [
                    [
                        0.0,
                        0.0,
                        0.0,
                        0.0,
                        0.0,
                        0.0
                    ],
                    [
                        0.0,
                        0.0,
                        0.0,
                        0.0,
                        0.0,
                        0.0
                    ],
                    [
                        0.0,
                        0.0,
                        0.0,
                        0.0,
                        0.0,
                        0.0
                    ],
                    [
                        -0.843286593146619,
                        -0.7347020279460739,
                        -0.8503696978869775,
                        0.0,
                        0.0,
                        0.0
                    ],
                    [
                        -0.9420286936291542,
                        0.0,
                        -0.9298275122455254,
                        -0.6116621249233687,
                        0.0,
                        0.0
                    ],
                    [
                        -0.8349905794470778,
                        0.5034596492390743,
                        0.5308516222984685,
                        -0.8122659750927596,
                        0.7463251698202149,
                        0.0
                    ]
                ]
            },
            "est_params": {
                "mui": [
                    0.0076222563638097185,
                    0.015509184504047742,
                    1.00000592266605,
                    -0.8260653251578641,
                    -0.42957794157273477,
                    0.9287428201992844
                ],
                "Si": [
                    [
                        0.956102679761251,
                        0.001292730568451494,
                        2.0393559436171375e-06,
                        -0.7544073393789053,
                        -0.42649828672435675,
                        -0.47126575665419623
                    ],
                    [
                        0.0012927305684514892,
                        0.980757487563087,
                        4.109891982813346e-06,
                        -0.7555363971579735,
                        0.4286376470860422,
                        1.4226912802002676
                    ],
                    [
                        2.039355943617138e-06,
                        4.109891982813347e-06,
                        1.0158408557364936e-06,
                        -8.985766198863981e-06,
                        1.4570812309769429e-07,
                        1.0800747773851901e-05
                    ],
                    [
                        -0.7544073393789053,
                        -0.7555363971579735,
                        -8.985766198863981e-06,
                        2.2063674235203967,
                        -0.5921219825016625,
                        -1.9524994203473103
                    ],
                    [
                        -0.4264982867243568,
                        0.42863764708604224,
                        1.4570812309769407e-07,
                        -0.5921219825016625,
                        1.7640053670425364,
                        2.2802069335392443
                    ],
                    [
                        -0.47126575665419623,
                        1.4226912802002676,
                        1.0800747773851901e-05,
                        -1.9524994203473103,
                        2.2802069335392443,
                        5.29208428307399
                    ]
                ]
            },
            "est_tgt": [
                2,
                4
            ]
        },
        "3": {
            "intv_type": "do",
            "inode": 3,
            "new_mui": 1.0,
            "new_sigmai": 0.0,
            "true_params": {
                "Si": [
                    [
                        1.0,
                        0.0,
                        -0.8697464745653627,
                        0.0,
                        -0.13331449289972688,
                        -1.3961928680113587
                    ],
                    [
                        0.0,
                        1.0,
                        -0.5264205924318692,
                        0.0,
                        0.4894803498557406,
                        0.5893199289650395
                    ],
                    [
                        -0.8697464745653627,
                        -0.5264205924318692,
                        2.033577570155197,
                        0.0,
                        -1.0715502377923365,
                        0.7410016249468175
                    ],
                    [
                        0.0,
                        0.0,
                        0.0,
                        0.0,
                        0.0,
                        0.0
                    ],
                    [
                        -0.13331449289972688,
                        0.4894803498557406,
                        -1.0715502377923365,
                        0.0,
                        2.1219429694407124,
                        1.372575215833106
                    ],
                    [
                        -1.3961928680113587,
                        0.5893199289650395,
                        0.7410016249468175,
                        0.0,
                        1.372575215833106,
                        3.8802560423834973
                    ]
                ],
                "mui": [
                    0.0,
                    0.0,
                    0.0,
                    1.0,
                    -0.6116621249233687,
                    -1.2687648143487862
                ],
                "Ai": [
                    [
                        0.0,
                        0.0,
                        0.0,
                        0.0,
                        0.0,
                        0.0
                    ],
                    [
                        0.0,
                        0.0,
                        0.0,
                        0.0,
                        0.0,
                        0.0
                    ],
                    [
                        -0.8697464745653627,
                        -0.5264205924318692,
                        0.0,
                        0.0,
                        0.0,
                        0.0
                    ],
                    [
                        0.0,
                        0.0,
                        0.0,
                        0.0,
                        0.0,
                        0.0
                    ],
                    [
                        -0.9420286936291542,
                        0.0,
                        -0.9298275122455254,
                        -0.6116621249233687,
                        0.0,
                        0.0
                    ],
                    [
                        -0.8349905794470778,
                        0.5034596492390743,
                        0.5308516222984685,
                        -0.8122659750927596,
                        0.7463251698202149,
                        0.0
                    ]
                ]
            },
            "est_params": {
                "mui": [
                    -0.027682105835925057,
                    0.010186799399939606,
                    0.05358379063084645,
                    0.9999982682156227,
                    -0.6263469868439067,
                    -1.215561874977602
                ],
                "Si": [
                    [
                        0.9822738383238888,
                        0.0022661346886084922,
                        -0.8233692052519997,
                        -6.59449289227863e-07,
                        -0.19039038595480615,
                        -1.3841796818673822
                    ],
                    [
                        0.0022661346886084888,
                        0.9989977363170652,
                        -0.49087069128352306,
                        -1.2482370186334972e-06,
                        0.4780415275069318,
                        0.6144413611649241
                    ],
                    [
                        -0.8233692052519997,
                        -0.49087069128352306,
                        1.8924322364682793,
                        2.8254434210485866e-06,
                        -0.9678103060155903,
                        0.7506390243066116
                    ],
                    [
                        -6.59449289227863e-07,
                        -1.248237018633497e-06,
                        2.8254434210485866e-06,
                        1.004740047986949e-06,
                        -2.1493034549840235e-06,
                        -2.3288144929679246e-06
                    ],
                    [
                        -0.19039038595480615,
                        0.4780415275069319,
                        -0.9678103060155903,
                        -2.149303454984024e-06,
                        2.058880203251075,
                        1.3695183971279177
                    ],
                    [
                        -1.3841796818673822,
                        0.6144413611649242,
                        0.7506390243066114,
                        -2.3288144929679246e-06,
                        1.3695183971279177,
                        3.827706876276655
                    ]
                ]
            },
            "est_tgt": [
                2,
                3,
                4,
                5
            ]
        },
        "4": {
            "intv_type": "do",
            "inode": 4,
            "new_mui": 1.0,
            "new_sigmai": 0.0,
            "true_params": {
                "Si": [
                    [
                        1.0,
                        0.0,
                        -0.8697464745653627,
                        -0.1036805463322078,
                        0.0,
                        -1.2124807263937933
                    ],
                    [
                        0.0,
                        1.0,
                        -0.5264205924318692,
                        -0.28704990779830153,
                        0.0,
                        0.4571692969933697
                    ],
                    [
                        -0.8697464745653627,
                        -0.5264205924318692,
                        2.033577570155197,
                        -0.6090849257128337,
                        0.0,
                        2.0354654992365107
                    ],
                    [
                        -0.1036805463322078,
                        -0.28704990779830153,
                        -0.6090849257128337,
                        1.8162759283391479,
                        0.0,
                        -1.8565786253370264
                    ],
                    [
                        0.0,
                        0.0,
                        0.0,
                        0.0,
                        0.0,
                        0.0
                    ],
                    [
                        -1.2124807263937933,
                        0.4571692969933697,
                        2.0354654992365107,
                        -1.8565786253370264,
                        0.0,
                        4.831142088055142
                    ]
                ],
                "mui": [
                    0.0,
                    0.0,
                    0.0,
                    0.0,
                    1.0,
                    0.7463251698202149
                ],
                "Ai": [
                    [
                        0.0,
                        0.0,
                        0.0,
                        0.0,
                        0.0,
                        0.0
                    ],
                    [
                        0.0,
                        0.0,
                        0.0,
                        0.0,
                        0.0,
                        0.0
                    ],
                    [
                        -0.8697464745653627,
                        -0.5264205924318692,
                        0.0,
                        0.0,
                        0.0,
                        0.0
                    ],
                    [
                        -0.843286593146619,
                        -0.7347020279460739,
                        -0.8503696978869775,
                        0.0,
                        0.0,
                        0.0
                    ],
                    [
                        0.0,
                        0.0,
                        0.0,
                        0.0,
                        0.0,
                        0.0
                    ],
                    [
                        -0.8349905794470778,
                        0.5034596492390743,
                        0.5308516222984685,
                        -0.8122659750927596,
                        0.7463251698202149,
                        0.0
                    ]
                ]
            },
            "est_params": {
                "mui": [
                    0.00621870081662736,
                    -0.04292815017869725,
                    0.031173440959694078,
                    -0.008912442879295131,
                    1.0000025415344598,
                    0.7139285666722839
                ],
                "Si": [
                    [
                        0.9432701594078353,
                        0.049579032519309764,
                        -0.8273286029867793,
                        -0.09832910697611975,
                        3.6299338225476507e-06,
                        -1.137500037494177
                    ],
                    [
                        0.04957903251930977,
                        1.0088278191475464,
                        -0.6315030247824416,
                        -0.21323560512089743,
                        -8.943389238081048e-07,
                        0.2731502824901948
                    ],
                    [
                        -0.8273286029867795,
                        -0.6315030247824416,
                        2.049476030068173,
                        -0.6085592416221679,
                        -4.685835797105724e-07,
                        2.065152353515026
                    ],
                    [
                        -0.09832910697611978,
                        -0.21323560512089743,
                        -0.6085592416221679,
                        1.7221583441608508,
                        9.97288081163818e-07,
                        -1.8208502089325675
                    ],
                    [
                        3.6299338225476507e-06,
                        -8.943389238081048e-07,
                        -4.685835797105725e-07,
                        9.97288081163818e-07,
                        1.0117853367944686e-06,
                        -1.0549460761678228e-06
                    ],
                    [
                        -1.137500037494177,
                        0.2731502824901947,
                        2.065152353515026,
                        -1.820850208932567,
                        -1.0549460761678228e-06,
                        4.772806120524945
                    ]
                ]
            },
            "est_tgt": [
                2,
                3,
                4,
                5
            ]
        },
        "5": {
            "intv_type": "do",
            "inode": 5,
            "new_mui": 1.0,
            "new_sigmai": 0.0,
            "true_params": {
                "Si": [
                    [
                        1.0,
                        0.0,
                        -0.8697464745653627,
                        -0.1036805463322078,
                        -0.06989702961695288,
                        0.0
                    ],
                    [
                        0.0,
                        1.0,
                        -0.5264205924318692,
                        -0.28704990779830153,
                        0.6650579064187068,
                        0.0
                    ],
                    [
                        -0.8697464745653627,
                        -0.5264205924318692,
                        2.033577570155197,
                        -0.6090849257128337,
                        -0.6989960578720325,
                        0.0
                    ],
                    [
                        -0.1036805463322078,
                        -0.28704990779830153,
                        -0.6090849257128337,
                        1.8162759283391479,
                        -0.4469332229371858,
                        0.0
                    ],
                    [
                        -0.06989702961695288,
                        0.6650579064187068,
                        -0.6989960578720325,
                        -0.4469332229371858,
                        1.9891628978998064,
                        0.0
                    ],
                    [
                        0.0,
                        0.0,
                        0.0,
                        0.0,
                        0.0,
                        0.0
                    ]
                ],
                "mui": [
                    0.0,
                    0.0,
                    0.0,
                    0.0,
                    0.0,
                    1.0
                ],
                "Ai": [
                    [
                        0.0,
                        0.0,
                        0.0,
                        0.0,
                        0.0,
                        0.0
                    ],
                    [
                        0.0,
                        0.0,
                        0.0,
                        0.0,
                        0.0,
                        0.0
                    ],
                    [
                        -0.8697464745653627,
                        -0.5264205924318692,
                        0.0,
                        0.0,
                        0.0,
                        0.0
                    ],
                    [
                        -0.843286593146619,
                        -0.7347020279460739,
                        -0.8503696978869775,
                        0.0,
                        0.0,
                        0.0
                    ],
                    [
                        -0.9420286936291542,
                        0.0,
                        -0.9298275122455254,
                        -0.6116621249233687,
                        0.0,
                        0.0
                    ],
                    [
                        0.0,
                        0.0,
                        0.0,
                        0.0,
                        0.0,
                        0.0
                    ]
                ]
            },
            "est_params": {
                "mui": [
                    0.006780712132953271,
                    0.04592339756840105,
                    0.0031244010535759295,
                    -0.00045624984846263217,
                    -0.01088452362193765,
                    0.9999963411868767
                ],
                "Si": [
                    [
                        0.9150681057011958,
                        0.011396149394788115,
                        -0.8237575296695948,
                        -0.13357106612860548,
                        -0.0188779010849803,
                        2.612994234073283e-06
                    ],
                    [
                        0.011396149394788106,
                        1.0006880347574383,
                        -0.5903808295041191,
                        -0.25403008816630546,
                        0.6724684552638172,
                        9.817380180731924e-07
                    ],
                    [
                        -0.8237575296695948,
                        -0.5903808295041193,
                        2.1135436974921133,
                        -0.6867207603596949,
                        -0.7604235271798041,
                        -7.73694438714312e-06
                    ],
                    [
                        -0.13357106612860548,
                        -0.25403008816630546,
                        -0.6867207603596949,
                        2.0150295394061897,
                        -0.46276935856262025,
                        1.145574554590246e-06
                    ],
                    [
                        -0.0188779010849803,
                        0.672468455263817,
                        -0.7604235271798042,
                        -0.46276935856262025,
                        2.0201427094401754,
                        3.596372909979441e-06
                    ],
                    [
                        2.612994234073283e-06,
                        9.817380180731924e-07,
                        -7.73694438714312e-06,
                        1.1455745545902463e-06,
                        3.5963729099794423e-06,
                        1.0110626364492762e-06
                    ]
                ]
            },
            "est_tgt": [
                3,
                5
            ]
        },
        "obs": {
            "intv_type": "obs",
            "true_params": {
                "Si": [
                    [
                        1.0,
                        0.0,
                        -0.8697464745653627,
                        -0.1036805463322078,
                        -0.06989702961695288,
                        -1.2646466388925943
                    ],
                    [
                        0.0,
                        1.0,
                        -0.5264205924318692,
                        -0.28704990779830153,
                        0.6650579064187068,
                        0.9535187519415876
                    ],
                    [
                        -0.8697464745653627,
                        -0.5264205924318692,
                        2.033577570155197,
                        -0.6090849257128337,
                        -0.6989960578720325,
                        1.5137871476415052
                    ],
                    [
                        -0.1036805463322078,
                        -0.28704990779830153,
                        -0.6090849257128337,
                        1.8162759283391479,
                        -0.4469332229371858,
                        -2.1901361388439176
                    ],
                    [
                        -0.06989702961695288,
                        0.6650579064187068,
                        -0.6989960578720325,
                        -0.4469332229371858,
                        1.9891628978998064,
                        1.8697209779546884
                    ],
                    [
                        -1.2646466388925943,
                        0.9535187519415876,
                        1.5137871476415052,
                        -2.1901361388439176,
                        1.8697209779546884,
                        6.51401550213258
                    ]
                ],
                "mui": [
                    0.0,
                    0.0,
                    0.0,
                    0.0,
                    0.0,
                    0.0
                ],
                "Ai": [
                    [
                        0.0,
                        0.0,
                        0.0,
                        0.0,
                        0.0,
                        0.0
                    ],
                    [
                        0.0,
                        0.0,
                        0.0,
                        0.0,
                        0.0,
                        0.0
                    ],
                    [
                        -0.8697464745653627,
                        -0.5264205924318692,
                        0.0,
                        0.0,
                        0.0,
                        0.0
                    ],
                    [
                        -0.843286593146619,
                        -0.7347020279460739,
                        -0.8503696978869775,
                        0.0,
                        0.0,
                        0.0
                    ],
                    [
                        -0.9420286936291542,
                        0.0,
                        -0.9298275122455254,
                        -0.6116621249233687,
                        0.0,
                        0.0
                    ],
                    [
