{
    "expt_args": {
        "save_dir": "expt_logs_30.04.24-spallunk",
        "exp_name": "360",
        "num_nodes": 6,
        "obs_noise_mean": 0.0,
        "obs_noise_var": 1.0,
        "max_edge_strength": 1.0,
        "graph_sparsity_method": "adj_dense_prop",
        "adj_dense_prop": 0.92,
        "num_parents": null,
        "new_noise_mean": 1.0,
        "mix_samples": 1024,
        "stage2_samples": 1024,
        "gmm_tol": 0.001,
        "intv_type": "do",
        "new_noise_sigma": 0.0,
        "intv_targets": [
            0,
            1,
            2,
            3,
            4,
            5
        ]
    },
    "intv_args_dict": {
        "0": {
            "intv_type": "do",
            "inode": 0,
            "new_mui": 1.0,
            "new_sigmai": 0.0,
            "true_params": {
                "Si": [
                    [
                        0.0,
                        0.0,
                        0.0,
                        0.0,
                        0.0,
                        0.0
                    ],
                    [
                        0.0,
                        1.0,
                        0.7985390746501817,
                        0.5672411772540115,
                        -0.8108030334061934,
                        -0.9759679094361553
                    ],
                    [
                        0.0,
                        0.7985390746501817,
                        1.6376646537431685,
                        1.1633129243468843,
                        -0.5884015716621644,
                        -2.234008246893117
                    ],
                    [
                        0.0,
                        0.5672411772540115,
                        1.1633129243468843,
                        1.8263577997237124,
                        0.4686474478479957,
                        -3.053980379728631
                    ],
                    [
                        0.0,
                        -0.8108030334061934,
                        -0.5884015716621644,
                        0.4686474478479957,
                        2.446980203785628,
                        -1.579614521629499
                    ],
                    [
                        0.0,
                        -0.9759679094361553,
                        -2.234008246893117,
                        -3.053980379728631,
                        -1.579614521629499,
                        7.189662433116688
                    ]
                ],
                "mui": [
                    1.0,
                    0.9089418156357523,
                    0.20853366658507466,
                    0.1481316147023017,
                    -1.380918823131567,
                    0.4691568488827995
                ],
                "Ai": [
                    [
                        0.0,
                        0.0,
                        0.0,
                        0.0,
                        0.0,
                        0.0
                    ],
                    [
                        0.9089418156357523,
                        0.0,
                        0.0,
                        0.0,
                        0.0,
                        0.0
                    ],
                    [
                        -0.517291889783555,
                        0.7985390746501817,
                        0.0,
                        0.0,
                        0.0,
                        0.0
                    ],
                    [
                        -0.0,
                        -0.0,
                        0.7103486795589864,
                        0.0,
                        0.0,
                        0.0
                    ],
                    [
                        -0.6133966800554289,
                        -0.857961822399247,
                        -0.5707513995239161,
                        0.8866177273286466,
                        0.0,
                        0.0
                    ],
                    [
                        0.0,
                        -0.6588638851025959,
                        -0.974333869188866,
                        -0.5943507224472455,
                        -0.9843079176934666,
                        0.0
                    ]
                ]
            },
            "est_params": {
                "mui": [
                    1.0000180528584024,
                    0.8638974719777041,
                    0.22070165380703005,
                    0.04215899387519493,
                    -1.5213769613181976,
                    0.6427473175086577
                ],
                "Si": [
                    [
                        1.0496273154014336e-06,
                        -1.9222010052828788e-05,
                        2.152003952470537e-05,
                        3.1990579407245954e-05,
                        4.2635136346952196e-05,
                        -6.078278049535353e-05
                    ],
                    [
                        -1.922201005282878e-05,
                        0.8891684429649179,
                        0.6624634505816773,
                        0.5312645954270154,
                        -0.6204223731707598,
                        -0.9374479588367204
                    ],
                    [
                        2.152003952470537e-05,
                        0.6624634505816773,
                        1.6572334170533882,
                        1.1755173051647478,
                        -0.5081301956061463,
                        -2.293180654429782
                    ],
                    [
                        3.1990579407245954e-05,
                        0.5312645954270155,
                        1.1755173051647476,
                        1.6007856553648105,
                        0.2729583114003864,
                        -2.803569884437414
                    ],
                    [
                        4.263513634695219e-05,
                        -0.6204223731707598,
                        -0.5081301956061464,
                        0.2729583114003864,
                        2.0509108356001313,
                        -1.3819449467360474
                    ],
                    [
                        -6.078278049535353e-05,
                        -0.9374479588367206,
                        -2.293180654429782,
                        -2.8035698844374144,
                        -1.3819449467360474,
                        7.188705363369366
                    ]
                ]
            },
            "est_tgt": [
                0,
                3,
                4
            ]
        },
        "1": {
            "intv_type": "do",
            "inode": 1,
            "new_mui": 1.0,
            "new_sigmai": 0.0,
            "true_params": {
                "Si": [
                    [
                        1.0,
                        0.0,
                        -0.517291889783555,
                        -0.36745761085432105,
                        -0.6439460418243659,
                        1.3562548924879276
                    ],
                    [
                        0.0,
                        0.0,
                        0.0,
                        0.0,
                        0.0,
                        0.0
                    ],
                    [
                        -0.517291889783555,
                        0.0,
                        1.2675908992358416,
                        0.9004315214931683,
                        0.3921643972515439,
                        -2.1562393919669693
                    ],
                    [
                        -0.36745761085432105,
                        0.0,
                        0.9004315214931683,
                        1.6396203423259612,
                        1.1651911890863267,
                        -2.9987373763210274
                    ],
                    [
                        -0.6439460418243659,
                        0.0,
                        0.3921643972515439,
                        1.1651911890863267,
                        2.204245149586211,
                        -3.244287232829967
                    ],
                    [
                        1.3562548924879276,
                        0.0,
                        -2.1562393919669693,
                        -2.9987373763210274,
                        -3.244287232829967,
                        8.076576406264948
                    ]
                ],
                "mui": [
                    0.0,
                    1.0,
                    0.7985390746501817,
                    0.5672411772540115,
                    -0.8108030334061934,
                    -0.9759679094361553
                ],
                "Ai": [
                    [
                        0.0,
                        0.0,
                        0.0,
                        0.0,
                        0.0,
                        0.0
                    ],
                    [
                        0.0,
                        0.0,
                        0.0,
                        0.0,
                        0.0,
                        0.0
                    ],
                    [
                        -0.517291889783555,
                        0.7985390746501817,
                        0.0,
                        0.0,
                        0.0,
                        0.0
                    ],
                    [
                        -0.0,
                        -0.0,
                        0.7103486795589864,
                        0.0,
                        0.0,
                        0.0
                    ],
                    [
                        -0.6133966800554289,
                        -0.857961822399247,
                        -0.5707513995239161,
                        0.8866177273286466,
                        0.0,
                        0.0
                    ],
                    [
                        0.0,
                        -0.6588638851025959,
                        -0.974333869188866,
                        -0.5943507224472455,
                        -0.9843079176934666,
                        0.0
                    ]
                ]
            },
            "est_params": {
                "mui": [
                    0.18004606252603017,
                    0.6870485747539559,
                    0.5628502107717867,
                    0.4584567461354467,
                    -0.7480450984809619,
                    -0.6279382670706255
                ],
                "Si": [
                    [
                        0.7257835370727235,
                        0.2139351411138398,
                        -0.2429769219166487,
                        -0.31477113379751254,
                        -0.7841261599609718,
                        1.2226340170945345
                    ],
                    [
                        0.2139351411138398,
                        0.5503234787772493,
                        0.2559102002258676,
                        -0.016772560189081225,
                        -0.7865238387967376,
                        0.16726814225699987
                    ],
                    [
                        -0.24297692191664866,
                        0.2559102002258676,
                        1.3206672358712621,
                        0.8132904611495306,
                        -0.046901399601306085,
                        -2.0298231075212425
                    ],
                    [
                        -0.3147711337975126,
                        -0.016772560189081222,
                        0.8132904611495304,
                        1.5490711189030693,
                        1.1677106474233068,
                        -2.8287939771324817
                    ],
                    [
                        -0.7841261599609719,
                        -0.7865238387967376,
                        -0.04690139960130612,
                        1.1677106474233068,
                        3.3141286605042484,
                        -3.4023953030735816
                    ],
                    [
                        1.2226340170945345,
                        0.1672681422569999,
                        -2.0298231075212425,
                        -2.828793977132482,
                        -3.4023953030735816,
                        8.082701016464364
                    ]
                ]
            },
            "est_tgt": [
                1,
                2
            ]
        },
        "2": {
            "intv_type": "do",
            "inode": 2,
            "new_mui": 1.0,
            "new_sigmai": 0.0,
            "true_params": {
                "Si": [
                    [
                        1.0,
                        0.9089418156357523,
                        0.0,
                        0.0,
                        -1.3932340566531594,
                        0.7725023771819134
                    ],
                    [
                        0.9089418156357523,
                        1.826175224211218,
                        0.0,
                        0.0,
                        -2.124330515459134,
                        0.8877944430623619
                    ],
                    [
                        0.0,
                        0.0,
                        0.0,
                        0.0,
                        0.0,
                        0.0
                    ],
                    [
                        0.0,
                        0.0,
                        0.0,
                        1.0,
                        0.8866177273286466,
                        -1.4670555714242193
                    ],
                    [
                        -1.3932340566531594,
                        -2.124330515459134,
                        0.0,
                        0.8866177273286466,
                        4.463290619726271,
                        -3.520569526078458
                    ],
                    [
                        0.7725023771819134,
                        0.8877944430623619,
                        0.0,
                        -1.4670555714242193,
                        -3.520569526078458,
                        4.752334302127039
                    ]
                ],
                "mui": [
                    0.0,
                    0.0,
                    1.0,
                    0.7103486795589864,
                    0.05905633235757751,
                    -1.4546597356036968
                ],
                "Ai": [
                    [
                        0.0,
                        0.0,
                        0.0,
                        0.0,
                        0.0,
                        0.0
                    ],
                    [
                        0.9089418156357523,
                        0.0,
                        0.0,
                        0.0,
                        0.0,
                        0.0
                    ],
                    [
                        0.0,
                        0.0,
                        0.0,
                        0.0,
                        0.0,
                        0.0
                    ],
                    [
                        -0.0,
                        -0.0,
                        0.7103486795589864,
                        0.0,
                        0.0,
                        0.0
                    ],
                    [
                        -0.6133966800554289,
                        -0.857961822399247,
                        -0.5707513995239161,
                        0.8866177273286466,
                        0.0,
                        0.0
                    ],
                    [
                        0.0,
                        -0.6588638851025959,
                        -0.974333869188866,
                        -0.5943507224472455,
                        -0.9843079176934666,
                        0.0
                    ]
                ]
            },
            "est_params": {
                "mui": [
                    -0.04600272498001258,
                    -0.016026857260254327,
                    1.0000079162675983,
                    0.6570094408518579,
                    0.1816962243503626,
                    -1.5084504343787768
                ],
                "Si": [
                    [
                        1.2265732791153376,
                        1.1640754353910343,
                        7.286183945482807e-06,
                        -0.11799328513643807,
                        -2.0038929533947574,
                        1.2374550583488084
                    ],
                    [
                        1.1640754353910345,
                        2.168002471852896,
                        3.664871391629671e-06,
                        0.08667804902264332,
                        -2.485209692198911,
                        0.9278095779412282
                    ],
                    [
                        7.286183945482807e-06,
                        3.664871391629671e-06,
                        1.030280158603763e-06,
                        6.2002173319257755e-06,
                        -5.325880241048839e-06,
                        6.81309749569501e-06
                    ],
                    [
                        -0.11799328513643807,
                        0.0866780490226433,
                        6.200217331925776e-06,
                        1.2050357531473037,
                        0.996690836485781,
                        -1.6179303256403366
                    ],
                    [
                        -2.0038929533947574,
                        -2.485209692198911,
                        -5.325880241048839e-06,
                        0.9966908364857808,
                        5.285583589046805,
                        -3.9481598049395146
                    ],
                    [
                        1.2374550583488084,
                        0.9278095779412284,
                        6.81309749569501e-06,
                        -1.6179303256403363,
                        -3.9481598049395146,
                        4.907410805154116
                    ]
                ]
            },
            "est_tgt": [
                1,
                2
            ]
        },
        "3": {
            "intv_type": "do",
            "inode": 3,
            "new_mui": 1.0,
            "new_sigmai": 0.0,
            "true_params": {
                "Si": [
                    [
                        1.0,
                        0.9089418156357523,
                        0.20853366658507466,
                        0.0,
                        -1.5122549387044444,
                        0.6864741595358768
                    ],
                    [
                        0.9089418156357523,
                        1.826175224211218,
                        0.9880840441772001,
                        0.0,
                        -2.688280866520522,
                        0.48017148895114237
                    ],
                    [
                        0.20853366658507466,
                        0.9880840441772001,
                        1.6811509438425836,
                        0.0,
                        -1.935171499998066,
                        -0.38421056641629453
                    ],
                    [
                        0.0,
                        0.0,
                        0.0,
                        0.0,
                        0.0,
                        0.0
                    ],
                    [
                        -1.5122549387044444,
                        -2.688280866520522,
                        -1.935171499998066,
                        0.0,
                        5.338556352102398,
                        -1.5980689753273194
                    ],
                    [
                        0.6864741595358768,
                        0.48017148895114237,
                        -0.38421056641629453,
                        0.0,
                        -1.5980689753273194,
                        2.630973660468752
                    ]
                ],
                "mui": [
                    0.0,
                    0.0,
                    0.0,
                    1.0,
                    0.8866177273286466,
                    -1.4670555714242193
                ],
                "Ai": [
                    [
                        0.0,
                        0.0,
                        0.0,
                        0.0,
                        0.0,
                        0.0
                    ],
                    [
                        0.9089418156357523,
                        0.0,
                        0.0,
                        0.0,
                        0.0,
                        0.0
                    ],
                    [
                        -0.517291889783555,
                        0.7985390746501817,
                        0.0,
                        0.0,
                        0.0,
                        0.0
                    ],
                    [
                        0.0,
                        0.0,
                        0.0,
                        0.0,
                        0.0,
                        0.0
                    ],
                    [
                        -0.6133966800554289,
                        -0.857961822399247,
                        -0.5707513995239161,
                        0.8866177273286466,
                        0.0,
                        0.0
                    ],
                    [
                        0.0,
                        -0.6588638851025959,
                        -0.974333869188866,
                        -0.5943507224472455,
                        -0.9843079176934666,
                        0.0
                    ]
                ]
            },
            "est_params": {
                "mui": [
                    0.0873154328349957,
                    -0.0004185294586243507,
                    -0.06690141163844576,
                    0.9999856968748143,
                    0.8458552463243497,
                    -1.124615843571194
                ],
                "Si": [
                    [
                        0.951035083275484,
                        0.7847950095810555,
                        0.2073183272513349,
                        -2.6278581116271314e-06,
                        -1.327069141364883,
                        0.5322849477455642
                    ],
                    [
                        0.7847950095810555,
                        1.7572509920085098,
                        1.0407940361633008,
                        -1.9213603473504e-05,
                        -2.5197195248811024,
                        0.37582752130562347
                    ],
                    [
                        0.20731832725133484,
                        1.0407940361633008,
                        1.677774069716522,
                        -3.217733937244964e-05,
                        -1.9448162838908416,
                        -0.37185131929418974
                    ],
                    [
                        -2.627858111627131e-06,
                        -1.9213603473503998e-05,
                        -3.217733937244964e-05,
                        1.0307409760292838e-06,
                        1.8287479270631844e-05,
                        3.325772175021843e-05
                    ],
                    [
                        -1.327069141364883,
                        -2.5197195248811024,
                        -1.9448162838908416,
                        1.8287479270631848e-05,
                        4.999204893817933,
                        -1.4881184262067795
                    ],
                    [
                        0.5322849477455642,
                        0.3758275213056236,
                        -0.37185131929418974,
                        3.325772175021843e-05,
                        -1.4881184262067793,
                        2.4811966183945398
                    ]
                ]
            },
            "est_tgt": [
                3,
                5
            ]
        },
        "4": {
            "intv_type": "do",
            "inode": 4,
            "new_mui": 1.0,
            "new_sigmai": 0.0,
            "true_params": {
                "Si": [
                    [
                        1.0,
                        0.9089418156357523,
                        0.20853366658507466,
                        0.1481316147023017,
                        0.0,
                        -0.8900924824175458
                    ],
                    [
                        0.9089418156357523,
                        1.826175224211218,
                        0.9880840441772001,
                        0.7018841960745773,
                        0.0,
                        -2.58309003196009
                    ],
                    [
                        0.20853366658507466,
                        0.9880840441772001,
                        1.6811509438425836,
                        1.1942033530979228,
                        0.0,
                        -2.9987908216218067
                    ],
                    [
                        0.1481316147023017,
                        0.7018841960745773,
                        1.1942033530979228,
                        1.8483007749980236,
                        0.0,
                        -2.724537822859904
                    ],
                    [
                        0.0,
                        0.0,
                        0.0,
                        0.0,
                        0.0,
                        0.0
                    ],
                    [
                        -0.8900924824175458,
                        -2.58309003196009,
                        -2.9987908216218067,
                        -2.724537822859904,
                        0.0,
                        7.243059221497476
                    ]
                ],
                "mui": [
                    0.0,
                    0.0,
                    0.0,
                    0.0,
                    1.0,
                    -0.9843079176934666
                ],
                "Ai": [
                    [
                        0.0,
                        0.0,
                        0.0,
                        0.0,
                        0.0,
                        0.0
                    ],
                    [
                        0.9089418156357523,
                        0.0,
                        0.0,
                        0.0,
                        0.0,
                        0.0
                    ],
                    [
                        -0.517291889783555,
                        0.7985390746501817,
                        0.0,
                        0.0,
                        0.0,
                        0.0
                    ],
                    [
                        -0.0,
                        -0.0,
                        0.7103486795589864,
                        0.0,
                        0.0,
                        0.0
                    ],
                    [
                        0.0,
                        0.0,
                        0.0,
                        0.0,
                        0.0,
                        0.0
                    ],
                    [
                        0.0,
                        -0.6588638851025959,
                        -0.974333869188866,
                        -0.5943507224472455,
                        -0.9843079176934666,
                        0.0
                    ]
                ]
            },
            "est_params": {
                "mui": [
                    0.037414620417609935,
                    0.11562636529782673,
                    0.04190047512775516,
                    0.025018322220767112,
                    1.0,
                    -1.0484514025814353
                ],
                "Si": [
                    [
                        0.9636617208686484,
                        0.8668173862122251,
                        0.250905195507416,
                        0.19213719007177943,
                        1.582740648520169e-42,
                        -0.9788979776035863
                    ],
                    [
                        0.8668173862122251,
                        1.6986248949466503,
                        0.912292274659776,
                        0.5535669181508712,
                        5.776640465029007e-43,
                        -2.2072122656742743
                    ],
                    [
                        0.250905195507416,
                        0.912292274659776,
                        1.596619426879041,
                        1.075891836143307,
                        -1.4851738835683433e-42,
                        -2.6392880568012393
                    ],
                    [
                        0.19213719007177943,
                        0.5535669181508712,
                        1.075891836143307,
                        1.891863316519907,
                        -2.540640312157084e-43,
                        -2.5847997724822696
                    ],
                    [
                        1.582740648520169e-42,
                        5.776640465029008e-43,
                        -1.4851738835683436e-42,
                        -2.5406403121570843e-43,
                        1e-06,
                        -1.101718478700441e-43
                    ],
                    [
                        -0.9788979776035863,
                        -2.2072122656742743,
                        -2.6392880568012393,
                        -2.584799772482269,
                        -1.1017184787004405e-43,
                        6.535914464182285
                    ]
                ]
            },
            "est_tgt": [
                1,
                4
            ]
        },
        "5": {
            "intv_type": "do",
            "inode": 5,
            "new_mui": 1.0,
            "new_sigmai": 0.0,
            "true_params": {
                "Si": [
                    [
                        1.0,
                        0.9089418156357523,
                        0.20853366658507466,
                        0.1481316147023017,
                        -1.380918823131567,
                        0.0
                    ],
                    [
                        0.9089418156357523,
                        1.826175224211218,
                        0.9880840441772001,
                        0.7018841960745773,
                        -2.0659778957489863,
                        0.0
                    ],
                    [
                        0.20853366658507466,
                        0.9880840441772001,
                        1.6811509438425836,
                        1.1942033530979228,
                        -0.8763696371061365,
                        0.0
                    ],
                    [
                        0.1481316147023017,
                        0.7018841960745773,
                        1.1942033530979228,
                        1.8483007749980236,
                        0.2640897128047146,
                        0.0
                    ],
                    [
                        -1.380918823131567,
                        -2.0659778957489863,
                        -0.8763696371061365,
                        0.2640897128047146,
                        4.3539169998647,
                        0.0
                    ],
                    [
                        0.0,
                        0.0,
                        0.0,
                        0.0,
                        0.0,
                        0.0
                    ]
                ],
                "mui": [
                    0.0,
                    0.0,
                    0.0,
                    0.0,
                    0.0,
                    1.0
                ],
                "Ai": [
                    [
                        0.0,
                        0.0,
                        0.0,
                        0.0,
                        0.0,
                        0.0
                    ],
                    [
                        0.9089418156357523,
                        0.0,
                        0.0,
                        0.0,
                        0.0,
                        0.0
                    ],
                    [
                        -0.517291889783555,
                        0.7985390746501817,
                        0.0,
                        0.0,
                        0.0,
                        0.0
                    ],
                    [
                        -0.0,
                        -0.0,
                        0.7103486795589864,
                        0.0,
                        0.0,
                        0.0
                    ],
                    [
                        -0.6133966800554289,
                        -0.857961822399247,
                        -0.5707513995239161,
                        0.8866177273286466,
                        0.0,
                        0.0
                    ],
                    [
                        0.0,
                        0.0,
                        0.0,
                        0.0,
                        0.0,
                        0.0
                    ]
                ]
            },
            "est_params": {
                "mui": [
                    0.05274409174666332,
                    -0.04333228029792352,
                    -0.1971878918333164,
                    -0.12930984608118856,
                    -0.05758729584343548,
                    1.0000000000045641
                ],
                "Si": [
                    [
                        0.8972073342476876,
                        0.8875274051756842,
                        0.21513665425828485,
                        0.19016968652592126,
                        -1.1833334991005129,
                        4.228284016412316e-13
                    ],
                    [
                        0.8875274051756842,
                        2.026454687193458,
                        1.1614982948562007,
                        0.8304202787984971,
                        -2.340941834063992,
                        4.871194960969535e-12
                    ],
                    [
                        0.21513665425828482,
                        1.1614982948562007,
                        1.6520031270425755,
                        1.094850896256708,
                        -1.231946102817501,
                        3.5589905060791263e-12
                    ],
                    [
                        0.19016968652592126,
                        0.830420278798497,
                        1.094850896256708,
                        1.97824674631008,
                        0.21345736435485524,
                        -3.3962480162691065e-13
                    ],
                    [
                        -1.183333499100513,
                        -2.340941834063992,
                        -1.2319461028175012,
                        0.21345736435485518,
                        4.632876851295058,
                        4.827181986622158e-12
                    ],
                    [
                        4.228284016412318e-13,
                        4.871194960969536e-12,
                        3.5589905060791267e-12,
                        -3.396248016269108e-13,
                        4.827181986622158e-12,
                        1.0000000253468108e-06
                    ]
                ]
            },
            "est_tgt": [
                1,
                5
            ]
        },
        "obs": {
            "intv_type": "obs",
            "true_params": {
                "Si": [
                    [
                        1.0,
                        0.9089418156357523,
                        0.20853366658507466,
                        0.1481316147023017,
                        -1.380918823131567,
                        0.4691568488827995
                    ],
                    [
                        0.9089418156357523,
                        1.826175224211218,
                        0.9880840441772001,
                        0.7018841960745773,
                        -2.0659778957489863,
                        -0.5495316313946752
                    ],
                    [
                        0.20853366658507466,
                        0.9880840441772001,
                        1.6811509438425836,
                        1.1942033530979228,
                        -0.8763696371061365,
                        -2.136173248992087
                    ],
                    [
                        0.1481316147023017,
                        0.7018841960745773,
                        1.1942033530979228,
                        1.8483007749980236,
                        0.2640897128047146,
                        -2.9844834181549778
                    ],
                    [
                        -1.380918823131567,
                        -2.0659778957489863,
                        -0.8763696371061365,
                        0.2640897128047146,
                        4.3539169998647,
                        -2.2274820452528488
                    ],
                    [
                        0.4691568488827995,
                        -0.5495316313946752,
                        -2.136173248992087,
                        -2.9844834181549778,
                        -2.2274820452528488,
                        7.409770581970325
                    ]
                ],
                "mui": [
                    0.0,
                    0.0,
                    0.0,
                    0.0,
                    0.0,
                    0.0
                ],
                "Ai": [
                    [
                        0.0,
                        0.0,
                        0.0,
                        0.0,
                        0.0,
                        0.0
                    ],
                    [
                        0.9089418156357523,
                        0.0,
                        0.0,
                        0.0,
                        0.0,
                        0.0
                    ],
                    [
                        -0.517291889783555,
                        0.7985390746501817,
                        0.0,
                        0.0,
                        0.0,
                        0.0
                    ],
                    [
                        -0.0,
                        -0.0,
                        0.7103486795589864,
                        0.0,
                        0.0,
                        0.0
                    ],
                    [
                        -0.6133966800554289,
                        -0.857961822399247,
                        -0.5707513995239161,
                        0.8866177273286466,
                        0.0,
                        0.0
                    ],
                    [
                        0.0,
                        -0.6588638851025959,
                        -0.974333869188866,
                        -0.5943507224472455,
