{
    "expt_args": {
        "save_dir": "expt_logs_30.04.24-spallunk",
        "exp_name": "105",
        "num_nodes": 6,
        "obs_noise_mean": 0.0,
        "obs_noise_var": 1.0,
        "max_edge_strength": 1.0,
        "graph_sparsity_method": "adj_dense_prop",
        "adj_dense_prop": 0.92,
        "num_parents": null,
        "new_noise_mean": 1.0,
        "mix_samples": 2048,
        "stage2_samples": 2048,
        "gmm_tol": 0.001,
        "intv_type": "do",
        "new_noise_sigma": 0.0,
        "intv_targets": [
            0,
            1,
            2,
            3,
            4,
            5
        ]
    },
    "intv_args_dict": {
        "0": {
            "intv_type": "do",
            "inode": 0,
            "new_mui": 1.0,
            "new_sigmai": 0.0,
            "true_params": {
                "Si": [
                    [
                        0.0,
                        0.0,
                        0.0,
                        0.0,
                        0.0,
                        0.0
                    ],
                    [
                        0.0,
                        1.0,
                        -0.7676335007284874,
                        -0.40191205159429133,
                        1.7526400254805283,
                        2.313798184553007
                    ],
                    [
                        0.0,
                        -0.7676335007284874,
                        1.5892611914406727,
                        -0.46711521934532824,
                        -1.735602513376294,
                        -1.0351708889370874
                    ],
                    [
                        0.0,
                        -0.40191205159429133,
                        -0.46711521934532824,
                        1.763145082657446,
                        -1.0020092911865437,
                        -2.6160000062126114
                    ],
                    [
                        0.0,
                        1.7526400254805283,
                        -1.735602513376294,
                        -1.0020092911865437,
                        4.584339347886575,
                        5.427883200085382
                    ],
                    [
                        0.0,
                        2.313798184553007,
                        -1.0351708889370874,
                        -2.6160000062126114,
                        5.427883200085382,
                        9.127137428614937
                    ]
                ],
                "mui": [
                    1.0,
                    -0.5666557987077269,
                    1.2071900868170606,
                    -1.0339211630508618,
                    -0.20891110366347737,
                    0.681645660975956
                ],
                "Ai": [
                    [
                        0.0,
                        0.0,
                        0.0,
                        0.0,
                        0.0,
                        0.0
                    ],
                    [
                        -0.5666557987077269,
                        0.0,
                        0.0,
                        0.0,
                        0.0,
                        0.0
                    ],
                    [
                        0.7722061123469511,
                        -0.7676335007284874,
                        0.0,
                        0.0,
                        0.0,
                        0.0
                    ],
                    [
                        -0.6627158083131375,
                        -0.9973165170407181,
                        -0.7756363744956225,
                        0.0,
                        0.0,
                        0.0
                    ],
                    [
                        0.6877530454376141,
                        0.8544380667843745,
                        -0.8558076978609648,
                        -0.6002688863888266,
                        0.0,
                        0.0
                    ],
                    [
                        -0.0,
                        0.9243645154579916,
                        0.7302432249455355,
                        -0.5142544043988319,
                        0.99467532647037,
                        0.0
                    ]
                ]
            },
            "est_params": {
                "mui": [
                    0.9999947048763177,
                    -0.5712956280467472,
                    1.1933370294660506,
                    -1.011304951182512,
                    -0.1658178636690616,
                    0.675493532523835
                ],
                "Si": [
                    [
                        1.0574145793210404e-06,
                        7.420764494609607e-06,
                        3.6387092138085207e-06,
                        -1.3613338241505172e-06,
                        2.3408559183074065e-05,
                        2.8897604098839797e-05
                    ],
                    [
                        7.420764494609607e-06,
                        0.9200076283212423,
                        -0.7122744931490272,
                        -0.3774726957261456,
                        1.6420178959989522,
                        2.1084458942819557
                    ],
                    [
                        3.6387092138085207e-06,
                        -0.7122744931490271,
                        1.592635060815955,
                        -0.5402032427601962,
                        -1.7333799593738166,
                        -0.8851069269564178
                    ],
                    [
                        -1.3613338241505172e-06,
                        -0.37747269572614556,
                        -0.5402032427601962,
                        1.8029965731674844,
                        -0.8741837214642051,
                        -2.4547417440599095
                    ],
                    [
                        2.3408559183074065e-05,
                        1.642017895998952,
                        -1.7333799593738168,
                        -0.8741837214642051,
                        4.634389411219588,
                        5.126508201833508
                    ],
                    [
                        2.889760409883979e-05,
                        2.1084458942819557,
                        -0.8851069269564177,
                        -2.4547417440599095,
                        5.126508201833508,
                        8.3687808930908
                    ]
                ]
            },
            "est_tgt": [
                0,
                2,
                4,
                5
            ]
        },
        "1": {
            "intv_type": "do",
            "inode": 1,
            "new_mui": 1.0,
            "new_sigmai": 0.0,
            "true_params": {
                "Si": [
                    [
                        1.0,
                        0.0,
                        0.7722061123469511,
                        -1.2616669576572859,
                        0.784232529822322,
                        1.9927728192923284
                    ],
                    [
                        0.0,
                        0.0,
                        0.0,
                        0.0,
                        0.0,
                        0.0
                    ],
                    [
                        0.7722061123469511,
                        0.0,
                        1.5963022799459923,
                        -1.7499033109447606,
                        0.21537183793029913,
                        2.2798094630269583
                    ],
                    [
                        -1.2616669576572859,
                        0.0,
                        -1.7499033109447606,
                        3.193415297484905,
                        -1.2870424128361995,
                        -4.200272251102451
                    ],
                    [
                        0.784232529822322,
                        0.0,
                        0.21537183793029913,
                        -1.2870424128361995,
                        2.1276129498017062,
                        2.935425160388383
                    ],
                    [
                        1.9927728192923284,
                        0.0,
                        2.2798094630269583,
                        -4.200272251102451,
                        2.935425160388383,
                        7.74461889908444
                    ]
                ],
                "mui": [
                    0.0,
                    1.0,
                    -0.7676335007284874,
                    -0.40191205159429133,
                    1.7526400254805283,
                    2.313798184553007
                ],
                "Ai": [
                    [
                        0.0,
                        0.0,
                        0.0,
                        0.0,
                        0.0,
                        0.0
                    ],
                    [
                        0.0,
                        0.0,
                        0.0,
                        0.0,
                        0.0,
                        0.0
                    ],
                    [
                        0.7722061123469511,
                        -0.7676335007284874,
                        0.0,
                        0.0,
                        0.0,
                        0.0
                    ],
                    [
                        -0.6627158083131375,
                        -0.9973165170407181,
                        -0.7756363744956225,
                        0.0,
                        0.0,
                        0.0
                    ],
                    [
                        0.6877530454376141,
                        0.8544380667843745,
                        -0.8558076978609648,
                        -0.6002688863888266,
                        0.0,
                        0.0
                    ],
                    [
                        -0.0,
                        0.9243645154579916,
                        0.7302432249455355,
                        -0.5142544043988319,
                        0.99467532647037,
                        0.0
                    ]
                ]
            },
            "est_params": {
                "mui": [
                    0.053000531593080935,
                    1.0000003005487137,
                    -0.6353021416196598,
                    -0.4020160994808224,
                    1.6541408750274018,
                    2.267973402458769
                ],
                "Si": [
                    [
                        0.9003970126238507,
                        1.9865340547124788e-07,
                        0.7160413796622735,
                        -1.167811765630146,
                        0.726241226755861,
                        1.7742217826954503
                    ],
                    [
                        1.9865340547124785e-07,
                        1.0010725881964357e-06,
                        5.447915029479573e-07,
                        -1.2302010385988212e-06,
                        -3.3287228129975475e-07,
                        5.265750490422286e-07
                    ],
                    [
                        0.7160413796622735,
                        5.447915029479574e-07,
                        1.4167020629039284,
                        -1.5700691435853764,
                        0.27632649903322953,
                        1.9874192450606807
                    ],
                    [
                        -1.1678117656301459,
                        -1.2302010385988214e-06,
                        -1.5700691435853769,
                        2.9741648146753126,
                        -1.1695295650728295,
                        -3.7572184051701
                    ],
                    [
                        0.726241226755861,
                        -3.328722812997548e-07,
                        0.27632649903322953,
                        -1.1695295650728295,
                        1.8042544138173624,
                        2.608063778199809
                    ],
                    [
                        1.7742217826954503,
                        5.265750490422285e-07,
                        1.9874192450606807,
                        -3.7572184051701,
                        2.608063778199809,
                        6.786209355081302
                    ]
                ]
            },
            "est_tgt": [
                0,
                1,
                2,
                5
            ]
        },
        "2": {
            "intv_type": "do",
            "inode": 2,
            "new_mui": 1.0,
            "new_sigmai": 0.0,
            "true_params": {
                "Si": [
                    [
                        1.0,
                        -0.5666557987077269,
                        0.0,
                        -0.09758062078502105,
                        0.2621553708293832,
                        -0.21285576971558218
                    ],
                    [
                        -0.5666557987077269,
                        1.321098794209092,
                        0.0,
                        -0.9420218924313862,
                        1.3045442808027452,
                        3.003213762406712
                    ],
                    [
                        0.0,
                        0.0,
                        0.0,
                        0.0,
                        0.0,
                        0.0
                    ],
                    [
                        -0.09758062078502105,
                        -0.9420218924313862,
                        0.0,
                        2.004162212715019,
                        -2.075046953327234,
                        -3.965418860908679
                    ],
                    [
                        0.2621553708293832,
                        1.3045442808027452,
                        0.0,
                        -2.075046953327234,
                        3.5405365718677113,
                        5.794660847603432
                    ],
                    [
                        -0.21285576971558218,
                        3.003213762406712,
                        0.0,
                        -3.965418860908679,
                        5.794660847603432,
                        11.579104519187357
                    ]
                ],
                "mui": [
                    0.0,
                    0.0,
                    1.0,
                    -0.7756363744956225,
                    -0.3902173150998106,
                    0.7409781114505558
                ],
                "Ai": [
                    [
                        0.0,
                        0.0,
                        0.0,
                        0.0,
                        0.0,
                        0.0
                    ],
                    [
                        -0.5666557987077269,
                        0.0,
                        0.0,
                        0.0,
                        0.0,
                        0.0
                    ],
                    [
                        0.0,
                        0.0,
                        0.0,
                        0.0,
                        0.0,
                        0.0
                    ],
                    [
                        -0.6627158083131375,
                        -0.9973165170407181,
                        -0.7756363744956225,
                        0.0,
                        0.0,
                        0.0
                    ],
                    [
                        0.6877530454376141,
                        0.8544380667843745,
                        -0.8558076978609648,
                        -0.6002688863888266,
                        0.0,
                        0.0
                    ],
                    [
                        -0.0,
                        0.9243645154579916,
                        0.7302432249455355,
                        -0.5142544043988319,
                        0.99467532647037,
                        0.0
                    ]
                ]
            },
            "est_params": {
                "mui": [
                    0.051776327769800824,
                    0.03391507447659609,
                    1.0000002570033302,
                    -0.7607648006681618,
                    -0.43433602064302484,
                    0.7006267612793822
                ],
                "Si": [
                    [
                        0.8517964978924065,
                        -0.5071345030109968,
                        3.04052640416964e-07,
                        -0.021720396774414667,
                        0.12735636411530696,
                        -0.3107703286268807
                    ],
                    [
                        -0.5071345030109968,
                        1.2176538174393567,
                        -1.824877961011793e-07,
                        -0.8969925298293768,
                        1.2249606600786858,
                        2.857550947725718
                    ],
                    [
                        3.04052640416964e-07,
                        -1.8248779610117926e-07,
                        1.0002695140532533e-06,
                        -2.4626977637314348e-08,
                        4.308139337699669e-08,
                        2.4726931458729386e-07
                    ],
                    [
                        -0.021720396774414667,
                        -0.896992529829377,
                        -2.462697763731437e-08,
                        1.8480211921379102,
                        -1.8659797722741176,
                        -3.6980364141220883
                    ],
                    [
                        0.12735636411530696,
                        1.2249606600786858,
                        4.30813933769967e-08,
                        -1.8659797722741176,
                        3.2543672050985397,
                        5.353407080698102
                    ],
                    [
                        -0.3107703286268807,
                        2.857550947725718,
                        2.4726931458729386e-07,
                        -3.6980364141220883,
                        5.353407080698102,
                        10.939887597823303
                    ]
                ]
            },
            "est_tgt": [
                0,
                1,
                2,
                5
            ]
        },
        "3": {
            "intv_type": "do",
            "inode": 3,
            "new_mui": 1.0,
            "new_sigmai": 0.0,
            "true_params": {
                "Si": [
                    [
                        1.0,
                        -0.5666557987077269,
                        1.2071900868170606,
                        0.0,
                        -0.8295418088218586,
                        -0.46737890019506123
                    ],
                    [
                        -0.5666557987077269,
                        1.321098794209092,
                        -1.451694763565859,
                        0.0,
                        1.9814494020831772,
                        2.131985411899948
                    ],
                    [
                        1.2071900868170606,
                        -1.451694763565859,
                        3.046569097150055,
                        0.0,
                        -3.0174118941180277,
                        -2.1185038450716207
                    ],
                    [
                        0.0,
                        0.0,
                        0.0,
                        0.0,
                        0.0,
                        0.0
                    ],
                    [
                        -0.8295418088218586,
                        1.9814494020831772,
                        -3.0174118941180277,
                        0.0,
                        4.7048302178153865,
                        4.30791545680456
                    ],
                    [
                        -0.46737890019506123,
                        2.131985411899948,
                        -2.1185038450716207,
                        0.0,
                        4.30791545680456,
                        5.708685795753613
                    ]
                ],
                "mui": [
                    0.0,
                    0.0,
                    0.0,
                    1.0,
                    -0.6002688863888266,
                    -1.1113270549376435
                ],
                "Ai": [
                    [
                        0.0,
                        0.0,
                        0.0,
                        0.0,
                        0.0,
                        0.0
                    ],
                    [
                        -0.5666557987077269,
                        0.0,
                        0.0,
                        0.0,
                        0.0,
                        0.0
                    ],
                    [
                        0.7722061123469511,
                        -0.7676335007284874,
                        0.0,
                        0.0,
                        0.0,
                        0.0
                    ],
                    [
                        0.0,
                        0.0,
                        0.0,
                        0.0,
                        0.0,
                        0.0
                    ],
                    [
                        0.6877530454376141,
                        0.8544380667843745,
                        -0.8558076978609648,
                        -0.6002688863888266,
                        0.0,
                        0.0
                    ],
                    [
                        -0.0,
                        0.9243645154579916,
                        0.7302432249455355,
                        -0.5142544043988319,
                        0.99467532647037,
                        0.0
                    ]
                ]
            },
            "est_params": {
                "mui": [
                    -0.1295622977387836,
                    0.15381414368896584,
                    -0.11237889688370205,
                    1.000001479429043,
                    -0.35503934400360093,
                    -0.8372795736464432
                ],
                "Si": [
                    [
                        1.0880549925612804,
                        -0.5719661431422978,
                        1.36385426506191,
                        -1.5822842119335924e-06,
                        -0.914310865984843,
                        -0.4662888282621328
                    ],
                    [
                        -0.5719661431422978,
                        1.452562141776413,
                        -1.5582671811756872,
                        4.1167376706644374e-07,
                        2.186123179769024,
                        2.461497756755859
                    ],
                    [
                        1.36385426506191,
                        -1.5582671811756874,
                        3.1379365738594838,
                        -2.531018312917697e-06,
                        -3.1477680973876487,
                        -2.2840263248343353
                    ],
                    [
                        -1.5822842119335926e-06,
                        4.116737670664438e-07,
                        -2.5310183129176966e-06,
                        1.0006401210918075e-06,
                        2.117520509791515e-06,
                        1.6556832989150437e-07
                    ],
                    [
                        -0.914310865984843,
                        2.1861231797690244,
                        -3.1477680973876487,
                        2.117520509791515e-06,
                        5.000167365745096,
                        4.756585078917491
                    ],
                    [
                        -0.4662888282621329,
                        2.461497756755859,
                        -2.2840263248343353,
                        1.655683298915044e-07,
                        4.756585078917491,
                        6.5876210103548845
                    ]
                ]
            },
            "est_tgt": [
                1,
                3,
                5
            ]
        },
        "4": {
            "intv_type": "do",
            "inode": 4,
            "new_mui": 1.0,
            "new_sigmai": 0.0,
            "true_params": {
                "Si": [
                    [
                        1.0,
                        -0.5666557987077269,
                        1.2071900868170606,
                        -1.0339211630508618,
                        0.0,
                        0.8894443812157107
                    ],
                    [
                        -0.5666557987077269,
                        1.321098794209092,
                        -1.451694763565859,
                        0.18396537085511666,
                        0.0,
                        0.06648157877923633
                    ],
                    [
                        1.2071900868170606,
                        -1.451694763565859,
                        3.046569097150055,
                        -1.7152545979306941,
                        0.0,
                        1.7649185474570128
                    ],
                    [
                        -1.0339211630508618,
                        0.18396537085511666,
                        -1.7152545979306941,
                        2.8321380540618923,
                        0.0,
                        -2.538941456470894
                    ],
                    [
                        0.0,
                        0.0,
                        0.0,
                        0.0,
                        0.0,
                        0.0
                    ],
                    [
                        0.8894443812157107,
                        0.06648157877923633,
                        1.7649185474570128,
                        -2.538941456470894,
                        0.0,
                        3.6559348507172924
                    ]
                ],
                "mui": [
                    0.0,
                    0.0,
                    0.0,
                    0.0,
                    1.0,
                    0.99467532647037
                ],
                "Ai": [
                    [
                        0.0,
                        0.0,
                        0.0,
                        0.0,
                        0.0,
                        0.0
                    ],
                    [
                        -0.5666557987077269,
                        0.0,
                        0.0,
                        0.0,
                        0.0,
                        0.0
                    ],
                    [
                        0.7722061123469511,
                        -0.7676335007284874,
                        0.0,
                        0.0,
                        0.0,
                        0.0
                    ],
                    [
                        -0.6627158083131375,
                        -0.9973165170407181,
                        -0.7756363744956225,
                        0.0,
                        0.0,
                        0.0
                    ],
                    [
                        0.0,
                        0.0,
                        0.0,
                        0.0,
                        0.0,
                        0.0
                    ],
                    [
                        -0.0,
                        0.9243645154579916,
                        0.7302432249455355,
                        -0.5142544043988319,
                        0.99467532647037,
                        0.0
                    ]
                ]
            },
            "est_params": {
                "mui": [
                    0.05008301270388167,
                    -0.14677914245186777,
                    0.0941494287753567,
                    0.018914787955144327,
                    0.9999988745581092,
                    0.9193394587862621
                ],
                "Si": [
                    [
                        1.0249442162731788,
                        -0.5922290367617167,
                        1.2086951036188105,
                        -0.9751560314911679,
                        -1.0690573972925283e-06,
                        0.7724621410595065
                    ],
                    [
                        -0.5922290367617167,
                        1.226396659183232,
                        -1.4245579499450192,
                        0.2945021024772436,
                        -3.837376253152019e-07,
                        -0.08677388490149156
                    ],
                    [
                        1.2086951036188105,
                        -1.4245579499450192,
                        3.103803149422553,
                        -1.7178954613429367,
                        -7.664516882472544e-08,
                        1.8131694161548826
                    ],
                    [
                        -0.9751560314911679,
                        0.2945021024772436,
                        -1.7178954613429367,
                        2.4869519819574477,
                        1.6810492548623598e-06,
                        -2.1297825402281716
                    ],
                    [
                        -1.0690573972925283e-06,
                        -3.837376253152019e-07,
                        -7.66451688247254e-08,
                        1.6810492548623598e-06,
                        1.0010018305980672e-06,
                        1.2140989280394057e-07
                    ],
                    [
                        0.7724621410595065,
                        -0.08677388490149156,
                        1.813169416154883,
                        -2.1297825402281716,
                        1.2140989280394057e-07,
                        3.27843899226272
                    ]
                ]
            },
            "est_tgt": [
                0,
                1,
                3,
                4,
                5
            ]
        },
        "5": {
            "intv_type": "do",
            "inode": 5,
            "new_mui": 1.0,
            "new_sigmai": 0.0,
            "true_params": {
                "Si": [
                    [
                        1.0,
                        -0.5666557987077269,
                        1.2071900868170606,
                        -1.0339211630508618,
                        -0.20891110366347737,
                        0.0
                    ],
                    [
                        -0.5666557987077269,
                        1.321098794209092,
                        -1.451694763565859,
                        0.18396537085511666,
                        1.8710207137858688,
                        0.0
                    ],
                    [
                        1.2071900868170606,
                        -1.451694763565859,
                        3.046569097150055,
                        -1.7152545979306941,
                        -1.9877979267448551,
                        0.0
                    ],
                    [
                        -1.0339211630508618,
                        0.18396537085511666,
                        -1.7152545979306941,
                        2.8321380540618923,
                        -0.786011679912562,
                        0.0
                    ],
                    [
                        -0.20891110366347737,
                        1.8710207137858688,
                        -1.9877979267448551,
                        -0.786011679912562,
                        4.627983197120466,
                        0.0
                    ],
                    [
                        0.0,
                        0.0,
                        0.0,
                        0.0,
                        0.0,
                        0.0
                    ]
                ],
                "mui": [
                    0.0,
                    0.0,
                    0.0,
                    0.0,
                    0.0,
                    1.0
                ],
                "Ai": [
                    [
                        0.0,
                        0.0,
                        0.0,
                        0.0,
                        0.0,
                        0.0
                    ],
                    [
                        -0.5666557987077269,
                        0.0,
                        0.0,
                        0.0,
                        0.0,
                        0.0
                    ],
                    [
                        0.7722061123469511,
                        -0.7676335007284874,
                        0.0,
                        0.0,
                        0.0,
                        0.0
                    ],
                    [
                        -0.6627158083131375,
                        -0.9973165170407181,
                        -0.7756363744956225,
                        0.0,
                        0.0,
                        0.0
                    ],
                    [
                        0.6877530454376141,
                        0.8544380667843745,
                        -0.8558076978609648,
                        -0.6002688863888266,
                        0.0,
                        0.0
                    ],
                    [
                        0.0,
                        0.0,
                        0.0,
                        0.0,
                        0.0,
                        0.0
                    ]
                ]
            },
            "est_params": {
                "mui": [
                    0.0010247651830790027,
                    -0.007807841741072668,
                    0.0887386315581336,
                    -0.07964049743892053,
                    -0.05448576634803071,
                    1.0000000000000009
                ],
                "Si": [
                    [
                        0.9474136628761934,
                        -0.5366231394637845,
                        1.120226873499609,
                        -0.892884964262659,
                        -0.3302966630419235,
                        -2.9576244518508486e-16
                    ],
                    [
                        -0.5366231394637845,
                        1.264184404838341,
                        -1.4823481435204628,
                        0.30286730689707686,
                        1.9235656225931483,
                        9.385202340057778e-16
                    ],
                    [
                        1.120226873499609,
                        -1.4823481435204628,
                        3.144800384124691,
                        -1.6191506037578214,
                        -2.252591330582836,
                        -9.779120978029928e-16
                    ],
                    [
                        -0.892884964262659,
                        0.30286730689707686,
                        -1.6191506037578214,
                        2.36206490041311,
                        -0.22882056458817018,
                        1.219886392285089e-15
                    ],
                    [
                        -0.33029666304192357,
                        1.9235656225931483,
                        -2.2525913305828356,
                        -0.22882056458817018,
                        4.488922003381517,
                        1.3771257887019792e-15
                    ],
                    [
                        -2.957624451850848e-16,
                        9.385202340057778e-16,
                        -9.779120978029926e-16,
                        1.219886392285089e-15,
                        1.3771257887019794e-15,
                        1.000000000006372e-06
                    ]
                ]
            },
            "est_tgt": [
                1,
                3,
                4,
                5
            ]
        },
        "obs": {
            "intv_type": "obs",
            "true_params": {
                "Si": [
                    [
                        1.0,
                        -0.5666557987077269,
                        1.2071900868170606,
                        -1.0339211630508618,
                        -0.20891110366347737,
                        0.681645660975956
                    ],
                    [
                        -0.5666557987077269,
                        1.321098794209092,
                        -1.451694763565859,
                        0.18396537085511666,
                        1.8710207137858688,
                        1.9275397180970202
                    ],
                    [
                        1.2071900868170606,
                        -1.451694763565859,
                        3.046569097150055,
                        -1.7152545979306941,
                        -1.9877979267448551,
                        -0.21229500428505055
                    ],
                    [
                        -1.0339211630508618,
                        0.18396537085511666,
                        -1.7152545979306941,
                        2.8321380540618923,
                        -0.786011679912562,
                        -3.3207678807974457
                    ],
                    [
                        -0.20891110366347737,
                        1.8710207137858688,
                        -1.9877979267448551,
                        -0.786011679912562,
                        4.627983197120466,
                        5.2854798527434745
                    ],
                    [
                        0.681645660975956,
                        1.9275397180970202,
                        -0.21229500428505055,
                        -3.3207678807974457,
                        5.2854798527434745,
                        9.591778235742284
                    ]
                ],
                "mui": [
                    0.0,
                    0.0,
                    0.0,
                    0.0,
                    0.0,
                    0.0
                ],
                "Ai": [
                    [
                        0.0,
                        0.0,
                        0.0,
                        0.0,
                        0.0,
                        0.0
                    ],
                    [
                        -0.5666557987077269,
                        0.0,
                        0.0,
                        0.0,
                        0.0,
                        0.0
                    ],
                    [
                        0.7722061123469511,
                        -0.7676335007284874,
                        0.0,
                        0.0,
                        0.0,
                        0.0
                    ],
                    [
                        -0.6627158083131375,
                        -0.9973165170407181,
                        -0.7756363744956225,
                        0.0,
