{
    "expt_args": {
        "save_dir": "expt_logs_30.04.24-spallunk",
        "exp_name": "376",
        "num_nodes": 6,
        "obs_noise_mean": 0.0,
        "obs_noise_var": 1.0,
        "max_edge_strength": 1.0,
        "graph_sparsity_method": "adj_dense_prop",
        "adj_dense_prop": 1.0,
        "num_parents": null,
        "new_noise_mean": 1.0,
        "mix_samples": 1024,
        "stage2_samples": 1024,
        "gmm_tol": 0.001,
        "intv_type": "do",
        "new_noise_sigma": 0.0,
        "intv_targets": [
            0,
            1,
            2,
            3,
            4,
            5
        ]
    },
    "intv_args_dict": {
        "0": {
            "intv_type": "do",
            "inode": 0,
            "new_mui": 1.0,
            "new_sigmai": 0.0,
            "true_params": {
                "Si": [
                    [
                        0.0,
                        0.0,
                        0.0,
                        0.0,
                        0.0,
                        0.0
                    ],
                    [
                        0.0,
                        1.0,
                        0.6475687146947049,
                        0.22630232807175543,
                        0.005456757260231123,
                        -0.8898042802974674
                    ],
                    [
                        0.0,
                        0.6475687146947049,
                        1.419345240251352,
                        -0.7227922646458812,
                        0.015387787904875026,
                        -2.0664984921885923
                    ],
                    [
                        0.0,
                        0.22630232807175543,
                        -0.7227922646458812,
                        1.8069622970970545,
                        0.6503797827941962,
                        1.5286197054851756
                    ],
                    [
                        0.0,
                        0.005456757260231123,
                        0.015387787904875026,
                        0.6503797827941962,
                        1.4350448461503675,
                        -0.3945040119713946
                    ],
                    [
                        0.0,
                        -0.8898042802974674,
                        -2.0664984921885923,
                        1.5286197054851756,
                        -0.3945040119713946,
                        4.635002290048973
                    ]
                ],
                "mui": [
                    1.0,
                    -0.6666887809542152,
                    -1.0899901505063094,
                    0.9530199116467201,
                    -0.6229557278512498,
                    1.7419196388239464
                ],
                "Ai": [
                    [
                        0.0,
                        0.0,
                        0.0,
                        0.0,
                        0.0,
                        0.0
                    ],
                    [
                        -0.6666887809542152,
                        0.0,
                        0.0,
                        0.0,
                        0.0,
                        0.0
                    ],
                    [
                        -0.6582633535224087,
                        0.6475687146947049,
                        0.0,
                        0.0,
                        0.0,
                        0.0
                    ],
                    [
                        0.5316394108828163,
                        0.7892587900144543,
                        -0.8693385723677273,
                        0.0,
                        0.0,
                        0.0
                    ],
                    [
                        -0.9621043169464486,
                        -0.5226964840449208,
                        0.5851396464995684,
                        0.659450186730705,
                        0.0,
                        0.0
                    ],
                    [
                        -0.6967668281586842,
                        -0.6117831721014568,
                        -0.7273411274054598,
                        0.8686402323905786,
                        -0.6584599337823123,
                        0.0
                    ]
                ]
            },
            "est_params": {
                "mui": [
                    0.999997895534766,
                    -0.5339240910512388,
                    -0.7898418978363486,
                    0.6901370916524003,
                    -0.6245892578488096,
                    1.264991110633343
                ],
                "Si": [
                    [
                        1.00524014298965e-06,
                        -2.8545386261329804e-06,
                        -3.7666600485258116e-06,
                        4.2319211702515125e-06,
                        1.2314543167466264e-06,
                        8.094208112389212e-06
                    ],
                    [
                        -2.854538626132981e-06,
                        1.0428865204335607,
                        0.7126949690352409,
                        0.1529438375933933,
                        -0.17156338532397206,
                        -0.7410841676521069
                    ],
                    [
                        -3.7666600485258116e-06,
                        0.7126949690352411,
                        1.4315943326915987,
                        -0.709316667605233,
                        -0.1405249265578194,
                        -1.9366685233272696
                    ],
                    [
                        4.231921170251512e-06,
                        0.15294383759339325,
                        -0.709316667605233,
                        1.616182206101214,
                        0.6334468130905603,
                        1.483817612181366
                    ],
                    [
                        1.2314543167466266e-06,
                        -0.17156338532397206,
                        -0.1405249265578194,
                        0.6334468130905602,
                        1.3962304963848178,
                        -0.13601121992422435
                    ],
                    [
                        8.094208112389212e-06,
                        -0.7410841676521069,
                        -1.9366685233272691,
                        1.483817612181366,
                        -0.1360112199242244,
                        4.040872997295873
                    ]
                ]
            },
            "est_tgt": [
                0
            ]
        },
        "1": {
            "intv_type": "do",
            "inode": 1,
            "new_mui": 1.0,
            "new_sigmai": 0.0,
            "true_params": {
                "Si": [
                    [
                        1.0,
                        0.0,
                        -0.6582633535224087,
                        1.1038931348759795,
                        -0.6193177690054632,
                        1.1486971079045851
                    ],
                    [
                        0.0,
                        0.0,
                        0.0,
                        0.0,
                        0.0,
                        0.0
                    ],
                    [
                        -0.6582633535224087,
                        0.0,
                        1.4333106425905675,
                        -1.5959909692615541,
                        0.41952835414101886,
                        -2.246434288497279
                    ],
                    [
                        1.1038931348759795,
                        0.0,
                        -1.5959909692615541,
                        2.9743296066326756,
                        -0.03451572758935506,
                        2.9980233371124694
                    ],
                    [
                        -0.6193177690054632,
                        0.0,
                        0.41952835414101886,
                        -0.03451572758935506,
                        1.8185695689564747,
                        -1.1010570961351922
                    ],
                    [
                        1.1486971079045851,
                        0.0,
                        -2.246434288497279,
                        2.9980233371124694,
                        -1.1010570961351922,
                        5.162755678521638
                    ]
                ],
                "mui": [
                    0.0,
                    1.0,
                    0.6475687146947049,
                    0.22630232807175543,
                    0.005456757260231123,
                    -0.8898042802974674
                ],
                "Ai": [
                    [
                        0.0,
                        0.0,
                        0.0,
                        0.0,
                        0.0,
                        0.0
                    ],
                    [
                        0.0,
                        0.0,
                        0.0,
                        0.0,
                        0.0,
                        0.0
                    ],
                    [
                        -0.6582633535224087,
                        0.6475687146947049,
                        0.0,
                        0.0,
                        0.0,
                        0.0
                    ],
                    [
                        0.5316394108828163,
                        0.7892587900144543,
                        -0.8693385723677273,
                        0.0,
                        0.0,
                        0.0
                    ],
                    [
                        -0.9621043169464486,
                        -0.5226964840449208,
                        0.5851396464995684,
                        0.659450186730705,
                        0.0,
                        0.0
                    ],
                    [
                        -0.6967668281586842,
                        -0.6117831721014568,
                        -0.7273411274054598,
                        0.8686402323905786,
                        -0.6584599337823123,
                        0.0
                    ]
                ]
            },
            "est_params": {
                "mui": [
                    0.013998872879365881,
                    0.9999999999904847,
                    0.5977196070494241,
                    0.342503372950904,
                    0.09974592591754824,
                    -0.8569653332758324
                ],
                "Si": [
                    [
                        1.1066937127389076,
                        6.073991929182498e-12,
                        -0.6577807196347589,
                        1.219381205894797,
                        -0.5524965717008707,
                        0.9225325984926374
                    ],
                    [
                        6.0739919291824986e-12,
                        1.000000051653854e-06,
                        5.441266359308055e-12,
                        5.990500220333751e-12,
                        -8.566200547598562e-12,
                        -1.3293579926217383e-12
                    ],
                    [
                        -0.6577807196347589,
                        5.4412663593080544e-12,
                        1.3850181442108527,
                        -1.5192318171545824,
                        0.25227310162137473,
                        -1.9752564260461514
                    ],
                    [
                        1.219381205894797,
                        5.990500220333751e-12,
                        -1.5192318171545824,
                        3.2417182522760646,
                        0.3736288283411297,
                        2.8044766348961723
                    ],
                    [
                        -0.5524965717008707,
                        -8.566200547598562e-12,
                        0.25227310162137473,
                        0.3736288283411297,
                        1.910727019444858,
                        -0.40425988411145874
                    ],
                    [
                        0.9225325984926376,
                        -1.329357992621738e-12,
                        -1.975256426046151,
                        2.8044766348961723,
                        -0.4042598841114588,
                        4.357052088991806
                    ]
                ]
            },
            "est_tgt": [
                1
            ]
        },
        "2": {
            "intv_type": "do",
            "inode": 2,
            "new_mui": 1.0,
            "new_sigmai": 0.0,
            "true_params": {
                "Si": [
                    [
                        1.0,
                        -0.6666887809542152,
                        0.0,
                        0.005449430310680792,
                        -0.6100348073535315,
                        0.117519222324317
                    ],
                    [
                        -0.6666887809542152,
                        1.4444739306502177,
                        0.0,
                        0.7856257159637315,
                        0.4044837344631269,
                        -0.0030884445604639765
                    ],
                    [
                        0.0,
                        0.0,
                        0.0,
                        0.0,
                        0.0,
                        0.0
                    ],
                    [
                        0.005449430310680792,
                        0.7856257159637315,
                        0.0,
                        1.6229591339057916,
                        0.6543739839741566,
                        0.4944589742102332
                    ],
                    [
                        -0.6100348073535315,
                        0.4044837344631269,
                        0.0,
                        0.6543739839741566,
                        1.807021941708665,
                        -0.44384030291819376
                    ],
                    [
                        0.117519222324317,
                        -0.0030884445604639765,
                        0.0,
                        0.4944589742102332,
                        -0.44384030291819376,
                        1.64176397735849
                    ]
                ],
                "mui": [
                    0.0,
                    0.0,
                    1.0,
                    -0.8693385723677273,
                    0.011854162619466159,
                    -1.4902890780665146
                ],
                "Ai": [
                    [
                        0.0,
                        0.0,
                        0.0,
                        0.0,
                        0.0,
                        0.0
                    ],
                    [
                        -0.6666887809542152,
                        0.0,
                        0.0,
                        0.0,
                        0.0,
                        0.0
                    ],
                    [
                        0.0,
                        0.0,
                        0.0,
                        0.0,
                        0.0,
                        0.0
                    ],
                    [
                        0.5316394108828163,
                        0.7892587900144543,
                        -0.8693385723677273,
                        0.0,
                        0.0,
                        0.0
                    ],
                    [
                        -0.9621043169464486,
                        -0.5226964840449208,
                        0.5851396464995684,
                        0.659450186730705,
                        0.0,
                        0.0
                    ],
                    [
                        -0.6967668281586842,
                        -0.6117831721014568,
                        -0.7273411274054598,
                        0.8686402323905786,
                        -0.6584599337823123,
                        0.0
                    ]
                ]
            },
            "est_params": {
                "mui": [
                    0.09351898088719544,
                    -0.1448221646549897,
                    0.9999997411752255,
                    -1.0750397557684734,
                    -0.0710105130702801,
                    -1.7116911552566159
                ],
                "Si": [
                    [
                        0.9702147938691565,
                        -0.6068987840492441,
                        3.7478984111063975e-07,
                        0.008986539491018575,
                        -0.5750412992375507,
                        0.01717057574407617
                    ],
                    [
                        -0.606898784049244,
                        1.3688088259252364,
                        -4.4520377127526253e-07,
                        0.7750112986664642,
                        0.426022009401795,
                        -0.01466272192196012
                    ],
                    [
                        3.7478984111063975e-07,
                        -4.4520377127526253e-07,
                        1.0006513146252977e-06,
                        -5.273193278538348e-07,
                        -4.5714583692861865e-07,
                        -5.342092001835363e-07
                    ],
                    [
                        0.00898653949101857,
                        0.7750112986664642,
                        -5.273193278538348e-07,
                        1.4984226695871412,
                        0.5330440969502952,
                        0.4979426610248122
                    ],
                    [
                        -0.5750412992375505,
                        0.426022009401795,
                        -4.5714583692861865e-07,
                        0.5330440969502952,
                        1.5036952954905145,
                        -0.2108726053277336
                    ],
                    [
                        0.01717057574407617,
                        -0.014662721921960132,
                        -5.342092001835363e-07,
                        0.4979426610248121,
                        -0.21087260532773353,
                        1.7469188213080526
                    ]
                ]
            },
            "est_tgt": [
                2,
                3,
                5
            ]
        },
        "3": {
            "intv_type": "do",
            "inode": 3,
            "new_mui": 1.0,
            "new_sigmai": 0.0,
            "true_params": {
                "Si": [
                    [
                        1.0,
                        -0.6666887809542152,
                        -1.0899901505063094,
                        0.0,
                        -1.2514248865447593,
                        1.3279099619158445
                    ],
                    [
                        -0.6666887809542152,
                        1.4444739306502177,
                        1.3742529193878579,
                        0.0,
                        0.6905325768220114,
                        -1.8734169185731615
                    ],
                    [
                        -1.0899901505063094,
                        1.3742529193878579,
                        2.607423768452119,
                        0.0,
                        1.8560740822253738,
                        -3.199912791047246
                    ],
                    [
                        0.0,
                        0.0,
                        0.0,
                        0.0,
                        0.0,
                        0.0
                    ],
                    [
                        -1.2514248865447593,
                        0.6905325768220114,
                        1.8560740822253738,
                        0.0,
                        2.929124868005954,
                        -2.8292152435521123
                    ],
                    [
                        1.3279099619158445,
                        -1.8734169185731615,
                        -3.199912791047246,
                        0.0,
                        -2.8292152435521123,
                        5.41123439183349
                    ]
                ],
                "mui": [
                    0.0,
                    0.0,
                    0.0,
                    1.0,
                    0.659450186730705,
                    0.43441870610314515
                ],
                "Ai": [
                    [
                        0.0,
                        0.0,
                        0.0,
                        0.0,
                        0.0,
                        0.0
                    ],
                    [
                        -0.6666887809542152,
                        0.0,
                        0.0,
                        0.0,
                        0.0,
                        0.0
                    ],
                    [
                        -0.6582633535224087,
                        0.6475687146947049,
                        0.0,
                        0.0,
                        0.0,
                        0.0
                    ],
                    [
                        0.0,
                        0.0,
                        0.0,
                        0.0,
                        0.0,
                        0.0
                    ],
                    [
                        -0.9621043169464486,
                        -0.5226964840449208,
                        0.5851396464995684,
                        0.659450186730705,
                        0.0,
                        0.0
                    ],
                    [
                        -0.6967668281586842,
                        -0.6117831721014568,
                        -0.7273411274054598,
                        0.8686402323905786,
                        -0.6584599337823123,
                        0.0
                    ]
                ]
            },
            "est_params": {
                "mui": [
                    0.038058835330057356,
                    0.017748476911255726,
                    -0.18367850119325824,
                    1.000017051686017,
                    0.5614269283837945,
                    0.6048983614585883
                ],
                "Si": [
                    [
                        0.9299056387944655,
                        -0.6021227633302669,
                        -0.9436450821189755,
                        1.35047999915864e-05,
                        -1.079589588109152,
                        1.0056881401523716
                    ],
                    [
                        -0.6021227633302669,
                        1.5766534781067427,
                        1.2808493289780523,
                        -6.093749008006685e-05,
                        0.3856395882522416,
                        -1.6951300607447781
                    ],
                    [
                        -0.9436450821189755,
                        1.280849328978052,
                        2.261941267489089,
                        -2.985379561788385e-05,
                        1.3828385755255639,
                        -2.617737566253969
                    ],
                    [
                        1.35047999915864e-05,
                        -6.093749008006685e-05,
                        -2.985379561788385e-05,
                        1.1079764321873996e-06,
                        -5.9694814071354314e-06,
                        4.51567111226854e-05
                    ],
                    [
                        -1.079589588109152,
                        0.3856395882522416,
                        1.3828385755255639,
                        -5.9694814071354314e-06,
                        2.523235200731032,
                        -1.8216364114587795
                    ],
                    [
                        1.0056881401523716,
                        -1.6951300607447781,
                        -2.617737566253969,
                        4.5156711122685395e-05,
                        -1.8216364114587795,
                        4.268110419428473
                    ]
                ]
            },
            "est_tgt": [
                3
            ]
        },
        "4": {
            "intv_type": "do",
            "inode": 4,
            "new_mui": 1.0,
            "new_sigmai": 0.0,
            "true_params": {
                "Si": [
                    [
                        1.0,
                        -0.6666887809542152,
                        -1.0899901505063094,
                        0.9530199116467201,
                        0.0,
                        1.3317282515137003
                    ],
                    [
                        -0.6666887809542152,
                        1.4444739306502177,
                        1.3742529193878579,
                        -0.40906535504909025,
                        0.0,
                        -1.7740595088371869
                    ],
                    [
                        -1.0899901505063094,
                        1.3742529193878579,
                        2.607423768452119,
                        -1.7615745815771993,
                        0.0,
                        -3.507936927684615
                    ],
                    [
                        0.9530199116467201,
                        -0.40906535504909025,
                        -1.7615745815771993,
                        2.715209249092177,
                        0.0,
                        3.2260322747922245
                    ],
                    [
                        0.0,
                        0.0,
                        0.0,
                        0.0,
                        0.0,
                        0.0
                    ],
                    [
                        1.3317282515137003,
                        -1.7740595088371869,
                        -3.507936927684615,
                        3.2260322747922245,
                        0.0,
                        6.511163908761052
                    ]
                ],
                "mui": [
                    0.0,
                    0.0,
                    0.0,
                    0.0,
                    1.0,
                    -0.6584599337823123
                ],
                "Ai": [
                    [
                        0.0,
                        0.0,
                        0.0,
                        0.0,
                        0.0,
                        0.0
                    ],
                    [
                        -0.6666887809542152,
                        0.0,
                        0.0,
                        0.0,
                        0.0,
                        0.0
                    ],
                    [
                        -0.6582633535224087,
                        0.6475687146947049,
                        0.0,
                        0.0,
                        0.0,
                        0.0
                    ],
                    [
                        0.5316394108828163,
                        0.7892587900144543,
                        -0.8693385723677273,
                        0.0,
                        0.0,
                        0.0
                    ],
                    [
                        0.0,
                        0.0,
                        0.0,
                        0.0,
                        0.0,
                        0.0
                    ],
                    [
                        -0.6967668281586842,
                        -0.6117831721014568,
                        -0.7273411274054598,
                        0.8686402323905786,
                        -0.6584599337823123,
                        0.0
                    ]
                ]
            },
            "est_params": {
                "mui": [
                    -0.12445965273635774,
                    0.09935225675554403,
                    -0.018410257349456855,
                    0.015508762920465448,
                    1.0,
                    -0.5676661553321447
                ],
                "Si": [
                    [
                        1.080071286665441,
                        -0.7128767796734825,
                        -1.2210650703058539,
                        1.0703823391633702,
                        1.4969539726932306e-34,
                        1.5089926698050735
                    ],
                    [
                        -0.7128767796734825,
                        1.4208205136526129,
                        1.4286566733979775,
                        -0.579613057354544,
                        6.704199282021462e-34,
                        -1.9188995707245917
                    ],
                    [
                        -1.2210650703058539,
                        1.4286566733979775,
                        2.5459231934327824,
                        -1.8359488852750998,
                        1.0817829147135304e-34,
                        -3.4711217373515035
                    ],
                    [
                        1.0703823391633704,
                        -0.5796130573545439,
                        -1.8359488852750998,
                        2.625669321556129,
                        1.604807260522434e-33,
                        3.2912848016560563
                    ],
                    [
                        1.4969539726932306e-34,
                        6.7041992820214625e-34,
                        1.0817829147135304e-34,
                        1.604807260522434e-33,
                        1e-06,
                        1.0084475185589907e-33
                    ],
                    [
                        1.5089926698050735,
                        -1.9188995707245913,
                        -3.4711217373515035,
                        3.2912848016560563,
                        1.0084475185589907e-33,
                        6.677500354113836
                    ]
                ]
            },
            "est_tgt": [
                4
            ]
        },
        "5": {
            "intv_type": "do",
            "inode": 5,
            "new_mui": 1.0,
            "new_sigmai": 0.0,
            "true_params": {
                "Si": [
                    [
                        1.0,
                        -0.6666887809542152,
                        -1.0899901505063094,
                        0.9530199116467201,
                        -0.6229557278512498,
                        0.0
                    ],
                    [
                        -0.6666887809542152,
                        1.4444739306502177,
                        1.3742529193878579,
                        -0.40906535504909025,
                        0.4207743520498267,
                        0.0
                    ],
                    [
                        -1.0899901505063094,
                        1.3742529193878579,
                        2.607423768452119,
                        -1.7615745815771993,
                        0.6944033954642264,
                        0.0
                    ],
                    [
                        0.9530199116467201,
                        -0.40906535504909025,
                        -1.7615745815771993,
                        2.715209249092177,
                        0.05669057007757994,
                        0.0
                    ],
                    [
                        -0.6229557278512498,
                        0.4207743520498267,
                        0.6944033954642264,
                        0.05669057007757994,
                        1.8231186850130479,
                        0.0
                    ],
                    [
                        0.0,
                        0.0,
                        0.0,
                        0.0,
                        0.0,
                        0.0
                    ]
                ],
                "mui": [
                    0.0,
                    0.0,
                    0.0,
                    0.0,
                    0.0,
                    1.0
                ],
                "Ai": [
                    [
                        0.0,
                        0.0,
                        0.0,
                        0.0,
                        0.0,
                        0.0
                    ],
                    [
                        -0.6666887809542152,
                        0.0,
                        0.0,
                        0.0,
                        0.0,
                        0.0
                    ],
                    [
                        -0.6582633535224087,
                        0.6475687146947049,
                        0.0,
                        0.0,
                        0.0,
                        0.0
                    ],
                    [
                        0.5316394108828163,
                        0.7892587900144543,
                        -0.8693385723677273,
                        0.0,
                        0.0,
                        0.0
                    ],
                    [
                        -0.9621043169464486,
                        -0.5226964840449208,
                        0.5851396464995684,
                        0.659450186730705,
                        0.0,
                        0.0
                    ],
                    [
                        0.0,
                        0.0,
                        0.0,
                        0.0,
                        0.0,
                        0.0
                    ]
                ]
            },
            "est_params": {
                "mui": [
                    -0.06820993262268556,
                    0.09606076882804511,
                    0.12406451321892167,
                    -0.11427120179683274,
                    -0.10518493361438994,
                    1.0000000000000004
                ],
                "Si": [
                    [
                        0.8992294142859526,
                        -0.5339601844577451,
                        -0.9378122299761317,
                        0.8621475276185351,
                        -0.582580156248814,
                        -3.1498147509224333e-27
                    ],
                    [
                        -0.533960184457745,
                        1.1157118588153805,
                        0.9962059157917036,
                        -0.2645549324370302,
                        0.482085862179221,
                        3.5036878881589316e-27
                    ],
                    [
                        -0.9378122299761317,
                        0.9962059157917036,
                        2.2112700391392535,
                        -1.489731568128548,
                        0.9247672260041049,
                        2.859972571068116e-27
                    ],
                    [
                        0.8621475276185351,
                        -0.2645549324370302,
                        -1.4897315681285481,
                        2.4568759832540716,
                        -0.051907442088062965,
                        -5.198756559291726e-27
                    ],
                    [
                        -0.582580156248814,
                        0.4820858621792211,
                        0.9247672260041051,
                        -0.05190744208806295,
                        1.8506586082965266,
                        -9.645710550656073e-27
                    ],
                    [
                        -3.1498228888991812e-27,
                        3.5036797501821836e-27,
                        2.859961720432452e-27,
                        -5.198742995997146e-27,
                        -9.645702412679325e-27,
                        1e-06
                    ]
                ]
            },
            "est_tgt": [
                2,
                5
            ]
        },
        "obs": {
            "intv_type": "obs",
            "true_params": {
                "Si": [
                    [
                        1.0,
                        -0.6666887809542152,
                        -1.0899901505063094,
                        0.9530199116467201,
                        -0.6229557278512498,
                        1.7419196388239464
                    ],
                    [
                        -0.6666887809542152,
                        1.4444739306502177,
                        1.3742529193878579,
                        -0.40906535504909025,
                        0.4207743520498267,
                        -2.051122560825211
                    ],
                    [
                        -1.0899901505063094,
                        1.3742529193878579,
                        2.607423768452119,
                        -1.7615745815771993,
                        0.6944033954642264,
                        -3.9651737414802017
                    ],
                    [
                        0.9530199116467201,
                        -0.40906535504909025,
                        -1.7615745815771993,
                        2.715209249092177,
                        0.05669057007757994,
                        3.1887038057728594
                    ],
                    [
                        -0.6229557278512498,
                        0.4207743520498267,
                        0.6944033954642264,
                        0.05669057007757994,
                        1.8231186850130479,
                        -1.4796428284333523
                    ],
                    [
                        1.7419196388239464,
                        -2.051122560825211,
                        -3.9651737414802017,
                        3.1887038057728594,
                        -1.4796428284333523,
                        7.669286318169521
                    ]
                ],
                "mui": [
                    0.0,
                    0.0,
                    0.0,
                    0.0,
                    0.0,
                    0.0
                ],
                "Ai": [
                    [
                        0.0,
                        0.0,
                        0.0,
                        0.0,
                        0.0,
                        0.0
                    ],
                    [
                        -0.6666887809542152,
                        0.0,
                        0.0,
                        0.0,
                        0.0,
                        0.0
                    ],
                    [
                        -0.6582633535224087,
                        0.6475687146947049,
                        0.0,
                        0.0,
                        0.0,
                        0.0
                    ],
                    [
                        0.5316394108828163,
                        0.7892587900144543,
                        -0.8693385723677273,
                        0.0,
                        0.0,
                        0.0
                    ],
                    [
                        -0.9621043169464486,
                        -0.5226964840449208,
