{
    "expt_args": {
        "save_dir": "expt_logs_30.04.24-spallunk",
        "exp_name": "50",
        "num_nodes": 6,
        "obs_noise_mean": 0.0,
        "obs_noise_var": 1.0,
        "max_edge_strength": 1.0,
        "graph_sparsity_method": "adj_dense_prop",
        "adj_dense_prop": 0.96,
        "num_parents": null,
        "new_noise_mean": 1.0,
        "mix_samples": 4096,
        "stage2_samples": 4096,
        "gmm_tol": 0.001,
        "intv_type": "do",
        "new_noise_sigma": 0.0,
        "intv_targets": [
            0,
            1,
            2,
            3,
            4,
            5
        ]
    },
    "intv_args_dict": {
        "0": {
            "intv_type": "do",
            "inode": 0,
            "new_mui": 1.0,
            "new_sigmai": 0.0,
            "true_params": {
                "Si": [
                    [
                        0.0,
                        0.0,
                        0.0,
                        0.0,
                        0.0,
                        0.0
                    ],
                    [
                        0.0,
                        1.0,
                        -0.9658840711476713,
                        -0.11459620860347358,
                        -1.961300770008021,
                        3.4175853518780297
                    ],
                    [
                        0.0,
                        -0.9658840711476713,
                        1.9329320388967997,
                        -0.3935016498817059,
                        2.345233957011758,
                        -5.060129656144619
                    ],
                    [
                        0.0,
                        -0.11459620860347358,
                        -0.3935016498817059,
                        1.2673381352888817,
                        0.9467386172637726,
                        0.34792968553108267
                    ],
                    [
                        0.0,
                        -1.961300770008021,
                        2.345233957011758,
                        0.9467386172637726,
                        5.95111637005055,
                        -8.633938416842978
                    ],
                    [
                        0.0,
                        3.4175853518780297,
                        -5.060129656144619,
                        0.34792968553108267,
                        -8.633938416842978,
                        16.79224766234532
                    ]
                ],
                "mui": [
                    1.0,
                    0.886330652928475,
                    0.031205672251777616,
                    0.09314252528990538,
                    0.10783351117286163,
                    -0.056563321546536205
                ],
                "Ai": [
                    [
                        0.0,
                        0.0,
                        0.0,
                        0.0,
                        0.0,
                        0.0
                    ],
                    [
                        0.886330652928475,
                        0.0,
                        0.0,
                        0.0,
                        0.0,
                        0.0
                    ],
                    [
                        0.8872983316853067,
                        -0.9658840711476713,
                        0.0,
                        0.0,
                        0.0,
                        0.0
                    ],
                    [
                        0.6420780972466433,
                        -0.6015836587368228,
                        -0.5041883023857168,
                        0.0,
                        0.0,
                        0.0
                    ],
                    [
                        0.836641300661025,
                        -0.9547586290660146,
                        0.9294665308417094,
                        0.9492916516420948,
                        0.0,
                        0.0
                    ],
                    [
                        -0.5951763546705944,
                        0.6769267830945855,
                        -0.9057980735166407,
                        0.8000612032735033,
                        -0.9980349002949429,
                        0.0
                    ]
                ]
            },
            "est_params": {
                "mui": [
                    0.9999986157486629,
                    0.898611242729519,
                    0.012666356673042492,
                    0.1013547778584097,
                    0.08071751427468382,
                    -0.028603117282494258
                ],
                "Si": [
                    [
                        1.0057653399593e-06,
                        4.610417319898243e-07,
                        -4.2957487483777287e-07,
                        -6.009226634822116e-07,
                        -4.643276828991061e-06,
                        1.7068309403331714e-06
                    ],
                    [
                        4.610417319898245e-07,
                        0.9208329251332499,
                        -0.8682970756028071,
                        -0.13477308698417537,
                        -1.8187703352570475,
                        3.1284645938843134
                    ],
                    [
                        -4.2957487483777287e-07,
                        -0.868297075602807,
                        1.7852547569996382,
                        -0.35803756441560347,
                        2.183355768348271,
                        -4.687970555344117
                    ],
                    [
                        -6.009226634822116e-07,
                        -0.1347730869841754,
                        -0.35803756441560347,
                        1.2178211156674055,
                        1.0036858211368056,
                        0.19863565976162972
                    ],
                    [
                        -4.643276828991061e-06,
                        -1.8187703352570475,
                        2.183355768348271,
                        1.0036858211368056,
                        5.873552623675892,
                        -8.301126721859031
                    ],
                    [
                        1.7068309403331714e-06,
                        3.1284645938843134,
                        -4.687970555344117,
                        0.1986356597616297,
                        -8.301126721859031,
                        15.812401576867456
                    ]
                ]
            },
            "est_tgt": [
                0
            ]
        },
        "1": {
            "intv_type": "do",
            "inode": 1,
            "new_mui": 1.0,
            "new_sigmai": 0.0,
            "true_params": {
                "Si": [
                    [
                        1.0,
                        0.0,
                        0.8872983316853067,
                        0.19471265768454993,
                        1.8461945032431917,
                        -3.085673977915382
                    ],
                    [
                        0.0,
                        0.0,
                        0.0,
                        0.0,
                        0.0,
                        0.0
                    ],
                    [
                        0.8872983316853067,
                        0.0,
                        1.7872983294115286,
                        -0.33142008606420337,
                        2.088970087225616,
                        -4.497051775707104
                    ],
                    [
                        0.19471265768454993,
                        0.0,
                        -0.33142008606420337,
                        1.2921188633251717,
                        1.0814584234188693,
                        0.13875222844711183
                    ],
                    [
                        1.8461945032431917,
                        0.0,
                        2.088970087225616,
                        1.0814584234188693,
                        5.51284980342187,
                        -7.627779971464398
                    ],
                    [
                        -3.085673977915382,
                        0.0,
                        -4.497051775707104,
                        0.13875222844711183,
                        -7.627779971464398,
                        14.633741922958182
                    ]
                ],
                "mui": [
                    0.0,
                    1.0,
                    -0.9658840711476713,
                    -0.11459620860347358,
                    -1.961300770008021,
                    3.4175853518780297
                ],
                "Ai": [
                    [
                        0.0,
                        0.0,
                        0.0,
                        0.0,
                        0.0,
                        0.0
                    ],
                    [
                        0.0,
                        0.0,
                        0.0,
                        0.0,
                        0.0,
                        0.0
                    ],
                    [
                        0.8872983316853067,
                        -0.9658840711476713,
                        0.0,
                        0.0,
                        0.0,
                        0.0
                    ],
                    [
                        0.6420780972466433,
                        -0.6015836587368228,
                        -0.5041883023857168,
                        0.0,
                        0.0,
                        0.0
                    ],
                    [
                        0.836641300661025,
                        -0.9547586290660146,
                        0.9294665308417094,
                        0.9492916516420948,
                        0.0,
                        0.0
                    ],
                    [
                        -0.5951763546705944,
                        0.6769267830945855,
                        -0.9057980735166407,
                        0.8000612032735033,
                        -0.9980349002949429,
                        0.0
                    ]
                ]
            },
            "est_params": {
                "mui": [
                    -0.09984640947131697,
                    1.0000028568147057,
                    -1.0126912326143283,
                    -0.15543468392276974,
                    -2.1334013285182043,
                    3.6150470131071475
                ],
                "Si": [
                    [
                        1.0895220726070396,
                        5.520866712080022e-07,
                        0.9463139248995405,
                        0.22315387491856825,
                        1.9851227020556201,
                        -3.233931029721987
                    ],
                    [
                        5.520866712080022e-07,
                        1.0055454105162987e-06,
                        1.4509876115318147e-06,
                        1.7435689982604985e-06,
                        4.937061740456515e-06,
                        -2.813047751251733e-06
                    ],
                    [
                        0.9463139248995405,
                        1.4509876115318152e-06,
                        1.8152891935310598,
                        -0.28585937676266504,
                        2.1282400936076726,
                        -4.517491747281869
                    ],
                    [
                        0.2231538749185682,
                        1.7435689982604985e-06,
                        -0.28585937676266504,
                        1.2512798582623252,
                        1.1883429002678583,
                        -0.02571136871147176
                    ],
                    [
                        1.9851227020556201,
                        4.937061740456515e-06,
                        2.1282400936076726,
                        1.1883429002678583,
                        5.668905820930775,
                        -7.67564969761772
                    ],
                    [
                        -3.233931029721987,
                        -2.813047751251734e-06,
                        -4.517491747281869,
                        -0.025711368711471744,
                        -7.675649697617722,
                        14.464584754521766
                    ]
                ]
            },
            "est_tgt": [
                1,
                2,
                3,
                5
            ]
        },
        "2": {
            "intv_type": "do",
            "inode": 2,
            "new_mui": 1.0,
            "new_sigmai": 0.0,
            "true_params": {
                "Si": [
                    [
                        1.0,
                        0.886330652928475,
                        0.0,
                        0.1088760602073342,
                        0.09376459659035308,
                        -0.0016682250976885887
                    ],
                    [
                        0.886330652928475,
                        1.7855820263206168,
                        0.0,
                        -0.5050834692049764,
                        -1.4427305379516848,
                        1.7169829904573393
                    ],
                    [
                        0.0,
                        0.0,
                        0.0,
                        0.0,
                        0.0,
                        0.0
                    ],
                    [
                        0.1088760602073342,
                        -0.5050834692049764,
                        0.0,
                        1.373756894945453,
                        1.8774189610022471,
                        -1.1813450358086572
                    ],
                    [
                        0.09376459659035308,
                        -1.4427305379516848,
                        0.0,
                        1.8774189610022471,
                        4.238124910887743,
                        -3.7601759126111736
                    ],
                    [
                        -0.0016682250976885887,
                        1.7169829904573393,
                        0.0,
                        -1.1813450358086572,
                        -3.7601759126111736,
                        4.970903121694905
                    ]
                ],
                "mui": [
                    0.0,
                    0.0,
                    1.0,
                    -0.5041883023857168,
                    0.45084478453134835,
                    -1.7591384029780215
                ],
                "Ai": [
                    [
                        0.0,
                        0.0,
                        0.0,
                        0.0,
                        0.0,
                        0.0
                    ],
                    [
                        0.886330652928475,
                        0.0,
                        0.0,
                        0.0,
                        0.0,
                        0.0
                    ],
                    [
                        0.0,
                        0.0,
                        0.0,
                        0.0,
                        0.0,
                        0.0
                    ],
                    [
                        0.6420780972466433,
                        -0.6015836587368228,
                        -0.5041883023857168,
                        0.0,
                        0.0,
                        0.0
                    ],
                    [
                        0.836641300661025,
                        -0.9547586290660146,
                        0.9294665308417094,
                        0.9492916516420948,
                        0.0,
                        0.0
                    ],
                    [
                        -0.5951763546705944,
                        0.6769267830945855,
                        -0.9057980735166407,
                        0.8000612032735033,
                        -0.9980349002949429,
                        0.0
                    ]
                ]
            },
            "est_params": {
                "mui": [
                    0.05332153779173238,
                    0.07615415318550842,
                    1.0000019142657406,
                    -0.43734197708102374,
                    0.43253450257210224,
                    -1.7348996920649398
                ],
                "Si": [
                    [
                        1.0412856365443501,
                        0.8959328495272377,
                        -9.560726753012237e-07,
                        0.069077353756998,
                        0.1066570911975089,
                        -0.06887086945717914
                    ],
                    [
                        0.8959328495272377,
                        1.7268545092262353,
                        -2.5256285174609727e-06,
                        -0.48690923131018066,
                        -1.2816582184830905,
                        1.4806521623928908
                    ],
                    [
                        -9.560726753012235e-07,
                        -2.5256285174609723e-06,
                        1.009869488901667e-06,
                        -3.7307122209633203e-07,
                        -4.987452553042581e-06,
                        2.0596045970629106e-06
                    ],
                    [
                        0.06907735375699797,
                        -0.48690923131018066,
                        -3.730712220963321e-07,
                        1.3400023911219416,
                        1.7451135055640201,
                        -1.0582877908905561
                    ],
                    [
                        0.10665709119750885,
                        -1.2816582184830905,
                        -4.987452553042581e-06,
                        1.7451135055640201,
                        3.9770033084703056,
                        -3.4727747119723595
                    ],
                    [
                        -0.0688708694571791,
                        1.4806521623928908,
                        2.0596045970629106e-06,
                        -1.0582877908905561,
                        -3.4727747119723595,
                        4.577606673784444
                    ]
                ]
            },
            "est_tgt": [
                1,
                2,
                5
            ]
        },
        "3": {
            "intv_type": "do",
            "inode": 3,
            "new_mui": 1.0,
            "new_sigmai": 0.0,
            "true_params": {
                "Si": [
                    [
                        1.0,
                        0.886330652928475,
                        0.031205672251777616,
                        0.0,
                        0.019414089502291766,
                        -0.04283737371478691
                    ],
                    [
                        0.886330652928475,
                        1.7855820263206168,
                        -0.9382255272856812,
                        0.0,
                        -1.8353082432463295,
                        3.362729804684291
                    ],
                    [
                        0.031205672251777616,
                        -0.9382255272856812,
                        1.933905832877485,
                        0.0,
                        2.7193876178659275,
                        -5.11945479410172
                    ],
                    [
                        0.0,
                        0.0,
                        0.0,
                        0.0,
                        0.0,
                        0.0
                    ],
                    [
                        0.019414089502291766,
                        -1.8353082432463295,
                        2.7193876178659275,
                        0.0,
                        5.2960987865195115,
                        -9.002831601871067
                    ],
                    [
                        -0.04283737371478691,
                        3.362729804684291,
                        -5.11945479410172,
                        0.0,
                        -9.002831601871067,
                        16.92415009113087
                    ]
                ],
                "mui": [
                    0.0,
                    0.0,
                    0.0,
                    1.0,
                    0.9492916516420948,
                    -0.14736499562393657
                ],
                "Ai": [
                    [
                        0.0,
                        0.0,
                        0.0,
                        0.0,
                        0.0,
                        0.0
                    ],
                    [
                        0.886330652928475,
                        0.0,
                        0.0,
                        0.0,
                        0.0,
                        0.0
                    ],
                    [
                        0.8872983316853067,
                        -0.9658840711476713,
                        0.0,
                        0.0,
                        0.0,
                        0.0
                    ],
                    [
                        0.0,
                        0.0,
                        0.0,
                        0.0,
                        0.0,
                        0.0
                    ],
                    [
                        0.836641300661025,
                        -0.9547586290660146,
                        0.9294665308417094,
                        0.9492916516420948,
                        0.0,
                        0.0
                    ],
                    [
                        -0.5951763546705944,
                        0.6769267830945855,
                        -0.9057980735166407,
                        0.8000612032735033,
                        -0.9980349002949429,
                        0.0
                    ]
                ]
            },
            "est_params": {
                "mui": [
                    0.017353094737197986,
                    0.005173923447052272,
                    0.02281229319574808,
                    1.0000022430460314,
                    0.9518539594523213,
                    -0.21293897269600226
                ],
                "Si": [
                    [
                        1.0396484512120794,
                        0.9071496535957111,
                        0.05992970414627272,
                        3.278395934209795e-06,
                        -0.01739392745823202,
                        -0.04845617821559164
                    ],
                    [
                        0.9071496535957111,
                        1.7287883164506472,
                        -0.841204606674363,
                        1.3764050875370225e-06,
                        -1.702524473562642,
                        3.162613170852967
                    ],
                    [
                        0.059929704146272696,
                        -0.841204606674363,
                        1.9083998872973118,
                        -3.2308370426037155e-06,
                        2.5566956886143073,
                        -4.911320226857267
                    ],
                    [
                        3.2783959342097958e-06,
                        1.3764050875370225e-06,
                        -3.2308370426037163e-06,
                        1.0104230816553721e-06,
                        1.3777807539055423e-06,
                        -1.464431168716274e-06
                    ],
                    [
                        -0.017393927458232046,
                        -1.702524473562642,
                        2.5566956886143073,
                        1.3777807539055425e-06,
                        4.846031801727524,
                        -8.334237348827648
                    ],
                    [
                        -0.048456178215591623,
                        3.162613170852967,
                        -4.911320226857267,
                        -1.464431168716274e-06,
                        -8.334237348827648,
                        16.109288518291134
                    ]
                ]
            },
            "est_tgt": [
                3
            ]
        },
        "4": {
            "intv_type": "do",
            "inode": 4,
            "new_mui": 1.0,
            "new_sigmai": 0.0,
            "true_params": {
                "Si": [
                    [
                        1.0,
                        0.886330652928475,
                        0.031205672251777616,
                        0.09314252528990538,
                        0.0,
                        0.05105828602532436
                    ],
                    [
                        0.886330652928475,
                        1.7855820263206168,
                        -0.9382255272856812,
                        -0.03204113334786475,
                        0.0,
                        1.5053932574249143
                    ],
                    [
                        0.031205672251777616,
                        -0.9382255272856812,
                        1.933905832877485,
                        -0.3905950747648062,
                        0.0,
                        -2.7179110095506314
                    ],
                    [
                        0.09314252528990538,
                        -0.03204113334786475,
                        -0.3905950747648062,
                        1.2760136653062624,
                        0.0,
                        1.297563564714677
                    ],
                    [
                        0.0,
                        0.0,
                        0.0,
                        0.0,
                        0.0,
                        0.0
                    ],
                    [
                        0.05105828602532436,
                        1.5053932574249143,
                        -2.7179110095506314,
                        1.297563564714677,
                        0.0,
                        5.4886611538387555
                    ]
                ],
                "mui": [
                    0.0,
                    0.0,
                    0.0,
                    0.0,
                    1.0,
                    -0.9980349002949429
                ],
                "Ai": [
                    [
                        0.0,
                        0.0,
                        0.0,
                        0.0,
                        0.0,
                        0.0
                    ],
                    [
                        0.886330652928475,
                        0.0,
                        0.0,
                        0.0,
                        0.0,
                        0.0
                    ],
                    [
                        0.8872983316853067,
                        -0.9658840711476713,
                        0.0,
                        0.0,
                        0.0,
                        0.0
                    ],
                    [
                        0.6420780972466433,
                        -0.6015836587368228,
                        -0.5041883023857168,
                        0.0,
                        0.0,
                        0.0
                    ],
                    [
                        0.0,
                        0.0,
                        0.0,
                        0.0,
                        0.0,
                        0.0
                    ],
                    [
                        -0.5951763546705944,
                        0.6769267830945855,
                        -0.9057980735166407,
                        0.8000612032735033,
                        -0.9980349002949429,
                        0.0
                    ]
                ]
            },
            "est_params": {
                "mui": [
                    0.06499317628089811,
                    0.002192828716474559,
                    -0.020825984138160454,
                    0.12005914006438635,
                    0.9999943330352533,
                    -0.9082306980128251
                ],
                "Si": [
                    [
                        1.0651779829096129,
                        0.9128680107374592,
                        0.10087819903259511,
                        0.055508425515574694,
                        -2.396077854030568e-06,
                        -0.05325791412712357
                    ],
                    [
                        0.9128680107374592,
                        1.7582713605841103,
                        -0.865764543758313,
                        -0.07624244745702058,
                        1.8772433242430187e-06,
                        1.4626788392527401
                    ],
                    [
                        0.10087819903259511,
                        -0.865764543758313,
                        1.9420495309613681,
                        -0.37451801438178683,
                        3.073095781332908e-07,
                        -2.823489826300688
                    ],
                    [
                        0.055508425515574694,
                        -0.07624244745702058,
                        -0.37451801438178683,
                        1.323094358805824,
                        3.012068788019103e-06,
                        1.333035934894699
                    ],
                    [
                        -2.396077854030568e-06,
                        1.8772433242430187e-06,
                        3.073095781332908e-07,
                        3.0120687880191033e-06,
                        1.0223659764049198e-06,
                        9.529626686141306e-06
                    ],
                    [
                        -0.05325791412712362,
                        1.4626788392527401,
                        -2.823489826300688,
                        1.333035934894699,
                        9.529626686141306e-06,
                        5.7747760645995605
                    ]
                ]
            },
            "est_tgt": [
                1,
                4,
                5
            ]
        },
        "5": {
            "intv_type": "do",
            "inode": 5,
            "new_mui": 1.0,
            "new_sigmai": 0.0,
            "true_params": {
                "Si": [
                    [
                        1.0,
                        0.886330652928475,
                        0.031205672251777616,
                        0.09314252528990538,
                        0.10783351117286163,
                        0.0
                    ],
                    [
                        0.886330652928475,
                        1.7855820263206168,
                        -0.9382255272856812,
                        -0.03204113334786475,
                        -1.8657246236426084,
                        0.0
                    ],
                    [
                        0.031205672251777616,
                        -0.9382255272856812,
                        1.933905832877485,
                        -0.3905950747648062,
                        2.348598974219177,
                        0.0
                    ],
                    [
                        0.09314252528990538,
                        -0.03204113334786475,
                        -0.3905950747648062,
                        1.2760136653062624,
                        0.9567825028052901,
                        0.0
                    ],
                    [
                        0.10783351117286163,
                        -1.8657246236426084,
                        2.348598974219177,
                        0.9567825028052901,
                        5.962744436182417,
                        0.0
                    ],
                    [
                        0.0,
                        0.0,
                        0.0,
                        0.0,
                        0.0,
                        0.0
                    ]
                ],
                "mui": [
                    0.0,
                    0.0,
                    0.0,
                    0.0,
                    0.0,
                    1.0
                ],
                "Ai": [
                    [
                        0.0,
                        0.0,
                        0.0,
                        0.0,
                        0.0,
                        0.0
                    ],
                    [
                        0.886330652928475,
                        0.0,
                        0.0,
                        0.0,
                        0.0,
                        0.0
                    ],
                    [
                        0.8872983316853067,
                        -0.9658840711476713,
                        0.0,
                        0.0,
                        0.0,
                        0.0
                    ],
                    [
                        0.6420780972466433,
                        -0.6015836587368228,
                        -0.5041883023857168,
                        0.0,
                        0.0,
                        0.0
                    ],
                    [
                        0.836641300661025,
                        -0.9547586290660146,
                        0.9294665308417094,
                        0.9492916516420948,
                        0.0,
                        0.0
                    ],
                    [
                        0.0,
                        0.0,
                        0.0,
                        0.0,
                        0.0,
                        0.0
                    ]
                ]
            },
            "est_params": {
                "mui": [
                    -0.002941038407988199,
                    -0.019828007095697753,
                    0.12243087774286382,
                    -0.1315099054934271,
                    0.010066319104999319,
                    0.9999993906724574
                ],
                "Si": [
                    [
                        1.020343449994834,
                        0.9278135067157549,
                        0.048959604509811724,
                        0.14289434313468863,
                        0.1502005456133849,
                        -6.100752248186712e-07
                    ],
                    [
                        0.9278135067157549,
                        1.7916685557295593,
                        -0.8955036928934285,
                        0.022869713428262165,
                        -1.7355281095800275,
                        -7.513042736533264e-07
                    ],
                    [
                        0.04895960450981173,
                        -0.8955036928934285,
                        1.9091428682337548,
                        -0.3564553404481902,
                        2.322418027503448,
                        4.2790593214928843e-07
                    ],
                    [
                        0.14289434313468866,
                        0.022869713428262176,
                        -0.35645534044819027,
                        1.3274048008500767,
                        1.0164056973974576,
                        -7.414642284317103e-07
                    ],
                    [
                        0.15020054561338492,
                        -1.7355281095800277,
                        2.322418027503448,
                        1.0164056973974573,
                        5.838854615369625,
                        1.8979580859001142e-07
                    ],
                    [
                        -6.100752248186711e-07,
                        -7.513042736533264e-07,
                        4.279059321492883e-07,
                        -7.414642284317103e-07,
                        1.8979580859001142e-07,
                        1.0007944223567736e-06
                    ]
                ]
            },
            "est_tgt": [
                1,
                4,
                5
            ]
        },
        "obs": {
            "intv_type": "obs",
            "true_params": {
                "Si": [
                    [
                        1.0,
                        0.886330652928475,
                        0.031205672251777616,
                        0.09314252528990538,
                        0.10783351117286163,
                        -0.056563321546536205
                    ],
                    [
                        0.886330652928475,
                        1.7855820263206168,
                        -0.9382255272856812,
                        -0.03204113334786475,
                        -1.8657246236426084,
                        3.367451546159885
                    ],
                    [
                        0.031205672251777616,
                        -0.9382255272856812,
                        1.933905832877485,
                        -0.3905950747648062,
                        2.348598974219177,
                        -5.061894752618272
                    ],
                    [
                        0.09314252528990538,
                        -0.03204113334786475,
                        -0.3905950747648062,
                        1.2760136653062624,
                        0.9567825028052901,
                        0.34266123492345335
                    ],
                    [
                        0.10783351117286163,
                        -1.8657246236426084,
                        2.348598974219177,
                        0.9567825028052901,
                        5.962744436182417,
                        -8.640037838408942
                    ],
                    [
                        -0.056563321546536205,
                        3.367451546159885,
                        -5.061894752618272,
                        0.34266123492345335,
                        -8.640037838408942,
                        16.795447071689697
                    ]
                ],
                "mui": [
                    0.0,
                    0.0,
                    0.0,
                    0.0,
                    0.0,
                    0.0
                ],
                "Ai": [
                    [
                        0.0,
                        0.0,
                        0.0,
                        0.0,
                        0.0,
                        0.0
                    ],
                    [
                        0.886330652928475,
                        0.0,
                        0.0,
                        0.0,
                        0.0,
                        0.0
                    ],
                    [
                        0.8872983316853067,
                        -0.9658840711476713,
                        0.0,
                        0.0,
                        0.0,
                        0.0
                    ],
                    [
                        0.6420780972466433,
                        -0.6015836587368228,
                        -0.5041883023857168,
                        0.0,
                        0.0,
