{
    "expt_args": {
        "save_dir": "expt_logs_29.04.24-2",
        "exp_name": "614",
        "num_nodes": 6,
        "obs_noise_mean": 0.5,
        "obs_noise_var": 1.0,
        "max_edge_strength": 10.0,
        "num_parents": 2,
        "new_noise_mean": 10.0,
        "mix_samples": 65536,
        "stage2_samples": 65536,
        "intv_targets": [
            0,
            1,
            2,
            3,
            4,
            5
        ]
    },
    "intv_args_dict": {
        "0": {
            "intv_type": "do",
            "inode": 0,
            "new_mui": 10.0,
            "true_params": {
                "Si": [
                    [
                        1.0707745415310363e-32,
                        1.0279352122494483e-16,
                        9.364445339176823e-16,
                        9.879848355160961e-16,
                        5.902578726235118e-16,
                        -2.8467485854057398e-15
                    ],
                    [
                        1.0279352122494483e-16,
                        0.9999999999999984,
                        9.103047238807383,
                        9.624327941358834,
                        5.62749466152258,
                        -27.731237330411265
                    ],
                    [
                        9.364445339176823e-16,
                        9.103047238807383,
                        83.86546903195885,
                        87.6107118919634,
                        51.22734973997649,
                        -252.43876340931288
                    ],
                    [
                        9.879848355160961e-16,
                        9.624327941358834,
                        87.6107118919634,
                        93.6276883228205,
                        54.16085411073952,
                        -269.77589099185764
                    ],
                    [
                        5.902578726235118e-16,
                        5.62749466152258,
                        51.22734973997649,
                        54.16085411073952,
                        32.66869616546519,
                        -156.0573900343053
                    ],
                    [
                        -2.8467485854057398e-15,
                        -27.731237330411265,
                        -252.43876340931288,
                        -269.77589099185764,
                        -156.0573900343053,
                        778.3238094858715
                    ]
                ],
                "mui": [
                    9.999999999999996,
                    82.30586561007664,
                    733.2365834584523,
                    851.7596227145336,
                    550.0799437479467,
                    -2413.3267442542106
                ],
                "Ai": [
                    [
                        0.0,
                        0.0,
                        0.0,
                        0.0,
                        0.0,
                        0.0
                    ],
                    [
                        8.180586561007669,
                        0.0,
                        0.0,
                        0.0,
                        0.0,
                        0.0
                    ],
                    [
                        -1.6497599221008397,
                        9.103047238807395,
                        0.0,
                        0.0,
                        0.0,
                        0.0
                    ],
                    [
                        5.9120980585746805,
                        9.624327941358848,
                        0.0,
                        0.0,
                        0.0,
                        0.0
                    ],
                    [
                        8.640412441524486,
                        5.627494661522588,
                        -0.0,
                        0.0,
                        0.0,
                        0.0
                    ],
                    [
                        4.0406776244820914,
                        0.0,
                        -0.0,
                        -2.881368704327002,
                        0.0,
                        0.0
                    ]
                ]
            },
            "est_params": {
                "mui": [
                    -0.5559529632367408,
                    -4.097735925262951,
                    -35.7145837848419,
                    -42.06664250317877,
                    -27.4194812484795,
                    9.999999999999993
                ],
                "Si": [
                    [
                        0.6103254447039578,
                        4.942895751080884,
                        44.029361677678324,
                        51.09085958013187,
                        33.016230931146175,
                        -3.06673591243742e-30
                    ],
                    [
                        4.942895751080883,
                        41.022552003990945,
                        365.5208886473013,
                        423.39141449595184,
                        272.97784725342666,
                        -6.83302450797042e-30
                    ],
                    [
                        44.029361677678324,
                        365.5208886473013,
                        3257.6738776879342,
                        3772.5343390124845,
                        2432.2432343396704,
                        -1.01908773868292e-28
                    ],
                    [
                        51.09085958013187,
                        423.3914144959519,
                        3772.534339012485,
                        4371.026896033199,
                        2818.033508988367,
                        -1.5073874018975115e-28
                    ],
                    [
                        33.016230931146175,
                        272.97784725342666,
                        2432.24323433967,
                        2818.0335089883665,
                        1818.4564896179102,
                        -7.984016571261956e-29
                    ],
                    [
                        -3.1326286226723437e-30,
                        -6.967782531909512e-30,
                        -1.012112029208426e-28,
                        -1.495972604575612e-28,
                        -7.933284138720181e-29,
                        1e-06
                    ]
                ]
            },
            "est_tgt": [
                0,
                1,
                2,
                3,
                4,
                5
            ]
        },
        "1": {
            "intv_type": "do",
            "inode": 1,
            "new_mui": 10.0,
            "true_params": {
                "Si": [
                    [
                        1.0,
                        -1.7453704508672568e-16,
                        -1.649759922100841,
                        5.912098058574679,
                        8.640412441524484,
                        -12.994256698407414
                    ],
                    [
                        -1.7453704508672568e-16,
                        3.1341444260533174e-32,
                        2.879442219059875e-16,
                        -1.0334431569671169e-15,
                        -1.5376663304095232e-15,
                        2.2724828374607937e-15
                    ],
                    [
                        -1.649759922100841,
                        2.879442219059875e-16,
                        3.721707800570173,
                        -9.753542432566695,
                        -14.25460615644857,
                        21.437403918522946
                    ],
                    [
                        5.912098058574679,
                        -1.0334431569671169e-15,
                        -9.753542432566695,
                        35.952903454202485,
                        51.082965620821405,
                        -79.70468850360248
                    ],
                    [
                        8.640412441524484,
                        -1.5376663304095232e-15,
                        -14.25460615644857,
                        51.082965620821405,
                        75.6567271596511,
                        -112.27573724528229
                    ],
                    [
                        -12.994256698407414,
                        2.2724828374607937e-15,
                        21.437403918522946,
                        -79.70468850360248,
                        -112.27573724528229,
                        178.15299275438102
                    ]
                ],
                "mui": [
                    0.49999999999999795,
                    10.0,
                    90.70559242702353,
                    99.6993284428758,
                    61.09515283598811,
                    -284.7501860054802
                ],
                "Ai": [
                    [
                        0.0,
                        0.0,
                        0.0,
                        0.0,
                        0.0,
                        0.0
                    ],
                    [
                        0.0,
                        0.0,
                        0.0,
                        0.0,
                        0.0,
                        0.0
                    ],
                    [
                        -1.6497599221008397,
                        9.103047238807395,
                        0.0,
                        0.0,
                        0.0,
                        0.0
                    ],
                    [
                        5.9120980585746805,
                        9.624327941358848,
                        0.0,
                        0.0,
                        0.0,
                        0.0
                    ],
                    [
                        8.640412441524486,
                        5.627494661522588,
                        -0.0,
                        0.0,
                        0.0,
                        0.0
                    ],
                    [
                        4.0406776244820914,
                        0.0,
                        -0.0,
                        -2.881368704327002,
                        0.0,
                        0.0
                    ]
                ]
            },
            "est_params": {
                "mui": [
                    9.999999999999998,
                    82.29793053535278,
                    733.1703844404382,
                    851.6743975621588,
                    550.0413702739626,
                    -2413.0768279438566
                ],
                "Si": [
                    [
                        1e-06,
                        -7.107668775603801e-30,
                        5.200785862816621e-29,
                        -4.1891025075030596e-29,
                        -5.252556439634372e-29,
                        3.469491489736314e-28
                    ],
                    [
                        -7.107668775603801e-30,
                        1.0066926483067191,
                        9.16161407708903,
                        9.686748341143703,
                        5.676065966501693,
                        -27.896866838724648
                    ],
                    [
                        5.200785862816621e-29,
                        9.16161407708903,
                        84.38514864690121,
                        88.14791362458969,
                        51.65772650661397,
                        -253.85394827808014
                    ],
                    [
                        -4.1891025075030596e-29,
                        9.686748341143703,
                        88.14791362458969,
                        94.18871153932292,
                        54.59666850209939,
                        -271.2602531853498
                    ],
                    [
                        -5.252556439634372e-29,
                        5.676065966501693,
                        51.65772650661397,
                        54.59666850209939,
                        33.00650563198238,
                        -157.24227798122058
                    ],
                    [
                        3.469491489736314e-28,
                        -27.896866838724648,
                        -253.85394827808014,
                        -271.2602531853498,
                        -157.24227798122058,
                        782.2242949597229
                    ]
                ]
            },
            "est_tgt": [
                0
            ]
        },
        "2": {
            "intv_type": "do",
            "inode": 2,
            "new_mui": 10.0,
            "true_params": {
                "Si": [
                    [
                        1.0000000000000009,
                        8.180586561007674,
                        0.0,
                        84.64474587438553,
                        54.6766196417186,
                        -239.8520441236845
                    ],
                    [
                        8.180586561007674,
                        67.9219964821393,
                        0.0,
                        702.0679985012663,
                        452.91431450389365,
                        -1989.8616461188426
                    ],
                    [
                        0.0,
                        0.0,
                        0.0,
                        0.0,
                        0.0,
                        0.0
                    ],
                    [
                        84.64474587438553,
                        702.0679985012663,
                        0.0,
                        7258.360692462121,
                        4682.249428954444,
                        -20571.991213293015
                    ],
                    [
                        54.6766196417186,
                        452.91431450389365,
                        0.0,
                        4682.249428954444,
                        3022.2014316106315,
                        -13270.356376873699
                    ],
                    [
                        -239.8520441236845,
                        -1989.8616461188426,
                        0.0,
                        -20571.991213293015,
                        -13270.356376873699,
                        58307.32687979571
                    ]
                ],
                "mui": [
                    0.5000000000000002,
                    4.590293280503835,
                    10.0,
                    47.634536907872175,
                    30.652057151620586,
                    -134.73232507921134
                ],
                "Ai": [
                    [
                        0.0,
                        0.0,
                        0.0,
                        0.0,
                        0.0,
                        0.0
                    ],
                    [
                        8.180586561007669,
                        0.0,
                        0.0,
                        0.0,
                        0.0,
                        0.0
                    ],
                    [
                        0.0,
                        0.0,
                        0.0,
                        0.0,
                        0.0,
                        0.0
                    ],
                    [
                        5.9120980585746805,
                        9.624327941358848,
                        0.0,
                        0.0,
                        0.0,
                        0.0
                    ],
                    [
                        8.640412441524486,
                        5.627494661522588,
                        -0.0,
                        0.0,
                        0.0,
                        0.0
                    ],
                    [
                        4.0406776244820914,
                        0.0,
                        -0.0,
                        -2.881368704327002,
                        0.0,
                        0.0
                    ]
                ]
            },
            "est_params": {
                "mui": [
                    0.5056356096338211,
                    4.634395952702591,
                    9.999999999999988,
                    48.09541244017339,
                    30.95623611803223,
                    -136.04115929142148
                ],
                "Si": [
                    [
                        0.9912538107208455,
                        8.110881945981175,
                        8.910619236935392e-18,
                        83.91123498614422,
                        54.19312489247971,
                        -237.78675466070018
                    ],
                    [
                        8.110881945981175,
                        67.36281986552538,
                        6.047256744625448e-17,
                        696.1778955422288,
                        449.0369592510711,
                        -1973.2712889208947
                    ],
                    [
                        8.910619236935368e-18,
                        6.047256744625449e-17,
                        1.0000000000001175e-06,
                        6.397658575026975e-16,
                        4.2396408866564227e-16,
                        -1.8308020101558968e-15
                    ],
                    [
                        83.91123498614422,
                        696.1778955422288,
                        6.397658575026982e-16,
                        7196.37643832545,
                        4641.423297135876,
                        -20397.394839346216
                    ],
                    [
                        54.19312489247971,
                        449.0369592510711,
                        4.2396408866564246e-16,
                        4641.423297135876,
                        2995.3507568137165,
                        -13155.34222879858
                    ],
                    [
                        -237.78675466070018,
                        -1973.2712889208947,
                        -1.830802010155902e-15,
                        -20397.394839346216,
                        -13155.34222879858,
                        57815.55251441617
                    ]
                ]
            },
            "est_tgt": [
                2
            ]
        },
        "3": {
            "intv_type": "do",
            "inode": 3,
            "new_mui": 10.0,
            "true_params": {
                "Si": [
                    [
                        0.9999999999999991,
                        8.180586561007662,
                        72.81850598390484,
                        -2.0371486649489083e-33,
                        54.676619641718524,
                        4.040677624482087
                    ],
                    [
                        8.180586561007662,
                        67.92199648213922,
                        604.8011386833957,
                        -1.9265549441102664e-17,
                        452.914314503893,
                        33.05511307220255
                    ],
                    [
                        72.81850598390484,
                        604.8011386833957,
                        5386.400282759949,
                        -1.75375206643937e-16,
                        4032.697104300149,
                        294.2361077773795
                    ],
                    [
                        -2.0371486649489083e-33,
                        -1.9265549441102664e-17,
                        -1.75375206643937e-16,
                        3.94358982471795e-34,
                        -1.1323316399138043e-16,
                        5.199081044459609e-33
                    ],
                    [
                        54.676619641718524,
                        452.914314503893,
                        4032.697104300149,
                        -1.1323316399138043e-16,
                        3022.2014316106274,
                        220.93059356861002
                    ],
                    [
                        4.040677624482087,
                        33.05511307220255,
                        294.2361077773795,
                        5.199081044459609e-33,
                        220.93059356861002,
                        17.327075664990215
                    ]
                ],
                "mui": [
                    0.5000000000000007,
                    4.590293280503839,
                    41.46077661135619,
                    10.0,
                    30.652057151620607,
                    -26.293348231028975
                ],
                "Ai": [
                    [
                        0.0,
                        0.0,
                        0.0,
                        0.0,
                        0.0,
                        0.0
                    ],
                    [
                        8.180586561007669,
                        0.0,
                        0.0,
                        0.0,
                        0.0,
                        0.0
                    ],
                    [
                        -1.6497599221008397,
                        9.103047238807395,
                        0.0,
                        0.0,
                        0.0,
                        0.0
                    ],
                    [
                        0.0,
                        0.0,
                        0.0,
                        0.0,
                        0.0,
                        0.0
                    ],
                    [
                        8.640412441524486,
                        5.627494661522588,
                        -0.0,
                        0.0,
                        0.0,
                        0.0
                    ],
                    [
                        4.0406776244820914,
                        0.0,
                        -0.0,
                        -2.881368704327002,
                        0.0,
                        0.0
                    ]
                ]
            },
            "est_params": {
                "mui": [
                    0.5113779528179635,
                    4.667249276196488,
                    42.14797187418023,
                    9.999999928923215,
                    31.193794187179577,
                    -26.25028604955409
                ],
                "Si": [
                    [
                        0.9912190430679345,
                        8.094640503565342,
                        72.06872537634165,
                        -2.5208915133500148e-09,
                        54.114445825185044,
                        4.020766568025154
                    ],
                    [
                        8.094640503565342,
                        67.11137939822144,
                        597.709140821006,
                        2.9835051603380433e-07,
                        447.5922452702568,
                        32.853748636029046
                    ],
                    [
                        72.06872537634165,
                        597.709140821006,
                        5324.355188625556,
                        2.7179225297357364e-06,
                        3986.1507357121236,
                        292.5078894946016
                    ],
                    [
                        -2.5208915133500148e-09,
                        2.9835051603380433e-07,
                        2.7179225297357355e-06,
                        1.000944253201708e-06,
                        2.099246573842335e-06,
                        1.3408038232291607e-07
                    ],
                    [
                        54.114445825185044,
                        447.5922452702568,
                        3986.1507357121236,
                        2.0992465738423353e-06,
                        2987.275670364273,
                        219.61823432599616
                    ],
                    [
                        4.020766568025154,
                        32.853748636029046,
                        292.5078894946016,
                        1.3408038232291607e-07,
                        219.61823432599616,
                        17.321410529845537
                    ]
                ]
            },
            "est_tgt": [
                3
            ]
        },
        "4": {
            "intv_type": "do",
            "inode": 4,
            "new_mui": 10.0,
            "true_params": {
                "Si": [
                    [
                        1.0,
                        8.180586561007669,
                        72.81850598390491,
                        84.64474587438548,
                        0.0,
                        -239.85204412368435
                    ],
                    [
                        8.180586561007669,
                        67.92199648213928,
                        604.8011386833965,
                        702.067998501266,
                        0.0,
                        -1989.8616461188417
                    ],
                    [
                        72.81850598390491,
                        604.8011386833965,
                        5386.400282759954,
                        6251.314645852013,
                        0.0,
                        -17718.10627368165
                    ],
                    [
                        84.64474587438548,
                        702.067998501266,
                        6251.314645852013,
                        7258.360692462118,
                        0.0,
                        -20571.99121329301
                    ],
                    [
                        0.0,
                        0.0,
                        0.0,
                        0.0,
                        0.0,
                        0.0
                    ],
                    [
                        -239.85204412368435,
                        -1989.8616461188417,
                        -17718.10627368165,
                        -20571.99121329301,
                        0.0,
                        58307.3268797957
                    ]
                ],
                "mui": [
                    0.5,
                    4.590293280503834,
                    41.46077661135615,
                    47.63453690787216,
                    10.0,
                    -134.73232507921134
                ],
                "Ai": [
                    [
                        0.0,
                        0.0,
                        0.0,
                        0.0,
                        0.0,
                        0.0
                    ],
                    [
                        8.180586561007669,
                        0.0,
                        0.0,
                        0.0,
                        0.0,
                        0.0
                    ],
                    [
                        -1.6497599221008397,
                        9.103047238807395,
                        0.0,
                        0.0,
                        0.0,
                        0.0
                    ],
                    [
                        5.9120980585746805,
                        9.624327941358848,
                        0.0,
                        0.0,
                        0.0,
                        0.0
                    ],
                    [
                        0.0,
                        0.0,
                        0.0,
                        0.0,
                        0.0,
                        0.0
                    ],
                    [
                        4.0406776244820914,
                        0.0,
                        -0.0,
                        -2.881368704327002,
                        0.0,
                        0.0
                    ]
                ]
            },
            "est_params": {
                "mui": [
                    0.5018579345292619,
                    4.596162591705854,
                    41.501440603982175,
                    47.71440435027585,
                    9.999999977731603,
                    -134.93913657887168
                ],
                "Si": [
                    [
                        1.0063098423703283,
                        8.232224036545217,
                        73.27765660693288,
                        85.190734400855,
                        6.685732541410626e-09,
                        -241.41679993024167
                    ],
                    [
                        8.232224036545217,
                        68.34681075780072,
                        608.5718230015797,
                        706.5654116040757,
                        7.860452466558289e-08,
                        -2002.7443830655775
                    ],
                    [
                        73.27765660693288,
                        608.5718230015797,
                        5419.869556451811,
                        6291.233186439442,
                        7.318699902376951e-07,
                        -17832.44518074891
                    ],
                    [
                        85.190734400855,
                        706.5654116040757,
                        6291.233186439442,
                        7305.93131208834,
                        8.398855039237347e-07,
                        -20708.23156362619
                    ],
                    [
                        6.685732541410628e-09,
                        7.860452466558289e-08,
                        7.318699902376951e-07,
                        8.398855039237346e-07,
                        1.0000127803978598e-06,
                        -2.433733427223257e-06
                    ],
                    [
                        -241.41679993024167,
                        -2002.7443830655775,
                        -17832.44518074891,
                        -20708.23156362619,
                        -2.433733427223257e-06,
                        58697.4609189405
                    ]
                ]
            },
            "est_tgt": [
                4
            ]
        },
        "5": {
            "intv_type": "do",
            "inode": 5,
            "new_mui": 10.0,
            "true_params": {
                "Si": [
                    [
                        0.9999999999999991,
                        8.180586561007662,
                        72.81850598390484,
                        84.64474587438539,
                        54.676619641718524,
                        0.0
                    ],
                    [
                        8.180586561007662,
                        67.92199648213922,
                        604.8011386833957,
                        702.0679985012654,
                        452.914314503893,
                        0.0
                    ],
                    [
                        72.81850598390484,
                        604.8011386833957,
                        5386.400282759949,
                        6251.314645852007,
                        4032.697104300149,
                        0.0
                    ],
                    [
                        84.64474587438539,
                        702.0679985012654,
                        6251.314645852007,
                        7258.360692462111,
                        4682.2494289544375,
                        0.0
                    ],
                    [
                        54.676619641718524,
                        452.914314503893,
                        4032.697104300149,
                        4682.2494289544375,
                        3022.2014316106274,
                        0.0
                    ],
                    [
                        0.0,
                        0.0,
                        0.0,
                        0.0,
                        0.0,
                        0.0
                    ]
                ],
                "mui": [
                    0.49999999999999983,
                    4.590293280503833,
                    41.46077661135613,
                    47.63453690787214,
                    30.652057151620564,
                    10.0
                ],
                "Ai": [
                    [
                        0.0,
                        0.0,
                        0.0,
                        0.0,
                        0.0,
                        0.0
                    ],
                    [
                        8.180586561007669,
                        0.0,
                        0.0,
                        0.0,
                        0.0,
                        0.0
                    ],
                    [
                        -1.6497599221008397,
                        9.103047238807395,
                        0.0,
                        0.0,
                        0.0,
                        0.0
                    ],
                    [
                        5.9120980585746805,
                        9.624327941358848,
                        0.0,
                        0.0,
                        0.0,
                        0.0
                    ],
                    [
                        8.640412441524486,
                        5.627494661522588,
                        -0.0,
                        0.0,
                        0.0,
                        0.0
                    ],
                    [
                        0.0,
                        0.0,
                        0.0,
                        0.0,
                        0.0,
                        0.0
                    ]
                ]
            },
            "est_params": {
                "mui": [
                    0.5971073203353031,
                    5.376611975800124,
                    48.437431614548785,
                    55.74884429941182,
                    35.929866848175635,
                    9.999999999999996
                ],
                "Si": [
                    [
                        0.9118753104548781,
                        7.457080921007423,
                        66.38331531318869,
                        77.18285729335916,
                        49.84877369774302,
                        1.083021338197909e-31
                    ],
                    [
                        7.457080921007423,
                        62.00293955097103,
                        552.1657032613886,
                        640.9871220844236,
                        413.389178033098,
                        9.377343940532643e-30
                    ],
                    [
                        66.38331531318869,
                        552.1657032613886,
                        4918.355547163068,
                        5708.143340602739,
                        3681.1970996637756,
                        9.939630937343965e-29
                    ],
                    [
                        77.18285729335916,
                        640.9871220844237,
                        5708.143340602739,
                        6628.0975371760505,
                        4274.428400458776,
                        1.4192736774860215e-28
                    ],
                    [
                        49.84877369774302,
                        413.389178033098,
                        3681.1970996637756,
                        4274.428400458776,
                        2758.303024615864,
                        4.095146806965481e-29
                    ],
                    [
                        1.1124913065842467e-31,
                        9.212312117569152e-30,
                        1.0000928471587547e-28,
                        1.4249319114161984e-28,
                        4.085716417081853e-29,
                        1e-06
                    ]
                ]
            },
            "est_tgt": [
                0,
                5
            ]
        },
        "obs": {
            "intv_type": "obs",
            "true_params": {
                "Si": [
                    [
                        0.9999999999999991,
                        8.18058656100766,
                        72.81850598390483,
                        84.64474587438538,
                        54.67661964171852,
                        -239.85204412368407
                    ],
                    [
                        8.18058656100766,
                        67.92199648213919,
                        604.8011386833955,
                        702.067998501265,
                        452.9143145038929,
                        -1989.8616461188392
                    ],
                    [
                        72.81850598390483,
                        604.8011386833955,
                        5386.400282759946,
                        6251.314645852004,
                        4032.6971043001477,
                        -17718.106273681624
                    ],
                    [
                        84.64474587438538,
                        702.067998501265,
                        6251.314645852004,
                        7258.360692462108,
                        4682.249428954436,
                        -20571.991213292982
                    ],
                    [
                        54.67661964171852,
                        452.9143145038929,
                        4032.6971043001477,
                        4682.249428954436,
                        3022.2014316106265,
                        -13270.356376873679
                    ],
                    [
                        -239.85204412368407,
                        -1989.8616461188392,
                        -17718.106273681624,
                        -20571.991213292982,
                        -13270.356376873679,
                        58307.32687979562
                    ]
                ],
                "mui": [
                    0.49999999999999983,
                    4.590293280503832,
                    41.460776611356124,
                    47.63453690787213,
                    30.65205715162056,
                    -134.73232507921122
                ],
                "Ai": [
                    [
                        0.0,
                        0.0,
                        0.0,
                        0.0,
                        0.0,
                        0.0
                    ],
                    [
                        8.180586561007669,
                        0.0,
                        0.0,
                        0.0,
                        0.0,
                        0.0
                    ],
                    [
                        -1.6497599221008397,
                        9.103047238807395,
                        0.0,
                        0.0,
                        0.0,
                        0.0
                    ],
                    [
                        5.9120980585746805,
                        9.624327941358848,
                        0.0,
                        0.0,
                        0.0,
                        0.0
                    ],
                    [
                        8.640412441524486,
                        5.627494661522588,
                        -0.0,
                        0.0,
                        0.0,
                        0.0
                    ],
                    [
                        4.0406776244820914,
