{
    "expt_args": {
        "save_dir": "expt_logs_29.04.24-2",
        "exp_name": "32",
        "num_nodes": 6,
        "obs_noise_mean": 0.5,
        "obs_noise_var": 1.0,
        "max_edge_strength": 20,
        "num_parents": 2,
        "new_noise_mean": 15.0,
        "mix_samples": 1024,
        "stage2_samples": 1024,
        "intv_targets": [
            0,
            1,
            2,
            3,
            4,
            5
        ]
    },
    "intv_args_dict": {
        "0": {
            "intv_type": "do",
            "inode": 0,
            "new_mui": 15.0,
            "true_params": {
                "Si": [
                    [
                        6.93787976321559e-34,
                        1.9036428224958513e-33,
                        -2.5582418261044635e-17,
                        -2.0098524566474575e-16,
                        -3.940329246367094e-18,
                        1.466557758525488e-15
                    ],
                    [
                        1.9036428224958513e-33,
                        0.9999999999999998,
                        -2.4902232079162863,
                        -6.297217698449445,
                        8.434727960860513,
                        197.25518204508944
                    ],
                    [
                        -2.5582418261044635e-17,
                        -2.4902232079162863,
                        7.201211625244882,
                        23.347154507020484,
                        -21.004355320595273,
                        -549.801671453724
                    ],
                    [
                        -2.0098524566474575e-16,
                        -6.297217698449445,
                        23.347154507020484,
                        99.41755229558025,
                        -53.11531819673724,
                        -1698.9514481947535
                    ],
                    [
                        -3.940329246367094e-18,
                        8.434727960860513,
                        -21.004355320595273,
                        -53.11531819673724,
                        72.14463577372219,
                        1681.4734088199755
                    ],
                    [
                        1.466557758525488e-15,
                        197.25518204508944,
                        -549.801671453724,
                        -1698.9514481947535,
                        1681.4734088199755,
                        42714.64830254839
                    ]
                ],
                "mui": [
                    15.000000000000007,
                    53.34051273416577,
                    -291.3379645339066,
                    -1550.4693204504006,
                    558.3182565892334,
                    21722.287779561946
                ],
                "Ai": [
                    [
                        0.0,
                        0.0,
                        0.0,
                        0.0,
                        0.0,
                        0.0
                    ],
                    [
                        3.5227008489443845,
                        0.0,
                        0.0,
                        0.0,
                        0.0,
                        0.0
                    ],
                    [
                        -10.600545453408845,
                        -2.490223207916287,
                        0.0,
                        0.0,
                        0.0,
                        0.0
                    ],
                    [
                        0.0,
                        12.792028695417772,
                        7.665676849040487,
                        0.0,
                        0.0,
                        0.0
                    ],
                    [
                        7.193702825581933,
                        8.434727960860515,
                        0.0,
                        -0.0,
                        0.0,
                        0.0
                    ],
                    [
                        -0.0,
                        -0.0,
                        0.0,
                        -7.643452808818065,
                        17.6796093996283,
                        0.0
                    ]
                ]
            },
            "est_params": {
                "mui": [
                    15.000000000000004,
                    53.29060330351765,
                    -291.26348320025943,
                    -1550.433409676789,
                    557.847062021718,
                    21713.742568721354
                ],
                "Si": [
                    [
                        1e-06,
                        -3.630921426770684e-30,
                        -1.65984979509517e-29,
                        6.196772568355301e-28,
                        -6.916040812896541e-29,
                        -1.4429627552027345e-26
                    ],
                    [
                        -3.630921426770684e-30,
                        1.072338825542169,
                        -2.6375250181619694,
                        -6.425109730137574,
                        9.062392273770508,
                        209.4135090337425
                    ],
                    [
                        -1.65984979509517e-29,
                        -2.6375250181619694,
                        7.460918208816564,
                        23.204637736806248,
                        -22.371296791206657,
                        -573.1161750059274
                    ],
                    [
                        6.196772568355301e-28,
                        -6.425109730137574,
                        23.204637736806248,
                        95.78175558735589,
                        -54.93908461741715,
                        -1704.2899547101981
                    ],
                    [
                        -6.916040812896541e-29,
                        9.062392273770508,
                        -22.371296791206657,
                        -54.93908461741715,
                        77.48846834310753,
                        1790.5756017845035
                    ],
                    [
                        -1.4429627552027345e-26,
                        209.4135090337425,
                        -573.1161750059274,
                        -1704.2899547101981,
                        1790.5756017845035,
                        44703.28783027253
                    ]
                ]
            },
            "est_tgt": [
                0,
                2,
                3,
                4
            ]
        },
        "1": {
            "intv_type": "do",
            "inode": 1,
            "new_mui": 15.0,
            "true_params": {
                "Si": [
                    [
                        1.0000000000000009,
                        1.7664984793071645e-33,
                        -10.600545453408856,
                        -81.26035586939766,
                        7.193702825581946,
                        748.2915514087941
                    ],
                    [
                        1.7664984793071645e-33,
                        4.831481193676229e-33,
                        -6.94321784955251e-17,
                        -5.289806299380153e-16,
                        6.915398028521796e-32,
                        4.043238481710073e-15
                    ],
                    [
                        -10.600545453408856,
                        -6.94321784955251e-17,
                        113.37156390978704,
                        869.0697728027685,
                        -76.25717378089706,
                        -7990.890842354034
                    ],
                    [
                        -81.26035586939766,
                        -5.289806299380153e-16,
                        869.0697728027685,
                        6663.008037575059,
                        -584.5628516254798,
                        -61263.23038625177
                    ],
                    [
                        7.193702825581946,
                        6.915398028521796e-32,
                        -76.25717378089706,
                        -584.5628516254798,
                        52.74936034278562,
                        5400.666657128163
                    ],
                    [
                        748.2915514087941,
                        4.043238481710073e-15,
                        -7990.890842354034,
                        -61263.23038625177,
                        5400.666657128163,
                        563745.2873686865
                    ]
                ],
                "mui": [
                    0.5000000000000002,
                    15.000000000000004,
                    -42.15362084544874,
                    -130.75560498692028,
                    130.61777082569873,
                    3309.1954650545
                ],
                "Ai": [
                    [
                        0.0,
                        0.0,
                        0.0,
                        0.0,
                        0.0,
                        0.0
                    ],
                    [
                        0.0,
                        0.0,
                        0.0,
                        0.0,
                        0.0,
                        0.0
                    ],
                    [
                        -10.600545453408845,
                        -2.490223207916287,
                        0.0,
                        0.0,
                        0.0,
                        0.0
                    ],
                    [
                        0.0,
                        12.792028695417772,
                        7.665676849040487,
                        0.0,
                        0.0,
                        0.0
                    ],
                    [
                        7.193702825581933,
                        8.434727960860515,
                        0.0,
                        -0.0,
                        0.0,
                        0.0
                    ],
                    [
                        -0.0,
                        -0.0,
                        0.0,
                        -7.643452808818065,
                        17.6796093996283,
                        0.0
                    ]
                ]
            },
            "est_params": {
                "mui": [
                    0.5075754582728736,
                    15.0,
                    -42.15697801226282,
                    -130.81601210754948,
                    130.56188633974497,
                    3308.5835819710187
                ],
                "Si": [
                    [
                        0.8422108192975892,
                        -2.863673149226405e-31,
                        -8.880733974953245,
                        -68.00655017037583,
                        6.206682650177306,
                        629.5150515165502
                    ],
                    [
                        -2.863673149226405e-31,
                        1e-06,
                        -3.600663748385804e-29,
                        -6.362757548167952e-29,
                        6.961427331062831e-29,
                        2.415081451978531e-27
                    ],
                    [
                        -8.880733974953245,
                        -3.60498627389407e-29,
                        94.6128923733415,
                        724.5011008263723,
                        -65.50620059976673,
                        -6695.523203428548
                    ],
                    [
                        -68.00655017037583,
                        -6.362757548167952e-29,
                        724.5011008263723,
                        5548.900205682568,
                        -501.6907447638974,
                        -51280.22626081721
                    ],
                    [
                        6.206682650177306,
                        6.959266068308698e-29,
                        -65.50620059976673,
                        -501.6907447638974,
                        46.6190209268336,
                        4658.786318581375
                    ],
                    [
                        629.5150515165502,
                        2.412315035653241e-27,
                        -6695.523203428548,
                        -51280.22626081721,
                        4658.786318581375,
                        474306.1562367328
                    ]
                ]
            },
            "est_tgt": [
                1,
                2,
                3,
                4
            ]
        },
        "2": {
            "intv_type": "do",
            "inode": 2,
            "new_mui": 15.0,
            "true_params": {
                "Si": [
                    [
                        0.9999999999999982,
                        3.522700848944381,
                        -1.1555695677962025e-15,
                        45.06249034506905,
                        36.90672617392016,
                        308.0634845735918
                    ],
                    [
                        3.522700848944381,
                        13.409421271153484,
                        -4.070725897489981e-15,
                        171.53370168954078,
                        138.4460835854871,
                        1136.562926713823
                    ],
                    [
                        -1.1555695677962025e-15,
                        -4.070725897489981e-15,
                        1.3353828589411205e-30,
                        -5.2072842491872084e-14,
                        -4.2654756833573215e-14,
                        -3.5610303626013785e-13
                    ],
                    [
                        45.06249034506905,
                        171.53370168954078,
                        -5.2072842491872084e-14,
                        2195.2640342438367,
                        1771.006273993758,
                        14531.302119862406
                    ],
                    [
                        36.90672617392016,
                        138.4460835854871,
                        -4.2654756833573215e-14,
                        1771.006273993758,
                        1434.2510726504484,
                        11820.395866065835
                    ],
                    [
                        308.0634845735918,
                        1136.562926713823,
                        -3.5610303626013785e-13,
                        14531.302119862406,
                        11820.395866065835,
                        97911.65985717883
                    ]
                ],
                "mui": [
                    0.4999999999999987,
                    2.261350424472194,
                    15.0,
                    144.41241225585074,
                    23.170727067390366,
                    -693.6600540283181
                ],
                "Ai": [
                    [
                        0.0,
                        0.0,
                        0.0,
                        0.0,
                        0.0,
                        0.0
                    ],
                    [
                        3.5227008489443845,
                        0.0,
                        0.0,
                        0.0,
                        0.0,
                        0.0
                    ],
                    [
                        0.0,
                        0.0,
                        0.0,
                        0.0,
                        0.0,
                        0.0
                    ],
                    [
                        0.0,
                        12.792028695417772,
                        7.665676849040487,
                        0.0,
                        0.0,
                        0.0
                    ],
                    [
                        7.193702825581933,
                        8.434727960860515,
                        0.0,
                        -0.0,
                        0.0,
                        0.0
                    ],
                    [
                        -0.0,
                        -0.0,
                        0.0,
                        -7.643452808818065,
                        17.6796093996283,
                        0.0
                    ]
                ]
            },
            "est_params": {
                "mui": [
                    0.5882405290872026,
                    2.6384836582175115,
                    15.000000000000002,
                    149.25007681693867,
                    26.885139658904652,
                    -665.035048498399
                ],
                "Si": [
                    [
                        1.0454399737361295,
                        3.567017410672271,
                        -1.2174348966025873e-15,
                        45.69270229625734,
                        37.60061307604689,
                        315.64861333143534
                    ],
                    [
                        3.567017410672271,
                        13.161282616197091,
                        -4.194968263323117e-15,
                        168.56178704733404,
                        136.59097334120727,
                        1126.9424332857031
                    ],
                    [
                        -1.2174348966025873e-15,
                        -4.194968263323117e-15,
                        1e-06,
                        -5.377734261319801e-14,
                        -4.4142603347267034e-14,
                        -3.695445093446106e-13
                    ],
                    [
                        45.69270229625734,
                        168.56178704733404,
                        -5.377734261319801e-14,
                        2159.9079816160224,
                        1749.4320120258978,
                        14426.097904577635
                    ],
                    [
                        37.60061307604689,
                        136.59097334120727,
                        -4.4142603347267034e-14,
                        1749.4320120258978,
                        1422.8005624605744,
                        11787.827376933226
                    ],
                    [
                        315.64861333143534,
                        1126.9424332857031,
                        -3.695445093446106e-13,
                        14426.097904577635,
                        11787.827376933226,
                        98182.18633969747
                    ]
                ]
            },
            "est_tgt": [
                2,
                3
            ]
        },
        "3": {
            "intv_type": "do",
            "inode": 3,
            "new_mui": 15.0,
            "true_params": {
                "Si": [
                    [
                        1.0000000000000009,
                        3.5227008489443863,
                        -19.37285686199657,
                        1.487375412201909e-14,
                        36.90672617392023,
                        652.4965029739478
                    ],
                    [
                        3.5227008489443863,
                        13.409421271153487,
                        -70.73500252214963,
                        5.611422480313143e-14,
                        138.4460835854872,
                        2447.672680699704
                    ],
                    [
                        -19.37285686199657,
                        -70.73500252214963,
                        382.5087946206522,
                        -2.974068515322802e-13,
                        -735.9930787328536,
                        -13012.070152826727
                    ],
                    [
                        1.487375412201909e-14,
                        5.611422480313143e-14,
                        -2.974068515322802e-13,
                        2.3505534678742215e-28,
                        5.803055880035649e-13,
                        1.0259576128324656e-11
                    ],
                    [
                        36.90672617392023,
                        138.4460835854872,
                        -735.9930787328536,
                        5.803055880035649e-13,
                        1434.2510726504495,
                        25356.998745457855
                    ],
                    [
                        652.4965029739478,
                        2447.672680699704,
                        -13012.070152826727,
                        1.0259576128324656e-11,
                        25356.998745457855,
                        448302.83336655964
                    ]
                ],
                "mui": [
                    0.5000000000000002,
                    2.2613504244721923,
                    -10.431540034956425,
                    15.000000000000009,
                    23.170727067390366,
                    295.4976119245855
                ],
                "Ai": [
                    [
                        0.0,
                        0.0,
                        0.0,
                        0.0,
                        0.0,
                        0.0
                    ],
                    [
                        3.5227008489443845,
                        0.0,
                        0.0,
                        0.0,
                        0.0,
                        0.0
                    ],
                    [
                        -10.600545453408845,
                        -2.490223207916287,
                        0.0,
                        0.0,
                        0.0,
                        0.0
                    ],
                    [
                        0.0,
                        0.0,
                        0.0,
                        0.0,
                        0.0,
                        0.0
                    ],
                    [
                        7.193702825581933,
                        8.434727960860515,
                        0.0,
                        -0.0,
                        0.0,
                        0.0
                    ],
                    [
                        -0.0,
                        -0.0,
                        0.0,
                        -7.643452808818065,
                        17.6796093996283,
                        0.0
                    ]
                ]
            },
            "est_params": {
                "mui": [
                    0.5032499111614837,
                    2.295191558666523,
                    -10.485879658694838,
                    15.000000000000004,
                    23.500523645931374,
                    301.31490088135513
                ],
                "Si": [
                    [
                        0.9757488982512119,
                        3.374269980097147,
                        -18.66505732733918,
                        1.4285071034520694e-14,
                        35.411962569606004,
                        625.9851676276774
                    ],
                    [
                        3.374269980097147,
                        12.649894815046318,
                        -67.0075910136346,
                        5.3095232442552914e-14,
                        130.73802800196376,
                        2311.0366046237427
                    ],
                    [
                        -18.66505732733918,
                        -67.0075910136346,
                        364.15601596780874,
                        -2.825181414167402e-13,
                        -698.090110929831,
                        -12340.130854214118
                    ],
                    [
                        1.4285071034520694e-14,
                        5.3095232442552914e-14,
                        -2.825181414167402e-13,
                        1e-06,
                        5.495922488197826e-13,
                        9.715098874319697e-12
                    ],
                    [
                        35.411962569606004,
                        130.73802800196376,
                        -698.090110929831,
                        5.495922488197826e-13,
                        1356.0635371877975,
                        23971.183230886803
                    ],
                    [
                        625.9851676276774,
                        2311.0366046237427,
                        -12340.130854214118,
                        9.715098874319697e-12,
                        23971.183230886803,
                        423740.4540155533
                    ]
                ]
            },
            "est_tgt": [
                3
            ]
        },
        "4": {
            "intv_type": "do",
            "inode": 4,
            "new_mui": 15.0,
            "true_params": {
                "Si": [
                    [
                        1.0000000000000004,
                        3.522700848944383,
                        -19.37285686199656,
                        -103.44357000171308,
                        0.0,
                        790.666045683762
                    ],
                    [
                        3.522700848944383,
                        13.409421271153471,
                        -70.73500252214956,
                        -370.69796956132166,
                        0.0,
                        2833.412436666638
                    ],
                    [
                        -19.37285686199656,
                        -70.73500252214956,
                        382.50879462065194,
                        2027.3446294441283,
                        0.0,
                        -15495.913002366942
                    ],
                    [
                        -103.44357000171308,
                        -370.69796956132166,
                        2027.3446294441283,
                        10799.98972699489,
                        0.0,
                        -82549.21181400534
                    ],
                    [
                        0.0,
                        0.0,
                        0.0,
                        0.0,
                        0.0,
                        0.0
                    ],
                    [
                        790.666045683762,
                        2833.412436666638,
                        -15495.913002366942,
                        -82549.21181400534,
                        0.0,
                        630962.0049054766
                    ]
                ],
                "mui": [
                    0.5000000000000001,
                    2.261350424472191,
                    -10.431540034956422,
                    -50.537555425561,
                    15.0,
                    651.9755609627275
                ],
                "Ai": [
                    [
                        0.0,
                        0.0,
                        0.0,
                        0.0,
                        0.0,
                        0.0
                    ],
                    [
                        3.5227008489443845,
                        0.0,
                        0.0,
                        0.0,
                        0.0,
                        0.0
                    ],
                    [
                        -10.600545453408845,
                        -2.490223207916287,
                        0.0,
                        0.0,
                        0.0,
                        0.0
                    ],
                    [
                        0.0,
                        12.792028695417772,
                        7.665676849040487,
                        0.0,
                        0.0,
                        0.0
                    ],
                    [
                        0.0,
                        0.0,
                        0.0,
                        0.0,
                        0.0,
                        0.0
                    ],
                    [
                        -0.0,
                        -0.0,
                        0.0,
                        -7.643452808818065,
                        17.6796093996283,
                        0.0
                    ]
                ]
            },
            "est_params": {
                "mui": [
                    0.5058417910747931,
                    2.28305486157016,
                    -10.498320277552834,
                    -50.69328692159021,
                    15.000000000000005,
                    653.1956512306799
                ],
                "Si": [
                    [
                        0.8132994672584706,
                        2.8837840751313473,
                        -15.784880103888353,
                        -84.08079319415516,
                        -7.915753280166512e-31,
                        642.6603783812475
                    ],
                    [
                        2.8837840751313473,
                        11.198423171572639,
                        -58.353391841543235,
                        -303.83465809667496,
                        2.266661092853141e-30,
                        2322.373040688323
                    ],
                    [
                        -15.784880103888353,
                        -58.353391841543235,
                        313.1417095387744,
                        1652.9728282649623,
                        6.721636232441734e-30,
                        -12634.385758892844
                    ],
                    [
                        -84.08079319415516,
                        -303.83465809667496,
                        1652.9728282649623,
                        8780.759536996136,
                        3.4580765182979986e-31,
                        -67114.673629576
                    ],
                    [
                        -7.915753280166512e-31,
                        2.266661092853141e-30,
                        6.721636232441734e-30,
                        3.4580765182979986e-31,
                        1e-06,
                        1.6972239551806578e-27
                    ],
                    [
                        642.6603783812475,
                        2322.373040688323,
                        -12634.385758892844,
                        -67114.673629576,
                        1.6972239551806578e-27,
                        512983.8791333268
                    ]
                ]
            },
            "est_tgt": [
                3,
                4
            ]
        },
        "5": {
            "intv_type": "do",
            "inode": 5,
            "new_mui": 15.0,
            "true_params": {
                "Si": [
                    [
                        1.0000000000000004,
                        3.5227008489443867,
                        -19.372856861996567,
                        -103.4435700017131,
                        36.90672617392022,
                        0.0
                    ],
                    [
                        3.5227008489443867,
                        13.409421271153496,
                        -70.73500252214966,
                        -370.6979695613221,
                        138.44608358548726,
                        0.0
                    ],
                    [
                        -19.372856861996567,
                        -70.73500252214966,
                        382.5087946206522,
                        2027.3446294441294,
                        -735.9930787328536,
                        0.0
                    ],
                    [
                        -103.4435700017131,
                        -370.6979695613221,
                        2027.3446294441294,
                        10799.989726994892,
                        -3870.878830702709,
                        0.0
                    ],
                    [
                        36.90672617392022,
                        138.44608358548726,
                        -735.9930787328536,
                        -3870.878830702709,
                        1434.2510726504495,
                        0.0
                    ],
                    [
                        0.0,
                        0.0,
                        0.0,
                        0.0,
                        0.0,
                        0.0
                    ]
                ],
                "mui": [
                    0.5000000000000001,
                    2.2613504244721927,
                    -10.431540034956425,
                    -50.53755542556101,
                    23.170727067390363,
                    15.0
                ],
                "Ai": [
                    [
                        0.0,
                        0.0,
                        0.0,
                        0.0,
                        0.0,
                        0.0
                    ],
                    [
                        3.5227008489443845,
                        0.0,
                        0.0,
                        0.0,
                        0.0,
                        0.0
                    ],
                    [
                        -10.600545453408845,
                        -2.490223207916287,
                        0.0,
                        0.0,
                        0.0,
                        0.0
                    ],
                    [
                        0.0,
                        12.792028695417772,
                        7.665676849040487,
                        0.0,
                        0.0,
                        0.0
                    ],
                    [
                        7.193702825581933,
                        8.434727960860515,
                        0.0,
                        -0.0,
                        0.0,
                        0.0
                    ],
                    [
                        0.0,
                        0.0,
                        0.0,
                        0.0,
                        0.0,
                        0.0
                    ]
                ]
            },
            "est_params": {
                "mui": [
                    0.5514176542499024,
                    2.4034129653553005,
                    -11.27112371699485,
                    -55.06921477190636,
                    24.644858624944433,
                    15.0
                ],
                "Si": [
                    [
                        1.0123459405983182,
                        3.596956666511768,
                        -19.742084089249335,
                        -105.22134083657454,
                        37.571715756360135,
                        0.0
                    ],
                    [
                        3.596956666511768,
                        13.754763983239942,
                        -72.47654783638168,
                        -379.22121281586055,
                        141.77315721062487,
                        0.0
                    ],
                    [
                        -19.742084089249335,
                        -72.47654783638168,
                        391.690676618704,
                        2073.3561843494463,
                        -752.4384058036882,
                        0.0
                    ],
                    [
                        -105.22134083657454,
                        -379.22121281586055,
                        2073.3561843494463,
                        11032.722690530598,
                        -3950.187620782603,
                        0.0
                    ],
                    [
                        37.571715756360135,
                        141.77315721062487,
                        -752.4384058036882,
                        -3950.187620782603,
                        1465.79033473882,
                        0.0
                    ],
                    [
                        0.0,
                        0.0,
                        0.0,
                        0.0,
                        0.0,
                        1e-06
                    ]
                ]
            },
            "est_tgt": [
                5
            ]
        },
        "obs": {
            "intv_type": "obs",
            "true_params": {
                "Si": [
                    [
                        1.0000000000000009,
                        3.5227008489443863,
                        -19.37285686199657,
                        -103.44357000171313,
                        36.90672617392023,
                        1443.1625486577102
                    ],
                    [
                        3.5227008489443863,
                        13.409421271153487,
                        -70.73500252214963,
                        -370.697969561322,
                        138.4460835854872,
                        5281.085117366345
                    ],
                    [
                        -19.37285686199657,
                        -70.73500252214963,
                        382.5087946206522,
                        2027.3446294441296,
                        -735.9930787328536,
                        -28507.983155193684
                    ],
                    [
                        -103.44357000171313,
                        -370.697969561322,
                        2027.3446294441296,
                        10799.989726994896,
                        -3870.878830702709,
                        -150984.83757411918
                    ],
                    [
                        36.90672617392023,
                        138.4460835854872,
                        -735.9930787328536,
                        -3870.878830702709,
                        1434.2510726504495,
                        54943.878416586864
                    ],
                    [
                        1443.1625486577102,
                        5281.085117366345,
                        -28507.983155193684,
                        -150984.83757411918,
                        54943.878416586864,
                        2125432.7901507644
                    ]
                ],
                "mui": [
                    0.5000000000000002,
                    2.2613504244721923,
                    -10.431540034956425,
                    -50.53755542556102,
                    23.170727067390363,
                    796.4308240251596
                ],
                "Ai": [
                    [
                        0.0,
                        0.0,
                        0.0,
                        0.0,
                        0.0,
                        0.0
                    ],
                    [
                        3.5227008489443845,
                        0.0,
                        0.0,
                        0.0,
                        0.0,
                        0.0
                    ],
                    [
                        -10.600545453408845,
                        -2.490223207916287,
                        0.0,
                        0.0,
                        0.0,
                        0.0
                    ],
                    [
                        0.0,
                        12.792028695417772,
                        7.665676849040487,
                        0.0,
                        0.0,
                        0.0
                    ],
                    [
                        7.193702825581933,
                        8.434727960860515,
                        0.0,
