{
    "expt_args": {
        "save_dir": "expt_logs_29.04.24-2",
        "exp_name": "640",
        "num_nodes": 8,
        "obs_noise_mean": 0.5,
        "obs_noise_var": 1.0,
        "max_edge_strength": 10.0,
        "num_parents": 2,
        "new_noise_mean": 10.0,
        "mix_samples": 1024,
        "stage2_samples": 1024,
        "intv_targets": [
            0,
            1,
            2,
            3,
            4,
            5,
            6,
            7
        ]
    },
    "intv_args_dict": {
        "0": {
            "intv_type": "do",
            "inode": 0,
            "new_mui": 10.0,
            "true_params": {
                "Si": [
                    [
                        1.1870666353404148e-37,
                        -3.2808709639186187e-35,
                        2.38470188407996e-34,
                        -2.356511035403381e-33,
                        1.0240670374951858e-33,
                        3.445383339108085e-19,
                        -7.211254594270003e-33,
                        8.755778783713735e-33
                    ],
                    [
                        -3.2808709639186187e-35,
                        0.9999999999999878,
                        -7.469328468614242,
                        73.76112966806271,
                        -31.72015567088665,
                        259.7874977285254,
                        226.643276561067,
                        -271.00552070365444
                    ],
                    [
                        2.38470188407996e-34,
                        -7.469328468614242,
                        56.79086777205185,
                        -560.8213080061913,
                        241.7302907542136,
                        -1975.2187220479923,
                        -1723.216271005966,
                        2065.489420384883
                    ],
                    [
                        -2.356511035403381e-33,
                        73.76112966806271,
                        -560.8213080061913,
                        5539.223870362453,
                        -2387.135523085122,
                        19509.20647657394,
                        17020.181947237717,
                        -20397.125873524015
                    ],
                    [
                        1.0240670374951858e-33,
                        -31.72015567088665,
                        241.7302907542136,
                        -2387.135523085122,
                        1030.2277580407285,
                        -8407.517171604164,
                        -7334.868906998106,
                        8803.062070141634
                    ],
                    [
                        3.445383339108085e-19,
                        259.7874977285254,
                        -1975.2187220479923,
                        19509.20647657394,
                        -8407.517171604164,
                        68712.63654930775,
                        59945.26519394668,
                        -71838.8982839956
                    ],
                    [
                        -7.211254594270003e-33,
                        226.643276561067,
                        -1723.216271005966,
                        17020.181947237717,
                        -7334.868906998106,
                        59945.26519394668,
                        52298.325455113154,
                        -62673.54446993538
                    ],
                    [
                        8.755778783713735e-33,
                        -271.00552070365444,
                        2065.489420384883,
                        -20397.125873524015,
                        8803.062070141634,
                        -71838.8982839956,
                        -62673.54446993538,
                        75221.22036522793
                    ]
                ],
                "mui": [
                    9.999999999999773,
                    -75.61035053051559,
                    606.4242060124359,
                    -5958.008920643007,
                    2598.951806563115,
                    -21059.901398709506,
                    -18373.208596382417,
                    22214.750819715642
                ],
                "Ai": [
                    [
                        0.0,
                        0.0,
                        0.0,
                        0.0,
                        0.0,
                        0.0,
                        0.0,
                        0.0
                    ],
                    [
                        -7.6110350530515944,
                        0.0,
                        0.0,
                        0.0,
                        0.0,
                        0.0,
                        0.0,
                        0.0
                    ],
                    [
                        4.116566227294799,
                        -7.469328468614334,
                        0.0,
                        0.0,
                        0.0,
                        0.0,
                        0.0,
                        0.0
                    ],
                    [
                        3.0052792968977133,
                        0.0,
                        -9.875202299377172,
                        0.0,
                        0.0,
                        0.0,
                        0.0,
                        0.0
                    ],
                    [
                        0.0,
                        4.1477760426211425,
                        4.8020289727815655,
                        -0.0,
                        0.0,
                        0.0,
                        0.0,
                        0.0
                    ],
                    [
                        -7.622943844387637,
                        0.0,
                        -0.0,
                        3.5220108327734696,
                        0.0,
                        0.0,
                        0.0,
                        0.0
                    ],
                    [
                        -6.674028351407119,
                        0.0,
                        0.0,
                        3.0726654754475597,
                        -0.0,
                        -0.0,
                        0.0,
                        0.0
                    ],
                    [
                        -0.0,
                        1.5415641030994809,
                        -0.0,
                        -0.0,
                        8.592236672309358,
                        0.0,
                        0.0,
                        0.0
                    ]
                ]
            },
            "est_params": {
                "mui": [
                    9.999999999999773,
                    -75.60183212390876,
                    606.2637940491204,
                    -5956.413863600089,
                    2598.355317698046,
                    -21054.438496409584,
                    -18368.222722485934,
                    22209.730794576008
                ],
                "Si": [
                    [
                        1e-06,
                        0.0,
                        0.0,
                        0.0,
                        0.0,
                        0.0,
                        0.0,
                        0.0
                    ],
                    [
                        0.0,
                        1.0892135260649336,
                        -8.22332548524242,
                        81.1029746045688,
                        -35.07899244853523,
                        285.7031183910811,
                        249.31712378118456,
                        -299.75969201175127
                    ],
                    [
                        0.0,
                        -8.22332548524242,
                        63.276055341216406,
                        -624.0477894132773,
                        270.39118730654775,
                        -2198.506950730861,
                        -1918.4913923702943,
                        2310.9024040379322
                    ],
                    [
                        0.0,
                        81.1029746045688,
                        -624.0477894132773,
                        6155.588066959938,
                        -2666.741875176191,
                        21685.89398716445,
                        18924.000509774716,
                        -22791.35265238375
                    ],
                    [
                        0.0,
                        -35.07899244853523,
                        270.39118730654775,
                        -2666.741875176191,
                        1156.317986255652,
                        -9394.871927895532,
                        -8198.307438456677,
                        9882.673916584477
                    ],
                    [
                        0.0,
                        285.7031183910811,
                        -2198.506950730861,
                        21685.89398716445,
                        -9394.871927895532,
                        76399.52255566235,
                        66668.51589125715,
                        -80293.45489044473
                    ],
                    [
                        0.0,
                        249.31712378118456,
                        -1918.4913923702943,
                        18924.000509774716,
                        -8198.307438456677,
                        66668.51589125715,
                        58178.722447964705,
                        -70066.9138903993
                    ],
                    [
                        0.0,
                        -299.75969201175127,
                        2310.9024040379322,
                        -22791.35265238375,
                        9882.673916584477,
                        -80293.45489044473,
                        -70066.9138903993,
                        84465.03127800614
                    ]
                ]
            },
            "est_tgt": [
                0,
                1,
                2,
                5,
                6,
                7
            ]
        },
        "1": {
            "intv_type": "do",
            "inode": 1,
            "new_mui": 10.0,
            "true_params": {
                "Si": [
                    [
                        1.0000000000000067,
                        -8.323705355876908e-16,
                        4.116566227294832,
                        -37.64664497642261,
                        19.767870291843884,
                        -140.21483526892501,
                        -122.34957463689221,
                        169.8502200550357
                    ],
                    [
                        -8.323705355876908e-16,
                        7.37722507509799e-31,
                        -3.634601069292498e-15,
                        3.3428919580042685e-14,
                        -1.7457426247171277e-14,
                        1.2409304700892566e-13,
                        1.0827115162849823e-13,
                        -1.4999833800508097e-13
                    ],
                    [
                        4.116566227294832,
                        -3.634601069292498e-15,
                        17.946117503704297,
                        -164.8501095802761,
                        86.1777762017304,
                        -611.9842249079971,
                        -534.0033200424722,
                        740.4598490185766
                    ],
                    [
                        -37.64664497642261,
                        3.3428919580042685e-14,
                        -164.8501095802761,
                        1515.7894984344205,
                        -791.6150023707017,
                        5625.605294275161,
                        4908.7688357934185,
                        -6801.743453719801
                    ],
                    [
                        19.767870291843884,
                        -1.7457426247171277e-14,
                        86.1777762017304,
                        -791.6150023707017,
                        414.828178130595,
                        -2938.7659788934716,
                        -2564.299414405498,
                        3564.301884840977
                    ],
                    [
                        -140.21483526892501,
                        1.2409304700892566e-13,
                        -611.9842249079971,
                        5625.605294275161,
                        -2938.7659788934716,
                        20883.292602749978,
                        18221.400952086977,
                        -25250.572815183594
                    ],
                    [
                        -122.34957463689221,
                        1.0827115162849823e-13,
                        -534.0033200424722,
                        4908.7688357934185,
                        -2564.299414405498,
                        18221.400952086977,
                        15900.56905860457,
                        -22033.067467236328
                    ],
                    [
                        169.8502200550357,
                        -1.4999833800508097e-13,
                        740.4598490185766,
                        -6801.743453719801,
                        3564.301884840977,
                        -25250.572815183594,
                        -22033.067467236328,
                        30626.325366112007
                    ]
                ],
                "mui": [
                    0.4999999999999275,
                    10.000000000000014,
                    -72.13500157249631,
                    714.35037304274,
                    -304.41660707655944,
                    2512.638280330106,
                    2192.1227144458085,
                    -2599.7038939522076
                ],
                "Ai": [
                    [
                        0.0,
                        0.0,
                        0.0,
                        0.0,
                        0.0,
                        0.0,
                        0.0,
                        0.0
                    ],
                    [
                        0.0,
                        0.0,
                        0.0,
                        0.0,
                        0.0,
                        0.0,
                        0.0,
                        0.0
                    ],
                    [
                        4.116566227294799,
                        -7.469328468614334,
                        0.0,
                        0.0,
                        0.0,
                        0.0,
                        0.0,
                        0.0
                    ],
                    [
                        3.0052792968977133,
                        0.0,
                        -9.875202299377172,
                        0.0,
                        0.0,
                        0.0,
                        0.0,
                        0.0
                    ],
                    [
                        0.0,
                        4.1477760426211425,
                        4.8020289727815655,
                        -0.0,
                        0.0,
                        0.0,
                        0.0,
                        0.0
                    ],
                    [
                        -7.622943844387637,
                        0.0,
                        -0.0,
                        3.5220108327734696,
                        0.0,
                        0.0,
                        0.0,
                        0.0
                    ],
                    [
                        -6.674028351407119,
                        0.0,
                        0.0,
                        3.0726654754475597,
                        -0.0,
                        -0.0,
                        0.0,
                        0.0
                    ],
                    [
                        -0.0,
                        1.5415641030994809,
                        -0.0,
                        -0.0,
                        8.592236672309358,
                        0.0,
                        0.0,
                        0.0
                    ]
                ]
            },
            "est_params": {
                "mui": [
                    0.4070348951172132,
                    10.000000000000004,
                    -72.44958824434707,
                    717.1902637016274,
                    -305.89970318487457,
                    2523.3768123061986,
                    2201.4117116449693,
                    -2612.382882728293
                ],
                "Si": [
                    [
                        0.8740405230432458,
                        -7.966615168625062e-16,
                        3.516226482791309,
                        -32.07003893910218,
                        16.967457703191435,
                        -119.70867718996985,
                        -104.39970022837035,
                        145.74908318049933
                    ],
                    [
                        -7.966615168625061e-16,
                        1e-06,
                        -3.192328465898875e-15,
                        2.914666290196386e-14,
                        -1.5359661186716543e-14,
                        1.0880405719076009e-13,
                        9.486960715505965e-14,
                        -1.319189130694981e-13
                    ],
                    [
                        3.5162264827913083,
                        -3.192328465898875e-15,
                        15.103435209666427,
                        -138.512542340905,
                        72.94633376140837,
                        -514.9461605044219,
                        -449.2479697125396,
                        626.5201611379379
                    ],
                    [
                        -32.07003893910218,
                        2.914666290196387e-14,
                        -138.512542340905,
                        1271.8755985194487,
                        -668.9868936272162,
                        4726.60644781913,
                        4123.864727068982,
                        -5745.628551616274
                    ],
                    [
                        16.967457703191435,
                        -1.5359661186716543e-14,
                        72.94633376140837,
                        -668.9868936272162,
                        353.4716814975545,
                        -2486.9574805584666,
                        -2169.6923192728495,
                        3035.864828396084
                    ],
                    [
                        -119.70867718996985,
                        1.0880405719076007e-13,
                        -514.9461605044219,
                        4726.60644781913,
                        -2486.9574805584666,
                        17570.607968436525,
                        15328.784619907015,
                        -21359.642018998475
                    ],
                    [
                        -104.39970022837035,
                        9.486960715505965e-14,
                        -449.2479697125396,
                        4123.864727068982,
                        -2169.692319272849,
                        15328.784619907015,
                        13374.582695184132,
                        -18634.544759146986
                    ],
                    [
                        145.74908318049933,
                        -1.319189130694981e-13,
                        626.5201611379379,
                        -5745.628551616274,
                        3035.864828396084,
                        -21359.642018998475,
                        -18634.544759146986,
                        26075.61315814528
                    ]
                ]
            },
            "est_tgt": [
                1,
                2,
                3,
                4,
                6,
                7
            ]
        },
        "2": {
            "intv_type": "do",
            "inode": 2,
            "new_mui": 10.0,
            "true_params": {
                "Si": [
                    [
                        1.0,
                        -7.6110350530515944,
                        2.2573640031455527e-35,
                        3.0052792968977133,
                        -31.56886885259714,
                        2.9616823947959445,
                        2.5601895882478005,
                        -282.98009108382604
                    ],
                    [
                        -7.6110350530515944,
                        58.927854578780085,
                        2.3986390317922238e-18,
                        -22.873286072898747,
                        244.41954346492665,
                        -22.541468522797725,
                        -19.48569269861174,
                        2190.9516300797677
                    ],
                    [
                        2.2573640031455527e-35,
                        2.3986390317922238e-18,
                        3.095652882192316e-34,
                        1.686380173743648e-17,
                        9.324761327526032e-18,
                        6.375732567677708e-17,
                        5.1816821383413644e-17,
                        8.381821206660548e-17
                    ],
                    [
                        3.0052792968977133,
                        -22.873286072898747,
                        1.686380173743648e-17,
                        10.031703652362014,
                        -94.87326798918926,
                        12.422693617840162,
                        10.766750241141755,
                        -850.4342091684516
                    ],
                    [
                        -31.56886885259714,
                        244.41954346492665,
                        9.324761327526032e-18,
                        -94.87326798918926,
                        1014.7975267322199,
                        -93.496963104359,
                        -80.82228934917948,
                        9096.168918458912
                    ],
                    [
                        2.9616823947959445,
                        -22.541468522797725,
                        6.375732567677708e-17,
                        12.422693617840162,
                        -93.496963104359,
                        22.176122913817906,
                        18.404429520868735,
                        -838.0971538407205
                    ],
                    [
                        2.5601895882478005,
                        -19.48569269861174,
                        5.1816821383413644e-17,
                        10.766750241141755,
                        -80.82228934917948,
                        18.404429520868735,
                        16.995843851779817,
                        -724.4826828742257
                    ],
                    [
                        -282.98009108382604,
                        2190.9516300797677,
                        8.381821206660548e-17,
                        -850.4342091684516,
                        9096.168918458912,
                        -838.0971538407205,
                        -724.4826828742257,
                        81534.92854326147
                    ]
                ],
                "mui": [
                    0.4999999999999907,
                    -3.305517526525795,
                    9.999999999999996,
                    -96.74938334532285,
                    34.80974332282765,
                    -344.06384812857397,
                    -300.11550415171814,
                    294.4978859710172
                ],
                "Ai": [
                    [
                        0.0,
                        0.0,
                        0.0,
                        0.0,
                        0.0,
                        0.0,
                        0.0,
                        0.0
                    ],
                    [
                        -7.6110350530515944,
                        0.0,
                        0.0,
                        0.0,
                        0.0,
                        0.0,
                        0.0,
                        0.0
                    ],
                    [
                        0.0,
                        0.0,
                        0.0,
                        0.0,
                        0.0,
                        0.0,
                        0.0,
                        0.0
                    ],
                    [
                        3.0052792968977133,
                        0.0,
                        -9.875202299377172,
                        0.0,
                        0.0,
                        0.0,
                        0.0,
                        0.0
                    ],
                    [
                        0.0,
                        4.1477760426211425,
                        4.8020289727815655,
                        -0.0,
                        0.0,
                        0.0,
                        0.0,
                        0.0
                    ],
                    [
                        -7.622943844387637,
                        0.0,
                        -0.0,
                        3.5220108327734696,
                        0.0,
                        0.0,
                        0.0,
                        0.0
                    ],
                    [
                        -6.674028351407119,
                        0.0,
                        0.0,
                        3.0726654754475597,
                        -0.0,
                        -0.0,
                        0.0,
                        0.0
                    ],
                    [
                        -0.0,
                        1.5415641030994809,
                        -0.0,
                        -0.0,
                        8.592236672309358,
                        0.0,
                        0.0,
                        0.0
                    ]
                ]
            },
            "est_params": {
                "mui": [
                    0.5506060224596102,
                    -3.757699394837324,
                    10.000000000000002,
                    -96.70036979892524,
                    32.887666162933606,
                    -344.14597018188726,
                    -300.3143792069733,
                    277.2965610724793
                ],
                "Si": [
                    [
                        0.9987008336292198,
                        -7.516390494032326,
                        -5.3056757630268125e-31,
                        3.063387192311486,
                        -31.226734016275092,
                        3.1266862086915292,
                        2.7263682967616196,
                        -280.01125339464886
                    ],
                    [
                        -7.516390494032326,
                        57.64103145922446,
                        -6.869453882655768e-30,
                        -23.182662512584614,
                        239.54783491119585,
                        -23.974494374143173,
                        -20.875958194336405,
                        2147.8159128281204
                    ],
                    [
                        -5.3056757630268125e-31,
                        -6.869453882655768e-30,
                        1e-06,
                        -4.9314859986870264e-29,
                        6.701906226981237e-31,
                        1.2398526519915287e-29,
                        -2.269712242204312e-28,
                        -3.9317849864956586e-29
                    ],
                    [
                        3.063387192311486,
                        -23.182662512584614,
                        -4.9314859986870264e-29,
                        10.278502865456732,
                        -96.20560064819101,
                        12.636221228399483,
                        11.219683147510802,
                        -862.6186669265398
                    ],
                    [
                        -31.226734016275092,
                        239.54783491119585,
                        8.935874969308315e-31,
                        -96.20560064819101,
                        996.5064923668442,
                        -99.21276588598336,
                        -86.40637190606462,
                        8934.527229884363
                    ],
                    [
                        3.1266862086915292,
                        -23.974494374143173,
                        1.2454375738473465e-29,
                        12.636221228399483,
                        -99.21276588598336,
                        21.323369433645052,
                        18.501317185113756,
                        -889.5179099617177
                    ],
                    [
                        2.7263682967616196,
                        -20.875958194336405,
                        -2.269712242204312e-28,
                        11.219683147510802,
                        -86.40637190606462,
                        18.501317185113756,
                        17.537144583145192,
                        -774.68230184192
                    ],
                    [
                        -280.01125339464886,
                        2147.8159128281204,
                        -3.9317849864956586e-29,
                        -862.6186669265398,
                        8934.527229884363,
                        -889.5179099617177,
                        -774.68230184192,
                        80107.01827591447
                    ]
                ]
            },
            "est_tgt": [
                2,
                3,
                4,
                6,
                7
            ]
        },
        "3": {
            "intv_type": "do",
            "inode": 3,
            "new_mui": 10.0,
            "true_params": {
                "Si": [
                    [
                        1.0000000000000004,
                        -7.611035053051597,
                        60.9658870246747,
                        -2.3862495273524766e-16,
                        261.1910869912185,
                        -7.622943844387642,
                        -6.674028351407124,
                        2232.482737701075
                    ],
                    [
                        -7.611035053051597,
                        58.9278545787801,
                        -471.4828316537968,
                        1.7578183198049032e-15,
                        -2019.6546743056995,
                        58.01849280707821,
                        50.79626372761975,
                        -17262.509892679125
                    ],
                    [
                        60.9658870246747,
                        -471.4828316537968,
                        3773.6302484774496,
                        -1.4104742270190837e-14,
                        16165.47659211282,
                        -464.7395332123762,
                        -406.88805847136246,
                        138170.7797916051
                    ],
                    [
                        -2.3862495273524766e-16,
                        1.7578183198049032e-15,
                        -1.4104742270190837e-14,
                        6.040151527302522e-32,
                        -6.044034432090591e-14,
                        1.819024614570447e-15,
                        1.592589699908227e-15,
                        -5.166079533395106e-13
                    ],
                    [
                        261.1910869912185,
                        -2019.6546743056995,
                        16165.47659211282,
                        -6.044034432090591e-14,
                        69251.01168169499,
                        -1991.0449887886255,
                        -1743.196719714236,
                        591907.6550194166
                    ],
                    [
                        -7.622943844387642,
                        58.01849280707821,
                        -464.7395332123762,
                        1.819024614570447e-15,
                        -1991.0449887886255,
                        59.10927285468741,
                        50.87574333862751,
                        -17018.090543060072
                    ],
                    [
                        -6.674028351407124,
                        50.79626372761975,
                        -406.88805847136246,
                        1.592589699908227e-15,
                        -1743.196719714236,
                        50.87574333862751,
                        45.54265443538607,
                        -14899.653085443962
                    ],
                    [
                        2232.482737701075,
                        -17262.509892679125,
                        138170.7797916051,
                        -5.166079533395106e-13,
                        591907.6550194166,
                        -17018.090543060072,
                        -14899.653085443962,
                        5059200.394498515
                    ]
                ],
                "mui": [
                    0.5000000000000001,
                    -3.3055175265257892,
                    27.248279278030115,
                    10.000000000000002,
                    117.63648014655624,
                    31.908636405540886,
                    27.889640578772045,
                    1006.1648115555737
                ],
                "Ai": [
                    [
                        0.0,
                        0.0,
                        0.0,
                        0.0,
                        0.0,
                        0.0,
                        0.0,
                        0.0
                    ],
                    [
                        -7.6110350530515944,
                        0.0,
                        0.0,
                        0.0,
                        0.0,
                        0.0,
                        0.0,
                        0.0
                    ],
                    [
                        4.116566227294799,
                        -7.469328468614334,
                        0.0,
                        0.0,
                        0.0,
                        0.0,
                        0.0,
                        0.0
                    ],
                    [
                        0.0,
                        0.0,
                        0.0,
                        0.0,
                        0.0,
                        0.0,
                        0.0,
                        0.0
                    ],
                    [
                        0.0,
                        4.1477760426211425,
                        4.8020289727815655,
                        -0.0,
                        0.0,
                        0.0,
                        0.0,
                        0.0
                    ],
                    [
                        -7.622943844387637,
                        0.0,
                        -0.0,
                        3.5220108327734696,
                        0.0,
                        0.0,
                        0.0,
                        0.0
                    ],
                    [
                        -6.674028351407119,
                        0.0,
                        0.0,
                        3.0726654754475597,
                        -0.0,
                        -0.0,
                        0.0,
                        0.0
                    ],
                    [
                        -0.0,
                        1.5415641030994809,
                        -0.0,
                        -0.0,
                        8.592236672309358,
                        0.0,
                        0.0,
                        0.0
                    ]
                ]
            },
            "est_params": {
                "mui": [
                    0.653916638007344,
                    -4.44775596905206,
                    36.33359261898208,
                    10.000000000000002,
                    156.54044237081584,
                    30.774595344077824,
                    26.887041684779547,
                    1338.6363528466125
                ],
                "Si": [
                    [
                        1.0447057290740993,
                        -7.925018457669211,
                        63.30635280284272,
                        -4.652325726354006e-17,
                        271.19108214246006,
                        -8.014622395355538,
                        -6.654660719686472,
                        2317.902895981022
                    ],
                    [
                        -7.925018457669211,
                        61.07332412998729,
                        -487.4613710003176,
                        3.6739651418251375e-16,
                        -2088.022701993075,
                        60.86224625342983,
                        50.54499117305083,
                        -17846.357535521074
                    ],
                    [
                        63.30635280284272,
                        -487.4613710003176,
                        3892.009749942464,
                        -2.9059816712812644e-15,
                        16671.868417960864,
                        -486.06536644221814,
                        -403.75199227665684,
                        142494.88613709947
                    ],
                    [
                        -4.652325726354006e-17,
                        3.6739651418251375e-16,
                        -2.9059816712812644e-15,
                        1e-06,
                        -1.244045259018775e-14,
                        3.6773054946476523e-16,
                        2.7995959122469807e-16,
                        -1.0631491834657697e-13
                    ],
                    [
                        271.19108214246006,
                        -2088.022701993075,
                        16671.868417960864,
                        -1.244045259018775e-14,
                        71417.29072362067,
                        -2082.1056000719814,
                        -1729.5994866535812,
                        610405.4598617294
                    ],
                    [
                        -8.014622395355538,
                        60.86224625342983,
                        -486.06536644221814,
                        3.6773054946476523e-16,
                        -2082.1056000719814,
                        62.5992173894014,
                        50.99251373368366,
                        -17795.926604578694
                    ],
                    [
                        -6.654660719686472,
                        50.54499117305083,
                        -403.75199227665684,
                        2.7995959122469807e-16,
                        -1729.5994866535812,
                        50.99251373368366,
                        43.6310587397664,
                        -14783.165879926913
                    ],
                    [
                        2317.902895981022,
                        -17846.357535521074,
                        142494.88613709947,
                        -1.0631491834657697e-13,
                        610405.4598617294,
                        -17795.926604578694,
                        -14783.165879926913,
