{
    "expt_args": {
        "save_dir": "expt_logs_29.04.24-2",
        "exp_name": "561",
        "num_nodes": 6,
        "obs_noise_mean": 0.5,
        "obs_noise_var": 1.0,
        "max_edge_strength": 10.0,
        "num_parents": 2,
        "new_noise_mean": 10.0,
        "mix_samples": 2048,
        "stage2_samples": 2048,
        "intv_targets": [
            0,
            1,
            2,
            3,
            4,
            5
        ]
    },
    "intv_args_dict": {
        "0": {
            "intv_type": "do",
            "inode": 0,
            "new_mui": 10.0,
            "true_params": {
                "Si": [
                    [
                        1.6984218571581455e-34,
                        1.2293455582917195e-17,
                        -2.3498031212394853e-17,
                        -7.931896819465123e-17,
                        3.3354890519057086e-16,
                        2.842901234498377e-15
                    ],
                    [
                        1.2293455582917195e-17,
                        0.9999999999999998,
                        -1.9114260472903457,
                        -6.110924397295824,
                        25.288877042969943,
                        215.37765240830143
                    ],
                    [
                        -2.3498031212394853e-17,
                        -1.9114260472903457,
                        4.653549534259996,
                        11.680580066013297,
                        -43.49007552710579,
                        -369.92815025958356
                    ],
                    [
                        -7.931896819465123e-17,
                        -6.110924397295824,
                        11.680580066013297,
                        38.34339698946533,
                        -160.19303954909503,
                        -1364.8559721932397
                    ],
                    [
                        3.3354890519057086e-16,
                        25.288877042969943,
                        -43.49007552710579,
                        -160.19303954909503,
                        696.0026828082324,
                        5933.042934584537
                    ],
                    [
                        2.842901234498377e-15,
                        215.37765240830143,
                        -369.92815025958356,
                        -1364.8559721932397,
                        5933.042934584537,
                        50577.42676764745
                    ]
                ],
                "mui": [
                    9.999999999999998,
                    -89.81008548710305,
                    92.14083020118682,
                    526.8039651249138,
                    -2531.703221420504,
                    -21586.154731351482
                ],
                "Ai": [
                    [
                        0.0,
                        0.0,
                        0.0,
                        0.0,
                        0.0,
                        0.0
                    ],
                    [
                        -9.031008548710307,
                        0.0,
                        0.0,
                        0.0,
                        0.0,
                        0.0
                    ],
                    [
                        -8.00245065082347,
                        -1.9114260472903464,
                        0.0,
                        0.0,
                        0.0,
                        0.0
                    ],
                    [
                        -2.251867740144805,
                        -6.110924397295825,
                        0.0,
                        0.0,
                        0.0,
                        0.0
                    ],
                    [
                        0.0,
                        0.0,
                        4.847742759549828,
                        -5.65462384699568,
                        0.0,
                        0.0
                    ],
                    [
                        -0.0,
                        -2.4182107057465716,
                        0.0,
                        0.0,
                        8.612318480728785,
                        0.0
                    ]
                ]
            },
            "est_params": {
                "mui": [
                    9.999999999999998,
                    -89.64726067960751,
                    91.81199623306287,
                    525.8038652835571,
                    -2527.636791913976,
                    -21551.639713081287
                ],
                "Si": [
                    [
                        1e-06,
                        0.0,
                        0.0,
                        0.0,
                        0.0,
                        0.0
                    ],
                    [
                        0.0,
                        1.1319928160208648,
                        -2.174440843814805,
                        -6.897363844786702,
                        28.43174517003621,
                        242.1832173053789
                    ],
                    [
                        0.0,
                        -2.174440843814805,
                        5.1734384974509995,
                        13.282252774107969,
                        -49.95994021883377,
                        -425.2269293738285
                    ],
                    [
                        0.0,
                        -6.897363844786702,
                        13.282252774107969,
                        43.1842377418256,
                        -179.64472440255793,
                        -1530.8965741564864
                    ],
                    [
                        0.0,
                        28.43174517003621,
                        -49.95994021883377,
                        -179.64472440255793,
                        774.0141883334727,
                        6598.645143959011
                    ],
                    [
                        0.0,
                        242.1832173053789,
                        -425.2269293738285,
                        -1530.8965741564864,
                        6598.645143959011,
                        56256.44216134262
                    ]
                ]
            },
            "est_tgt": [
                0,
                1,
                4
            ]
        },
        "1": {
            "intv_type": "do",
            "inode": 1,
            "new_mui": 10.0,
            "true_params": {
                "Si": [
                    [
                        1.0000000000000284,
                        6.135750186699787e-15,
                        -8.00245065082371,
                        -2.2518677401449065,
                        -26.06035717748179,
                        -224.4400957340195
                    ],
                    [
                        6.135750186699787e-15,
                        4.175486117022791e-29,
                        -4.8403793735448326e-14,
                        -1.567026004884069e-14,
                        -1.4560805496060025e-13,
                        -1.2540229426801506e-12
                    ],
                    [
                        -8.00245065082371,
                        -4.8403793735448326e-14,
                        65.039216418867,
                        18.02046046269101,
                        213.3944650151814,
                        1837.8210947354794
                    ],
                    [
                        -2.2518677401449065,
                        -1.567026004884069e-14,
                        18.02046046269101,
                        6.0709083191052065,
                        53.02985377762754,
                        456.7099897194069
                    ],
                    [
                        -26.06035717748179,
                        -1.4560805496060025e-13,
                        213.3944650151814,
                        53.02985377762754,
                        735.6175969316882,
                        6335.373024804078
                    ],
                    [
                        -224.4400957340195,
                        -1.2540229426801506e-12,
                        1837.8210947354794,
                        456.7099897194069,
                        6335.373024804078,
                        54563.2501838308
                    ]
                ],
                "mui": [
                    0.49999999999991324,
                    9.999999999999993,
                    -22.61548579831449,
                    -61.73517784303041,
                    239.95515129723805,
                    2042.888077005809
                ],
                "Ai": [
                    [
                        0.0,
                        0.0,
                        0.0,
                        0.0,
                        0.0,
                        0.0
                    ],
                    [
                        0.0,
                        0.0,
                        0.0,
                        0.0,
                        0.0,
                        0.0
                    ],
                    [
                        -8.00245065082347,
                        -1.9114260472903464,
                        0.0,
                        0.0,
                        0.0,
                        0.0
                    ],
                    [
                        -2.251867740144805,
                        -6.110924397295825,
                        0.0,
                        0.0,
                        0.0,
                        0.0
                    ],
                    [
                        0.0,
                        0.0,
                        4.847742759549828,
                        -5.65462384699568,
                        0.0,
                        0.0
                    ],
                    [
                        -0.0,
                        -2.4182107057465716,
                        0.0,
                        0.0,
                        8.612318480728785,
                        0.0
                    ]
                ]
            },
            "est_params": {
                "mui": [
                    0.5225751231443343,
                    9.999999999999996,
                    -22.767342913721315,
                    -61.832896575751654,
                    239.8500411383942,
                    2041.9224749560617
                ],
                "Si": [
                    [
                        1.0455980694847136,
                        6.280876808999104e-15,
                        -8.359700098971171,
                        -2.2751953601702812,
                        -27.65747819498808,
                        -238.20855486078463
                    ],
                    [
                        6.280876808999104e-15,
                        1e-06,
                        -4.940652429566546e-14,
                        -1.5620569106647894e-14,
                        -1.5065704768598518e-13,
                        -1.297682696229298e-12
                    ],
                    [
                        -8.359700098971171,
                        -4.940652429566546e-14,
                        67.95716519392585,
                        18.168434523772135,
                        226.66248432150533,
                        1952.160717297512
                    ],
                    [
                        -2.2751953601702812,
                        -1.5620569106647894e-14,
                        18.16843452377213,
                        5.966400060877231,
                        54.2398505255363,
                        467.20601769671396
                    ],
                    [
                        -27.65747819498808,
                        -1.5065704768598518e-13,
                        226.66248432150533,
                        54.2398505255363,
                        793.5524712690942,
                        6834.233353887709
                    ],
                    [
                        -238.20855486078463,
                        -1.297682696229298e-12,
                        1952.160717297512,
                        467.20601769671396,
                        6834.233353887709,
                        58858.63323701128
                    ]
                ]
            },
            "est_tgt": [
                1,
                4
            ]
        },
        "2": {
            "intv_type": "do",
            "inode": 2,
            "new_mui": 10.0,
            "true_params": {
                "Si": [
                    [
                        0.9999999999999998,
                        -9.031008548710304,
                        8.727104680856557e-36,
                        52.93594273235616,
                        -299.3328441375788,
                        -2556.110903898999
                    ],
                    [
                        -9.031008548710304,
                        82.55911540687862,
                        -7.881455697830529e-35,
                        -484.17587574724354,
                        2737.8324531403805,
                        23379.439696586047
                    ],
                    [
                        8.727104680856557e-36,
                        -7.881455697830529e-35,
                        9.423440960331474e-35,
                        4.619775136051001e-34,
                        -9.707440939985923e-18,
                        -8.360357300802397e-17
                    ],
                    [
                        52.93594273235616,
                        -484.17587574724354,
                        4.619775136051001e-34,
                        2840.557429952757,
                        -16062.283782171622,
                        -137162.6641737107
                    ],
                    [
                        -299.3328441375788,
                        2737.8324531403805,
                        -9.707440939985923e-18,
                        -16062.283782171622,
                        90827.1729118796,
                        775611.8840726053
                    ],
                    [
                        -2556.110903898999,
                        23379.439696586047,
                        -8.360357300802397e-17,
                        -137162.6641737107,
                        775611.8840726053,
                        6623281.15170273
                    ]
                ],
                "mui": [
                    0.4999999999999999,
                    -4.015504274355153,
                    10.0,
                    23.912509167530168,
                    -86.23881698472063,
                    -732.5058218484803
                ],
                "Ai": [
                    [
                        0.0,
                        0.0,
                        0.0,
                        0.0,
                        0.0,
                        0.0
                    ],
                    [
                        -9.031008548710307,
                        0.0,
                        0.0,
                        0.0,
                        0.0,
                        0.0
                    ],
                    [
                        0.0,
                        0.0,
                        0.0,
                        0.0,
                        0.0,
                        0.0
                    ],
                    [
                        -2.251867740144805,
                        -6.110924397295825,
                        0.0,
                        0.0,
                        0.0,
                        0.0
                    ],
                    [
                        0.0,
                        0.0,
                        4.847742759549828,
                        -5.65462384699568,
                        0.0,
                        0.0
                    ],
                    [
                        -0.0,
                        -2.4182107057465716,
                        0.0,
                        0.0,
                        8.612318480728785,
                        0.0
                    ]
                ]
            },
            "est_params": {
                "mui": [
                    0.42074634377731585,
                    -3.2633334399717264,
                    6.764795717524084,
                    19.434254725148975,
                    -76.63883120187454,
                    -651.6400995231407
                ],
                "Si": [
                    [
                        0.8174800028568429,
                        -7.40147643375875,
                        3.801284056192742,
                        43.388738779919464,
                        -226.85754762794272,
                        -1935.900672845877
                    ],
                    [
                        -7.40147643375875,
                        67.88433960352226,
                        -35.58520967064615,
                        -398.173039861646,
                        2078.4918123356306,
                        17736.750384429215
                    ],
                    [
                        3.801284056192742,
                        -35.58520967064615,
                        49.28938078353448,
                        209.231593017214,
                        -943.7013762761605,
                        -8041.673954540202
                    ],
                    [
                        43.388738779919464,
                        -398.173039861646,
                        209.231593017214,
                        2336.573337125916,
                        -12195.146238743288,
                        -104067.1794554432
                    ],
                    [
                        -226.85754762794272,
                        2078.4918123356306,
                        -943.7013762761604,
                        -12195.146238743288,
                        64370.48098555477,
                        549360.3846565265
                    ],
                    [
                        -1935.900672845877,
                        17736.750384429215,
                        -8041.673954540202,
                        -104067.17945544318,
                        549360.3846565265,
                        4688440.537286183
                    ]
                ]
            },
            "est_tgt": [
                2,
                4
            ]
        },
        "3": {
            "intv_type": "do",
            "inode": 3,
            "new_mui": 10.0,
            "true_params": {
                "Si": [
                    [
                        0.9999999999999947,
                        -9.031008548710256,
                        9.259654322483154,
                        -1.5640080355754087e-14,
                        44.88842219775206,
                        408.43226962063625
                    ],
                    [
                        -9.031008548710256,
                        82.55911540687819,
                        -85.53544339173804,
                        1.4600470350837378e-13,
                        -414.6538263871831,
                        -3770.7761488331216
                    ],
                    [
                        9.259654322483154,
                        -85.53544339173804,
                        90.39474770614142,
                        -1.567736245587998e-13,
                        438.2104836937813,
                        3980.850972095734
                    ],
                    [
                        -1.5640080355754087e-14,
                        1.4600470350837378e-13,
                        -1.567736245587998e-13,
                        2.755092452432907e-28,
                        -7.603075386106542e-13,
                        -6.9010808029272544e-12
                    ],
                    [
                        44.88842219775206,
                        -414.6538263871831,
                        438.2104836937813,
                        -7.603075386106542e-13,
                        2125.3316994853603,
                        19306.753795304754
                    ],
                    [
                        408.43226962063625,
                        -3770.7761488331216,
                        3980.850972095734,
                        -6.9010808029272544e-12,
                        19306.753795304754,
                        175395.44376626582
                    ]
                ],
                "mui": [
                    0.5000000000000056,
                    -4.015504274355203,
                    4.174114137596458,
                    10.000000000000027,
                    -35.81120688188915,
                    -298.20718342087883
                ],
                "Ai": [
                    [
                        0.0,
                        0.0,
                        0.0,
                        0.0,
                        0.0,
                        0.0
                    ],
                    [
                        -9.031008548710307,
                        0.0,
                        0.0,
                        0.0,
                        0.0,
                        0.0
                    ],
                    [
                        -8.00245065082347,
                        -1.9114260472903464,
                        0.0,
                        0.0,
                        0.0,
                        0.0
                    ],
                    [
                        0.0,
                        0.0,
                        0.0,
                        0.0,
                        0.0,
                        0.0
                    ],
                    [
                        0.0,
                        0.0,
                        4.847742759549828,
                        -5.65462384699568,
                        0.0,
                        0.0
                    ],
                    [
                        -0.0,
                        -2.4182107057465716,
                        0.0,
                        0.0,
                        8.612318480728785,
                        0.0
                    ]
                ]
            },
            "est_params": {
                "mui": [
                    0.5667194595413801,
                    -4.6236671702602665,
                    4.839233749065532,
                    10.000000000000021,
                    -32.5861310229611,
                    -268.91123945686206
                ],
                "Si": [
                    [
                        0.9940940831150522,
                        -9.02916998937686,
                        9.164081149391002,
                        -1.5417669749206835e-14,
                        44.52250754439607,
                        405.2404779893816
                    ],
                    [
                        -9.02916998937686,
                        82.9530244166196,
                        -84.99708950340717,
                        1.4441200655720582e-13,
                        -412.8822430489169,
                        -3756.0699027891683
                    ],
                    [
                        9.164081149391002,
                        -84.99708950340717,
                        88.8497228707303,
                        -1.5343324717584294e-13,
                        431.50758154366923,
                        3921.427339846955
                    ],
                    [
                        -1.5417669749206832e-14,
                        1.4441200655720582e-13,
                        -1.5343324717584294e-13,
                        1e-06,
                        -7.450460411957516e-13,
                        -6.765130532244054e-12
                    ],
                    [
                        44.52250754439607,
                        -412.8822430489169,
                        431.50758154366923,
                        -7.450460411957517e-13,
                        2096.6887047655546,
                        19053.8485388096
                    ],
                    [
                        405.2404779893816,
                        -3756.0699027891683,
                        3921.427339846955,
                        -6.765130532244054e-12,
                        19053.8485388096,
                        173164.04621730477
                    ]
                ]
            },
            "est_tgt": [
                3,
                4
            ]
        },
        "4": {
            "intv_type": "do",
            "inode": 4,
            "new_mui": 10.0,
            "true_params": {
                "Si": [
                    [
                        1.0,
                        -9.031008548710307,
                        9.259654322483202,
                        52.935942732356175,
                        0.0,
                        21.838881556180073
                    ],
                    [
                        -9.031008548710307,
                        82.55911540687865,
                        -85.5354433917385,
                        -484.1758757472437,
                        0.0,
                        -199.64533673388067
                    ],
                    [
                        9.259654322483202,
                        -85.5354433917385,
                        90.39474770614184,
                        501.8491110023984,
                        0.0,
                        206.84272493068184
                    ],
                    [
                        52.935942732356175,
                        -484.1758757472437,
                        501.8491110023984,
                        2840.557429952758,
                        0.0,
                        1170.8392861962066
                    ],
                    [
                        0.0,
                        0.0,
                        0.0,
                        0.0,
                        0.0,
                        0.0
                    ],
                    [
                        21.838881556180073,
                        -199.64533673388067,
                        206.84272493068184,
                        1170.8392861962066,
                        0.0,
                        483.7844906422495
                    ]
                ],
                "mui": [
                    0.5,
                    -4.015504274355154,
                    4.174114137596428,
                    23.912509167530175,
                    10.0,
                    96.33352023250461
                ],
                "Ai": [
                    [
                        0.0,
                        0.0,
                        0.0,
                        0.0,
                        0.0,
                        0.0
                    ],
                    [
                        -9.031008548710307,
                        0.0,
                        0.0,
                        0.0,
                        0.0,
                        0.0
                    ],
                    [
                        -8.00245065082347,
                        -1.9114260472903464,
                        0.0,
                        0.0,
                        0.0,
                        0.0
                    ],
                    [
                        -2.251867740144805,
                        -6.110924397295825,
                        0.0,
                        0.0,
                        0.0,
                        0.0
                    ],
                    [
                        0.0,
                        0.0,
                        0.0,
                        0.0,
                        0.0,
                        0.0
                    ],
                    [
                        -0.0,
                        -2.4182107057465716,
                        0.0,
                        0.0,
                        8.612318480728785,
                        0.0
                    ]
                ]
            },
            "est_params": {
                "mui": [
                    0.44645898777402204,
                    -3.4321266641344175,
                    3.4817883897492248,
                    20.428167165286013,
                    10.0,
                    94.94217773144423
                ],
                "Si": [
                    [
                        1.088189708572581,
                        -9.90269276288243,
                        10.208315033766429,
                        57.93254765372655,
                        0.0,
                        23.928105087795963
                    ],
                    [
                        -9.90269276288243,
                        91.12203638999735,
                        -94.79959332928043,
                        -533.4246640646401,
                        0.0,
                        -220.2714313310009
                    ],
                    [
                        10.208315033766429,
                        -94.79959332928043,
                        100.21557525881896,
                        555.279710108022,
                        0.0,
                        229.2838749968972
                    ],
                    [
                        57.93254765372655,
                        -533.4246640646401,
                        555.279710108022,
                        3123.702349740196,
                        0.0,
                        1289.4134383738829
                    ],
                    [
                        0.0,
                        0.0,
                        0.0,
                        0.0,
                        1e-06,
                        0.0
                    ],
                    [
                        23.928105087795963,
                        -220.2714313310009,
                        229.2838749968972,
                        1289.4134383738829,
                        0.0,
                        533.4635929773964
                    ]
                ]
            },
            "est_tgt": [
                0,
                1,
                4
            ]
        },
        "5": {
            "intv_type": "do",
            "inode": 5,
            "new_mui": 10.0,
            "true_params": {
                "Si": [
                    [
                        0.9999999999999998,
                        -9.031008548710304,
                        9.259654322483202,
                        52.93594273235616,
                        -254.44442193982658,
                        0.0
                    ],
                    [
                        -9.031008548710304,
                        82.55911540687862,
                        -85.5354433917385,
                        -484.17587574724354,
                        2323.178626753196,
                        0.0
                    ],
                    [
                        9.259654322483202,
                        -85.5354433917385,
                        90.39474770614187,
                        501.84911100239844,
                        -2399.5574669739613,
                        0.0
                    ],
                    [
                        52.93594273235616,
                        -484.17587574724354,
                        501.84911100239844,
                        2840.557429952757,
                        -13629.448387923227,
                        0.0
                    ],
                    [
                        -254.44442193982658,
                        2323.178626753196,
                        -2399.5574669739613,
                        -13629.448387923227,
                        65437.96653910075,
                        0.0
                    ],
                    [
                        0.0,
                        0.0,
                        0.0,
                        0.0,
                        0.0,
                        0.0
                    ]
                ],
                "mui": [
                    0.49999999999999994,
                    -4.015504274355153,
                    4.174114137596429,
                    23.91250916753017,
                    -114.48121299215126,
                    10.0
                ],
                "Ai": [
                    [
                        0.0,
                        0.0,
                        0.0,
                        0.0,
                        0.0,
                        0.0
                    ],
                    [
                        -9.031008548710307,
                        0.0,
                        0.0,
                        0.0,
                        0.0,
                        0.0
                    ],
                    [
                        -8.00245065082347,
                        -1.9114260472903464,
                        0.0,
                        0.0,
                        0.0,
                        0.0
                    ],
                    [
                        -2.251867740144805,
                        -6.110924397295825,
                        0.0,
                        0.0,
                        0.0,
                        0.0
                    ],
                    [
                        0.0,
                        0.0,
                        4.847742759549828,
                        -5.65462384699568,
                        0.0,
                        0.0
                    ],
                    [
                        0.0,
                        0.0,
                        0.0,
                        0.0,
                        0.0,
                        0.0
                    ]
                ]
            },
            "est_params": {
                "mui": [
                    0.47295714010004297,
                    -3.746177895929408,
                    3.840659997237132,
                    22.337145531740205,
                    -107.19684293973495,
                    10.0
                ],
                "Si": [
                    [
                        0.9419274802459962,
                        -8.475440109072537,
                        8.627623998734586,
                        49.69242370241199,
                        -239.25614973328712,
                        0.0
                    ],
                    [
                        -8.475440109072537,
                        77.30043864575369,
                        -79.56278973853851,
                        -453.47222174851845,
                        2179.3319921634643,
                        0.0
                    ],
                    [
                        8.627623998734586,
                        -79.56278973853851,
                        83.66122497316915,
                        466.8418121599863,
                        -2235.10098671522,
                        0.0
                    ],
                    [
                        49.69242370241199,
                        -453.47222174851845,
                        466.8418121599863,
                        2661.313859279441,
                        -12790.438977521995,
                        0.0
                    ],
                    [
                        -239.25614973328712,
                        2179.3319921634643,
                        -2235.10098671522,
                        -12790.438977521995,
                        61514.20420000678,
                        0.0
                    ],
                    [
                        0.0,
                        0.0,
                        0.0,
                        0.0,
                        0.0,
                        1e-06
                    ]
                ]
            },
            "est_tgt": [
                5
            ]
        },
        "obs": {
            "intv_type": "obs",
            "true_params": {
                "Si": [
                    [
                        0.9999999999999998,
                        -9.031008548710304,
                        9.259654322483197,
                        52.93594273235616,
                        -254.4444219398266,
                        -2169.5175158345414
                    ],
                    [
                        -9.031008548710304,
                        82.55911540687862,
                        -85.53544339173845,
                        -484.17587574724354,
                        2323.1786267531966,
                        19808.308884486793
                    ],
                    [
                        9.259654322483197,
                        -85.53544339173845,
                        90.39474770614179,
                        501.84911100239816,
                        -2399.55746697396,
                        -20458.91039345991
                    ],
                    [
                        52.93594273235616,
                        -484.17587574724354,
                        501.84911100239816,
                        2840.557429952757,
                        -13629.448387923228,
                        -116210.31094725417
                    ],
                    [
                        -254.4444219398266,
                        2323.1786267531966,
                        -2399.55746697396,
                        -13629.448387923228,
                        65437.966539100766,
                        557954.6731394333
                    ],
                    [
                        -2169.5175158345414,
                        19808.308884486793,
                        -20458.91039345991,
                        -116210.31094725417,
                        557954.6731394333,
                        4757383.678280529
                    ]
                ],
                "mui": [
                    0.49999999999999994,
                    -4.015504274355153,
                    4.174114137596426,
                    23.91250916753017,
                    -114.48121299215128,
                    -975.738330923336
                ],
                "Ai": [
                    [
                        0.0,
                        0.0,
                        0.0,
                        0.0,
                        0.0,
                        0.0
                    ],
                    [
                        -9.031008548710307,
                        0.0,
                        0.0,
                        0.0,
                        0.0,
                        0.0
                    ],
                    [
                        -8.00245065082347,
                        -1.9114260472903464,
                        0.0,
                        0.0,
                        0.0,
                        0.0
                    ],
                    [
                        -2.251867740144805,
                        -6.110924397295825,
                        0.0,
                        0.0,
                        0.0,
                        0.0
                    ],
                    [
                        0.0,
                        0.0,
                        4.847742759549828,
                        -5.65462384699568,
                        0.0,
                        0.0
                    ],
                    [
                        -0.0,
                        -2.4182107057465716,
                        0.0,
                        0.0,
                        8.612318480728785,
                        0.0
                    ]
                ]
            },
            "est_params": {
                "mui": [
