{
    "expt_args": {
        "save_dir": "expt_logs_29.04.24-2",
        "exp_name": "576",
        "num_nodes": 4,
        "obs_noise_mean": 0.5,
        "obs_noise_var": 1.0,
        "max_edge_strength": 10.0,
        "num_parents": 2,
        "new_noise_mean": 10.0,
        "mix_samples": 1024,
        "stage2_samples": 1024,
        "intv_targets": [
            0,
            1,
            2,
            3
        ]
    },
    "intv_args_dict": {
        "0": {
            "intv_type": "do",
            "inode": 0,
            "new_mui": 10.0,
            "true_params": {
                "Si": [
                    [
                        0.0,
                        0.0,
                        0.0,
                        0.0
                    ],
                    [
                        0.0,
                        0.9999999999999993,
                        6.357001445237072,
                        35.483173058860665
                    ],
                    [
                        0.0,
                        6.357001445237072,
                        41.41146737474624,
                        231.77567643192896
                    ],
                    [
                        0.0,
                        35.483173058860665,
                        231.77567643192896,
                        1298.608418814083
                    ]
                ],
                "mui": [
                    10.0,
                    58.68322783556468,
                    449.4607900023032,
                    2557.212855817198
                ],
                "Ai": [
                    [
                        0.0,
                        0.0,
                        0.0,
                        0.0
                    ],
                    [
                        5.81832278355647,
                        0.0,
                        0.0,
                        0.0
                    ],
                    [
                        7.591142584044199,
                        6.357001445237075,
                        0.0,
                        0.0
                    ],
                    [
                        -0.0,
                        -3.988046569088935,
                        6.209094015154436,
                        0.0
                    ]
                ]
            },
            "est_params": {
                "mui": [
                    10.0,
                    58.711010955333535,
                    449.6049326116701,
                    2557.987032545559
                ],
                "Si": [
                    [
                        1e-06,
                        0.0,
                        0.0,
                        0.0
                    ],
                    [
                        0.0,
                        1.0330101267610952,
                        6.558484821250597,
                        36.6204092163246
                    ],
                    [
                        0.0,
                        6.558484821250597,
                        42.75431331654391,
                        239.4671569626933
                    ],
                    [
                        0.0,
                        36.6204092163246,
                        239.4671569626933,
                        1342.783197080229
                    ]
                ]
            },
            "est_tgt": [
                0,
                3
            ]
        },
        "1": {
            "intv_type": "do",
            "inode": 1,
            "new_mui": 10.0,
            "true_params": {
                "Si": [
                    [
                        0.9999999999999969,
                        1.7816811400033925e-15,
                        7.591142584044188,
                        47.13411798677274
                    ],
                    [
                        1.7816811400033925e-15,
                        3.174387684643798e-30,
                        1.3524995573068188e-14,
                        8.397796906772793e-14
                    ],
                    [
                        7.591142584044188,
                        1.3524995573068188e-14,
                        58.62544573128924,
                        364.0109042259092
                    ],
                    [
                        47.13411798677274,
                        8.397796906772793e-14,
                        364.0109042259092,
                        2261.177926880047
                    ]
                ],
                "mui": [
                    0.4999999999999957,
                    10.000000000000005,
                    67.86558574439285,
                    382.0033365895705
                ],
                "Ai": [
                    [
                        0.0,
                        0.0,
                        0.0,
                        0.0
                    ],
                    [
                        0.0,
                        0.0,
                        0.0,
                        0.0
                    ],
                    [
                        7.591142584044199,
                        6.357001445237075,
                        0.0,
                        0.0
                    ],
                    [
                        -0.0,
                        -3.988046569088935,
                        6.209094015154436,
                        0.0
                    ]
                ]
            },
            "est_params": {
                "mui": [
                    0.5168715191171193,
                    10.000000000000012,
                    68.01547942624326,
                    383.04738552897567
                ],
                "Si": [
                    [
                        1.140126365490261,
                        2.0748520969920586e-15,
                        8.753212668173928,
                        54.31067427104003
                    ],
                    [
                        2.0748520969920586e-15,
                        1e-06,
                        1.595464491151616e-14,
                        9.899736287019995e-14
                    ],
                    [
                        8.753212668173928,
                        1.595464491151616e-14,
                        68.23264360267972,
                        423.381645980306
                    ],
                    [
                        54.31067427104003,
                        9.899736287019995e-14,
                        423.381645980306,
                        2628.146742517531
                    ]
                ]
            },
            "est_tgt": [
                1,
                3
            ]
        },
        "2": {
            "intv_type": "do",
            "inode": 2,
            "new_mui": 10.0,
            "true_params": {
                "Si": [
                    [
                        1.0,
                        5.81832278355647,
                        0.0,
                        -23.20374221481436
                    ],
                    [
                        5.81832278355647,
                        34.8528800136523,
                        0.0,
                        -138.9949085613144
                    ],
                    [
                        0.0,
                        0.0,
                        0.0,
                        0.0
                    ],
                    [
                        -23.20374221481436,
                        -138.9949085613144,
                        0.0,
                        555.31816820878
                    ]
                ],
                "mui": [
                    0.5,
                    3.409161391778235,
                    10.0,
                    48.99504575959271
                ],
                "Ai": [
                    [
                        0.0,
                        0.0,
                        0.0,
                        0.0
                    ],
                    [
                        5.81832278355647,
                        0.0,
                        0.0,
                        0.0
                    ],
                    [
                        0.0,
                        0.0,
                        0.0,
                        0.0
                    ],
                    [
                        -0.0,
                        -3.988046569088935,
                        6.209094015154436,
                        0.0
                    ]
                ]
            },
            "est_params": {
                "mui": [
                    1.5599189485892175,
                    9.895392027068088,
                    75.43939828819249,
                    429.5403794364485
                ],
                "Si": [
                    [
                        0.014278739715262468,
                        -0.02424491905441375,
                        -0.09884862590752722,
                        -0.5059541335035647
                    ],
                    [
                        -0.02424491905441375,
                        0.1668011246251206,
                        0.897577576294344,
                        4.856688275071215
                    ],
                    [
                        -0.09884862590752722,
                        0.897577576294344,
                        5.481491320123948,
                        30.19587678907455
                    ],
                    [
                        -0.5059541335035647,
                        4.856688275071215,
                        30.195876789074543,
                        167.0378227651868
                    ]
                ]
            },
            "est_tgt": [
                0,
                1,
                2,
                3
            ]
        },
        "3": {
            "intv_type": "do",
            "inode": 3,
            "new_mui": 10.0,
            "true_params": {
                "Si": [
                    [
                        1.0,
                        5.818322783556468,
                        44.57822892796847,
                        0.0
                    ],
                    [
                        5.818322783556468,
                        34.85288001365228,
                        265.727526467432,
                        0.0
                    ],
                    [
                        44.57822892796847,
                        265.727526467432,
                        2028.629961729111,
                        0.0
                    ],
                    [
                        0.0,
                        0.0,
                        0.0,
                        0.0
                    ]
                ],
                "mui": [
                    0.5,
                    3.409161391778234,
                    25.96761518660277,
                    10.0
                ],
                "Ai": [
                    [
                        0.0,
                        0.0,
                        0.0,
                        0.0
                    ],
                    [
                        5.81832278355647,
                        0.0,
                        0.0,
                        0.0
                    ],
                    [
                        7.591142584044199,
                        6.357001445237075,
                        0.0,
                        0.0
                    ],
                    [
                        0.0,
                        0.0,
                        0.0,
                        0.0
                    ]
                ]
            },
            "est_params": {
                "mui": [
                    0.49281004461378125,
                    3.3614173580696955,
                    18.649916696731708,
                    28.762024315087114
                ],
                "Si": [
                    [
                        1.082499615747304,
                        6.377862043604931,
                        26.599740469714558,
                        -11.982229483448794
                    ],
                    [
                        6.377862043604931,
                        38.588450851635145,
                        159.67020991609135,
                        -73.04646133988767
                    ],
                    [
                        26.599740469714558,
                        159.67020991609135,
                        1277.8992090478466,
                        -162.2889272339477
                    ],
                    [
                        -11.982229483448794,
                        -73.04646133988767,
                        -162.2889272339477,
                        671.7187480969103
                    ]
                ]
            },
            "est_tgt": [
                2,
                3
            ]
        },
        "obs": {
            "intv_type": "obs",
            "true_params": {
                "Si": [
                    [
                        1.0,
                        5.818322783556468,
                        44.57822892796847,
                        253.58667222801904
                    ],
                    [
                        5.818322783556468,
                        34.85288001365228,
                        265.727526467432,
                        1510.9322856894103
                    ],
                    [
                        44.57822892796847,
                        265.727526467432,
                        2028.629961729111,
                        11536.220404094265
                    ],
                    [
                        253.58667222801904,
                        1510.9322856894103,
                        11536.220404094265,
                        65604.80875049483
                    ]
                ],
                "mui": [
                    0.5,
                    3.409161391778234,
                    25.96761518660277,
                    148.1394696510171
                ],
                "Ai": [
                    [
                        0.0,
                        0.0,
                        0.0,
                        0.0
                    ],
                    [
                        5.81832278355647,
                        0.0,
                        0.0,
                        0.0
                    ],
                    [
                        7.591142584044199,
                        6.357001445237075,
                        0.0,
                        0.0
                    ],
                    [
                        -0.0,
                        -3.988046569088935,
                        6.209094015154436,
                        0.0
                    ]
                ]
            },
            "est_params": {
                "mui": [
                    0.4311047578953409,
                    3.1426246762369296,
                    23.675098302882127,
                    134.9646283841506
                ],
                "Si": [
                    [
                        0.944275188966779,
                        5.605585095473286,
                        42.77426499537742,
                        243.28498580400074
                    ],
                    [
                        5.605585095473286,
                        34.10641293217547,
                        259.0649773794526,
                        1472.8550848585626
                    ],
                    [
                        42.77426499537742,
                        259.0649773794526,
                        1971.2212384692866,
                        11208.610878252413
                    ],
                    [
                        243.28498580400068,
                        1472.8550848585626,
                        11208.610878252413,
                        63735.35739488572
                    ]
                ]
            }
        }
    },
    "metric_dict": {
        "param_est_rel_err": 9.8882196037814,
        "est_dag": {
            "amat": [
                [
                    0,
                    1,
                    0,
                    0
                ],
                [
                    0,
                    0,
                    1,
                    1
                ],
                [
                    0,
                    0,
                    0,
                    0
                ],
                [
                    0,
                    0,
                    1,
                    0
                ]
            ],
            "nodes": [
                0,
                1,
                2,
                3
            ]
        },
        "act_dag": {
            "amat": [
                [
                    0,
                    1,
                    1,
                    0
                ],
                [
                    0,
                    0,
                    1,
                    1
                ],
                [
                    0,
                    0,
                    0,
                    1
                ],
                [
                    0,
                    0,
                    0,
                    0
                ]
            ],
            "nodes": [
                0,
                1,
                2,
                3
            ]
        },
        "shd": 2,
        "avg_js": 0.4375
    }
}