{
    "expt_args": {
        "save_dir": "expt_logs_29.04.24-2",
        "exp_name": "245",
        "num_nodes": 4,
        "obs_noise_mean": 0.5,
        "obs_noise_var": 1.0,
        "max_edge_strength": 10.0,
        "num_parents": 2,
        "new_noise_mean": 10.0,
        "mix_samples": 32768,
        "stage2_samples": 32768,
        "intv_targets": [
            0,
            1,
            2,
            3
        ]
    },
    "intv_args_dict": {
        "0": {
            "intv_type": "do",
            "inode": 0,
            "new_mui": 10.0,
            "true_params": {
                "Si": [
                    [
                        2.3575950718165192e-33,
                        2.363808574259596e-32,
                        4.85550725652482e-17,
                        -2.1194374151614983e-16
                    ],
                    [
                        2.363808574259596e-32,
                        0.9999999999999998,
                        -1.2085112863709009,
                        5.275172915327198
                    ],
                    [
                        4.85550725652482e-17,
                        -1.2085112863709009,
                        2.460499529285851,
                        -10.74012350686522
                    ],
                    [
                        -2.1194374151614983e-16,
                        5.275172915327198,
                        -10.74012350686522,
                        47.88082707180959
                    ]
                ],
                "mui": [
                    9.999999999999998,
                    82.17008795527215,
                    -0.49907632958243314,
                    76.8803351790612
                ],
                "Ai": [
                    [
                        0.0,
                        0.0,
                        0.0,
                        0.0
                    ],
                    [
                        8.167008795527217,
                        0.0,
                        0.0,
                        0.0
                    ],
                    [
                        9.830440236645366,
                        -1.2085112863709018,
                        0.0,
                        0.0
                    ],
                    [
                        7.420185826603207,
                        0.0,
                        -4.365017501134208,
                        0.0
                    ]
                ]
            },
            "est_params": {
                "mui": [
                    9.999999999999998,
                    82.18436231550594,
                    -0.513500145820857,
                    76.92955997407638
                ],
                "Si": [
                    [
                        1e-06,
                        0.0,
                        0.0,
                        0.0
                    ],
                    [
                        0.0,
                        0.9893865456516473,
                        -1.1667093757610236,
                        5.086579643315205
                    ],
                    [
                        0.0,
                        -1.1667093757610236,
                        2.36507486388284,
                        -10.33246911699451
                    ],
                    [
                        0.0,
                        5.086579643315205,
                        -10.33246911699451,
                        46.1162067215788
                    ]
                ]
            },
            "est_tgt": [
                0,
                2
            ]
        },
        "1": {
            "intv_type": "do",
            "inode": 1,
            "new_mui": 10.0,
            "true_params": {
                "Si": [
                    [
                        1.0000000000000004,
                        0.0,
                        9.83044023664537,
                        -35.48985785020773
                    ],
                    [
                        0.0,
                        0.0,
                        0.0,
                        0.0
                    ],
                    [
                        9.83044023664537,
                        0.0,
                        97.63755524625623,
                        -353.24594410464067
                    ],
                    [
                        -35.48985785020773,
                        0.0,
                        -353.24594410464067,
                        1279.5833880131584
                    ]
                ],
                "mui": [
                    0.4999999999999999,
                    10.0,
                    -6.669892745386336,
                    33.324291477601044
                ],
                "Ai": [
                    [
                        0.0,
                        0.0,
                        0.0,
                        0.0
                    ],
                    [
                        0.0,
                        0.0,
                        0.0,
                        0.0
                    ],
                    [
                        9.830440236645366,
                        -1.2085112863709018,
                        0.0,
                        0.0
                    ],
                    [
                        7.420185826603207,
                        0.0,
                        -4.365017501134208,
                        0.0
                    ]
                ]
            },
            "est_params": {
                "mui": [
                    0.5058118642562023,
                    9.999999334387981,
                    -6.612613068142908,
                    33.102121961507336
                ],
                "Si": [
                    [
                        1.0054652269559894,
                        -3.9263557505895555e-07,
                        9.896355032635661,
                        -35.731513181275695
                    ],
                    [
                        -3.9263557505895555e-07,
                        1.0023172615960956e-06,
                        -4.12328362663113e-06,
                        1.5648521232549675e-05
                    ],
                    [
                        9.896355032635661,
                        -4.123283626631129e-06,
                        98.40144969585977,
                        -356.0411399393797
                    ],
                    [
                        -35.731513181275695,
                        1.5648521232549675e-05,
                        -356.0411399393797,
                        1289.839006503355
                    ]
                ]
            },
            "est_tgt": [
                1,
                2
            ]
        },
        "2": {
            "intv_type": "do",
            "inode": 2,
            "new_mui": 10.0,
            "true_params": {
                "Si": [
                    [
                        1.0,
                        8.167008795527217,
                        0.0,
                        7.420185826603208
                    ],
                    [
                        8.167008795527217,
                        67.70003266621892,
                        0.0,
                        60.60072291031479
                    ],
                    [
                        0.0,
                        0.0,
                        0.0,
                        0.0
                    ],
                    [
                        7.420185826603208,
                        60.60072291031479,
                        0.0,
                        56.05915770132314
                    ]
                ],
                "mui": [
                    0.5,
                    4.583504397763608,
                    10.0,
                    -39.44008209804048
                ],
                "Ai": [
                    [
                        0.0,
                        0.0,
                        0.0,
                        0.0
                    ],
                    [
                        8.167008795527217,
                        0.0,
                        0.0,
                        0.0
                    ],
                    [
                        0.0,
                        0.0,
                        0.0,
                        0.0
                    ],
                    [
                        7.420185826603207,
                        0.0,
                        -4.365017501134208,
                        0.0
                    ]
                ]
            },
            "est_params": {
                "mui": [
                    0.5002017582607999,
                    4.587615024929518,
                    9.999999999999998,
                    -39.443854599199796
                ],
                "Si": [
                    [
                        1.0023529520814043,
                        8.18940555274867,
                        -2.1417192737439263e-25,
                        7.426836224975467
                    ],
                    [
                        8.18940555274867,
                        67.91460835356338,
                        -6.521896191572754e-25,
                        60.677446190353
                    ],
                    [
                        -2.141719254482863e-25,
                        -6.521896653838262e-25,
                        1e-06,
                        -1.7564438412146276e-24
                    ],
                    [
                        7.426836224975467,
                        60.677446190353,
                        -1.756443810396927e-24,
                        56.048654648422946
                    ]
                ]
            },
            "est_tgt": [
                1,
                2
            ]
        },
        "3": {
            "intv_type": "do",
            "inode": 3,
            "new_mui": 10.0,
            "true_params": {
                "Si": [
                    [
                        1.0000000000000004,
                        8.167008795527218,
                        -0.03948206863969825,
                        0.0
                    ],
                    [
                        8.167008795527218,
                        67.70003266621892,
                        -1.5309616882169266,
                        0.0
                    ],
                    [
                        -0.03948206863969825,
                        -1.5309616882169266,
                        2.4620583630299215,
                        0.0
                    ],
                    [
                        0.0,
                        0.0,
                        0.0,
                        0.0
                    ]
                ],
                "mui": [
                    0.5000000000000001,
                    4.583504397763608,
                    -0.12399667750530002,
                    10.0
                ],
                "Ai": [
                    [
                        0.0,
                        0.0,
                        0.0,
                        0.0
                    ],
                    [
                        8.167008795527217,
                        0.0,
                        0.0,
                        0.0
                    ],
                    [
                        9.830440236645366,
                        -1.2085112863709018,
                        0.0,
                        0.0
                    ],
                    [
                        0.0,
                        0.0,
                        0.0,
                        0.0
                    ]
                ]
            },
            "est_params": {
                "mui": [
                    0.4968010083891688,
                    4.57008218432264,
                    -0.12912167178592432,
                    10.000000423756662
                ],
                "Si": [
                    [
                        1.0102733025057409,
                        8.248826444514261,
                        -0.038639386505036795,
                        5.508520847527216e-07
                    ],
                    [
                        8.248826444514261,
                        68.351914196963,
                        -1.4938158246797666,
                        4.241171113312929e-06
                    ],
                    [
                        -0.038639386505036795,
                        -1.4938158246797666,
                        2.3993325653013327,
                        4.270763577748553e-07
                    ],
                    [
                        5.508520847527216e-07,
                        4.241171113312929e-06,
                        4.270763577748553e-07,
                        1.0012877954489215e-06
                    ]
                ]
            },
            "est_tgt": [
                3
            ]
        },
        "obs": {
            "intv_type": "obs",
            "true_params": {
                "Si": [
                    [
                        0.9999999999999998,
                        8.167008795527213,
                        -0.03948206863969818,
                        7.59252574719647
                    ],
                    [
                        8.167008795527213,
                        67.70003266621889,
                        -1.5309616882169257,
                        67.28339747294761
                    ],
                    [
                        -0.03948206863969818,
                        -1.5309616882169257,
                        2.462058363029921,
                        -11.039892129564707
                    ],
                    [
                        7.59252574719647,
                        67.28339747294761,
                        -11.039892129564707,
                        105.52727429365092
                    ]
                ],
                "mui": [
                    0.49999999999999994,
                    4.583504397763607,
                    -0.12399667750529997,
                    4.751340580694732
                ],
                "Ai": [
                    [
                        0.0,
                        0.0,
                        0.0,
                        0.0
                    ],
                    [
                        8.167008795527217,
                        0.0,
                        0.0,
                        0.0
                    ],
                    [
                        9.830440236645366,
                        -1.2085112863709018,
                        0.0,
                        0.0
                    ],
                    [
                        7.420185826603207,
                        0.0,
                        -4.365017501134208,
                        0.0
                    ]
                ]
            },
            "est_params": {
                "mui": [
                    0.4895612771975903,
                    4.482611879472914,
                    -0.10535422143062736,
                    4.5986176694015946
                ],
                "Si": [
                    [
                        0.9936300595945594,
                        8.1258555761397,
                        -0.07188610835993119,
                        7.693368576438834
                    ],
                    [
                        8.1258555761397,
                        67.46432031987385,
                        -1.788892677830321,
                        68.15773681606836
                    ],
                    [
                        -0.07188610835993119,
                        -1.788892677830321,
                        2.4360717781185244,
                        -11.18497154223561
                    ],
                    [
                        7.693368576438834,
                        68.15773681606836,
                        -11.18497154223561,
                        107.03811549283678
                    ]
                ]
            }
        }
    },
    "metric_dict": {
        "param_est_rel_err": 0.10562424595672526,
        "est_dag": {
            "amat": [
                [
                    0,
                    1,
                    0,
                    1
                ],
                [
                    0,
                    0,
                    0,
                    0
                ],
                [
                    0,
                    1,
                    0,
                    1
                ],
                [
                    0,
                    0,
                    0,
                    0
                ]
            ],
            "nodes": [
                0,
                1,
                2,
                3
            ]
        },
        "act_dag": {
            "amat": [
                [
                    0,
                    1,
                    1,
                    1
                ],
                [
                    0,
                    0,
                    1,
                    0
                ],
                [
                    0,
                    0,
                    0,
                    1
                ],
                [
                    0,
                    0,
                    0,
                    0
                ]
            ],
            "nodes": [
                0,
                1,
                2,
                3
            ]
        },
        "shd": 2,
        "avg_js": 0.625
    }
}