{
    "expt_args": {
        "save_dir": "expt_logs_29.04.24-2",
        "exp_name": "44",
        "num_nodes": 6,
        "obs_noise_mean": 0.5,
        "obs_noise_var": 1.0,
        "max_edge_strength": 20,
        "num_parents": 2,
        "new_noise_mean": 20.0,
        "mix_samples": 16384,
        "stage2_samples": 16384,
        "intv_targets": [
            0,
            1,
            2,
            3,
            4,
            5
        ]
    },
    "intv_args_dict": {
        "0": {
            "intv_type": "do",
            "inode": 0,
            "new_mui": 20.0,
            "true_params": {
                "Si": [
                    [
                        6.93787976321559e-34,
                        1.9036428224958513e-33,
                        -2.5582418261044635e-17,
                        -2.0098524566474575e-16,
                        -3.940329246367094e-18,
                        1.466557758525488e-15
                    ],
                    [
                        1.9036428224958513e-33,
                        0.9999999999999998,
                        -2.4902232079162863,
                        -6.297217698449445,
                        8.434727960860513,
                        197.25518204508944
                    ],
                    [
                        -2.5582418261044635e-17,
                        -2.4902232079162863,
                        7.201211625244882,
                        23.347154507020484,
                        -21.004355320595273,
                        -549.801671453724
                    ],
                    [
                        -2.0098524566474575e-16,
                        -6.297217698449445,
                        23.347154507020484,
                        99.41755229558025,
                        -53.11531819673724,
                        -1698.9514481947535
                    ],
                    [
                        -3.940329246367094e-18,
                        8.434727960860513,
                        -21.004355320595273,
                        -53.11531819673724,
                        72.14463577372219,
                        1681.4734088199755
                    ],
                    [
                        1.466557758525488e-15,
                        197.25518204508944,
                        -549.801671453724,
                        -1698.9514481947535,
                        1681.4734088199755,
                        42714.64830254839
                    ]
                ],
                "mui": [
                    20.000000000000007,
                    70.9540169788877,
                    -388.20224884388944,
                    -2067.687170458966,
                    742.8518874588345,
                    28938.100522850495
                ],
                "Ai": [
                    [
                        0.0,
                        0.0,
                        0.0,
                        0.0,
                        0.0,
                        0.0
                    ],
                    [
                        3.5227008489443845,
                        0.0,
                        0.0,
                        0.0,
                        0.0,
                        0.0
                    ],
                    [
                        -10.600545453408845,
                        -2.490223207916287,
                        0.0,
                        0.0,
                        0.0,
                        0.0
                    ],
                    [
                        0.0,
                        12.792028695417772,
                        7.665676849040487,
                        0.0,
                        0.0,
                        0.0
                    ],
                    [
                        7.193702825581933,
                        8.434727960860515,
                        0.0,
                        -0.0,
                        0.0,
                        0.0
                    ],
                    [
                        -0.0,
                        -0.0,
                        0.0,
                        -7.643452808818065,
                        17.6796093996283,
                        0.0
                    ]
                ]
            },
            "est_params": {
                "mui": [
                    20.000000000000004,
                    70.95835172108272,
                    -388.2069802329791,
                    -2067.647393854815,
                    742.8538513934692,
                    28937.806684521547
                ],
                "Si": [
                    [
                        1e-06,
                        5.765022464958751e-29,
                        -4.677608047915634e-29,
                        2.8949388258170115e-27,
                        4.56368844232064e-28,
                        -1.1494142993608777e-26
                    ],
                    [
                        5.765022464958751e-29,
                        1.019349512826531,
                        -2.5438657550191333,
                        -6.462515254913371,
                        8.621819259742981,
                        201.8391118817284
                    ],
                    [
                        -4.677608047915634e-29,
                        -2.5438657550191333,
                        7.376321149558751,
                        23.99884525855343,
                        -21.51748927759509,
                        -563.8844233171515
                    ],
                    [
                        2.8949388258170115e-27,
                        -6.462515254913371,
                        23.99884525855343,
                        102.26475519450831,
                        -54.660903083412535,
                        -1748.0988707323102
                    ],
                    [
                        4.56368844232064e-28,
                        8.621819259742981,
                        -21.51748927759509,
                        -54.660903083412535,
                        73.92825504754929,
                        1724.9591636004131
                    ],
                    [
                        -1.1494142993608777e-26,
                        201.8391118817284,
                        -563.8844233171515,
                        -1748.0988707323102,
                        1724.9591636004131,
                        43862.05124918184
                    ]
                ]
            },
            "est_tgt": [
                0,
                1,
                2,
                3,
                4
            ]
        },
        "1": {
            "intv_type": "do",
            "inode": 1,
            "new_mui": 20.0,
            "true_params": {
                "Si": [
                    [
                        1.0000000000000009,
                        1.7664984793071645e-33,
                        -10.600545453408856,
                        -81.26035586939766,
                        7.193702825581946,
                        748.2915514087941
                    ],
                    [
                        1.7664984793071645e-33,
                        4.831481193676229e-33,
                        -6.94321784955251e-17,
                        -5.289806299380153e-16,
                        6.915398028521796e-32,
                        4.043238481710073e-15
                    ],
                    [
                        -10.600545453408856,
                        -6.94321784955251e-17,
                        113.37156390978704,
                        869.0697728027685,
                        -76.25717378089706,
                        -7990.890842354034
                    ],
                    [
                        -81.26035586939766,
                        -5.289806299380153e-16,
                        869.0697728027685,
                        6663.008037575059,
                        -584.5628516254798,
                        -61263.23038625177
                    ],
                    [
                        7.193702825581946,
                        6.915398028521796e-32,
                        -76.25717378089706,
                        -584.5628516254798,
                        52.74936034278562,
                        5400.666657128163
                    ],
                    [
                        748.2915514087941,
                        4.043238481710073e-15,
                        -7990.890842354034,
                        -61263.23038625177,
                        5400.666657128163,
                        563745.2873686865
                    ]
                ],
                "mui": [
                    0.5000000000000002,
                    20.000000000000004,
                    -54.60473688503018,
                    -162.2416934791675,
                    172.7914106300013,
                    4295.471375279948
                ],
                "Ai": [
                    [
                        0.0,
                        0.0,
                        0.0,
                        0.0,
                        0.0,
                        0.0
                    ],
                    [
                        0.0,
                        0.0,
                        0.0,
                        0.0,
                        0.0,
                        0.0
                    ],
                    [
                        -10.600545453408845,
                        -2.490223207916287,
                        0.0,
                        0.0,
                        0.0,
                        0.0
                    ],
                    [
                        0.0,
                        12.792028695417772,
                        7.665676849040487,
                        0.0,
                        0.0,
                        0.0
                    ],
                    [
                        7.193702825581933,
                        8.434727960860515,
                        0.0,
                        -0.0,
                        0.0,
                        0.0
                    ],
                    [
                        -0.0,
                        -0.0,
                        0.0,
                        -7.643452808818065,
                        17.6796093996283,
                        0.0
                    ]
                ]
            },
            "est_params": {
                "mui": [
                    0.5319422442719144,
                    20.000000000000004,
                    -54.89070304549935,
                    -164.40772375082426,
                    172.98677019151762,
                    4315.445613880534
                ],
                "Si": [
                    [
                        0.9883770482320864,
                        0.0,
                        -10.46193444470892,
                        -80.19957221865154,
                        7.130789654978855,
                        739.0844618738572
                    ],
                    [
                        0.0,
                        1e-06,
                        0.0,
                        0.0,
                        0.0,
                        0.0
                    ],
                    [
                        -10.46193444470892,
                        0.0,
                        111.79602637045652,
                        856.9866309780132,
                        -75.5004488888052,
                        -7885.297454402832
                    ],
                    [
                        -80.19957221865154,
                        0.0,
                        856.9866309780132,
                        6570.371004226838,
                        -578.7846708195979,
                        -60454.094788009825
                    ],
                    [
                        7.130789654978855,
                        0.0,
                        -75.5004488888052,
                        -578.7846708195979,
                        52.41222244172996,
                        5350.617321875556
                    ],
                    [
                        739.0844618738572,
                        0.0,
                        -7885.297454402832,
                        -60454.094788009825,
                        5350.617321875556,
                        556685.5444119746
                    ]
                ]
            },
            "est_tgt": [
                0,
                1,
                2,
                3,
                4
            ]
        },
        "2": {
            "intv_type": "do",
            "inode": 2,
            "new_mui": 20.0,
            "true_params": {
                "Si": [
                    [
                        0.9999999999999982,
                        3.522700848944381,
                        -1.1555695677962025e-15,
                        45.06249034506905,
                        36.90672617392016,
                        308.0634845735918
                    ],
                    [
                        3.522700848944381,
                        13.409421271153484,
                        -4.070725897489981e-15,
                        171.53370168954078,
                        138.4460835854871,
                        1136.562926713823
                    ],
                    [
                        -1.1555695677962025e-15,
                        -4.070725897489981e-15,
                        1.3353828589411205e-30,
                        -5.2072842491872084e-14,
                        -4.2654756833573215e-14,
                        -3.5610303626013785e-13
                    ],
                    [
                        45.06249034506905,
                        171.53370168954078,
                        -5.2072842491872084e-14,
                        2195.2640342438367,
                        1771.006273993758,
                        14531.302119862406
                    ],
                    [
                        36.90672617392016,
                        138.4460835854871,
                        -4.2654756833573215e-14,
                        1771.006273993758,
                        1434.2510726504484,
                        11820.395866065835
                    ],
                    [
                        308.0634845735918,
                        1136.562926713823,
                        -3.5610303626013785e-13,
                        14531.302119862406,
                        11820.395866065835,
                        97911.65985717883
                    ]
                ],
                "mui": [
                    0.49999999999999845,
                    2.261350424472195,
                    20.0,
                    182.74079650105318,
                    23.17072706739037,
                    -986.6212502447687
                ],
                "Ai": [
                    [
                        0.0,
                        0.0,
                        0.0,
                        0.0,
                        0.0,
                        0.0
                    ],
                    [
                        3.5227008489443845,
                        0.0,
                        0.0,
                        0.0,
                        0.0,
                        0.0
                    ],
                    [
                        0.0,
                        0.0,
                        0.0,
                        0.0,
                        0.0,
                        0.0
                    ],
                    [
                        0.0,
                        12.792028695417772,
                        7.665676849040487,
                        0.0,
                        0.0,
                        0.0
                    ],
                    [
                        7.193702825581933,
                        8.434727960860515,
                        0.0,
                        -0.0,
                        0.0,
                        0.0
                    ],
                    [
                        -0.0,
                        -0.0,
                        0.0,
                        -7.643452808818065,
                        17.6796093996283,
                        0.0
                    ]
                ]
            },
            "est_params": {
                "mui": [
                    0.4969130543210069,
                    2.2389974769879193,
                    19.999999999999982,
                    182.47302905961564,
                    22.91658301703604,
                    -989.089679859618
                ],
                "Si": [
                    [
                        0.9669717692635135,
                        3.396632641621608,
                        -9.879561205300947e-16,
                        43.42640314115194,
                        35.61114908505157,
                        297.6524301666002
                    ],
                    [
                        3.3966326416216077,
                        12.875998870381448,
                        -3.504665200855195e-15,
                        164.63239765023948,
                        133.08233359484333,
                        1094.4405611863526
                    ],
                    [
                        -9.879561205300947e-16,
                        -3.504665200855195e-15,
                        1e-06,
                        -4.4820278150301263e-14,
                        -3.6672872955346387e-14,
                        -3.057685782431868e-13
                    ],
                    [
                        43.42640314115194,
                        164.63239765023948,
                        -4.4820278150301263e-14,
                        2106.008434303109,
                        1701.553251443721,
                        13985.075352607731
                    ],
                    [
                        35.61114908505157,
                        133.08233359484333,
                        -3.66728729553464e-14,
                        1701.553251443721,
                        1380.0766394778666,
                        11393.030700318777
                    ],
                    [
                        297.6524301666002,
                        1094.4405611863526,
                        -3.057685782431868e-13,
                        13985.075352607731,
                        11393.030700318777,
                        94527.43741513585
                    ]
                ]
            },
            "est_tgt": [
                0,
                2,
                3
            ]
        },
        "3": {
            "intv_type": "do",
            "inode": 3,
            "new_mui": 20.0,
            "true_params": {
                "Si": [
                    [
                        1.0000000000000009,
                        3.5227008489443863,
                        -19.37285686199657,
                        1.487375412201909e-14,
                        36.90672617392023,
                        652.4965029739478
                    ],
                    [
                        3.5227008489443863,
                        13.409421271153487,
                        -70.73500252214963,
                        5.611422480313143e-14,
                        138.4460835854872,
                        2447.672680699704
                    ],
                    [
                        -19.37285686199657,
                        -70.73500252214963,
                        382.5087946206522,
                        -2.974068515322802e-13,
                        -735.9930787328536,
                        -13012.070152826727
                    ],
                    [
                        1.487375412201909e-14,
                        5.611422480313143e-14,
                        -2.974068515322802e-13,
                        2.3505534678742215e-28,
                        5.803055880035649e-13,
                        1.0259576128324656e-11
                    ],
                    [
                        36.90672617392023,
                        138.4460835854872,
                        -735.9930787328536,
                        5.803055880035649e-13,
                        1434.2510726504495,
                        25356.998745457855
                    ],
                    [
                        652.4965029739478,
                        2447.672680699704,
                        -13012.070152826727,
                        1.0259576128324656e-11,
                        25356.998745457855,
                        448302.83336655964
                    ]
                ],
                "mui": [
                    0.5000000000000002,
                    2.2613504244721923,
                    -10.431540034956425,
                    20.00000000000001,
                    23.170727067390366,
                    257.2803478804952
                ],
                "Ai": [
                    [
                        0.0,
                        0.0,
                        0.0,
                        0.0,
                        0.0,
                        0.0
                    ],
                    [
                        3.5227008489443845,
                        0.0,
                        0.0,
                        0.0,
                        0.0,
                        0.0
                    ],
                    [
                        -10.600545453408845,
                        -2.490223207916287,
                        0.0,
                        0.0,
                        0.0,
                        0.0
                    ],
                    [
                        0.0,
                        0.0,
                        0.0,
                        0.0,
                        0.0,
                        0.0
                    ],
                    [
                        7.193702825581933,
                        8.434727960860515,
                        0.0,
                        -0.0,
                        0.0,
                        0.0
                    ],
                    [
                        -0.0,
                        -0.0,
                        0.0,
                        -7.643452808818065,
                        17.6796093996283,
                        0.0
                    ]
                ]
            },
            "est_params": {
                "mui": [
                    0.5148885735726152,
                    2.3048794616144654,
                    -10.702713739712612,
                    19.999999999999996,
                    23.66593494362286,
                    266.07785111178964
                ],
                "Si": [
                    [
                        0.9800493045017644,
                        3.4465635266824406,
                        -19.001528891199754,
                        1.4526686035917856e-14,
                        36.13214433929849,
                        638.7841135705528
                    ],
                    [
                        3.4465635266824406,
                        13.151576255727317,
                        -69.39193790540905,
                        5.492274956497323e-14,
                        135.76509427011632,
                        2400.2150285269313
                    ],
                    [
                        -19.001528891199754,
                        -69.39193790540905,
                        375.8268910524052,
                        -2.9123418147696243e-13,
                        -722.2089639819344,
                        -12768.052052441515
                    ],
                    [
                        1.4526686035917856e-14,
                        5.492274956497323e-14,
                        -2.9123418147696243e-13,
                        1e-06,
                        5.679225055633895e-13,
                        1.0040411821718513e-11
                    ],
                    [
                        36.13214433929849,
                        135.76509427011632,
                        -722.2089639819344,
                        5.679225055633895e-13,
                        1406.4956461053373,
                        24865.65386273563
                    ],
                    [
                        638.7841135705528,
                        2400.2150285269313,
                        -12768.052052441515,
                        1.0040411821718513e-11,
                        24865.65386273563,
                        439604.73775773187
                    ]
                ]
            },
            "est_tgt": [
                2,
                3
            ]
        },
        "4": {
            "intv_type": "do",
            "inode": 4,
            "new_mui": 20.0,
            "true_params": {
                "Si": [
                    [
                        1.0000000000000004,
                        3.522700848944383,
                        -19.37285686199656,
                        -103.44357000171308,
                        0.0,
                        790.666045683762
                    ],
                    [
                        3.522700848944383,
                        13.409421271153471,
                        -70.73500252214956,
                        -370.69796956132166,
                        0.0,
                        2833.412436666638
                    ],
                    [
                        -19.37285686199656,
                        -70.73500252214956,
                        382.50879462065194,
                        2027.3446294441283,
                        0.0,
                        -15495.913002366942
                    ],
                    [
                        -103.44357000171308,
                        -370.69796956132166,
                        2027.3446294441283,
                        10799.98972699489,
                        0.0,
                        -82549.21181400534
                    ],
                    [
                        0.0,
                        0.0,
                        0.0,
                        0.0,
                        0.0,
                        0.0
                    ],
                    [
                        790.666045683762,
                        2833.412436666638,
                        -15495.913002366942,
                        -82549.21181400534,
                        0.0,
                        630962.0049054766
                    ]
                ],
                "mui": [
                    0.5000000000000001,
                    2.261350424472191,
                    -10.431540034956422,
                    -50.537555425561,
                    20.0,
                    740.373607960869
                ],
                "Ai": [
                    [
                        0.0,
                        0.0,
                        0.0,
                        0.0,
                        0.0,
                        0.0
                    ],
                    [
                        3.5227008489443845,
                        0.0,
                        0.0,
                        0.0,
                        0.0,
                        0.0
                    ],
                    [
                        -10.600545453408845,
                        -2.490223207916287,
                        0.0,
                        0.0,
                        0.0,
                        0.0
                    ],
                    [
                        0.0,
                        12.792028695417772,
                        7.665676849040487,
                        0.0,
                        0.0,
                        0.0
                    ],
                    [
                        0.0,
                        0.0,
                        0.0,
                        0.0,
                        0.0,
                        0.0
                    ],
                    [
                        -0.0,
                        -0.0,
                        0.0,
                        -7.643452808818065,
                        17.6796093996283,
                        0.0
                    ]
                ]
            },
            "est_params": {
                "mui": [
                    0.488069994050619,
                    2.219189987896976,
                    -10.224122901935766,
                    -49.48655069588843,
                    19.99999999999997,
                    732.3323241262517
                ],
                "Si": [
                    [
                        0.9841485564884459,
                        3.4718913914068117,
                        -19.09169529630222,
                        -101.94724540166051,
                        2.2957091719157433e-29,
                        779.2351422044889
                    ],
                    [
                        3.4718913914068117,
                        13.183836807320471,
                        -69.68071174948624,
                        -365.50697047627307,
                        7.525783450791459e-29,
                        2793.7619256505736
                    ],
                    [
                        -19.09169529630222,
                        -69.68071174948624,
                        377.21228868670556,
                        2000.3337415141787,
                        -4.246198919483254e-28,
                        -15289.60302525063
                    ],
                    [
                        -101.94724540166051,
                        -365.50697047627307,
                        2000.3337415141787,
                        10660.091101589858,
                        -1.7785704742420915e-27,
                        -81480.71634399451
                    ],
                    [
                        2.3259158715462137e-29,
                        7.525783450791459e-29,
                        -4.218581365535396e-28,
                        -1.7785704742420915e-27,
                        1e-06,
                        3.539465713957554e-26
                    ],
                    [
                        779.2351422044889,
                        2793.7619256505736,
                        -15289.60302525063,
                        -81480.71634399451,
                        3.539465713957554e-26,
                        622801.1787916953
                    ]
                ]
            },
            "est_tgt": [
                3,
                4
            ]
        },
        "5": {
            "intv_type": "do",
            "inode": 5,
            "new_mui": 20.0,
            "true_params": {
                "Si": [
                    [
                        1.0000000000000004,
                        3.5227008489443867,
                        -19.372856861996567,
                        -103.4435700017131,
                        36.90672617392022,
                        0.0
                    ],
                    [
                        3.5227008489443867,
                        13.409421271153496,
                        -70.73500252214966,
                        -370.6979695613221,
                        138.44608358548726,
                        0.0
                    ],
                    [
                        -19.372856861996567,
                        -70.73500252214966,
                        382.5087946206522,
                        2027.3446294441294,
                        -735.9930787328536,
                        0.0
                    ],
                    [
                        -103.4435700017131,
                        -370.6979695613221,
                        2027.3446294441294,
                        10799.989726994892,
                        -3870.878830702709,
                        0.0
                    ],
                    [
                        36.90672617392022,
                        138.44608358548726,
                        -735.9930787328536,
                        -3870.878830702709,
                        1434.2510726504495,
                        0.0
                    ],
                    [
                        0.0,
                        0.0,
                        0.0,
                        0.0,
                        0.0,
                        0.0
                    ]
                ],
                "mui": [
                    0.5000000000000001,
                    2.2613504244721927,
                    -10.431540034956425,
                    -50.53755542556101,
                    23.170727067390363,
                    20.0
                ],
                "Ai": [
                    [
                        0.0,
                        0.0,
                        0.0,
                        0.0,
                        0.0,
                        0.0
                    ],
                    [
                        3.5227008489443845,
                        0.0,
                        0.0,
                        0.0,
                        0.0,
                        0.0
                    ],
                    [
                        -10.600545453408845,
                        -2.490223207916287,
                        0.0,
                        0.0,
                        0.0,
                        0.0
                    ],
                    [
                        0.0,
                        12.792028695417772,
                        7.665676849040487,
                        0.0,
                        0.0,
                        0.0
                    ],
                    [
                        7.193702825581933,
                        8.434727960860515,
                        0.0,
                        -0.0,
                        0.0,
                        0.0
                    ],
                    [
                        0.0,
                        0.0,
                        0.0,
                        0.0,
                        0.0,
                        0.0
                    ]
                ]
            },
            "est_params": {
                "mui": [
                    0.5008591497997885,
                    2.268953567215667,
                    -10.484391165480549,
                    -50.810586547688054,
                    23.279138655764527,
                    20.000000000000004
                ],
                "Si": [
                    [
                        1.0027788976604513,
                        3.557880499017903,
                        -19.51557148605188,
                        -104.07304809608358,
                        37.220445276056005,
                        -2.782083069662029e-18
                    ],
                    [
                        3.557880499017903,
                        13.663023564319543,
                        -71.82446987293044,
                        -375.7639436191242,
                        140.79016438254104,
                        -2.1243977685293193e-17
                    ],
                    [
                        -19.51557148605188,
                        -71.82446987293044,
                        387.20989256031163,
                        2049.22944401639,
                        -746.0759183026967,
                        8.85993540336695e-17
                    ],
                    [
                        -104.07304809608358,
                        -375.7639436191242,
                        2049.22944401639,
                        10901.856834955826,
                        -3917.718926552767,
                        4.2180157890064086e-16
                    ],
                    [
                        37.220445276056005,
                        140.79016438254104,
                        -746.0759183026967,
                        -3917.718926552767,
                        1455.804700383517,
                        -2.0176389307549692e-16
                    ],
                    [
                        -2.7820830696620288e-18,
                        -2.1243977685293193e-17,
                        8.85993540336695e-17,
                        4.2180157890064086e-16,
                        -2.0176389307549692e-16,
                        1.0000000000000713e-06
                    ]
                ]
            },
            "est_tgt": [
                5
            ]
        },
        "obs": {
            "intv_type": "obs",
            "true_params": {
                "Si": [
                    [
                        1.0000000000000009,
                        3.5227008489443863,
                        -19.37285686199657,
                        -103.44357000171313,
                        36.90672617392023,
                        1443.1625486577102
                    ],
                    [
                        3.5227008489443863,
                        13.409421271153487,
                        -70.73500252214963,
                        -370.697969561322,
                        138.4460835854872,
                        5281.085117366345
                    ],
                    [
                        -19.37285686199657,
                        -70.73500252214963,
                        382.5087946206522,
                        2027.3446294441296,
                        -735.9930787328536,
                        -28507.983155193684
                    ],
                    [
                        -103.44357000171313,
                        -370.697969561322,
                        2027.3446294441296,
                        10799.989726994896,
                        -3870.878830702709,
                        -150984.83757411918
                    ],
                    [
                        36.90672617392023,
                        138.4460835854872,
                        -735.9930787328536,
                        -3870.878830702709,
                        1434.2510726504495,
                        54943.878416586864
                    ],
                    [
                        1443.1625486577102,
                        5281.085117366345,
                        -28507.983155193684,
                        -150984.83757411918,
                        54943.878416586864,
                        2125432.7901507644
                    ]
                ],
                "mui": [
                    0.5000000000000002,
                    2.2613504244721923,
                    -10.431540034956425,
                    -50.53755542556102,
                    23.170727067390363,
                    796.4308240251596
                ],
                "Ai": [
                    [
                        0.0,
                        0.0,
                        0.0,
                        0.0,
                        0.0,
                        0.0
                    ],
                    [
                        3.5227008489443845,
                        0.0,
                        0.0,
                        0.0,
                        0.0,
                        0.0
                    ],
                    [
                        -10.600545453408845,
                        -2.490223207916287,
                        0.0,
                        0.0,
                        0.0,
                        0.0
                    ],
                    [
                        0.0,
                        12.792028695417772,
                        7.665676849040487,
                        0.0,
                        0.0,
                        0.0
                    ],
