{
    "expt_args": {
        "save_dir": "expt_logs_29.04.24-2",
        "exp_name": "467",
        "num_nodes": 6,
        "obs_noise_mean": 0.5,
        "obs_noise_var": 1.0,
        "max_edge_strength": 10.0,
        "num_parents": 2,
        "new_noise_mean": 10.0,
        "mix_samples": 8192,
        "stage2_samples": 8192,
        "intv_targets": [
            0,
            1,
            2,
            3,
            4,
            5
        ]
    },
    "intv_args_dict": {
        "0": {
            "intv_type": "do",
            "inode": 0,
            "new_mui": 10.0,
            "true_params": {
                "Si": [
                    [
                        0.0,
                        0.0,
                        0.0,
                        0.0,
                        0.0,
                        0.0
                    ],
                    [
                        0.0,
                        1.0,
                        7.562009764609591,
                        -1.809125644195825,
                        4.764282596325782,
                        9.827692802657749
                    ],
                    [
                        0.0,
                        7.562009764609591,
                        58.18399168005081,
                        -13.680625786814446,
                        36.0275515147751,
                        74.3171089372813
                    ],
                    [
                        0.0,
                        -1.809125644195825,
                        -13.680625786814446,
                        4.272935596486959,
                        -8.619185821208838,
                        -17.779531072566872
                    ],
                    [
                        0.0,
                        4.764282596325782,
                        36.0275515147751,
                        -8.619185821208838,
                        23.698388657652735,
                        46.821905781738465
                    ],
                    [
                        0.0,
                        9.827692802657749,
                        74.3171089372813,
                        -17.779531072566872,
                        46.821905781738465,
                        97.58354582341092
                    ]
                ],
                "mui": [
                    10.0,
                    -87.81819150502582,
                    -678.9222823910574,
                    225.30336034105602,
                    -456.97332277216077,
                    -916.0540635744117
                ],
                "Ai": [
                    [
                        0.0,
                        0.0,
                        0.0,
                        0.0,
                        0.0,
                        0.0
                    ],
                    [
                        -8.831819150502582,
                        0.0,
                        0.0,
                        0.0,
                        0.0,
                        0.0
                    ],
                    [
                        -1.534026071969702,
                        7.562009764609591,
                        0.0,
                        0.0,
                        0.0,
                        0.0
                    ],
                    [
                        6.592921806241387,
                        -1.8091256441958254,
                        -0.0,
                        0.0,
                        0.0,
                        0.0
                    ],
                    [
                        -3.908264134396161,
                        4.764282596325781,
                        -0.0,
                        -0.0,
                        0.0,
                        0.0
                    ],
                    [
                        -5.350385497804954,
                        9.827692802657749,
                        -0.0,
                        -0.0,
                        0.0,
                        0.0
                    ]
                ]
            },
            "est_params": {
                "mui": [
                    10.0,
                    -87.79987777178209,
                    -678.7685843186916,
                    225.30769219153012,
                    -456.88535580206184,
                    -915.8745104031999
                ],
                "Si": [
                    [
                        1e-06,
                        0.0,
                        0.0,
                        0.0,
                        0.0,
                        0.0
                    ],
                    [
                        0.0,
                        0.9317415184636687,
                        7.070621890495326,
                        -1.687148385654095,
                        4.432614699300399,
                        9.145982422265368
                    ],
                    [
                        0.0,
                        7.070621890495326,
                        54.5702244043266,
                        -12.745233985324957,
                        33.647342042078705,
                        69.41598645732704
                    ],
                    [
                        0.0,
                        -1.687148385654095,
                        -12.745233985324957,
                        4.023962687687752,
                        -8.023602499541138,
                        -16.631762071773863
                    ],
                    [
                        0.0,
                        4.432614699300399,
                        33.647342042078705,
                        -8.023602499541138,
                        22.01704415047526,
                        43.52635775816167
                    ],
                    [
                        0.0,
                        9.145982422265368,
                        69.41598645732704,
                        -16.631762071773863,
                        43.52635775816167,
                        90.76873674888165
                    ]
                ]
            },
            "est_tgt": [
                0,
                1
            ]
        },
        "1": {
            "intv_type": "do",
            "inode": 1,
            "new_mui": 10.0,
            "true_params": {
                "Si": [
                    [
                        0.9999999999999998,
                        -4.2498992973726306e-16,
                        -1.5340260719697045,
                        6.592921806241386,
                        -3.908264134396162,
                        -5.3503854978049565
                    ],
                    [
                        -4.2498992973726306e-16,
                        1.8767927389712206e-31,
                        6.519456325415346e-16,
                        -2.801925375197797e-15,
                        1.6342701511930204e-15,
                        2.353545568605137e-15
                    ],
                    [
                        -1.5340260719697045,
                        6.519456325415346e-16,
                        3.3532359894828017,
                        -10.113713941231886,
                        5.995379078307824,
                        8.207630848721411
                    ],
                    [
                        6.592921806241386,
                        -2.801925375197797e-15,
                        -10.113713941231886,
                        44.466617943213194,
                        -25.76687983621158,
                        -35.274673220275986
                    ],
                    [
                        -3.908264134396162,
                        1.6342701511930204e-15,
                        5.995379078307824,
                        -25.76687983621158,
                        16.27452854420739,
                        20.910719746264473
                    ],
                    [
                        -5.3503854978049565,
                        2.353545568605137e-15,
                        8.207630848721411,
                        -35.274673220275986,
                        20.910719746264473,
                        29.6266249751216
                    ]
                ],
                "mui": [
                    0.49999999999999784,
                    10.000000000000007,
                    75.35308461011113,
                    -14.294795538837587,
                    46.18869389605977,
                    96.10173527767509
                ],
                "Ai": [
                    [
                        0.0,
                        0.0,
                        0.0,
                        0.0,
                        0.0,
                        0.0
                    ],
                    [
                        0.0,
                        0.0,
                        0.0,
                        0.0,
                        0.0,
                        0.0
                    ],
                    [
                        -1.534026071969702,
                        7.562009764609591,
                        0.0,
                        0.0,
                        0.0,
                        0.0
                    ],
                    [
                        6.592921806241387,
                        -1.8091256441958254,
                        -0.0,
                        0.0,
                        0.0,
                        0.0
                    ],
                    [
                        -3.908264134396161,
                        4.764282596325781,
                        -0.0,
                        -0.0,
                        0.0,
                        0.0
                    ],
                    [
                        -5.350385497804954,
                        9.827692802657749,
                        -0.0,
                        -0.0,
                        0.0,
                        0.0
                    ]
                ]
            },
            "est_params": {
                "mui": [
                    0.5225664380019792,
                    9.999999999999996,
                    75.30571373059746,
                    -14.085595658084292,
                    46.09378887069751,
                    95.99503629698185
                ],
                "Si": [
                    [
                        0.970257236062552,
                        -6.082786314406318e-16,
                        -1.5120804258136902,
                        6.408423119781263,
                        -3.757928193487517,
                        -5.200898229954107
                    ],
                    [
                        -6.082786314406317e-16,
                        1e-06,
                        9.27686556514203e-16,
                        -4.0488283918097316e-15,
                        2.351772668264245e-15,
                        3.2484920328176913e-15
                    ],
                    [
                        -1.5120804258136902,
                        9.276865565142032e-16,
                        3.338042506233434,
                        -9.958813444874654,
                        5.823807841938435,
                        8.138019692563494
                    ],
                    [
                        6.408423119781263,
                        -4.048828391809732e-15,
                        -9.958813444874654,
                        43.272568165999125,
                        -24.811334151940976,
                        -34.35213592779205
                    ],
                    [
                        -3.757928193487517,
                        2.3517726682642448e-15,
                        5.823807841938435,
                        -24.811334151940976,
                        15.50342872773924,
                        20.114338680709025
                    ],
                    [
                        -5.200898229954107,
                        3.248492032817692e-15,
                        8.138019692563494,
                        -34.35213592779205,
                        20.114338680709025,
                        28.868796583535595
                    ]
                ]
            },
            "est_tgt": [
                1,
                2
            ]
        },
        "2": {
            "intv_type": "do",
            "inode": 2,
            "new_mui": 10.0,
            "true_params": {
                "Si": [
                    [
                        1.0,
                        -8.831819150502582,
                        0.0,
                        22.570792316315394,
                        -45.985546407032366,
                        -92.14679099757406
                    ],
                    [
                        -8.831819150502582,
                        79.00102950718416,
                        0.0,
                        -201.15028146544665,
                        410.9003120002794,
                        823.6514861923913
                    ],
                    [
                        0.0,
                        0.0,
                        0.0,
                        0.0,
                        0.0,
                        0.0
                    ],
                    [
                        22.570792316315394,
                        -201.15028146544665,
                        0.0,
                        513.713601382729,
                        -1046.54940332662,
                        -2097.605613293732
                    ],
                    [
                        -45.985546407032366,
                        410.9003120002794,
                        0.0,
                        -1046.54940332662,
                        2138.36886701098,
                        4284.242439459793
                    ],
                    [
                        -92.14679099757406,
                        823.6514861923913,
                        0.0,
                        -2097.605613293732,
                        4284.242439459793,
                        8588.614636974005
                    ]
                ],
                "mui": [
                    0.5,
                    -3.915909575251291,
                    10.0,
                    10.880833336059785,
                    -20.11063190535329,
                    -40.659549097458154
                ],
                "Ai": [
                    [
                        0.0,
                        0.0,
                        0.0,
                        0.0,
                        0.0,
                        0.0
                    ],
                    [
                        -8.831819150502582,
                        0.0,
                        0.0,
                        0.0,
                        0.0,
                        0.0
                    ],
                    [
                        0.0,
                        0.0,
                        0.0,
                        0.0,
                        0.0,
                        0.0
                    ],
                    [
                        6.592921806241387,
                        -1.8091256441958254,
                        -0.0,
                        0.0,
                        0.0,
                        0.0
                    ],
                    [
                        -3.908264134396161,
                        4.764282596325781,
                        -0.0,
                        -0.0,
                        0.0,
                        0.0
                    ],
                    [
                        -5.350385497804954,
                        9.827692802657749,
                        -0.0,
                        -0.0,
                        0.0,
                        0.0
                    ]
                ]
            },
            "est_params": {
                "mui": [
                    0.49443360723932506,
                    -3.8421426350669856,
                    10.0,
                    10.717159349214352,
                    -19.752237164243297,
                    -39.90066410980238
                ],
                "Si": [
                    [
                        0.9941521907688902,
                        -8.730294236373886,
                        -4.177337069266058e-47,
                        22.402588978028447,
                        -45.448051813749935,
                        -91.11947783761369
                    ],
                    [
                        -8.730294236373886,
                        77.64302131589828,
                        3.4508177426151245e-46,
                        -198.48700934968053,
                        403.79416905070065,
                        809.7516400987856
                    ],
                    [
                        -4.1773370692660584e-47,
                        3.4508177426151245e-46,
                        1e-06,
                        -4.9566365312538e-47,
                        1.8157537038797875e-45,
                        3.468857504236911e-45
                    ],
                    [
                        22.402588978028447,
                        -198.48700934968053,
                        -4.9566365312538e-47,
                        508.9768152450974,
                        -1032.5508271908552,
                        -2070.532357979114
                    ],
                    [
                        -45.448051813749935,
                        403.79416905070065,
                        1.8157537038797875e-45,
                        -1032.5508271908552,
                        2101.174790161362,
                        4211.438056579281
                    ],
                    [
                        -91.11947783761369,
                        809.7516400987856,
                        3.468857504236911e-45,
                        -2070.532357979114,
                        4211.438056579281,
                        8446.433702900445
                    ]
                ]
            },
            "est_tgt": [
                1,
                2
            ]
        },
        "3": {
            "intv_type": "do",
            "inode": 3,
            "new_mui": 10.0,
            "true_params": {
                "Si": [
                    [
                        1.0,
                        -8.831819150502582,
                        -68.32032872733622,
                        0.0,
                        -45.985546407032366,
                        -92.14679099757406
                    ],
                    [
                        -8.831819150502582,
                        79.00102950718416,
                        610.9547973873293,
                        0.0,
                        410.9003120002794,
                        823.6514861923913
                    ],
                    [
                        -68.32032872733622,
                        610.9547973873293,
                        4725.851309091333,
                        0.0,
                        3177.775198749401,
                        6369.816161060686
                    ],
                    [
                        0.0,
                        0.0,
                        0.0,
                        0.0,
                        0.0,
                        0.0
                    ],
                    [
                        -45.985546407032366,
                        410.9003120002794,
                        3177.775198749401,
                        0.0,
                        2138.36886701098,
                        4284.242439459793
                    ],
                    [
                        -92.14679099757406,
                        823.6514861923913,
                        6369.816161060686,
                        0.0,
                        4284.242439459793,
                        8588.614636974005
                    ]
                ],
                "mui": [
                    0.5,
                    -3.915909575251291,
                    -29.879159481363313,
                    10.0,
                    -20.11063190535329,
                    -40.659549097458154
                ],
                "Ai": [
                    [
                        0.0,
                        0.0,
                        0.0,
                        0.0,
                        0.0,
                        0.0
                    ],
                    [
                        -8.831819150502582,
                        0.0,
                        0.0,
                        0.0,
                        0.0,
                        0.0
                    ],
                    [
                        -1.534026071969702,
                        7.562009764609591,
                        0.0,
                        0.0,
                        0.0,
                        0.0
                    ],
                    [
                        0.0,
                        0.0,
                        0.0,
                        0.0,
                        0.0,
                        0.0
                    ],
                    [
                        -3.908264134396161,
                        4.764282596325781,
                        -0.0,
                        -0.0,
                        0.0,
                        0.0
                    ],
                    [
                        -5.350385497804954,
                        9.827692802657749,
                        -0.0,
                        -0.0,
                        0.0,
                        0.0
                    ]
                ]
            },
            "est_params": {
                "mui": [
                    0.5134412248742795,
                    -4.0912013463020145,
                    -31.225013885524312,
                    9.999999999999996,
                    -21.03915827728704,
                    -42.464070744367625
                ],
                "Si": [
                    [
                        0.997920877219148,
                        -8.800805457640227,
                        -68.02676533974773,
                        8.091274609657058e-31,
                        -45.83361853187335,
                        -91.87047688076134
                    ],
                    [
                        -8.800805457640227,
                        78.57986751264694,
                        607.247983059634,
                        -2.7618217334296093e-30,
                        408.8004973152102,
                        819.6554267406467
                    ],
                    [
                        -68.02676533974773,
                        607.247983059634,
                        4693.649250605985,
                        -5.247461293516258e-29,
                        3159.1633155883455,
                        6334.219134534641
                    ],
                    [
                        7.983390948194964e-31,
                        -2.7618217334296093e-30,
                        -5.178415750180517e-29,
                        1e-06,
                        -6.904554333574023e-31,
                        7.595009766931425e-30
                    ],
                    [
                        -45.83361853187335,
                        408.8004973152102,
                        3159.1633155883455,
                        -6.904554333574023e-31,
                        2127.892705834773,
                        4264.36725502017
                    ],
                    [
                        -91.87047688076134,
                        819.6554267406467,
                        6334.219134534641,
                        7.595009766931425e-30,
                        4264.36725502017,
                        8551.167724317458
                    ]
                ]
            },
            "est_tgt": [
                3
            ]
        },
        "4": {
            "intv_type": "do",
            "inode": 4,
            "new_mui": 10.0,
            "true_params": {
                "Si": [
                    [
                        1.0,
                        -8.831819150502582,
                        -68.32032872733622,
                        22.570792316315394,
                        0.0,
                        -92.14679099757406
                    ],
                    [
                        -8.831819150502582,
                        79.00102950718416,
                        610.9547973873293,
                        -201.15028146544665,
                        0.0,
                        823.6514861923913
                    ],
                    [
                        -68.32032872733622,
                        610.9547973873293,
                        4725.851309091333,
                        -1555.7245764739166,
                        0.0,
                        6369.816161060686
                    ],
                    [
                        22.570792316315394,
                        -201.15028146544665,
                        -1555.7245764739166,
                        513.713601382729,
                        0.0,
                        -2097.605613293732
                    ],
                    [
                        0.0,
                        0.0,
                        0.0,
                        0.0,
                        0.0,
                        0.0
                    ],
                    [
                        -92.14679099757406,
                        823.6514861923913,
                        6369.816161060686,
                        -2097.605613293732,
                        0.0,
                        8588.614636974005
                    ]
                ],
                "mui": [
                    0.5,
                    -3.915909575251291,
                    -29.879159481363313,
                    10.880833336059785,
                    10.0,
                    -40.659549097458154
                ],
                "Ai": [
                    [
                        0.0,
                        0.0,
                        0.0,
                        0.0,
                        0.0,
                        0.0
                    ],
                    [
                        -8.831819150502582,
                        0.0,
                        0.0,
                        0.0,
                        0.0,
                        0.0
                    ],
                    [
                        -1.534026071969702,
                        7.562009764609591,
                        0.0,
                        0.0,
                        0.0,
                        0.0
                    ],
                    [
                        6.592921806241387,
                        -1.8091256441958254,
                        -0.0,
                        0.0,
                        0.0,
                        0.0
                    ],
                    [
                        0.0,
                        0.0,
                        0.0,
                        0.0,
                        0.0,
                        0.0
                    ],
                    [
                        -5.350385497804954,
                        9.827692802657749,
                        -0.0,
                        -0.0,
                        0.0,
                        0.0
                    ]
                ]
            },
            "est_params": {
                "mui": [
                    0.5017170079094232,
                    -3.916688595464417,
                    -29.926995791248256,
                    10.940298733010025,
                    9.999999999999998,
                    -40.684167945916954
                ],
                "Si": [
                    [
                        1.0280826623800117,
                        -9.058808401586019,
                        -70.11027881757903,
                        23.157652498731142,
                        1.780023809879629e-31,
                        -94.53335814088663
                    ],
                    [
                        -9.058808401586019,
                        80.74960103477999,
                        624.7739022700811,
                        -205.76202516189576,
                        -8.630418472143657e-32,
                        842.1242898522073
                    ],
                    [
                        -70.11027881757903,
                        624.7739022700811,
                        4834.997467762521,
                        -1592.1593162350232,
                        -2.036778759425903e-29,
                        6515.795776410476
                    ],
                    [
                        23.157652498731142,
                        -205.76202516189576,
                        -1592.1593162350232,
                        525.7973861457638,
                        4.142600866628955e-30,
                        -2146.2572958395026
                    ],
                    [
                        1.7260836944287314e-31,
                        -8.630418472143657e-32,
                        -2.036778759425903e-29,
                        4.142600866628955e-30,
                        1e-06,
                        -3.797384127743209e-29
                    ],
                    [
                        -94.53335814088663,
                        842.1242898522073,
                        6515.795776410476,
                        -2146.2572958395026,
                        -3.866427475520358e-29,
                        8783.710610682292
                    ]
                ]
            },
            "est_tgt": [
                3,
                4
            ]
        },
        "5": {
            "intv_type": "do",
            "inode": 5,
            "new_mui": 10.0,
            "true_params": {
                "Si": [
                    [
                        1.0,
                        -8.831819150502582,
                        -68.32032872733622,
                        22.570792316315394,
                        -45.985546407032366,
                        0.0
                    ],
                    [
                        -8.831819150502582,
                        79.00102950718416,
                        610.9547973873293,
                        -201.15028146544665,
                        410.9003120002794,
                        0.0
                    ],
                    [
                        -68.32032872733622,
                        610.9547973873293,
                        4725.851309091333,
                        -1555.7245764739166,
                        3177.775198749401,
                        0.0
                    ],
                    [
                        22.570792316315394,
                        -201.15028146544665,
                        -1555.7245764739166,
                        513.713601382729,
                        -1046.54940332662,
                        0.0
                    ],
                    [
                        -45.985546407032366,
                        410.9003120002794,
                        3177.775198749401,
                        -1046.54940332662,
                        2138.36886701098,
                        0.0
                    ],
                    [
                        0.0,
                        0.0,
                        0.0,
                        0.0,
                        0.0,
                        0.0
                    ]
                ],
                "mui": [
                    0.5,
                    -3.915909575251291,
                    -29.879159481363313,
                    10.880833336059785,
                    -20.110631905353294,
                    10.0
                ],
                "Ai": [
                    [
                        0.0,
                        0.0,
                        0.0,
                        0.0,
                        0.0,
                        0.0
                    ],
                    [
                        -8.831819150502582,
                        0.0,
                        0.0,
                        0.0,
                        0.0,
                        0.0
                    ],
                    [
                        -1.534026071969702,
                        7.562009764609591,
                        0.0,
                        0.0,
                        0.0,
                        0.0
                    ],
                    [
                        6.592921806241387,
                        -1.8091256441958254,
                        -0.0,
                        0.0,
                        0.0,
                        0.0
                    ],
                    [
                        -3.908264134396161,
                        4.764282596325781,
                        -0.0,
                        -0.0,
                        0.0,
                        0.0
                    ],
                    [
                        0.0,
                        0.0,
                        0.0,
                        0.0,
                        0.0,
                        0.0
                    ]
                ]
            },
            "est_params": {
                "mui": [
                    0.47844028732008653,
                    -3.740376048567933,
                    -28.569933937003324,
                    10.45165318043864,
                    -19.173071617186782,
                    9.999999999999988
                ],
                "Si": [
                    [
                        1.0020602666460852,
                        -8.837173687437273,
                        -68.377043448499,
                        22.609736115900837,
                        -45.98760184700858,
                        4.10766391433483e-15
                    ],
                    [
                        -8.837173687437273,
                        79.0062525496515,
                        611.1442220585174,
                        -201.3405505451012,
                        410.66735932768574,
                        -2.9756382787988355e-14
                    ],
                    [
                        -68.377043448499,
                        611.1442220585174,
                        4728.4642179451475,
                        -1557.594654572024,
                        3176.7701722059755,
                        -2.2212727289273381e-13
                    ],
                    [
                        22.609736115900837,
                        -201.3405505451012,
                        -1557.594654572024,
                        514.7022280230531,
                        -1046.8790401953854,
                        7.625865481482211e-14
                    ],
                    [
                        -45.98760184700858,
                        410.66735932768574,
                        3176.7701722059755,
                        -1046.8790401953854,
                        2135.784548854957,
                        -1.91943065183073e-13
                    ],
                    [
                        4.10766391433483e-15,
                        -2.975638278798835e-14,
                        -2.2212727289273376e-13,
                        7.625865481482211e-14,
                        -1.91943065183073e-13,
                        1.000000000000033e-06
                    ]
                ]
            },
            "est_tgt": [
                5
            ]
        },
        "obs": {
            "intv_type": "obs",
            "true_params": {
                "Si": [
                    [
                        1.0,
                        -8.831819150502582,
                        -68.32032872733622,
                        22.570792316315394,
                        -45.985546407032366,
                        -92.14679099757406
                    ],
                    [
                        -8.831819150502582,
                        79.00102950718416,
                        610.9547973873293,
                        -201.15028146544665,
                        410.9003120002794,
                        823.6514861923913
                    ],
                    [
                        -68.32032872733622,
                        610.9547973873293,
                        4725.851309091333,
                        -1555.7245764739166,
                        3177.775198749401,
                        6369.816161060686
                    ],
                    [
                        22.570792316315394,
                        -201.15028146544665,
                        -1555.7245764739166,
                        513.713601382729,
                        -1046.54940332662,
                        -2097.605613293732
                    ],
                    [
                        -45.985546407032366,
                        410.9003120002794,
                        3177.775198749401,
                        -1046.54940332662,
                        2138.36886701098,
                        4284.242439459793
                    ],
                    [
                        -92.14679099757406,
                        823.6514861923913,
                        6369.816161060686,
                        -2097.605613293732,
                        4284.242439459793,
                        8588.614636974005
                    ]
                ],
                "mui": [
                    0.5,
                    -3.915909575251291,
                    -29.879159481363313,
                    10.880833336059785,
                    -20.11063190535329,
                    -40.659549097458154
                ],
                "Ai": [
                    [
                        0.0,
                        0.0,
                        0.0,
                        0.0,
                        0.0,
                        0.0
                    ],
                    [
                        -8.831819150502582,
                        0.0,
                        0.0,
                        0.0,
                        0.0,
                        0.0
                    ],
                    [
                        -1.534026071969702,
                        7.562009764609591,
                        0.0,
                        0.0,
                        0.0,
                        0.0
                    ],
                    [
                        6.592921806241387,
                        -1.8091256441958254,
                        -0.0,
                        0.0,
                        0.0,
                        0.0
                    ],
                    [
                        -3.908264134396161,
                        4.764282596325781,
                        -0.0,
                        -0.0,
                        0.0,
                        0.0
                    ],
                    [
                        -5.350385497804954,
                        9.827692802657749,
                        -0.0,
                        -0.0,
                        0.0,
                        0.0
                    ]
                ]
            },
            "est_params": {
                "mui": [
                    0.4877349964929344,
                    -3.8230411320666486,
                    -29.16848806160308,
                    10.664199111326058,
                    -19.603205634948623,
                    -39.62931895229436
                ],
                "Si": [
                    [
                        1.0561406152012929,
                        -9.305409158292962,
                        -72.04002731487533,
