{
    "expt_args": {
        "save_dir": "expt_logs_29.04.24-2",
        "exp_name": "108",
        "num_nodes": 4,
        "obs_noise_mean": 0.5,
        "obs_noise_var": 1.0,
        "max_edge_strength": 20,
        "num_parents": 2,
        "new_noise_mean": 20.0,
        "mix_samples": 16384,
        "stage2_samples": 16384,
        "intv_targets": [
            0,
            1,
            2,
            3
        ]
    },
    "intv_args_dict": {
        "0": {
            "intv_type": "do",
            "inode": 0,
            "new_mui": 20.0,
            "true_params": {
                "Si": [
                    [
                        0.0,
                        0.0,
                        0.0,
                        0.0
                    ],
                    [
                        0.0,
                        1.0,
                        18.743330207514234,
                        -185.05114834939107
                    ],
                    [
                        0.0,
                        18.743330207514234,
                        352.31242726791555,
                        -3478.214826218292
                    ],
                    [
                        0.0,
                        -185.05114834939107,
                        -3478.214826218292,
                        34339.79602928815
                    ]
                ],
                "mui": [
                    20.0,
                    374.4590926352895,
                    7337.981840370565,
                    -72404.2778588824
                ],
                "Ai": [
                    [
                        0.0,
                        0.0,
                        0.0,
                        0.0
                    ],
                    [
                        18.697954631764475,
                        0.0,
                        0.0,
                        0.0
                    ],
                    [
                        15.943570895058617,
                        18.743330207514234,
                        0.0,
                        0.0
                    ],
                    [
                        -0.0,
                        -2.490223207916287,
                        -9.740047425952394,
                        0.0
                    ]
                ]
            },
            "est_params": {
                "mui": [
                    20.0,
                    374.4694357382963,
                    7338.177778669746,
                    -72406.19048064033
                ],
                "Si": [
                    [
                        1e-06,
                        0.0,
                        0.0,
                        0.0
                    ],
                    [
                        0.0,
                        0.9790095825679186,
                        18.33236096394645,
                        -181.0093696774145
                    ],
                    [
                        0.0,
                        18.33236096394645,
                        344.26346119456633,
                        -3399.051086475641
                    ],
                    [
                        0.0,
                        -181.0093696774145,
                        -3399.051086475641,
                        33561.20505580658
                    ]
                ]
            },
            "est_tgt": [
                0,
                2
            ]
        },
        "1": {
            "intv_type": "do",
            "inode": 1,
            "new_mui": 20.0,
            "true_params": {
                "Si": [
                    [
                        1.0000000000000102,
                        -8.266918926000058e-31,
                        15.943570895058778,
                        -155.29113665690673
                    ],
                    [
                        -8.266918926000058e-31,
                        5.088430796392051e-31,
                        -7.133323766935091e-16,
                        6.947891179462115e-15
                    ],
                    [
                        15.943570895058778,
                        -7.133323766935091e-16,
                        255.19745288576271,
                        -2485.6352940895804
                    ],
                    [
                        -155.29113665690673,
                        6.947891179462115e-15,
                        -2485.6352940895804,
                        24211.205648053638
                    ]
                ],
                "mui": [
                    0.5000000000002527,
                    19.999999999999886,
                    383.3383895978159,
                    -3783.0385590292676
                ],
                "Ai": [
                    [
                        0.0,
                        0.0,
                        0.0,
                        0.0
                    ],
                    [
                        0.0,
                        0.0,
                        0.0,
                        0.0
                    ],
                    [
                        15.943570895058617,
                        18.743330207514234,
                        0.0,
                        0.0
                    ],
                    [
                        -0.0,
                        -2.490223207916287,
                        -9.740047425952394,
                        0.0
                    ]
                ]
            },
            "est_params": {
                "mui": [
                    0.5106608708875809,
                    19.99999999999993,
                    383.4965906817057,
                    -3784.5385451521524
                ],
                "Si": [
                    [
                        1.0412574582862044,
                        -1.9852802122351965e-17,
                        16.626105881015004,
                        -161.93433622398666
                    ],
                    [
                        -1.9852802122351872e-17,
                        1e-06,
                        -5.674927548968943e-16,
                        5.53650962266982e-15
                    ],
                    [
                        16.626105881015004,
                        -5.674927548968945e-16,
                        266.5071775217894,
                        -2595.715279333418
                    ],
                    [
                        -161.93433622398666,
                        5.536509622669804e-15,
                        -2595.715279333418,
                        25282.626892434113
                    ]
                ]
            },
            "est_tgt": [
                1,
                2
            ]
        },
        "2": {
            "intv_type": "do",
            "inode": 2,
            "new_mui": 20.0,
            "true_params": {
                "Si": [
                    [
                        0.9999999999999998,
                        18.697954631764468,
                        0.0,
                        -46.56208056458571
                    ],
                    [
                        18.697954631764468,
                        350.61350741152245,
                        0.0,
                        -873.1058931651023
                    ],
                    [
                        0.0,
                        0.0,
                        0.0,
                        0.0
                    ],
                    [
                        -46.56208056458571,
                        -873.1058931651023,
                        0.0,
                        2175.2285581282163
                    ]
                ],
                "mui": [
                    0.49999999999999994,
                    9.848977315882236,
                    20.0,
                    -218.8271004052989
                ],
                "Ai": [
                    [
                        0.0,
                        0.0,
                        0.0,
                        0.0
                    ],
                    [
                        18.697954631764475,
                        0.0,
                        0.0,
                        0.0
                    ],
                    [
                        0.0,
                        0.0,
                        0.0,
                        0.0
                    ],
                    [
                        -0.0,
                        -2.490223207916287,
                        -9.740047425952394,
                        0.0
                    ]
                ]
            },
            "est_params": {
                "mui": [
                    0.4950974290136865,
                    9.772902456438828,
                    102.14390890774916,
                    -99.29430350841734
                ],
                "Si": [
                    [
                        1.0117938373806818,
                        18.913406078803025,
                        172.65721133146832,
                        -27.69779894280523
                    ],
                    [
                        18.913406078803025,
                        354.527427330299,
                        3241.3455979518462,
                        -515.1103172337517
                    ],
                    [
                        172.65721133146832,
                        3241.3455979518462,
                        70853.88369124355,
                        9799.302645152125
                    ],
                    [
                        -27.69779894280523,
                        -515.1103172337517,
                        9799.302645152125,
                        15519.433385996186
                    ]
                ]
            },
            "est_tgt": [
                2,
                3
            ]
        },
        "3": {
            "intv_type": "do",
            "inode": 3,
            "new_mui": 20.0,
            "true_params": {
                "Si": [
                    [
                        1.0,
                        18.697954631764475,
                        366.4055087633404,
                        0.0
                    ],
                    [
                        18.697954631764475,
                        350.61350741152256,
                        6869.776909893033,
                        0.0
                    ],
                    [
                        366.4055087633404,
                        6869.776909893033,
                        134605.30927939023,
                        0.0
                    ],
                    [
                        0.0,
                        0.0,
                        0.0,
                        0.0
                    ]
                ],
                "mui": [
                    0.5,
                    9.848977315882237,
                    193.0744194854273,
                    20.0
                ],
                "Ai": [
                    [
                        0.0,
                        0.0,
                        0.0,
                        0.0
                    ],
                    [
                        18.697954631764475,
                        0.0,
                        0.0,
                        0.0
                    ],
                    [
                        15.943570895058617,
                        18.743330207514234,
                        0.0,
                        0.0
                    ],
                    [
                        0.0,
                        0.0,
                        0.0,
                        0.0
                    ]
                ]
            },
            "est_params": {
                "mui": [
                    0.01471097286741972,
                    0.7383206461555,
                    14.573689760196473,
                    -143.21925972801984
                ],
                "Si": [
                    [
                        0.664449497785824,
                        12.362205379256753,
                        242.30614255326347,
                        -2390.8338664704647
                    ],
                    [
                        12.362205379256753,
                        230.96578230253783,
                        4526.29033862368,
                        -44660.980610984996
                    ],
                    [
                        242.30614255326347,
                        4526.29033862368,
                        88704.4499071892,
                        -875248.0374464401
                    ],
                    [
                        -2390.8338664704643,
                        -44660.980610984996,
                        -875248.0374464401,
                        8636085.524582157
                    ]
                ]
            },
            "est_tgt": [
                0,
                3
            ]
        },
        "obs": {
            "intv_type": "obs",
            "true_params": {
                "Si": [
                    [
                        1.0,
                        18.697954631764475,
                        366.4055087633404,
                        -3615.3691130497364
                    ],
                    [
                        18.697954631764475,
                        350.61350741152256,
                        6869.776909893033,
                        -67785.05880123592
                    ],
                    [
                        366.4055087633404,
                        6869.776909893033,
                        134605.30927939023,
                        -1328169.3740604736
                    ],
                    [
                        -3615.3691130497364,
                        -67785.05880123592,
                        -1328169.3740604736,
                        13105233.619623326
                    ]
                ],
                "mui": [
                    0.5,
                    9.848977315882237,
                    193.0744194854273,
                    -1904.58015441254
                ],
                "Ai": [
                    [
                        0.0,
                        0.0,
                        0.0,
                        0.0
                    ],
                    [
                        18.697954631764475,
                        0.0,
                        0.0,
                        0.0
                    ],
                    [
                        15.943570895058617,
                        18.743330207514234,
                        0.0,
                        0.0
                    ],
                    [
                        -0.0,
                        -2.490223207916287,
                        -9.740047425952394,
                        0.0
                    ]
                ]
            },
            "est_params": {
                "mui": [
                    1.2306425955614728,
                    23.592699985050373,
                    462.3297892037344,
                    -4561.387884923705
                ],
                "Si": [
                    [
                        0.5846600988908328,
                        10.918683257295505,
                        213.96352919327117,
                        -2111.1968765302004
                    ],
                    [
                        10.918683257295505,
                        204.96731588676056,
                        4015.552445892899,
                        -39621.9133957892
                    ],
                    [
                        213.96352919327117,
                        4015.552445892899,
                        78671.49518829692,
                        -776260.367116688
                    ],
                    [
                        -2111.1968765302004,
                        -39621.9133957892,
                        -776260.367116688,
                        7659448.170766145
                    ]
                ]
            }
        }
    },
    "metric_dict": {
        "param_est_rel_err": 100.01522174621196,
        "est_dag": {
            "amat": [
                [
                    0,
                    1,
                    0,
                    0
                ],
                [
                    0,
                    0,
                    1,
                    1
                ],
                [
                    0,
                    0,
                    0,
                    1
                ],
                [
                    0,
                    0,
                    0,
                    0
                ]
            ],
            "nodes": [
                0,
                1,
                2,
                3
            ]
        },
        "act_dag": {
            "amat": [
                [
                    0,
                    1,
                    1,
                    0
                ],
                [
                    0,
                    0,
                    1,
                    1
                ],
                [
                    0,
                    0,
                    0,
                    1
                ],
                [
                    0,
                    0,
                    0,
                    0
                ]
            ],
            "nodes": [
                0,
                1,
                2,
                3
            ]
        },
        "shd": 1,
        "avg_js": 0.5
    }
}