{
    "expt_args": {
        "save_dir": "expt_logs_29.04.24-2",
        "exp_name": "620",
        "num_nodes": 8,
        "obs_noise_mean": 0.5,
        "obs_noise_var": 1.0,
        "max_edge_strength": 10.0,
        "num_parents": 2,
        "new_noise_mean": 10.0,
        "mix_samples": 16384,
        "stage2_samples": 16384,
        "intv_targets": [
            0,
            1,
            2,
            3,
            4,
            5,
            6,
            7
        ]
    },
    "intv_args_dict": {
        "0": {
            "intv_type": "do",
            "inode": 0,
            "new_mui": 10.0,
            "true_params": {
                "Si": [
                    [
                        4.437754905487308e-31,
                        -6.195679750458509e-16,
                        2.7790673860087497e-15,
                        4.6210711273141406e-15,
                        -9.358211855886484e-15,
                        7.194601314572181e-14,
                        -3.948407338516262e-14,
                        -1.6803576301155738e-13
                    ],
                    [
                        -6.195679750458509e-16,
                        0.9999999999999987,
                        -4.111610876594156,
                        -7.398056504510299,
                        13.641432290268487,
                        -109.6774585608886,
                        63.264566045533805,
                        257.0678586887236
                    ],
                    [
                        2.7790673860087497e-15,
                        -4.111610876594156,
                        17.905344000527382,
                        30.41792958960273,
                        -59.711149979898046,
                        465.7472553641228,
                        -260.11927785582645,
                        -1088.4105634126913
                    ],
                    [
                        4.6210711273141406e-15,
                        -7.398056504510299,
                        30.41792958960273,
                        55.73124004392722,
                        -100.92008688585776,
                        818.6944573315305,
                        -475.6547057631291,
                        -1920.884646288266
                    ],
                    [
                        -9.358211855886484e-15,
                        13.641432290268487,
                        -59.711149979898046,
                        -100.92008688585776,
                        200.21399675905587,
                        -1553.846791116962,
                        863.0192940833693,
                        3631.388729332214
                    ],
                    [
                        7.194601314572181e-14,
                        -109.6774585608886,
                        465.7472553641228,
                        818.6944573315305,
                        -1553.846791116962,
                        12318.961580644429,
                        -6994.279375748641,
                        -28845.29765037164
                    ],
                    [
                        -3.948407338516262e-14,
                        63.264566045533805,
                        -260.11927785582645,
                        -475.6547057631291,
                        863.0192940833693,
                        -6994.279375748641,
                        4061.4677574624175,
                        16408.689689597402
                    ],
                    [
                        -1.6803576301155738e-13,
                        257.0678586887236,
                        -1088.4105634126913,
                        -1920.884646288266,
                        3631.388729332214,
                        -28845.29765037164,
                        16408.689689597402,
                        67558.94946470796
                    ]
                ],
                "mui": [
                    9.999999999999966,
                    18.604269826367833,
                    -106.03452054870327,
                    -79.79364928409184,
                    361.3126479854924,
                    -2057.1839593358554,
                    736.7440534825022,
                    4612.343263577656
                ],
                "Ai": [
                    [
                        0.0,
                        0.0,
                        0.0,
                        0.0,
                        0.0,
                        0.0,
                        0.0,
                        0.0
                    ],
                    [
                        1.8104269826367863,
                        0.0,
                        0.0,
                        0.0,
                        0.0,
                        0.0,
                        0.0,
                        0.0
                    ],
                    [
                        -3.0041002379516772,
                        -4.111610876594164,
                        0.0,
                        0.0,
                        0.0,
                        0.0,
                        0.0,
                        0.0
                    ],
                    [
                        5.734179011653372,
                        -7.398056504510306,
                        -0.0,
                        0.0,
                        0.0,
                        0.0,
                        0.0,
                        0.0
                    ],
                    [
                        0.0,
                        -1.2544758941343197,
                        -3.6228886029073397,
                        0.0,
                        0.0,
                        0.0,
                        0.0,
                        0.0
                    ],
                    [
                        0.0,
                        0.0,
                        -0.0,
                        7.294421626988768,
                        -4.084095717459825,
                        0.0,
                        0.0,
                        0.0
                    ],
                    [
                        -0.0,
                        6.892326686682371,
                        0.0,
                        -7.619871424945666,
                        0.0,
                        0.0,
                        0.0,
                        0.0
                    ],
                    [
                        0.0,
                        -0.0,
                        7.259149429083044,
                        0.0,
                        0.0,
                        -2.6159856382602085,
                        -0.0,
                        0.0
                    ]
                ]
            },
            "est_params": {
                "mui": [
                    9.99999999999995,
                    19.057917789551606,
                    -107.87891053954685,
                    -83.19513473828266,
                    367.5811921023773,
                    -2107.6662412359733,
                    765.749615422234,
                    4730.999298206447
                ],
                "Si": [
                    [
                        1e-06,
                        -4.9283653814608425e-16,
                        2.0326371957475525e-15,
                        3.638524335046674e-15,
                        -6.710471763517795e-15,
                        5.393564938005776e-14,
                        -3.116257320484461e-14,
                        -1.2636967054453358e-13
                    ],
                    [
                        -4.928365381460844e-16,
                        0.6687082671344772,
                        -2.758622402159958,
                        -4.902753355672144,
                        9.116925863566053,
                        -72.96946877129493,
                        42.02455596305886,
                        170.89365373489002
                    ],
                    [
                        2.032637195747553e-15,
                        -2.758622402159958,
                        12.274952622176315,
                        20.309870465589167,
                        -40.90219110093464,
                        315.0630321526436,
                        -173.94952415633776,
                        -735.2085898573254
                    ],
                    [
                        3.638524335046675e-15,
                        -4.902753355672144,
                        20.309870465589167,
                        36.877509337916635,
                        -67.16381021689546,
                        543.0218501398359,
                        -315.1345771530306,
                        -1273.3562177733518
                    ],
                    [
                        -6.710471763517791e-15,
                        9.11692586356605,
                        -40.90219110093464,
                        -67.16381021689546,
                        137.37912380094744,
                        -1050.5064169925895,
                        575.2988261580834,
                        2451.6168098902576
                    ],
                    [
                        5.393564938005776e-14,
                        -72.96946877129493,
                        315.0630321526436,
                        543.0218501398359,
                        -1050.5064169925895,
                        8248.359555567733,
                        -4645.975267086762,
                        -19294.064967993552
                    ],
                    [
                        -3.116257320484461e-14,
                        42.02455596305886,
                        -173.94952415633776,
                        -315.1345771530306,
                        575.2988261580833,
                        -4645.975267086763,
                        2695.096068644302,
                        10893.29270494345
                    ],
                    [
                        -1.263696705445336e-13,
                        170.89365373489002,
                        -735.2085898573254,
                        -1273.3562177733518,
                        2451.6168098902576,
                        -19294.064967993552,
                        10893.29270494345,
                        45145.475311492424
                    ]
                ]
            },
            "est_tgt": [
                0,
                2,
                3,
                4,
                6,
                7
            ]
        },
        "1": {
            "intv_type": "do",
            "inode": 1,
            "new_mui": 10.0,
            "true_params": {
                "Si": [
                    [
                        1.0000000000000004,
                        1.1119735427821073e-16,
                        -3.0041002379516795,
                        5.7341790116533735,
                        10.883520514066365,
                        -2.6218201267551433,
                        -43.69370679642072,
                        -14.948568729542151
                    ],
                    [
                        1.1119735427821073e-16,
                        1.262594222672114e-32,
                        -3.340479984467699e-16,
                        6.237258657687239e-16,
                        1.2156342411165413e-15,
                        -4.0884145263546797e-16,
                        -4.752710901570595e-15,
                        -1.3556065016282655e-15
                    ],
                    [
                        -3.0041002379516795,
                        -3.340479984467699e-16,
                        10.024618239661331,
                        -17.226048533365418,
                        -36.318075168966075,
                        22.67243429461949,
                        131.26027498411833,
                        13.459439272090211
                    ],
                    [
                        5.7341790116533735,
                        6.237258657687239e-16,
                        -17.226048533365418,
                        33.88080893768605,
                        62.408054904658265,
                        -7.73956431618096,
                        -258.16740787831765,
                        -104.79987127881577
                    ],
                    [
                        10.883520514066365,
                        1.2156342411165413e-15,
                        -36.318075168966075,
                        62.408054904658265,
                        132.57634060917923,
                        -86.22379952360222,
                        -475.5413542544457,
                        -38.078113398224296
                    ],
                    [
                        -2.6218201267551433,
                        -4.0884145263546797e-16,
                        22.67243429461949,
                        -7.73956431618096,
                        -86.22379952360222,
                        296.6906050460374,
                        58.97448497439646,
                        -611.5557733414558
                    ],
                    [
                        -43.69370679642072,
                        -4.752710901570595e-15,
                        131.26027498411833,
                        -258.16740787831765,
                        -475.5413542544457,
                        58.97448497439646,
                        1968.2024541442852,
                        798.5615444954324
                    ],
                    [
                        -14.948568729542151,
                        -1.3556065016282655e-15,
                        13.459439272090211,
                        -104.79987127881577,
                        -38.078113398224296,
                        -611.5557733414558,
                        798.5615444954324,
                        1698.5252009641354
                    ]
                ],
                "mui": [
                    0.5000000000000032,
                    10.000000000000004,
                    -42.118158884917506,
                    -70.6134755392764,
                    140.5446388582646,
                    -1088.5822208035163,
                    607.4888713446558,
                    2542.4734466639247
                ],
                "Ai": [
                    [
                        0.0,
                        0.0,
                        0.0,
                        0.0,
                        0.0,
                        0.0,
                        0.0,
                        0.0
                    ],
                    [
                        0.0,
                        0.0,
                        0.0,
                        0.0,
                        0.0,
                        0.0,
                        0.0,
                        0.0
                    ],
                    [
                        -3.0041002379516772,
                        -4.111610876594164,
                        0.0,
                        0.0,
                        0.0,
                        0.0,
                        0.0,
                        0.0
                    ],
                    [
                        5.734179011653372,
                        -7.398056504510306,
                        -0.0,
                        0.0,
                        0.0,
                        0.0,
                        0.0,
                        0.0
                    ],
                    [
                        0.0,
                        -1.2544758941343197,
                        -3.6228886029073397,
                        0.0,
                        0.0,
                        0.0,
                        0.0,
                        0.0
                    ],
                    [
                        0.0,
                        0.0,
                        -0.0,
                        7.294421626988768,
                        -4.084095717459825,
                        0.0,
                        0.0,
                        0.0
                    ],
                    [
                        -0.0,
                        6.892326686682371,
                        0.0,
                        -7.619871424945666,
                        0.0,
                        0.0,
                        0.0,
                        0.0
                    ],
                    [
                        0.0,
                        -0.0,
                        7.259149429083044,
                        0.0,
                        0.0,
                        -2.6159856382602085,
                        -0.0,
                        0.0
                    ]
                ]
            },
            "est_params": {
                "mui": [
                    0.47440756685106283,
                    10.000000000000002,
                    -42.0392130854141,
                    -70.79756410838287,
                    140.24145095731092,
                    -1088.6811022603579,
                    608.8723041984719,
                    2543.3053753969125
                ],
                "Si": [
                    [
                        1.0029423801294441,
                        6.35128247018413e-16,
                        -2.972577726788168,
                        5.756534976379898,
                        10.781566270867698,
                        -2.022393711160891,
                        -43.850029816926366,
                        -16.26696035575055
                    ],
                    [
                        6.351282470184131e-16,
                        1e-06,
                        -1.8590056286052397e-15,
                        3.635823815924427e-15,
                        6.732145393380476e-15,
                        -9.540780883167803e-16,
                        -2.7711712955781986e-14,
                        -1.098372128076988e-14
                    ],
                    [
                        -2.972577726788168,
                        -1.8590056286052397e-15,
                        9.861103715169444,
                        -17.043806870225303,
                        -35.78039334623787,
                        21.72838904799326,
                        129.86703618240261,
                        14.701062391573354
                    ],
                    [
                        5.756534976379898,
                        3.635823815924427e-15,
                        -17.043806870225303,
                        34.08382793558579,
                        61.81485596652608,
                        -3.714069789558008,
                        -259.62993375087166,
                        -113.89296129160297
                    ],
                    [
                        10.781566270867698,
                        6.732145393380476e-15,
                        -35.78039334623787,
                        61.81485596652608,
                        130.78711086020857,
                        -82.95661402398592,
                        -470.9738289233324,
                        -42.57541660635763
                    ],
                    [
                        -2.022393711160891,
                        -9.540780883167805e-16,
                        21.72838904799326,
                        -3.714069789558008,
                        -82.95661402398592,
                        312.4211806977734,
                        28.723398126068908,
                        -659.3761372435298
                    ],
                    [
                        -43.850029816926366,
                        -2.7711712955781986e-14,
                        129.86703618240261,
                        -259.62993375087166,
                        -470.9738289233324,
                        28.723398126068904,
                        1978.7072942770938,
                        866.7039591872651
                    ],
                    [
                        -16.26696035575055,
                        -1.098372128076988e-14,
                        14.701062391573352,
                        -113.89296129160297,
                        -42.575416606357635,
                        -659.3761372435298,
                        866.7039591872651,
                        1831.8913648050234
                    ]
                ]
            },
            "est_tgt": [
                0,
                1,
                2,
                3,
                4
            ]
        },
        "2": {
            "intv_type": "do",
            "inode": 2,
            "new_mui": 10.0,
            "true_params": {
                "Si": [
                    [
                        1.0000000000000004,
                        1.8104269826367934,
                        -1.9576473599327976e-15,
                        -7.659462103183722,
                        -2.271137007808189,
                        -46.59580508921026,
                        70.84217061722129,
                        121.89395691654596
                    ],
                    [
                        1.8104269826367934,
                        4.277645859459349,
                        -5.501824962842777e-15,
                        -21.26495336859797,
                        -5.366203614335226,
                        -133.19944654848476,
                        191.5191432395098,
                        348.44783919504437
                    ],
                    [
                        -1.9576473599327976e-15,
                        -5.501824962842777e-15,
                        7.908032882524277e-30,
                        2.99667233894741e-14,
                        6.901906789632692e-15,
                        1.9046304370032213e-13,
                        -2.662629542715611e-13,
                        -4.982485869393691e-13
                    ],
                    [
                        -7.659462103183722,
                        -21.26495336859797,
                        2.99667233894741e-14,
                        114.39859975403407,
                        26.676371390796472,
                        725.5227659885384,
                        -1018.2676269130045,
                        -1897.9571360568382
                    ],
                    [
                        -2.271137007808189,
                        -5.366203614335226,
                        6.901906789632692e-15,
                        26.676371390796472,
                        7.731773077199986,
                        163.01139908964657,
                        -240.25614845922217,
                        -426.4354788912186
                    ],
                    [
                        -46.59580508921026,
                        -133.19944654848476,
                        1.9046304370032213e-13,
                        725.5227659885384,
                        163.01139908964657,
                        4627.514798180346,
                        -6446.4442928010485,
                        -12105.512252876368
                    ],
                    [
                        70.84217061722129,
                        191.5191432395098,
                        -2.662629542715611e-13,
                        -1018.2676269130045,
                        -240.25614845922217,
                        -6446.4442928010485,
                        9080.080895221854,
                        16863.80568781203
                    ],
                    [
                        121.89395691654596,
                        348.44783919504437,
                        -4.982485869393691e-13,
                        -1897.9571360568382,
                        -426.4354788912186,
                        -12105.512252876368,
                        16863.80568781203,
                        31668.84619730756
                    ]
                ],
                "mui": [
                    0.4999999999999914,
                    1.4052134913183874,
                    10.000000000000005,
                    -7.0287593038469955,
                    -37.49169248004467,
                    102.34892682119114,
                    63.74343261890455,
                    -194.6518283647506
                ],
                "Ai": [
                    [
                        0.0,
                        0.0,
                        0.0,
                        0.0,
                        0.0,
                        0.0,
                        0.0,
                        0.0
                    ],
                    [
                        1.8104269826367863,
                        0.0,
                        0.0,
                        0.0,
                        0.0,
                        0.0,
                        0.0,
                        0.0
                    ],
                    [
                        0.0,
                        0.0,
                        0.0,
                        0.0,
                        0.0,
                        0.0,
                        0.0,
                        0.0
                    ],
                    [
                        5.734179011653372,
                        -7.398056504510306,
                        -0.0,
                        0.0,
                        0.0,
                        0.0,
                        0.0,
                        0.0
                    ],
                    [
                        0.0,
                        -1.2544758941343197,
                        -3.6228886029073397,
                        0.0,
                        0.0,
                        0.0,
                        0.0,
                        0.0
                    ],
                    [
                        0.0,
                        0.0,
                        -0.0,
                        7.294421626988768,
                        -4.084095717459825,
                        0.0,
                        0.0,
                        0.0
                    ],
                    [
                        -0.0,
                        6.892326686682371,
                        0.0,
                        -7.619871424945666,
                        0.0,
                        0.0,
                        0.0,
                        0.0
                    ],
                    [
                        0.0,
                        -0.0,
                        7.259149429083044,
                        0.0,
                        0.0,
                        -2.6159856382602085,
                        -0.0,
                        0.0
                    ]
                ]
            },
            "est_params": {
                "mui": [
                    0.5181141791885501,
                    1.4219141202063248,
                    9.99999999218718,
                    -7.022709303660834,
                    -37.481209832519276,
                    102.35646969302856,
                    63.83715214455123,
                    -194.69466347775258
                ],
                "Si": [
                    [
                        1.005388802380972,
                        1.8243659150505185,
                        8.321567655777943e-09,
                        -7.764821775509011,
                        -2.311404857718113,
                        -47.24404058994774,
                        71.76977049185238,
                        123.58007108687191
                    ],
                    [
                        1.8243659150505185,
                        4.271252987817767,
                        2.726254270293422e-08,
                        -21.2331288181198,
                        -5.438576799747278,
                        -132.76265091654955,
                        191.30458293102734,
                        347.2984063924925
                    ],
                    [
                        8.321567655777943e-09,
                        2.7262542702934224e-08,
                        1.0000062193782141e-06,
                        -1.329952855543734e-07,
                        -4.1837523815177816e-08,
                        -7.857717682588157e-07,
                        1.2033602382960477e-06,
                        2.0543578861181197e-06
                    ],
                    [
                        -7.764821775509011,
                        -21.2331288181198,
                        -1.3299528555437338e-07,
                        114.08234624099218,
                        27.08727105400968,
                        721.9604857245791,
                        -1015.9357568106683,
                        -1888.6572864428751
                    ],
                    [
                        -2.311404857718113,
                        -5.438576799747278,
                        -4.1837523815177816e-08,
                        27.08727105400968,
                        7.910350012326593,
                        165.3718165674763,
                        -243.98354154189713,
                        -432.602795148933
                    ],
                    [
                        -47.24404058994774,
                        -132.76265091654955,
                        -7.857717682588157e-07,
                        721.9604857245791,
                        165.3718165674763,
                        4594.595371607994,
                        -6418.038013698911,
                        -12019.60330874649
                    ],
                    [
                        71.76977049185238,
                        191.30458293102734,
                        1.2033602382960477e-06,
                        -1015.9357568106683,
                        -243.98354154189707,
                        -6418.038013698911,
                        9063.584010373048,
                        16789.62354690355
                    ],
                    [
                        123.58007108687191,
                        347.2984063924925,
                        2.0543578861181197e-06,
                        -1888.6572864428751,
                        -432.602795148933,
                        -12019.60330874649,
                        16789.62354690355,
                        31444.655867095815
                    ]
                ]
            },
            "est_tgt": [
                0,
                1,
                2,
                3,
                4
            ]
        },
        "3": {
            "intv_type": "do",
            "inode": 3,
            "new_mui": 10.0,
            "true_params": {
                "Si": [
                    [
                        0.9999999999999842,
                        1.81042698263677,
                        -10.447871511040526,
                        3.896362300370158e-15,
                        35.58033761418089,
                        -145.3135044758509,
                        12.478054206717221,
                        304.2953802395836
                    ],
                    [
                        1.81042698263677,
                        4.277645859459319,
                        -23.026719371304186,
                        7.054079442718914e-15,
                        78.05703555830846,
                        -318.7924046412968,
                        29.482932713327756,
                        666.8019553502112
                    ],
                    [
                        -10.447871511040526,
                        -23.026719371304186,
                        127.06336311174121,
                        -4.095221531850346e-14,
                        -431.44994569230755,
                        1762.0828755002274,
                        -158.70767242958541,
                        -3687.2115559428785
                    ],
                    [
                        3.896362300370158e-15,
                        7.054079442718914e-15,
                        -4.095221531850346e-14,
                        1.5241174107206128e-29,
                        1.3951614152501435e-13,
                        -5.698124962840659e-13,
                        4.861901999302896e-14,
                        1.1933430563313143e-12
                    ],
                    [
                        35.58033761418089,
                        78.05703555830846,
                        -431.44994569230755,
                        1.3951614152501435e-13,
                        1466.1744214981695,
                        -5987.996675889811,
                        537.994589261843,
                        12532.553679127388
                    ],
                    [
                        -145.3135044758509,
                        -318.7924046412968,
                        1762.0828755002274,
                        -5.698124962840659e-13,
                        -5987.996675889811,
                        24456.55158016524,
                        -2197.2213980208503,
                        -51186.7647953978
                    ],
                    [
                        12.478054206717221,
                        29.482932713327756,
                        -158.70767242958541,
                        4.861901999302896e-14,
                        537.994589261843,
                        -2197.2213980208503,
                        204.20600394172922,
                        4595.816911592238
                    ],
                    [
                        304.2953802395836,
                        666.8019553502112,
                        -3687.2115559428785,
                        1.1933430563313143e-12,
                        12532.553679127388,
                        -51186.7647953978,
                        4595.816911592238,
                        107138.82191253275
                    ]
                ],
                "mui": [
                    0.4999999999999955,
                    1.4052134913183874,
                    -6.779741193817365,
                    9.999999999999998,
                    23.299440650771114,
                    -21.712929511135997,
                    -66.01352380275684,
                    8.085557349257925
                ],
                "Ai": [
                    [
                        0.0,
                        0.0,
                        0.0,
                        0.0,
                        0.0,
                        0.0,
                        0.0,
                        0.0
                    ],
                    [
                        1.8104269826367863,
                        0.0,
                        0.0,
                        0.0,
                        0.0,
                        0.0,
                        0.0,
                        0.0
                    ],
                    [
                        -3.0041002379516772,
                        -4.111610876594164,
                        0.0,
                        0.0,
                        0.0,
                        0.0,
                        0.0,
                        0.0
                    ],
                    [
                        0.0,
                        0.0,
                        0.0,
                        0.0,
                        0.0,
                        0.0,
                        0.0,
                        0.0
                    ],
                    [
                        0.0,
                        -1.2544758941343197,
                        -3.6228886029073397,
                        0.0,
                        0.0,
                        0.0,
                        0.0,
                        0.0
                    ],
                    [
                        0.0,
                        0.0,
                        -0.0,
                        7.294421626988768,
                        -4.084095717459825,
                        0.0,
                        0.0,
                        0.0
                    ],
                    [
                        -0.0,
                        6.892326686682371,
                        0.0,
                        -7.619871424945666,
                        0.0,
                        0.0,
                        0.0,
                        0.0
                    ],
                    [
                        0.0,
                        -0.0,
                        7.259149429083044,
                        0.0,
                        0.0,
                        -2.6159856382602085,
                        -0.0,
                        0.0
                    ]
                ]
            },
            "est_params": {
                "mui": [
                    0.5531815472563901,
                    1.4672311420714539,
                    -7.202606741303545,
                    9.999999999999996,
                    24.745551296199633,
                    -27.633392142112207,
                    -65.5963363095852,
                    20.51784523940263
                ],
                "Si": [
                    [
                        1.0273526597897291,
                        1.8771979583957998,
                        -10.804551130156558,
                        3.986114272486985e-15,
                        36.78354142670875,
                        -150.2002197180051,
                        12.94218653712225,
                        314.4723053301335
                    ],
                    [
                        1.8771979583957998,
                        4.459355110400175,
                        -23.977285627642807,
                        7.305908666660233e-15,
                        81.27385817372574,
                        -331.8833390716349,
                        30.75586367789763,
                        694.0991494608292
                    ],
                    [
                        -10.804551130156558,
                        -23.977285627642807,
                        132.05328325586922,
                        -4.224997940181243e-14,
                        -448.34738629087565,
                        1830.8199429090337,
                        -165.37316383052203,
                        -3830.5549927325337
                    ],
                    [
                        3.986114272486985e-15,
                        7.305908666660233e-15,
                        -4.224997940181243e-14,
                        1e-06,
                        1.4389851860733394e-13,
                        -5.875915314331483e-13,
                        5.038042345114399e-14,
                        1.230368390961694e-12
                    ],
                    [
                        36.78354142670875,
                        81.27385817372574,
                        -448.34738629087565,
                        1.4389851860733394e-13,
                        1523.3835299186615,
                        -6220.72927395892,
                        560.5664277604156,
                        13017.86865272151
                    ],
                    [
                        -150.2002197180051,
                        -331.8833390716349,
                        1830.8199429090337,
                        -5.875915314331483e-13,
                        -6220.72927395892,
                        25403.35412212836,
                        -2289.088955771615,
                        -53161.115807340146
                    ],
                    [
                        12.94218653712225,
                        30.75586367789763,
                        -165.37316383052203,
                        5.038042345114399e-14,
                        560.5664277604156,
                        -2289.088955771615,
                        213.18170099563162,
                        4787.435700372926
                    ],
                    [
                        314.4723053301335,
