{
    "expt_args": {
        "save_dir": "expt_logs_29.04.24-2",
        "exp_name": "259",
        "num_nodes": 8,
        "obs_noise_mean": 0.5,
        "obs_noise_var": 1.0,
        "max_edge_strength": 10.0,
        "num_parents": 2,
        "new_noise_mean": 10.0,
        "mix_samples": 8192,
        "stage2_samples": 8192,
        "intv_targets": [
            0,
            1,
            2,
            3,
            4,
            5,
            6,
            7
        ]
    },
    "intv_args_dict": {
        "0": {
            "intv_type": "do",
            "inode": 0,
            "new_mui": 10.0,
            "true_params": {
                "Si": [
                    [
                        5.78279332869604e-28,
                        2.399987178024785e-14,
                        2.0124927809826215e-13,
                        1.6073126653632838e-13,
                        2.2929256892994433e-12,
                        -2.519098092908427e-12,
                        -2.0705240014959e-11,
                        2.207325788375614e-11
                    ],
                    [
                        2.399987178024785e-14,
                        0.9999999999998999,
                        8.322931386507335,
                        6.6971718852513105,
                        95.01534687497818,
                        -104.45310210966572,
                        -857.993598018469,
                        914.6826596817758
                    ],
                    [
                        2.0124927809826215e-13,
                        8.322931386507335,
                        70.27118686451583,
                        55.74010208459821,
                        799.060955570382,
                        -877.5239177286054,
                        -7215.56261019613,
                        7692.30681282135
                    ],
                    [
                        1.6073126653632838e-13,
                        6.6971718852513105,
                        55.74010208459821,
                        45.85211126060509,
                        640.2628857926807,
                        -704.9862744882023,
                        -5781.607657358524,
                        6163.608075261396
                    ],
                    [
                        2.2929256892994433e-12,
                        95.01534687497818,
                        799.060955570382,
                        640.2628857926807,
                        9112.492202661288,
                        -10013.467478030903,
                        -82286.28562672286,
                        87723.0771490733
                    ],
                    [
                        -2.519098092908427e-12,
                        -104.45310210966572,
                        -877.5239177286054,
                        -704.9862744882023,
                        -10013.467478030903,
                        11007.823168333189,
                        90422.13992463135,
                        -96396.4808494983
                    ],
                    [
                        -2.0705240014959e-11,
                        -857.993598018469,
                        -7215.56261019613,
                        -5781.607657358524,
                        -82286.28562672286,
                        90422.13992463135,
                        743050.5029960242,
                        -792144.0174440499
                    ],
                    [
                        2.207325788375614e-11,
                        914.6826596817758,
                        7692.30681282135,
                        6163.608075261396,
                        87723.0771490733,
                        -96396.4808494983,
                        -792144.0174440499,
                        844483.287979885
                    ]
                ],
                "mui": [
                    9.999999999999483,
                    -50.109237790587,
                    -495.6681945031067,
                    -313.99608396048234,
                    -5324.7337812852375,
                    5759.065985790986,
                    48014.459613244275,
                    -51164.28660583312
                ],
                "Ai": [
                    [
                        0.0,
                        0.0,
                        0.0,
                        0.0,
                        0.0,
                        0.0,
                        0.0,
                        0.0
                    ],
                    [
                        -5.060923779059037,
                        0.0,
                        0.0,
                        0.0,
                        0.0,
                        0.0,
                        0.0,
                        0.0
                    ],
                    [
                        -7.911244654182468,
                        8.322931386508358,
                        0.0,
                        0.0,
                        0.0,
                        0.0,
                        0.0,
                        0.0
                    ],
                    [
                        2.109409456204576,
                        6.69717188525203,
                        -0.0,
                        0.0,
                        0.0,
                        0.0,
                        0.0,
                        0.0
                    ],
                    [
                        -0.0,
                        -0.0,
                        8.254742864665701,
                        3.9287760341120763,
                        0.0,
                        0.0,
                        0.0,
                        0.0
                    ],
                    [
                        -0.0,
                        0.0,
                        -8.16791576192632,
                        -5.44589571199464,
                        -0.0,
                        0.0,
                        0.0,
                        0.0
                    ],
                    [
                        -6.866751757899163,
                        0.0,
                        0.0,
                        0.0,
                        -9.03005278870815,
                        0.0,
                        0.0,
                        0.0
                    ],
                    [
                        9.473953757967639,
                        -0.0,
                        0.0,
                        -0.0,
                        9.62668337026987,
                        -0.0,
                        0.0,
                        0.0
                    ]
                ]
            },
            "est_params": {
                "mui": [
                    9.999999999999517,
                    -50.11740344772728,
                    -495.6358142030424,
                    -314.02307959009335,
                    -5324.583971622278,
                    5758.96183898609,
                    48013.161468732214,
                    -51162.786728054496
                ],
                "Si": [
                    [
                        1e-06,
                        2.376894264307232e-14,
                        2.001016763279612e-13,
                        1.605946313475549e-13,
                        2.2821228340930103e-12,
                        -2.508253410785679e-12,
                        -2.0607465884858635e-11,
                        2.1969197558834744e-11
                    ],
                    [
                        2.376894264307232e-14,
                        0.9884464242833543,
                        8.263203160220101,
                        6.68172970913528,
                        94.43250323434405,
                        -103.85090308543131,
                        -852.7227288788114,
                        909.0700123516131
                    ],
                    [
                        2.001016763279612e-13,
                        8.263203160220101,
                        70.0223622658928,
                        55.807029073896125,
                        797.0588477417267,
                        -875.5923859504468,
                        -7197.377953393349,
                        7672.9840552724145
                    ],
                    [
                        1.605946313475549e-13,
                        6.68172970913528,
                        55.807029073896125,
                        46.12817873697972,
                        641.7755131614927,
                        -706.7948311940738,
                        -5795.230300373653,
                        6178.141688626273
                    ],
                    [
                        2.2821228340930103e-12,
                        94.43250323434405,
                        797.0588477417267,
                        641.7755131614927,
                        9099.749911759756,
                        -10002.27862808176,
                        -82170.20958094558,
                        87599.9044441352
                    ],
                    [
                        -2.508253410785679e-12,
                        -103.85090308543131,
                        -875.5923859504468,
                        -706.7948311940738,
                        -10002.27862808176,
                        10998.40424079924,
                        90320.04330790235,
                        -96288.16621783978
                    ],
                    [
                        -2.0607465884858635e-11,
                        -852.7227288788114,
                        -7197.377953393349,
                        -5795.230300373653,
                        -82170.20958094558,
                        90320.04330790235,
                        741993.1870384131,
                        -791022.0220287768
                    ],
                    [
                        2.1969197558834744e-11,
                        909.0700123516131,
                        7672.9840552724145,
                        6178.141688626273,
                        87599.9044441352,
                        -96288.16621783978,
                        -791022.0220287768,
                        843292.5979612344
                    ]
                ]
            },
            "est_tgt": [
                0,
                3,
                6,
                7
            ]
        },
        "1": {
            "intv_type": "do",
            "inode": 1,
            "new_mui": 10.0,
            "true_params": {
                "Si": [
                    [
                        0.9999999999998943,
                        -4.3752992205045877e-14,
                        -7.91124465418196,
                        2.1094094562040677,
                        -57.01789304206929,
                        53.1307559949655,
                        508.0078323129025,
                        -539.419248997948
                    ],
                    [
                        -4.3752992205045877e-14,
                        1.9398563771478756e-27,
                        3.509694620214967e-13,
                        -9.090792542543078e-14,
                        2.5405486930904127e-12,
                        -2.371598920562955e-12,
                        -2.264088028683073e-11,
                        2.4042544030211005e-11
                    ],
                    [
                        -7.91124465418196,
                        3.509694620214967e-13,
                        63.58779197832934,
                        -16.688054283877026,
                        459.3372443865037,
                        -428.4983250997886,
                        -4093.5150114935914,
                        4346.943445859454
                    ],
                    [
                        2.1094094562040677,
                        -9.090792542543078e-14,
                        -16.688054283877026,
                        5.449608253923635,
                        -116.34530672167324,
                        106.62862339906786,
                        1036.1194703236324,
                        -1100.034981781782
                    ],
                    [
                        -57.01789304206929,
                        2.5405486930904127e-12,
                        459.3372443865037,
                        -116.34530672167324,
                        3335.616187845169,
                        -3118.223511478064,
                        -29729.262541832988,
                        31570.736003074755
                    ],
                    [
                        53.1307559949655,
                        -2.371598920562955e-12,
                        -428.4983250997886,
                        106.62862339906786,
                        -3118.223511478064,
                        2920.249860596717,
                        27792.88720351088,
                        -29514.792097308236
                    ],
                    [
                        508.0078323129025,
                        -2.264088028683073e-11,
                        -4093.5150114935914,
                        1036.1194703236324,
                        -29729.262541832988,
                        27792.88720351088,
                        264969.4464465546,
                        -281381.3546098328
                    ],
                    [
                        -539.419248997948,
                        2.4042544030211005e-11,
                        4346.943445859454,
                        -1100.034981781782,
                        31570.736003074755,
                        -29514.792097308236,
                        -281381.3546098328,
                        298812.0462468158
                    ]
                ],
                "mui": [
                    0.5000000000003375,
                    10.00000000000034,
                    79.77369153799238,
                    68.52642358062636,
                    928.2362816782627,
                    -1024.2725488362776,
                    -8384.955999827831,
                    8941.073753392257
                ],
                "Ai": [
                    [
                        0.0,
                        0.0,
                        0.0,
                        0.0,
                        0.0,
                        0.0,
                        0.0,
                        0.0
                    ],
                    [
                        0.0,
                        0.0,
                        0.0,
                        0.0,
                        0.0,
                        0.0,
                        0.0,
                        0.0
                    ],
                    [
                        -7.911244654182468,
                        8.322931386508358,
                        0.0,
                        0.0,
                        0.0,
                        0.0,
                        0.0,
                        0.0
                    ],
                    [
                        2.109409456204576,
                        6.69717188525203,
                        -0.0,
                        0.0,
                        0.0,
                        0.0,
                        0.0,
                        0.0
                    ],
                    [
                        -0.0,
                        -0.0,
                        8.254742864665701,
                        3.9287760341120763,
                        0.0,
                        0.0,
                        0.0,
                        0.0
                    ],
                    [
                        -0.0,
                        0.0,
                        -8.16791576192632,
                        -5.44589571199464,
                        -0.0,
                        0.0,
                        0.0,
                        0.0
                    ],
                    [
                        -6.866751757899163,
                        0.0,
                        0.0,
                        0.0,
                        -9.03005278870815,
                        0.0,
                        0.0,
                        0.0
                    ],
                    [
                        9.473953757967639,
                        -0.0,
                        0.0,
                        -0.0,
                        9.62668337026987,
                        -0.0,
                        0.0,
                        0.0
                    ]
                ]
            },
            "est_params": {
                "mui": [
                    0.4877495253862289,
                    10.000000000000353,
                    79.88377041702729,
                    68.513000597096,
                    929.0903764250567,
                    -1025.107384331251,
                    -8392.523914882218,
                    8949.099687597203
                ],
                "Si": [
                    [
                        1.0206794048798657,
                        -4.485369700583553e-14,
                        -8.102189927593564,
                        2.131338790140951,
                        -58.57417397265241,
                        54.55643993201434,
                        522.0147872342645,
                        -554.185446730333
                    ],
                    [
                        -4.485369700583553e-14,
                        1e-06,
                        3.606251397949862e-13,
                        -9.252785049819631e-14,
                        2.61671084873201e-12,
                        -2.440986925786198e-12,
                        -2.332554995724674e-11,
                        2.4764307120543905e-11
                    ],
                    [
                        -8.102189927593566,
                        3.606251397949862e-13,
                        65.27990988942832,
                        -16.985915652748076,
                        472.6643512098428,
                        -440.58685339747495,
                        -4213.366438131923,
                        4473.233503512081
                    ],
                    [
                        2.1313387901409513,
                        -9.252785049819631e-14,
                        -16.985915652748076,
                        5.482384502584818,
                        -118.82868656714105,
                        108.8976080023385,
                        1058.552236751277,
                        -1123.6359200308095
                    ],
                    [
                        -58.574173972652396,
                        2.61671084873201e-12,
                        472.6643512098428,
                        -118.82868656714105,
                        3439.6536796943687,
                        -3212.566710096928,
                        -30664.119478798537,
                        32556.363645051686
                    ],
                    [
                        54.55643993201434,
                        -2.440986925786198e-12,
                        -440.58685339747495,
                        108.8976080023385,
                        -3212.566710096928,
                        3005.6682973078127,
                        28640.83869390784,
                        -30408.399494101202
                    ],
                    [
                        522.0147872342645,
                        -2.332554995724674e-11,
                        -4213.366438131923,
                        1058.552236751277,
                        -30664.119478798537,
                        28640.83869390784,
                        273369.2958434128,
                        -290237.81830286403
                    ],
                    [
                        -554.185446730333,
                        2.4764307120543905e-11,
                        4473.233503512081,
                        -1123.6359200308095,
                        32556.363645051686,
                        -30408.399494101202,
                        -290237.818302864,
                        308149.4745024706
                    ]
                ]
            },
            "est_tgt": [
                1,
                2,
                3,
                4
            ]
        },
        "2": {
            "intv_type": "do",
            "inode": 2,
            "new_mui": 10.0,
            "true_params": {
                "Si": [
                    [
                        1.0000000000000382,
                        -5.060923779059013,
                        -8.607690722888305e-15,
                        -31.784466990312858,
                        -124.87405216856762,
                        173.09489249058004,
                        1120.7525312641617,
                        -1192.6490076313942
                    ],
                    [
                        -5.060923779059013,
                        26.612949497443957,
                        4.313248212610504e-14,
                        167.55593668123632,
                        658.2897484064422,
                        -912.4921570915907,
                        -5909.6390711191325,
                        6289.200015948029
                    ],
                    [
                        -8.607690722888305e-15,
                        4.313248212610504e-14,
                        7.430412691460614e-29,
                        2.7086989663019586e-13,
                        1.0641646105908025e-12,
                        -1.475129208566816e-12,
                        -9.550355734107156e-12,
                        1.0162826896132661e-11
                    ],
                    [
                        -31.784466990312858,
                        167.55593668123632,
                        2.7086989663019586e-13,
                        1056.1044531188586,
                        4149.197864932414,
                        -5751.434712658437,
                        -37249.21970655523,
                        39641.88951581624
                    ],
                    [
                        -124.87405216856762,
                        658.2897484064422,
                        1.0641646105908025e-12,
                        4149.197864932414,
                        16302.26913253547,
                        -22596.09886085276,
                        -146352.87172527824,
                        155753.732160028
                    ],
                    [
                        173.09489249058004,
                        -912.4921570915907,
                        -1.475129208566816e-12,
                        -5751.434712658437,
                        -22596.09886085276,
                        31322.713639483725,
                        202855.36587507545,
                        -215885.59612954906
                    ],
                    [
                        1120.7525312641617,
                        -5909.6390711191325,
                        -9.550355734107156e-12,
                        -37249.21970655523,
                        -146352.87172527824,
                        202855.36587507545,
                        1313879.2280440668,
                        -1398274.7987736536
                    ],
                    [
                        -1192.6490076313942,
                        6289.200015948029,
                        1.0162826896132661e-11,
                        39641.88951581624,
                        155753.732160028,
                        -215885.59612954906,
                        -1398274.7987736536,
                        1488093.7616946232
                    ]
                ],
                "mui": [
                    0.5000000000000261,
                    -2.0304618895295534,
                    9.999999999999993,
                    -12.043647552530718,
                    35.73063477898169,
                    -15.590709056161337,
                    -325.58289410720585,
                    349.2044845149933
                ],
                "Ai": [
                    [
                        0.0,
                        0.0,
                        0.0,
                        0.0,
                        0.0,
                        0.0,
                        0.0,
                        0.0
                    ],
                    [
                        -5.060923779059037,
                        0.0,
                        0.0,
                        0.0,
                        0.0,
                        0.0,
                        0.0,
                        0.0
                    ],
                    [
                        0.0,
                        0.0,
                        0.0,
                        0.0,
                        0.0,
                        0.0,
                        0.0,
                        0.0
                    ],
                    [
                        2.109409456204576,
                        6.69717188525203,
                        -0.0,
                        0.0,
                        0.0,
                        0.0,
                        0.0,
                        0.0
                    ],
                    [
                        -0.0,
                        -0.0,
                        8.254742864665701,
                        3.9287760341120763,
                        0.0,
                        0.0,
                        0.0,
                        0.0
                    ],
                    [
                        -0.0,
                        0.0,
                        -8.16791576192632,
                        -5.44589571199464,
                        -0.0,
                        0.0,
                        0.0,
                        0.0
                    ],
                    [
                        -6.866751757899163,
                        0.0,
                        0.0,
                        0.0,
                        -9.03005278870815,
                        0.0,
                        0.0,
                        0.0
                    ],
                    [
                        9.473953757967639,
                        -0.0,
                        0.0,
                        -0.0,
                        9.62668337026987,
                        -0.0,
                        0.0,
                        0.0
                    ]
                ]
            },
            "est_params": {
                "mui": [
                    0.4957709441090327,
                    -2.0225918334630433,
                    9.999999999999996,
                    -12.017322710665354,
                    35.840670599208785,
                    -15.722070601602404,
                    -326.5103235250444,
                    350.2464165614464
                ],
                "Si": [
                    [
                        0.9705045294624205,
                        -4.968772025333483,
                        -8.337572006487123e-15,
                        -31.251036163688624,
                        -122.78456224609582,
                        170.2639238166637,
                        1102.0736734540055,
                        -1172.8628378584706
                    ],
                    [
                        -4.968772025333483,
                        26.426739891082768,
                        4.225196692017858e-14,
                        166.57626920446248,
                        654.4807938337786,
                        -907.5622626405982,
                        -5875.830481560612,
                        6253.68397480748
                    ],
                    [
                        -8.337572006487123e-15,
                        4.225196692017858e-14,
                        1e-06,
                        2.655740613390335e-13,
                        1.0434114403247125e-12,
                        -1.446898239366509e-12,
                        -9.3646798274109e-12,
                        9.96600734080818e-12
                    ],
                    [
                        -31.251036163688624,
                        166.57626920446248,
                        2.655740613390335e-13,
                        1051.1259092094576,
                        4129.859306989006,
                        -5726.866418642007,
                        -37077.99229879569,
                        39462.542135261436
                    ],
                    [
                        -122.78456224609582,
                        654.4807938337786,
                        1.0434114403247125e-12,
                        4129.859306989006,
                        16227.166503701132,
                        -22500.81296647955,
                        -145687.98503035228,
                        155057.49988401512
                    ],
                    [
                        170.2639238166637,
                        -907.5622626405982,
                        -1.446898239366509e-12,
                        -5726.866418642007,
                        -22500.81296647955,
                        31202.73825776696,
                        202012.95518270865,
                        -215004.81170731422
                    ],
                    [
                        1102.0736734540055,
                        -5875.830481560612,
                        -9.3646798274109e-12,
                        -37077.99229879569,
                        -145687.98503035228,
                        202012.95518270865,
                        1307994.1741863275,
                        -1392113.6491480134
                    ],
                    [
                        -1172.8628378584706,
                        6253.68397480748,
                        9.96600734080818e-12,
                        39462.542135261436,
                        155057.49988401512,
                        -215004.81170731422,
                        -1392113.6491480134,
                        1481645.2883171034
                    ]
                ]
            },
            "est_tgt": [
                2,
                3,
                4
            ]
        },
        "3": {
            "intv_type": "do",
            "inode": 3,
            "new_mui": 10.0,
            "true_params": {
                "Si": [
                    [
                        0.9999999999998943,
                        -5.060923779058406,
                        -50.03296601963315,
                        -7.294892524711427e-14,
                        -413.0092692486285,
                        408.66505176768595,
                        3722.628751782995,
                        -3966.435510285117
                    ],
                    [
                        -5.060923779058406,
                        26.61294949744138,
                        261.53595885211655,
                        3.691889504399137e-13,
                        2158.912090188013,
                        -2136.203680618718,
                        -19460.33803332157,
                        20735.216158632113
                    ],
                    [
                        -50.03296601963315,
                        261.53595885211655,
                        2573.568875586546,
                        3.6509909250149984e-12,
                        21244.149312473786,
                        -21020.693783306364,
                        -191492.225785468,
                        204036.6888954775
                    ],
                    [
                        -7.294892524711427e-14,
                        3.691889504399137e-13,
                        3.6509909250149984e-12,
                        5.32286520028731e-27,
                        3.0138133765596435e-11,
                        -2.982098632307999e-11,
                        -2.716480166958059e-10,
                        2.8943915638775145e-10
                    ],
                    [
                        -413.0092692486285,
                        2158.912090188013,
                        21244.149312473786,
                        3.0138133765596435e-11,
                        175365.9899530359,
                        -173520.42201807097,
                        -1580728.1144943356,
                        1684280.02847333
                    ],
                    [
                        408.66505176768595,
                        -2136.203680618718,
                        -21020.693783306364,
                        -2.982098632307999e-11,
                        -173520.42201807097,
                        171696.25607929484,
                        1564092.3692794796,
                        -1666554.4872406295
                    ],
                    [
                        3722.628751782995,
                        -19460.33803332157,
                        -191492.225785468,
                        -2.716480166958059e-10,
                        -1580728.1144943356,
                        1564092.3692794796,
                        14248496.950953642,
                        -15181901.040068194
                    ],
                    [
                        -3966.435510285117,
                        20735.216158632113,
                        204036.6888954775,
                        2.8943915638775145e-10,
                        1684280.02847333,
                        -1666554.4872406295,
                        -15181901.040068194,
                        16176453.714373467
                    ]
                ],
                "mui": [
                    0.4999999999999737,
                    -2.0304618895294158,
                    -20.355017316564396,
                    9.999999999999966,
                    -128.23767361293613,
                    112.29910965430331,
                    1155.0595863469903,
                    -1229.2665031327638
                ],
                "Ai": [
                    [
                        0.0,
                        0.0,
                        0.0,
                        0.0,
                        0.0,
                        0.0,
                        0.0,
                        0.0
                    ],
                    [
                        -5.060923779059037,
                        0.0,
                        0.0,
                        0.0,
                        0.0,
                        0.0,
                        0.0,
                        0.0
                    ],
                    [
                        -7.911244654182468,
                        8.322931386508358,
                        0.0,
                        0.0,
                        0.0,
                        0.0,
                        0.0,
                        0.0
                    ],
                    [
                        0.0,
                        0.0,
                        0.0,
                        0.0,
                        0.0,
                        0.0,
                        0.0,
                        0.0
                    ],
                    [
                        -0.0,
                        -0.0,
                        8.254742864665701,
                        3.9287760341120763,
                        0.0,
                        0.0,
                        0.0,
                        0.0
                    ],
                    [
                        -0.0,
                        0.0,
                        -8.16791576192632,
                        -5.44589571199464,
                        -0.0,
                        0.0,
                        0.0,
                        0.0
                    ],
                    [
                        -6.866751757899163,
                        0.0,
                        0.0,
                        0.0,
                        -9.03005278870815,
                        0.0,
                        0.0,
                        0.0
                    ],
                    [
                        9.473953757967639,
                        -0.0,
                        0.0,
                        -0.0,
                        9.62668337026987,
                        -0.0,
                        0.0,
                        0.0
                    ]
                ]
            },
            "est_params": {
                "mui": [
                    0.489542669122617,
                    -1.9592218199421658,
                    -19.64466458200473,
                    9.999999999999979,
                    -122.42141243857623,
                    106.48995635540822,
                    1102.5818242061416,
                    -1173.4266990627298
                ],
                "Si": [
                    [
                        0.9629047877411954,
                        -4.856509357134289,
                        -48.05677028644967,
                        -7.027089847334319e-14,
                        -396.7118179749225,
                        392.47860512802174,
                        3575.7389646212005,
                        -3809.920577187514
                    ],
                    [
                        -4.856509357134289,
                        25.515697929423766,
                        250.88918565607207,
                        3.5443205335581657e-13,
                        2071.0936121934615,
                        -2049.0411157590393,
                        -18668.83054814148,
                        19891.821897344562
                    ],
                    [
                        -48.05677028644967,
                        250.88918565607207,
                        2470.318237403733,
                        3.5083271921318227e-12,
                        20392.462478419107,
                        -20175.330008905174,
                        -183815.95790400758,
                        195857.25139985344
                    ],
                    [
                        -7.027089847334319e-14,
                        3.5443205335581657e-13,
                        3.5083271921318227e-12,
                        1e-06,
                        2.8961393270566658e-11,
                        -2.8652447699787266e-11,
                        -2.6104196651856513e-10,
                        2.781381648030182e-10
                    ],
                    [
                        -396.7118179749225,
                        2071.0936121934615,
                        20392.462478419107,
                        2.8961393270566658e-11,
                        168340.68841600095,
                        -166547.25160888393,
                        -1517408.9009800793,
                        1616810.3782526643
                    ],
                    [
                        392.47860512802174,
                        -2049.0411157590393,
                        -20175.330008905174,
                        -2.8652447699787266e-11,
                        -166547.25160888393,
                        164774.97295799368,
                        1501243.122459338,
                        -1599585.5504380404
                    ],
                    [
                        3575.7389646212005,
                        -18668.83054814148,
                        -183815.95790400758,
                        -2.6104196651856513e-10,
                        -1517408.9009800793,
                        1501243.122459338,
                        13677799.342302205,
                        -14573795.37540829
                    ],
                    [
                        -3809.920577187514,
                        19891.821897344562,
                        195857.25139985344,
                        2.781381648030182e-10,
                        1616810.3782526643,
