{
    "expt_args": {
        "save_dir": "expt_logs_29.04.24-2",
        "exp_name": "208",
        "num_nodes": 8,
        "obs_noise_mean": 0.5,
        "obs_noise_var": 1.0,
        "max_edge_strength": 10.0,
        "num_parents": 2,
        "new_noise_mean": 10.0,
        "mix_samples": 1024,
        "stage2_samples": 1024,
        "intv_targets": [
            0,
            1,
            2,
            3,
            4,
            5,
            6,
            7
        ]
    },
    "intv_args_dict": {
        "0": {
            "intv_type": "do",
            "inode": 0,
            "new_mui": 10.0,
            "true_params": {
                "Si": [
                    [
                        5.251126465095972e-32,
                        2.2322306335308246e-16,
                        -2.0993554941723148e-15,
                        -1.226209943378611e-14,
                        1.3234847333943623e-15,
                        1.078692248133282e-14,
                        -1.4149453144374921e-13,
                        1.9756659407634837e-14
                    ],
                    [
                        2.2322306335308246e-16,
                        0.9999999999999996,
                        -9.30751777579135,
                        -54.364807160312274,
                        5.7194728225581075,
                        46.59452971964252,
                        -623.0532364968586,
                        85.33965600688678
                    ],
                    [
                        -2.0993554941723148e-15,
                        -9.30751777579135,
                        87.62988714667199,
                        511.842365598244,
                        -53.23409496411513,
                        -433.6794136202113,
                        5848.633127620069,
                        -794.3003652640181
                    ],
                    [
                        -1.226209943378611e-14,
                        -54.364807160312274,
                        511.842365598244,
                        2990.6490313026266,
                        -310.93803705701856,
                        -2533.102622933806,
                        34170.09602189091,
                        -4639.473941941787
                    ],
                    [
                        1.3234847333943623e-15,
                        5.7194728225581075,
                        -53.23409496411513,
                        -310.93803705701856,
                        33.71236936798081,
                        274.6427940422283,
                        -3591.830269453988,
                        503.01873866651476
                    ],
                    [
                        1.078692248133282e-14,
                        46.59452971964252,
                        -433.6794136202113,
                        -2533.102622933806,
                        274.6427940422283,
                        2238.4180674159948,
                        -29264.848666676487,
                        4099.747953724961
                    ],
                    [
                        -1.4149453144374921e-13,
                        -623.0532364968586,
                        5848.633127620069,
                        34170.09602189091,
                        -3591.830269453988,
                        -29264.848666676487,
                        391536.54137310345,
                        -53599.68505605364
                    ],
                    [
                        1.9756659407634837e-14,
                        85.33965600688678,
                        -794.3003652640181,
                        -4639.473941941787,
                        503.01873866651476,
                        4099.747953724961,
                        -53599.68505605364,
                        7509.844540142092
                    ]
                ],
                "mui": [
                    10.000000000000021,
                    43.25291027281307,
                    -354.5473557236092,
                    -2016.0586423079308,
                    327.46150190942205,
                    2725.700355959561,
                    -26570.1883524049,
                    4927.656616081353
                ],
                "Ai": [
                    [
                        0.0,
                        0.0,
                        0.0,
                        0.0,
                        0.0,
                        0.0,
                        0.0,
                        0.0
                    ],
                    [
                        4.275291027281306,
                        0.0,
                        0.0,
                        0.0,
                        0.0,
                        0.0,
                        0.0,
                        0.0
                    ],
                    [
                        4.752987549530692,
                        -9.307517775791354,
                        0.0,
                        0.0,
                        0.0,
                        0.0,
                        0.0,
                        0.0
                    ],
                    [
                        5.433706666898229,
                        -0.0,
                        5.840956576168347,
                        0.0,
                        0.0,
                        0.0,
                        0.0,
                        0.0
                    ],
                    [
                        7.957765710752309,
                        5.7194728225581075,
                        0.0,
                        0.0,
                        0.0,
                        0.0,
                        0.0,
                        0.0
                    ],
                    [
                        5.748688723237825,
                        0.0,
                        -0.0,
                        0.0,
                        8.14664763085674,
                        0.0,
                        0.0,
                        0.0
                    ],
                    [
                        -0.0,
                        -0.0,
                        0.0,
                        8.483893522408428,
                        -0.0,
                        -3.473111589626826,
                        0.0,
                        0.0
                    ],
                    [
                        -6.506741010895574,
                        -0.0,
                        0.0,
                        0.0,
                        -0.0,
                        1.8315380908525567,
                        -0.0,
                        0.0
                    ]
                ]
            },
            "est_params": {
                "mui": [
                    10.000000000000005,
                    43.36280941866873,
                    -355.7509809586888,
                    -2023.0504855943645,
                    327.9704760591935,
                    2729.88224706784,
                    -26644.036533573017,
                    4935.20256907104
                ],
                "Si": [
                    [
                        1e-06,
                        -1.2119137446581208e-28,
                        -9.820410730907095e-28,
                        -1.3939800491551472e-27,
                        6.094194830280836e-28,
                        4.746680782764194e-27,
                        -7.783412705231406e-26,
                        3.2812145772421157e-26
                    ],
                    [
                        -1.2119137446581208e-28,
                        1.033176163000399,
                        -9.594142224457366,
                        -55.96269999207535,
                        5.890966298914943,
                        47.911855747651,
                        -641.17443535229,
                        87.77492918924936
                    ],
                    [
                        -9.820410730907095e-28,
                        -9.594142224457366,
                        90.22307392180991,
                        526.258515493362,
                        -54.557789829676175,
                        -443.78929742795594,
                        6006.042375670331,
                        -813.102659821904
                    ],
                    [
                        -1.3939800491551472e-27,
                        -55.96269999207535,
                        526.258515493362,
                        3070.5391171367323,
                        -318.16419224731806,
                        -2588.0510863756595,
                        35038.724948158975,
                        -4741.870412800036
                    ],
                    [
                        6.094194830280836e-28,
                        5.890966298914943,
                        -54.557789829676175,
                        -318.16419224731806,
                        34.50237789903209,
                        280.62616969575663,
                        -3673.8291937302074,
                        514.1521032635837
                    ],
                    [
                        4.746680782764194e-27,
                        47.911855747651,
                        -443.78929742795594,
                        -2588.0510863756595,
                        280.62616969575663,
                        2283.4456325688056,
                        -29886.638931273894,
                        4183.53964347498
                    ],
                    [
                        -7.783412705231406e-26,
                        -641.17443535229,
                        6006.042375670331,
                        35038.724948158975,
                        -3673.8291937302074,
                        -29886.638931273894,
                        401062.6636991856,
                        -54758.03191178194
                    ],
                    [
                        3.2812145772421157e-26,
                        87.77492918924936,
                        -813.102659821904,
                        -4741.870412800036,
                        514.1521032635837,
                        4183.53964347498,
                        -54758.03191178194,
                        7665.885378556361
                    ]
                ]
            },
            "est_tgt": [
                0,
                1,
                3,
                4,
                5
            ]
        },
        "1": {
            "intv_type": "do",
            "inode": 1,
            "new_mui": 10.0,
            "true_params": {
                "Si": [
                    [
                        1.0000000000000004,
                        6.980545249925287e-17,
                        4.752987549530693,
                        33.19570055077581,
                        7.957765710752312,
                        70.57780189765117,
                        36.50420713341833,
                        122.7591915332984
                    ],
                    [
                        6.980545249925287e-17,
                        4.9508134864949866e-33,
                        3.230587650558984e-16,
                        2.266258051898321e-15,
                        5.554954363221036e-16,
                        4.9280845203113715e-15,
                        2.110904544452128e-15,
                        8.571768513330117e-15
                    ],
                    [
                        4.752987549530693,
                        3.230587650558984e-16,
                        23.590890645993774,
                        163.61970799195487,
                        37.82316134528799,
                        335.4554136927796,
                        223.05809567185034,
                        583.4729089482207
                    ],
                    [
                        33.19570055077581,
                        2.266258051898321e-15,
                        163.61970799195487,
                        1137.0713087814613,
                        264.1636075873653,
                        2342.879577326404,
                        1509.70969797518,
                        4075.0773619947054
                    ],
                    [
                        7.957765710752312,
                        5.554954363221036e-16,
                        37.82316134528799,
                        264.1636075873653,
                        64.32603510722522,
                        569.7882595122544,
                        262.1977115211818,
                        991.8097805120251
                    ],
                    [
                        70.57780189765117,
                        4.9280845203113715e-15,
                        335.4554136927796,
                        2342.879577326404,
                        569.7882595122544,
                        5048.593988325435,
                        2342.410577689088,
                        8787.460716800952
                    ],
                    [
                        36.50420713341833,
                        2.110904544452128e-15,
                        223.05809567185034,
                        1509.70969797518,
                        262.1977115211818,
                        2342.410577689088,
                        4673.7630023323745,
                        4052.6907758282673
                    ],
                    [
                        122.7591915332984,
                        8.571768513330117e-15,
                        583.4729089482207,
                        4075.0773619947054,
                        991.8097805120251,
                        8787.460716800952,
                        4052.6907758282673,
                        15296.80675867736
                    ]
                ],
                "mui": [
                    0.5000000000000012,
                    10.0,
                    -90.19868398314819,
                    -523.6297430396509,
                    61.673611080957244,
                    505.8075219606793,
                    -6198.644951756544,
                    923.6523726052775
                ],
                "Ai": [
                    [
                        0.0,
                        0.0,
                        0.0,
                        0.0,
                        0.0,
                        0.0,
                        0.0,
                        0.0
                    ],
                    [
                        0.0,
                        0.0,
                        0.0,
                        0.0,
                        0.0,
                        0.0,
                        0.0,
                        0.0
                    ],
                    [
                        4.752987549530692,
                        -9.307517775791354,
                        0.0,
                        0.0,
                        0.0,
                        0.0,
                        0.0,
                        0.0
                    ],
                    [
                        5.433706666898229,
                        -0.0,
                        5.840956576168347,
                        0.0,
                        0.0,
                        0.0,
                        0.0,
                        0.0
                    ],
                    [
                        7.957765710752309,
                        5.7194728225581075,
                        0.0,
                        0.0,
                        0.0,
                        0.0,
                        0.0,
                        0.0
                    ],
                    [
                        5.748688723237825,
                        0.0,
                        -0.0,
                        0.0,
                        8.14664763085674,
                        0.0,
                        0.0,
                        0.0
                    ],
                    [
                        -0.0,
                        -0.0,
                        0.0,
                        8.483893522408428,
                        -0.0,
                        -3.473111589626826,
                        0.0,
                        0.0
                    ],
                    [
                        -6.506741010895574,
                        -0.0,
                        0.0,
                        0.0,
                        -0.0,
                        1.8315380908525567,
                        -0.0,
                        0.0
                    ]
                ]
            },
            "est_params": {
                "mui": [
                    -0.8537434572769708,
                    -3.1010006567899415,
                    24.483242454825053,
                    138.58308265754667,
                    -25.63811699544729,
                    -214.6409418803372,
                    1919.8751707699182,
                    9.99999999999999
                ],
                "Si": [
                    [
                        0.08349547792318791,
                        0.3784859747240917,
                        -3.2085301272074336,
                        -18.468120870363045,
                        2.8312956169552583,
                        23.383888037446493,
                        -237.66257860964467,
                        -1.005797654156789e-29
                    ],
                    [
                        0.3784859747240917,
                        1.7157028838375445,
                        -14.544478662947162,
                        -83.7172098419753,
                        12.834449750092459,
                        106.00070659563977,
                        -1077.3401422219224,
                        -3.786532345060853e-29
                    ],
                    [
                        -3.2085301272074336,
                        -14.544478662947162,
                        123.29756310546634,
                        709.6939064638655,
                        -108.8011747841402,
                        -898.5972620658304,
                        9132.909894716244,
                        3.123889184675203e-28
                    ],
                    [
                        -18.468120870363045,
                        -83.7172098419753,
                        709.6939064638655,
                        4084.958634984312,
                        -626.2535077081702,
                        -5172.275837114541,
                        52568.52114415247,
                        1.590343584925558e-27
                    ],
                    [
                        2.8312956169552583,
                        12.834449750092459,
                        -108.8011747841402,
                        -626.2535077081702,
                        96.0091631623734,
                        792.9470469736053,
                        -8059.131979372457,
                        -3.029225876048682e-28
                    ],
                    [
                        23.383888037446493,
                        106.00070659563977,
                        -898.5972620658304,
                        -5172.275837114541,
                        792.9470469736053,
                        6549.0105864769985,
                        -66560.99022514332,
                        -2.4233807008389458e-27
                    ],
                    [
                        -237.66257860964467,
                        -1077.3401422219224,
                        9132.909894716244,
                        52568.52114415247,
                        -8059.131979372457,
                        -66560.99022514332,
                        676493.8553592961,
                        2.342601344144314e-26
                    ],
                    [
                        -1.005797654156789e-29,
                        -3.786532345060853e-29,
                        3.123889184675203e-28,
                        1.590343584925558e-27,
                        -3.029225876048682e-28,
                        -2.4233807008389458e-27,
                        2.342601344144314e-26,
                        1e-06
                    ]
                ]
            },
            "est_tgt": [
                0,
                1,
                2,
                3,
                4,
                5,
                6,
                7
            ]
        },
        "2": {
            "intv_type": "do",
            "inode": 2,
            "new_mui": 10.0,
            "true_params": {
                "Si": [
                    [
                        0.9999999999999785,
                        4.2752910272812334,
                        2.1288461425197962e-15,
                        5.433706666898109,
                        32.41017654981369,
                        269.7829767284261,
                        -890.8873943655566,
                        487.6110571308058
                    ],
                    [
                        4.2752910272812334,
                        19.278113367951825,
                        8.842860034645975e-15,
                        23.230677357868203,
                        144.28240981858022,
                        1199.9952694399294,
                        -3970.6308846316065,
                        2170.0188333613833
                    ],
                    [
                        2.1288461425197962e-15,
                        8.842860034645975e-15,
                        4.6633643118900464e-30,
                        1.156752547741039e-14,
                        6.726394627485298e-14,
                        5.601964295875771e-13,
                        -1.847487057600086e-12,
                        1.0121692486478294e-12
                    ],
                    [
                        5.433706666898109,
                        23.230677357868203,
                        1.156752547741039e-14,
                        30.525168141893595,
                        176.10739239407118,
                        1465.9215592648977,
                        -4832.336880697305,
                        2649.535451984951
                    ],
                    [
                        32.41017654981369,
                        144.28240981858022,
                        6.726394627485298e-14,
                        176.10739239407118,
                        1084.1319133580967,
                        9018.356699944983,
                        -29827.68280838736,
                        16306.579187917561
                    ],
                    [
                        269.7829767284261,
                        1199.9952694399294,
                        5.601964295875771e-13,
                        1465.9215592648977,
                        9018.356699944983,
                        75021.27259986805,
                        -248120.52891414883,
                        135648.91043217122
                    ],
                    [
                        -890.8873943655566,
                        -3970.6308846316065,
                        -1.847487057600086e-12,
                        -4832.336880697305,
                        -29827.68280838736,
                        -248120.52891414883,
                        820754.2530358251,
                        -448645.42628373846
                    ],
                    [
                        487.6110571308058,
                        2170.0188333613833,
                        1.0121692486478294e-12,
                        2649.535451984951,
                        16306.579187917561,
                        135648.91043217122,
                        -448645.42628373846,
                        245274.38757636916
                    ]
                ],
                "mui": [
                    0.499999999999994,
                    2.637645513640637,
                    10.0,
                    61.62641909513253,
                    19.564824686186054,
                    162.76207703946397,
                    -41.95887834707456,
                    295.35157333860883
                ],
                "Ai": [
                    [
                        0.0,
                        0.0,
                        0.0,
                        0.0,
                        0.0,
                        0.0,
                        0.0,
                        0.0
                    ],
                    [
                        4.275291027281306,
                        0.0,
                        0.0,
                        0.0,
                        0.0,
                        0.0,
                        0.0,
                        0.0
                    ],
                    [
                        0.0,
                        0.0,
                        0.0,
                        0.0,
                        0.0,
                        0.0,
                        0.0,
                        0.0
                    ],
                    [
                        5.433706666898229,
                        -0.0,
                        5.840956576168347,
                        0.0,
                        0.0,
                        0.0,
                        0.0,
                        0.0
                    ],
                    [
                        7.957765710752309,
                        5.7194728225581075,
                        0.0,
                        0.0,
                        0.0,
                        0.0,
                        0.0,
                        0.0
                    ],
                    [
                        5.748688723237825,
                        0.0,
                        -0.0,
                        0.0,
                        8.14664763085674,
                        0.0,
                        0.0,
                        0.0
                    ],
                    [
                        -0.0,
                        -0.0,
                        0.0,
                        8.483893522408428,
                        -0.0,
                        -3.473111589626826,
                        0.0,
                        0.0
                    ],
                    [
                        -6.506741010895574,
                        -0.0,
                        0.0,
                        0.0,
                        -0.0,
                        1.8315380908525567,
                        -0.0,
                        0.0
                    ]
                ]
            },
            "est_params": {
                "mui": [
                    0.47844115585233205,
                    2.505963225480387,
                    9.999999999999998,
                    61.47870962912066,
                    18.63563339083387,
                    155.1888966432027,
                    -16.950447645138397,
                    281.7264059963818
                ],
                "Si": [
                    [
                        1.0812753505621393,
                        4.6416718130457175,
                        2.3031136300944296e-15,
                        6.057984987333469,
                        35.2304401485595,
                        293.2694887450291,
                        -967.2459743228212,
                        530.1346909800899
                    ],
                    [
                        4.6416718130457175,
                        20.767509070329098,
                        9.60540457848095e-15,
                        25.963532380421427,
                        156.0405978177712,
                        1298.059289793813,
                        -4288.316305532235,
                        2347.592341357517
                    ],
                    [
                        2.3031136300944296e-15,
                        9.60540457848095e-15,
                        1e-06,
                        1.2910141645610568e-14,
                        7.334130001181833e-14,
                        6.108356084112905e-13,
                        -2.012073887709101e-12,
                        1.1037876033855441e-12
                    ],
                    [
                        6.057984987333469,
                        25.963532380421427,
                        1.2910141645610568e-14,
                        34.60173579662128,
                        197.00616379349327,
                        1639.9593557282717,
                        -5402.581840730695,
                        2964.4100403214097
                    ],
                    [
                        35.2304401485595,
                        156.0405978177712,
                        7.334130001181835e-14,
                        197.00616379349333,
                        1176.2771674526366,
                        9786.577546006525,
                        -32320.721175429568,
                        17697.546105833266
                    ],
                    [
                        293.2694887450291,
                        1298.059289793813,
                        6.108356084112905e-13,
                        1639.9593557282717,
                        9786.577546006525,
                        81425.83478163998,
                        -268906.3272181335,
                        147245.03970223246
                    ],
                    [
                        -967.2459743228212,
                        -4288.316305532235,
                        -2.012073887709101e-12,
                        -5402.581840730695,
                        -32320.721175429568,
                        -268906.3272181335,
                        888169.0830525535,
                        -486282.15465234424
                    ],
                    [
                        530.1346909800899,
                        2347.592341357517,
                        1.1037876033855441e-12,
                        2964.4100403214097,
                        17697.546105833266,
                        147245.03970223246,
                        -486282.15465234424,
                        266270.4971254637
                    ]
                ]
            },
            "est_tgt": [
                2,
                3,
                5
            ]
        },
        "3": {
            "intv_type": "do",
            "inode": 3,
            "new_mui": 10.0,
            "true_params": {
                "Si": [
                    [
                        1.0000000000000089,
                        4.275291027281357,
                        -35.03935968357179,
                        -1.340031406822075e-14,
                        32.41017654981463,
                        269.78297672843394,
                        -936.9863831595485,
                        487.61105713082003
                    ],
                    [
                        4.275291027281357,
                        19.278113367952322,
                        -159.11097783264864,
                        -5.729024249861579e-14,
                        144.28240981858406,
                        1199.9952694399615,
                        -4167.717477789296,
                        2170.0188333614406
                    ],
                    [
                        -35.03935968357179,
                        -159.11097783264864,
                        1315.3866141813776,
                        4.695384245092097e-13,
                        -1188.865928501124,
                        -9886.702171712404,
                        34337.61989576306,
                        -17879.879581757345
                    ],
                    [
                        -1.340031406822075e-14,
                        -5.729024249861579e-14,
                        4.695384245092097e-13,
                        1.7975473689570077e-28,
                        -4.347253045886273e-13,
                        -3.618692797025899e-12,
                        1.256812389264977e-11,
                        -6.5405813237401405e-12
                    ],
                    [
                        32.41017654981463,
                        144.28240981858406,
                        -1188.865928501124,
                        -4.347253045886273e-13,
                        1084.131913358126,
                        9018.356699945229,
                        -31321.759173968516,
                        16306.579187918003
                    ],
                    [
                        269.78297672843394,
                        1199.9952694399615,
                        -9886.702171712404,
                        -3.618692797025899e-12,
                        9018.356699945229,
                        75021.2725998701,
                        -260557.25133516232,
                        135648.91043217492
                    ],
                    [
                        -936.9863831595485,
                        -4167.717477789296,
                        34337.61989576306,
                        1.256812389264977e-11,
                        -31321.759173968516,
                        -260557.25133516232,
                        904945.4093734622,
                        -471123.80294223805
                    ],
                    [
                        487.61105713082003,
                        2170.0188333614406,
                        -17879.879581757345,
                        -6.5405813237401405e-12,
                        16306.579187918003,
                        135648.91043217492,
                        -471123.80294223805,
                        245274.38757637583
                    ]
                ],
                "mui": [
                    0.5000000000000026,
                    2.637645513640672,
                    -21.673438729681518,
                    9.999999999999993,
                    19.56482468618632,
                    162.7620770394662,
                    -479.9519208934201,
                    295.3515733386128
                ],
                "Ai": [
                    [
                        0.0,
                        0.0,
                        0.0,
                        0.0,
                        0.0,
                        0.0,
                        0.0,
                        0.0
                    ],
                    [
                        4.275291027281306,
                        0.0,
                        0.0,
                        0.0,
                        0.0,
                        0.0,
                        0.0,
                        0.0
                    ],
                    [
                        4.752987549530692,
                        -9.307517775791354,
                        0.0,
                        0.0,
                        0.0,
                        0.0,
                        0.0,
                        0.0
                    ],
                    [
                        0.0,
                        0.0,
                        0.0,
                        0.0,
                        0.0,
                        0.0,
                        0.0,
                        0.0
                    ],
                    [
                        7.957765710752309,
                        5.7194728225581075,
                        0.0,
                        0.0,
                        0.0,
                        0.0,
                        0.0,
                        0.0
                    ],
                    [
                        5.748688723237825,
                        0.0,
                        -0.0,
                        0.0,
                        8.14664763085674,
                        0.0,
                        0.0,
                        0.0
                    ],
                    [
                        -0.0,
                        -0.0,
                        0.0,
                        8.483893522408428,
                        -0.0,
                        -3.473111589626826,
                        0.0,
                        0.0
                    ],
                    [
                        -6.506741010895574,
                        -0.0,
                        0.0,
                        0.0,
                        -0.0,
                        1.8315380908525567,
                        -0.0,
                        0.0
                    ]
                ]
            },
            "est_params": {
                "mui": [
                    0.41331761280785306,
                    2.2697299629372707,
                    -18.596503867287808,
                    9.999999999999998,
                    16.79598735661992,
                    139.7330495682021,
                    -400.16260546645464,
                    253.8514120775398
                ],
                "Si": [
                    [
                        0.9273453851234302,
                        3.790785474709251,
                        -30.858399020779018,
                        -1.2494665073396835e-14,
                        29.073938529755182,
                        242.16738385411165,
                        -841.2554763407098,
                        437.57704431859105
                    ],
                    [
                        3.790785474709251,
                        16.555866514731644,
                        -135.94353943670933,
                        -5.112888531732074e-14,
                        125.02326825960807,
                        1040.170301070232,
                        -3613.3498110098085,
                        1880.8010583303155
                    ],
                    [
                        -30.858399020779018,
                        -135.94353943670933,
                        1118.5121848577921,
                        4.161742990615477e-13,
                        -1024.6359162294784,
                        -8523.336783659774,
                        29608.30875495799,
                        -15413.021384957337
                    ],
                    [
                        -1.2494665073396835e-14,
                        -5.112888531732074e-14,
                        4.161742990615477e-13,
                        1e-06,
                        -3.921370923417054e-13,
                        -3.26621471928067e-12,
                        1.1346337471817383e-11,
                        -5.901850254447671e-12
                    ],
                    [
                        29.073938529755182,
                        125.02326825960807,
                        -1024.6359162294784,
                        -3.921370923417054e-13,
                        948.4062238498861,
                        7892.536526455186,
                        -27417.351279537972,
                        14268.841028832303
                    ],
                    [
                        242.16738385411165,
                        1040.170301070232,
                        -8523.336783659774,
                        -3.26621471928067e-12,
                        7892.536526455186,
                        65683.05080013658,
                        -228172.04294786646,
                        118746.54678790126
                    ],
                    [
                        -841.2554763407098,
                        -3613.3498110098085,
                        29608.30875495799,
                        1.1346337471817383e-11,
                        -27417.351279537972,
                        -228172.04294786646,
                        792632.6967742036,
                        -412505.77540697396
                    ],
                    [
                        437.57704431859105,
                        1880.8010583303155,
                        -15413.021384957337,
                        -5.901850254447671e-12,
