{
    "expt_args": {
        "save_dir": "expt_logs_29.04.24-2",
        "exp_name": "14",
        "num_nodes": 4,
        "obs_noise_mean": 0.5,
        "obs_noise_var": 1.0,
        "max_edge_strength": 20,
        "num_parents": 2,
        "new_noise_mean": 20.0,
        "mix_samples": 65536,
        "stage2_samples": 65536,
        "intv_targets": [
            0,
            1,
            2,
            3
        ]
    },
    "intv_args_dict": {
        "0": {
            "intv_type": "do",
            "inode": 0,
            "new_mui": 20.0,
            "true_params": {
                "Si": [
                    [
                        0.0,
                        0.0,
                        0.0,
                        0.0
                    ],
                    [
                        0.0,
                        1.0,
                        18.743330207514234,
                        -185.05114834939107
                    ],
                    [
                        0.0,
                        18.743330207514234,
                        352.31242726791555,
                        -3478.214826218292
                    ],
                    [
                        0.0,
                        -185.05114834939107,
                        -3478.214826218292,
                        34339.79602928815
                    ]
                ],
                "mui": [
                    20.0,
                    374.4590926352895,
                    7337.981840370565,
                    -72404.2778588824
                ],
                "Ai": [
                    [
                        0.0,
                        0.0,
                        0.0,
                        0.0
                    ],
                    [
                        18.697954631764475,
                        0.0,
                        0.0,
                        0.0
                    ],
                    [
                        15.943570895058617,
                        18.743330207514234,
                        0.0,
                        0.0
                    ],
                    [
                        -0.0,
                        -2.490223207916287,
                        -9.740047425952394,
                        0.0
                    ]
                ]
            },
            "est_params": {
                "mui": [
                    20.0,
                    374.4615280782436,
                    7338.028983074585,
                    -72404.72400690589
                ],
                "Si": [
                    [
                        1e-06,
                        0.0,
                        0.0,
                        0.0
                    ],
                    [
                        0.0,
                        0.9812121726031154,
                        18.37628183237629,
                        -181.43100755654766
                    ],
                    [
                        0.0,
                        18.37628183237629,
                        345.1477224770698,
                        -3407.5475021126026
                    ],
                    [
                        0.0,
                        -181.43100755654766,
                        -3407.5475021126026,
                        33642.7916782517
                    ]
                ]
            },
            "est_tgt": [
                0
            ]
        },
        "1": {
            "intv_type": "do",
            "inode": 1,
            "new_mui": 20.0,
            "true_params": {
                "Si": [
                    [
                        1.0000000000000102,
                        -8.266918926000058e-31,
                        15.943570895058778,
                        -155.29113665690673
                    ],
                    [
                        -8.266918926000058e-31,
                        5.088430796392051e-31,
                        -7.133323766935091e-16,
                        6.947891179462115e-15
                    ],
                    [
                        15.943570895058778,
                        -7.133323766935091e-16,
                        255.19745288576271,
                        -2485.6352940895804
                    ],
                    [
                        -155.29113665690673,
                        6.947891179462115e-15,
                        -2485.6352940895804,
                        24211.205648053638
                    ]
                ],
                "mui": [
                    0.5000000000002527,
                    19.999999999999886,
                    383.3383895978159,
                    -3783.0385590292676
                ],
                "Ai": [
                    [
                        0.0,
                        0.0,
                        0.0,
                        0.0
                    ],
                    [
                        0.0,
                        0.0,
                        0.0,
                        0.0
                    ],
                    [
                        15.943570895058617,
                        18.743330207514234,
                        0.0,
                        0.0
                    ],
                    [
                        -0.0,
                        -2.490223207916287,
                        -9.740047425952394,
                        0.0
                    ]
                ]
            },
            "est_params": {
                "mui": [
                    0.503067239919392,
                    19.999999746908045,
                    383.3932356378859,
                    -3783.5631602849003
                ],
                "Si": [
                    [
                        0.9985631061878231,
                        -1.3149869964013284e-07,
                        15.908757856339587,
                        -154.95486365402024
                    ],
                    [
                        -1.3149869964013284e-07,
                        1.000679114329621e-06,
                        -1.7819222998931242e-06,
                        1.7409965528520494e-05
                    ],
                    [
                        15.908757856339587,
                        -1.7819222998931238e-06,
                        254.45185390317124,
                        -2478.4038880021176
                    ],
                    [
                        -154.95486365402024,
                        1.7409965528520494e-05,
                        -2478.4038880021176,
                        24141.059464610902
                    ]
                ]
            },
            "est_tgt": [
                1
            ]
        },
        "2": {
            "intv_type": "do",
            "inode": 2,
            "new_mui": 20.0,
            "true_params": {
                "Si": [
                    [
                        0.9999999999999998,
                        18.697954631764468,
                        0.0,
                        -46.56208056458571
                    ],
                    [
                        18.697954631764468,
                        350.61350741152245,
                        0.0,
                        -873.1058931651023
                    ],
                    [
                        0.0,
                        0.0,
                        0.0,
                        0.0
                    ],
                    [
                        -46.56208056458571,
                        -873.1058931651023,
                        0.0,
                        2175.2285581282163
                    ]
                ],
                "mui": [
                    0.49999999999999994,
                    9.848977315882236,
                    20.0,
                    -218.8271004052989
                ],
                "Ai": [
                    [
                        0.0,
                        0.0,
                        0.0,
                        0.0
                    ],
                    [
                        18.697954631764475,
                        0.0,
                        0.0,
                        0.0
                    ],
                    [
                        0.0,
                        0.0,
                        0.0,
                        0.0
                    ],
                    [
                        -0.0,
                        -2.490223207916287,
                        -9.740047425952394,
                        0.0
                    ]
                ]
            },
            "est_params": {
                "mui": [
                    0.4933174342492627,
                    9.729775704162336,
                    105.59407842915368,
                    -98.75134208298404
                ],
                "Si": [
                    [
                        1.0121331286798414,
                        18.922262489402065,
                        184.77807532607636,
                        -23.705591692635878
                    ],
                    [
                        18.922262489402065,
                        354.7437502208245,
                        3464.319634208524,
                        -444.80138550619455
                    ],
                    [
                        184.77807532607636,
                        3464.319634208524,
                        75167.05337580957,
                        10164.414031477354
                    ],
                    [
                        -23.705591692635878,
                        -444.80138550619455,
                        10164.414031477354,
                        15331.911349964792
                    ]
                ]
            },
            "est_tgt": [
                2,
                3
            ]
        },
        "3": {
            "intv_type": "do",
            "inode": 3,
            "new_mui": 20.0,
            "true_params": {
                "Si": [
                    [
                        1.0,
                        18.697954631764475,
                        366.4055087633404,
                        0.0
                    ],
                    [
                        18.697954631764475,
                        350.61350741152256,
                        6869.776909893033,
                        0.0
                    ],
                    [
                        366.4055087633404,
                        6869.776909893033,
                        134605.30927939023,
                        0.0
                    ],
                    [
                        0.0,
                        0.0,
                        0.0,
                        0.0
                    ]
                ],
                "mui": [
                    0.5,
                    9.848977315882237,
                    193.0744194854273,
                    20.0
                ],
                "Ai": [
                    [
                        0.0,
                        0.0,
                        0.0,
                        0.0
                    ],
                    [
                        18.697954631764475,
                        0.0,
                        0.0,
                        0.0
                    ],
                    [
                        15.943570895058617,
                        18.743330207514234,
                        0.0,
                        0.0
                    ],
                    [
                        0.0,
                        0.0,
                        0.0,
                        0.0
                    ]
                ]
            },
            "est_params": {
                "mui": [
                    0.08536410182227251,
                    2.0686338068834664,
                    40.63089755715736,
                    -400.4349758452581
                ],
                "Si": [
                    [
                        0.7029621808952677,
                        13.113997420767406,
                        257.0278712602258,
                        -2536.1407717962543
                    ],
                    [
                        13.113997420767406,
                        245.66531102196342,
                        4814.017019147836,
                        -47500.891059529786
                    ],
                    [
                        257.0278712602258,
                        4814.017019147836,
                        94336.63385103102,
                        -930838.6150852569
                    ],
                    [
                        -2536.1407717962543,
                        -47500.891059529786,
                        -930838.615085257,
                        9184773.602205075
                    ]
                ]
            },
            "est_tgt": [
                0,
                2
            ]
        },
        "obs": {
            "intv_type": "obs",
            "true_params": {
                "Si": [
                    [
                        1.0,
                        18.697954631764475,
                        366.4055087633404,
                        -3615.3691130497364
                    ],
                    [
                        18.697954631764475,
                        350.61350741152256,
                        6869.776909893033,
                        -67785.05880123592
                    ],
                    [
                        366.4055087633404,
                        6869.776909893033,
                        134605.30927939023,
                        -1328169.3740604736
                    ],
                    [
                        -3615.3691130497364,
                        -67785.05880123592,
                        -1328169.3740604736,
                        13105233.619623326
                    ]
                ],
                "mui": [
                    0.5,
                    9.848977315882237,
                    193.0744194854273,
                    -1904.58015441254
                ],
                "Ai": [
                    [
                        0.0,
                        0.0,
                        0.0,
                        0.0
                    ],
                    [
                        18.697954631764475,
                        0.0,
                        0.0,
                        0.0
                    ],
                    [
                        15.943570895058617,
                        18.743330207514234,
                        0.0,
                        0.0
                    ],
                    [
                        -0.0,
                        -2.490223207916287,
                        -9.740047425952394,
                        0.0
                    ]
                ]
            },
            "est_params": {
                "mui": [
                    1.3397697050459985,
                    25.607907581200543,
                    501.81918777773484,
                    -4950.936100056311
                ],
                "Si": [
                    [
                        0.5719730089113384,
                        10.673782913776732,
                        209.1999467031793,
                        -2064.2314417123184
                    ],
                    [
                        10.673782913776732,
                        200.1493116196264,
                        3922.011504100864,
                        -38699.63412474105
                    ],
                    [
                        209.19994670317936,
                        3922.011504100864,
                        76855.0907669356,
                        -758351.4258237388
                    ],
                    [
                        -2064.2314417123184,
                        -38699.63412474105,
                        -758351.4258237388,
                        7482874.0060004685
                    ]
                ]
            }
        }
    },
    "metric_dict": {
        "param_est_rel_err": 106.88998890988597,
        "est_dag": {
            "amat": [
                [
                    0,
                    1,
                    1,
                    0
                ],
                [
                    0,
                    0,
                    1,
                    1
                ],
                [
                    0,
                    0,
                    0,
                    1
                ],
                [
                    0,
                    0,
                    0,
                    0
                ]
            ],
            "nodes": [
                0,
                1,
                2,
                3
            ]
        },
        "act_dag": {
            "amat": [
                [
                    0,
                    1,
                    1,
                    0
                ],
                [
                    0,
                    0,
                    1,
                    1
                ],
                [
                    0,
                    0,
                    0,
                    1
                ],
                [
                    0,
                    0,
                    0,
                    0
                ]
            ],
            "nodes": [
                0,
                1,
                2,
                3
            ]
        },
        "shd": 0,
        "avg_js": 0.625
    }
}