{
    "expt_args": {
        "save_dir": "expt_logs_29.04.24-2",
        "exp_name": "241",
        "num_nodes": 4,
        "obs_noise_mean": 0.5,
        "obs_noise_var": 1.0,
        "max_edge_strength": 10.0,
        "num_parents": 2,
        "new_noise_mean": 10.0,
        "mix_samples": 2048,
        "stage2_samples": 2048,
        "intv_targets": [
            0,
            1,
            2,
            3
        ]
    },
    "intv_args_dict": {
        "0": {
            "intv_type": "do",
            "inode": 0,
            "new_mui": 10.0,
            "true_params": {
                "Si": [
                    [
                        9.225386022519914e-37,
                        5.13423176308825e-35,
                        9.604887309344094e-19,
                        -1.6676662470171505e-34
                    ],
                    [
                        5.13423176308825e-35,
                        1.0000000000000004,
                        8.939712673624454,
                        -3.375196913733438
                    ],
                    [
                        9.604887309344094e-19,
                        8.939712673624454,
                        80.91846268696165,
                        -30.173290625680945
                    ],
                    [
                        -1.6676662470171505e-34,
                        -3.375196913733438,
                        -30.173290625680945,
                        12.39195420647572
                    ]
                ],
                "mui": [
                    10.000000000000002,
                    -52.68410585806511,
                    -440.20440866951344,
                    249.0350508008951
                ],
                "Ai": [
                    [
                        0.0,
                        0.0,
                        0.0,
                        0.0
                    ],
                    [
                        -5.318410585806511,
                        0.0,
                        0.0,
                        0.0
                    ],
                    [
                        3.0276360168403382,
                        8.93971267362445,
                        0.0,
                        0.0
                    ],
                    [
                        7.071581930594806,
                        -3.3751969137334363,
                        -0.0,
                        0.0
                    ]
                ]
            },
            "est_params": {
                "mui": [
                    10.000000000000002,
                    -52.681887573221296,
                    -440.14266134101246,
                    248.99981923605452
                ],
                "Si": [
                    [
                        1e-06,
                        0.0,
                        0.0,
                        0.0
                    ],
                    [
                        0.0,
                        1.158305147931305,
                        10.342784788000865,
                        -3.9718325611700607
                    ],
                    [
                        0.0,
                        10.342784788000865,
                        93.31462355439196,
                        -35.57193607546846
                    ],
                    [
                        0.0,
                        -3.9718325611700607,
                        -35.57193607546846,
                        14.624784860148779
                    ]
                ]
            },
            "est_tgt": [
                0
            ]
        },
        "1": {
            "intv_type": "do",
            "inode": 1,
            "new_mui": 10.0,
            "true_params": {
                "Si": [
                    [
                        1.0,
                        -4.276349402324316e-17,
                        3.0276360168403382,
                        7.071581930594806
                    ],
                    [
                        -4.276349402324316e-17,
                        1.8287164210759535e-33,
                        -1.2947229471070754e-16,
                        -3.024055516238653e-16
                    ],
                    [
                        3.0276360168403382,
                        -1.2947229471070754e-16,
                        10.166579850468828,
                        21.410176149106167
                    ],
                    [
                        7.071581930594806,
                        -3.024055516238653e-16,
                        21.410176149106167,
                        51.00727100111496
                    ]
                ],
                "mui": [
                    0.4999999999999994,
                    10.0,
                    91.41094474466468,
                    -29.71617817203697
                ],
                "Ai": [
                    [
                        0.0,
                        0.0,
                        0.0,
                        0.0
                    ],
                    [
                        0.0,
                        0.0,
                        0.0,
                        0.0
                    ],
                    [
                        3.0276360168403382,
                        8.93971267362445,
                        0.0,
                        0.0
                    ],
                    [
                        7.071581930594806,
                        -3.3751969137334363,
                        -0.0,
                        0.0
                    ]
                ]
            },
            "est_params": {
                "mui": [
                    0.58729447880628,
                    9.999999999999996,
                    91.65685736474704,
                    -29.172041218459533
                ],
                "Si": [
                    [
                        0.9679877370888071,
                        6.0948682597716e-31,
                        2.838656806443257,
                        6.877784458235956
                    ],
                    [
                        5.979142913067076e-31,
                        1e-06,
                        2.36820349496138e-28,
                        -8.400117166125719e-29
                    ],
                    [
                        2.838656806443257,
                        2.367586293112289e-28,
                        9.300675863752293,
                        20.213081704136194
                    ],
                    [
                        6.877784458235956,
                        -8.400117166125719e-29,
                        20.213081704136194,
                        49.89037283796673
                    ]
                ]
            },
            "est_tgt": [
                1
            ]
        },
        "2": {
            "intv_type": "do",
            "inode": 2,
            "new_mui": 10.0,
            "true_params": {
                "Si": [
                    [
                        1.0000000000000004,
                        -5.318410585806512,
                        0.0,
                        25.022264925776188
                    ],
                    [
                        -5.318410585806512,
                        29.285491159218754,
                        0.0,
                        -136.45387557583646
                    ],
                    [
                        0.0,
                        0.0,
                        0.0,
                        0.0
                    ],
                    [
                        25.022264925776188,
                        -136.45387557583646,
                        0.0,
                        638.5056962222046
                    ]
                ],
                "mui": [
                    0.5000000000000001,
                    -2.1592052929032555,
                    10.0,
                    11.323534006021372
                ],
                "Ai": [
                    [
                        0.0,
                        0.0,
                        0.0,
                        0.0
                    ],
                    [
                        -5.318410585806511,
                        0.0,
                        0.0,
                        0.0
                    ],
                    [
                        0.0,
                        0.0,
                        0.0,
                        0.0
                    ],
                    [
                        7.071581930594806,
                        -3.3751969137334363,
                        -0.0,
                        0.0
                    ]
                ]
            },
            "est_params": {
                "mui": [
                    0.4890003764181521,
                    -2.088078999592264,
                    10.000000000000002,
                    10.99020544466753
                ],
                "Si": [
                    [
                        0.8536593957595442,
                        -4.528070077738944,
                        -7.715099246986103e-32,
                        21.297045448327808
                    ],
                    [
                        -4.528070077738944,
                        25.01214202655408,
                        -1.2344158795177765e-31,
                        -116.27310847141739
                    ],
                    [
                        -7.715099246986103e-32,
                        -1.2344158795177765e-31,
                        1e-06,
                        9.875327036142212e-31
                    ],
                    [
                        21.297045448327808,
                        -116.27310847141739,
                        9.875327036142212e-31,
                        543.4460732202335
                    ]
                ]
            },
            "est_tgt": [
                2
            ]
        },
        "3": {
            "intv_type": "do",
            "inode": 3,
            "new_mui": 10.0,
            "true_params": {
                "Si": [
                    [
                        0.9999999999999998,
                        -5.318410585806509,
                        -44.51742650063255,
                        0.0
                    ],
                    [
                        -5.318410585806509,
                        29.285491159218747,
                        245.70166502745192,
                        0.0
                    ],
                    [
                        -44.51742650063255,
                        245.70166502745192,
                        2062.7197249261835,
                        0.0
                    ],
                    [
                        0.0,
                        0.0,
                        0.0,
                        0.0
                    ]
                ],
                "mui": [
                    0.49999999999999994,
                    -2.159205292903255,
                    -17.288856913504056,
                    10.0
                ],
                "Ai": [
                    [
                        0.0,
                        0.0,
                        0.0,
                        0.0
                    ],
                    [
                        -5.318410585806511,
                        0.0,
                        0.0,
                        0.0
                    ],
                    [
                        3.0276360168403382,
                        8.93971267362445,
                        0.0,
                        0.0
                    ],
                    [
                        0.0,
                        0.0,
                        0.0,
                        0.0
                    ]
                ]
            },
            "est_params": {
                "mui": [
                    -0.2115744737292646,
                    0.9998554592220068,
                    8.242580900827758,
                    -4.091012541207686
                ],
                "Si": [
                    [
                        0.07127565268844553,
                        -0.1466033464986326,
                        -1.2403879063596477,
                        0.9400746216051908
                    ],
                    [
                        -0.14660334649863258,
                        0.3949035294189091,
                        3.4576271436379127,
                        -2.342252275851073
                    ],
                    [
                        -1.2403879063596472,
                        3.4576271436379127,
                        31.10890274507426,
                        -20.53532614071741
                    ],
                    [
                        0.9400746216051908,
                        -2.342252275851073,
                        -20.53532614071741,
                        14.554779730948928
                    ]
                ]
            },
            "est_tgt": [
                0,
                1,
                2,
                3
            ]
        },
        "obs": {
            "intv_type": "obs",
            "true_params": {
                "Si": [
                    [
                        1.0000000000000004,
                        -5.318410585806512,
                        -44.517426500632574,
                        25.022264925776188
                    ],
                    [
                        -5.318410585806512,
                        29.285491159218754,
                        245.701665027452,
                        -136.45387557583646
                    ],
                    [
                        -44.517426500632574,
                        245.701665027452,
                        2062.7197249261844,
                        -1144.1001303382782
                    ],
                    [
                        25.022264925776188,
                        -136.45387557583646,
                        -1144.1001303382782,
                        638.5056962222046
                    ]
                ],
                "mui": [
                    0.5000000000000001,
                    -2.1592052929032555,
                    -17.288856913504056,
                    11.323534006021372
                ],
                "Ai": [
                    [
                        0.0,
                        0.0,
                        0.0,
                        0.0
                    ],
                    [
                        -5.318410585806511,
                        0.0,
                        0.0,
                        0.0
                    ],
                    [
                        3.0276360168403382,
                        8.93971267362445,
                        0.0,
                        0.0
                    ],
                    [
                        7.071581930594806,
                        -3.3751969137334363,
                        -0.0,
                        0.0
                    ]
                ]
            },
            "est_params": {
                "mui": [
                    0.48286697428024944,
                    -2.052901429084009,
                    -16.414349397109568,
                    10.218487845480619
                ],
                "Si": [
                    [
                        0.9737019926471452,
                        -5.217404481986789,
                        -43.67489635142743,
                        12.235205919689902
                    ],
                    [
                        -5.217404481986789,
                        28.933778830272892,
                        242.77683848083248,
                        -66.53185085216855
                    ],
                    [
                        -43.67489635142743,
                        242.77683848083248,
                        2038.3831885924562,
                        -557.6207318398765
                    ],
                    [
                        12.235205919689902,
                        -66.53185085216855,
                        -557.6207318398765,
                        310.8243674882663
                    ]
                ]
            }
        }
    },
    "metric_dict": {
        "param_est_rel_err": 3.192556305872094,
        "est_dag": {
            "amat": [
                [
                    0,
                    1,
                    1,
                    1
                ],
                [
                    0,
                    0,
                    1,
                    1
                ],
                [
                    0,
                    0,
                    0,
                    0
                ],
                [
                    0,
                    0,
                    0,
                    0
                ]
            ],
            "nodes": [
                0,
                1,
                2,
                3
            ]
        },
        "act_dag": {
            "amat": [
                [
                    0,
                    1,
                    1,
                    1
                ],
                [
                    0,
                    0,
                    1,
                    1
                ],
                [
                    0,
                    0,
                    0,
                    0
                ],
                [
                    0,
                    0,
                    0,
                    0
                ]
            ],
            "nodes": [
                0,
                1,
                2,
                3
            ]
        },
        "shd": 0,
        "avg_js": 0.8125
    }
}