{
    "expt_args": {
        "save_dir": "all_expt_logs/expt_logs_sim_compsel_backward_cameraready_new_var_largerange",
        "exp_name": "341",
        "num_nodes": 6,
        "num_tgt_prior": 7,
        "obs_noise_mean": 0.0,
        "obs_noise_var": 1.0,
        "obs_noise_gamma_shape": null,
        "noise_type": "gaussian",
        "max_edge_strength": 1.0,
        "graph_sparsity_method": "adj_dense_prop",
        "adj_dense_prop": 0.8,
        "num_parents": null,
        "new_noise_mean": 1.0,
        "mix_samples": 1024,
        "stage2_samples": 1024,
        "gmm_tol": 0.001,
        "intv_type": "hard",
        "new_noise_var": 0.1,
        "dtype": "simulation",
        "cutoff_drop_ratio": 0.07,
        "intv_targets": [
            0,
            1,
            2,
            3,
            4,
            5
        ]
    },
    "intv_args_dict": {
        "0": {
            "intv_type": "hard",
            "inode": 0,
            "new_mui": 1.0,
            "new_vari": 0.1,
            "noise_type": "gaussian",
            "obs_noise_gamma_shape": null,
            "true_params": {
                "Si": [
                    [
                        0.1,
                        -0.05200650414812696,
                        -0.12047644555243445,
                        0.13361433808400944,
                        -0.17443630249713488,
                        0.11291579708577329
                    ],
                    [
                        -0.05200650414812696,
                        1.0270467647370916,
                        0.9230146212606176,
                        -0.8279742290640684,
                        2.204741072885549,
                        1.1322805075885556
                    ],
                    [
                        -0.12047644555243445,
                        0.9230146212606175,
                        1.8853634060384425,
                        -0.8135441584619818,
                        2.9810827865290253,
                        1.0684238988830033
                    ],
                    [
                        0.13361433808400944,
                        -0.8279742290640684,
                        -0.8135441584619818,
                        1.7538290511962025,
                        -2.7221645659532236,
                        -0.6133369348321063
                    ],
                    [
                        -0.17443630249713488,
                        2.204741072885549,
                        2.9810827865290253,
                        -2.722164565953223,
                        7.4642359677795485,
                        3.2153920151436015
                    ],
                    [
                        0.11291579708577329,
                        1.1322805075885556,
                        1.0684238988830033,
                        -0.6133369348321063,
                        3.2153920151436015,
                        3.3144451496521703
                    ]
                ],
                "mui": [
                    1.0,
                    -0.5200650414812695,
                    -1.2047644555243444,
                    1.3361433808400942,
                    -1.7443630249713487,
                    1.1291579708577328
                ],
                "Ai": [
                    [
                        0.0,
                        0.0,
                        0.0,
                        0.0,
                        0.0,
                        0.0
                    ],
                    [
                        -0.5200650414812695,
                        0.0,
                        0.0,
                        0.0,
                        0.0,
                        0.0
                    ],
                    [
                        -0.7573217990228001,
                        0.8603590336068748,
                        0.0,
                        0.0,
                        0.0,
                        0.0
                    ],
                    [
                        0.9416812847330713,
                        -0.7584860827859157,
                        -0.0,
                        0.0,
                        0.0,
                        0.0
                    ],
                    [
                        0.910106221142196,
                        0.6231244769831095,
                        0.9521094732858141,
                        -0.8856357445834577,
                        0.0,
                        0.0
                    ],
                    [
                        0.9831458670418101,
                        0.6143289808722389,
                        -0.6263102554871169,
                        0.8889530230864029,
                        0.8466253180892811,
                        0.0
                    ]
                ]
            },
            "oracle_est_tgt": [
                0
            ]
        },
        "1": {
            "intv_type": "hard",
            "inode": 1,
            "new_mui": 1.0,
            "new_vari": 0.1,
            "noise_type": "gaussian",
            "obs_noise_gamma_shape": null,
            "true_params": {
                "Si": [
                    [
                        1.0,
                        0.0,
                        -0.7573217990228001,
                        0.9416812847330713,
                        -0.644933643798148,
                        1.7485575499940083
                    ],
                    [
                        0.0,
                        0.1,
                        0.08603590336068749,
                        -0.07584860827859158,
                        0.21140228499915376,
                        0.11910040662838589
                    ],
                    [
                        -0.7573217990228001,
                        0.08603590336068749,
                        1.6475580739460258,
                        -0.7784127999791466,
                        1.6224136462815144,
                        -1.0419819085180748
                    ],
                    [
                        0.9416812847330713,
                        -0.07584860827859158,
                        -0.7784127999791466,
                        1.9442937557945201,
                        -1.6533033778838786,
                        1.6953992983434907
                    ],
                    [
                        -0.644933643798148,
                        0.21140228499915376,
                        1.6224136462815144,
                        -1.6533033778838786,
                        3.5537117871358768,
                        0.0186257349055724
                    ],
                    [
                        1.7485575499940083,
                        0.11910040662838589,
                        -1.0419819085180748,
                        1.6953992983434907,
                        0.0186257349055724,
                        4.967757265663845
                    ]
                ],
                "mui": [
                    0.0,
                    1.0,
                    0.8603590336068748,
                    -0.7584860827859157,
                    2.1140228499915374,
                    1.1910040662838588
                ],
                "Ai": [
                    [
                        0.0,
                        0.0,
                        0.0,
                        0.0,
                        0.0,
                        0.0
                    ],
                    [
                        0.0,
                        0.0,
                        0.0,
                        0.0,
                        0.0,
                        0.0
                    ],
                    [
                        -0.7573217990228001,
                        0.8603590336068748,
                        0.0,
                        0.0,
                        0.0,
                        0.0
                    ],
                    [
                        0.9416812847330713,
                        -0.7584860827859157,
                        -0.0,
                        0.0,
                        0.0,
                        0.0
                    ],
                    [
                        0.910106221142196,
                        0.6231244769831095,
                        0.9521094732858141,
                        -0.8856357445834577,
                        0.0,
                        0.0
                    ],
                    [
                        0.9831458670418101,
                        0.6143289808722389,
                        -0.6263102554871169,
                        0.8889530230864029,
                        0.8466253180892811,
                        0.0
                    ]
                ]
            },
            "oracle_est_tgt": [
                1,
                2,
                3,
                5
            ]
        },
        "2": {
            "intv_type": "hard",
            "inode": 2,
            "new_mui": 1.0,
            "new_vari": 0.1,
            "noise_type": "gaussian",
            "obs_noise_gamma_shape": null,
            "true_params": {
                "Si": [
                    [
                        1.0,
                        -0.5200650414812695,
                        0.0,
                        1.3361433808400942,
                        -0.5972953737885945,
                        1.3457381519690068
                    ],
                    [
                        -0.5200650414812695,
                        1.2704676473709147,
                        0.0,
                        -1.4533675455674429,
                        1.6054993070133399,
                        0.33646618711973275
                    ],
                    [
                        0.0,
                        0.0,
                        0.1,
                        0.0,
                        0.09521094732858142,
                        0.017976973018930333
                    ],
                    [
                        1.3361433808400942,
                        -1.4533675455674429,
                        0.0,
                        3.36058027194272,
                        -2.665846499829872,
                        1.1512028907193201
                    ],
                    [
                        -0.5972953737885945,
                        1.6054993070133399,
                        0.09521094732858142,
                        -2.665846499829872,
                        3.908443875169071,
                        1.2786199161196539
                    ],
                    [
                        1.3457381519690068,
                        0.33646618711973275,
                        0.017976973018930333,
                        1.1512028907193201,
                        1.2786199161196539,
                        4.624375952586512
                    ]
                ],
                "mui": [
                    0.0,
                    0.0,
                    1.0,
                    0.0,
                    0.9521094732858141,
                    0.1797697301893033
                ],
                "Ai": [
                    [
                        0.0,
                        0.0,
                        0.0,
                        0.0,
                        0.0,
                        0.0
                    ],
                    [
                        -0.5200650414812695,
                        0.0,
                        0.0,
                        0.0,
                        0.0,
                        0.0
                    ],
                    [
                        0.0,
                        0.0,
                        0.0,
                        0.0,
                        0.0,
                        0.0
                    ],
                    [
                        0.9416812847330713,
                        -0.7584860827859157,
                        -0.0,
                        0.0,
                        0.0,
                        0.0
                    ],
                    [
                        0.910106221142196,
                        0.6231244769831095,
                        0.9521094732858141,
                        -0.8856357445834577,
                        0.0,
                        0.0
                    ],
                    [
                        0.9831458670418101,
                        0.6143289808722389,
                        -0.6263102554871169,
                        0.8889530230864029,
                        0.8466253180892811,
                        0.0
                    ]
                ]
            },
            "oracle_est_tgt": [
                1,
                2
            ]
        },
        "3": {
            "intv_type": "hard",
            "inode": 3,
            "new_mui": 1.0,
            "new_vari": 0.1,
            "noise_type": "gaussian",
            "obs_noise_gamma_shape": null,
            "true_params": {
                "Si": [
                    [
                        1.0,
                        -0.5200650414812695,
                        -1.2047644555243444,
                        0.0,
                        -0.5610266870107733,
                        0.9432317767155212
                    ],
                    [
                        -0.5200650414812695,
                        1.2704676473709147,
                        1.4869149101443022,
                        0.0,
                        1.7340508305596,
                        0.8060065776607094
                    ],
                    [
                        -1.2047644555243444,
                        1.4869149101443022,
                        3.1916750600038255,
                        0.0,
                        2.8688935099980704,
                        0.15889478438858512
                    ],
                    [
                        0.0,
                        0.0,
                        0.0,
                        0.1,
                        -0.08856357445834578,
                        0.013915137911719567
                    ],
                    [
                        -0.5610266870107733,
                        1.7340508305596,
                        2.8688935099980704,
                        -0.08856357445834578,
                        4.37987139470502,
                        2.3462703391535107
                    ],
                    [
                        0.9432317767155212,
                        0.8060065776607094,
                        0.15889478438858512,
                        0.013915137911719567,
                        2.3462703391535107,
                        4.321751965487581
                    ]
                ],
                "mui": [
                    0.0,
                    0.0,
                    0.0,
                    1.0,
                    -0.8856357445834577,
                    0.13915137911719566
                ],
                "Ai": [
                    [
                        0.0,
                        0.0,
                        0.0,
                        0.0,
                        0.0,
                        0.0
                    ],
                    [
                        -0.5200650414812695,
                        0.0,
                        0.0,
                        0.0,
                        0.0,
                        0.0
                    ],
                    [
                        -0.7573217990228001,
                        0.8603590336068748,
                        0.0,
                        0.0,
                        0.0,
                        0.0
                    ],
                    [
                        0.0,
                        0.0,
                        0.0,
                        0.0,
                        0.0,
                        0.0
                    ],
                    [
                        0.910106221142196,
                        0.6231244769831095,
                        0.9521094732858141,
                        -0.8856357445834577,
                        0.0,
                        0.0
                    ],
                    [
                        0.9831458670418101,
                        0.6143289808722389,
                        -0.6263102554871169,
                        0.8889530230864029,
                        0.8466253180892811,
                        0.0
                    ]
                ]
            },
            "oracle_est_tgt": [
                1,
                2,
                3
            ]
        },
        "4": {
            "intv_type": "hard",
            "inode": 4,
            "new_mui": 1.0,
            "new_vari": 0.1,
            "noise_type": "gaussian",
            "obs_noise_gamma_shape": null,
            "true_params": {
                "Si": [
                    [
                        1.0,
                        -0.5200650414812695,
                        -1.2047644555243444,
                        1.3361433808400942,
                        0.0,
                        2.6059798717372815
                    ],
                    [
                        -0.5200650414812695,
                        1.2704676473709147,
                        1.4869149101443022,
                        -1.4533675455674429,
                        0.0,
                        -1.954060231632638
                    ],
                    [
                        -1.2047644555243444,
                        1.4869149101443022,
                        3.1916750600038255,
                        -2.262308405910227,
                        0.0,
                        -4.2810689926654835
                    ],
                    [
                        1.3361433808400942,
                        -1.4533675455674429,
                        -2.262308405910227,
                        3.36058027194272,
                        0.0,
                        4.825082987311269
                    ],
                    [
                        0.0,
                        0.0,
                        0.0,
                        0.0,
                        0.1,
                        0.08466253180892812
                    ],
                    [
                        2.6059798717372815,
                        -1.954060231632638,
                        -4.2810689926654835,
                        4.825082987311269,
                        0.08466253180892812,
                        9.403849475521202
                    ]
                ],
                "mui": [
                    0.0,
                    0.0,
                    0.0,
                    0.0,
                    1.0,
                    0.8466253180892811
                ],
                "Ai": [
                    [
                        0.0,
                        0.0,
                        0.0,
                        0.0,
                        0.0,
                        0.0
                    ],
                    [
                        -0.5200650414812695,
                        0.0,
                        0.0,
                        0.0,
                        0.0,
                        0.0
                    ],
                    [
                        -0.7573217990228001,
                        0.8603590336068748,
                        0.0,
                        0.0,
                        0.0,
                        0.0
                    ],
                    [
                        0.9416812847330713,
                        -0.7584860827859157,
                        -0.0,
                        0.0,
                        0.0,
                        0.0
                    ],
                    [
                        0.0,
                        0.0,
                        0.0,
                        0.0,
                        0.0,
                        0.0
                    ],
                    [
                        0.9831458670418101,
                        0.6143289808722389,
                        -0.6263102554871169,
                        0.8889530230864029,
                        0.8466253180892811,
                        0.0
                    ]
                ]
            },
            "oracle_est_tgt": [
                1,
                4,
                5
            ]
        },
        "5": {
            "intv_type": "hard",
            "inode": 5,
            "new_mui": 1.0,
            "new_vari": 0.1,
            "noise_type": "gaussian",
            "obs_noise_gamma_shape": null,
            "true_params": {
                "Si": [
                    [
                        1.0,
                        -0.5200650414812695,
                        -1.2047644555243444,
                        1.3361433808400942,
                        -1.7443630249713487,
                        0.0
                    ],
                    [
                        -0.5200650414812695,
                        1.2704676473709147,
                        1.4869149101443022,
                        -1.4533675455674429,
                        3.0212050789316547,
                        0.0
                    ],
                    [
                        -1.2047644555243444,
                        1.4869149101443022,
                        3.1916750600038255,
                        -2.262308405910227,
                        4.8724746995437895,
                        0.0
                    ],
                    [
                        1.3361433808400942,
                        -1.4533675455674429,
                        -2.262308405910227,
                        3.36058027194272,
                        -4.819811764591128,
                        0.0
                    ],
                    [
                        -1.7443630249713487,
                        3.0212050789316547,
                        4.8724746995437895,
                        -4.819811764591128,
                        10.202758094378023,
                        0.0
                    ],
                    [
                        0.0,
                        0.0,
                        0.0,
                        0.0,
                        0.0,
                        0.1
                    ]
                ],
                "mui": [
                    0.0,
                    0.0,
                    0.0,
                    0.0,
                    0.0,
                    1.0
                ],
                "Ai": [
                    [
                        0.0,
                        0.0,
                        0.0,
                        0.0,
                        0.0,
                        0.0
                    ],
                    [
                        -0.5200650414812695,
                        0.0,
                        0.0,
                        0.0,
                        0.0,
                        0.0
                    ],
                    [
                        -0.7573217990228001,
                        0.8603590336068748,
                        0.0,
                        0.0,
                        0.0,
                        0.0
                    ],
                    [
                        0.9416812847330713,
                        -0.7584860827859157,
                        -0.0,
                        0.0,
                        0.0,
                        0.0
                    ],
                    [
                        0.910106221142196,
                        0.6231244769831095,
                        0.9521094732858141,
                        -0.8856357445834577,
                        0.0,
                        0.0
                    ],
                    [
                        0.0,
                        0.0,
                        0.0,
                        0.0,
                        0.0,
                        0.0
                    ]
                ]
            },
            "oracle_est_tgt": [
                4,
                5
            ]
        },
        "obs": {
            "intv_type": "obs",
            "noise_type": "gaussian",
            "obs_noise_gamma_shape": null,
            "true_params": {
                "Si": [
                    [
                        1.0,
                        -0.5200650414812695,
                        -1.2047644555243444,
                        1.3361433808400942,
                        -1.7443630249713487,
                        1.1291579708577328
                    ],
                    [
                        -0.5200650414812695,
                        1.2704676473709147,
                        1.4869149101443022,
                        -1.4533675455674429,
                        3.0212050789316547,
                        0.6037684793308259
                    ],
                    [
                        -1.2047644555243444,
                        1.4869149101443022,
                        3.1916750600038255,
                        -2.262308405910227,
                        4.8724746995437895,
                        -0.1559085502822477
                    ],
                    [
                        1.3361433808400942,
                        -1.4533675455674429,
                        -2.262308405910227,
                        3.36058027194272,
                        -4.819811764591128,
                        0.7445083189838462
                    ],
                    [
                        -1.7443630249713487,
                        3.0212050789316547,
                        4.8724746995437895,
                        -4.819811764591128,
                        10.202758094378023,
                        1.4426967427992874
                    ],
                    [
                        1.1291579708577328,
                        0.6037684793308259,
                        -0.1559085502822477,
                        0.7445083189838462,
                        1.4426967427992874,
                        4.4619431004885675
                    ]
                ],
                "mui": [
                    0.0,
                    0.0,
                    0.0,
                    0.0,
                    0.0,
                    0.0
                ],
                "Ai": [
                    [
                        0.0,
                        0.0,
                        0.0,
                        0.0,
                        0.0,
                        0.0
                    ],
                    [
                        -0.5200650414812695,
                        0.0,
                        0.0,
                        0.0,
                        0.0,
                        0.0
                    ],
                    [
                        -0.7573217990228001,
                        0.8603590336068748,
                        0.0,
                        0.0,
                        0.0,
                        0.0
                    ],
                    [
                        0.9416812847330713,
                        -0.7584860827859157,
                        -0.0,
                        0.0,
                        0.0,
                        0.0
                    ],
                    [
                        0.910106221142196,
                        0.6231244769831095,
                        0.9521094732858141,
                        -0.8856357445834577,
                        0.0,
                        0.0
                    ],
                    [
                        0.9831458670418101,
                        0.6143289808722389,
                        -0.6263102554871169,
                        0.8889530230864029,
                        0.8466253180892811,
                        0.0
                    ]
                ]
            },
            "est_params": {
                "mui": [
                    0.1545895840210813,
                    0.03130660650398048,
                    0.09184480022242557,
                    0.20978200012260467,
                    0.2074890289887263,
                    0.6825795639038161
                ],
                "Si": [
                    [
                        0.9865185497164224,
                        -0.5449340991717164,
                        -1.034130337787844,
                        1.1409816357386133,
                        -1.1981413587669316,
                        1.0881897335734028
                    ],
                    [
                        -0.5449340991717164,
                        1.2761778380305502,
                        1.2742885459132867,
                        -1.2537514100332616,
                        2.219021524159316,
                        0.12375248341630997
                    ],
                    [
                        -1.034130337787844,
                        1.2742885459132867,
                        2.930576451195304,
                        -1.6428649953363654,
                        3.4181911586169695,
                        -0.6235844702828698
                    ],
                    [
                        1.1409816357386133,
                        -1.2537514100332616,
                        -1.6428649953363654,
                        3.0067573065854276,
                        -3.2893018701319736,
                        1.0864508430029036
                    ],
                    [
                        -1.1981413587669316,
                        2.219021524159316,
                        3.4181911586169695,
                        -3.2893018701319736,
                        7.53798228801755,
                        1.2363159251305464
                    ],
                    [
                        1.0881897335734028,
                        0.12375248341630997,
                        -0.6235844702828698,
                        1.0864508430029036,
                        1.2363159251305464,
                        4.463259685089574
                    ]
                ]
            },
            "est_tgt": [
                0,
                1,
                2,
                3,
                4,
                5
            ],
            "oracle_est_tgt": [
                0,
                1,
                2,
                3,
                4,
                5
            ]
        }
    },
    "metric_dict": {
        "param_est_rel_err": 19.262863154068107,
        "est_num_comp": 1,
        "weight_precision_error": 0.0,
        "gm_score_dict": {
            "1": -9.335018426575022,
            "2": -9.153021861739509,
            "3": -8.972202330107686,
            "4": -8.792650310554052,
            "5": -8.756884338325394,
            "6": -8.714685253269193,
            "7": -8.618406680466281
        },
        "est_dag": {
            "amat": [
                [
                    0,
                    0,
                    0,
                    0,
                    0,
                    0
                ],
                [
                    0,
                    0,
                    0,
                    0,
                    0,
                    0
                ],
                [
                    1,
                    1,
                    0,
                    1,
                    1,
                    0
                ],
                [
                    1,
                    1,
                    0,
                    0,
                    1,
                    0
                ],
                [
                    0,
                    0,
                    0,
                    0,
                    0,
                    0
                ],
                [
                    1,
                    1,
                    0,
                    0,
                    1,
                    0
                ]
            ],
            "nodes": [
                0,
                1,
                2,
                3,
                4,
                5
            ]
        },
        "oracle_est_dag": {
            "amat": [
                [
                    0,
                    0,
                    0,
                    1,
                    0,
                    1
                ],
                [
                    0,
                    0,
                    0,
                    0,
                    0,
                    0
                ],
                [
                    0,
                    1,
                    0,
                    0,
                    1,
                    1
                ],
                [
                    0,
                    1,
                    1,
                    0,
                    1,
                    0
                ],
                [
                    0,
                    0,
                    0,
                    0,
                    0,
                    0
                ],
                [
                    0,
                    1,
                    0,
                    0,
                    1,
                    0
                ]
            ],
            "nodes": [
                0,
                1,
                2,
                3,
                4,
                5
            ]
        },
        "igsp_dag": null,
        "intv_base_est_dag": null,
        "act_dag": {
            "amat": [
                [
                    0,
                    1,
                    1,
                    1,
                    1,
                    1
                ],
                [
                    0,
                    0,
                    1,
                    1,
                    1,
                    1
                ],
                [
                    0,
                    0,
                    0,
                    0,
                    1,
                    1
                ],
                [
                    0,
                    0,
                    0,
                    0,
                    1,
                    1
                ],
                [
                    0,
                    0,
                    0,
                    0,
                    0,
                    1
                ],
                [
                    0,
                    0,
                    0,
                    0,
                    0,
                    0
                ]
            ],
            "nodes": [
                0,
                1,
                2,
                3,
                4,
                5
            ]
        },
        "shd": 13,
        "oracle_shd": 10,
        "intv_base_shd": null,
        "igsp_shd": null,
        "avg_js": 0.0,
        "avg_oracle_js": 0.4166666666666667
    }
}