{
    "expt_args": {
        "save_dir": "all_expt_logs/expt_logs_sim_compsel_backward_cameraready_new_var_largerange",
        "exp_name": "388",
        "num_nodes": 6,
        "num_tgt_prior": 7,
        "obs_noise_mean": 0.0,
        "obs_noise_var": 1.0,
        "obs_noise_gamma_shape": null,
        "noise_type": "gaussian",
        "max_edge_strength": 1.0,
        "graph_sparsity_method": "adj_dense_prop",
        "adj_dense_prop": 0.8,
        "num_parents": null,
        "new_noise_mean": 1.0,
        "mix_samples": 8192,
        "stage2_samples": 8192,
        "gmm_tol": 0.001,
        "intv_type": "hard",
        "new_noise_var": 0.0001,
        "dtype": "simulation",
        "cutoff_drop_ratio": 0.07,
        "intv_targets": [
            0,
            1,
            2,
            3,
            4,
            5
        ]
    },
    "intv_args_dict": {
        "0": {
            "intv_type": "hard",
            "inode": 0,
            "new_mui": 1.0,
            "new_vari": 0.0001,
            "noise_type": "gaussian",
            "obs_noise_gamma_shape": null,
            "true_params": {
                "Si": [
                    [
                        0.0001,
                        -8.84152481900038e-05,
                        -3.250770787945194e-05,
                        2.656862047530197e-05,
                        5.920444500225536e-05,
                        -0.00020605282462735734
                    ],
                    [
                        -8.84152481900038e-05,
                        1.000078172561125,
                        -0.671814663932529,
                        -0.33027616752508693,
                        -0.5110554880773707,
                        1.2740588710943526
                    ],
                    [
                        -3.250770787945194e-05,
                        -0.671814663932529,
                        1.4513841292974983,
                        -0.577760954730087,
                        -0.9731197142847006,
                        0.957425878894087
                    ],
                    [
                        2.656862047530197e-05,
                        -0.33027616752508693,
                        -0.577760954730087,
                        1.7484826676831977,
                        1.7997727208259604,
                        -3.124918354325978
                    ],
                    [
                        5.920444500225536e-05,
                        -0.5110554880773707,
                        -0.9731197142847006,
                        1.7997727208259604,
                        3.3285972834029303,
                        -4.71224740137236
                    ],
                    [
                        -0.00020605282462735734,
                        1.2740588710943526,
                        0.957425878894087,
                        -3.124918354325978,
                        -4.71224740137236,
                        8.384371647166132
                    ]
                ],
                "mui": [
                    1.0,
                    -0.8841524819000379,
                    -0.3250770787945194,
                    0.2656862047530197,
                    0.5920444500225536,
                    -2.0605282462735732
                ],
                "Ai": [
                    [
                        0.0,
                        0.0,
                        0.0,
                        0.0,
                        0.0,
                        0.0
                    ],
                    [
                        -0.8841524819000379,
                        0.0,
                        0.0,
                        0.0,
                        0.0,
                        0.0
                    ],
                    [
                        -0.9190890933951172,
                        -0.6718434057031315,
                        0.0,
                        0.0,
                        0.0,
                        0.0
                    ],
                    [
                        -0.7612390994242302,
                        -0.8674790887339658,
                        -0.799630401013414,
                        0.0,
                        0.0,
                        0.0
                    ],
                    [
                        -0.6293985582998469,
                        -0.893719549048734,
                        -0.8539469314670641,
                        0.5783517331069723,
                        0.0,
                        0.0
                    ],
                    [
                        -0.8197231251428011,
                        0.5560235882440212,
                        -0.0,
                        -0.7055097702704055,
                        -0.9488329335561502,
                        0.0
                    ]
                ]
            },
            "oracle_est_tgt": [
                0
            ]
        },
        "1": {
            "intv_type": "hard",
            "inode": 1,
            "new_mui": 1.0,
            "new_vari": 0.0001,
            "noise_type": "gaussian",
            "obs_noise_gamma_shape": null,
            "true_params": {
                "Si": [
                    [
                        1.0,
                        0.0,
                        -0.9190890933951172,
                        -0.026307519105637445,
                        0.14023975348126916,
                        -0.9342270100790224
                    ],
                    [
                        0.0,
                        0.0001,
                        -6.718434057031315e-05,
                        -3.3025267681335305e-05,
                        -5.1100314232038246e-05,
                        0.00012738766889780557
                    ],
                    [
                        -0.9190890933951172,
                        -6.718434057031315e-05,
                        1.8447698989540373,
                        -0.7754292593208256,
                        -1.4452730562141036,
                        2.6717568201660686
                    ],
                    [
                        -0.026307519105637445,
                        -3.3025267681335305e-05,
                        -0.7754292593208256,
                        1.640111770469421,
                        1.627324351431805,
                        -2.67962729766988
                    ],
                    [
                        0.14023975348126916,
                        -5.1100314232038246e-05,
                        -1.4452730562141036,
                        1.627324351431805,
                        3.0871313211561784,
                        -4.1922512790327815
                    ],
                    [
                        -0.9342270100790224,
                        0.00012738766889780557,
                        2.6717568201660686,
                        -2.67962729766988,
                        -4.1922512790327815,
                        7.634127633322131
                    ]
                ],
                "mui": [
                    0.0,
                    1.0,
                    -0.6718434057031315,
                    -0.330252676813353,
                    -0.5110031423203825,
                    1.2738766889780557
                ],
                "Ai": [
                    [
                        0.0,
                        0.0,
                        0.0,
                        0.0,
                        0.0,
                        0.0
                    ],
                    [
                        0.0,
                        0.0,
                        0.0,
                        0.0,
                        0.0,
                        0.0
                    ],
                    [
                        -0.9190890933951172,
                        -0.6718434057031315,
                        0.0,
                        0.0,
                        0.0,
                        0.0
                    ],
                    [
                        -0.7612390994242302,
                        -0.8674790887339658,
                        -0.799630401013414,
                        0.0,
                        0.0,
                        0.0
                    ],
                    [
                        -0.6293985582998469,
                        -0.893719549048734,
                        -0.8539469314670641,
                        0.5783517331069723,
                        0.0,
                        0.0
                    ],
                    [
                        -0.8197231251428011,
                        0.5560235882440212,
                        -0.0,
                        -0.7055097702704055,
                        -0.9488329335561502,
                        0.0
                    ]
                ]
            },
            "oracle_est_tgt": [
                1
            ]
        },
        "2": {
            "intv_type": "hard",
            "inode": 2,
            "new_mui": 1.0,
            "new_vari": 0.0001,
            "noise_type": "gaussian",
            "obs_noise_gamma_shape": null,
            "true_params": {
                "Si": [
                    [
                        1.0,
                        -0.8841524819000379,
                        0.0,
                        0.005744689876288955,
                        0.1641082504602877,
                        -1.471097008223615
                    ],
                    [
                        -0.8841524819000379,
                        1.7817256112499968,
                        0.0,
                        -0.8725582705458328,
                        -1.5405243003968165,
                        3.7927402793597387
                    ],
                    [
                        0.0,
                        0.0,
                        0.0001,
                        -7.99630401013414e-05,
                        -0.00013164145597381954,
                        0.00018132045490126258
                    ],
                    [
                        0.005744689876288955,
                        -0.8725582705458328,
                        -7.99630401013414e-05,
                        1.752616911730309,
                        1.789903997109488,
                        -3.4246802508074112
                    ],
                    [
                        0.1641082504602877,
                        -1.5405243003968165,
                        -0.00013164145597381954,
                        1.789903997109488,
                        3.3088136804451964,
                        -5.393397326027106
                    ],
                    [
                        -1.471097008223615,
                        3.7927402793597387,
                        0.00018132045490126258,
                        -3.4246802508074112,
                        -5.393397326027106,
                        11.848323680061448
                    ]
                ],
                "mui": [
                    0.0,
                    0.0,
                    1.0,
                    -0.799630401013414,
                    -1.3164145597381953,
                    1.8132045490126256
                ],
                "Ai": [
                    [
                        0.0,
                        0.0,
                        0.0,
                        0.0,
                        0.0,
                        0.0
                    ],
                    [
                        -0.8841524819000379,
                        0.0,
                        0.0,
                        0.0,
                        0.0,
                        0.0
                    ],
                    [
                        0.0,
                        0.0,
                        0.0,
                        0.0,
                        0.0,
                        0.0
                    ],
                    [
                        -0.7612390994242302,
                        -0.8674790887339658,
                        -0.799630401013414,
                        0.0,
                        0.0,
                        0.0
                    ],
                    [
                        -0.6293985582998469,
                        -0.893719549048734,
                        -0.8539469314670641,
                        0.5783517331069723,
                        0.0,
                        0.0
                    ],
                    [
                        -0.8197231251428011,
                        0.5560235882440212,
                        -0.0,
                        -0.7055097702704055,
                        -0.9488329335561502,
                        0.0
                    ]
                ]
            },
            "est_params": {
                "mui": [
                    0.008915452231314982,
                    -0.03372957336631138,
                    0.9995651739947122,
                    -0.7564190210465895,
                    -1.2056380220703782,
                    1.6633533085797565
                ],
                "Si": [
                    [
                        0.9742768588751362,
                        -0.8677640184673353,
                        -5.578652607921528e-05,
                        0.0010218971088579805,
                        0.1688045841258761,
                        -1.3934011034242297
                    ],
                    [
                        -0.8677640184673352,
                        1.7495284198320775,
                        0.00012230964886920405,
                        -0.8234193861631677,
                        -1.5255826769702896,
                        3.721382057353581
                    ],
                    [
                        -5.578652607921528e-05,
                        0.00012230964886920408,
                        9.946041490294155e-05,
                        -0.00042370611035823106,
                        -0.00021745106196547695,
                        0.0005191596414414509
                    ],
                    [
                        0.001021897108857985,
                        -0.8234193861631677,
                        -0.00042370611035823106,
                        1.7206917879496106,
                        1.7920452896889434,
                        -3.4242667464354346
                    ],
                    [
                        0.1688045841258761,
                        -1.5255826769702898,
                        -0.0002174510619654771,
                        1.7920452896889434,
                        3.318190892802437,
                        -5.437232139728408
                    ],
                    [
                        -1.3934011034242297,
                        3.721382057353581,
                        0.0005191596414414514,
                        -3.4242667464354346,
                        -5.437232139728408,
                        11.798114598538147
                    ]
                ]
            },
            "est_tgt": [
                2,
                4
            ],
            "oracle_est_tgt": [
                2,
                4
            ]
        },
        "3": {
            "intv_type": "hard",
            "inode": 3,
            "new_mui": 1.0,
            "new_vari": 0.0001,
            "noise_type": "gaussian",
            "obs_noise_gamma_shape": null,
            "true_params": {
                "Si": [
                    [
                        1.0,
                        -0.8841524819000379,
                        -0.3250770787945194,
                        0.0,
                        0.4383843730410308,
                        -1.7272862913814122
                    ],
                    [
                        -0.8841524819000379,
                        1.7817256112499968,
                        -0.384425699678143,
                        0.0,
                        -0.7075995657725824,
                        2.386835474974416
                    ],
                    [
                        -0.3250770787945194,
                        -0.384425699678143,
                        1.5570486689443608,
                        0.0,
                        -0.7814651253012233,
                        0.7942032893048607
                    ],
                    [
                        0.0,
                        0.0,
                        0.0,
                        0.0001,
                        5.783517331069723e-05,
                        -0.00012542689418215778
                    ],
                    [
                        0.4383843730410308,
                        -0.7075995657725824,
                        -0.7814651253012233,
                        5.783517331069723e-05,
                        2.023840267328368,
                        -2.6731229590618186
                    ],
                    [
                        -1.7272862913814122,
                        2.386835474974416,
                        0.7942032893048607,
                        -0.00012542689418215778,
                        -2.6731229590618186,
                        6.279468931033111
                    ]
                ],
                "mui": [
                    0.0,
                    0.0,
                    0.0,
                    1.0,
                    0.5783517331069723,
                    -1.2542689418215778
                ],
                "Ai": [
                    [
                        0.0,
                        0.0,
                        0.0,
                        0.0,
                        0.0,
                        0.0
                    ],
                    [
                        -0.8841524819000379,
                        0.0,
                        0.0,
                        0.0,
                        0.0,
                        0.0
                    ],
                    [
                        -0.9190890933951172,
                        -0.6718434057031315,
                        0.0,
                        0.0,
                        0.0,
                        0.0
                    ],
                    [
                        0.0,
                        0.0,
                        0.0,
                        0.0,
                        0.0,
                        0.0
                    ],
                    [
                        -0.6293985582998469,
                        -0.893719549048734,
                        -0.8539469314670641,
                        0.5783517331069723,
                        0.0,
                        0.0
                    ],
                    [
                        -0.8197231251428011,
                        0.5560235882440212,
                        -0.0,
                        -0.7055097702704055,
                        -0.9488329335561502,
                        0.0
                    ]
                ]
            },
            "oracle_est_tgt": [
                2,
                3,
                4,
                5
            ]
        },
        "4": {
            "intv_type": "hard",
            "inode": 4,
            "new_mui": 1.0,
            "new_vari": 0.0001,
            "noise_type": "gaussian",
            "obs_noise_gamma_shape": null,
            "true_params": {
                "Si": [
                    [
                        1.0,
                        -0.8841524819000379,
                        -0.3250770787945194,
                        0.2656862047530197,
                        0.0,
                        -1.498776973963036
                    ],
                    [
                        -0.8841524819000379,
                        1.7817256112499968,
                        -0.384425699678143,
                        -0.565159794152337,
                        0.0,
                        2.1141674597378435
                    ],
                    [
                        -0.3250770787945194,
                        -0.384425699678143,
                        1.5570486689443608,
                        -0.6641208131976695,
                        0.0,
                        0.5212671643443592
                    ],
                    [
                        0.2656862047530197,
                        -0.565159794152337,
                        -0.6641208131976695,
                        1.8190647681633219,
                        0.0,
                        -1.8153992694372039
                    ],
                    [
                        0.0,
                        0.0,
                        0.0,
                        0.0,
                        0.0001,
                        -9.488329335561502e-05
                    ],
                    [
                        -1.498776973963036,
                        2.1141674597378435,
                        0.5212671643443592,
                        -1.8153992694372039,
                        -9.488329335561502e-05,
                        4.6849810720245175
                    ]
                ],
                "mui": [
                    0.0,
                    0.0,
                    0.0,
                    0.0,
                    1.0,
                    -0.9488329335561502
                ],
                "Ai": [
                    [
                        0.0,
                        0.0,
                        0.0,
                        0.0,
                        0.0,
                        0.0
                    ],
                    [
                        -0.8841524819000379,
                        0.0,
                        0.0,
                        0.0,
                        0.0,
                        0.0
                    ],
                    [
                        -0.9190890933951172,
                        -0.6718434057031315,
                        0.0,
                        0.0,
                        0.0,
                        0.0
                    ],
                    [
                        -0.7612390994242302,
                        -0.8674790887339658,
                        -0.799630401013414,
                        0.0,
                        0.0,
                        0.0
                    ],
                    [
                        0.0,
                        0.0,
                        0.0,
                        0.0,
                        0.0,
                        0.0
                    ],
                    [
                        -0.8197231251428011,
                        0.5560235882440212,
                        -0.0,
                        -0.7055097702704055,
                        -0.9488329335561502,
                        0.0
                    ]
                ]
            },
            "est_params": {
                "mui": [
                    -0.03447190431417401,
                    0.0586346591295689,
                    -0.015515859964847044,
                    -0.014345762384534727,
                    0.9999471730022714,
                    -0.9018293731691919
                ],
                "Si": [
                    [
                        0.9842610256660317,
                        -0.8384124540188369,
                        -0.3504800964899692,
                        0.2551548321639421,
                        -0.0001618122203977034,
                        -1.4757549026841394
                    ],
                    [
                        -0.8384124540188369,
                        1.7186746412142795,
                        -0.36708696080779263,
                        -0.573293887807809,
                        0.0004751054508224129,
                        2.0594110244201738
                    ],
                    [
                        -0.3504800964899692,
                        -0.36708696080779263,
                        1.5666572647203272,
                        -0.6707317320621256,
                        -0.00038815147959300983,
                        0.6121476212643342
                    ],
                    [
                        0.2551548321639421,
                        -0.5732938878078091,
                        -0.6707317320621256,
                        1.7865579224457488,
                        0.0002034905616982819,
                        -1.826074671171303
                    ],
                    [
                        -0.00016181222039770345,
                        0.00047510545082241274,
                        -0.0003881514795930098,
                        0.0002034905616982819,
                        9.852090693369413e-05,
                        0.00036692711104623034
                    ],
                    [
                        -1.4757549026841397,
                        2.0594110244201738,
                        0.6121476212643343,
                        -1.826074671171303,
                        0.0003669271110462304,
                        4.733476280624582
                    ]
                ]
            },
            "est_tgt": [
                2,
                3,
                4,
                5
            ],
            "oracle_est_tgt": [
                2,
                3,
                4,
                5
            ]
        },
        "5": {
            "intv_type": "hard",
            "inode": 5,
            "new_mui": 1.0,
            "new_vari": 0.0001,
            "noise_type": "gaussian",
            "obs_noise_gamma_shape": null,
            "true_params": {
                "Si": [
                    [
                        1.0,
                        -0.8841524819000379,
                        -0.3250770787945194,
                        0.2656862047530197,
                        0.5920444500225536,
                        0.0
                    ],
                    [
                        -0.8841524819000379,
                        1.7817256112499968,
                        -0.384425699678143,
                        -0.565159794152337,
                        -1.034460712202966,
                        0.0
                    ],
                    [
                        -0.3250770787945194,
                        -0.384425699678143,
                        1.5570486689443608,
                        -0.6641208131976695,
                        -1.165560548606507,
                        0.0
                    ],
                    [
                        0.2656862047530197,
                        -0.565159794152337,
                        -0.6641208131976695,
                        1.8190647681633219,
                        1.9570550339932444,
                        0.0
                    ],
                    [
                        0.5920444500225536,
                        -1.034460712202966,
                        -1.165560548606507,
                        1.9570550339932444,
                        3.679078862542358,
                        0.0
                    ],
                    [
                        0.0,
                        0.0,
                        0.0,
                        0.0,
                        0.0,
                        0.0001
                    ]
                ],
                "mui": [
                    0.0,
                    0.0,
                    0.0,
                    0.0,
                    0.0,
                    1.0
                ],
                "Ai": [
                    [
                        0.0,
                        0.0,
                        0.0,
                        0.0,
                        0.0,
                        0.0
                    ],
                    [
                        -0.8841524819000379,
                        0.0,
                        0.0,
                        0.0,
                        0.0,
                        0.0
                    ],
                    [
                        -0.9190890933951172,
                        -0.6718434057031315,
                        0.0,
                        0.0,
                        0.0,
                        0.0
                    ],
                    [
                        -0.7612390994242302,
                        -0.8674790887339658,
                        -0.799630401013414,
                        0.0,
                        0.0,
                        0.0
                    ],
                    [
                        -0.6293985582998469,
                        -0.893719549048734,
                        -0.8539469314670641,
                        0.5783517331069723,
                        0.0,
                        0.0
                    ],
                    [
                        0.0,
                        0.0,
                        0.0,
                        0.0,
                        0.0,
                        0.0
                    ]
                ]
            },
            "est_params": {
                "mui": [
                    0.05466894026037303,
                    -0.06749101743909446,
                    0.036062400929961,
                    -0.02039469828710884,
                    0.04637519292402858,
                    0.9995247619852413
                ],
                "Si": [
                    [
                        1.0217729853283863,
                        -0.8934888758986745,
                        -0.3355289099095991,
                        0.2934501568911199,
                        0.5802317600773351,
                        0.00030514510793518937
                    ],
                    [
                        -0.8934888758986745,
                        1.8408627259263994,
                        -0.4283777660928477,
                        -0.6205622143493148,
                        -1.0388348133494307,
                        0.00018433611667282497
                    ],
                    [
                        -0.3355289099095991,
                        -0.4283777660928477,
                        1.5797397173452985,
                        -0.5746829429329072,
                        -1.095475390708741,
                        8.803687721069698e-05
                    ],
                    [
                        0.2934501568911199,
                        -0.6205622143493148,
                        -0.5746829429329072,
                        1.7574540404759647,
                        1.8720298678924252,
                        0.00013913729943649432
                    ],
                    [
                        0.5802317600773351,
                        -1.0388348133494305,
                        -1.095475390708741,
                        1.8720298678924252,
                        3.6061735269021455,
                        -0.0003577210995863985
                    ],
                    [
                        0.00030514510793518937,
                        0.00018433611667282486,
                        8.803687721069689e-05,
                        0.0001391372994364943,
                        -0.00035772109958639867,
                        0.0001035156883327669
                    ]
                ]
            },
            "est_tgt": [
                3,
                5
            ],
            "oracle_est_tgt": [
                3,
                5
            ]
        },
        "obs": {
            "intv_type": "obs",
            "noise_type": "gaussian",
            "obs_noise_gamma_shape": null,
            "true_params": {
                "Si": [
                    [
                        1.0,
                        -0.8841524819000379,
                        -0.3250770787945194,
                        0.2656862047530197,
                        0.5920444500225536,
                        -2.0605282462735732
                    ],
                    [
                        -0.8841524819000379,
                        1.7817256112499968,
                        -0.384425699678143,
                        -0.565159794152337,
                        -1.034460712202966,
                        3.0956978519459684
                    ],
                    [
                        -0.3250770787945194,
                        -0.384425699678143,
                        1.5570486689443608,
                        -0.6641208131976695,
                        -1.165560548606507,
                        1.6271893989159871
                    ],
                    [
                        0.2656862047530197,
                        -0.565159794152337,
                        -0.6641208131976695,
                        1.8190647681633219,
                        1.9570550339932444,
                        -3.6723175384718454
                    ],
                    [
                        0.5920444500225536,
                        -1.034460712202966,
                        -1.165560548606507,
                        1.9570550339932444,
                        3.679078862542358,
                        -5.932049721262101
                    ],
                    [
                        -2.0605282462735732,
                        3.0956978519459684,
                        1.6271893989159871,
                        -3.6723175384718454,
                        -5.932049721262101,
                        12.629723723192011
                    ]
                ],
                "mui": [
                    0.0,
                    0.0,
                    0.0,
                    0.0,
                    0.0,
                    0.0
                ],
                "Ai": [
                    [
                        0.0,
                        0.0,
                        0.0,
                        0.0,
                        0.0,
                        0.0
                    ],
                    [
                        -0.8841524819000379,
                        0.0,
                        0.0,
                        0.0,
                        0.0,
                        0.0
                    ],
                    [
                        -0.9190890933951172,
                        -0.6718434057031315,
                        0.0,
                        0.0,
                        0.0,
                        0.0
                    ],
                    [
                        -0.7612390994242302,
                        -0.8674790887339658,
                        -0.799630401013414,
                        0.0,
                        0.0,
                        0.0
                    ],
                    [
                        -0.6293985582998469,
                        -0.893719549048734,
                        -0.8539469314670641,
                        0.5783517331069723,
                        0.0,
                        0.0
                    ],
                    [
                        -0.8197231251428011,
                        0.5560235882440212,
                        -0.0,
                        -0.7055097702704055,
                        -0.9488329335561502,
                        0.0
                    ]
                ]
            },
            "est_params": {
                "mui": [
                    0.24498748716208202,
                    0.04683434815530908,
                    -0.26941894201966937,
                    0.2337277675697627,
                    0.17744974355706739,
                    -0.5060674065296218
                ],
                "Si": [
                    [
                        0.9283676490124336,
                        -0.6608258342758536,
                        -0.4109632013293417,
                        0.04351676812689608,
                        0.3819672095166008,
                        -1.48215623231627
                    ],
                    [
                        -0.6608258342758536,
                        1.5534546268669016,
                        -0.44259882306371434,
                        -0.3720839990539478,
                        -0.7960946377886687,
                        2.370930494887749
                    ],
                    [
                        -0.4109632013293417,
                        -0.44259882306371423,
                        1.6647857860010622,
                        -0.3560223954087705,
                        -0.9723972745525696,
                        1.2808915102212997
                    ],
                    [
                        0.04351676812689608,
                        -0.3720839990539478,
                        -0.3560223954087705,
                        1.4831263398707335,
                        1.4366370839797087,
                        -2.6539187401741713
                    ],
                    [
                        0.38196720951660074,
                        -0.7960946377886687,
                        -0.9723972745525696,
                        1.4366370839797087,
                        3.1297546493495956,
                        -4.7515436759038
                    ],
                    [
                        -1.48215623231627,
                        2.370930494887749,
                        1.2808915102212997,
                        -2.6539187401741713,
                        -4.7515436759038,
                        9.843908272151937
                    ]
                ]
            },
            "est_tgt": [
                0,
                1,
                2,
                3,
                4,
                5
            ],
            "oracle_est_tgt": [
                0,
                1,
                2,
                3,
                4,
                5
            ]
        }
    },
    "metric_dict": {
        "param_est_rel_err": 21.038315279868485,
        "est_num_comp": 4,
        "weight_precision_error": 0.6421233135660774,
        "gm_score_dict": {
            "1": -9.148058539616374,
            "2": -8.431756036675404,
            "3": -8.377772484764389,
            "4": -7.636762684582041,
            "5": -7.2423734262892046,
            "6": -6.857279366853243,
            "7": -6.419218364394224
        },
        "est_dag": {
            "amat": [
                [
                    0,
                    1,
                    1,
                    1,
                    0,
                    1
                ],
                [
                    0,
                    0,
                    1,
                    0,
                    1,
                    1
                ],
                [
                    0,
                    0,
                    0,
                    1,
                    0,
                    0
                ],
                [
                    0,
                    0,
                    0,
                    0,
                    0,
                    0
                ],
                [
                    0,
                    0,
                    1,
                    0,
                    0,
                    1
                ],
                [
                    0,
                    0,
                    0,
                    1,
                    0,
                    0
                ]
            ],
            "nodes": [
                0,
                1,
                2,
                3,
                4,
                5
            ]
        },
        "oracle_est_dag": {
            "amat": [
                [
                    0,
                    1,
                    1,
                    1,
                    0,
                    1
                ],
                [
                    0,
                    0,
