{
    "expt_args": {
        "save_dir": "all_expt_logs/expt_logs_sim_compsel_backward_cameraready_new_var_largerange",
        "exp_name": "381",
        "num_nodes": 6,
        "num_tgt_prior": 7,
        "obs_noise_mean": 0.0,
        "obs_noise_var": 1.0,
        "obs_noise_gamma_shape": null,
        "noise_type": "gaussian",
        "max_edge_strength": 1.0,
        "graph_sparsity_method": "adj_dense_prop",
        "adj_dense_prop": 0.8,
        "num_parents": null,
        "new_noise_mean": 1.0,
        "mix_samples": 131072,
        "stage2_samples": 131072,
        "gmm_tol": 0.001,
        "intv_type": "hard",
        "new_noise_var": 1000,
        "dtype": "simulation",
        "cutoff_drop_ratio": 0.07,
        "intv_targets": [
            0,
            1,
            2,
            3,
            4,
            5
        ]
    },
    "intv_args_dict": {
        "0": {
            "intv_type": "hard",
            "inode": 0,
            "new_mui": 1.0,
            "new_vari": 1000,
            "noise_type": "gaussian",
            "obs_noise_gamma_shape": null,
            "true_params": {
                "Si": [
                    [
                        1000.0,
                        0.0,
                        565.3801064272702,
                        -1001.1196567085268,
                        1996.7905570311975,
                        -370.96379036508444
                    ],
                    [
                        0.0,
                        1.0,
                        0.7310479228556117,
                        -1.1524601375738666,
                        1.6502360299803902,
                        0.9717046787574207
                    ],
                    [
                        565.3801064272702,
                        0.7310479228556117,
                        321.1890958092229,
                        -567.5723731098775,
                        1131.711789485204,
                        -209.3376641566589
                    ],
                    [
                        -1001.1196567085268,
                        -1.1524601375738666,
                        -567.5723731098775,
                        1005.0824354081408,
                        -2002.8574757298943,
                        369.8387567778599
                    ],
                    [
                        1996.7905570311975,
                        1.6502360299803902,
                        1131.711789485204,
                        -2002.8574757298943,
                        3993.9870329458936,
                        -739.0978505595094
                    ],
                    [
                        -370.96379036508444,
                        0.9717046787574207,
                        -209.3376641566589,
                        369.8387567778599,
                        -739.0978505595094,
                        140.07136581526544
                    ]
                ],
                "mui": [
                    1.0,
                    0.0,
                    0.5653801064272702,
                    -1.0011196567085268,
                    1.9967905570311975,
                    -0.3709637903650844
                ],
                "Ai": [
                    [
                        0.0,
                        0.0,
                        0.0,
                        0.0,
                        0.0,
                        0.0
                    ],
                    [
                        -0.0,
                        0.0,
                        0.0,
                        0.0,
                        0.0,
                        0.0
                    ],
                    [
                        0.5653801064272702,
                        0.7310479228556117,
                        0.0,
                        0.0,
                        0.0,
                        0.0
                    ],
                    [
                        -0.5958939454079155,
                        -0.6284950896948651,
                        -0.7167314638311189,
                        0.0,
                        0.0,
                        0.0
                    ],
                    [
                        0.6314061439459162,
                        0.0,
                        0.9781314507511348,
                        -0.8114597929588583,
                        0.0,
                        0.0
                    ],
                    [
                        -0.5783469407599661,
                        0.7950779402735968,
                        -0.7744120724400396,
                        -0.6444987130219222,
                        -0.0,
                        0.0
                    ]
                ]
            },
            "est_params": {
                "mui": [
                    0.5656206853659786,
                    0.004030419070639241,
                    0.31385642770701383,
                    -0.5596235265935134,
                    1.1199384781292965,
                    -0.20125492960623084
                ],
                "Si": [
                    [
                        798.1745052595844,
                        0.09153659551418038,
                        451.3195849791406,
                        -799.1118129090495,
                        1593.6858262524008,
                        -295.9744520692675
                    ],
                    [
                        0.09153659551418036,
                        0.9773933448961765,
                        0.7697187400339487,
                        -1.2221515846987807,
                        1.7981821367894903,
                        0.9064881193773372
                    ],
                    [
                        451.3195849791406,
                        0.7697187400339487,
                        256.66926342593825,
                        -453.36322358645566,
                        903.8026989710016,
                        -166.95520590796926
                    ],
                    [
                        -799.1118129090495,
                        -1.2221515846987807,
                        -453.36322358645566,
                        802.8522909552262,
                        -1599.3029335283466,
                        294.7986831239319
                    ],
                    [
                        1593.6858262524008,
                        1.7981821367894903,
                        903.8026989710016,
                        -1599.3029335283466,
                        3188.6407834958545,
                        -589.3335507629753
                    ],
                    [
                        -295.9744520692675,
                        0.9064881193773372,
                        -166.95520590796926,
                        294.7986831239319,
                        -589.3335507629753,
                        112.09795993795281
                    ]
                ]
            },
            "est_tgt": [
                0,
                4,
                5
            ],
            "oracle_est_tgt": [
                0
            ]
        },
        "1": {
            "intv_type": "hard",
            "inode": 1,
            "new_mui": 1.0,
            "new_vari": 1000,
            "noise_type": "gaussian",
            "obs_noise_gamma_shape": null,
            "true_params": {
                "Si": [
                    [
                        1.0,
                        0.0,
                        0.5653801064272702,
                        -1.0011196567085268,
                        1.9967905570311975,
                        -0.3709637903650844
                    ],
                    [
                        0.0,
                        1000.0,
                        731.0479228556117,
                        -1152.4601375738666,
                        1650.2360299803902,
                        971.7046787574208
                    ],
                    [
                        0.5653801064272702,
                        731.0479228556117,
                        535.7507201762481,
                        -843.786334349155,
                        1209.090297812301,
                        709.8404719209959
                    ],
                    [
                        -1.0011196567085268,
                        -1152.4601375738666,
                        -843.7863343491551,
                        1330.6803132550692,
                        -1905.7596359313793,
                        -1119.9000633954508
                    ],
                    [
                        1.9967905570311975,
                        1650.2360299803902,
                        1209.090297812301,
                        -1905.759635931379,
                        2731.357352516376,
                        1602.8369353630208
                    ],
                    [
                        -0.3709637903650844,
                        971.7046787574208,
                        709.840471920996,
                        -1119.9000633954508,
                        1602.8369353630208,
                        945.8606189233403
                    ]
                ],
                "mui": [
                    0.0,
                    1.0,
                    0.7310479228556117,
                    -1.1524601375738666,
                    1.6502360299803902,
                    0.9717046787574207
                ],
                "Ai": [
                    [
                        0.0,
                        0.0,
                        0.0,
                        0.0,
                        0.0,
                        0.0
                    ],
                    [
                        0.0,
                        0.0,
                        0.0,
                        0.0,
                        0.0,
                        0.0
                    ],
                    [
                        0.5653801064272702,
                        0.7310479228556117,
                        0.0,
                        0.0,
                        0.0,
                        0.0
                    ],
                    [
                        -0.5958939454079155,
                        -0.6284950896948651,
                        -0.7167314638311189,
                        0.0,
                        0.0,
                        0.0
                    ],
                    [
                        0.6314061439459162,
                        0.0,
                        0.9781314507511348,
                        -0.8114597929588583,
                        0.0,
                        0.0
                    ],
                    [
                        -0.5783469407599661,
                        0.7950779402735968,
                        -0.7744120724400396,
                        -0.6444987130219222,
                        -0.0,
                        0.0
                    ]
                ]
            },
            "oracle_est_tgt": [
                1
            ]
        },
        "2": {
            "intv_type": "hard",
            "inode": 2,
            "new_mui": 1.0,
            "new_vari": 1000,
            "noise_type": "gaussian",
            "obs_noise_gamma_shape": null,
            "true_params": {
                "Si": [
                    [
                        1.0,
                        0.0,
                        0.0,
                        -0.5958939454079155,
                        1.1149501215120605,
                        -0.19429405984700895
                    ],
                    [
                        0.0,
                        1.0,
                        0.0,
                        -0.6284950896948651,
                        0.5099984953594543,
                        1.2001422167225348
                    ],
                    [
                        0.0,
                        0.0,
                        1000.0,
                        -716.7314638311188,
                        1559.7302159986339,
                        -312.4795664185652
                    ],
                    [
                        -0.5958939454079155,
                        -0.6284950896948651,
                        -716.7314638311188,
                        515.4540869174429,
                        -1119.704104264213,
                        222.68093350721554
                    ],
                    [
                        1.1149501215120605,
                        0.5099984953594543,
                        1559.7302159986339,
                        -1119.704104264213,
                        2435.9200259334625,
                        -486.46539429384677
                    ],
                    [
                        -0.19429405984700895,
                        1.2001422167225348,
                        -312.4795664185652,
                        222.68093350721554,
                        -486.46539429384677,
                        100.53694954227292
                    ]
                ],
                "mui": [
                    0.0,
                    0.0,
                    1.0,
                    -0.7167314638311189,
                    1.559730215998634,
                    -0.31247956641856517
                ],
                "Ai": [
                    [
                        0.0,
                        0.0,
                        0.0,
                        0.0,
                        0.0,
                        0.0
                    ],
                    [
                        -0.0,
                        0.0,
                        0.0,
                        0.0,
                        0.0,
                        0.0
                    ],
                    [
                        0.0,
                        0.0,
                        0.0,
                        0.0,
                        0.0,
                        0.0
                    ],
                    [
                        -0.5958939454079155,
                        -0.6284950896948651,
                        -0.7167314638311189,
                        0.0,
                        0.0,
                        0.0
                    ],
                    [
                        0.6314061439459162,
                        0.0,
                        0.9781314507511348,
                        -0.8114597929588583,
                        0.0,
                        0.0
                    ],
                    [
                        -0.5783469407599661,
                        0.7950779402735968,
                        -0.7744120724400396,
                        -0.6444987130219222,
                        -0.0,
                        0.0
                    ]
                ]
            },
            "est_params": {
                "mui": [
                    -0.006000134484850426,
                    0.00995092679455752,
                    0.8307775375622448,
                    -0.5981565837945491,
                    1.295342834312246,
                    -0.2410854885742251
                ],
                "Si": [
                    [
                        0.9513228119196167,
                        -0.0017175668487431472,
                        -0.04653135731634265,
                        -0.5387447391676915,
                        0.994214582025449,
                        -0.16798988183394853
                    ],
                    [
                        -0.0017175668487431465,
                        1.0108185061953605,
                        0.03777135773259242,
                        -0.638198235269661,
                        0.5514937341170364,
                        1.1982526685498511
                    ],
                    [
                        -0.04653135731634269,
                        0.03777135773259242,
                        796.602502224044,
                        -570.858279259358,
                        1242.7007463061989,
                        -248.87348402891166
                    ],
                    [
                        -0.5387447391676916,
                        -0.6381982352696612,
                        -570.858279259358,
                        410.80053311755984,
                        -892.2888038602586,
                        177.07723887048851
                    ],
                    [
                        0.994214582025449,
                        0.5514937341170364,
                        1242.7007463061989,
                        -892.2888038602586,
                        1941.6317314826856,
                        -387.3342239618555
                    ],
                    [
                        -0.16798988183394853,
                        1.1982526685498511,
                        -248.87348402891166,
                        177.07723887048851,
                        -387.3342239618555,
                        80.58646648216266
                    ]
                ]
            },
            "est_tgt": [
                0,
                2,
                4,
                5
            ],
            "oracle_est_tgt": [
                2
            ]
        },
        "3": {
            "intv_type": "hard",
            "inode": 3,
            "new_mui": 1.0,
            "new_vari": 1000,
            "noise_type": "gaussian",
            "obs_noise_gamma_shape": null,
            "true_params": {
                "Si": [
                    [
                        1.0,
                        0.0,
                        0.5653801064272702,
                        0.0,
                        1.184422207671453,
                        -1.0161841206946784
                    ],
                    [
                        0.0,
                        1.0,
                        0.7310479228556117,
                        0.0,
                        0.7150609653513632,
                        0.2289456032819963
                    ],
                    [
                        0.5653801064272702,
                        0.7310479228556117,
                        1.8540857302552158,
                        0.0,
                        2.1705240380144857,
                        -1.1815721510218706
                    ],
                    [
                        0.0,
                        0.0,
                        0.0,
                        1000.0,
                        -811.4597929588583,
                        -644.4987130219222
                    ],
                    [
                        1.184422207671453,
                        0.7150609653513632,
                        2.1705240380144857,
                        -811.4597929588583,
                        662.3379048739762,
                        521.1874344515866
                    ],
                    [
                        -1.0161841206946784,
                        0.2289456032819963,
                        -1.1815721510218706,
                        -644.4987130219222,
                        521.1874344515866,
                        418.0633514012691
                    ]
                ],
                "mui": [
                    0.0,
                    0.0,
                    0.0,
                    1.0,
                    -0.8114597929588583,
                    -0.6444987130219222
                ],
                "Ai": [
                    [
                        0.0,
                        0.0,
                        0.0,
                        0.0,
                        0.0,
                        0.0
                    ],
                    [
                        -0.0,
                        0.0,
                        0.0,
                        0.0,
                        0.0,
                        0.0
                    ],
                    [
                        0.5653801064272702,
                        0.7310479228556117,
                        0.0,
                        0.0,
                        0.0,
                        0.0
                    ],
                    [
                        0.0,
                        0.0,
                        0.0,
                        0.0,
                        0.0,
                        0.0
                    ],
                    [
                        0.6314061439459162,
                        0.0,
                        0.9781314507511348,
                        -0.8114597929588583,
                        0.0,
                        0.0
                    ],
                    [
                        -0.5783469407599661,
                        0.7950779402735968,
                        -0.7744120724400396,
                        -0.6444987130219222,
                        -0.0,
                        0.0
                    ]
                ]
            },
            "est_params": {
                "mui": [
                    0.002498491251843894,
                    6.381503129883082,
                    4.648661191191249,
                    -13.31692445726879,
                    15.365233763149066,
                    10.04486545474411
                ],
                "Si": [
                    [
                        0.9773034579918195,
                        -0.09837680210776226,
                        0.4783807768664459,
                        -0.48248087925831945,
                        1.4713084972068766,
                        -0.7042176747163252
                    ],
                    [
                        -0.09837680210776219,
                        427.050347667696,
                        312.37367429758615,
                        -453.3901517263219,
                        673.213363054599,
                        389.84946705328593
                    ],
                    [
                        0.4783807768664459,
                        312.37367429758615,
                        229.78438438538694,
                        -332.6519463900146,
                        494.8740450126533,
                        284.4904386104117
                    ],
                    [
                        -0.48248087925831923,
                        -453.3901517263219,
                        -332.6519463900146,
                        845.9734370745541,
                        -1011.971642424901,
                        -647.7043383642917
                    ],
                    [
                        1.4713084972068766,
                        673.213363054599,
                        494.8740450126533,
                        -1011.9716424249009,
                        1306.8669390787159,
                        803.2335206209655
                    ],
                    [
                        -0.7042176747163253,
                        389.84946705328593,
                        284.4904386104117,
                        -647.7043383642917,
                        803.2335206209652,
                        508.39117483275686
                    ]
                ]
            },
            "est_tgt": [
                1,
                3
            ],
            "oracle_est_tgt": [
                3
            ]
        },
        "4": {
            "intv_type": "hard",
            "inode": 4,
            "new_mui": 1.0,
            "new_vari": 1000,
            "noise_type": "gaussian",
            "obs_noise_gamma_shape": null,
            "true_params": {
                "Si": [
                    [
                        1.0,
                        0.0,
                        0.5653801064272702,
                        -1.0011196567085268,
                        0.0,
                        -0.3709637903650844
                    ],
                    [
                        0.0,
                        1.0,
                        0.7310479228556117,
                        -1.1524601375738666,
                        0.0,
                        0.9717046787574207
                    ],
                    [
                        0.5653801064272702,
                        0.7310479228556117,
                        1.8540857302552158,
                        -2.1252481916346855,
                        0.0,
                        0.18814757333885174
                    ],
                    [
                        -1.0011196567085268,
                        -1.1524601375738666,
                        -2.1252481916346855,
                        3.8441089269904722,
                        0.0,
                        -1.1690065412657904
                    ],
                    [
                        0.0,
                        0.0,
                        0.0,
                        0.0,
                        1000.0,
                        0.0
                    ],
                    [
                        -0.3709637903650844,
                        0.9717046787574207,
                        0.18814757333885174,
                        -1.1690065412657904,
                        0.0,
                        2.594846186997141
                    ]
                ],
                "mui": [
                    0.0,
                    0.0,
                    0.0,
                    0.0,
                    1.0,
                    0.0
                ],
                "Ai": [
                    [
                        0.0,
                        0.0,
                        0.0,
                        0.0,
                        0.0,
                        0.0
                    ],
                    [
                        -0.0,
                        0.0,
                        0.0,
                        0.0,
                        0.0,
                        0.0
                    ],
                    [
                        0.5653801064272702,
                        0.7310479228556117,
                        0.0,
                        0.0,
                        0.0,
                        0.0
                    ],
                    [
                        -0.5958939454079155,
                        -0.6284950896948651,
                        -0.7167314638311189,
                        0.0,
                        0.0,
                        0.0
                    ],
                    [
                        0.0,
                        0.0,
                        0.0,
                        0.0,
                        0.0,
                        0.0
                    ],
                    [
                        -0.5783469407599661,
                        0.7950779402735968,
                        -0.7744120724400396,
                        -0.6444987130219222,
                        -0.0,
                        0.0
                    ]
                ]
            },
            "est_params": {
                "mui": [
                    -0.02426718179067119,
                    -12.5833749346059,
                    -9.197315214512205,
                    30.32360565155769,
                    -33.61574257818802,
                    -22.426128895990328
                ],
                "Si": [
                    [
                        0.9949907397237177,
                        -0.14415480498430946,
                        0.47117560994629626,
                        -0.3297135130753905,
                        1.3586939301832608,
                        -0.8475043882767329
                    ],
                    [
                        -0.1441548049843094,
                        458.17538598920623,
                        334.9182251804341,
                        -328.88817376588923,
                        594.5885483102712,
                        317.1566240554145
                    ],
                    [
                        0.4711756099462962,
                        334.91822518043415,
                        246.1336203619244,
                        -241.49813276309175,
                        437.16917247777866,
                        231.1906052609367
                    ],
                    [
                        -0.3297135130753905,
                        -328.88817376588923,
                        -241.49813276309175,
                        692.7495943055894,
                        -798.7752038694406,
                        -520.7637872515974
                    ],
                    [
                        1.3586939301832608,
                        594.5885483102712,
                        437.16917247777866,
                        -798.7752038694406,
                        1077.9373999837912,
                        648.3687774219104
                    ],
                    [
                        -0.8475043882767331,
                        317.1566240554145,
                        231.1906052609367,
                        -520.7637872515974,
                        648.3687774219104,
                        410.269281835349
                    ]
                ]
            },
            "est_tgt": [
                1,
                3
            ],
            "oracle_est_tgt": [
                4
            ]
        },
        "5": {
            "intv_type": "hard",
            "inode": 5,
            "new_mui": 1.0,
            "new_vari": 1000,
            "noise_type": "gaussian",
            "obs_noise_gamma_shape": null,
            "true_params": {
                "Si": [
                    [
                        1.0,
                        0.0,
                        0.5653801064272702,
                        -1.0011196567085268,
                        1.9967905570311975,
                        0.0
                    ],
                    [
                        0.0,
                        1.0,
                        0.7310479228556117,
                        -1.1524601375738666,
                        1.6502360299803902,
                        0.0
                    ],
                    [
                        0.5653801064272702,
                        0.7310479228556117,
                        1.8540857302552158,
                        -2.1252481916346855,
                        3.8950774955845553,
                        0.0
                    ],
                    [
                        -1.0011196567085268,
                        -1.1524601375738666,
                        -2.1252481916346855,
                        3.8441089269904722,
                        -5.830225032967638,
                        0.0
                    ],
                    [
                        1.9967905570311975,
                        1.6502360299803902,
                        3.8950774955845553,
                        -5.830225032967638,
                        10.801676825582378,
                        0.0
                    ],
                    [
                        0.0,
                        0.0,
                        0.0,
                        0.0,
                        0.0,
                        1000.0
                    ]
                ],
                "mui": [
                    0.0,
                    0.0,
                    0.0,
                    0.0,
                    0.0,
                    1.0
                ],
                "Ai": [
                    [
                        0.0,
                        0.0,
                        0.0,
                        0.0,
                        0.0,
                        0.0
                    ],
                    [
                        -0.0,
                        0.0,
                        0.0,
                        0.0,
                        0.0,
                        0.0
                    ],
                    [
                        0.5653801064272702,
                        0.7310479228556117,
                        0.0,
                        0.0,
                        0.0,
                        0.0
                    ],
                    [
                        -0.5958939454079155,
                        -0.6284950896948651,
                        -0.7167314638311189,
                        0.0,
                        0.0,
                        0.0
                    ],
                    [
                        0.6314061439459162,
                        0.0,
                        0.9781314507511348,
                        -0.8114597929588583,
                        0.0,
                        0.0
                    ],
                    [
                        0.0,
                        0.0,
                        0.0,
                        0.0,
                        0.0,
                        0.0
                    ]
                ]
            },
            "est_params": {
                "mui": [
                    0.0030457594403869494,
                    -0.001988134764187424,
                    0.008015010328259478,
                    -0.006721750236616149,
                    0.02453362351512763,
                    0.8514811707251958
                ],
                "Si": [
                    [
                        0.9451241712934955,
                        0.010536029812932318,
                        0.5488154402297765,
                        -0.9722506485360903,
                        1.9151953863370614,
                        0.06022404530781817
                    ],
                    [
                        0.010536029812932318,
                        1.0008198820513956,
                        0.7410578987937969,
                        -1.1630085210759256,
                        1.6817838358005976,
                        0.4206661172143963
                    ],
                    [
                        0.5488154402297765,
                        0.7410578987937969,
                        1.78578741224312,
                        -2.080362804326786,
                        3.7774367389782486,
                        0.04450704714361811
                    ],
                    [
                        -0.9722506485360902,
                        -1.1630085210759256,
                        -2.080362804326786,
                        3.826625215308765,
                        -5.754809440078108,
                        -0.4332818383318114
                    ],
                    [
                        1.9151953863370614,
                        1.6817838358005976,
                        3.7774367389782486,
                        -5.754809440078108,
                        10.544710862542903,
                        0.45229059377311187
                    ],
                    [
                        0.06022404530781817,
                        0.4206661172143963,
                        0.04450704714361813,
                        -0.43328183833181144,
                        0.4522905937731118,
                        776.4320403267876
                    ]
                ]
            },
            "est_tgt": [
                0,
                2,
                5
            ],
            "oracle_est_tgt": [
                5
            ]
        },
        "obs": {
            "intv_type": "obs",
            "noise_type": "gaussian",
            "obs_noise_gamma_shape": null,
            "true_params": {
                "Si": [
                    [
                        1.0,
                        0.0,
                        0.5653801064272702,
                        -1.0011196567085268,
                        1.9967905570311975,
                        -0.3709637903650844
                    ],
                    [
                        0.0,
                        1.0,
                        0.7310479228556117,
                        -1.1524601375738666,
                        1.6502360299803902,
                        0.9717046787574207
                    ],
                    [
                        0.5653801064272702,
                        0.7310479228556117,
                        1.8540857302552158,
                        -2.1252481916346855,
                        3.8950774955845553,
                        0.18814757333885174
                    ],
                    [
                        -1.0011196567085268,
                        -1.1524601375738666,
                        -2.1252481916346855,
                        3.8441089269904722,
                        -5.830225032967638,
                        -1.1690065412657904
                    ],
                    [
                        1.9967905570311975,
                        1.6502360299803902,
                        3.8950774955845553,
                        -5.830225032967638,
                        10.801676825582378,
                        0.8984060483903465
                    ],
                    [
                        -0.3709637903650844,
                        0.9717046787574207,
                        0.18814757333885174,
                        -1.1690065412657904,
                        0.8984060483903465,
                        2.594846186997141
                    ]
                ],
                "mui": [
                    0.0,
                    0.0,
                    0.0,
                    0.0,
                    0.0,
                    0.0
                ],
                "Ai": [
                    [
                        0.0,
                        0.0,
                        0.0,
                        0.0,
                        0.0,
                        0.0
                    ],
                    [
                        -0.0,
                        0.0,
                        0.0,
                        0.0,
                        0.0,
                        0.0
                    ],
                    [
                        0.5653801064272702,
                        0.7310479228556117,
                        0.0,
                        0.0,
                        0.0,
                        0.0
                    ],
                    [
                        -0.5958939454079155,
                        -0.6284950896948651,
                        -0.7167314638311189,
                        0.0,
                        0.0,
                        0.0
                    ],
                    [
                        0.6314061439459162,
                        0.0,
                        0.9781314507511348,
                        -0.8114597929588583,
                        0.0,
                        0.0
                    ],
                    [
                        -0.5783469407599661,
                        0.7950779402735968,
                        -0.7744120724400396,
                        -0.6444987130219222,
                        -0.0,
                        0.0
                    ]
                ]
            },
            "est_params": {
                "mui": [
                    0.0037623097675005476,
                    -0.018172249073629344,
                    -0.002588203330140677,
                    0.0063325244315096275,
                    0.9250623085597633,
                    -0.01825780889844308
                ],
                "Si": [
                    [
                        0.9524043006839189,
                        0.010017580460362123,
                        0.5451862135550349,
                        -0.9693653240111137,
                        0.24879974459429158,
                        -0.3397730400131062
                    ],
                    [
                        0.010017580460362123,
                        1.0212933797356067,
                        0.7496932667738611,
                        -1.1850906535919465,
