{
    "expt_args": {
        "save_dir": "all_expt_logs/expt_logs_sim_compsel_backward_cameraready_new_var_largerange",
        "exp_name": "454",
        "num_nodes": 6,
        "num_tgt_prior": 7,
        "obs_noise_mean": 0.0,
        "obs_noise_var": 1.0,
        "obs_noise_gamma_shape": null,
        "noise_type": "gaussian",
        "max_edge_strength": 1.0,
        "graph_sparsity_method": "adj_dense_prop",
        "adj_dense_prop": 0.8,
        "num_parents": null,
        "new_noise_mean": 1.0,
        "mix_samples": 8192,
        "stage2_samples": 8192,
        "gmm_tol": 0.001,
        "intv_type": "hard",
        "new_noise_var": 0.1,
        "dtype": "simulation",
        "cutoff_drop_ratio": 0.07,
        "intv_targets": [
            0,
            1,
            2,
            3,
            4,
            5
        ]
    },
    "intv_args_dict": {
        "0": {
            "intv_type": "hard",
            "inode": 0,
            "new_mui": 1.0,
            "new_vari": 0.1,
            "noise_type": "gaussian",
            "obs_noise_gamma_shape": null,
            "true_params": {
                "Si": [
                    [
                        0.1,
                        -0.0545561900334696,
                        -0.0520116534159137,
                        -0.14833362442301845,
                        -0.13923269716397976,
                        0.3101603728212496
                    ],
                    [
                        -0.0545561900334696,
                        1.0297637787096805,
                        -0.7676016189106298,
                        0.12014999363334974,
                        0.7181115098396746,
                        -0.8850022161307008
                    ],
                    [
                        -0.0520116534159137,
                        -0.7676016189106298,
                        1.660631816487944,
                        0.6512957806376676,
                        -0.007246035816670771,
                        -1.2728793355292884
                    ],
                    [
                        -0.14833362442301845,
                        0.12014999363334974,
                        0.6512957806376676,
                        1.5880365195660682,
                        1.2056665208424335,
                        -2.7573845447103507
                    ],
                    [
                        -0.13923269716397976,
                        0.7181115098396745,
                        -0.007246035816670771,
                        1.2056665208424335,
                        2.3003971481068053,
                        -3.3712771366486263
                    ],
                    [
                        0.3101603728212496,
                        -0.8850022161307008,
                        -1.2728793355292884,
                        -2.7573845447103507,
                        -3.3712771366486267,
                        7.6109451691435925
                    ]
                ],
                "mui": [
                    1.0,
                    -0.545561900334696,
                    -0.520116534159137,
                    -1.4833362442301845,
                    -1.3923269716397977,
                    3.1016037282124955
                ],
                "Ai": [
                    [
                        0.0,
                        0.0,
                        0.0,
                        0.0,
                        0.0,
                        0.0
                    ],
                    [
                        -0.545561900334696,
                        0.0,
                        0.0,
                        0.0,
                        0.0,
                        0.0
                    ],
                    [
                        -0.9543713654979677,
                        -0.7959771953877653,
                        0.0,
                        0.0,
                        0.0,
                        0.0
                    ],
                    [
                        -0.8841916780613097,
                        0.5210832036853887,
                        0.6053670719059403,
                        0.0,
                        0.0,
                        0.0
                    ],
                    [
                        0.0,
                        0.6141940121133594,
                        0.0,
                        0.7127487940306664,
                        0.0,
                        0.0
                    ],
                    [
                        -0.0,
                        -0.8723052140283878,
                        -0.9237416759674248,
                        -0.6367557493502141,
                        -0.862391565872996,
                        0.0
                    ]
                ]
            },
            "oracle_est_tgt": [
                0,
                5
            ]
        },
        "1": {
            "intv_type": "hard",
            "inode": 1,
            "new_mui": 1.0,
            "new_vari": 0.1,
            "noise_type": "gaussian",
            "obs_noise_gamma_shape": null,
            "true_params": {
                "Si": [
                    [
                        1.0,
                        0.0,
                        -0.9543713654979677,
                        -1.4619366771036884,
                        -1.0419936035548536,
                        2.7110956843914495
                    ],
                    [
                        0.0,
                        0.1,
                        -0.07959771953877653,
                        0.003922481960959473,
                        0.06421514549861686,
                        -0.07157905337258222
                    ],
                    [
                        -0.9543713654979677,
                        -0.07959771953877653,
                        1.9741826728401928,
                        1.9974753685147053,
                        1.374809717296222,
                        -4.211729535060481
                    ],
                    [
                        -1.4619366771036884,
                        0.003922481960959473,
                        1.9974753685147053,
                        3.5038819982562863,
                        2.4997968336159735,
                        -6.2354935592227445
                    ],
                    [
                        -1.0419936035548536,
                        0.06421514549861686,
                        1.374809717296222,
                        2.4997968336159735,
                        2.8211677363337024,
                        -5.350695506369178
                    ],
                    [
                        2.7110956843914495,
                        -0.07157905337258222,
                        -4.211729535060481,
                        -6.2354935592227445,
                        -5.350695506369178,
                        13.537869931029022
                    ]
                ],
                "mui": [
                    0.0,
                    1.0,
                    -0.7959771953877653,
                    0.03922481960959473,
                    0.6421514549861685,
                    -0.7157905337258221
                ],
                "Ai": [
                    [
                        0.0,
                        0.0,
                        0.0,
                        0.0,
                        0.0,
                        0.0
                    ],
                    [
                        0.0,
                        0.0,
                        0.0,
                        0.0,
                        0.0,
                        0.0
                    ],
                    [
                        -0.9543713654979677,
                        -0.7959771953877653,
                        0.0,
                        0.0,
                        0.0,
                        0.0
                    ],
                    [
                        -0.8841916780613097,
                        0.5210832036853887,
                        0.6053670719059403,
                        0.0,
                        0.0,
                        0.0
                    ],
                    [
                        0.0,
                        0.6141940121133594,
                        0.0,
                        0.7127487940306664,
                        0.0,
                        0.0
                    ],
                    [
                        -0.0,
                        -0.8723052140283878,
                        -0.9237416759674248,
                        -0.6367557493502141,
                        -0.862391565872996,
                        0.0
                    ]
                ]
            },
            "oracle_est_tgt": [
                1
            ]
        },
        "2": {
            "intv_type": "hard",
            "inode": 2,
            "new_mui": 1.0,
            "new_vari": 0.1,
            "noise_type": "gaussian",
            "obs_noise_gamma_shape": null,
            "true_params": {
                "Si": [
                    [
                        1.0,
                        -0.545561900334696,
                        0.0,
                        -1.1684748208964018,
                        -1.1679098718718648,
                        2.2271251736160442
                    ],
                    [
                        -0.545561900334696,
                        1.2976377870968048,
                        0.0,
                        1.1585585474668734,
                        1.6227625662478222,
                        -3.269111774209707
                    ],
                    [
                        0.0,
                        0.0,
                        0.1,
                        0.060536707190594036,
                        0.04314746504468347,
                        -0.1681312738904186
                    ],
                    [
                        -1.1684748208964018,
                        1.1585585474668734,
                        0.060536707190594036,
                        2.673508041406704,
                        2.6171193548808214,
                        -5.025890215902244
                    ],
                    [
                        -1.1679098718718648,
                        1.6227625662478222,
                        0.04314746504468347,
                        2.6171193548808214,
                        3.862039715296742,
                        -6.452457632836728
                    ],
                    [
                        2.2271251736160442,
                        -3.269111774209707,
                        -0.1681312738904186,
                        -5.025890215902244,
                        -6.452457632836728,
                        12.771782642900767
                    ]
                ],
                "mui": [
                    0.0,
                    0.0,
                    1.0,
                    0.6053670719059403,
                    0.43147465044683464,
                    -1.681312738904186
                ],
                "Ai": [
                    [
                        0.0,
                        0.0,
                        0.0,
                        0.0,
                        0.0,
                        0.0
                    ],
                    [
                        -0.545561900334696,
                        0.0,
                        0.0,
                        0.0,
                        0.0,
                        0.0
                    ],
                    [
                        0.0,
                        0.0,
                        0.0,
                        0.0,
                        0.0,
                        0.0
                    ],
                    [
                        -0.8841916780613097,
                        0.5210832036853887,
                        0.6053670719059403,
                        0.0,
                        0.0,
                        0.0
                    ],
                    [
                        0.0,
                        0.6141940121133594,
                        0.0,
                        0.7127487940306664,
                        0.0,
                        0.0
                    ],
                    [
                        -0.0,
                        -0.8723052140283878,
                        -0.9237416759674248,
                        -0.6367557493502141,
                        -0.862391565872996,
                        0.0
                    ]
                ]
            },
            "oracle_est_tgt": [
                2,
                3,
                5
            ]
        },
        "3": {
            "intv_type": "hard",
            "inode": 3,
            "new_mui": 1.0,
            "new_vari": 0.1,
            "noise_type": "gaussian",
            "obs_noise_gamma_shape": null,
            "true_params": {
                "Si": [
                    [
                        1.0,
                        -0.545561900334696,
                        -0.520116534159137,
                        0.0,
                        -0.33508085242275565,
                        1.245320710214639
                    ],
                    [
                        -0.545561900334696,
                        1.2976377870968048,
                        -0.5122214306164108,
                        0.0,
                        0.7970013587268878,
                        -1.3461031745761527
                    ],
                    [
                        -0.520116534159137,
                        -0.5122214306164108,
                        1.9041009046830855,
                        0.0,
                        -0.3146033355607381,
                        -1.0407726730561755
                    ],
                    [
                        0.0,
                        0.0,
                        0.0,
                        0.1,
                        0.07127487940306663,
                        -0.125142429790841
                    ],
                    [
                        -0.33508085242275565,
                        0.7970013587268878,
                        -0.3146033355607381,
                        0.07127487940306663,
                        1.540314546515483,
                        -1.7783551912999425
                    ],
                    [
                        1.245320710214639,
                        -1.3461031745761527,
                        -1.0407726730561755,
                        -0.125142429790841,
                        -1.7783551912999425,
                        4.748941590873454
                    ]
                ],
                "mui": [
                    0.0,
                    0.0,
                    0.0,
                    1.0,
                    0.7127487940306664,
                    -1.25142429790841
                ],
                "Ai": [
                    [
                        0.0,
                        0.0,
                        0.0,
                        0.0,
                        0.0,
                        0.0
                    ],
                    [
                        -0.545561900334696,
                        0.0,
                        0.0,
                        0.0,
                        0.0,
                        0.0
                    ],
                    [
                        -0.9543713654979677,
                        -0.7959771953877653,
                        0.0,
                        0.0,
                        0.0,
                        0.0
                    ],
                    [
                        0.0,
                        0.0,
                        0.0,
                        0.0,
                        0.0,
                        0.0
                    ],
                    [
                        0.0,
                        0.6141940121133594,
                        0.0,
                        0.7127487940306664,
                        0.0,
                        0.0
                    ],
                    [
                        -0.0,
                        -0.8723052140283878,
                        -0.9237416759674248,
                        -0.6367557493502141,
                        -0.862391565872996,
                        0.0
                    ]
                ]
            },
            "oracle_est_tgt": [
                2,
                3,
                4,
                5
            ]
        },
        "4": {
            "intv_type": "hard",
            "inode": 4,
            "new_mui": 1.0,
            "new_vari": 0.1,
            "noise_type": "gaussian",
            "obs_noise_gamma_shape": null,
            "true_params": {
                "Si": [
                    [
                        1.0,
                        -0.545561900334696,
                        -0.520116534159137,
                        -1.4833362442301845,
                        0.0,
                        1.9008726909328437
                    ],
                    [
                        -0.545561900334696,
                        1.2976377870968048,
                        -0.5122214306164108,
                        0.8484765598471449,
                        0.0,
                        -1.199048252492327
                    ],
                    [
                        -0.520116534159137,
                        -0.5122214306164108,
                        1.9041009046830855,
                        1.3456527163451386,
                        0.0,
                        -2.168936040000768
                    ],
                    [
                        -1.4833362442301845,
                        0.8484765598471449,
                        1.3456527163451386,
                        3.568294291668287,
                        0.0,
                        -4.255297928195641
                    ],
                    [
                        0.0,
                        0.0,
                        0.0,
                        0.0,
                        0.1,
                        -0.08623915658729961
                    ],
                    [
                        1.9008726909328437,
                        -1.199048252492327,
                        -2.168936040000768,
                        -4.255297928195641,
                        -0.08623915658729961,
                        6.83342999744266
                    ]
                ],
                "mui": [
                    0.0,
                    0.0,
                    0.0,
                    0.0,
                    1.0,
                    -0.862391565872996
                ],
                "Ai": [
                    [
                        0.0,
                        0.0,
                        0.0,
                        0.0,
                        0.0,
                        0.0
                    ],
                    [
                        -0.545561900334696,
                        0.0,
                        0.0,
                        0.0,
                        0.0,
                        0.0
                    ],
                    [
                        -0.9543713654979677,
                        -0.7959771953877653,
                        0.0,
                        0.0,
                        0.0,
                        0.0
                    ],
                    [
                        -0.8841916780613097,
                        0.5210832036853887,
                        0.6053670719059403,
                        0.0,
                        0.0,
                        0.0
                    ],
                    [
                        0.0,
                        0.0,
                        0.0,
                        0.0,
                        0.0,
                        0.0
                    ],
                    [
                        -0.0,
                        -0.8723052140283878,
                        -0.9237416759674248,
                        -0.6367557493502141,
                        -0.862391565872996,
                        0.0
                    ]
                ]
            },
            "oracle_est_tgt": [
                2,
                4,
                5
            ]
        },
        "5": {
            "intv_type": "hard",
            "inode": 5,
            "new_mui": 1.0,
            "new_vari": 0.1,
            "noise_type": "gaussian",
            "obs_noise_gamma_shape": null,
            "true_params": {
                "Si": [
                    [
                        1.0,
                        -0.545561900334696,
                        -0.520116534159137,
                        -1.4833362442301845,
                        -1.3923269716397977,
                        0.0
                    ],
                    [
                        -0.545561900334696,
                        1.2976377870968048,
                        -0.5122214306164108,
                        0.8484765598471449,
                        1.401752003521229,
                        0.0
                    ],
                    [
                        -0.520116534159137,
                        -0.5122214306164108,
                        1.9041009046830855,
                        1.3456527163451386,
                        0.6445090151983499,
                        0.0
                    ],
                    [
                        -1.4833362442301845,
                        0.8484765598471449,
                        1.3456527163451386,
                        3.568294291668287,
                        3.0644266756097416,
                        0.0
                    ],
                    [
                        -1.3923269716397977,
                        1.401752003521229,
                        0.6445090151983499,
                        3.0644266756097416,
                        4.04511410446689,
                        0.0
                    ],
                    [
                        0.0,
                        0.0,
                        0.0,
                        0.0,
                        0.0,
                        0.1
                    ]
                ],
                "mui": [
                    0.0,
                    0.0,
                    0.0,
                    0.0,
                    0.0,
                    1.0
                ],
                "Ai": [
                    [
                        0.0,
                        0.0,
                        0.0,
                        0.0,
                        0.0,
                        0.0
                    ],
                    [
                        -0.545561900334696,
                        0.0,
                        0.0,
                        0.0,
                        0.0,
                        0.0
                    ],
                    [
                        -0.9543713654979677,
                        -0.7959771953877653,
                        0.0,
                        0.0,
                        0.0,
                        0.0
                    ],
                    [
                        -0.8841916780613097,
                        0.5210832036853887,
                        0.6053670719059403,
                        0.0,
                        0.0,
                        0.0
                    ],
                    [
                        0.0,
                        0.6141940121133594,
                        0.0,
                        0.7127487940306664,
                        0.0,
                        0.0
                    ],
                    [
                        0.0,
                        0.0,
                        0.0,
                        0.0,
                        0.0,
                        0.0
                    ]
                ]
            },
            "oracle_est_tgt": [
                2,
                4,
                5
            ]
        },
        "obs": {
            "intv_type": "obs",
            "noise_type": "gaussian",
            "obs_noise_gamma_shape": null,
            "true_params": {
                "Si": [
                    [
                        1.0,
                        -0.545561900334696,
                        -0.520116534159137,
                        -1.4833362442301845,
                        -1.3923269716397977,
                        3.1016037282124955
                    ],
                    [
                        -0.545561900334696,
                        1.2976377870968048,
                        -0.5122214306164108,
                        0.8484765598471449,
                        1.401752003521229,
                        -2.407907357774609
                    ],
                    [
                        -0.520116534159137,
                        -0.5122214306164108,
                        1.9041009046830855,
                        1.3456527163451386,
                        0.6445090151983499,
                        -2.7247551788369355
                    ],
                    [
                        -1.4833362442301845,
                        0.8484765598471449,
                        1.3456527163451386,
                        3.568294291668287,
                        3.0644266756097416,
                        -6.898033647477706
                    ],
                    [
                        -1.3923269716397977,
                        1.401752003521229,
                        0.6445090151983499,
                        3.0644266756097416,
                        4.04511410446689,
                        -7.257879010164555
                    ],
                    [
                        3.1016037282124955,
                        -2.407907357774609,
                        -2.7247551788369355,
                        -6.898033647477706,
                        -7.257879010164555,
                        16.26889628731908
                    ]
                ],
                "mui": [
                    0.0,
                    0.0,
                    0.0,
                    0.0,
                    0.0,
                    0.0
                ],
                "Ai": [
                    [
                        0.0,
                        0.0,
                        0.0,
                        0.0,
                        0.0,
                        0.0
                    ],
                    [
                        -0.545561900334696,
                        0.0,
                        0.0,
                        0.0,
                        0.0,
                        0.0
                    ],
                    [
                        -0.9543713654979677,
                        -0.7959771953877653,
                        0.0,
                        0.0,
                        0.0,
                        0.0
                    ],
                    [
                        -0.8841916780613097,
                        0.5210832036853887,
                        0.6053670719059403,
                        0.0,
                        0.0,
                        0.0
                    ],
                    [
                        0.0,
                        0.6141940121133594,
                        0.0,
                        0.7127487940306664,
                        0.0,
                        0.0
                    ],
                    [
                        -0.0,
                        -0.8723052140283878,
                        -0.9237416759674248,
                        -0.6367557493502141,
                        -0.862391565872996,
                        0.0
                    ]
                ]
            },
            "est_params": {
                "mui": [
                    0.14383167270369981,
                    0.06930869018590095,
                    -0.047979903464392515,
                    0.019536822970620187,
                    0.19842192073204012,
                    -0.06330773933419467
                ],
                "Si": [
                    [
                        0.9967465699325433,
                        -0.48272159282883237,
                        -0.5121943183300786,
                        -1.2538174284654156,
                        -1.0096456735751806,
                        2.124249940862684
                    ],
                    [
                        -0.48272159282883237,
                        1.2514186180220221,
                        -0.47704453427687527,
                        0.6499519555024682,
                        1.0493924309402887,
                        -1.658449384282992
                    ],
                    [
                        -0.5121943183300786,
                        -0.47704453427687527,
                        1.8783187274713071,
                        1.1315262889723958,
                        0.3995196456702232,
                        -1.9747945889715242
                    ],
                    [
                        -1.2538174284654156,
                        0.6499519555024682,
                        1.1315262889723958,
                        3.1728046339893377,
                        2.2382883506243143,
                        -4.606586762972677
                    ],
                    [
                        -1.0096456735751806,
                        1.0493924309402887,
                        0.3995196456702232,
                        2.2382883506243143,
                        3.2838002189012654,
                        -4.522639928735559
                    ],
                    [
                        2.124249940862684,
                        -1.658449384282992,
                        -1.9747945889715242,
                        -4.606586762972677,
                        -4.522639928735559,
                        11.144691000912458
                    ]
                ]
            },
            "est_tgt": [
                0,
                1,
                2,
                3,
                4,
                5
            ],
            "oracle_est_tgt": [
                0,
                1,
                2,
                3,
                4,
                5
            ]
        }
    },
    "metric_dict": {
        "param_est_rel_err": 27.014122653309304,
        "est_num_comp": 1,
        "weight_precision_error": 0.0,
        "gm_score_dict": {
            "1": -9.397540285681126,
            "2": -8.99844933030845,
            "3": -8.938229137836489,
            "4": -8.915523350069021,
            "5": -8.866439890699734,
            "6": -8.783846492417913,
            "7": -8.768080145348438
        },
        "est_dag": {
            "amat": [
                [
                    0,
                    1,
                    1,
                    0,
                    0,
                    0
                ],
                [
                    0,
                    0,
                    1,
                    0,
                    0,
                    1
                ],
                [
                    0,
                    0,
                    0,
                    0,
                    1,
                    0
                ],
                [
                    1,
                    0,
                    0,
                    0,
                    0,
                    1
                ],
                [
                    0,
                    0,
                    0,
                    0,
                    0,
                    0
                ],
                [
                    0,
                    0,
                    1,
                    0,
                    1,
                    0
                ]
            ],
            "nodes": [
                0,
                1,
                2,
                3,
                4,
                5
            ]
        },
        "oracle_est_dag": {
            "amat": [
                [
                    0,
                    1,
                    1,
                    1,
                    0,
                    0
                ],
                [
                    0,
                    0,
                    1,
                    0,
                    0,
                    1
                ],
                [
                    0,
                    0,
                    0,
                    0,
                    1,
                    0
                ],
                [
                    0,
                    0,
                    0,
                    0,
                    0,
                    1
                ],
                [
                    0,
                    0,
                    0,
                    0,
                    0,
                    0
                ],
                [
                    0,
                    0,
                    1,
                    0,
                    1,
                    0
                ]
            ],
            "nodes": [
                0,
                1,
                2,
                3,
                4,
                5
            ]
        },
        "igsp_dag": null,
        "intv_base_est_dag": null,
        "act_dag": {
            "amat": [
                [
                    0,
                    1,
                    1,
                    1,
                    0,
                    0
                ],
                [
                    0,
                    0,
                    1,
                    1,
                    1,
                    1
                ],
                [
                    0,
                    0,
                    0,
                    1,
                    0,
                    1
                ],
                [
                    0,
                    0,
                    0,
                    0,
                    1,
                    1
                ],
                [
                    0,
                    0,
                    0,
                    0,
                    0,
                    1
                ],
                [
                    0,
                    0,
                    0,
                    0,
                    0,
                    0
                ]
            ],
            "nodes": [
                0,
                1,
                2,
                3,
                4,
                5
            ]
        },
        "shd": 8,
        "oracle_shd": 7,
        "intv_base_shd": null,
        "igsp_shd": null,
        "avg_js": 0.0,
        "avg_oracle_js": 0.39285714285714285
    }
}