{
    "expt_args": {
        "save_dir": "all_expt_logs/expt_logs_sim_compsel_backward_cameraready_new_var_largerange",
        "exp_name": "351",
        "num_nodes": 6,
        "num_tgt_prior": 7,
        "obs_noise_mean": 0.0,
        "obs_noise_var": 1.0,
        "obs_noise_gamma_shape": null,
        "noise_type": "gaussian",
        "max_edge_strength": 1.0,
        "graph_sparsity_method": "adj_dense_prop",
        "adj_dense_prop": 0.8,
        "num_parents": null,
        "new_noise_mean": 1.0,
        "mix_samples": 1048576,
        "stage2_samples": 1048576,
        "gmm_tol": 0.001,
        "intv_type": "hard",
        "new_noise_var": 0.1,
        "dtype": "simulation",
        "cutoff_drop_ratio": 0.07,
        "intv_targets": [
            0,
            1,
            2,
            3,
            4,
            5
        ]
    },
    "intv_args_dict": {
        "0": {
            "intv_type": "hard",
            "inode": 0,
            "new_mui": 1.0,
            "new_vari": 0.1,
            "noise_type": "gaussian",
            "obs_noise_gamma_shape": null,
            "true_params": {
                "Si": [
                    [
                        0.1,
                        0.0,
                        -0.05784399418342933,
                        -0.050127282241348506,
                        -0.003198236195590392,
                        0.10535189343707296
                    ],
                    [
                        0.0,
                        1.0,
                        0.9913871251574466,
                        -0.12782151996975655,
                        0.10028495681496002,
                        -1.485453570103473
                    ],
                    [
                        -0.05784399418342933,
                        0.9913871251574466,
                        2.0163077085588728,
                        -0.7874674434322393,
                        0.3941000570480596,
                        -2.0330415816517404
                    ],
                    [
                        -0.050127282241348506,
                        -0.12782151996975655,
                        -0.7874674434322393,
                        1.5172104414325285,
                        0.6780659981463177,
                        1.3122127780911732
                    ],
                    [
                        -0.003198236195590392,
                        0.10028495681496002,
                        0.3941000570480596,
                        0.6780659981463177,
                        1.8902487032750046,
                        1.3737584029048153
                    ],
                    [
                        0.10535189343707296,
                        -1.485453570103473,
                        -2.0330415816517404,
                        1.3122127780911732,
                        1.3737584029048153,
                        5.125653680106103
                    ]
                ],
                "mui": [
                    1.0,
                    0.0,
                    -0.5784399418342933,
                    -0.501272822413485,
                    -0.03198236195590392,
                    1.0535189343707296
                ],
                "Ai": [
                    [
                        0.0,
                        0.0,
                        0.0,
                        0.0,
                        0.0,
                        0.0
                    ],
                    [
                        -0.0,
                        0.0,
                        0.0,
                        0.0,
                        0.0,
                        0.0
                    ],
                    [
                        -0.5784399418342933,
                        0.9913871251574466,
                        0.0,
                        0.0,
                        0.0,
                        0.0
                    ],
                    [
                        -0.9002474087973761,
                        0.555980271019493,
                        -0.689742456440164,
                        0.0,
                        0.0,
                        0.0
                    ],
                    [
                        0.9397541390575213,
                        -0.6855435960708618,
                        0.9075672527291052,
                        0.8912578782608933,
                        0.0,
                        0.0
                    ],
                    [
                        0.6365616301316686,
                        -0.8132102501153543,
                        -0.7723623968360189,
                        0.0,
                        0.9320123292600777,
                        0.0
                    ]
                ]
            },
            "oracle_est_tgt": [
                0
            ]
        },
        "1": {
            "intv_type": "hard",
            "inode": 1,
            "new_mui": 1.0,
            "new_vari": 0.1,
            "noise_type": "gaussian",
            "obs_noise_gamma_shape": null,
            "true_params": {
                "Si": [
                    [
                        1.0,
                        0.0,
                        -0.5784399418342933,
                        -0.501272822413485,
                        -0.03198236195590392,
                        1.0535189343707296
                    ],
                    [
                        0.0,
                        0.1,
                        0.09913871251574467,
                        -0.012782151996975655,
                        0.010028495681496004,
                        -0.1485453570103473
                    ],
                    [
                        -0.5784399418342933,
                        0.09913871251574467,
                        1.4328776095020552,
                        -0.4124582951218029,
                        0.3212708515486166,
                        -1.2561056796808259
                    ],
                    [
                        -0.501272822413485,
                        -0.012782151996975655,
                        -0.4124582951218029,
                        1.7286529328032305,
                        0.7040314161560655,
                        0.6660367695053022
                    ],
                    [
                        -0.03198236195590392,
                        0.010028495681496004,
                        0.3212708515486166,
                        0.7040314161560655,
                        1.8821179222966147,
                        1.4775055638226262
                    ],
                    [
                        1.0535189343707296,
                        -0.1485453570103473,
                        -1.2561056796808259,
                        0.6660367695053022,
                        1.4775055638226262,
                        4.138650532636138
                    ]
                ],
                "mui": [
                    0.0,
                    1.0,
                    0.9913871251574466,
                    -0.12782151996975655,
                    0.10028495681496002,
                    -1.485453570103473
                ],
                "Ai": [
                    [
                        0.0,
                        0.0,
                        0.0,
                        0.0,
                        0.0,
                        0.0
                    ],
                    [
                        0.0,
                        0.0,
                        0.0,
                        0.0,
                        0.0,
                        0.0
                    ],
                    [
                        -0.5784399418342933,
                        0.9913871251574466,
                        0.0,
                        0.0,
                        0.0,
                        0.0
                    ],
                    [
                        -0.9002474087973761,
                        0.555980271019493,
                        -0.689742456440164,
                        0.0,
                        0.0,
                        0.0
                    ],
                    [
                        0.9397541390575213,
                        -0.6855435960708618,
                        0.9075672527291052,
                        0.8912578782608933,
                        0.0,
                        0.0
                    ],
                    [
                        0.6365616301316686,
                        -0.8132102501153543,
                        -0.7723623968360189,
                        0.0,
                        0.9320123292600777,
                        0.0
                    ]
                ]
            },
            "oracle_est_tgt": [
                1
            ]
        },
        "2": {
            "intv_type": "hard",
            "inode": 2,
            "new_mui": 1.0,
            "new_vari": 0.1,
            "noise_type": "gaussian",
            "obs_noise_gamma_shape": null,
            "true_params": {
                "Si": [
                    [
                        1.0,
                        0.0,
                        0.0,
                        -0.9002474087973761,
                        0.1374015435829048,
                        0.7646215628103017
                    ],
                    [
                        0.0,
                        1.0,
                        0.0,
                        0.555980271019493,
                        -0.19002179936711205,
                        -0.9903129099536876
                    ],
                    [
                        0.0,
                        0.0,
                        0.1,
                        -0.0689742456440164,
                        0.029282885445578805,
                        -0.049944229412011966
                    ],
                    [
                        -0.9002474087973761,
                        0.555980271019493,
                        -0.0689742456440164,
                        2.16713392443091,
                        0.6417164738349954,
                        -0.373831034131746
                    ],
                    [
                        0.1374015435829048,
                        -0.19002179936711205,
                        0.029282885445578805,
                        0.6417164738349954,
                        1.857902947775978,
                        1.9509636798632723
                    ],
                    [
                        0.7646215628103017,
                        -0.9903129099536876,
                        -0.049944229412011966,
                        -0.373831034131746,
                        1.9509636798632723,
                        4.148958605960223
                    ]
                ],
                "mui": [
                    0.0,
                    0.0,
                    1.0,
                    -0.689742456440164,
                    0.29282885445578805,
                    -0.49944229412011965
                ],
                "Ai": [
                    [
                        0.0,
                        0.0,
                        0.0,
                        0.0,
                        0.0,
                        0.0
                    ],
                    [
                        -0.0,
                        0.0,
                        0.0,
                        0.0,
                        0.0,
                        0.0
                    ],
                    [
                        0.0,
                        0.0,
                        0.0,
                        0.0,
                        0.0,
                        0.0
                    ],
                    [
                        -0.9002474087973761,
                        0.555980271019493,
                        -0.689742456440164,
                        0.0,
                        0.0,
                        0.0
                    ],
                    [
                        0.9397541390575213,
                        -0.6855435960708618,
                        0.9075672527291052,
                        0.8912578782608933,
                        0.0,
                        0.0
                    ],
                    [
                        0.6365616301316686,
                        -0.8132102501153543,
                        -0.7723623968360189,
                        0.0,
                        0.9320123292600777,
                        0.0
                    ]
                ]
            },
            "oracle_est_tgt": [
                2
            ]
        },
        "3": {
            "intv_type": "hard",
            "inode": 3,
            "new_mui": 1.0,
            "new_vari": 0.1,
            "noise_type": "gaussian",
            "obs_noise_gamma_shape": null,
            "true_params": {
                "Si": [
                    [
                        1.0,
                        0.0,
                        -0.5784399418342933,
                        0.0,
                        0.4147809901781883,
                        1.4699078868212654
                    ],
                    [
                        0.0,
                        1.0,
                        0.9913871251574466,
                        0.0,
                        0.21420689349928765,
                        -1.3792769205404938
                    ],
                    [
                        -0.5784399418342933,
                        0.9913871251574466,
                        2.3174411982372076,
                        0.0,
                        0.8800033172316295,
                        -2.1441493412651136
                    ],
                    [
                        0.0,
                        0.0,
                        0.0,
                        0.1,
                        0.08912578782608933,
                        0.08306633310893301
                    ],
                    [
                        0.4147809901781883,
                        0.21420689349928765,
                        0.8800033172316295,
                        0.08912578782608933,
                        2.12104024181828,
                        1.386992606727211
                    ],
                    [
                        1.4699078868212654,
                        -1.3792769205404938,
                        -2.1441493412651136,
                        0.08306633310893301,
                        1.386992606727211,
                        6.00608362456564
                    ]
                ],
                "mui": [
                    0.0,
                    0.0,
                    0.0,
                    1.0,
                    0.8912578782608933,
                    0.83066333108933
                ],
                "Ai": [
                    [
                        0.0,
                        0.0,
                        0.0,
                        0.0,
                        0.0,
                        0.0
                    ],
                    [
                        -0.0,
                        0.0,
                        0.0,
                        0.0,
                        0.0,
                        0.0
                    ],
                    [
                        -0.5784399418342933,
                        0.9913871251574466,
                        0.0,
                        0.0,
                        0.0,
                        0.0
                    ],
                    [
                        0.0,
                        0.0,
                        0.0,
                        0.0,
                        0.0,
                        0.0
                    ],
                    [
                        0.9397541390575213,
                        -0.6855435960708618,
                        0.9075672527291052,
                        0.8912578782608933,
                        0.0,
                        0.0
                    ],
                    [
                        0.6365616301316686,
                        -0.8132102501153543,
                        -0.7723623968360189,
                        0.0,
                        0.9320123292600777,
                        0.0
                    ]
                ]
            },
            "oracle_est_tgt": [
                3
            ]
        },
        "4": {
            "intv_type": "hard",
            "inode": 4,
            "new_mui": 1.0,
            "new_vari": 0.1,
            "noise_type": "gaussian",
            "obs_noise_gamma_shape": null,
            "true_params": {
                "Si": [
                    [
                        1.0,
                        0.0,
                        -0.5784399418342933,
                        -0.501272822413485,
                        0.0,
                        1.0833268900324906
                    ],
                    [
                        0.0,
                        1.0,
                        0.9913871251574466,
                        -0.12782151996975655,
                        0.0,
                        -1.5789203862943302
                    ],
                    [
                        -0.5784399418342933,
                        0.9913871251574466,
                        2.3174411982372076,
                        -0.5265068434162677,
                        0.0,
                        -2.96432328271476
                    ],
                    [
                        -0.501272822413485,
                        -0.12782151996975655,
                        -0.5265068434162677,
                        1.7433574396738716,
                        0.0,
                        0.19150881278005524
                    ],
                    [
                        0.0,
                        0.0,
                        0.0,
                        0.0,
                        0.1,
                        0.09320123292600778
                    ],
                    [
                        1.0833268900324906,
                        -1.5789203862943302,
                        -2.96432328271476,
                        0.19150881278005524,
                        0.09320123292600778,
                        5.349995107158865
                    ]
                ],
                "mui": [
                    0.0,
                    0.0,
                    0.0,
                    0.0,
                    1.0,
                    0.9320123292600777
                ],
                "Ai": [
                    [
                        0.0,
                        0.0,
                        0.0,
                        0.0,
                        0.0,
                        0.0
                    ],
                    [
                        -0.0,
                        0.0,
                        0.0,
                        0.0,
                        0.0,
                        0.0
                    ],
                    [
                        -0.5784399418342933,
                        0.9913871251574466,
                        0.0,
                        0.0,
                        0.0,
                        0.0
                    ],
                    [
                        -0.9002474087973761,
                        0.555980271019493,
                        -0.689742456440164,
                        0.0,
                        0.0,
                        0.0
                    ],
                    [
                        0.0,
                        0.0,
                        0.0,
                        0.0,
                        0.0,
                        0.0
                    ],
                    [
                        0.6365616301316686,
                        -0.8132102501153543,
                        -0.7723623968360189,
                        0.0,
                        0.9320123292600777,
                        0.0
                    ]
                ]
            },
            "oracle_est_tgt": [
                4
            ]
        },
        "5": {
            "intv_type": "hard",
            "inode": 5,
            "new_mui": 1.0,
            "new_vari": 0.1,
            "noise_type": "gaussian",
            "obs_noise_gamma_shape": null,
            "true_params": {
                "Si": [
                    [
                        1.0,
                        0.0,
                        -0.5784399418342933,
                        -0.501272822413485,
                        -0.03198236195590392,
                        0.0
                    ],
                    [
                        0.0,
                        1.0,
                        0.9913871251574466,
                        -0.12782151996975655,
                        0.10028495681496002,
                        0.0
                    ],
                    [
                        -0.5784399418342933,
                        0.9913871251574466,
                        2.3174411982372076,
                        -0.5265068434162677,
                        0.41074994507860635,
                        0.0
                    ],
                    [
                        -0.501272822413485,
                        -0.12782151996975655,
                        -0.5265068434162677,
                        1.7433574396738716,
                        0.6924946981068949,
                        0.0
                    ],
                    [
                        -0.03198236195590392,
                        0.10028495681496002,
                        0.41074994507860635,
                        0.6924946981068949,
                        1.8911692876036552,
                        0.0
                    ],
                    [
                        0.0,
                        0.0,
                        0.0,
                        0.0,
                        0.0,
                        0.1
                    ]
                ],
                "mui": [
                    0.0,
                    0.0,
                    0.0,
                    0.0,
                    0.0,
                    1.0
                ],
                "Ai": [
                    [
                        0.0,
                        0.0,
                        0.0,
                        0.0,
                        0.0,
                        0.0
                    ],
                    [
                        -0.0,
                        0.0,
                        0.0,
                        0.0,
                        0.0,
                        0.0
                    ],
                    [
                        -0.5784399418342933,
                        0.9913871251574466,
                        0.0,
                        0.0,
                        0.0,
                        0.0
                    ],
                    [
                        -0.9002474087973761,
                        0.555980271019493,
                        -0.689742456440164,
                        0.0,
                        0.0,
                        0.0
                    ],
                    [
                        0.9397541390575213,
                        -0.6855435960708618,
                        0.9075672527291052,
                        0.8912578782608933,
                        0.0,
                        0.0
                    ],
                    [
                        0.0,
                        0.0,
                        0.0,
                        0.0,
                        0.0,
                        0.0
                    ]
                ]
            },
            "oracle_est_tgt": [
                5
            ]
        },
        "obs": {
            "intv_type": "obs",
            "noise_type": "gaussian",
            "obs_noise_gamma_shape": null,
            "true_params": {
                "Si": [
                    [
                        1.0,
                        0.0,
                        -0.5784399418342933,
                        -0.501272822413485,
                        -0.03198236195590392,
                        1.0535189343707296
                    ],
                    [
                        0.0,
                        1.0,
                        0.9913871251574466,
                        -0.12782151996975655,
                        0.10028495681496002,
                        -1.485453570103473
                    ],
                    [
                        -0.5784399418342933,
                        0.9913871251574466,
                        2.3174411982372076,
                        -0.5265068434162677,
                        0.41074994507860635,
                        -2.5814992696585985
                    ],
                    [
                        -0.501272822413485,
                        -0.12782151996975655,
                        -0.5265068434162677,
                        1.7433574396738716,
                        0.6924946981068949,
                        0.8369224093629167
                    ],
                    [
                        -0.03198236195590392,
                        0.10028495681496002,
                        0.41074994507860635,
                        0.6924946981068949,
                        1.8911692876036552,
                        1.3434337814070167
                    ],
                    [
                        1.0535189343707296,
                        -1.485453570103473,
                        -2.5814992696585985,
                        0.8369224093629167,
                        1.3434337814070167,
                        6.124565610675977
                    ]
                ],
                "mui": [
                    0.0,
                    0.0,
                    0.0,
                    0.0,
                    0.0,
                    0.0
                ],
                "Ai": [
                    [
                        0.0,
                        0.0,
                        0.0,
                        0.0,
                        0.0,
                        0.0
                    ],
                    [
                        -0.0,
                        0.0,
                        0.0,
                        0.0,
                        0.0,
                        0.0
                    ],
                    [
                        -0.5784399418342933,
                        0.9913871251574466,
                        0.0,
                        0.0,
                        0.0,
                        0.0
                    ],
                    [
                        -0.9002474087973761,
                        0.555980271019493,
                        -0.689742456440164,
                        0.0,
                        0.0,
                        0.0
                    ],
                    [
                        0.9397541390575213,
                        -0.6855435960708618,
                        0.9075672527291052,
                        0.8912578782608933,
                        0.0,
                        0.0
                    ],
                    [
                        0.6365616301316686,
                        -0.8132102501153543,
                        -0.7723623968360189,
                        0.0,
                        0.9320123292600777,
                        0.0
                    ]
                ]
            },
            "est_params": {
                "mui": [
                    0.1439369518046813,
                    0.1429793556442329,
                    0.19938202528620266,
                    -0.045528738408213615,
                    0.32007449208173744,
                    0.26384424484139246
                ],
                "Si": [
                    [
                        0.9918817698493894,
                        -0.021800714244851856,
                        -0.5341919143362446,
                        -0.48766613826994054,
                        0.012064305856854722,
                        0.902511187198621
                    ],
                    [
                        -0.021800714244851856,
                        0.9939879820784842,
                        0.8382701145783459,
                        -0.009717789912693743,
                        0.014074466932859242,
                        -1.2631282917964575
                    ],
                    [
                        -0.5341919143362446,
                        0.8382701145783459,
                        2.12558136155769,
                        -0.4728223030384442,
                        0.3429408190157139,
                        -2.002499424102387
                    ],
                    [
                        -0.48766613826994054,
                        -0.009717789912693743,
                        -0.4728223030384442,
                        1.7813551308018971,
                        0.6130964666117539,
                        0.5241396222421937
                    ],
                    [
                        0.012064305856854722,
                        0.014074466932859242,
                        0.3429408190157139,
                        0.6130964666117539,
                        1.8258536717838092,
                        1.1955930910867028
                    ],
                    [
                        0.902511187198621,
                        -1.2631282917964575,
                        -2.002499424102387,
                        0.5241396222421937,
                        1.1955930910867028,
                        5.2442604896068445
                    ]
                ]
            },
            "est_tgt": [
                0,
                1,
                2,
                3,
                4,
                5
            ],
            "oracle_est_tgt": [
                0,
                1,
                2,
                3,
                4,
                5
            ]
        }
    },
    "metric_dict": {
        "param_est_rel_err": 6.495317462094505,
        "est_num_comp": 1,
        "weight_precision_error": 0.0,
        "gm_score_dict": {
            "1": -8.907007948481139,
            "2": -8.859496617605341,
            "3": -8.707721409777315,
            "4": -8.696269930287883,
            "5": -8.626935781409252,
            "6": -8.56877356375603,
            "7": -8.567963294666802
        },
        "est_dag": {
            "amat": [
                [
                    0,
                    0,
                    1,
                    1,
                    1,
                    1
                ],
                [
                    0,
                    0,
                    1,
                    1,
                    1,
                    1
                ],
                [
                    0,
                    0,
                    0,
                    0,
                    1,
                    1
                ],
                [
                    0,
                    0,
                    1,
                    0,
                    1,
                    0
                ],
                [
                    0,
                    0,
                    0,
                    0,
                    0,
                    1
                ],
                [
                    0,
                    0,
                    0,
                    0,
                    0,
                    0
                ]
            ],
            "nodes": [
                0,
                1,
                2,
                3,
                4,
                5
            ]
        },
        "oracle_est_dag": {
            "amat": [
                [
                    0,
                    0,
                    1,
                    1,
                    1,
                    1
                ],
                [
                    0,
                    0,
                    1,
                    1,
                    1,
                    1
                ],
                [
                    0,
                    0,
                    0,
                    1,
                    1,
                    1
                ],
                [
                    0,
                    0,
                    0,
                    0,
                    1,
                    0
                ],
                [
                    0,
                    0,
                    0,
                    0,
                    0,
                    1
                ],
                [
                    0,
                    0,
                    0,
                    0,
                    0,
                    0
                ]
            ],
            "nodes": [
                0,
                1,
                2,
                3,
                4,
                5
            ]
        },
        "igsp_dag": null,
        "intv_base_est_dag": null,
        "act_dag": {
            "amat": [
                [
                    0,
                    0,
                    1,
                    1,
                    1,
                    1
                ],
                [
                    0,
                    0,
                    1,
                    1,
                    1,
                    1
                ],
                [
                    0,
                    0,
                    0,
                    1,
                    1,
                    1
                ],
                [
                    0,
                    0,
                    0,
                    0,
                    1,
                    0
                ],
                [
                    0,
                    0,
                    0,
                    0,
                    0,
                    1
                ],
                [
                    0,
                    0,
                    0,
                    0,
                    0,
                    0
                ]
            ],
            "nodes": [
                0,
                1,
                2,
                3,
                4,
                5
            ]
        },
        "shd": 1,
        "oracle_shd": 0,
        "intv_base_shd": null,
        "igsp_shd": null,
        "avg_js": 0.0,
        "avg_oracle_js": 0.8571428571428571
    }
}