{
    "expt_args": {
        "save_dir": "all_expt_logs/expt_logs_sim_compsel_backward_cameraready_new_var_largerange",
        "exp_name": "22",
        "num_nodes": 6,
        "num_tgt_prior": 7,
        "obs_noise_mean": 0.0,
        "obs_noise_var": 1.0,
        "obs_noise_gamma_shape": null,
        "noise_type": "gaussian",
        "max_edge_strength": 1.0,
        "graph_sparsity_method": "adj_dense_prop",
        "adj_dense_prop": 0.8,
        "num_parents": null,
        "new_noise_mean": 1.0,
        "mix_samples": 1024,
        "stage2_samples": 1024,
        "gmm_tol": 0.001,
        "intv_type": "hard",
        "new_noise_var": 1.0,
        "dtype": "simulation",
        "cutoff_drop_ratio": 0.07,
        "intv_targets": [
            0,
            1,
            2,
            3,
            4,
            5
        ]
    },
    "intv_args_dict": {
        "0": {
            "intv_type": "hard",
            "inode": 0,
            "new_mui": 1.0,
            "new_vari": 1.0,
            "noise_type": "gaussian",
            "obs_noise_gamma_shape": null,
            "true_params": {
                "Si": [
                    [
                        1.0,
                        -0.7067527001520373,
                        -1.0830712403767973,
                        -0.6081567093322958,
                        -0.592541991660796,
                        -0.10342359803209178
                    ],
                    [
                        -0.7067527001520373,
                        1.4994993791721956,
                        1.524976004312781,
                        1.9370395146933057,
                        0.1888339925846576,
                        1.8371245559902598
                    ],
                    [
                        -1.0830712403767973,
                        1.524976004312781,
                        2.749902520099967,
                        2.763188144020314,
                        0.06390252205321068,
                        3.120877419614535
                    ],
                    [
                        -0.6081567093322958,
                        1.9370395146933057,
                        2.763188144020314,
                        4.56270832996208,
                        -1.367046987950848,
                        5.542979669821538
                    ],
                    [
                        -0.592541991660796,
                        0.1888339925846576,
                        0.06390252205321068,
                        -1.367046987950848,
                        2.5542740727880258,
                        -2.7619271545806576
                    ],
                    [
                        -0.10342359803209178,
                        1.8371245559902598,
                        3.120877419614535,
                        5.542979669821538,
                        -2.7619271545806576,
                        8.678973423502695
                    ]
                ],
                "mui": [
                    1.0,
                    -0.7067527001520373,
                    -1.0830712403767973,
                    -0.6081567093322958,
                    -0.592541991660796,
                    -0.10342359803209178
                ],
                "Ai": [
                    [
                        0.0,
                        0.0,
                        0.0,
                        0.0,
                        0.0,
                        0.0
                    ],
                    [
                        -0.7067527001520373,
                        0.0,
                        0.0,
                        0.0,
                        0.0,
                        0.0
                    ],
                    [
                        -0.5462837438291444,
                        0.7595124807194633,
                        0.0,
                        0.0,
                        0.0,
                        0.0
                    ],
                    [
                        0.9813765819579547,
                        0.7782762049281722,
                        0.9597563329551166,
                        0.0,
                        0.0,
                        0.0
                    ],
                    [
                        -0.0,
                        0.8497793158763807,
                        0.5506250918145308,
                        -0.9938360068508119,
                        0.0,
                        0.0
                    ],
                    [
                        0.8583938508568913,
                        -0.0,
                        0.7920451323237077,
                        0.6899902824145788,
                        -0.5326982375562415,
                        0.0
                    ]
                ]
            },
            "oracle_est_tgt": [
                0
            ]
        },
        "1": {
            "intv_type": "hard",
            "inode": 1,
            "new_mui": 1.0,
            "new_vari": 1.0,
            "noise_type": "gaussian",
            "obs_noise_gamma_shape": null,
            "true_params": {
                "Si": [
                    [
                        1.0,
                        0.0,
                        -0.5462837438291444,
                        0.45707729922750284,
                        -0.7550574144891233,
                        1.1433091194208524
                    ],
                    [
                        0.0,
                        1.0,
                        0.7595124807194633,
                        1.507223118257128,
                        -0.22994665997507596,
                        1.76402964882164
                    ],
                    [
                        -0.5462837438291444,
                        0.7595124807194633,
                        1.8752851371406192,
                        1.8548172042589988,
                        -0.16538707663711313,
                        2.38429110889846
                    ],
                    [
                        0.45707729922750284,
                        1.507223118257128,
                        1.8548172042589988,
                        4.401773404325302,
                        -2.0725249795168716,
                        6.002662559262092
                    ],
                    [
                        -0.7550574144891233,
                        -0.22994665997507596,
                        -0.16538707663711313,
                        -2.0725249795168716,
                        2.7732797600816825,
                        -3.6864740070150637
                    ],
                    [
                        1.1433091194208524,
                        1.76402964882164,
                        2.38429110889846,
                        6.002662559262092,
                        -3.6864740070150637,
                        9.975432725423678
                    ]
                ],
                "mui": [
                    0.0,
                    1.0,
                    0.7595124807194633,
                    1.507223118257128,
                    -0.22994665997507596,
                    1.76402964882164
                ],
                "Ai": [
                    [
                        0.0,
                        0.0,
                        0.0,
                        0.0,
                        0.0,
                        0.0
                    ],
                    [
                        0.0,
                        0.0,
                        0.0,
                        0.0,
                        0.0,
                        0.0
                    ],
                    [
                        -0.5462837438291444,
                        0.7595124807194633,
                        0.0,
                        0.0,
                        0.0,
                        0.0
                    ],
                    [
                        0.9813765819579547,
                        0.7782762049281722,
                        0.9597563329551166,
                        0.0,
                        0.0,
                        0.0
                    ],
                    [
                        -0.0,
                        0.8497793158763807,
                        0.5506250918145308,
                        -0.9938360068508119,
                        0.0,
                        0.0
                    ],
                    [
                        0.8583938508568913,
                        -0.0,
                        0.7920451323237077,
                        0.6899902824145788,
                        -0.5326982375562415,
                        0.0
                    ]
                ]
            },
            "oracle_est_tgt": [
                1,
                3,
                5
            ]
        },
        "2": {
            "intv_type": "hard",
            "inode": 2,
            "new_mui": 1.0,
            "new_vari": 1.0,
            "noise_type": "gaussian",
            "obs_noise_gamma_shape": null,
            "true_params": {
                "Si": [
                    [
                        1.0,
                        -0.7067527001520373,
                        0.0,
                        0.43132777266088873,
                        -1.0292528972541355,
                        1.7042870268953627
                    ],
                    [
                        -0.7067527001520373,
                        1.4994993791721956,
                        0.0,
                        0.47343413694952496,
                        0.8037276644172295,
                        -0.7081515283387607
                    ],
                    [
                        0.0,
                        0.0,
                        1.0,
                        0.9597563329551166,
                        -0.4032153096793606,
                        1.6690597603704784
                    ],
                    [
                        0.43132777266088873,
                        0.47343413694952496,
                        0.9597563329551166,
                        2.7128897172734545,
                        -1.7653870276791972,
                        3.9427055399203352
                    ],
                    [
                        -1.0292528972541355,
                        0.8037276644172295,
                        -0.4032153096793606,
                        -1.7653870276791972,
                        3.215475872041089,
                        -4.133847305029834
                    ],
                    [
                        1.7042870268953627,
                        -0.7081515283387607,
                        1.6690597603704784,
                        3.9427055399203352,
                        -4.133847305029834,
                        8.707441845424132
                    ]
                ],
                "mui": [
                    0.0,
                    0.0,
                    1.0,
                    0.9597563329551166,
                    -0.4032153096793606,
                    1.6690597603704784
                ],
                "Ai": [
                    [
                        0.0,
                        0.0,
                        0.0,
                        0.0,
                        0.0,
                        0.0
                    ],
                    [
                        -0.7067527001520373,
                        0.0,
                        0.0,
                        0.0,
                        0.0,
                        0.0
                    ],
                    [
                        0.0,
                        0.0,
                        0.0,
                        0.0,
                        0.0,
                        0.0
                    ],
                    [
                        0.9813765819579547,
                        0.7782762049281722,
                        0.9597563329551166,
                        0.0,
                        0.0,
                        0.0
                    ],
                    [
                        -0.0,
                        0.8497793158763807,
                        0.5506250918145308,
                        -0.9938360068508119,
                        0.0,
                        0.0
                    ],
                    [
                        0.8583938508568913,
                        -0.0,
                        0.7920451323237077,
                        0.6899902824145788,
                        -0.5326982375562415,
                        0.0
                    ]
                ]
            },
            "oracle_est_tgt": [
                1,
                2,
                5
            ]
        },
        "3": {
            "intv_type": "hard",
            "inode": 3,
            "new_mui": 1.0,
            "new_vari": 1.0,
            "noise_type": "gaussian",
            "obs_noise_gamma_shape": null,
            "true_params": {
                "Si": [
                    [
                        1.0,
                        -0.7067527001520373,
                        -1.0830712403767973,
                        0.0,
                        -1.1969500272031348,
                        0.6381657168906539
                    ],
                    [
                        -0.7067527001520373,
                        1.4994993791721956,
                        1.524976004312781,
                        0.0,
                        2.1139336089796874,
                        -0.5249110585750018
                    ],
                    [
                        -1.0830712403767973,
                        1.524976004312781,
                        2.749902520099967,
                        0.0,
                        2.8100583932838656,
                        -0.2485679409019519
                    ],
                    [
                        0.0,
                        0.0,
                        0.0,
                        1.0,
                        -0.9938360068508119,
                        1.219404971683939
                    ],
                    [
                        -1.1969500272031348,
                        2.1139336089796874,
                        2.8100583932838656,
                        -0.9938360068508119,
                        5.331375725366136,
                        -2.327513110881733
                    ],
                    [
                        0.6381657168906539,
                        -0.5249110585750018,
                        -0.2485679409019519,
                        1.219404971683939,
                        -2.327513110881733,
                        3.4321602124091855
                    ]
                ],
                "mui": [
                    0.0,
                    0.0,
                    0.0,
                    1.0,
                    -0.9938360068508119,
                    1.219404971683939
                ],
                "Ai": [
                    [
                        0.0,
                        0.0,
                        0.0,
                        0.0,
                        0.0,
                        0.0
                    ],
                    [
                        -0.7067527001520373,
                        0.0,
                        0.0,
                        0.0,
                        0.0,
                        0.0
                    ],
                    [
                        -0.5462837438291444,
                        0.7595124807194633,
                        0.0,
                        0.0,
                        0.0,
                        0.0
                    ],
                    [
                        0.0,
                        0.0,
                        0.0,
                        0.0,
                        0.0,
                        0.0
                    ],
                    [
                        -0.0,
                        0.8497793158763807,
                        0.5506250918145308,
                        -0.9938360068508119,
                        0.0,
                        0.0
                    ],
                    [
                        0.8583938508568913,
                        -0.0,
                        0.7920451323237077,
                        0.6899902824145788,
                        -0.5326982375562415,
                        0.0
                    ]
                ]
            },
            "oracle_est_tgt": [
                1,
                2,
                3,
                4,
                5
            ]
        },
        "4": {
            "intv_type": "hard",
            "inode": 4,
            "new_mui": 1.0,
            "new_vari": 1.0,
            "noise_type": "gaussian",
            "obs_noise_gamma_shape": null,
            "true_params": {
                "Si": [
                    [
                        1.0,
                        -0.7067527001520373,
                        -1.0830712403767973,
                        -0.6081567093322958,
                        0.0,
                        -0.41906967266786294
                    ],
                    [
                        -0.7067527001520373,
                        1.4994993791721956,
                        1.524976004312781,
                        1.9370395146933057,
                        0.0,
                        1.9377160910308153
                    ],
                    [
                        -1.0830712403767973,
                        1.524976004312781,
                        2.749902520099967,
                        2.763188144020314,
                        0.0,
                        3.1549181804876794
                    ],
                    [
                        -0.6081567093322958,
                        1.9370395146933057,
                        2.763188144020314,
                        4.56270832996208,
                        0.0,
                        4.814756148683552
                    ],
                    [
                        0.0,
                        0.0,
                        0.0,
                        0.0,
                        1.0,
                        -0.5326982375562415
                    ],
                    [
                        -0.41906967266786294,
                        1.9377160910308153,
                        3.1549181804876794,
                        4.814756148683552,
                        -0.5326982375562415,
                        6.74501312471915
                    ]
                ],
                "mui": [
                    0.0,
                    0.0,
                    0.0,
                    0.0,
                    1.0,
                    -0.5326982375562415
                ],
                "Ai": [
                    [
                        0.0,
                        0.0,
                        0.0,
                        0.0,
                        0.0,
                        0.0
                    ],
                    [
                        -0.7067527001520373,
                        0.0,
                        0.0,
                        0.0,
                        0.0,
                        0.0
                    ],
                    [
                        -0.5462837438291444,
                        0.7595124807194633,
                        0.0,
                        0.0,
                        0.0,
                        0.0
                    ],
                    [
                        0.9813765819579547,
                        0.7782762049281722,
                        0.9597563329551166,
                        0.0,
                        0.0,
                        0.0
                    ],
                    [
                        0.0,
                        0.0,
                        0.0,
                        0.0,
                        0.0,
                        0.0
                    ],
                    [
                        0.8583938508568913,
                        -0.0,
                        0.7920451323237077,
                        0.6899902824145788,
                        -0.5326982375562415,
                        0.0
                    ]
                ]
            },
            "oracle_est_tgt": [
                2,
                3,
                4
            ]
        },
        "5": {
            "intv_type": "hard",
            "inode": 5,
            "new_mui": 1.0,
            "new_vari": 1.0,
            "noise_type": "gaussian",
            "obs_noise_gamma_shape": null,
            "true_params": {
                "Si": [
                    [
                        1.0,
                        -0.7067527001520373,
                        -1.0830712403767973,
                        -0.6081567093322958,
                        -0.592541991660796,
                        0.0
                    ],
                    [
                        -0.7067527001520373,
                        1.4994993791721956,
                        1.524976004312781,
                        1.9370395146933057,
                        0.1888339925846576,
                        0.0
                    ],
                    [
                        -1.0830712403767973,
                        1.524976004312781,
                        2.749902520099967,
                        2.763188144020314,
                        0.06390252205321068,
                        0.0
                    ],
                    [
                        -0.6081567093322958,
                        1.9370395146933057,
                        2.763188144020314,
                        4.56270832996208,
                        -1.367046987950848,
                        0.0
                    ],
                    [
                        -0.592541991660796,
                        0.1888339925846576,
                        0.06390252205321068,
                        -1.367046987950848,
                        2.5542740727880258,
                        0.0
                    ],
                    [
                        0.0,
                        0.0,
                        0.0,
                        0.0,
                        0.0,
                        1.0
                    ]
                ],
                "mui": [
                    0.0,
                    0.0,
                    0.0,
                    0.0,
                    0.0,
                    1.0
                ],
                "Ai": [
                    [
                        0.0,
                        0.0,
                        0.0,
                        0.0,
                        0.0,
                        0.0
                    ],
                    [
                        -0.7067527001520373,
                        0.0,
                        0.0,
                        0.0,
                        0.0,
                        0.0
                    ],
                    [
                        -0.5462837438291444,
                        0.7595124807194633,
                        0.0,
                        0.0,
                        0.0,
                        0.0
                    ],
                    [
                        0.9813765819579547,
                        0.7782762049281722,
                        0.9597563329551166,
                        0.0,
                        0.0,
                        0.0
                    ],
                    [
                        -0.0,
                        0.8497793158763807,
                        0.5506250918145308,
                        -0.9938360068508119,
                        0.0,
                        0.0
                    ],
                    [
                        0.0,
                        0.0,
                        0.0,
                        0.0,
                        0.0,
                        0.0
                    ]
                ]
            },
            "oracle_est_tgt": [
                2,
                3,
                4,
                5
            ]
        },
        "obs": {
            "intv_type": "obs",
            "noise_type": "gaussian",
            "obs_noise_gamma_shape": null,
            "true_params": {
                "Si": [
                    [
                        1.0,
                        -0.7067527001520373,
                        -1.0830712403767973,
                        -0.6081567093322958,
                        -0.592541991660796,
                        -0.10342359803209178
                    ],
                    [
                        -0.7067527001520373,
                        1.4994993791721956,
                        1.524976004312781,
                        1.9370395146933057,
                        0.1888339925846576,
                        1.8371245559902598
                    ],
                    [
                        -1.0830712403767973,
                        1.524976004312781,
                        2.749902520099967,
                        2.763188144020314,
                        0.06390252205321068,
                        3.120877419614535
                    ],
                    [
                        -0.6081567093322958,
                        1.9370395146933057,
                        2.763188144020314,
                        4.56270832996208,
                        -1.367046987950848,
                        5.542979669821538
                    ],
                    [
                        -0.592541991660796,
                        0.1888339925846576,
                        0.06390252205321068,
                        -1.367046987950848,
                        2.5542740727880258,
                        -2.7619271545806576
                    ],
                    [
                        -0.10342359803209178,
                        1.8371245559902598,
                        3.120877419614535,
                        5.542979669821538,
                        -2.7619271545806576,
                        8.678973423502695
                    ]
                ],
                "mui": [
                    0.0,
                    0.0,
                    0.0,
                    0.0,
                    0.0,
                    0.0
                ],
                "Ai": [
                    [
                        0.0,
                        0.0,
                        0.0,
                        0.0,
                        0.0,
                        0.0
                    ],
                    [
                        -0.7067527001520373,
                        0.0,
                        0.0,
                        0.0,
                        0.0,
                        0.0
                    ],
                    [
                        -0.5462837438291444,
                        0.7595124807194633,
                        0.0,
                        0.0,
                        0.0,
                        0.0
                    ],
                    [
                        0.9813765819579547,
                        0.7782762049281722,
                        0.9597563329551166,
                        0.0,
                        0.0,
                        0.0
                    ],
                    [
                        -0.0,
                        0.8497793158763807,
                        0.5506250918145308,
                        -0.9938360068508119,
                        0.0,
                        0.0
                    ],
                    [
                        0.8583938508568913,
                        -0.0,
                        0.7920451323237077,
                        0.6899902824145788,
                        -0.5326982375562415,
                        0.0
                    ]
                ]
            },
            "est_params": {
                "mui": [
                    0.16692421704058477,
                    0.02138703184031072,
                    0.11829269781514312,
                    0.4622875886321426,
                    -0.2470350919738895,
                    0.8773006436178421
                ],
                "Si": [
                    [
                        1.1764918045178487,
                        -0.7487655820915072,
                        -1.1172943370639954,
                        -0.4200544403334037,
                        -0.7695858103938094,
                        0.30968267895319224
                    ],
                    [
                        -0.7487655820915072,
                        1.7828945249605785,
                        1.5956530637255961,
                        1.8544493281306318,
                        0.4793760792084099,
                        1.3225026673821834
                    ],
                    [
                        -1.1172943370639954,
                        1.5956530637255961,
                        3.0690300003737607,
                        2.628016549983102,
                        0.39796538450050667,
                        2.5293971314945507
                    ],
                    [
                        -0.4200544403334037,
                        1.8544493281306318,
                        2.628016549983102,
                        4.6481913837017395,
                        -1.3841340714442059,
                        4.692361281381184
                    ],
                    [
                        -0.7695858103938094,
                        0.4793760792084099,
                        0.39796538450050667,
                        -1.3841340714442059,
                        3.218244414000631,
                        -2.5742476122221536
                    ],
                    [
                        0.30968267895319224,
                        1.3225026673821834,
                        2.5293971314945507,
                        4.692361281381184,
                        -2.5742476122221536,
                        7.879960131195909
                    ]
                ]
            },
            "est_tgt": [
                0,
                1,
                2,
                3,
                4,
                5
            ],
            "oracle_est_tgt": [
                0,
                1,
                2,
                3,
                4,
                5
            ]
        }
    },
    "metric_dict": {
        "param_est_rel_err": 12.078747035654754,
        "est_num_comp": 1,
        "weight_precision_error": 0.0,
        "gm_score_dict": {
            "1": -9.697659144487723,
            "2": -9.479475916993506,
            "3": -9.314437724061548,
            "4": -9.248953145414246,
            "5": -9.239412838536223,
            "6": -9.194505703353801,
            "7": -9.17558505108228
        },
        "est_dag": {
            "amat": [
                [
                    0,
                    1,
                    1,
                    1,
                    0,
                    0
                ],
                [
                    0,
                    0,
                    0,
                    0,
                    0,
                    0
                ],
                [
                    0,
                    0,
                    0,
                    0,
                    1,
                    0
                ],
                [
                    0,
                    1,
                    0,
                    0,
                    0,
                    0
                ],
                [
                    0,
                    1,
                    0,
                    0,
                    0,
                    0
                ],
                [
                    0,
                    0,
                    1,
                    1,
                    1,
                    0
                ]
            ],
            "nodes": [
                0,
                1,
                2,
                3,
                4,
                5
            ]
        },
        "oracle_est_dag": {
            "amat": [
                [
                    0,
                    1,
                    1,
                    1,
                    0,
                    0
                ],
                [
                    0,
                    0,
                    0,
                    0,
                    0,
                    0
                ],
                [
                    0,
                    0,
                    0,
                    0,
                    1,
                    0
                ],
                [
                    0,
                    1,
                    0,
                    0,
                    0,
                    0
                ],
                [
                    0,
                    1,
                    0,
                    0,
                    0,
                    0
                ],
                [
                    0,
                    0,
                    1,
                    1,
                    1,
                    0
                ]
            ],
            "nodes": [
                0,
                1,
                2,
                3,
                4,
                5
            ]
        },
        "igsp_dag": null,
        "intv_base_est_dag": null,
        "act_dag": {
            "amat": [
                [
                    0,
                    1,
                    1,
                    1,
                    0,
                    1
                ],
                [
                    0,
                    0,
                    1,
                    1,
                    1,
                    0
                ],
                [
                    0,
                    0,
                    0,
                    1,
                    1,
                    1
                ],
                [
                    0,
                    0,
                    0,
                    0,
                    1,
                    1
                ],
                [
                    0,
                    0,
                    0,
                    0,
                    0,
                    1
                ],
                [
                    0,
                    0,
                    0,
                    0,
                    0,
                    0
                ]
            ],
            "nodes": [
                0,
                1,
                2,
                3,
                4,
                5
            ]
        },
        "shd": 9,
        "oracle_shd": 9,
        "intv_base_shd": null,
        "igsp_shd": null,
        "avg_js": 0.0,
        "avg_oracle_js": 0.35
    }
}