{
    "expt_args": {
        "save_dir": "all_expt_logs/expt_logs_sim_compsel_backward_cameraready_new_var_largerange",
        "exp_name": "502",
        "num_nodes": 6,
        "num_tgt_prior": 7,
        "obs_noise_mean": 0.0,
        "obs_noise_var": 1.0,
        "obs_noise_gamma_shape": null,
        "noise_type": "gaussian",
        "max_edge_strength": 1.0,
        "graph_sparsity_method": "adj_dense_prop",
        "adj_dense_prop": 0.8,
        "num_parents": null,
        "new_noise_mean": 1.0,
        "mix_samples": 131072,
        "stage2_samples": 131072,
        "gmm_tol": 0.001,
        "intv_type": "hard",
        "new_noise_var": 0.0001,
        "dtype": "simulation",
        "cutoff_drop_ratio": 0.07,
        "intv_targets": [
            0,
            1,
            2,
            3,
            4,
            5
        ]
    },
    "intv_args_dict": {
        "0": {
            "intv_type": "hard",
            "inode": 0,
            "new_mui": 1.0,
            "new_vari": 0.0001,
            "noise_type": "gaussian",
            "obs_noise_gamma_shape": null,
            "true_params": {
                "Si": [
                    [
                        0.0001,
                        7.171589839852639e-05,
                        -6.888223244634392e-05,
                        -5.2383980108036434e-05,
                        2.9924787784681845e-05,
                        2.573255292758549e-05
                    ],
                    [
                        7.171589839852639e-05,
                        1.000051431700831,
                        -0.9605370178020544,
                        0.1463890195784815,
                        -0.09460302023854146,
                        0.5419805299488029
                    ],
                    [
                        -6.888223244634392e-05,
                        -0.9605370178020544,
                        1.9225839125082844,
                        0.7239349281072986,
                        0.16662023581981888,
                        -2.0607993396027866
                    ],
                    [
                        -5.2383980108036434e-05,
                        0.1463890195784815,
                        0.7239349281072986,
                        1.7688971982097481,
                        -0.5321547591591657,
                        -2.211920833135167
                    ],
                    [
                        2.9924787784681845e-05,
                        -0.09460302023854146,
                        0.16662023581981888,
                        -0.5321547591591657,
                        1.3554971049719968,
                        0.39227828343653065
                    ],
                    [
                        2.573255292758549e-05,
                        0.5419805299488029,
                        -2.0607993396027866,
                        -2.211920833135167,
                        0.39227828343653065,
                        4.587019253431045
                    ]
                ],
                "mui": [
                    1.0,
                    0.7171589839852639,
                    -0.6888223244634392,
                    -0.5238398010803643,
                    0.29924787784681844,
                    0.2573255292758549
                ],
                "Ai": [
                    [
                        0.0,
                        0.0,
                        0.0,
                        0.0,
                        0.0,
                        0.0
                    ],
                    [
                        0.7171589839852639,
                        0.0,
                        0.0,
                        0.0,
                        0.0,
                        0.0
                    ],
                    [
                        0.0,
                        -0.9604876182902186,
                        0.0,
                        0.0,
                        0.0,
                        0.0
                    ],
                    [
                        -0.6288509435997995,
                        0.9768063307357848,
                        0.8645397688660745,
                        0.0,
                        0.0,
                        0.0
                    ],
                    [
                        0.0,
                        0.5483744594651242,
                        0.5804535801027098,
                        -0.5837769320164744,
                        0.0,
                        0.0
                    ],
                    [
                        -0.7348378832715774,
                        0.0,
                        -0.7105594194708427,
                        -0.9596716792449513,
                        0.0,
                        0.0
                    ]
                ]
            },
            "est_params": {
                "mui": [
                    0.9999417817083011,
                    0.7238098811982532,
                    -0.7062441213804199,
                    -0.536406715503574,
                    0.3035493705959701,
                    0.28945818189563605
                ],
                "Si": [
                    [
                        0.00010218861378249772,
                        -2.215517759578057e-05,
                        3.4665638820821085e-05,
                        4.734493895658206e-06,
                        -7.494811591598908e-05,
                        -7.418477397965903e-05
                    ],
                    [
                        -2.2155177595780578e-05,
                        1.0068159385501791,
                        -0.9660606513209453,
                        0.15062142534891343,
                        -0.09244138783592216,
                        0.5386105595340637
                    ],
                    [
                        3.466563882082114e-05,
                        -0.9660606513209453,
                        1.9456140584791377,
                        0.7450682995239629,
                        0.16346748887783336,
                        -2.0917706978080632
                    ],
                    [
                        4.734493895658202e-06,
                        0.15062142534891343,
                        0.7450682995239629,
                        1.8108790681727789,
                        -0.5305545177005955,
                        -2.2459163691622828
                    ],
                    [
                        -7.494811591598903e-05,
                        -0.09244138783592216,
                        0.16346748887783336,
                        -0.5305545177005955,
                        1.3407524527736385,
                        0.3912734323703921
                    ],
                    [
                        -7.4184773979659e-05,
                        0.5386105595340637,
                        -2.0917706978080632,
                        -2.2459163691622828,
                        0.3912734323703921,
                        4.614390061280523
                    ]
                ]
            },
            "est_tgt": [
                0
            ],
            "oracle_est_tgt": [
                0
            ]
        },
        "1": {
            "intv_type": "hard",
            "inode": 1,
            "new_mui": 1.0,
            "new_vari": 0.0001,
            "noise_type": "gaussian",
            "obs_noise_gamma_shape": null,
            "true_params": {
                "Si": [
                    [
                        1.0,
                        0.0,
                        0.0,
                        -0.6288509435997995,
                        0.36710867455035595,
                        -0.1313474422323856
                    ],
                    [
                        0.0,
                        0.0001,
                        -9.604876182902186e-05,
                        1.464265872204329e-05,
                        -9.46244810689451e-06,
                        5.4196207561728995e-05
                    ],
                    [
                        0.0,
                        -9.604876182902186e-05,
                        1.000092253646489,
                        0.8645257047736732,
                        0.07576429479208625,
                        -1.540285806018912
                    ],
                    [
                        -0.6288509435997995,
                        1.464265872204329e-05,
                        0.8645257047736732,
                        2.1428846652919082,
                        -0.7491415654825011,
                        -2.2086591117823327
                    ],
                    [
                        0.36710867455035595,
                        -9.46244810689451e-06,
                        0.07576429479208625,
                        -0.7491415654825011,
                        1.481304031934551,
                        0.395329549477483
                    ],
                    [
                        -0.1313474422323856,
                        5.4196207561728995e-05,
                        -1.540285806018912,
                        -2.2086591117823327,
                        0.395329549477483,
                        4.3105712632509725
                    ]
                ],
                "mui": [
                    0.0,
                    1.0,
                    -0.9604876182902186,
                    0.1464265872204329,
                    -0.0946244810689451,
                    0.5419620756172899
                ],
                "Ai": [
                    [
                        0.0,
                        0.0,
                        0.0,
                        0.0,
                        0.0,
                        0.0
                    ],
                    [
                        0.0,
                        0.0,
                        0.0,
                        0.0,
                        0.0,
                        0.0
                    ],
                    [
                        0.0,
                        -0.9604876182902186,
                        0.0,
                        0.0,
                        0.0,
                        0.0
                    ],
                    [
                        -0.6288509435997995,
                        0.9768063307357848,
                        0.8645397688660745,
                        0.0,
                        0.0,
                        0.0
                    ],
                    [
                        0.0,
                        0.5483744594651242,
                        0.5804535801027098,
                        -0.5837769320164744,
                        0.0,
                        0.0
                    ],
                    [
                        -0.7348378832715774,
                        0.0,
                        -0.7105594194708427,
                        -0.9596716792449513,
                        0.0,
                        0.0
                    ]
                ]
            },
            "est_params": {
                "mui": [
                    0.0032229854463950206,
                    1.000084006084849,
                    -0.9657288174914579,
                    0.13396434638299637,
                    -0.0891556514391922,
                    0.5433534576187663
                ],
                "Si": [
                    [
                        1.0001918029127463,
                        -0.0001378410970911123,
                        -0.00048761632259773516,
                        -0.6283291464531882,
                        0.34999961009974695,
                        -0.11502411069937774
                    ],
                    [
                        -0.00013784109709111226,
                        0.00010160687618917994,
                        -9.715188147866291e-05,
                        6.948772260991779e-06,
                        -0.00024772019821044176,
                        7.811902899883693e-05
                    ],
                    [
                        -0.0004876163225977346,
                        -9.715188147866294e-05,
                        1.005760118824171,
                        0.8665132683226143,
                        0.07088319270265506,
                        -1.5553001883877509
                    ],
                    [
                        -0.6283291464531882,
                        6.948772260991799e-06,
                        0.8665132683226143,
                        2.1540065634183416,
                        -0.7540619982502779,
                        -2.2282832051767643
                    ],
                    [
                        0.34999961009974695,
                        -0.0002477201982104418,
                        0.07088319270265506,
                        -0.7540619982502779,
                        1.49279339373887,
                        0.42138739245709605
                    ],
                    [
                        -0.11502411069937776,
                        7.81190289988369e-05,
                        -1.5553001883877509,
                        -2.2282832051767643,
                        0.42138739245709605,
                        4.324168924250148
                    ]
                ]
            },
            "est_tgt": [
                1,
                4
            ],
            "oracle_est_tgt": [
                1
            ]
        },
        "2": {
            "intv_type": "hard",
            "inode": 2,
            "new_mui": 1.0,
            "new_vari": 0.0001,
            "noise_type": "gaussian",
            "obs_noise_gamma_shape": null,
            "true_params": {
                "Si": [
                    [
                        1.0,
                        0.7171589839852639,
                        0.0,
                        0.07167449210104959,
                        0.351429755090887,
                        -0.8036218634652207
                    ],
                    [
                        0.7171589839852639,
                        1.514317008310776,
                        0.0,
                        1.0282083366686334,
                        0.23016846263708876,
                        -1.5137380108253722
                    ],
                    [
                        0.0,
                        0.0,
                        0.0001,
                        8.645397688660746e-05,
                        7.575520622784087e-06,
                        -0.00015402337512325907
                    ],
                    [
                        0.07167449210104959,
                        1.0282083366686334,
                        8.645397688660746e-05,
                        1.959362583484646,
                        -0.5799373043359456,
                        -1.9330753434901644
                    ],
                    [
                        0.351429755090887,
                        0.23016846263708876,
                        7.575520622784087e-06,
                        -0.5799373043359456,
                        1.4647769238097417,
                        0.29830012650169513
                    ],
                    [
                        -0.8036218634652207,
                        -1.5137380108253722,
                        -0.00015402337512325907,
                        -1.9330753434901644,
                        0.29830012650169513,
                        3.4457588928537732
                    ]
                ],
                "mui": [
                    0.0,
                    0.0,
                    1.0,
                    0.8645397688660745,
                    0.07575520622784086,
                    -1.5402337512325905
                ],
                "Ai": [
                    [
                        0.0,
                        0.0,
                        0.0,
                        0.0,
                        0.0,
                        0.0
                    ],
                    [
                        0.7171589839852639,
                        0.0,
                        0.0,
                        0.0,
                        0.0,
                        0.0
                    ],
                    [
                        0.0,
                        0.0,
                        0.0,
                        0.0,
                        0.0,
                        0.0
                    ],
                    [
                        -0.6288509435997995,
                        0.9768063307357848,
                        0.8645397688660745,
                        0.0,
                        0.0,
                        0.0
                    ],
                    [
                        0.0,
                        0.5483744594651242,
                        0.5804535801027098,
                        -0.5837769320164744,
                        0.0,
                        0.0
                    ],
                    [
                        -0.7348378832715774,
                        0.0,
                        -0.7105594194708427,
                        -0.9596716792449513,
                        0.0,
                        0.0
                    ]
                ]
            },
            "est_params": {
                "mui": [
                    0.002914977775806936,
                    -0.0036528206924698447,
                    1.0000372420130745,
                    0.8535499570425179,
                    0.09188400609418242,
                    -1.526004406845321
                ],
                "Si": [
                    [
                        0.9827702194416045,
                        0.701322488535147,
                        -0.0001605433603276599,
                        0.06896322872048205,
                        0.33667792405096375,
                        -0.8033696717796932
                    ],
                    [
                        0.701322488535147,
                        1.5062094314162857,
                        -0.00010246163099570732,
                        1.034836195708461,
                        0.2089841955080037,
                        -1.5261613083833583
                    ],
                    [
                        -0.0001605433603276599,
                        -0.00010246163099570732,
                        0.00010044662196478772,
                        7.331828002307017e-05,
                        8.55631447591317e-05,
                        -6.636499077335556e-05
                    ],
                    [
                        0.06896322872048204,
                        1.034836195708461,
                        7.331828002307014e-05,
                        1.9543252649624794,
                        -0.5884860417302208,
                        -1.9314250478412671
                    ],
                    [
                        0.33667792405096375,
                        0.2089841955080037,
                        8.556314475913176e-05,
                        -0.5884860417302207,
                        1.4601011314668566,
                        0.3108763474139477
                    ],
                    [
                        -0.8033696717796932,
                        -1.5261613083833583,
                        -6.636499077335542e-05,
                        -1.9314250478412671,
                        0.31087634741394765,
                        3.474650959404708
                    ]
                ]
            },
            "est_tgt": [
                2
            ],
            "oracle_est_tgt": [
                2
            ]
        },
        "3": {
            "intv_type": "hard",
            "inode": 3,
            "new_mui": 1.0,
            "new_vari": 0.0001,
            "noise_type": "gaussian",
            "obs_noise_gamma_shape": null,
            "true_params": {
                "Si": [
                    [
                        1.0,
                        0.7171589839852639,
                        -0.6888223244634392,
                        0.0,
                        -0.00655771409599686,
                        -0.24538869228227964
                    ],
                    [
                        0.7171589839852639,
                        1.514317008310776,
                        -1.4544827366487865,
                        0.0,
                        -0.013846940794109043,
                        0.5065008192225978
                    ],
                    [
                        -0.6888223244634392,
                        -1.4544827366487865,
                        2.3970126595680323,
                        0.0,
                        0.5937533952866492,
                        -1.1970471849880002
                    ],
                    [
                        0.0,
                        0.0,
                        0.0,
                        0.0001,
                        -5.8377693201647444e-05,
                        -9.596716792449513e-05
                    ],
                    [
                        -0.00655771409599686,
                        -0.013846940794109043,
                        0.5937533952866492,
                        -5.8377693201647444e-05,
                        1.3370870548696954,
                        -0.4170221876994554
                    ],
                    [
                        -0.24538869228227964,
                        0.5065008192225978,
                        -1.1970471849880002,
                        -9.596716792449513e-05,
                        -0.4170221876994554,
                        2.0309861570329653
                    ]
                ],
                "mui": [
                    0.0,
                    0.0,
                    0.0,
                    1.0,
                    -0.5837769320164744,
                    -0.9596716792449513
                ],
                "Ai": [
                    [
                        0.0,
                        0.0,
                        0.0,
                        0.0,
                        0.0,
                        0.0
                    ],
                    [
                        0.7171589839852639,
                        0.0,
                        0.0,
                        0.0,
                        0.0,
                        0.0
                    ],
                    [
                        0.0,
                        -0.9604876182902186,
                        0.0,
                        0.0,
                        0.0,
                        0.0
                    ],
                    [
                        0.0,
                        0.0,
                        0.0,
                        0.0,
                        0.0,
                        0.0
                    ],
                    [
                        0.0,
                        0.5483744594651242,
                        0.5804535801027098,
                        -0.5837769320164744,
                        0.0,
                        0.0
                    ],
                    [
                        -0.7348378832715774,
                        0.0,
                        -0.7105594194708427,
                        -0.9596716792449513,
                        0.0,
                        0.0
                    ]
                ]
            },
            "est_params": {
                "mui": [
                    -0.006677281287918834,
                    -0.00043670688470400724,
                    0.00488878876091782,
                    1.0000940418255284,
                    -0.5760743271342943,
                    -0.9587668548132076
                ],
                "Si": [
                    [
                        0.9899111030815079,
                        0.7099834213724893,
                        -0.6814276758946142,
                        -5.269390085240492e-05,
                        -0.016281344308285848,
                        -0.2402980306858633
                    ],
                    [
                        0.7099834213724892,
                        1.5060099123324415,
                        -1.4595980743410453,
                        -3.4932873367023156e-05,
                        -0.030122945131871415,
                        0.5100914396189463
                    ],
                    [
                        -0.6814276758946142,
                        -1.4595980743410453,
                        2.4114436903675434,
                        -5.559717609314046e-05,
                        0.6103240123653503,
                        -1.2146692202287293
                    ],
                    [
                        -5.269390085240488e-05,
                        -3.493287336702317e-05,
                        -5.559717609314046e-05,
                        0.00010167556035522833,
                        -0.00019417907804108886,
                        2.499210391836728e-05
                    ],
                    [
                        -0.016281344308285848,
                        -0.03012294513187142,
                        0.6103240123653504,
                        -0.00019417907804108884,
                        1.3527261908328994,
                        -0.4276022815390524
                    ],
                    [
                        -0.24029803068586336,
                        0.5100914396189464,
                        -1.2146692202287293,
                        2.4992103918367337e-05,
                        -0.42760228153905233,
                        2.04407824371606
                    ]
                ]
            },
            "est_tgt": [
                3
            ],
            "oracle_est_tgt": [
                3
            ]
        },
        "4": {
            "intv_type": "hard",
            "inode": 4,
            "new_mui": 1.0,
            "new_vari": 0.0001,
            "noise_type": "gaussian",
            "obs_noise_gamma_shape": null,
            "true_params": {
                "Si": [
                    [
                        1.0,
                        0.7171589839852639,
                        -0.6888223244634392,
                        -0.5238398010803643,
                        0.0,
                        0.2573255292758549
                    ],
                    [
                        0.7171589839852639,
                        1.514317008310776,
                        -1.4544827366487865,
                        -0.22924983229340395,
                        0.0,
                        0.7265053907462323
                    ],
                    [
                        -0.6888223244634392,
                        -1.4544827366487865,
                        2.3970126595680323,
                        1.084731394278998,
                        0.0,
                        -2.238033183665444
                    ],
                    [
                        -0.5238398010803643,
                        -0.22924983229340395,
                        1.084731394278998,
                        2.0432778945919443,
                        0.0,
                        -2.3467047074685237
                    ],
                    [
                        0.0,
                        0.0,
                        0.0,
                        0.0,
                        0.0001,
                        0.0
                    ],
                    [
                        0.2573255292758549,
                        0.7265053907462323,
                        -2.238033183665444,
                        -2.3467047074685237,
                        0.0,
                        4.6532290598053425
                    ]
                ],
                "mui": [
                    0.0,
                    0.0,
                    0.0,
                    0.0,
                    1.0,
                    0.0
                ],
                "Ai": [
                    [
                        0.0,
                        0.0,
                        0.0,
                        0.0,
                        0.0,
                        0.0
                    ],
                    [
                        0.7171589839852639,
                        0.0,
                        0.0,
                        0.0,
                        0.0,
                        0.0
                    ],
                    [
                        0.0,
                        -0.9604876182902186,
                        0.0,
                        0.0,
                        0.0,
                        0.0
                    ],
                    [
                        -0.6288509435997995,
                        0.9768063307357848,
                        0.8645397688660745,
                        0.0,
                        0.0,
                        0.0
                    ],
                    [
                        0.0,
                        0.0,
                        0.0,
                        0.0,
                        0.0,
                        0.0
                    ],
                    [
                        -0.7348378832715774,
                        0.0,
                        -0.7105594194708427,
                        -0.9596716792449513,
                        0.0,
                        0.0
                    ]
                ]
            },
            "est_params": {
                "mui": [
                    0.002546053276530229,
                    0.010466168177295017,
                    -0.004935170396849026,
                    0.014549249519607989,
                    0.9999927469504907,
                    -0.016560245054707788
                ],
                "Si": [
                    [
                        0.9968927651361761,
                        0.7070138932950256,
                        -0.6800241483566606,
                        -0.5327280186650201,
                        3.149790801027201e-05,
                        0.26907920081645464
                    ],
                    [
                        0.7070138932950257,
                        1.5007658497084337,
                        -1.4562232891031524,
                        -0.24292110906083694,
                        6.126235548435544e-05,
                        0.7520034353819581
                    ],
                    [
                        -0.6800241483566608,
                        -1.4562232891031526,
                        2.4188193116555867,
                        1.0864657471082393,
                        -0.00012789197202036734,
                        -2.2740868455139713
                    ],
                    [
                        -0.5327280186650201,
                        -0.24292110906083694,
                        1.0864657471082393,
                        2.0349444168267095,
                        3.5382709171985743e-07,
                        -2.3348777625994583
                    ],
                    [
                        3.149790801027203e-05,
                        6.126235548435542e-05,
                        -0.00012789197202036742,
                        3.538270917198432e-07,
                        0.00010125933997629434,
                        4.334795345930342e-05
                    ],
                    [
                        0.26907920081645476,
                        0.752003435381958,
                        -2.2740868455139713,
                        -2.3348777625994583,
                        4.334795345930352e-05,
                        4.681435624155071
                    ]
                ]
            },
            "est_tgt": [
                4
            ],
            "oracle_est_tgt": [
                4
            ]
        },
        "5": {
            "intv_type": "hard",
            "inode": 5,
            "new_mui": 1.0,
            "new_vari": 0.0001,
            "noise_type": "gaussian",
            "obs_noise_gamma_shape": null,
            "true_params": {
                "Si": [
                    [
                        1.0,
                        0.7171589839852639,
                        -0.6888223244634392,
                        -0.5238398010803643,
                        0.29924787784681844,
                        0.0
                    ],
                    [
                        0.7171589839852639,
                        1.514317008310776,
                        -1.4544827366487865,
                        -0.22924983229340395,
                        0.11998382296742559,
                        0.0
                    ],
                    [
                        -0.6888223244634392,
                        -1.4544827366487865,
                        2.3970126595680323,
                        1.084731394278998,
                        -0.03948777012749696,
                        0.0
                    ],
                    [
                        -0.5238398010803643,
                        -0.22924983229340395,
                        1.084731394278998,
                        2.0432778945919443,
                        -0.6888970321692837,
                        0.0
                    ],
                    [
                        0.29924787784681844,
                        0.11998382296742559,
                        -0.03948777012749696,
                        -0.6888970321692837,
                        1.4450374424385817,
                        0.0
                    ],
                    [
                        0.0,
                        0.0,
                        0.0,
                        0.0,
                        0.0,
                        0.0001
                    ]
                ],
                "mui": [
                    0.0,
                    0.0,
                    0.0,
                    0.0,
                    0.0,
                    1.0
                ],
                "Ai": [
                    [
                        0.0,
                        0.0,
                        0.0,
                        0.0,
                        0.0,
                        0.0
                    ],
                    [
                        0.7171589839852639,
                        0.0,
                        0.0,
                        0.0,
                        0.0,
                        0.0
                    ],
                    [
                        0.0,
                        -0.9604876182902186,
                        0.0,
                        0.0,
                        0.0,
                        0.0
                    ],
                    [
                        -0.6288509435997995,
                        0.9768063307357848,
                        0.8645397688660745,
                        0.0,
                        0.0,
                        0.0
                    ],
                    [
                        0.0,
                        0.5483744594651242,
                        0.5804535801027098,
                        -0.5837769320164744,
                        0.0,
                        0.0
                    ],
                    [
                        0.0,
                        0.0,
                        0.0,
                        0.0,
                        0.0,
                        0.0
                    ]
                ]
            },
            "est_params": {
                "mui": [
                    0.00970462594384197,
                    0.011706205796833737,
                    -0.01130639133489718,
                    -0.003950372469836276,
                    -0.0018890505390775157,
                    1.0001712690910607
                ],
                "Si": [
                    [
                        0.995957878286904,
                        0.7185483948436765,
                        -0.6937073231075637,
                        -0.5215506631771767,
                        0.3041065076791893,
                        -4.71839987634919e-05
                    ],
                    [
                        0.7185483948436765,
                        1.5051348186143167,
                        -1.4444396674907347,
                        -0.22895254329516496,
                        0.12317667718334786,
                        -6.457122037555839e-06
                    ],
                    [
                        -0.6937073231075637,
                        -1.4444396674907347,
                        2.3812058013732496,
                        1.070562817124716,
                        -0.03398663806548613,
                        3.621429827054588e-06
                    ],
                    [
                        -0.5215506631771767,
                        -0.22895254329516496,
                        1.070562817124716,
                        2.0264311613393535,
                        -0.6919945687026572,
                        0.00016329863996755126
                    ],
                    [
                        0.3041065076791893,
                        0.12317667718334785,
                        -0.033986638065486144,
                        -0.6919945687026572,
                        1.4328935135379643,
                        -8.107790975435113e-05
                    ],
                    [
                        -4.7183998763491865e-05,
                        -6.457122037555855e-06,
                        3.6214298270545524e-06,
                        0.0001632986399675512,
                        -8.107790975435109e-05,
                        0.00010252381283271766
                    ]
                ]
            },
            "est_tgt": [
                5
            ],
            "oracle_est_tgt": [
                5
            ]
        },
        "obs": {
            "intv_type": "obs",
            "noise_type": "gaussian",
            "obs_noise_gamma_shape": null,
            "true_params": {
                "Si": [
                    [
                        1.0,
                        0.7171589839852639,
                        -0.6888223244634392,
                        -0.5238398010803643,
                        0.29924787784681844,
                        0.2573255292758549
                    ],
                    [
                        0.7171589839852639,
                        1.514317008310776,
                        -1.4544827366487865,
                        -0.22924983229340395,
                        0.11998382296742559,
                        0.7265053907462323
                    ],
                    [
                        -0.6888223244634392,
                        -1.4544827366487865,
                        2.3970126595680323,
                        1.084731394278998,
                        -0.03948777012749696,
                        -2.238033183665444
                    ],
                    [
                        -0.5238398010803643,
                        -0.22924983229340395,
                        1.084731394278998,
                        2.0432778945919443,
                        -0.6888970321692837,
                        -2.3467047074685237
                    ],
                    [
                        0.29924787784681844,
                        0.11998382296742559,
                        -0.03948777012749696,
                        -0.6888970321692837,
                        1.4450374424385817,
                        0.4692747015762844
                    ],
                    [
                        0.2573255292758549,
                        0.7265053907462323,
                        -2.238033183665444,
