{
    "expt_args": {
        "save_dir": "all_expt_logs/expt_logs_sim_compsel_backward_cameraready_new_var_largerange",
        "exp_name": "356",
        "num_nodes": 6,
        "num_tgt_prior": 7,
        "obs_noise_mean": 0.0,
        "obs_noise_var": 1.0,
        "obs_noise_gamma_shape": null,
        "noise_type": "gaussian",
        "max_edge_strength": 1.0,
        "graph_sparsity_method": "adj_dense_prop",
        "adj_dense_prop": 0.8,
        "num_parents": null,
        "new_noise_mean": 1.0,
        "mix_samples": 16384,
        "stage2_samples": 16384,
        "gmm_tol": 0.001,
        "intv_type": "hard",
        "new_noise_var": 1.0,
        "dtype": "simulation",
        "cutoff_drop_ratio": 0.07,
        "intv_targets": [
            0,
            1,
            2,
            3,
            4,
            5
        ]
    },
    "intv_args_dict": {
        "0": {
            "intv_type": "hard",
            "inode": 0,
            "new_mui": 1.0,
            "new_vari": 1.0,
            "noise_type": "gaussian",
            "obs_noise_gamma_shape": null,
            "true_params": {
                "Si": [
                    [
                        1.0,
                        0.0,
                        0.0,
                        -0.9447852964401584,
                        0.7333496279713997,
                        0.10038291834478918
                    ],
                    [
                        0.0,
                        1.0,
                        -0.930794890842408,
                        -0.02347368132819916,
                        0.09933662638611042,
                        0.2757556740831103
                    ],
                    [
                        0.0,
                        -0.930794890842408,
                        1.86637912881833,
                        0.7909418062292637,
                        0.5972835490958143,
                        0.025391036598816974
                    ],
                    [
                        -0.9447852964401584,
                        -0.02347368132819916,
                        0.7909418062292637,
                        2.484673733729342,
                        -0.16471150931321793,
                        1.04956489308683
                    ],
                    [
                        0.7333496279713997,
                        0.09933662638611042,
                        0.5972835490958143,
                        -0.16471150931321793,
                        2.0234183982256013,
                        0.9400369657921903
                    ],
                    [
                        0.10038291834478918,
                        0.2757556740831103,
                        0.025391036598816974,
                        1.04956489308683,
                        0.9400369657921903,
                        2.453282280092193
                    ]
                ],
                "mui": [
                    1.0,
                    0.0,
                    0.0,
                    -0.9447852964401584,
                    0.7333496279713997,
                    0.10038291834478918
                ],
                "Ai": [
                    [
                        0.0,
                        0.0,
                        0.0,
                        0.0,
                        0.0,
                        0.0
                    ],
                    [
                        0.0,
                        0.0,
                        0.0,
                        0.0,
                        0.0,
                        0.0
                    ],
                    [
                        0.0,
                        -0.930794890842408,
                        0.0,
                        0.0,
                        0.0,
                        0.0
                    ],
                    [
                        -0.9447852964401584,
                        0.692393803284381,
                        0.7690926235797131,
                        0.0,
                        0.0,
                        0.0
                    ],
                    [
                        0.7333496279713997,
                        0.7413482820968652,
                        0.689745573409527,
                        0.0,
                        0.0,
                        0.0
                    ],
                    [
                        0.5101341567051179,
                        -0.5861414755031074,
                        -0.8807527248693989,
                        0.9339456194438943,
                        0.6444768396110656,
                        0.0
                    ]
                ]
            },
            "oracle_est_tgt": [
                0
            ]
        },
        "1": {
            "intv_type": "hard",
            "inode": 1,
            "new_mui": 1.0,
            "new_vari": 1.0,
            "noise_type": "gaussian",
            "obs_noise_gamma_shape": null,
            "true_params": {
                "Si": [
                    [
                        1.0,
                        0.0,
                        0.0,
                        -0.9447852964401584,
                        0.7333496279713997,
                        0.10038291834478918
                    ],
                    [
                        0.0,
                        1.0,
                        -0.930794890842408,
                        -0.02347368132819916,
                        0.09933662638611042,
                        0.2757556740831103
                    ],
                    [
                        0.0,
                        -0.930794890842408,
                        1.86637912881833,
                        0.7909418062292637,
                        0.5972835490958143,
                        0.025391036598816974
                    ],
                    [
                        -0.9447852964401584,
                        -0.02347368132819916,
                        0.7909418062292637,
                        2.484673733729342,
                        -0.16471150931321793,
                        1.04956489308683
                    ],
                    [
                        0.7333496279713997,
                        0.09933662638611042,
                        0.5972835490958143,
                        -0.16471150931321793,
                        2.0234183982256013,
                        0.9400369657921903
                    ],
                    [
                        0.10038291834478918,
                        0.2757556740831103,
                        0.025391036598816974,
                        1.04956489308683,
                        0.9400369657921903,
                        2.453282280092193
                    ]
                ],
                "mui": [
                    0.0,
                    1.0,
                    -0.930794890842408,
                    -0.02347368132819916,
                    0.09933662638611042,
                    0.2757556740831103
                ],
                "Ai": [
                    [
                        0.0,
                        0.0,
                        0.0,
                        0.0,
                        0.0,
                        0.0
                    ],
                    [
                        0.0,
                        0.0,
                        0.0,
                        0.0,
                        0.0,
                        0.0
                    ],
                    [
                        0.0,
                        -0.930794890842408,
                        0.0,
                        0.0,
                        0.0,
                        0.0
                    ],
                    [
                        -0.9447852964401584,
                        0.692393803284381,
                        0.7690926235797131,
                        0.0,
                        0.0,
                        0.0
                    ],
                    [
                        0.7333496279713997,
                        0.7413482820968652,
                        0.689745573409527,
                        0.0,
                        0.0,
                        0.0
                    ],
                    [
                        0.5101341567051179,
                        -0.5861414755031074,
                        -0.8807527248693989,
                        0.9339456194438943,
                        0.6444768396110656,
                        0.0
                    ]
                ]
            },
            "oracle_est_tgt": [
                1
            ]
        },
        "2": {
            "intv_type": "hard",
            "inode": 2,
            "new_mui": 1.0,
            "new_vari": 1.0,
            "noise_type": "gaussian",
            "obs_noise_gamma_shape": null,
            "true_params": {
                "Si": [
                    [
                        1.0,
                        0.0,
                        0.0,
                        -0.9447852964401584,
                        0.7333496279713997,
                        0.10038291834478918
                    ],
                    [
                        0.0,
                        1.0,
                        0.0,
                        0.692393803284381,
                        0.7413482820968652,
                        0.5382984819013182
                    ],
                    [
                        0.0,
                        0.0,
                        1.0,
                        0.7690926235797131,
                        0.689745573409527,
                        0.28206300915618027
                    ],
                    [
                        -0.9447852964401584,
                        0.692393803284381,
                        0.7690926235797131,
                        2.9635318988408543,
                        0.3509252435981788,
                        1.428752427090562
                    ],
                    [
                        0.7333496279713997,
                        0.7413482820968652,
                        0.689745573409527,
                        0.3509252435981788,
                        2.5631479082518007,
                        1.3117109822348392
                    ],
                    [
                        0.10038291834478918,
                        0.5382984819013182,
                        0.28206300915618027,
                        1.428752427090562,
                        1.3117109822348392,
                        2.6670063439204266
                    ]
                ],
                "mui": [
                    0.0,
                    0.0,
                    1.0,
                    0.7690926235797131,
                    0.689745573409527,
                    0.28206300915618027
                ],
                "Ai": [
                    [
                        0.0,
                        0.0,
                        0.0,
                        0.0,
                        0.0,
                        0.0
                    ],
                    [
                        0.0,
                        0.0,
                        0.0,
                        0.0,
                        0.0,
                        0.0
                    ],
                    [
                        0.0,
                        0.0,
                        0.0,
                        0.0,
                        0.0,
                        0.0
                    ],
                    [
                        -0.9447852964401584,
                        0.692393803284381,
                        0.7690926235797131,
                        0.0,
                        0.0,
                        0.0
                    ],
                    [
                        0.7333496279713997,
                        0.7413482820968652,
                        0.689745573409527,
                        0.0,
                        0.0,
                        0.0
                    ],
                    [
                        0.5101341567051179,
                        -0.5861414755031074,
                        -0.8807527248693989,
                        0.9339456194438943,
                        0.6444768396110656,
                        0.0
                    ]
                ]
            },
            "oracle_est_tgt": [
                2,
                3
            ]
        },
        "3": {
            "intv_type": "hard",
            "inode": 3,
            "new_mui": 1.0,
            "new_vari": 1.0,
            "noise_type": "gaussian",
            "obs_noise_gamma_shape": null,
            "true_params": {
                "Si": [
                    [
                        1.0,
                        0.0,
                        0.0,
                        0.0,
                        0.7333496279713997,
                        0.9827610072700763
                    ],
                    [
                        0.0,
                        1.0,
                        -0.930794890842408,
                        0.0,
                        0.09933662638611042,
                        0.2976788159318038
                    ],
                    [
                        0.0,
                        -0.930794890842408,
                        1.86637912881833,
                        0.0,
                        0.5972835490958143,
                        -0.7133055985640453
                    ],
                    [
                        0.0,
                        0.0,
                        0.0,
                        1.0,
                        0.0,
                        0.9339456194438943
                    ],
                    [
                        0.7333496279713997,
                        0.09933662638611042,
                        0.5972835490958143,
                        0.0,
                        2.0234183982256013,
                        1.0938685583872625
                    ],
                    [
                        0.9827610072700763,
                        0.2976788159318038,
                        -0.7133055985640453,
                        0.9339456194438943,
                        1.0938685583872625,
                        3.5323312784277627
                    ]
                ],
                "mui": [
                    0.0,
                    0.0,
                    0.0,
                    1.0,
                    0.0,
                    0.9339456194438943
                ],
                "Ai": [
                    [
                        0.0,
                        0.0,
                        0.0,
                        0.0,
                        0.0,
                        0.0
                    ],
                    [
                        0.0,
                        0.0,
                        0.0,
                        0.0,
                        0.0,
                        0.0
                    ],
                    [
                        0.0,
                        -0.930794890842408,
                        0.0,
                        0.0,
                        0.0,
                        0.0
                    ],
                    [
                        0.0,
                        0.0,
                        0.0,
                        0.0,
                        0.0,
                        0.0
                    ],
                    [
                        0.7333496279713997,
                        0.7413482820968652,
                        0.689745573409527,
                        0.0,
                        0.0,
                        0.0
                    ],
                    [
                        0.5101341567051179,
                        -0.5861414755031074,
                        -0.8807527248693989,
                        0.9339456194438943,
                        0.6444768396110656,
                        0.0
                    ]
                ]
            },
            "oracle_est_tgt": [
                2,
                3
            ]
        },
        "4": {
            "intv_type": "hard",
            "inode": 4,
            "new_mui": 1.0,
            "new_vari": 1.0,
            "noise_type": "gaussian",
            "obs_noise_gamma_shape": null,
            "true_params": {
                "Si": [
                    [
                        1.0,
                        0.0,
                        0.0,
                        -0.9447852964401584,
                        0.0,
                        -0.3722439322201692
                    ],
                    [
                        0.0,
                        1.0,
                        -0.930794890842408,
                        -0.02347368132819916,
                        0.0,
                        0.21173551905216464
                    ],
                    [
                        0.0,
                        -0.930794890842408,
                        1.86637912881833,
                        0.7909418062292637,
                        0.0,
                        -0.35954437747413415
                    ],
                    [
                        -0.9447852964401584,
                        -0.02347368132819916,
                        0.7909418062292637,
                        2.484673733729342,
                        0.0,
                        1.1557176460565814
                    ],
                    [
                        0.0,
                        0.0,
                        0.0,
                        0.0,
                        1.0,
                        0.6444768396110656
                    ],
                    [
                        -0.3722439322201692,
                        0.21173551905216464,
                        -0.35954437747413415,
                        1.1557176460565814,
                        0.6444768396110656,
                        2.497396205810051
                    ]
                ],
                "mui": [
                    0.0,
                    0.0,
                    0.0,
                    0.0,
                    1.0,
                    0.6444768396110656
                ],
                "Ai": [
                    [
                        0.0,
                        0.0,
                        0.0,
                        0.0,
                        0.0,
                        0.0
                    ],
                    [
                        0.0,
                        0.0,
                        0.0,
                        0.0,
                        0.0,
                        0.0
                    ],
                    [
                        0.0,
                        -0.930794890842408,
                        0.0,
                        0.0,
                        0.0,
                        0.0
                    ],
                    [
                        -0.9447852964401584,
                        0.692393803284381,
                        0.7690926235797131,
                        0.0,
                        0.0,
                        0.0
                    ],
                    [
                        0.0,
                        0.0,
                        0.0,
                        0.0,
                        0.0,
                        0.0
                    ],
                    [
                        0.5101341567051179,
                        -0.5861414755031074,
                        -0.8807527248693989,
                        0.9339456194438943,
                        0.6444768396110656,
                        0.0
                    ]
                ]
            },
            "oracle_est_tgt": [
                4
            ]
        },
        "5": {
            "intv_type": "hard",
            "inode": 5,
            "new_mui": 1.0,
            "new_vari": 1.0,
            "noise_type": "gaussian",
            "obs_noise_gamma_shape": null,
            "true_params": {
                "Si": [
                    [
                        1.0,
                        0.0,
                        0.0,
                        -0.9447852964401584,
                        0.7333496279713997,
                        0.0
                    ],
                    [
                        0.0,
                        1.0,
                        -0.930794890842408,
                        -0.02347368132819916,
                        0.09933662638611042,
                        0.0
                    ],
                    [
                        0.0,
                        -0.930794890842408,
                        1.86637912881833,
                        0.7909418062292637,
                        0.5972835490958143,
                        0.0
                    ],
                    [
                        -0.9447852964401584,
                        -0.02347368132819916,
                        0.7909418062292637,
                        2.484673733729342,
                        -0.16471150931321793,
                        0.0
                    ],
                    [
                        0.7333496279713997,
                        0.09933662638611042,
                        0.5972835490958143,
                        -0.16471150931321793,
                        2.0234183982256013,
                        0.0
                    ],
                    [
                        0.0,
                        0.0,
                        0.0,
                        0.0,
                        0.0,
                        1.0
                    ]
                ],
                "mui": [
                    0.0,
                    0.0,
                    0.0,
                    0.0,
                    0.0,
                    1.0
                ],
                "Ai": [
                    [
                        0.0,
                        0.0,
                        0.0,
                        0.0,
                        0.0,
                        0.0
                    ],
                    [
                        0.0,
                        0.0,
                        0.0,
                        0.0,
                        0.0,
                        0.0
                    ],
                    [
                        0.0,
                        -0.930794890842408,
                        0.0,
                        0.0,
                        0.0,
                        0.0
                    ],
                    [
                        -0.9447852964401584,
                        0.692393803284381,
                        0.7690926235797131,
                        0.0,
                        0.0,
                        0.0
                    ],
                    [
                        0.7333496279713997,
                        0.7413482820968652,
                        0.689745573409527,
                        0.0,
                        0.0,
                        0.0
                    ],
                    [
                        0.0,
                        0.0,
                        0.0,
                        0.0,
                        0.0,
                        0.0
                    ]
                ]
            },
            "oracle_est_tgt": [
                5
            ]
        },
        "obs": {
            "intv_type": "obs",
            "noise_type": "gaussian",
            "obs_noise_gamma_shape": null,
            "true_params": {
                "Si": [
                    [
                        1.0,
                        0.0,
                        0.0,
                        -0.9447852964401584,
                        0.7333496279713997,
                        0.10038291834478918
                    ],
                    [
                        0.0,
                        1.0,
                        -0.930794890842408,
                        -0.02347368132819916,
                        0.09933662638611042,
                        0.2757556740831103
                    ],
                    [
                        0.0,
                        -0.930794890842408,
                        1.86637912881833,
                        0.7909418062292637,
                        0.5972835490958143,
                        0.025391036598816974
                    ],
                    [
                        -0.9447852964401584,
                        -0.02347368132819916,
                        0.7909418062292637,
                        2.484673733729342,
                        -0.16471150931321793,
                        1.04956489308683
                    ],
                    [
                        0.7333496279713997,
                        0.09933662638611042,
                        0.5972835490958143,
                        -0.16471150931321793,
                        2.0234183982256013,
                        0.9400369657921903
                    ],
                    [
                        0.10038291834478918,
                        0.2757556740831103,
                        0.025391036598816974,
                        1.04956489308683,
                        0.9400369657921903,
                        2.453282280092193
                    ]
                ],
                "mui": [
                    0.0,
                    0.0,
                    0.0,
                    0.0,
                    0.0,
                    0.0
                ],
                "Ai": [
                    [
                        0.0,
                        0.0,
                        0.0,
                        0.0,
                        0.0,
                        0.0
                    ],
                    [
                        0.0,
                        0.0,
                        0.0,
                        0.0,
                        0.0,
                        0.0
                    ],
                    [
                        0.0,
                        -0.930794890842408,
                        0.0,
                        0.0,
                        0.0,
                        0.0
                    ],
                    [
                        -0.9447852964401584,
                        0.692393803284381,
                        0.7690926235797131,
                        0.0,
                        0.0,
                        0.0
                    ],
                    [
                        0.7333496279713997,
                        0.7413482820968652,
                        0.689745573409527,
                        0.0,
                        0.0,
                        0.0
                    ],
                    [
                        0.5101341567051179,
                        -0.5861414755031074,
                        -0.8807527248693989,
                        0.9339456194438943,
                        0.6444768396110656,
                        0.0
                    ]
                ]
            },
            "est_params": {
                "mui": [
                    0.13549256814580876,
                    0.1487055428616739,
                    0.011681163338398956,
                    0.1280004685296964,
                    0.35183324999655574,
                    0.4617724554530676
                ],
                "Si": [
                    [
                        1.122640919970566,
                        -0.0008702555532647142,
                        -0.024017630019520515,
                        -0.9661963049410015,
                        0.675281956372954,
                        0.07184217931445046
                    ],
                    [
                        -0.0008702555532647142,
                        1.1381883498452459,
                        -0.9591034731168577,
                        0.0368193747575192,
                        0.1417651590641284,
                        0.2497175103570229
                    ],
                    [
                        -0.024017630019520515,
                        -0.9591034731168577,
                        2.021640902415635,
                        0.8064459735497136,
                        0.5944987836548781,
                        -0.10574736774770856
                    ],
                    [
                        -0.9661963049410015,
                        0.0368193747575192,
                        0.8064459735497136,
                        2.690358090271604,
                        -0.09500314905650943,
                        1.0587000689936055
                    ],
                    [
                        0.675281956372954,
                        0.1417651590641284,
                        0.5944987836548781,
                        -0.09500314905650943,
                        2.0943023583338416,
                        0.7931476475349414
                    ],
                    [
                        0.07184217931445046,
                        0.2497175103570229,
                        -0.10574736774770856,
                        1.0587000689936055,
                        0.7931476475349414,
                        2.5577178066307558
                    ]
                ]
            },
            "est_tgt": [
                0,
                1,
                2,
                3,
                4,
                5
            ],
            "oracle_est_tgt": [
                0,
                1,
                2,
                3,
                4,
                5
            ]
        }
    },
    "metric_dict": {
        "param_est_rel_err": 3.3648519969180453,
        "est_num_comp": 1,
        "weight_precision_error": 0.0,
        "gm_score_dict": {
            "1": -9.104712750766687,
            "2": -9.064097370526952,
            "3": -9.06023732506095,
            "4": -9.027157599890266,
            "5": -9.020492970666243,
            "6": -9.020924875254082,
            "7": -9.022631968321246
        },
        "est_dag": {
            "amat": [
                [
                    0,
                    1,
                    0,
                    1,
                    1,
                    0
                ],
                [
                    0,
                    0,
                    0,
                    1,
                    0,
                    0
                ],
                [
                    0,
                    1,
                    0,
                    1,
                    1,
                    0
                ],
                [
                    0,
                    0,
                    0,
                    0,
                    0,
                    0
                ],
                [
                    0,
                    1,
                    0,
                    1,
                    0,
                    0
                ],
                [
                    0,
                    0,
                    0,
                    1,
                    1,
                    0
                ]
            ],
            "nodes": [
                0,
                1,
                2,
                3,
                4,
                5
            ]
        },
        "oracle_est_dag": {
            "amat": [
                [
                    0,
                    0,
                    1,
                    1,
                    1,
                    1
                ],
                [
                    0,
                    0,
                    1,
                    0,
                    1,
                    1
                ],
                [
                    0,
                    0,
                    0,
                    0,
                    1,
                    1
                ],
                [
                    0,
                    0,
                    1,
                    0,
                    0,
                    1
                ],
                [
                    0,
                    0,
                    0,
                    0,
                    0,
                    1
                ],
                [
                    0,
                    0,
                    0,
                    0,
                    0,
                    0
                ]
            ],
            "nodes": [
                0,
                1,
                2,
                3,
                4,
                5
            ]
        },
        "igsp_dag": null,
        "intv_base_est_dag": null,
        "act_dag": {
            "amat": [
                [
                    0,
                    0,
                    0,
                    1,
                    1,
                    1
                ],
                [
                    0,
                    0,
                    1,
                    1,
                    1,
                    1
                ],
                [
                    0,
                    0,
                    0,
                    1,
                    1,
                    1
                ],
                [
                    0,
                    0,
                    0,
                    0,
                    0,
                    1
                ],
                [
                    0,
                    0,
                    0,
                    0,
                    0,
                    1
                ],
                [
                    0,
                    0,
                    0,
                    0,
                    0,
                    0
                ]
            ],
            "nodes": [
                0,
                1,
                2,
                3,
                4,
                5
            ]
        },
        "shd": 9,
        "oracle_shd": 3,
        "intv_base_shd": null,
        "igsp_shd": null,
        "avg_js": 0.0,
        "avg_oracle_js": 0.7142857142857143
    }
}