{
    "expt_args": {
        "save_dir": "all_expt_logs/expt_logs_sim_compsel_backward_cameraready_new_var_largerange",
        "exp_name": "313",
        "num_nodes": 6,
        "num_tgt_prior": 7,
        "obs_noise_mean": 0.0,
        "obs_noise_var": 1.0,
        "obs_noise_gamma_shape": null,
        "noise_type": "gaussian",
        "max_edge_strength": 1.0,
        "graph_sparsity_method": "adj_dense_prop",
        "adj_dense_prop": 0.8,
        "num_parents": null,
        "new_noise_mean": 1.0,
        "mix_samples": 32768,
        "stage2_samples": 32768,
        "gmm_tol": 0.001,
        "intv_type": "hard",
        "new_noise_var": 100,
        "dtype": "simulation",
        "cutoff_drop_ratio": 0.07,
        "intv_targets": [
            0,
            1,
            2,
            3,
            4,
            5
        ]
    },
    "intv_args_dict": {
        "0": {
            "intv_type": "hard",
            "inode": 0,
            "new_mui": 1.0,
            "new_vari": 100,
            "noise_type": "gaussian",
            "obs_noise_gamma_shape": null,
            "true_params": {
                "Si": [
                    [
                        100.0,
                        66.6211943612587,
                        4.474148345750207,
                        103.05019253578051,
                        64.583482264989,
                        73.34056947008249
                    ],
                    [
                        66.6211943612587,
                        45.38383538120608,
                        2.11568511926966,
                        70.07480265916003,
                        43.5236512155546,
                        49.70323403856361
                    ],
                    [
                        4.474148345750207,
                        2.1156851192696604,
                        1.9484845231719161,
                        2.5779365022003216,
                        1.45743146561588,
                        2.0046839170563278
                    ],
                    [
                        103.05019253578051,
                        70.07480265916003,
                        2.5779365022003216,
                        109.85897270069201,
                        68.63038917766751,
                        77.52449358687224
                    ],
                    [
                        64.583482264989,
                        43.5236512155546,
                        1.4574314656158796,
                        68.63038917766751,
                        44.281156524578286,
                        49.05498024219227
                    ],
                    [
                        73.34056947008249,
                        49.703234038563615,
                        2.0046839170563273,
                        77.52449358687224,
                        49.05498024219227,
                        56.19284472556764
                    ]
                ],
                "mui": [
                    1.0,
                    0.6662119436125871,
                    0.04474148345750206,
                    1.0305019253578052,
                    0.64583482264989,
                    0.7334056947008248
                ],
                "Ai": [
                    [
                        0.0,
                        0.0,
                        0.0,
                        0.0,
                        0.0,
                        0.0
                    ],
                    [
                        0.6662119436125871,
                        0.0,
                        0.0,
                        0.0,
                        0.0,
                        0.0
                    ],
                    [
                        0.6210454245653607,
                        -0.865045946163626,
                        0.0,
                        0.0,
                        0.0,
                        0.0
                    ],
                    [
                        0.5821525928137241,
                        0.726910265795896,
                        -0.8029901042031933,
                        0.0,
                        0.0,
                        0.0
                    ],
                    [
                        0.6075171339435416,
                        -0.7803539267782242,
                        -0.5478265058255056,
                        0.5654616951022499,
                        0.0,
                        0.0
                    ],
                    [
                        0.0,
                        0.5710468919462087,
                        -0.0,
                        0.0,
                        0.5465289615000513,
                        0.0
                    ]
                ]
            },
            "oracle_est_tgt": [
                0,
                1,
                2,
                3,
                4,
                5
            ]
        },
        "1": {
            "intv_type": "hard",
            "inode": 1,
            "new_mui": 1.0,
            "new_vari": 100,
            "noise_type": "gaussian",
            "obs_noise_gamma_shape": null,
            "true_params": {
                "Si": [
                    [
                        1.0,
                        0.0,
                        0.6210454245653607,
                        0.08345926262706871,
                        0.3144850051620685,
                        0.17187516327856356
                    ],
                    [
                        0.0,
                        100.0,
                        -86.5045946163626,
                        142.15336002463758,
                        49.73639705272331,
                        84.28707062459995
                    ],
                    [
                        0.6210454245653607,
                        -86.5045946163626,
                        76.21614631678585,
                        -123.72034593386223,
                        -43.83084582499107,
                        -73.35300654514182
                    ],
                    [
                        0.08345926262706871,
                        142.15336002463758,
                        -123.72034593386222,
                        203.72753621890882,
                        72.09817301390738,
                        120.57997404512153
                    ],
                    [
                        0.3144850051620685,
                        49.73639705272331,
                        -43.83084582499107,
                        72.09817301390738,
                        27.159516527011412,
                        43.245277315911245
                    ],
                    [
                        0.17187516327856356,
                        84.28707062459995,
                        -73.35300654514182,
                        120.57997404512155,
                        43.245277315911245,
                        72.76666621267508
                    ]
                ],
                "mui": [
                    0.0,
                    1.0,
                    -0.865045946163626,
                    1.4215336002463759,
                    0.49736397052723313,
                    0.8428707062459995
                ],
                "Ai": [
                    [
                        0.0,
                        0.0,
                        0.0,
                        0.0,
                        0.0,
                        0.0
                    ],
                    [
                        0.0,
                        0.0,
                        0.0,
                        0.0,
                        0.0,
                        0.0
                    ],
                    [
                        0.6210454245653607,
                        -0.865045946163626,
                        0.0,
                        0.0,
                        0.0,
                        0.0
                    ],
                    [
                        0.5821525928137241,
                        0.726910265795896,
                        -0.8029901042031933,
                        0.0,
                        0.0,
                        0.0
                    ],
                    [
                        0.6075171339435416,
                        -0.7803539267782242,
                        -0.5478265058255056,
                        0.5654616951022499,
                        0.0,
                        0.0
                    ],
                    [
                        0.0,
                        0.5710468919462087,
                        -0.0,
                        0.0,
                        0.5465289615000513,
                        0.0
                    ]
                ]
            },
            "est_params": {
                "mui": [
                    0.6516449090638761,
                    1.1140642189692254,
                    -0.5685441771815248,
                    1.6333366345975227,
                    0.763955539924434,
                    1.0520104475353358
                ],
                "Si": [
                    [
                        62.548244131618546,
                        40.77109779627698,
                        3.530892986976704,
                        63.134297722523094,
                        39.839862062969566,
                        45.04191603477035
                    ],
                    [
                        40.77109779627698,
                        91.51467164263525,
                        -54.04575258606859,
                        133.63085085089295,
                        58.4141717063935,
                        84.20987398943392
                    ],
                    [
                        3.530892986976704,
                        -54.04575258606859,
                        50.1052720208941,
                        -77.51878796258049,
                        -26.927962850097405,
                        -45.59997594518422
                    ],
                    [
                        63.134297722523094,
                        133.63085085089295,
                        -77.51878796258049,
                        197.14635565638218,
                        87.8518957398483,
                        124.33484478333229
                    ],
                    [
                        39.839862062969566,
                        58.4141717063935,
                        -26.927962850097405,
                        87.8518957398483,
                        43.956015560940415,
                        57.38926156756413
                    ],
                    [
                        45.04191603477035,
                        84.20987398943392,
                        -45.59997594518422,
                        124.33484478333229,
                        57.38926156756413,
                        80.47093000584714
                    ]
                ]
            },
            "est_tgt": [
                0,
                1,
                2,
                3,
                4,
                5
            ],
            "oracle_est_tgt": [
                0,
                1,
                2,
                3,
                4,
                5
            ]
        },
        "2": {
            "intv_type": "hard",
            "inode": 2,
            "new_mui": 1.0,
            "new_vari": 100,
            "noise_type": "gaussian",
            "obs_noise_gamma_shape": null,
            "true_params": {
                "Si": [
                    [
                        1.0,
                        0.6662119436125871,
                        0.0,
                        1.0664288938215503,
                        0.6906607176852574,
                        0.7579043445628145
                    ],
                    [
                        0.6662119436125871,
                        1.443838353812061,
                        0.0,
                        1.4373779318733724,
                        0.09081240341190971,
                        0.8741310129451425
                    ],
                    [
                        0.0,
                        0.0,
                        100.0,
                        -80.29901042031933,
                        -100.18866512985755,
                        -54.75600710749745
                    ],
                    [
                        1.0664288938215503,
                        1.4373779318733724,
                        -80.29901042031933,
                        67.14497986492243,
                        81.48405074356218,
                        45.35420383224488
                    ],
                    [
                        0.6906607176852574,
                        0.09081240341190971,
                        -100.18866512985755,
                        81.48405074356218,
                        102.31083820279684,
                        55.96769429389287
                    ],
                    [
                        0.7579043445628145,
                        0.8741310129451425,
                        -54.75600710749745,
                        45.35420383224488,
                        55.96769429389287,
                        32.087135638089734
                    ]
                ],
                "mui": [
                    0.0,
                    0.0,
                    1.0,
                    -0.8029901042031933,
                    -1.0018866512985756,
                    -0.5475600710749745
                ],
                "Ai": [
                    [
                        0.0,
                        0.0,
                        0.0,
                        0.0,
                        0.0,
                        0.0
                    ],
                    [
                        0.6662119436125871,
                        0.0,
                        0.0,
                        0.0,
                        0.0,
                        0.0
                    ],
                    [
                        0.0,
                        0.0,
                        0.0,
                        0.0,
                        0.0,
                        0.0
                    ],
                    [
                        0.5821525928137241,
                        0.726910265795896,
                        -0.8029901042031933,
                        0.0,
                        0.0,
                        0.0
                    ],
                    [
                        0.6075171339435416,
                        -0.7803539267782242,
                        -0.5478265058255056,
                        0.5654616951022499,
                        0.0,
                        0.0
                    ],
                    [
                        0.0,
                        0.5710468919462087,
                        -0.0,
                        0.0,
                        0.5465289615000513,
                        0.0
                    ]
                ]
            },
            "est_params": {
                "mui": [
                    0.015816629942867252,
                    0.0053429923117628885,
                    1.0069677744469336,
                    -0.7927674884729362,
                    -1.0229091980233513,
                    -0.528643714092715
                ],
                "Si": [
                    [
                        1.0000248507379523,
                        0.6584981723460953,
                        -0.13990997346128115,
                        1.1553183403453398,
                        0.8357338878851165,
                        0.8328518841506888
                    ],
                    [
                        0.6584981723460953,
                        1.4128511684966096,
                        -0.07846255639722693,
                        1.452695379009228,
                        0.17401430501755946,
                        0.8924584342697816
                    ],
                    [
                        -0.13990997346128115,
                        -0.07846255639722695,
                        102.58440934640927,
                        -82.67534094362824,
                        -103.1221056028358,
                        -56.699264896956144
                    ],
                    [
                        1.1553183403453398,
                        1.452695379009228,
                        -82.67534094362824,
                        69.20802553738324,
                        84.12083195412323,
                        47.0335869525888
                    ],
                    [
                        0.8357338878851165,
                        0.1740143050175594,
                        -103.1221056028358,
                        84.12083195412323,
                        105.54481839878804,
                        58.091414452293144
                    ],
                    [
                        0.8328518841506888,
                        0.8924584342697816,
                        -56.699264896956144,
                        47.0335869525888,
                        58.091414452293144,
                        33.40875934854797
                    ]
                ]
            },
            "est_tgt": [
                0,
                2,
                3,
                4,
                5
            ],
            "oracle_est_tgt": [
                0,
                1,
                2,
                3,
                4,
                5
            ]
        },
        "3": {
            "intv_type": "hard",
            "inode": 3,
            "new_mui": 1.0,
            "new_vari": 100,
            "noise_type": "gaussian",
            "obs_noise_gamma_shape": null,
            "true_params": {
                "Si": [
                    [
                        1.0,
                        0.6662119436125871,
                        0.04474148345750206,
                        0.0,
                        0.06312545713093332,
                        0.41493815030739567
                    ],
                    [
                        0.6662119436125871,
                        1.443838353812061,
                        -0.8352386355092931,
                        0.0,
                        -0.26440389522625446,
                        0.6799950181425345
                    ],
                    [
                        0.04474148345750206,
                        -0.8352386355092931,
                        1.7503062893161008,
                        0.0,
                        -0.2799012117853992,
                        -0.6299345454406542
                    ],
                    [
                        0.0,
                        0.0,
                        0.0,
                        100.0,
                        56.546169510224985,
                        30.904119299229123
                    ],
                    [
                        0.06312545713093332,
                        -0.26440389522625446,
                        -0.2799012117853992,
                        56.546169510224985,
                        33.372708580310025,
                        18.088164740253262
                    ],
                    [
                        0.41493815030739567,
                        0.6799950181425345,
                        -0.6299345454406542,
                        30.904119299229123,
                        18.088164740253266,
                        11.274014932581661
                    ]
                ],
                "mui": [
                    0.0,
                    0.0,
                    0.0,
                    1.0,
                    0.5654616951022499,
                    0.3090411929922912
                ],
                "Ai": [
                    [
                        0.0,
                        0.0,
                        0.0,
                        0.0,
                        0.0,
                        0.0
                    ],
                    [
                        0.6662119436125871,
                        0.0,
                        0.0,
                        0.0,
                        0.0,
                        0.0
                    ],
                    [
                        0.6210454245653607,
                        -0.865045946163626,
                        0.0,
                        0.0,
                        0.0,
                        0.0
                    ],
                    [
                        0.0,
                        0.0,
                        0.0,
                        0.0,
                        0.0,
                        0.0
                    ],
                    [
                        0.6075171339435416,
                        -0.7803539267782242,
                        -0.5478265058255056,
                        0.5654616951022499,
                        0.0,
                        0.0
                    ],
                    [
                        0.0,
                        0.5710468919462087,
                        -0.0,
                        0.0,
                        0.5465289615000513,
                        0.0
                    ]
                ]
            },
            "est_params": {
                "mui": [
                    0.0006190197208260363,
                    -0.018528337944961296,
                    0.013532011236754377,
                    1.0678599510508238,
                    0.6096971124658931,
                    0.3023648341520649
                ],
                "Si": [
                    [
                        0.9889920995015765,
                        0.6656630269741564,
                        0.04279154418384396,
                        -0.103195760899637,
                        0.005192598528128716,
                        0.37219741394754724
                    ],
                    [
                        0.6656630269741564,
                        1.4639833775459712,
                        -0.8575060478368135,
                        -0.237768845528542,
                        -0.3828943327711181,
                        0.636529334242766
                    ],
                    [
                        0.04279154418384396,
                        -0.8575060478368135,
                        1.750802695401183,
                        0.32663586344004714,
                        -0.08630613706414085,
                        -0.5641117251354715
                    ],
                    [
                        -0.103195760899637,
                        -0.237768845528542,
                        0.3266358634400471,
                        101.23079994747026,
                        57.21784920170492,
                        31.238330199276117
                    ],
                    [
                        0.005192598528128741,
                        -0.3828943327711181,
                        -0.08630613706414086,
                        57.21784920170492,
                        33.688108731135564,
                        18.23162976813331
                    ],
                    [
                        0.37219741394754724,
                        0.636529334242766,
                        -0.5641117251354715,
                        31.238330199276117,
                        18.23162976813331,
                        11.343575481324255
                    ]
                ]
            },
            "est_tgt": [
                0,
                2,
                3,
                4,
                5
            ],
            "oracle_est_tgt": [
                0,
                1,
                2,
                3,
                4,
                5
            ]
        },
        "4": {
            "intv_type": "hard",
            "inode": 4,
            "new_mui": 1.0,
            "new_vari": 100,
            "noise_type": "gaussian",
            "obs_noise_gamma_shape": null,
            "true_params": {
                "Si": [
                    [
                        1.0,
                        0.6662119436125871,
                        0.04474148345750206,
                        1.0305019253578052,
                        0.0,
                        0.3804382597774107
                    ],
                    [
                        0.6662119436125871,
                        1.443838353812061,
                        -0.8352386355092931,
                        2.108066290835512,
                        0.0,
                        0.8244994044171078
                    ],
                    [
                        0.04474148345750206,
                        -0.8352386355092931,
                        1.7503062893161008,
                        -1.9865757975853848,
                        0.0,
                        -0.4769604268409741
                    ],
                    [
                        1.0305019253578052,
                        2.108066290835512,
                        -1.9865757975853848,
                        4.727485102243822,
                        0.0,
                        1.2038047033981918
                    ],
                    [
                        0.0,
                        0.0,
                        0.0,
                        0.0,
                        100.0,
                        54.65289615000513
                    ],
                    [
                        0.3804382597774107,
                        0.8244994044171078,
                        -0.4769604268409741,
                        1.2038047033981918,
                        54.65289615000513,
                        31.34021839813634
                    ]
                ],
                "mui": [
                    0.0,
                    0.0,
                    0.0,
                    0.0,
                    1.0,
                    0.5465289615000513
                ],
                "Ai": [
                    [
                        0.0,
                        0.0,
                        0.0,
                        0.0,
                        0.0,
                        0.0
                    ],
                    [
                        0.6662119436125871,
                        0.0,
                        0.0,
                        0.0,
                        0.0,
                        0.0
                    ],
                    [
                        0.6210454245653607,
                        -0.865045946163626,
                        0.0,
                        0.0,
                        0.0,
                        0.0
                    ],
                    [
                        0.5821525928137241,
                        0.726910265795896,
                        -0.8029901042031933,
                        0.0,
                        0.0,
                        0.0
                    ],
                    [
                        0.0,
                        0.0,
                        0.0,
                        0.0,
                        0.0,
                        0.0
                    ],
                    [
                        0.0,
                        0.5710468919462087,
                        -0.0,
                        0.0,
                        0.5465289615000513,
                        0.0
                    ]
                ]
            },
            "est_params": {
                "mui": [
                    -0.017852026495520784,
                    -0.02377270642934417,
                    0.01606654641354086,
                    -0.05075099111720339,
                    0.4846843721548497,
                    0.8463901674642715
                ],
                "Si": [
                    [
                        0.9803565178483662,
                        0.6481927704974367,
                        0.06753334990335406,
                        0.9883460896761116,
                        0.3491715838231275,
                        0.183336336277791
                    ],
                    [
                        0.6481927704974367,
                        1.4004663825114383,
                        -0.7923117432544577,
                        2.0619559083929433,
                        0.3830930136829361,
                        0.2804607267076892
                    ],
                    [
                        0.06753334990335408,
                        -0.7923117432544577,
                        1.7091405615429145,
                        -1.9566204325961234,
                        -0.5312193994796655,
                        -0.12186628210559167
                    ],
                    [
                        0.9883460896761116,
                        2.0619559083929433,
                        -1.9566204325961234,
                        4.70031382640266,
                        1.1477178000433967,
                        0.30910105807158383
                    ],
                    [
                        0.34917158382312746,
                        0.3830930136829361,
                        -0.5312193994796655,
                        1.147717800043397,
                        62.93919069607008,
                        33.14693994706375
                    ],
                    [
                        0.183336336277791,
                        0.2804607267076892,
                        -0.12186628210559167,
                        0.3091010580715838,
                        33.14693994706375,
                        79.55025428052224
                    ]
                ]
            },
            "est_tgt": [
                0,
                2,
                3,
                4,
                5
            ],
            "oracle_est_tgt": [
                0,
                1,
                2,
                3,
                4,
                5
            ]
        },
        "5": {
            "intv_type": "hard",
            "inode": 5,
            "new_mui": 1.0,
            "new_vari": 100,
            "noise_type": "gaussian",
            "obs_noise_gamma_shape": null,
            "true_params": {
                "Si": [
                    [
                        1.0,
                        0.6662119436125871,
                        0.04474148345750206,
                        1.0305019253578052,
                        0.64583482264989,
                        0.0
                    ],
                    [
                        0.6662119436125871,
                        1.443838353812061,
                        -0.8352386355092931,
                        2.108066290835512,
                        0.9276268429775067,
                        0.0
                    ],
                    [
                        0.04474148345750206,
                        -0.8352386355092931,
                        1.7503062893161008,
                        -1.9865757975853848,
                        -1.403233729737135,
                        0.0
                    ],
                    [
                        1.0305019253578052,
                        2.108066290835512,
                        -1.9865757975853848,
                        4.727485102243822,
                        2.7425203854885196,
                        0.0
                    ],
                    [
                        0.64583482264989,
                        0.9276268429775067,
                        -1.403233729737135,
                        2.7425203854885196,
                        2.9879973280040124,
                        0.0
                    ],
                    [
                        0.0,
                        0.0,
                        0.0,
                        0.0,
                        0.0,
                        100.0
                    ]
                ],
                "mui": [
                    0.0,
                    0.0,
                    0.0,
                    0.0,
                    0.0,
                    1.0
                ],
                "Ai": [
                    [
                        0.0,
                        0.0,
                        0.0,
                        0.0,
                        0.0,
                        0.0
                    ],
                    [
                        0.6662119436125871,
                        0.0,
                        0.0,
                        0.0,
                        0.0,
                        0.0
                    ],
                    [
                        0.6210454245653607,
                        -0.865045946163626,
                        0.0,
                        0.0,
                        0.0,
                        0.0
                    ],
                    [
                        0.5821525928137241,
                        0.726910265795896,
                        -0.8029901042031933,
                        0.0,
                        0.0,
                        0.0
                    ],
                    [
                        0.6075171339435416,
                        -0.7803539267782242,
                        -0.5478265058255056,
                        0.5654616951022499,
                        0.0,
                        0.0
                    ],
                    [
                        0.0,
                        0.0,
                        0.0,
                        0.0,
                        0.0,
                        0.0
                    ]
                ]
            },
            "oracle_est_tgt": [
                1,
                5
            ]
        },
        "obs": {
            "intv_type": "obs",
            "noise_type": "gaussian",
            "obs_noise_gamma_shape": null,
            "true_params": {
                "Si": [
                    [
                        1.0,
                        0.6662119436125871,
                        0.04474148345750206,
                        1.0305019253578052,
                        0.64583482264989,
                        0.7334056947008248
                    ],
                    [
                        0.6662119436125871,
                        1.443838353812061,
                        -0.8352386355092931,
                        2.108066290835512,
                        0.9276268429775067,
                        1.3314743395691757
                    ],
                    [
                        0.04474148345750206,
                        -0.8352386355092931,
                        1.7503062893161008,
                        -1.9865757975853848,
                        -1.403233729737135,
                        -1.243868299896054
                    ],
                    [
                        1.0305019253578052,
                        2.108066290835512,
                        -1.9865757975853848,
                        4.727485102243822,
                        2.7425203854885196,
                        2.702671521571953
                    ],
                    [
                        0.64583482264989,
                        0.9276268429775067,
                        -1.403233729737135,
                        2.7425203854885196,
                        2.9879973280040124,
                        2.16274550220714
                    ],
                    [
                        0.7334056947008248,
                        1.3314743395691757,
                        -1.243868299896054,
                        2.702671521571953,
                        2.16274550220714,
                        2.9423373366272836
                    ]
                ],
                "mui": [
                    0.0,
                    0.0,
                    0.0,
                    0.0,
                    0.0,
                    0.0
                ],
                "Ai": [
                    [
                        0.0,
                        0.0,
                        0.0,
                        0.0,
                        0.0,
                        0.0
                    ],
                    [
                        0.6662119436125871,
                        0.0,
                        0.0,
                        0.0,
                        0.0,
                        0.0
                    ],
                    [
                        0.6210454245653607,
                        -0.865045946163626,
                        0.0,
                        0.0,
                        0.0,
                        0.0
                    ],
                    [
                        0.5821525928137241,
                        0.726910265795896,
                        -0.8029901042031933,
                        0.0,
                        0.0,
                        0.0
                    ],
                    [
                        0.6075171339435416,
                        -0.7803539267782242,
                        -0.5478265058255056,
                        0.5654616951022499,
                        0.0,
                        0.0
                    ],
                    [
                        0.0,
                        0.5710468919462087,
                        -0.0,
                        0.0,
                        0.5465289615000513,
                        0.0
                    ]
                ]
            },
            "est_params": {
                "mui": [
                    0.02071653183597517,
                    0.0291325980440119,
                    0.004862944151024323,
                    0.06512885918541861,
                    0.017506235417666754,
                    0.023064923449305573
                ],
                "Si": [
                    [
                        1.4233977738824357,
                        0.946925050158643,
                        0.055693365152134716,
                        1.467150591570551,
                        0.9227730652792081,
                        1.0678166474146562
                    ],
                    [
                        0.946925050158643,
                        1.9182866008155954,
                        -1.0731819147113753,
                        2.772918516304422,
                        1.221427437417545,
                        1.7666780443610623
                    ],
                    [
                        0.055693365152134716,
                        -1.0731819147113753,
                        1.9688935081678713,
                        -2.3031770197374337,
                        -1.522398133107268,
                        -1.4527993584105794
                    ],
                    [
                        1.467150591570551,
                        2.772918516304422,
                        -2.3031770197374337,
                        5.659408302246093,
                        3.172222826173773,
                        3.336457180272478
                    ],
                    [
                        0.9227730652792081,
                        1.2214274374175447,
                        -1.522398133107268,
                        3.172222826173772,
                        3.5536353578940996,
                        2.6571917873719966
                    ],
                    [
                        1.0678166474146562,
                        1.7666780443610623,
                        -1.4527993584105796,
                        3.336457180272478,
                        2.6571917873719966,
                        3.7309367884173157
                    ]
                ]
            },
            "est_tgt": [
                0,
                1,
                2,
                3,
                4,
