{
    "expt_args": {
        "save_dir": "all_expt_logs/expt_logs_sim_compsel_backward_cameraready_new_var_largerange",
        "exp_name": "420",
        "num_nodes": 6,
        "num_tgt_prior": 7,
        "obs_noise_mean": 0.0,
        "obs_noise_var": 1.0,
        "obs_noise_gamma_shape": null,
        "noise_type": "gaussian",
        "max_edge_strength": 1.0,
        "graph_sparsity_method": "adj_dense_prop",
        "adj_dense_prop": 0.8,
        "num_parents": null,
        "new_noise_mean": 1.0,
        "mix_samples": 4096,
        "stage2_samples": 4096,
        "gmm_tol": 0.001,
        "intv_type": "hard",
        "new_noise_var": 100,
        "dtype": "simulation",
        "cutoff_drop_ratio": 0.07,
        "intv_targets": [
            0,
            1,
            2,
            3,
            4,
            5
        ]
    },
    "intv_args_dict": {
        "0": {
            "intv_type": "hard",
            "inode": 0,
            "new_mui": 1.0,
            "new_vari": 100,
            "noise_type": "gaussian",
            "obs_noise_gamma_shape": null,
            "true_params": {
                "Si": [
                    [
                        100.0,
                        63.470074936652274,
                        -51.31851932337837,
                        74.52384616841566,
                        -211.84682456174784,
                        -95.79113842262022
                    ],
                    [
                        63.470074936652274,
                        41.28450412464255,
                        -31.917370380496607,
                        47.30034100876889,
                        -133.86204543647233,
                        -59.46258193184178
                    ],
                    [
                        -51.31851932337837,
                        -31.917370380496614,
                        27.764316774657765,
                        -38.24453439646316,
                        110.02015018203869,
                        51.3090553077367
                    ],
                    [
                        74.52384616841566,
                        47.30034100876888,
                        -38.24453439646316,
                        56.53803647733682,
                        -158.86200506549162,
                        -71.24713525654991
                    ],
                    [
                        -211.84682456174784,
                        -133.86204543647236,
                        110.02015018203869,
                        -158.86200506549164,
                        451.95168951978394,
                        205.54714931097612
                    ],
                    [
                        -95.79113842262022,
                        -59.46258193184178,
                        51.30905530773669,
                        -71.24713525654992,
                        205.54714931097612,
                        96.82008533826651
                    ]
                ],
                "mui": [
                    1.0,
                    0.6347007493665228,
                    -0.5131851932337836,
                    0.7452384616841566,
                    -2.1184682456174784,
                    -0.9579113842262023
                ],
                "Ai": [
                    [
                        0.0,
                        0.0,
                        0.0,
                        0.0,
                        0.0,
                        0.0
                    ],
                    [
                        0.6347007493665228,
                        0.0,
                        0.0,
                        0.0,
                        0.0,
                        0.0
                    ],
                    [
                        -0.9286173284555697,
                        0.6545322904320144,
                        0.0,
                        0.0,
                        0.0,
                        0.0
                    ],
                    [
                        0.7452384616841566,
                        0.0,
                        -0.0,
                        0.0,
                        0.0,
                        0.0
                    ],
                    [
                        -0.9156519767073149,
                        -0.0,
                        0.9125491171612707,
                        -0.9856034164212724,
                        0.0,
                        0.0
                    ],
                    [
                        0.0,
                        0.5009918167551581,
                        0.552864978413579,
                        0.9210492575260374,
                        0.7923510207218668,
                        0.0
                    ]
                ]
            },
            "est_params": {
                "mui": [
                    0.44600906850738875,
                    0.2790828568825541,
                    -0.2345933798563892,
                    0.6572726762616101,
                    -1.2769732701129513,
                    -0.41183162540810997
                ],
                "Si": [
                    [
                        51.34487938392774,
                        33.07437955893779,
                        -26.034910797065905,
                        37.601076253256394,
                        -108.2332037079332,
                        -49.2344581730533
                    ],
                    [
                        33.07437955893779,
                        22.289629799281474,
                        -16.17415846364653,
                        24.22960687363774,
                        -69.14209751819924,
                        -30.460395775067813
                    ],
                    [
                        -26.034910797065905,
                        -16.174158463646528,
                        14.529581816623773,
                        -18.995849219575987,
                        56.06068695340962,
                        26.98639734899084
                    ],
                    [
                        37.601076253256394,
                        24.22960687363774,
                        -18.995849219575987,
                        78.22777446134123,
                        -129.11299734141582,
                        -28.989187464305644
                    ],
                    [
                        -108.2332037079332,
                        -69.14209751819924,
                        56.06068695340962,
                        -129.11299734141582,
                        279.3396431753125,
                        99.54413239671474
                    ],
                    [
                        -49.2344581730533,
                        -30.460395775067813,
                        26.98639734899084,
                        -28.989187464305644,
                        99.54413239671474,
                        52.92356103324362
                    ]
                ]
            },
            "est_tgt": [
                0,
                2,
                3,
                4
            ],
            "oracle_est_tgt": [
                0
            ]
        },
        "1": {
            "intv_type": "hard",
            "inode": 1,
            "new_mui": 1.0,
            "new_vari": 100,
            "noise_type": "gaussian",
            "obs_noise_gamma_shape": null,
            "true_params": {
                "Si": [
                    [
                        1.0,
                        0.0,
                        -0.9286173284555697,
                        0.7452384616841566,
                        -2.497570473854541,
                        -1.8059511817204672
                    ],
                    [
                        0.0,
                        100.0,
                        65.45322904320145,
                        0.0,
                        59.72928637872792,
                        133.6125407667582
                    ],
                    [
                        -0.9286173284555697,
                        65.45322904320145,
                        44.703582064525854,
                        -0.69204134935148,
                        42.32658295756009,
                        90.40668410305274
                    ],
                    [
                        0.7452384616841566,
                        0.0,
                        -0.69204134935148,
                        1.5553803647733682,
                        -2.8468889943044005,
                        -1.2057588960443626
                    ],
                    [
                        -2.497570473854541,
                        59.72928637872792,
                        42.32658295756009,
                        -2.8468889943044005,
                        44.71789477068402,
                        86.13491364114144
                    ],
                    [
                        -1.8059511817204672,
                        133.6125407667582,
                        90.40668410305274,
                        -1.2057588960443626,
                        86.13491364114145,
                        185.06000240247954
                    ]
                ],
                "mui": [
                    0.0,
                    1.0,
                    0.6545322904320144,
                    0.0,
                    0.5972928637872792,
                    1.336125407667582
                ],
                "Ai": [
                    [
                        0.0,
                        0.0,
                        0.0,
                        0.0,
                        0.0,
                        0.0
                    ],
                    [
                        0.0,
                        0.0,
                        0.0,
                        0.0,
                        0.0,
                        0.0
                    ],
                    [
                        -0.9286173284555697,
                        0.6545322904320144,
                        0.0,
                        0.0,
                        0.0,
                        0.0
                    ],
                    [
                        0.7452384616841566,
                        0.0,
                        -0.0,
                        0.0,
                        0.0,
                        0.0
                    ],
                    [
                        -0.9156519767073149,
                        -0.0,
                        0.9125491171612707,
                        -0.9856034164212724,
                        0.0,
                        0.0
                    ],
                    [
                        0.0,
                        0.5009918167551581,
                        0.552864978413579,
                        0.9210492575260374,
                        0.7923510207218668,
                        0.0
                    ]
                ]
            },
            "oracle_est_tgt": [
                1
            ]
        },
        "2": {
            "intv_type": "hard",
            "inode": 2,
            "new_mui": 1.0,
            "new_vari": 100,
            "noise_type": "gaussian",
            "obs_noise_gamma_shape": null,
            "true_params": {
                "Si": [
                    [
                        1.0,
                        0.6347007493665228,
                        0.0,
                        0.7452384616841566,
                        -1.650161550591753,
                        -0.3031259756323206
                    ],
                    [
                        0.6347007493665228,
                        1.4028450412464255,
                        0.0,
                        0.47300341008768887,
                        -1.0473587727364089,
                        0.30859753286886593
                    ],
                    [
                        0.0,
                        0.0,
                        100.0,
                        0.0,
                        91.25491171612707,
                        127.59242028551503
                    ],
                    [
                        0.7452384616841566,
                        0.47300341008768887,
                        0.0,
                        1.5553803647733682,
                        -2.215367271914613,
                        -0.08579575127905667
                    ],
                    [
                        -1.650161550591753,
                        -1.0473587727364089,
                        91.25491171612707,
                        -2.215367271914613,
                        87.96903636069412,
                        117.58881999309254
                    ],
                    [
                        -0.3031259756323206,
                        0.30859753286886593,
                        127.59242028551503,
                        -0.08579575127905667,
                        117.58881999309256,
                        164.78858495951798
                    ]
                ],
                "mui": [
                    0.0,
                    0.0,
                    1.0,
                    0.0,
                    0.9125491171612707,
                    1.2759242028551503
                ],
                "Ai": [
                    [
                        0.0,
                        0.0,
                        0.0,
                        0.0,
                        0.0,
                        0.0
                    ],
                    [
                        0.6347007493665228,
                        0.0,
                        0.0,
                        0.0,
                        0.0,
                        0.0
                    ],
                    [
                        0.0,
                        0.0,
                        0.0,
                        0.0,
                        0.0,
                        0.0
                    ],
                    [
                        0.7452384616841566,
                        0.0,
                        -0.0,
                        0.0,
                        0.0,
                        0.0
                    ],
                    [
                        -0.9156519767073149,
                        -0.0,
                        0.9125491171612707,
                        -0.9856034164212724,
                        0.0,
                        0.0
                    ],
                    [
                        0.0,
                        0.5009918167551581,
                        0.552864978413579,
                        0.9210492575260374,
                        0.7923510207218668,
                        0.0
                    ]
                ]
            },
            "oracle_est_tgt": [
                2,
                4,
                5
            ]
        },
        "3": {
            "intv_type": "hard",
            "inode": 3,
            "new_mui": 1.0,
            "new_vari": 100,
            "noise_type": "gaussian",
            "obs_noise_gamma_shape": null,
            "true_params": {
                "Si": [
                    [
                        1.0,
                        0.6347007493665228,
                        -0.5131851932337836,
                        0.0,
                        -1.3839586717330403,
                        -1.062323305442923
                    ],
                    [
                        0.6347007493665228,
                        1.4028450412464255,
                        0.3288132637227282,
                        0.0,
                        -0.281106742253979,
                        0.6618680096334372
                    ],
                    [
                        -0.5131851932337836,
                        0.3288132637227282,
                        1.6917715617725748,
                        0.0,
                        2.013723681735547,
                        2.6956300170207
                    ],
                    [
                        0.0,
                        0.0,
                        0.0,
                        100.0,
                        -98.56034164212724,
                        14.010538449768307
                    ],
                    [
                        -1.3839586717330403,
                        -0.281106742253979,
                        2.013723681735547,
                        -98.56034164212724,
                        101.24625570755651,
                        -9.583870314514652
                    ],
                    [
                        -1.062323305442923,
                        0.6618680096334372,
                        2.6956300170207,
                        14.010538449768307,
                        -9.58387031451465,
                        8.132516498296935
                    ]
                ],
                "mui": [
                    0.0,
                    0.0,
                    0.0,
                    1.0,
                    -0.9856034164212724,
                    0.14010538449768306
                ],
                "Ai": [
                    [
                        0.0,
                        0.0,
                        0.0,
                        0.0,
                        0.0,
                        0.0
                    ],
                    [
                        0.6347007493665228,
                        0.0,
                        0.0,
                        0.0,
                        0.0,
                        0.0
                    ],
                    [
                        -0.9286173284555697,
                        0.6545322904320144,
                        0.0,
                        0.0,
                        0.0,
                        0.0
                    ],
                    [
                        0.0,
                        0.0,
                        0.0,
                        0.0,
                        0.0,
                        0.0
                    ],
                    [
                        -0.9156519767073149,
                        -0.0,
                        0.9125491171612707,
                        -0.9856034164212724,
                        0.0,
                        0.0
                    ],
                    [
                        0.0,
                        0.5009918167551581,
                        0.552864978413579,
                        0.9210492575260374,
                        0.7923510207218668,
                        0.0
                    ]
                ]
            },
            "oracle_est_tgt": [
                2,
                3
            ]
        },
        "4": {
            "intv_type": "hard",
            "inode": 4,
            "new_mui": 1.0,
            "new_vari": 100,
            "noise_type": "gaussian",
            "obs_noise_gamma_shape": null,
            "true_params": {
                "Si": [
                    [
                        1.0,
                        0.6347007493665228,
                        -0.5131851932337836,
                        0.7452384616841566,
                        0.0,
                        0.7206590925556692
                    ],
                    [
                        0.6347007493665228,
                        1.4028450412464255,
                        0.3288132637227282,
                        0.47300341008768887,
                        0.0,
                        1.3202626634587258
                    ],
                    [
                        -0.5131851932337836,
                        0.3288132637227282,
                        1.6917715617725748,
                        -0.3824453439646316,
                        0.0,
                        0.7478030022428299
                    ],
                    [
                        0.7452384616841566,
                        0.47300341008768887,
                        -0.3824453439646316,
                        1.5553803647733682,
                        0.0,
                        1.4581121310609246
                    ],
                    [
                        0.0,
                        0.0,
                        0.0,
                        0.0,
                        100.0,
                        79.23510207218668
                    ],
                    [
                        0.7206590925556692,
                        1.3202626634587258,
                        0.7478030022428299,
                        1.4581121310609246,
                        79.23510207218668,
                        66.19988198065457
                    ]
                ],
                "mui": [
                    0.0,
                    0.0,
                    0.0,
                    0.0,
                    1.0,
                    0.7923510207218668
                ],
                "Ai": [
                    [
                        0.0,
                        0.0,
                        0.0,
                        0.0,
                        0.0,
                        0.0
                    ],
                    [
                        0.6347007493665228,
                        0.0,
                        0.0,
                        0.0,
                        0.0,
                        0.0
                    ],
                    [
                        -0.9286173284555697,
                        0.6545322904320144,
                        0.0,
                        0.0,
                        0.0,
                        0.0
                    ],
                    [
                        0.7452384616841566,
                        0.0,
                        -0.0,
                        0.0,
                        0.0,
                        0.0
                    ],
                    [
                        0.0,
                        0.0,
                        0.0,
                        0.0,
                        0.0,
                        0.0
                    ],
                    [
                        0.0,
                        0.5009918167551581,
                        0.552864978413579,
                        0.9210492575260374,
                        0.7923510207218668,
                        0.0
                    ]
                ]
            },
            "est_params": {
                "mui": [
                    -0.028469022962027087,
                    2.7980560889545503,
                    4.583952490493887,
                    0.03368017411716006,
                    6.864606476951225,
                    9.435883096458761
                ],
                "Si": [
                    [
                        1.0021802079449196,
                        0.43022320832426203,
                        -0.29976496866486746,
                        0.7443259664370202,
                        -1.0742959659866604,
                        -0.12743056823748022
                    ],
                    [
                        0.43022320832426203,
                        32.772176589833414,
                        13.504184118848375,
                        0.2512227507852323,
                        3.8052098990506726,
                        26.972106869070412
                    ],
                    [
                        -0.2997649686648674,
                        13.504184118848375,
                        39.48351203498255,
                        0.31363362926794097,
                        22.286499334214913,
                        46.307740337863336
                    ],
                    [
                        0.7443259664370202,
                        0.2512227507852322,
                        0.313633629267941,
                        1.51092507375097,
                        -1.1620699111533856,
                        0.7794844881848527
                    ],
                    [
                        -1.0742959659866604,
                        3.8052098990506713,
                        22.286499334214913,
                        -1.1620699111533859,
                        41.028458595312856,
                        45.52769489577104
                    ],
                    [
                        -0.12743056823748017,
                        26.972106869070412,
                        46.307740337863336,
                        0.7794844881848527,
                        45.52769489577104,
                        76.48544266559738
                    ]
                ]
            },
            "est_tgt": [
                0,
                1,
                2,
                4,
                5
            ],
            "oracle_est_tgt": [
                2,
                4,
                5
            ]
        },
        "5": {
            "intv_type": "hard",
            "inode": 5,
            "new_mui": 1.0,
            "new_vari": 100,
            "noise_type": "gaussian",
            "obs_noise_gamma_shape": null,
            "true_params": {
                "Si": [
                    [
                        1.0,
                        0.6347007493665228,
                        -0.5131851932337836,
                        0.7452384616841566,
                        -2.1184682456174784,
                        0.0
                    ],
                    [
                        0.6347007493665228,
                        1.4028450412464255,
                        0.3288132637227282,
                        0.47300341008768887,
                        -0.747300519215317,
                        0.0
                    ],
                    [
                        -0.5131851932337836,
                        0.3288132637227282,
                        1.6917715617725748,
                        -0.3824453439646316,
                        2.3906631193414962,
                        0.0
                    ],
                    [
                        0.7452384616841566,
                        0.47300341008768887,
                        -0.3824453439646316,
                        1.5553803647733682,
                        -2.5643674329119763,
                        0.0
                    ],
                    [
                        -2.1184682456174784,
                        -0.747300519215317,
                        2.3906631193414962,
                        -2.5643674329119763,
                        7.648826458513905,
                        0.0
                    ],
                    [
                        0.0,
                        0.0,
                        0.0,
                        0.0,
                        0.0,
                        100.0
                    ]
                ],
                "mui": [
                    0.0,
                    0.0,
                    0.0,
                    0.0,
                    0.0,
                    1.0
                ],
                "Ai": [
                    [
                        0.0,
                        0.0,
                        0.0,
                        0.0,
                        0.0,
                        0.0
                    ],
                    [
                        0.6347007493665228,
                        0.0,
                        0.0,
                        0.0,
                        0.0,
                        0.0
                    ],
                    [
                        -0.9286173284555697,
                        0.6545322904320144,
                        0.0,
                        0.0,
                        0.0,
                        0.0
                    ],
                    [
                        0.7452384616841566,
                        0.0,
                        -0.0,
                        0.0,
                        0.0,
                        0.0
                    ],
                    [
                        -0.9156519767073149,
                        -0.0,
                        0.9125491171612707,
                        -0.9856034164212724,
                        0.0,
                        0.0
                    ],
                    [
                        0.0,
                        0.0,
                        0.0,
                        0.0,
                        0.0,
                        0.0
                    ]
                ]
            },
            "est_params": {
                "mui": [
                    -0.08041015570956402,
                    -3.4253140433247253,
                    -5.424771497341055,
                    -0.021447184781689815,
                    -8.269216766426872,
                    -11.242974730431555
                ],
                "Si": [
                    [
                        1.115006095254581,
                        0.5150712294716941,
                        -1.1818650432644502,
                        0.8352459057253295,
                        -1.8785385237479708,
                        -1.0880029524190873
                    ],
                    [
                        0.5150712294716941,
                        38.53077022359048,
                        13.429447701420296,
                        0.06714510327264722,
                        0.00866215173686226,
                        26.52017208805014
                    ],
                    [
                        -1.1818650432644504,
                        13.429447701420296,
                        38.45713212451616,
                        -1.1829203990842676,
                        17.18837622298987,
                        40.240250370461965
                    ],
                    [
                        0.8352459057253298,
                        0.06714510327264722,
                        -1.1829203990842678,
                        1.6319910593294051,
                        -1.97163056578727,
                        -0.6704135034858087
                    ],
                    [
                        -1.8785385237479708,
                        0.008662151736861629,
                        17.18837622298987,
                        -1.97163056578727,
                        36.7531620917986,
                        36.653636238464976
                    ],
                    [
                        -1.0880029524190873,
                        26.520172088050145,
                        40.240250370461965,
                        -0.6704135034858086,
                        36.653636238464976,
                        64.4698011420448
                    ]
                ]
            },
            "est_tgt": [
                0,
                1,
                2,
                4,
                5
            ],
            "oracle_est_tgt": [
                2,
                5
            ]
        },
        "obs": {
            "intv_type": "obs",
            "noise_type": "gaussian",
            "obs_noise_gamma_shape": null,
            "true_params": {
                "Si": [
                    [
                        1.0,
                        0.6347007493665228,
                        -0.5131851932337836,
                        0.7452384616841566,
                        -2.1184682456174784,
                        -0.9579113842262023
                    ],
                    [
                        0.6347007493665228,
                        1.4028450412464255,
                        0.3288132637227282,
                        0.47300341008768887,
                        -0.747300519215317,
                        0.7281383342724882
                    ],
                    [
                        -0.5131851932337836,
                        0.3288132637227282,
                        1.6917715617725748,
                        -0.3824453439646316,
                        2.3906631193414962,
                        2.642047365055187
                    ],
                    [
                        0.7452384616841566,
                        0.47300341008768887,
                        -0.3824453439646316,
                        1.5553803647733682,
                        -2.5643674329119763,
                        -0.573767021912793
                    ],
                    [
                        -2.1184682456174784,
                        -0.747300519215317,
                        2.3906631193414962,
                        -2.5643674329119763,
                        7.648826458513905,
                        4.645969200705508
                    ],
                    [
                        -0.9579113842262023,
                        0.7281383342724882,
                        2.642047365055187,
                        -0.573767021912793,
                        4.645969200705508,
                        5.978257555280798
                    ]
                ],
                "mui": [
                    0.0,
                    0.0,
                    0.0,
                    0.0,
                    0.0,
                    0.0
                ],
                "Ai": [
                    [
                        0.0,
                        0.0,
                        0.0,
                        0.0,
                        0.0,
                        0.0
                    ],
                    [
                        0.6347007493665228,
                        0.0,
                        0.0,
                        0.0,
                        0.0,
                        0.0
                    ],
                    [
                        -0.9286173284555697,
                        0.6545322904320144,
                        0.0,
                        0.0,
                        0.0,
                        0.0
                    ],
                    [
                        0.7452384616841566,
                        0.0,
                        -0.0,
                        0.0,
                        0.0,
                        0.0
                    ],
                    [
                        -0.9156519767073149,
                        -0.0,
                        0.9125491171612707,
                        -0.9856034164212724,
                        0.0,
                        0.0
                    ],
                    [
                        0.0,
                        0.5009918167551581,
                        0.552864978413579,
                        0.9210492575260374,
                        0.7923510207218668,
                        0.0
                    ]
                ]
            },
            "est_params": {
                "mui": [
                    0.03372591242873261,
                    0.060911587600882326,
                    -0.015525863515759896,
                    0.03516314592136848,
                    -0.07530019711444313,
                    0.23638186722185686
                ],
                "Si": [
                    [
                        0.9303515842353284,
                        0.5818377561400321,
                        -0.5165906615669583,
                        0.680192940555195,
                        -1.9690476051651684,
                        -0.37044349061771126
                    ],
                    [
                        0.5818377561400322,
                        1.5224486025885042,
                        0.45245012867790624,
                        0.44330788630443496,
                        -0.5551152553861451,
                        0.6869523377697144
                    ],
                    [
                        -0.5165906615669583,
                        0.45245012867790624,
                        1.9648741530482434,
                        -0.40450590111686907,
                        2.5976432683748483,
                        1.9932588253349675
                    ],
                    [
                        0.680192940555195,
                        0.44330788630443496,
                        -0.40450590111686907,
                        1.5006674240832338,
                        -2.4332862273900564,
                        -0.2766439476501176
                    ],
                    [
                        -1.9690476051651684,
                        -0.5551152553861454,
                        2.5976432683748483,
                        -2.4332862273900564,
                        7.571671573780646,
                        3.21077933976114
                    ],
                    [
                        -0.37044349061771126,
                        0.6869523377697144,
                        1.9932588253349675,
                        -0.2766439476501176,
                        3.21077933976114,
                        43.76785798151134
                    ]
                ]
            },
            "est_tgt": [
                0,
                1,
                2,
                3,
                4,
                5
            ],
            "oracle_est_tgt": [
                0,
                1,
                2,
                3,
                4,
                5
            ]
        }
    },
    "metric_dict": {
        "param_est_rel_err": 2570.919263242092,
        "est_num_comp": 4,
        "weight_precision_error": 0.31353549775229045,
        "gm_score_dict": {
            "1": -16.79279723984226,
            "2": -14.175504335431121,
            "3": -14.597677038368573,
            "4": -13.174585138796196,
            "5": -13.606757874223339,
            "6": -12.913649893435966,
            "7": -12.163309302821109
        },
        "est_dag": {
            "amat": [
                [
                    0,
                    1,
                    0,
                    0,
                    0,
                    0
                ],
                [
                    0,
                    0,
                    1,
                    0,
                    0,
                    1
                ],
                [
                    0,
                    0,
                    0,
                    0,
                    0,
                    0
                ],
                [
                    0,
                    1,
                    0,
                    0,
                    1,
                    1
                ],
                [
                    1,
                    1,
                    1,
                    0,
                    0,
                    1
                ],
                [
                    0,
                    0,
                    1,
                    0,
                    0,
                    0
                ]
            ],
            "nodes": [
                0,
                1,
                2,
                3,
                4,
                5
            ]
        },
        "oracle_est_dag": {
            "amat": [
                [
                    0,
                    1,
                    0,
                    1,
                    1,
                    0
                ],
                [
                    0,
                    0,
                    1,
                    0,
                    1,
                    1
                ],
                [
                    0,
                    0,
                    0,
                    0,
                    0,
                    0
                ],
                [
                    0,
                    0,
                    0,
                    0,
                    1,
                    1
                ],
                [
                    0,
                    0,
                    1,
                    0,
                    0,
                    1
                ],
                [
                    0,
