{
    "expt_args": {
        "save_dir": "all_expt_logs/expt_logs_sim_compsel_backward_cameraready_new_var_largerange",
        "exp_name": "35",
        "num_nodes": 6,
        "num_tgt_prior": 7,
        "obs_noise_mean": 0.0,
        "obs_noise_var": 1.0,
        "obs_noise_gamma_shape": null,
        "noise_type": "gaussian",
        "max_edge_strength": 1.0,
        "graph_sparsity_method": "adj_dense_prop",
        "adj_dense_prop": 0.8,
        "num_parents": null,
        "new_noise_mean": 1.0,
        "mix_samples": 4096,
        "stage2_samples": 4096,
        "gmm_tol": 0.001,
        "intv_type": "hard",
        "new_noise_var": 100,
        "dtype": "simulation",
        "cutoff_drop_ratio": 0.07,
        "intv_targets": [
            0,
            1,
            2,
            3,
            4,
            5
        ]
    },
    "intv_args_dict": {
        "0": {
            "intv_type": "hard",
            "inode": 0,
            "new_mui": 1.0,
            "new_vari": 100,
            "noise_type": "gaussian",
            "obs_noise_gamma_shape": null,
            "true_params": {
                "Si": [
                    [
                        100.0,
                        -99.89596716927045,
                        142.37884751997268,
                        220.04390795525723,
                        411.2342378373368,
                        -75.78423701529525
                    ],
                    [
                        -99.89596716927045,
                        100.7920425668396,
                        -142.78809036397837,
                        -220.8271753979585,
                        -412.22480638222487,
                        76.89877844668453
                    ],
                    [
                        142.37884751997268,
                        -142.78809036397837,
                        204.02801638199062,
                        314.3605480956876,
                        587.5589974270569,
                        -108.41516026300512
                    ],
                    [
                        220.04390795525723,
                        -220.82717539795848,
                        314.3605480956876,
                        486.4681462850065,
                        907.9392230863518,
                        -168.65149907603544
                    ],
                    [
                        411.2342378373368,
                        -412.22480638222487,
                        587.5589974270569,
                        907.939223086352,
                        1696.6869411201112,
                        -313.8976593577453
                    ],
                    [
                        -75.78423701529525,
                        76.89877844668452,
                        -108.4151602630051,
                        -168.6514990760354,
                        -313.8976593577453,
                        60.45758219669195
                    ]
                ],
                "mui": [
                    1.0,
                    -0.9989596716927045,
                    1.4237884751997267,
                    2.2004390795525723,
                    4.112342378373368,
                    -0.7578423701529525
                ],
                "Ai": [
                    [
                        0.0,
                        0.0,
                        0.0,
                        0.0,
                        0.0,
                        0.0
                    ],
                    [
                        -0.9989596716927045,
                        0.0,
                        0.0,
                        0.0,
                        0.0,
                        0.0
                    ],
                    [
                        0.8670047268784604,
                        -0.5573635894408174,
                        0.0,
                        0.0,
                        0.0,
                        0.0
                    ],
                    [
                        0.7554466011386938,
                        -0.7332735571931106,
                        0.5004126517875919,
                        0.0,
                        0.0,
                        0.0
                    ],
                    [
                        0.8658649517178002,
                        0.0,
                        0.7683631075900631,
                        0.9782097170069649,
                        0.0,
                        0.0
                    ],
                    [
                        0.8780698942500844,
                        0.7198041494387488,
                        0.5312224827952852,
                        -0.7603961463490243,
                        0.0,
                        0.0
                    ]
                ]
            },
            "oracle_est_tgt": [
                0
            ]
        },
        "1": {
            "intv_type": "hard",
            "inode": 1,
            "new_mui": 1.0,
            "new_vari": 100,
            "noise_type": "gaussian",
            "obs_noise_gamma_shape": null,
            "true_params": {
                "Si": [
                    [
                        1.0,
                        0.0,
                        0.8670047268784604,
                        1.189306735628321,
                        2.695430803250865,
                        0.4342980392589951
                    ],
                    [
                        0.0,
                        100.0,
                        -55.73635894408174,
                        -101.21853489950408,
                        -141.83871634393336,
                        119.33819184030772
                    ],
                    [
                        0.8670047268784604,
                        -55.73635894408174,
                        32.8171142798648,
                        57.94707314281398,
                        82.65055893660684,
                        -65.98751387778748
                    ],
                    [
                        1.189306735628321,
                        -101.21853489950408,
                        57.94707314281398,
                        105.11678140550123,
                        148.38042920634206,
                        -120.96083441290006
                    ],
                    [
                        2.695430803250865,
                        -141.83871634393336,
                        82.65055893660684,
                        148.38042920634206,
                        211.98669703421027,
                        -168.6513913744544
                    ],
                    [
                        0.4342980392589951,
                        119.33819184030772,
                        -65.98751387778748,
                        -120.96083441290006,
                        -168.6513913744544,
                        144.20557109766114
                    ]
                ],
                "mui": [
                    0.0,
                    1.0,
                    -0.5573635894408174,
                    -1.0121853489950408,
                    -1.4183871634393335,
                    1.1933819184030772
                ],
                "Ai": [
                    [
                        0.0,
                        0.0,
                        0.0,
                        0.0,
                        0.0,
                        0.0
                    ],
                    [
                        0.0,
                        0.0,
                        0.0,
                        0.0,
                        0.0,
                        0.0
                    ],
                    [
                        0.8670047268784604,
                        -0.5573635894408174,
                        0.0,
                        0.0,
                        0.0,
                        0.0
                    ],
                    [
                        0.7554466011386938,
                        -0.7332735571931106,
                        0.5004126517875919,
                        0.0,
                        0.0,
                        0.0
                    ],
                    [
                        0.8658649517178002,
                        0.0,
                        0.7683631075900631,
                        0.9782097170069649,
                        0.0,
                        0.0
                    ],
                    [
                        0.8780698942500844,
                        0.7198041494387488,
                        0.5312224827952852,
                        -0.7603961463490243,
                        0.0,
                        0.0
                    ]
                ]
            },
            "est_params": {
                "mui": [
                    0.43871180191750725,
                    -0.48232591554588566,
                    1.0206515397770175,
                    1.515835124776695,
                    2.6581752427084195,
                    -0.5880905352312219
                ],
                "Si": [
                    [
                        41.84968951379137,
                        -41.893563016301975,
                        59.53949910098484,
                        91.20439062234462,
                        171.17393916998563,
                        -31.483560683963248
                    ],
                    [
                        -41.893563016301975,
                        42.87802960553162,
                        -60.10007531314762,
                        -92.11263429721136,
                        -172.5278324378191,
                        32.539099738063385
                    ],
                    [
                        59.53949910098484,
                        -60.10007531314762,
                        125.17833492668404,
                        149.67564043917838,
                        294.1188307627826,
                        -38.55768048577597
                    ],
                    [
                        91.20439062234462,
                        -92.11263429721136,
                        149.67564043917838,
                        250.19246078162823,
                        438.6648038948632,
                        -97.74504713849137
                    ],
                    [
                        171.17393916998563,
                        -172.5278324378191,
                        294.1188307627826,
                        438.6648038948633,
                        804.2549628033181,
                        -152.50084500999438
                    ],
                    [
                        -31.483560683963248,
                        32.539099738063385,
                        -38.55768048577597,
                        -97.74504713849137,
                        -152.50084500999438,
                        51.0742871851736
                    ]
                ]
            },
            "est_tgt": [
                0,
                1,
                2,
                3,
                4,
                5
            ],
            "oracle_est_tgt": [
                1,
                2,
                5
            ]
        },
        "2": {
            "intv_type": "hard",
            "inode": 2,
            "new_mui": 1.0,
            "new_vari": 100,
            "noise_type": "gaussian",
            "obs_noise_gamma_shape": null,
            "true_params": {
                "Si": [
                    [
                        1.0,
                        -0.9989596716927045,
                        0.0,
                        1.487957313093265,
                        2.321399253877207,
                        -0.9724224293642619
                    ],
                    [
                        -0.9989596716927045,
                        1.997920425668396,
                        0.0,
                        -2.2196829061735173,
                        -3.036279555391427,
                        2.2487933273323764
                    ],
                    [
                        0.0,
                        0.0,
                        100.0,
                        50.04126517875919,
                        125.78716260819083,
                        15.071063079170413
                    ],
                    [
                        1.487957313093265,
                        -2.2196829061735173,
                        50.04126517875919,
                        28.792989282175334,
                        67.90381400505078,
                        4.397760592697306
                    ],
                    [
                        2.321399253877207,
                        -3.036279555391427,
                        125.78716260819083,
                        67.90381400505078,
                        166.08440409101652,
                        15.039994507193265
                    ],
                    [
                        -0.9724224293642619,
                        2.2487933273323764,
                        15.071063079170413,
                        4.397760592697305,
                        15.039994507193267,
                        6.426883248554357
                    ]
                ],
                "mui": [
                    0.0,
                    0.0,
                    1.0,
                    0.5004126517875919,
                    1.2578716260819083,
                    0.15071063079170413
                ],
                "Ai": [
                    [
                        0.0,
                        0.0,
                        0.0,
                        0.0,
                        0.0,
                        0.0
                    ],
                    [
                        -0.9989596716927045,
                        0.0,
                        0.0,
                        0.0,
                        0.0,
                        0.0
                    ],
                    [
                        0.0,
                        0.0,
                        0.0,
                        0.0,
                        0.0,
                        0.0
                    ],
                    [
                        0.7554466011386938,
                        -0.7332735571931106,
                        0.5004126517875919,
                        0.0,
                        0.0,
                        0.0
                    ],
                    [
                        0.8658649517178002,
                        0.0,
                        0.7683631075900631,
                        0.9782097170069649,
                        0.0,
                        0.0
                    ],
                    [
                        0.8780698942500844,
                        0.7198041494387488,
                        0.5312224827952852,
                        -0.7603961463490243,
                        0.0,
                        0.0
                    ]
                ]
            },
            "oracle_est_tgt": [
                1,
                2,
                5
            ]
        },
        "3": {
            "intv_type": "hard",
            "inode": 3,
            "new_mui": 1.0,
            "new_vari": 100,
            "noise_type": "gaussian",
            "obs_noise_gamma_shape": null,
            "true_params": {
                "Si": [
                    [
                        1.0,
                        -0.9989596716927045,
                        1.4237884751997267,
                        0.0,
                        1.9598514890731797,
                        0.9153630262146176
                    ],
                    [
                        -0.9989596716927045,
                        1.997920425668396,
                        -1.9796708571861927,
                        0.0,
                        -2.3860702197313004,
                        -0.49069066851068904
                    ],
                    [
                        1.4237884751997267,
                        -1.9796708571861927,
                        3.337827792945915,
                        0.0,
                        3.7974722749235763,
                        1.5983396656393627
                    ],
                    [
                        0.0,
                        0.0,
                        0.0,
                        100.0,
                        97.82097170069649,
                        -76.03961463490243
                    ],
                    [
                        1.9598514890731797,
                        -2.3860702197313004,
                        3.7974722749235763,
                        97.82097170069649,
                        101.30422935779242,
                        -72.36200391835386
                    ],
                    [
                        0.9153630262146176,
                        -0.49069066851068904,
                        1.5983396656393627,
                        -76.03961463490243,
                        -72.36200391835388,
                        60.11985544011965
                    ]
                ],
                "mui": [
                    0.0,
                    0.0,
                    0.0,
                    1.0,
                    0.9782097170069649,
                    -0.7603961463490243
                ],
                "Ai": [
                    [
                        0.0,
                        0.0,
                        0.0,
                        0.0,
                        0.0,
                        0.0
                    ],
                    [
                        -0.9989596716927045,
                        0.0,
                        0.0,
                        0.0,
                        0.0,
                        0.0
                    ],
                    [
                        0.8670047268784604,
                        -0.5573635894408174,
                        0.0,
                        0.0,
                        0.0,
                        0.0
                    ],
                    [
                        0.0,
                        0.0,
                        0.0,
                        0.0,
                        0.0,
                        0.0
                    ],
                    [
                        0.8658649517178002,
                        0.0,
                        0.7683631075900631,
                        0.9782097170069649,
                        0.0,
                        0.0
                    ],
                    [
                        0.8780698942500844,
                        0.7198041494387488,
                        0.5312224827952852,
                        -0.7603961463490243,
                        0.0,
                        0.0
                    ]
                ]
            },
            "est_params": {
                "mui": [
                    0.005253515307142219,
                    0.5990397099812739,
                    -0.3189756156884119,
                    -0.6518417975337757,
                    -0.9128557750924728,
                    0.7352282697358333
                ],
                "Si": [
                    [
                        0.9550096744676125,
                        -0.54135912287188,
                        1.1135044190149581,
                        1.6879753039433472,
                        3.346982123636349,
                        -0.22485121247409717
                    ],
                    [
                        -0.54135912287188,
                        41.13997180045442,
                        -23.22980461379653,
                        -42.322076862817845,
                        -59.45690755158999,
                        48.9060072831671
                    ],
                    [
                        1.1135044190149581,
                        -23.22980461379653,
                        14.846180066291275,
                        25.379458465158923,
                        37.03997690663148,
                        -27.086302684311256
                    ],
                    [
                        1.6879753039433472,
                        -42.322076862817845,
                        25.379458465158923,
                        46.263428499449574,
                        65.95449045631506,
                        -50.54060932796919
                    ],
                    [
                        3.346982123636349,
                        -59.45690755158999,
                        37.03997690663148,
                        65.95449045631506,
                        96.47349360767456,
                        -70.10336903802653
                    ],
                    [
                        -0.22485121247409717,
                        48.9060072831671,
                        -27.086302684311256,
                        -50.54060932796919,
                        -70.10336903802653,
                        59.92777033245409
                    ]
                ]
            },
            "est_tgt": [
                1,
                2,
                3,
                4,
                5
            ],
            "oracle_est_tgt": [
                1,
                3,
                5
            ]
        },
        "4": {
            "intv_type": "hard",
            "inode": 4,
            "new_mui": 1.0,
            "new_vari": 100,
            "noise_type": "gaussian",
            "obs_noise_gamma_shape": null,
            "true_params": {
                "Si": [
                    [
                        1.0,
                        -0.9989596716927045,
                        1.4237884751997267,
                        2.2004390795525723,
                        0.0,
                        -0.7578423701529525
                    ],
                    [
                        -0.9989596716927045,
                        1.997920425668396,
                        -1.9796708571861927,
                        -3.2103352494846753,
                        0.0,
                        1.9504358836858917
                    ],
                    [
                        1.4237884751997267,
                        -1.9796708571861927,
                        3.337827792945915,
                        4.197527712928921,
                        0.0,
                        -1.5934442314650228
                    ],
                    [
                        2.2004390795525723,
                        -3.2103352494846753,
                        4.197527712928921,
                        7.1168641456114745,
                        0.0,
                        -3.5604883009304595
                    ],
                    [
                        0.0,
                        0.0,
                        0.0,
                        0.0,
                        100.0,
                        0.0
                    ],
                    [
                        -0.7578423701529525,
                        1.9504358836858917,
                        -1.5934442314650228,
                        -3.5604883009304595,
                        0.0,
                        3.5994014547865336
                    ]
                ],
                "mui": [
                    0.0,
                    0.0,
                    0.0,
                    0.0,
                    1.0,
                    0.0
                ],
                "Ai": [
                    [
                        0.0,
                        0.0,
                        0.0,
                        0.0,
                        0.0,
                        0.0
                    ],
                    [
                        -0.9989596716927045,
                        0.0,
                        0.0,
                        0.0,
                        0.0,
                        0.0
                    ],
                    [
                        0.8670047268784604,
                        -0.5573635894408174,
                        0.0,
                        0.0,
                        0.0,
                        0.0
                    ],
                    [
                        0.7554466011386938,
                        -0.7332735571931106,
                        0.5004126517875919,
                        0.0,
                        0.0,
                        0.0
                    ],
                    [
                        0.0,
                        0.0,
                        0.0,
                        0.0,
                        0.0,
                        0.0
                    ],
                    [
                        0.8780698942500844,
                        0.7198041494387488,
                        0.5312224827952852,
                        -0.7603961463490243,
                        0.0,
                        0.0
                    ]
                ]
            },
            "est_params": {
                "mui": [
                    0.03132738102892518,
                    -0.004957856173947876,
                    0.032695027798284745,
                    0.057976347014747645,
                    0.3295647166535462,
                    0.2843827503772465
                ],
                "Si": [
                    [
                        1.0424374841160153,
                        -1.0381269608105195,
                        1.4957310797607903,
                        2.3068261202774827,
                        1.7518054370381408,
                        -0.20517165228463838
                    ],
                    [
                        -1.0381269608105195,
                        1.9365478116954082,
                        -1.999508510408611,
                        -3.227845190086111,
                        -2.2529509972038833,
                        0.38822999812934045
                    ],
                    [
                        1.4957310797607903,
                        -1.999508510408611,
                        3.425035909508431,
                        4.350596754561225,
                        3.2042551929725853,
                        -0.28245991523623154
                    ],
                    [
                        2.3068261202774827,
                        -3.227845190086111,
                        4.350596754561225,
                        7.324479857154627,
                        4.7168761132979755,
                        -1.0596193201616702
                    ],
                    [
                        1.7518054370381408,
                        -2.2529509972038833,
                        3.2042551929725853,
                        4.716876113297975,
                        62.92435011410375,
                        1.5459430779862002
                    ],
                    [
                        -0.20517165228463838,
                        0.38822999812934045,
                        -0.28245991523623154,
                        -1.0596193201616697,
                        1.5459430779862002,
                        52.706478242138424
                    ]
                ]
            },
            "est_tgt": [
                1,
                2,
                3,
                4,
                5
            ],
            "oracle_est_tgt": [
                4
            ]
        },
        "5": {
            "intv_type": "hard",
            "inode": 5,
            "new_mui": 1.0,
            "new_vari": 100,
            "noise_type": "gaussian",
            "obs_noise_gamma_shape": null,
            "true_params": {
                "Si": [
                    [
                        1.0,
                        -0.9989596716927045,
                        1.4237884751997267,
                        2.2004390795525723,
                        4.112342378373368,
                        0.0
                    ],
                    [
                        -0.9989596716927045,
                        1.997920425668396,
                        -1.9796708571861927,
                        -3.2103352494846753,
                        -5.526451355627189,
                        0.0
                    ],
                    [
                        1.4237884751997267,
                        -1.9796708571861927,
                        3.337827792945915,
                        4.197527712928921,
                        7.90353467111667,
                        0.0
                    ],
                    [
                        2.2004390795525723,
                        -3.2103352494846753,
                        4.197527712928921,
                        7.1168641456114745,
                        12.092294176931842,
                        0.0
                    ],
                    [
                        4.112342378373368,
                        -5.526451355627189,
                        7.90353467111667,
                        12.092294176931842,
                        22.4623172605238,
                        0.0
                    ],
                    [
                        0.0,
                        0.0,
                        0.0,
                        0.0,
                        0.0,
                        100.0
                    ]
                ],
                "mui": [
                    0.0,
                    0.0,
                    0.0,
                    0.0,
                    0.0,
                    1.0
                ],
                "Ai": [
                    [
                        0.0,
                        0.0,
                        0.0,
                        0.0,
                        0.0,
                        0.0
                    ],
                    [
                        -0.9989596716927045,
                        0.0,
                        0.0,
                        0.0,
                        0.0,
                        0.0
                    ],
                    [
                        0.8670047268784604,
                        -0.5573635894408174,
                        0.0,
                        0.0,
                        0.0,
                        0.0
                    ],
                    [
                        0.7554466011386938,
                        -0.7332735571931106,
                        0.5004126517875919,
                        0.0,
                        0.0,
                        0.0
                    ],
                    [
                        0.8658649517178002,
                        0.0,
                        0.7683631075900631,
                        0.9782097170069649,
                        0.0,
                        0.0
                    ],
                    [
                        0.0,
                        0.0,
                        0.0,
                        0.0,
                        0.0,
                        0.0
                    ]
                ]
            },
            "oracle_est_tgt": [
                1,
                3,
                5
            ]
        },
        "obs": {
            "intv_type": "obs",
            "noise_type": "gaussian",
            "obs_noise_gamma_shape": null,
            "true_params": {
                "Si": [
                    [
                        1.0,
                        -0.9989596716927045,
                        1.4237884751997267,
                        2.2004390795525723,
                        4.112342378373368,
                        -0.7578423701529525
                    ],
                    [
                        -0.9989596716927045,
                        1.997920425668396,
                        -1.9796708571861927,
                        -3.2103352494846753,
                        -5.526451355627189,
                        1.9504358836858917
                    ],
                    [
                        1.4237884751997267,
                        -1.9796708571861927,
                        3.337827792945915,
                        4.197527712928921,
                        7.90353467111667,
                        -1.5934442314650228
                    ],
                    [
                        2.2004390795525723,
                        -3.2103352494846753,
                        4.197527712928921,
                        7.1168641456114745,
                        12.092294176931842,
                        -3.5604883009304595
                    ],
                    [
                        4.112342378373368,
                        -5.526451355627189,
                        7.90353467111667,
                        12.092294176931842,
                        22.4623172605238,
                        -5.363437161961909
                    ],
                    [
                        -0.7578423701529525,
                        1.9504358836858917,
                        -1.5934442314650228,
                        -3.5604883009304595,
                        -5.363437161961909,
                        3.5994014547865336
                    ]
                ],
                "mui": [
                    0.0,
                    0.0,
                    0.0,
                    0.0,
                    0.0,
                    0.0
                ],
                "Ai": [
                    [
                        0.0,
                        0.0,
                        0.0,
                        0.0,
                        0.0,
                        0.0
                    ],
                    [
                        -0.9989596716927045,
                        0.0,
                        0.0,
                        0.0,
                        0.0,
                        0.0
                    ],
                    [
                        0.8670047268784604,
                        -0.5573635894408174,
                        0.0,
                        0.0,
                        0.0,
                        0.0
                    ],
                    [
                        0.7554466011386938,
                        -0.7332735571931106,
                        0.5004126517875919,
                        0.0,
                        0.0,
                        0.0
                    ],
                    [
                        0.8658649517178002,
                        0.0,
                        0.7683631075900631,
                        0.9782097170069649,
                        0.0,
                        0.0
                    ],
                    [
                        0.8780698942500844,
                        0.7198041494387488,
                        0.5312224827952852,
                        -0.7603961463490243,
                        0.0,
                        0.0
                    ]
                ]
            },
            "est_tgt": [
                0,
                1,
                2,
                3,
                4,
                5
            ],
            "oracle_est_tgt": [
                0,
                1,
                2,
                3,
                4,
                5
            ]
        }
    },
    "metric_dict": {
        "param_est_rel_err": 4283.718672374747,
        "est_num_comp": 3,
        "weight_precision_error": 0.10545813645547181,
        "gm_score_dict": {
            "1": -16.88353264974243,
            "2": -14.72990849653597,
            "3": -13.230865321698085,
            "4": -12.643684035290722,
            "5": -12.29388416558045,
            "6": -12.27705879221695,
            "7": -11.97884806793897
        },
        "est_dag": {
            "amat": [
                [
                    0,
                    1,
                    0,
                    0,
                    1,
                    1
                ],
                [
                    0,
                    0,
                    0,
                    0,
                    0,
                    0
                ],
                [
                    0,
                    1,
                    0,
                    0,
                    0,
                    1
                ],
                [
                    0,
                    0,
                    0,
                    0,
                    0,
                    1
                ],
                [
                    0,
                    0,
                    1,
                    1,
                    0,
                    0
                ],
                [
                    0,
                    1,
                    0,
                    0,
                    0,
                    0
                ]
            ],
            "nodes": [
                0,
                1,
                2,
                3,
                4,
                5
            ]
        },
        "oracle_est_dag": {
            "amat": [
                [
                    0,
                    1,
                    1,
                    1,
                    1,
                    0
                ],
                [
                    0,
                    0,
                    0,
                    0,
                    0,
                    0
                ],
                [
                    0,
                    1,
                    0,
                    1,
                    1,
                    1
                ],
                [
                    0,
                    0,
                    0,
                    0,
                    1,
                    0
                ],
                [
                    0,
                    0,
                    0,
                    0,
                    0,
                    0
                ],
                [
                    0,
                    1,
                    0,
                    1,
                    0,
                    0
                ]
            ],
            "nodes": [
                0,
                1,
                2,
                3,
                4,
                5
            ]
        },
        "igsp_dag": null,
        "intv_base_est_dag": null,
        "act_dag": {
            "amat": [
                [
                    0,
                    1,
                    1,
                    1,
                    1,
                    1
                ],
                [
                    0,
                    0,
                    1,
                    1,
                    0,
                    1
                ],
                [
                    0,
                    0,
                    0,
                    1,
                    1,
                    1
                ],
                [
                    0,
                    0,
                    0,
                    0,
                    1,
                    1
                ],
                [
                    0,
                    0,
                    0,
                    0,
                    0,
                    0
                ],
                [
                    0,
                    0,
                    0,
                    0,
                    0,
                    0
                ]
            ],
            "nodes": [
                0,
                1,
                2,
                3,
                4,
                5
            ]
        },
        "shd": 8,
        "oracle_shd": 5,
        "intv_base_shd": null,
        "igsp_shd": null,
        "avg_js": 0.14166666666666666,
        "avg_oracle_js": 0.4761904761904762
    }
}