{
    "expt_args": {
        "save_dir": "all_expt_logs/expt_logs_sim_compsel_backward_cameraready_new_var_largerange",
        "exp_name": "491",
        "num_nodes": 6,
        "num_tgt_prior": 7,
        "obs_noise_mean": 0.0,
        "obs_noise_var": 1.0,
        "obs_noise_gamma_shape": null,
        "noise_type": "gaussian",
        "max_edge_strength": 1.0,
        "graph_sparsity_method": "adj_dense_prop",
        "adj_dense_prop": 0.8,
        "num_parents": null,
        "new_noise_mean": 1.0,
        "mix_samples": 131072,
        "stage2_samples": 131072,
        "gmm_tol": 0.001,
        "intv_type": "hard",
        "new_noise_var": 1000,
        "dtype": "simulation",
        "cutoff_drop_ratio": 0.07,
        "intv_targets": [
            0,
            1,
            2,
            3,
            4,
            5
        ]
    },
    "intv_args_dict": {
        "0": {
            "intv_type": "hard",
            "inode": 0,
            "new_mui": 1.0,
            "new_vari": 1000,
            "noise_type": "gaussian",
            "obs_noise_gamma_shape": null,
            "true_params": {
                "Si": [
                    [
                        1000.0,
                        -605.2874195504279,
                        -482.73359523812206,
                        -994.6344049224153,
                        -211.75996417269465,
                        -66.6276935873481
                    ],
                    [
                        -605.2874195504279,
                        367.3728602660157,
                        292.9901000764995,
                        602.7493866102483,
                        128.3180493955765,
                        40.34694439834613
                    ],
                    [
                        -482.73359523812206,
                        292.9901000764995,
                        234.66777469810341,
                        480.709443196509,
                        102.33722247965693,
                        33.16135660961519
                    ],
                    [
                        -994.6344049224153,
                        602.7493866102483,
                        480.70944319650897,
                        990.8012653961765,
                        210.03776759970205,
                        66.04577682664561
                    ],
                    [
                        -211.75996417269465,
                        128.3180493955765,
                        102.33722247965693,
                        210.03776759970205,
                        46.33459148622725,
                        13.325406676511356
                    ],
                    [
                        -66.6276935873481,
                        40.34694439834613,
                        33.16135660961519,
                        66.04577682664562,
                        13.325406676511358,
                        7.364230051852234
                    ]
                ],
                "mui": [
                    1.0,
                    -0.6052874195504279,
                    -0.48273359523812204,
                    -0.9946344049224154,
                    -0.21175996417269466,
                    -0.0666276935873481
                ],
                "Ai": [
                    [
                        0.0,
                        0.0,
                        0.0,
                        0.0,
                        0.0,
                        0.0
                    ],
                    [
                        -0.6052874195504279,
                        0.0,
                        0.0,
                        0.0,
                        0.0,
                        0.0
                    ],
                    [
                        -0.0,
                        0.7975278845158691,
                        0.0,
                        0.0,
                        0.0,
                        0.0
                    ],
                    [
                        -0.5650653984137859,
                        0.7096942586840616,
                        0.0,
                        0.0,
                        0.0,
                        0.0
                    ],
                    [
                        -0.5137874429811572,
                        0.6299982039981522,
                        0.0,
                        -0.687043865209159,
                        0.0,
                        0.0
                    ],
                    [
                        -0.677453085070414,
                        -0.0,
                        0.9835433969228018,
                        -0.8893795894566912,
                        -0.9492223595155204,
                        0.0
                    ]
                ]
            },
            "oracle_est_tgt": [
                0
            ]
        },
        "1": {
            "intv_type": "hard",
            "inode": 1,
            "new_mui": 1.0,
            "new_vari": 1000,
            "noise_type": "gaussian",
            "obs_noise_gamma_shape": null,
            "true_params": {
                "Si": [
                    [
                        1.0,
                        0.0,
                        0.0,
                        -0.5650653984137859,
                        -0.12556272755899633,
                        -0.05570850449222456
                    ],
                    [
                        0.0,
                        1000.0,
                        797.5278845158691,
                        709.6942586840615,
                        142.40711739510576,
                        18.03967626360642
                    ],
                    [
                        0.0,
                        797.5278845158691,
                        637.0507265803575,
                        566.0009607813575,
                        113.57364707612172,
                        15.370688244787967
                    ],
                    [
                        -0.5650653984137859,
                        709.6942586840615,
                        566.0009607813575,
                        504.9852397136042,
                        100.44942089851858,
                        12.596911430454364
                    ],
                    [
                        -0.12556272755899633,
                        142.40711739510576,
                        113.57364707612172,
                        100.4494208985186,
                        21.76758235605703,
                        1.789732898463182
                    ],
                    [
                        -0.05570850449222456,
                        18.03967626360642,
                        15.370688244787967,
                        12.596911430454364,
                        1.7897328984631824,
                        3.253188426331476
                    ]
                ],
                "mui": [
                    0.0,
                    1.0,
                    0.7975278845158691,
                    0.7096942586840616,
                    0.14240711739510575,
                    0.01803967626360642
                ],
                "Ai": [
                    [
                        0.0,
                        0.0,
                        0.0,
                        0.0,
                        0.0,
                        0.0
                    ],
                    [
                        0.0,
                        0.0,
                        0.0,
                        0.0,
                        0.0,
                        0.0
                    ],
                    [
                        -0.0,
                        0.7975278845158691,
                        0.0,
                        0.0,
                        0.0,
                        0.0
                    ],
                    [
                        -0.5650653984137859,
                        0.7096942586840616,
                        0.0,
                        0.0,
                        0.0,
                        0.0
                    ],
                    [
                        -0.5137874429811572,
                        0.6299982039981522,
                        0.0,
                        -0.687043865209159,
                        0.0,
                        0.0
                    ],
                    [
                        -0.677453085070414,
                        -0.0,
                        0.9835433969228018,
                        -0.8893795894566912,
                        -0.9492223595155204,
                        0.0
                    ]
                ]
            },
            "est_params": {
                "mui": [
                    3.4527518620803264,
                    -5.253547672770848,
                    -4.184527825771846,
                    -5.67823368158651,
                    -1.193516517742345,
                    -0.28040308331525227
                ],
                "Si": [
                    [
                        435.5041779300295,
                        -252.2523732793582,
                        -201.15805069663082,
                        -425.2305094525082,
                        -90.41199395852794,
                        -28.819198195366432
                    ],
                    [
                        -252.2523732793582,
                        561.2572368311098,
                        447.6673603911727,
                        540.9615536251116,
                        111.56865015252112,
                        24.383864823365965
                    ],
                    [
                        -201.15805069663077,
                        447.6673603911727,
                        358.0733859806967,
                        431.45806573563436,
                        88.99405864486987,
                        20.42591625088541
                    ],
                    [
                        -425.2305094525082,
                        540.9615536251117,
                        431.45806573563436,
                        625.3286264522333,
                        129.62524519989336,
                        33.35637674306823
                    ],
                    [
                        -90.41199395852794,
                        111.56865015252112,
                        88.99405864486987,
                        129.62524519989336,
                        28.674973043204833,
                        6.301617108693492
                    ],
                    [
                        -28.819198195366432,
                        24.383864823365965,
                        20.425916250885408,
                        33.35637674306823,
                        6.301617108693491,
                        4.961819097343997
                    ]
                ]
            },
            "est_tgt": [
                0,
                1
            ],
            "oracle_est_tgt": [
                1
            ]
        },
        "2": {
            "intv_type": "hard",
            "inode": 2,
            "new_mui": 1.0,
            "new_vari": 1000,
            "noise_type": "gaussian",
            "obs_noise_gamma_shape": null,
            "true_params": {
                "Si": [
                    [
                        1.0,
                        -0.6052874195504279,
                        0.0,
                        -0.9946344049224154,
                        -0.21175996417269466,
                        0.4081617464819114
                    ],
                    [
                        -0.6052874195504279,
                        1.3663728602660157,
                        0.0,
                        1.3117339510356256,
                        0.27058275967328715,
                        -1.0134187787010196
                    ],
                    [
                        0.0,
                        0.0,
                        1000.0,
                        0.0,
                        0.0,
                        983.5433969228018
                    ],
                    [
                        -0.9946344049224154,
                        1.3117339510356256,
                        0.0,
                        2.492963540264487,
                        -0.3753546056468052,
                        -1.1870777594119852
                    ],
                    [
                        -0.21175996417269466,
                        0.27058275967328715,
                        0.0,
                        -0.3753546056468052,
                        1.5371513422327454,
                        -0.9818082579125896
                    ],
                    [
                        0.4081617464819114,
                        -1.0134187787010196,
                        983.5433969228018,
                        -1.1870777594119852,
                        -0.9818082579125896,
                        970.0688202775686
                    ]
                ],
                "mui": [
                    0.0,
                    0.0,
                    1.0,
                    0.0,
                    0.0,
                    0.9835433969228018
                ],
                "Ai": [
                    [
                        0.0,
                        0.0,
                        0.0,
                        0.0,
                        0.0,
                        0.0
                    ],
                    [
                        -0.6052874195504279,
                        0.0,
                        0.0,
                        0.0,
                        0.0,
                        0.0
                    ],
                    [
                        0.0,
                        0.0,
                        0.0,
                        0.0,
                        0.0,
                        0.0
                    ],
                    [
                        -0.5650653984137859,
                        0.7096942586840616,
                        0.0,
                        0.0,
                        0.0,
                        0.0
                    ],
                    [
                        -0.5137874429811572,
                        0.6299982039981522,
                        0.0,
                        -0.687043865209159,
                        0.0,
                        0.0
                    ],
                    [
                        -0.677453085070414,
                        -0.0,
                        0.9835433969228018,
                        -0.8893795894566912,
                        -0.9492223595155204,
                        0.0
                    ]
                ]
            },
            "est_params": {
                "mui": [
                    -0.007250127686145627,
                    0.0014579518467608332,
                    8.308066990789614,
                    0.010086179875048795,
                    -7.487829738870581,
                    23.759265671131597
                ],
                "Si": [
                    [
                        1.0095258201545816,
                        -0.6239518922104434,
                        -0.40824028394334294,
                        -1.0123422340518535,
                        -0.03567889746913223,
                        -0.011429773170845248
                    ],
                    [
                        -0.6239518922104433,
                        1.3927634900944899,
                        1.0010577912898362,
                        1.3346216012484091,
                        0.05956175521572606,
                        0.2613655254697671
                    ],
                    [
                        -0.40824028394334283,
                        1.0010577912898362,
                        309.68455400521947,
                        1.1046984979939345,
                        62.25154366623659,
                        174.11951981117522
                    ],
                    [
                        -1.0123422340518535,
                        1.3346216012484091,
                        1.1046984979939345,
                        2.5138634084790747,
                        -0.2783096030459073,
                        0.07636534896098639
                    ],
                    [
                        -0.03567889746913222,
                        0.05956175521572608,
                        62.2515436662366,
                        -0.27830960304590746,
                        282.38259078413665,
                        -142.81563142976333
                    ],
                    [
                        -0.01142977317084525,
                        0.26136552546976716,
                        174.11951981117522,
                        0.07636534896098654,
                        -142.81563142976336,
                        490.8879368510937
                    ]
                ]
            },
            "est_tgt": [
                2,
                4,
                5
            ],
            "oracle_est_tgt": [
                2
            ]
        },
        "3": {
            "intv_type": "hard",
            "inode": 3,
            "new_mui": 1.0,
            "new_vari": 1000,
            "noise_type": "gaussian",
            "obs_noise_gamma_shape": null,
            "true_params": {
                "Si": [
                    [
                        1.0,
                        -0.6052874195504279,
                        -0.48273359523812204,
                        0.0,
                        -0.8951174302006027,
                        -0.3025770460011883
                    ],
                    [
                        -0.6052874195504279,
                        1.3663728602660157,
                        1.0897204567078527,
                        0.0,
                        1.1718015235188852,
                        0.369540982376978
                    ],
                    [
                        -0.48273359523812204,
                        1.0897204567078527,
                        1.8690824505518804,
                        0.0,
                        0.934544390124489,
                        1.2782626348398292
                    ],
                    [
                        0.0,
                        0.0,
                        0.0,
                        1000.0,
                        -687.0438652091591,
                        -237.22219063219006
                    ],
                    [
                        -0.8951174302006027,
                        1.1718015235188852,
                        0.934544390124489,
                        -687.0438652091591,
                        474.22740567243096,
                        162.4210988477793
                    ],
                    [
                        -0.3025770460011883,
                        0.369540982376978,
                        1.2782626348398292,
                        -237.22219063219006,
                        162.42109884777926,
                        59.26904435839639
                    ]
                ],
                "mui": [
                    0.0,
                    0.0,
                    0.0,
                    1.0,
                    -0.687043865209159,
                    -0.23722219063219008
                ],
                "Ai": [
                    [
                        0.0,
                        0.0,
                        0.0,
                        0.0,
                        0.0,
                        0.0
                    ],
                    [
                        -0.6052874195504279,
                        0.0,
                        0.0,
                        0.0,
                        0.0,
                        0.0
                    ],
                    [
                        -0.0,
                        0.7975278845158691,
                        0.0,
                        0.0,
                        0.0,
                        0.0
                    ],
                    [
                        0.0,
                        0.0,
                        0.0,
                        0.0,
                        0.0,
                        0.0
                    ],
                    [
                        -0.5137874429811572,
                        0.6299982039981522,
                        0.0,
                        -0.687043865209159,
                        0.0,
                        0.0
                    ],
                    [
                        -0.677453085070414,
                        -0.0,
                        0.9835433969228018,
                        -0.8893795894566912,
                        -0.9492223595155204,
                        0.0
                    ]
                ]
            },
            "est_params": {
                "mui": [
                    0.006509797915253093,
                    0.0033711958673179015,
                    -0.005104466367651631,
                    0.9904891469383805,
                    -0.6861356766842355,
                    -0.23662110225423064
                ],
                "Si": [
                    [
                        0.9869551711578091,
                        -0.5960476585398482,
                        -0.4766936020758592,
                        -0.13109971548647184,
                        -0.8000833313932734,
                        -0.27107842637114815
                    ],
                    [
                        -0.5960476585398482,
                        1.336368325622385,
                        1.0712335364991028,
                        -0.08532167739635252,
                        1.2078545868464379,
                        0.39265437160743905
                    ],
                    [
                        -0.4766936020758592,
                        1.0712335364991028,
                        1.8657847394126874,
                        0.1442332928850903,
                        0.8184151606155092,
                        1.2605252066962975
                    ],
                    [
                        -0.13109971548647184,
                        -0.08532167739635252,
                        0.1442332928850903,
                        1006.5839977847926,
                        -691.4786957076841,
                        -238.21111129486508
                    ],
                    [
                        -0.8000833313932734,
                        1.2078545868464379,
                        0.8184151606155092,
                        -691.4786957076841,
                        477.1864686493437,
                        163.09166502991326
                    ],
                    [
                        -0.27107842637114815,
                        0.39265437160743905,
                        1.2605252066962975,
                        -238.21111129486508,
                        163.09166502991326,
                        59.35121358765131
                    ]
                ]
            },
            "est_tgt": [
                3
            ],
            "oracle_est_tgt": [
                3
            ]
        },
        "4": {
            "intv_type": "hard",
            "inode": 4,
            "new_mui": 1.0,
            "new_vari": 1000,
            "noise_type": "gaussian",
            "obs_noise_gamma_shape": null,
            "true_params": {
                "Si": [
                    [
                        1.0,
                        -0.6052874195504279,
                        -0.48273359523812204,
                        -0.9946344049224154,
                        0.0,
                        -0.2676349864302754
                    ],
                    [
                        -0.6052874195504279,
                        1.3663728602660157,
                        1.0897204567078527,
                        1.3117339510356256,
                        0.0,
                        0.31521178656698756
                    ],
                    [
                        -0.48273359523812204,
                        1.0897204567078527,
                        1.8690824505518804,
                        1.0461444030170852,
                        0.0,
                        1.234933586238039
                    ],
                    [
                        -0.9946344049224154,
                        1.3117339510356256,
                        1.0461444030170852,
                        2.492963540264487,
                        0.0,
                        -0.5144443240238625
                    ],
                    [
                        0.0,
                        0.0,
                        0.0,
                        0.0,
                        1000.0,
                        -949.2223595155203
                    ],
                    [
                        -0.2676349864302754,
                        0.31521178656698756,
                        1.234933586238039,
                        -0.5144443240238625,
                        -949.2223595155203,
                        903.8765450075231
                    ]
                ],
                "mui": [
                    0.0,
                    0.0,
                    0.0,
                    0.0,
                    1.0,
                    -0.9492223595155204
                ],
                "Ai": [
                    [
                        0.0,
                        0.0,
                        0.0,
                        0.0,
                        0.0,
                        0.0
                    ],
                    [
                        -0.6052874195504279,
                        0.0,
                        0.0,
                        0.0,
                        0.0,
                        0.0
                    ],
                    [
                        -0.0,
                        0.7975278845158691,
                        0.0,
                        0.0,
                        0.0,
                        0.0
                    ],
                    [
                        -0.5650653984137859,
                        0.7096942586840616,
                        0.0,
                        0.0,
                        0.0,
                        0.0
                    ],
                    [
                        0.0,
                        0.0,
                        0.0,
                        0.0,
                        0.0,
                        0.0
                    ],
                    [
                        -0.677453085070414,
                        -0.0,
                        0.9835433969228018,
                        -0.8893795894566912,
                        -0.9492223595155204,
                        0.0
                    ]
                ]
            },
            "est_params": {
                "mui": [
                    -0.0005620232115100233,
                    0.010857448960600419,
                    -8.386122636825563,
                    0.009330927723020703,
                    9.196993944394555,
                    -25.24286569727369
                ],
                "Si": [
                    [
                        0.9918018980591305,
                        -0.5979122347003432,
                        -0.16177039085051786,
                        -0.9913485230293816,
                        -0.03688968178866787,
                        0.09662498341584906
                    ],
                    [
                        -0.5979122347003432,
                        1.3658297306895422,
                        0.7950399687809551,
                        1.3119239066279214,
                        0.21161472263490053,
                        -0.3019726370101671
                    ],
                    [
                        -0.16177039085051786,
                        0.7950399687809548,
                        307.48051030884704,
                        0.7629974128706403,
                        77.2075442324496,
                        158.70525746884093
                    ],
                    [
                        -0.9913485230293816,
                        1.3119239066279214,
                        0.7629974128706402,
                        2.489953663716873,
                        -0.24812799777869343,
                        -0.33847342646882317
                    ],
                    [
                        -0.036889681788667875,
                        0.21161472263490064,
                        77.2075442324496,
                        -0.24812799777869343,
                        330.22882341275664,
                        -161.2009156347002
                    ],
                    [
                        0.09662498341584906,
                        -0.30197263701016697,
                        158.70525746884093,
                        -0.33847342646882317,
                        -161.20091563470018,
                        467.5239903003726
                    ]
                ]
            },
            "est_tgt": [
                2,
                4,
                5
            ],
            "oracle_est_tgt": [
                4
            ]
        },
        "5": {
            "intv_type": "hard",
            "inode": 5,
            "new_mui": 1.0,
            "new_vari": 1000,
            "noise_type": "gaussian",
            "obs_noise_gamma_shape": null,
            "true_params": {
                "Si": [
                    [
                        1.0,
                        -0.6052874195504279,
                        -0.48273359523812204,
                        -0.9946344049224154,
                        -0.21175996417269466,
                        0.0
                    ],
                    [
                        -0.6052874195504279,
                        1.3663728602660157,
                        1.0897204567078527,
                        1.3117339510356256,
                        0.27058275967328715,
                        0.0
                    ],
                    [
                        -0.48273359523812204,
                        1.0897204567078527,
                        1.8690824505518804,
                        1.0461444030170852,
                        0.21579729590870253,
                        0.0
                    ],
                    [
                        -0.9946344049224154,
                        1.3117339510356256,
                        1.0461444030170852,
                        2.492963540264487,
                        -0.3753546056468052,
                        0.0
                    ],
                    [
                        -0.21175996417269466,
                        0.27058275967328715,
                        0.21579729590870253,
                        -0.3753546056468052,
                        1.5371513422327454,
                        0.0
                    ],
                    [
                        0.0,
                        0.0,
                        0.0,
                        0.0,
                        0.0,
                        1000.0
                    ]
                ],
                "mui": [
                    0.0,
                    0.0,
                    0.0,
                    0.0,
                    0.0,
                    1.0
                ],
                "Ai": [
                    [
                        0.0,
                        0.0,
                        0.0,
                        0.0,
                        0.0,
                        0.0
                    ],
                    [
                        -0.6052874195504279,
                        0.0,
                        0.0,
                        0.0,
                        0.0,
                        0.0
                    ],
                    [
                        -0.0,
                        0.7975278845158691,
                        0.0,
                        0.0,
                        0.0,
                        0.0
                    ],
                    [
                        -0.5650653984137859,
                        0.7096942586840616,
                        0.0,
                        0.0,
                        0.0,
                        0.0
                    ],
                    [
                        -0.5137874429811572,
                        0.6299982039981522,
                        0.0,
                        -0.687043865209159,
                        0.0,
                        0.0
                    ],
                    [
                        0.0,
                        0.0,
                        0.0,
                        0.0,
                        0.0,
                        0.0
                    ]
                ]
            },
            "est_params": {
                "mui": [
                    -22.915762325680134,
                    40.19676014278988,
                    32.00482398922191,
                    41.48601359599589,
                    8.614719153969403,
                    1.899865620693147
                ],
                "Si": [
                    [
                        747.9152521079972,
                        151.57213444293117,
                        120.2754325835615,
                        -313.87388724307533,
                        -74.09136721310257,
                        -38.99840945152634
                    ],
                    [
                        151.57213444293117,
                        328.70115543189166,
                        262.585048051362,
                        147.25991445653443,
                        28.230021356357053,
                        -1.772900167686975
                    ],
                    [
                        120.2754325835615,
                        262.585048051362,
                        210.76046071444708,
                        118.08955311928821,
                        22.63434560389031,
                        -0.36374562594938975
                    ],
                    [
                        -313.87388724307533,
                        147.25991445653443,
                        118.08955311928821,
                        281.9787321954054,
                        60.94337588282978,
                        20.51043238439613
                    ],
                    [
                        -74.09136721310259,
                        28.23002135635705,
                        22.634345603890306,
                        60.94337588282978,
                        15.16948548246693,
                        3.920647448632048
                    ],
                    [
                        -38.99840945152634,
                        -1.772900167686975,
                        -0.3637456259493899,
                        20.51043238439613,
                        3.9206474486320486,
                        5.110089571335412
                    ]
                ]
            },
            "est_tgt": [
                0,
                1,
                2,
                3,
                4
            ],
            "oracle_est_tgt": [
                5
            ]
        },
        "obs": {
            "intv_type": "obs",
            "noise_type": "gaussian",
            "obs_noise_gamma_shape": null,
            "true_params": {
                "Si": [
                    [
                        1.0,
                        -0.6052874195504279,
                        -0.48273359523812204,
                        -0.9946344049224154,
                        -0.21175996417269466,
                        -0.0666276935873481
                    ],
                    [
                        -0.6052874195504279,
                        1.3663728602660157,
                        1.0897204567078527,
                        1.3117339510356256,
                        0.27058275967328715,
                        0.05836858098568894
                    ],
                    [
                        -0.48273359523812204,
                        1.0897204567078527,
                        1.8690824505518804,
                        1.0461444030170852,
                        0.21579729590870253,
                        1.0300939678385115
                    ],
                    [
                        -0.9946344049224154,
                        1.3117339510356256,
                        1.0461444030170852,
                        2.492963540264487,
                        -0.3753546056468052,
                        -0.15814933959678446
                    ],
                    [
                        -0.21175996417269466,
                        0.27058275967328715,
                        0.21579729590870253,
                        -0.3753546056468052,
                        1.5371513422327454,
                        -0.7695622524477893
                    ],
                    [
                        -0.0666276935873481,
                        0.05836858098568894,
                        1.0300939678385115,
                        -0.15814933959678446,
                        -0.7695622524477893,
                        2.929419748635456
                    ]
                ],
                "mui": [
                    0.0,
                    0.0,
                    0.0,
                    0.0,
                    0.0,
                    0.0
                ],
                "Ai": [
                    [
                        0.0,
                        0.0,
                        0.0,
                        0.0,
                        0.0,
                        0.0
                    ],
                    [
                        -0.6052874195504279,
                        0.0,
                        0.0,
                        0.0,
                        0.0,
                        0.0
                    ],
                    [
                        -0.0,
                        0.7975278845158691,
                        0.0,
                        0.0,
                        0.0,
                        0.0
                    ],
                    [
                        -0.5650653984137859,
                        0.7096942586840616,
                        0.0,
                        0.0,
                        0.0,
                        0.0
                    ],
                    [
                        -0.5137874429811572,
                        0.6299982039981522,
                        0.0,
                        -0.687043865209159,
                        0.0,
                        0.0
                    ],
                    [
                        -0.677453085070414,
                        -0.0,
                        0.9835433969228018,
                        -0.8893795894566912,
                        -0.9492223595155204,
                        0.0
                    ]
                ]
            },
            "est_params": {
                "mui": [
                    -0.0013155860263666412,
                    -0.00024436361812527784,
                    -0.007389417555261415,
                    -0.001228309847808761,
                    0.006464918004465325,
                    -0.025349063163666103
                ],
                "Si": [
                    [
                        1.1727233979130798,
                        -0.7177674118310938,
                        -0.5748290596550463,
                        -1.166720199048131,
                        -0.2631149992876192,
                        -0.053917918381845925
                    ],
                    [
                        -0.7177674118310939,
