{
    "expt_args": {
        "save_dir": "all_expt_logs/expt_logs_sim_compsel_backward_cameraready_new_var_largerange",
        "exp_name": "458",
        "num_nodes": 6,
        "num_tgt_prior": 7,
        "obs_noise_mean": 0.0,
        "obs_noise_var": 1.0,
        "obs_noise_gamma_shape": null,
        "noise_type": "gaussian",
        "max_edge_strength": 1.0,
        "graph_sparsity_method": "adj_dense_prop",
        "adj_dense_prop": 0.8,
        "num_parents": null,
        "new_noise_mean": 1.0,
        "mix_samples": 131072,
        "stage2_samples": 131072,
        "gmm_tol": 0.001,
        "intv_type": "hard",
        "new_noise_var": 0.1,
        "dtype": "simulation",
        "cutoff_drop_ratio": 0.07,
        "intv_targets": [
            0,
            1,
            2,
            3,
            4,
            5
        ]
    },
    "intv_args_dict": {
        "0": {
            "intv_type": "hard",
            "inode": 0,
            "new_mui": 1.0,
            "new_vari": 0.1,
            "noise_type": "gaussian",
            "obs_noise_gamma_shape": null,
            "true_params": {
                "Si": [
                    [
                        0.1,
                        0.0,
                        0.06156358454237615,
                        -0.03948225647530203,
                        -0.13670873715614526,
                        -0.09273469729128839
                    ],
                    [
                        0.0,
                        1.0,
                        -0.9436961808096116,
                        -0.2482567674750349,
                        -1.0964591941425677,
                        -0.80418226230996
                    ],
                    [
                        0.06156358454237615,
                        -0.9436961808096116,
                        1.92846323109171,
                        -0.4313525766335588,
                        0.3419622155273404,
                        -0.6838513200001819
                    ],
                    [
                        -0.03948225647530203,
                        -0.2482567674750349,
                        -0.4313525766335588,
                        1.4885174685299858,
                        1.6654610132014345,
                        2.0272799215512625
                    ],
                    [
                        -0.13670873715614526,
                        -1.0964591941425677,
                        0.3419622155273404,
                        1.6654610132014345,
                        3.660056613036856,
                        3.659042915418694
                    ],
                    [
                        -0.09273469729128839,
                        -0.80418226230996,
                        -0.6838513200001819,
                        2.0272799215512625,
                        3.659042915418694,
                        5.37120704636403
                    ]
                ],
                "mui": [
                    1.0,
                    0.0,
                    0.6156358454237615,
                    -0.39482256475302024,
                    -1.3670873715614527,
                    -0.9273469729128838
                ],
                "Ai": [
                    [
                        0.0,
                        0.0,
                        0.0,
                        0.0,
                        0.0,
                        0.0
                    ],
                    [
                        -0.0,
                        0.0,
                        0.0,
                        0.0,
                        0.0,
                        0.0
                    ],
                    [
                        0.6156358454237615,
                        -0.9436961808096116,
                        0.0,
                        0.0,
                        0.0,
                        0.0
                    ],
                    [
                        0.0,
                        -0.8534725768280683,
                        -0.6413248476154787,
                        0.0,
                        0.0,
                        0.0
                    ],
                    [
                        -0.9924118027116487,
                        -0.8608704667538283,
                        0.0,
                        0.9489720251530731,
                        0.0,
                        0.0
                    ],
                    [
                        0.869385332209448,
                        -0.5231001871597142,
                        -0.8069573492784317,
                        -0.0,
                        0.9508832150893383,
                        0.0
                    ]
                ]
            },
            "oracle_est_tgt": [
                0
            ]
        },
        "1": {
            "intv_type": "hard",
            "inode": 1,
            "new_mui": 1.0,
            "new_vari": 0.1,
            "noise_type": "gaussian",
            "obs_noise_gamma_shape": null,
            "true_params": {
                "Si": [
                    [
                        1.0,
                        0.0,
                        0.6156358454237615,
                        -0.39482256475302024,
                        -1.3670873715614527,
                        -0.9273469729128838
                    ],
                    [
                        0.0,
                        0.1,
                        -0.09436961808096117,
                        -0.02482567674750349,
                        -0.10964591941425678,
                        -0.08041822623099601
                    ],
                    [
                        0.6156358454237615,
                        -0.09436961808096117,
                        1.4680637423380942,
                        -0.8609638747269491,
                        -1.3467548937894371,
                        -1.8806819105586006
                    ],
                    [
                        -0.39482256475302024,
                        -0.02482567674750349,
                        -0.8609638747269491,
                        1.573345560066885,
                        1.9062591875691526,
                        2.177124360774887
                    ],
                    [
                        -1.3670873715614527,
                        -0.10964591941425678,
                        -1.3467548937894371,
                        1.9062591875691526,
                        4.260091218393585,
                        4.00645308582263
                    ],
                    [
                        -0.9273469729128838,
                        -0.08041822623099601,
                        -1.8806819105586006,
                        2.177124360774887,
                        4.00645308582263,
                        5.563144013805081
                    ]
                ],
                "mui": [
                    0.0,
                    1.0,
                    -0.9436961808096116,
                    -0.2482567674750349,
                    -1.0964591941425677,
                    -0.80418226230996
                ],
                "Ai": [
                    [
                        0.0,
                        0.0,
                        0.0,
                        0.0,
                        0.0,
                        0.0
                    ],
                    [
                        0.0,
                        0.0,
                        0.0,
                        0.0,
                        0.0,
                        0.0
                    ],
                    [
                        0.6156358454237615,
                        -0.9436961808096116,
                        0.0,
                        0.0,
                        0.0,
                        0.0
                    ],
                    [
                        0.0,
                        -0.8534725768280683,
                        -0.6413248476154787,
                        0.0,
                        0.0,
                        0.0
                    ],
                    [
                        -0.9924118027116487,
                        -0.8608704667538283,
                        0.0,
                        0.9489720251530731,
                        0.0,
                        0.0
                    ],
                    [
                        0.869385332209448,
                        -0.5231001871597142,
                        -0.8069573492784317,
                        -0.0,
                        0.9508832150893383,
                        0.0
                    ]
                ]
            },
            "oracle_est_tgt": [
                1
            ]
        },
        "2": {
            "intv_type": "hard",
            "inode": 2,
            "new_mui": 1.0,
            "new_vari": 0.1,
            "noise_type": "gaussian",
            "obs_noise_gamma_shape": null,
            "true_params": {
                "Si": [
                    [
                        1.0,
                        0.0,
                        0.0,
                        0.0,
                        -0.9924118027116487,
                        -0.0742823934456106
                    ],
                    [
                        0.0,
                        1.0,
                        0.0,
                        -0.8534725768280683,
                        -1.6707920663989722,
                        -2.111828319002928
                    ],
                    [
                        0.0,
                        0.0,
                        0.1,
                        -0.06413248476154787,
                        -0.06085993394226469,
                        -0.13856642458498855
                    ],
                    [
                        0.0,
                        -0.8534725768280683,
                        -0.06413248476154787,
                        1.7695451954144445,
                        2.413978223267908,
                        2.793615218676901
                    ],
                    [
                        -0.9924118027116487,
                        -1.6707920663989722,
                        -0.06085993394226469,
                        2.413978223267908,
                        5.714014535420825,
                        5.4936752613287005
                    ],
                    [
                        -0.0742823934456106,
                        -2.111828319002928,
                        -0.13856642458498855,
                        2.793615218676901,
                        5.4936752613287005,
                        7.375778555447678
                    ]
                ],
                "mui": [
                    0.0,
                    0.0,
                    1.0,
                    -0.6413248476154787,
                    -0.6085993394226469,
                    -1.3856642458498856
                ],
                "Ai": [
                    [
                        0.0,
                        0.0,
                        0.0,
                        0.0,
                        0.0,
                        0.0
                    ],
                    [
                        -0.0,
                        0.0,
                        0.0,
                        0.0,
                        0.0,
                        0.0
                    ],
                    [
                        0.0,
                        0.0,
                        0.0,
                        0.0,
                        0.0,
                        0.0
                    ],
                    [
                        0.0,
                        -0.8534725768280683,
                        -0.6413248476154787,
                        0.0,
                        0.0,
                        0.0
                    ],
                    [
                        -0.9924118027116487,
                        -0.8608704667538283,
                        0.0,
                        0.9489720251530731,
                        0.0,
                        0.0
                    ],
                    [
                        0.869385332209448,
                        -0.5231001871597142,
                        -0.8069573492784317,
                        -0.0,
                        0.9508832150893383,
                        0.0
                    ]
                ]
            },
            "oracle_est_tgt": [
                2
            ]
        },
        "3": {
            "intv_type": "hard",
            "inode": 3,
            "new_mui": 1.0,
            "new_vari": 0.1,
            "noise_type": "gaussian",
            "obs_noise_gamma_shape": null,
            "true_params": {
                "Si": [
                    [
                        1.0,
                        0.0,
                        0.6156358454237615,
                        0.0,
                        -0.9924118027116487,
                        -0.5710742633895555
                    ],
                    [
                        0.0,
                        1.0,
                        -0.9436961808096116,
                        0.0,
                        -0.8608704667538283,
                        -0.5801648957717499
                    ],
                    [
                        0.6156358454237615,
                        -0.9436961808096116,
                        2.2695699758452768,
                        0.0,
                        0.20143589247647034,
                        -0.6110317398404057
                    ],
                    [
                        0.0,
                        0.0,
                        0.0,
                        0.1,
                        0.09489720251530731,
                        0.09023615703073945
                    ],
                    [
                        -0.9924118027116487,
                        -0.8608704667538283,
                        0.20143589247647034,
                        0.09489720251530731,
                        2.8160339371426515,
                        2.1027024675986983
                    ],
                    [
                        -0.5710742633895555,
                        -0.5801648957717499,
                        -0.6110317398404057,
                        0.09023615703073945,
                        2.1027024675986983,
                        3.299501813241641
                    ]
                ],
                "mui": [
                    0.0,
                    0.0,
                    0.0,
                    1.0,
                    0.9489720251530731,
                    0.9023615703073945
                ],
                "Ai": [
                    [
                        0.0,
                        0.0,
                        0.0,
                        0.0,
                        0.0,
                        0.0
                    ],
                    [
                        -0.0,
                        0.0,
                        0.0,
                        0.0,
                        0.0,
                        0.0
                    ],
                    [
                        0.6156358454237615,
                        -0.9436961808096116,
                        0.0,
                        0.0,
                        0.0,
                        0.0
                    ],
                    [
                        0.0,
                        0.0,
                        0.0,
                        0.0,
                        0.0,
                        0.0
                    ],
                    [
                        -0.9924118027116487,
                        -0.8608704667538283,
                        0.0,
                        0.9489720251530731,
                        0.0,
                        0.0
                    ],
                    [
                        0.869385332209448,
                        -0.5231001871597142,
                        -0.8069573492784317,
                        -0.0,
                        0.9508832150893383,
                        0.0
                    ]
                ]
            },
            "oracle_est_tgt": [
                3
            ]
        },
        "4": {
            "intv_type": "hard",
            "inode": 4,
            "new_mui": 1.0,
            "new_vari": 0.1,
            "noise_type": "gaussian",
            "obs_noise_gamma_shape": null,
            "true_params": {
                "Si": [
                    [
                        1.0,
                        0.0,
                        0.6156358454237615,
                        -0.39482256475302024,
                        0.0,
                        0.37259346226550316
                    ],
                    [
                        0.0,
                        1.0,
                        -0.9436961808096116,
                        -0.2482567674750349,
                        0.0,
                        0.23842238143058955
                    ],
                    [
                        0.6156358454237615,
                        -0.9436961808096116,
                        2.2695699758452768,
                        -0.6501128077332519,
                        0.0,
                        -0.8025737489128221
                    ],
                    [
                        -0.39482256475302024,
                        -0.2482567674750349,
                        -0.6501128077332519,
                        1.6288138404043235,
                        0.0,
                        0.31122352296864925
                    ],
                    [
                        0.0,
                        0.0,
                        0.0,
                        0.0,
                        0.1,
                        0.09508832150893383
                    ],
                    [
                        0.37259346226550316,
                        0.23842238143058955,
                        -0.8025737489128221,
                        0.31122352296864925,
                        0.09508832150893383,
                        1.937269172518365
                    ]
                ],
                "mui": [
                    0.0,
                    0.0,
                    0.0,
                    0.0,
                    1.0,
                    0.9508832150893383
                ],
                "Ai": [
                    [
                        0.0,
                        0.0,
                        0.0,
                        0.0,
                        0.0,
                        0.0
                    ],
                    [
                        -0.0,
                        0.0,
                        0.0,
                        0.0,
                        0.0,
                        0.0
                    ],
                    [
                        0.6156358454237615,
                        -0.9436961808096116,
                        0.0,
                        0.0,
                        0.0,
                        0.0
                    ],
                    [
                        0.0,
                        -0.8534725768280683,
                        -0.6413248476154787,
                        0.0,
                        0.0,
                        0.0
                    ],
                    [
                        0.0,
                        0.0,
                        0.0,
                        0.0,
                        0.0,
                        0.0
                    ],
                    [
                        0.869385332209448,
                        -0.5231001871597142,
                        -0.8069573492784317,
                        -0.0,
                        0.9508832150893383,
                        0.0
                    ]
                ]
            },
            "oracle_est_tgt": [
                4
            ]
        },
        "5": {
            "intv_type": "hard",
            "inode": 5,
            "new_mui": 1.0,
            "new_vari": 0.1,
            "noise_type": "gaussian",
            "obs_noise_gamma_shape": null,
            "true_params": {
                "Si": [
                    [
                        1.0,
                        0.0,
                        0.6156358454237615,
                        -0.39482256475302024,
                        -1.3670873715614527,
                        0.0
                    ],
                    [
                        0.0,
                        1.0,
                        -0.9436961808096116,
                        -0.2482567674750349,
                        -1.0964591941425677,
                        0.0
                    ],
                    [
                        0.6156358454237615,
                        -0.9436961808096116,
                        2.2695699758452768,
                        -0.6501128077332519,
                        -0.41550297525610413,
                        0.0
                    ],
                    [
                        -0.39482256475302024,
                        -0.2482567674750349,
                        -0.6501128077332519,
                        1.6288138404043235,
                        2.1512422612546565,
                        0.0
                    ],
                    [
                        -1.3670873715614527,
                        -1.0964591941425677,
                        -0.41550297525610413,
                        2.1512422612546565,
                        5.342091706371377,
                        0.0
                    ],
                    [
                        0.0,
                        0.0,
                        0.0,
                        0.0,
                        0.0,
                        0.1
                    ]
                ],
                "mui": [
                    0.0,
                    0.0,
                    0.0,
                    0.0,
                    0.0,
                    1.0
                ],
                "Ai": [
                    [
                        0.0,
                        0.0,
                        0.0,
                        0.0,
                        0.0,
                        0.0
                    ],
                    [
                        -0.0,
                        0.0,
                        0.0,
                        0.0,
                        0.0,
                        0.0
                    ],
                    [
                        0.6156358454237615,
                        -0.9436961808096116,
                        0.0,
                        0.0,
                        0.0,
                        0.0
                    ],
                    [
                        0.0,
                        -0.8534725768280683,
                        -0.6413248476154787,
                        0.0,
                        0.0,
                        0.0
                    ],
                    [
                        -0.9924118027116487,
                        -0.8608704667538283,
                        0.0,
                        0.9489720251530731,
                        0.0,
                        0.0
                    ],
                    [
                        0.0,
                        0.0,
                        0.0,
                        0.0,
                        0.0,
                        0.0
                    ]
                ]
            },
            "oracle_est_tgt": [
                5
            ]
        },
        "obs": {
            "intv_type": "obs",
            "noise_type": "gaussian",
            "obs_noise_gamma_shape": null,
            "true_params": {
                "Si": [
                    [
                        1.0,
                        0.0,
                        0.6156358454237615,
                        -0.39482256475302024,
                        -1.3670873715614527,
                        -0.9273469729128838
                    ],
                    [
                        0.0,
                        1.0,
                        -0.9436961808096116,
                        -0.2482567674750349,
                        -1.0964591941425677,
                        -0.80418226230996
                    ],
                    [
                        0.6156358454237615,
                        -0.9436961808096116,
                        2.2695699758452768,
                        -0.6501128077332519,
                        -0.41550297525610413,
                        -1.1976685539035323
                    ],
                    [
                        -0.39482256475302024,
                        -0.2482567674750349,
                        -0.6501128077332519,
                        1.6288138404043235,
                        2.1512422612546565,
                        2.3568036807865353
                    ],
                    [
                        -1.3670873715614527,
                        -1.0964591941425677,
                        -0.41550297525610413,
                        2.1512422612546565,
                        5.342091706371377,
                        4.800030817571144
                    ],
                    [
                        -0.9273469729128838,
                        -0.80418226230996,
                        -1.1976685539035323,
                        2.3568036807865353,
                        4.800030817571144,
                        6.14518221371765
                    ]
                ],
                "mui": [
                    0.0,
                    0.0,
                    0.0,
                    0.0,
                    0.0,
                    0.0
                ],
                "Ai": [
                    [
                        0.0,
                        0.0,
                        0.0,
                        0.0,
                        0.0,
                        0.0
                    ],
                    [
                        -0.0,
                        0.0,
                        0.0,
                        0.0,
                        0.0,
                        0.0
                    ],
                    [
                        0.6156358454237615,
                        -0.9436961808096116,
                        0.0,
                        0.0,
                        0.0,
                        0.0
                    ],
                    [
                        0.0,
                        -0.8534725768280683,
                        -0.6413248476154787,
                        0.0,
                        0.0,
                        0.0
                    ],
                    [
                        -0.9924118027116487,
                        -0.8608704667538283,
                        0.0,
                        0.9489720251530731,
                        0.0,
                        0.0
                    ],
                    [
                        0.869385332209448,
                        -0.5231001871597142,
                        -0.8069573492784317,
                        -0.0,
                        0.9508832150893383,
                        0.0
                    ]
                ]
            },
            "est_params": {
                "mui": [
                    0.1421263068705431,
                    0.14264061101511596,
                    0.09464912046797067,
                    -0.040764485129060106,
                    -0.15886004144384266,
                    -0.03966129389811515
                ],
                "Si": [
                    [
                        0.9910321479856085,
                        -0.025419879637584412,
                        0.5212619140839012,
                        -0.279471677304258,
                        -1.0590088106433848,
                        -0.43893834403214377
                    ],
                    [
                        -0.025419879637584412,
                        0.9922369139830535,
                        -0.8329033758602834,
                        -0.2954632593466818,
                        -0.9735725990688696,
                        -0.698273898509003
                    ],
                    [
                        0.5212619140839012,
                        -0.8329033758602834,
                        2.111848486940172,
                        -0.5648184486390542,
                        -0.2921177335216703,
                        -0.9377981249830755
                    ],
                    [
                        -0.279471677304258,
                        -0.2954632593466818,
                        -0.5648184486390542,
                        1.634599251210101,
                        1.7808740399281886,
                        1.7379166744848353
                    ],
                    [
                        -1.0590088106433848,
                        -0.9735725990688696,
                        -0.2921177335216703,
                        1.7808740399281886,
                        4.634816399417737,
                        3.5618716420167487
                    ],
                    [
                        -0.43893834403214377,
                        -0.698273898509003,
                        -0.9377981249830755,
                        1.7379166744848353,
                        3.5618716420167487,
                        5.147997166350751
                    ]
                ]
            },
            "est_tgt": [
                0,
                1,
                2,
                3,
                4,
                5
            ],
            "oracle_est_tgt": [
                0,
                1,
                2,
                3,
                4,
                5
            ]
        }
    },
    "metric_dict": {
        "param_est_rel_err": 10.732181204591999,
        "est_num_comp": 1,
        "weight_precision_error": 0.0,
        "gm_score_dict": {
            "1": -9.077753234767853,
            "2": -8.986281231731386,
            "3": -8.870636033362048,
            "4": -8.725193071611246,
            "5": -8.714979913925054,
            "6": -8.649681121103168,
            "7": -8.651831465188765
        },
        "est_dag": {
            "amat": [
                [
                    0,
                    0,
                    1,
                    0,
                    1,
                    1
                ],
                [
                    0,
                    0,
                    1,
                    1,
                    1,
                    1
                ],
                [
                    0,
                    0,
                    0,
                    1,
                    0,
                    1
                ],
                [
                    0,
                    0,
                    0,
                    0,
                    1,
                    0
                ],
                [
                    0,
                    0,
                    0,
                    0,
                    0,
                    1
                ],
                [
                    0,
                    0,
                    0,
                    0,
                    0,
                    0
                ]
            ],
            "nodes": [
                0,
                1,
                2,
                3,
                4,
                5
            ]
        },
        "oracle_est_dag": {
            "amat": [
                [
                    0,
                    0,
                    1,
                    0,
                    1,
                    1
                ],
                [
                    0,
                    0,
                    1,
                    1,
                    1,
                    1
                ],
                [
                    0,
                    0,
                    0,
                    1,
                    0,
                    1
                ],
                [
                    0,
                    0,
                    0,
                    0,
                    1,
                    0
                ],
                [
                    0,
                    0,
                    0,
                    0,
                    0,
                    1
                ],
                [
                    0,
                    0,
                    0,
                    0,
                    0,
                    0
                ]
            ],
            "nodes": [
                0,
                1,
                2,
                3,
                4,
                5
            ]
        },
        "igsp_dag": null,
        "intv_base_est_dag": null,
        "act_dag": {
            "amat": [
                [
                    0,
                    0,
                    1,
                    0,
                    1,
                    1
                ],
                [
                    0,
                    0,
                    1,
                    1,
                    1,
                    1
                ],
                [
                    0,
                    0,
                    0,
                    1,
                    0,
                    1
                ],
                [
                    0,
                    0,
                    0,
                    0,
                    1,
                    0
                ],
                [
                    0,
                    0,
                    0,
                    0,
                    0,
                    1
                ],
                [
                    0,
                    0,
                    0,
                    0,
                    0,
                    0
                ]
            ],
            "nodes": [
                0,
                1,
                2,
                3,
                4,
                5
            ]
        },
        "shd": 0,
        "oracle_shd": 0,
        "intv_base_shd": null,
        "igsp_shd": null,
        "avg_js": 0.0,
        "avg_oracle_js": 0.8571428571428571
    }
}