{
    "expt_args": {
        "save_dir": "all_expt_logs/expt_logs_sim_compsel_backward_cameraready_new_var_largerange",
        "exp_name": "530",
        "num_nodes": 6,
        "num_tgt_prior": 7,
        "obs_noise_mean": 0.0,
        "obs_noise_var": 1.0,
        "obs_noise_gamma_shape": null,
        "noise_type": "gaussian",
        "max_edge_strength": 1.0,
        "graph_sparsity_method": "adj_dense_prop",
        "adj_dense_prop": 0.8,
        "num_parents": null,
        "new_noise_mean": 1.0,
        "mix_samples": 4096,
        "stage2_samples": 4096,
        "gmm_tol": 0.001,
        "intv_type": "hard",
        "new_noise_var": 100,
        "dtype": "simulation",
        "cutoff_drop_ratio": 0.07,
        "intv_targets": [
            0,
            1,
            2,
            3,
            4,
            5
        ]
    },
    "intv_args_dict": {
        "0": {
            "intv_type": "hard",
            "inode": 0,
            "new_mui": 1.0,
            "new_vari": 100,
            "noise_type": "gaussian",
            "obs_noise_gamma_shape": null,
            "true_params": {
                "Si": [
                    [
                        100.0,
                        -70.15098466402092,
                        -52.020210335437255,
                        51.43482009363783,
                        -79.77801555792556,
                        86.62484696753853
                    ],
                    [
                        -70.15098466402092,
                        50.211606493316985,
                        35.84377615491194,
                        -34.70580443206094,
                        54.44821300421728,
                        -59.90568423672155
                    ],
                    [
                        -52.020210335437255,
                        35.84377615491194,
                        28.4821117192532,
                        -28.436618880613803,
                        43.87537047988677,
                        -47.330199178457505
                    ],
                    [
                        51.43482009363783,
                        -34.70580443206094,
                        -28.436618880613803,
                        29.96888128711104,
                        -44.92566173284911,
                        47.55279985696134
                    ],
                    [
                        -79.77801555792556,
                        54.44821300421727,
                        43.87537047988677,
                        -44.92566173284911,
                        69.3835876428566,
                        -73.77808602034602
                    ],
                    [
                        86.62484696753853,
                        -59.905684236721534,
                        -47.3301991784575,
                        47.55279985696134,
                        -73.77808602034602,
                        80.3481410798826
                    ]
                ],
                "mui": [
                    1.0,
                    -0.7015098466402092,
                    -0.5202021033543726,
                    0.5143482009363783,
                    -0.7977801555792556,
                    0.8662484696753854
                ],
                "Ai": [
                    [
                        0.0,
                        0.0,
                        0.0,
                        0.0,
                        0.0,
                        0.0
                    ],
                    [
                        -0.7015098466402092,
                        0.0,
                        0.0,
                        0.0,
                        0.0,
                        0.0
                    ],
                    [
                        -0.9754213971873035,
                        -0.6489136196920755,
                        0.0,
                        0.0,
                        0.0,
                        0.0
                    ],
                    [
                        0.7120668751001815,
                        0.8654917881646415,
                        -0.7870639791339349,
                        0.0,
                        0.0,
                        0.0
                    ],
                    [
                        -0.0,
                        0.0,
                        0.8314507717332184,
                        -0.7101370523374286,
                        0.0,
                        0.0
                    ],
                    [
                        -0.5266954719535172,
                        -0.6493048501604912,
                        -0.7955119280088842,
                        0.0,
                        -0.6563502663163687,
                        0.0
                    ]
                ]
            },
            "est_params": {
                "mui": [
                    0.818675852048346,
                    -0.5633259590635558,
                    -0.4730223176403822,
                    1.7408549259268753,
                    -1.6684955764514773,
                    1.3881576580135262
                ],
                "Si": [
                    [
                        66.84011642652438,
                        -47.108907213899485,
                        -35.007494065187736,
                        32.849653075502104,
                        -52.627341071009525,
                        57.66396351821261
                    ],
                    [
                        -47.108907213899485,
                        34.185682067753895,
                        24.039844910601992,
                        -22.970022881399814,
                        36.482236130330314,
                        -40.38913783868076
                    ],
                    [
                        -35.007494065187736,
                        24.039844910601992,
                        19.716317469768327,
                        -17.231990146694027,
                        28.704103514541487,
                        -31.68924079846203
                    ],
                    [
                        32.849653075502104,
                        -22.970022881399814,
                        -17.231990146694027,
                        76.21678247249457,
                        -68.64498684669104,
                        55.90528209976896
                    ],
                    [
                        -52.627341071009525,
                        36.482236130330314,
                        28.704103514541487,
                        -68.64498684669104,
                        73.81236087398656,
                        -66.9073736881499
                    ],
                    [
                        57.66396351821261,
                        -40.38913783868076,
                        -31.68924079846203,
                        55.90528209976896,
                        -66.9073736881499,
                        65.75049029830903
                    ]
                ]
            },
            "est_tgt": [
                0,
                2,
                3,
                4
            ],
            "oracle_est_tgt": [
                0,
                4
            ]
        },
        "1": {
            "intv_type": "hard",
            "inode": 1,
            "new_mui": 1.0,
            "new_vari": 100,
            "noise_type": "gaussian",
            "obs_noise_gamma_shape": null,
            "true_params": {
                "Si": [
                    [
                        1.0,
                        0.0,
                        -0.9754213971873035,
                        1.479785921302803,
                        -1.8618656857008764,
                        1.4712999229991528
                    ],
                    [
                        0.0,
                        100.0,
                        -64.89136196920755,
                        137.62283237936913,
                        -151.68504550833046,
                        86.24988747080077
                    ],
                    [
                        -0.9754213971873035,
                        -64.89136196920755,
                        44.06033548427799,
                        -91.5358091416014,
                        101.63696962836572,
                        -59.111948419711126
                    ],
                    [
                        1.479785921302803,
                        137.62283237936913,
                        -91.5358091416014,
                        193.20967600133545,
                        -213.31286895066705,
                        122.68721725560815
                    ],
                    [
                        -1.8618656857008764,
                        -151.68504550833046,
                        101.63696962836572,
                        -213.31286895066702,
                        236.98750881639728,
                        -136.92976421991867
                    ],
                    [
                        1.4712999229991528,
                        86.24988747080077,
                        -59.111948419711126,
                        122.68721725560815,
                        -136.9297642199187,
                        81.12075000019058
                    ]
                ],
                "mui": [
                    0.0,
                    1.0,
                    -0.6489136196920755,
                    1.3762283237936912,
                    -1.5168504550833046,
                    0.8624988747080077
                ],
                "Ai": [
                    [
                        0.0,
                        0.0,
                        0.0,
                        0.0,
                        0.0,
                        0.0
                    ],
                    [
                        0.0,
                        0.0,
                        0.0,
                        0.0,
                        0.0,
                        0.0
                    ],
                    [
                        -0.9754213971873035,
                        -0.6489136196920755,
                        0.0,
                        0.0,
                        0.0,
                        0.0
                    ],
                    [
                        0.7120668751001815,
                        0.8654917881646415,
                        -0.7870639791339349,
                        0.0,
                        0.0,
                        0.0
                    ],
                    [
                        -0.0,
                        0.0,
                        0.8314507717332184,
                        -0.7101370523374286,
                        0.0,
                        0.0
                    ],
                    [
                        -0.5266954719535172,
                        -0.6493048501604912,
                        -0.7955119280088842,
                        0.0,
                        -0.6563502663163687,
                        0.0
                    ]
                ]
            },
            "est_params": {
                "mui": [
                    0.019278954602014797,
                    0.25525024576959865,
                    0.35040587566780673,
                    0.0060224401059140835,
                    0.3578286367469297,
                    -0.6990720888178764
                ],
                "Si": [
                    [
                        1.0475301511878343,
                        -0.5298928307076873,
                        -0.18418288120122256,
                        0.41166690031319864,
                        -0.4205261225221278,
                        0.18497287065191798
                    ],
                    [
                        -0.5298928307076873,
                        61.81151553637978,
                        -39.637602764437105,
                        84.66406409994097,
                        -92.93546933554647,
                        52.13185284432539
                    ],
                    [
                        -0.18418288120122256,
                        -39.637602764437105,
                        84.6763615766912,
                        -101.33281357025068,
                        142.16441869258153,
                        -135.01732992841028
                    ],
                    [
                        0.4116669003131985,
                        84.66406409994097,
                        -101.33281357025068,
                        154.83946892061041,
                        -193.90408145120026,
                        152.29216689032106
                    ],
                    [
                        -0.4205261225221277,
                        -92.93546933554647,
                        142.16441869258153,
                        -193.90408145120026,
                        256.5010251281417,
                        -220.71174107381373
                    ],
                    [
                        0.18497287065191798,
                        52.13185284432539,
                        -135.01732992841028,
                        152.29216689032106,
                        -220.71174107381373,
                        219.7412070074329
                    ]
                ]
            },
            "est_tgt": [
                1,
                2,
                3,
                4
            ],
            "oracle_est_tgt": [
                1
            ]
        },
        "2": {
            "intv_type": "hard",
            "inode": 2,
            "new_mui": 1.0,
            "new_vari": 100,
            "noise_type": "gaussian",
            "obs_noise_gamma_shape": null,
            "true_params": {
                "Si": [
                    [
                        1.0,
                        -0.7015098466402092,
                        0.0,
                        0.10491586351644344,
                        -0.07450464206100312,
                        -0.022300584436141836
                    ],
                    [
                        -0.7015098466402092,
                        1.4921160649331697,
                        0.0,
                        0.7918922768390961,
                        -0.5623520472432907,
                        -0.23025622223560016
                    ],
                    [
                        0.0,
                        0.0,
                        100.0,
                        -78.70639791339349,
                        139.03740658763584,
                        -170.80843164262043
                    ],
                    [
                        0.10491586351644344,
                        0.7918922768390961,
                        -78.70639791339349,
                        63.70705409881214,
                        -110.68123489626434,
                        134.68809814469924
                    ],
                    [
                        -0.07450464206100312,
                        -0.5623520472432907,
                        139.03740658763584,
                        -110.68123489626434,
                        195.20160490537478,
                        -238.32216157552486
                    ],
                    [
                        -0.022300584436141836,
                        -0.23025622223560016,
                        -170.80843164262043,
                        134.68809814469927,
                        -238.32216157552486,
                        293.46421109410466
                    ]
                ],
                "mui": [
                    0.0,
                    0.0,
                    1.0,
                    -0.7870639791339349,
                    1.3903740658763584,
                    -1.7080843164262043
                ],
                "Ai": [
                    [
                        0.0,
                        0.0,
                        0.0,
                        0.0,
                        0.0,
                        0.0
                    ],
                    [
                        -0.7015098466402092,
                        0.0,
                        0.0,
                        0.0,
                        0.0,
                        0.0
                    ],
                    [
                        0.0,
                        0.0,
                        0.0,
                        0.0,
                        0.0,
                        0.0
                    ],
                    [
                        0.7120668751001815,
                        0.8654917881646415,
                        -0.7870639791339349,
                        0.0,
                        0.0,
                        0.0
                    ],
                    [
                        -0.0,
                        0.0,
                        0.8314507717332184,
                        -0.7101370523374286,
                        0.0,
                        0.0
                    ],
                    [
                        -0.5266954719535172,
                        -0.6493048501604912,
                        -0.7955119280088842,
                        0.0,
                        -0.6563502663163687,
                        0.0
                    ]
                ]
            },
            "oracle_est_tgt": [
                2,
                3,
                4
            ]
        },
        "3": {
            "intv_type": "hard",
            "inode": 3,
            "new_mui": 1.0,
            "new_vari": 100,
            "noise_type": "gaussian",
            "obs_noise_gamma_shape": null,
            "true_params": {
                "Si": [
                    [
                        1.0,
                        -0.7015098466402092,
                        -0.5202021033543726,
                        0.0,
                        -0.4325224402912365,
                        0.6265114709719856
                    ],
                    [
                        -0.7015098466402092,
                        1.4921160649331697,
                        -0.28398672194603536,
                        0.0,
                        -0.23612097912401803,
                        -0.2184632459721448
                    ],
                    [
                        -0.5202021033543726,
                        -0.28398672194603536,
                        1.6916991141561848,
                        0.0,
                        1.406564534005562,
                        -1.8105837821208346
                    ],
                    [
                        0.0,
                        0.0,
                        0.0,
                        100.0,
                        -71.01370523374287,
                        46.60986434227923
                    ],
                    [
                        -0.4325224402912365,
                        -0.23612097912401803,
                        1.406564534005562,
                        -71.01370523374287,
                        52.598952477540685,
                        -35.26115322312198
                    ],
                    [
                        0.6265114709719856,
                        -0.2184632459721448,
                        -1.8105837821208346,
                        46.60986434227923,
                        -35.26115322312198,
                        25.39587679425859
                    ]
                ],
                "mui": [
                    0.0,
                    0.0,
                    0.0,
                    1.0,
                    -0.7101370523374286,
                    0.46609864342279234
                ],
                "Ai": [
                    [
                        0.0,
                        0.0,
                        0.0,
                        0.0,
                        0.0,
                        0.0
                    ],
                    [
                        -0.7015098466402092,
                        0.0,
                        0.0,
                        0.0,
                        0.0,
                        0.0
                    ],
                    [
                        -0.9754213971873035,
                        -0.6489136196920755,
                        0.0,
                        0.0,
                        0.0,
                        0.0
                    ],
                    [
                        0.0,
                        0.0,
                        0.0,
                        0.0,
                        0.0,
                        0.0
                    ],
                    [
                        -0.0,
                        0.0,
                        0.8314507717332184,
                        -0.7101370523374286,
                        0.0,
                        0.0
                    ],
                    [
                        -0.5266954719535172,
                        -0.6493048501604912,
                        -0.7955119280088842,
                        0.0,
                        -0.6563502663163687,
                        0.0
                    ]
                ]
            },
            "oracle_est_tgt": [
                2,
                3,
                4
            ]
        },
        "4": {
            "intv_type": "hard",
            "inode": 4,
            "new_mui": 1.0,
            "new_vari": 100,
            "noise_type": "gaussian",
            "obs_noise_gamma_shape": null,
            "true_params": {
                "Si": [
                    [
                        1.0,
                        -0.7015098466402092,
                        -0.5202021033543726,
                        0.5143482009363783,
                        0.0,
                        0.3426252520990268
                    ],
                    [
                        -0.7015098466402092,
                        1.4921160649331697,
                        -0.28398672194603536,
                        1.015407996235145,
                        0.0,
                        -0.37344131350307574
                    ],
                    [
                        -0.5202021033543726,
                        -0.28398672194603536,
                        1.6916991141561848,
                        -1.9476822982332982,
                        0.0,
                        -0.887384775635125
                    ],
                    [
                        0.5143482009363783,
                        1.015407996235145,
                        -1.9476822982332982,
                        3.778028178268625,
                        0.0,
                        0.6191902949284919
                    ],
                    [
                        0.0,
                        0.0,
                        0.0,
                        0.0,
                        100.0,
                        -65.63502663163688
                    ],
                    [
                        0.3426252520990268,
                        -0.37344131350307574,
                        -0.887384775635125,
                        0.6191902949284919,
                        -65.63502663163688,
                        44.84751047035841
                    ]
                ],
                "mui": [
                    0.0,
                    0.0,
                    0.0,
                    0.0,
                    1.0,
                    -0.6563502663163687
                ],
                "Ai": [
                    [
                        0.0,
                        0.0,
                        0.0,
                        0.0,
                        0.0,
                        0.0
                    ],
                    [
                        -0.7015098466402092,
                        0.0,
                        0.0,
                        0.0,
                        0.0,
                        0.0
                    ],
                    [
                        -0.9754213971873035,
                        -0.6489136196920755,
                        0.0,
                        0.0,
                        0.0,
                        0.0
                    ],
                    [
                        0.7120668751001815,
                        0.8654917881646415,
                        -0.7870639791339349,
                        0.0,
                        0.0,
                        0.0
                    ],
                    [
                        0.0,
                        0.0,
                        0.0,
                        0.0,
                        0.0,
                        0.0
                    ],
                    [
                        -0.5266954719535172,
                        -0.6493048501604912,
                        -0.7955119280088842,
                        0.0,
                        -0.6563502663163687,
                        0.0
                    ]
                ]
            },
            "est_params": {
                "mui": [
                    0.030889182270936153,
                    0.029560186495700327,
                    -0.0740981950255281,
                    0.08108140979113247,
                    0.7297519778373948,
                    -0.4595344081416452
                ],
                "Si": [
                    [
                        0.9756944193510083,
                        -0.655667979044244,
                        -0.5063414919404382,
                        0.5927812204796384,
                        -0.3248075515319685,
                        0.4891959731884946
                    ],
                    [
                        -0.655667979044244,
                        1.4624739456774025,
                        -0.3347778582743677,
                        1.0095803482048313,
                        -0.09180773515243579,
                        -0.15685710259071842
                    ],
                    [
                        -0.5063414919404382,
                        -0.3347778582743677,
                        1.604007128036403,
                        -1.879117076853554,
                        1.3086416115205044,
                        -1.7133490849996555
                    ],
                    [
                        0.5927812204796384,
                        1.0095803482048313,
                        -1.879117076853554,
                        3.8001325696731474,
                        -1.7522376395866712,
                        1.8495800855910673
                    ],
                    [
                        -0.3248075515319685,
                        -0.09180773515243579,
                        1.3086416115205044,
                        -1.7522376395866712,
                        99.68877597238985,
                        -66.09578696663588
                    ],
                    [
                        0.4891959731884946,
                        -0.15685710259071844,
                        -1.713349084999655,
                        1.8495800855910673,
                        -66.09578696663588,
                        45.45610541803083
                    ]
                ]
            },
            "est_tgt": [
                2,
                4
            ],
            "oracle_est_tgt": [
                2,
                4
            ]
        },
        "5": {
            "intv_type": "hard",
            "inode": 5,
            "new_mui": 1.0,
            "new_vari": 100,
            "noise_type": "gaussian",
            "obs_noise_gamma_shape": null,
            "true_params": {
                "Si": [
                    [
                        1.0,
                        -0.7015098466402092,
                        -0.5202021033543726,
                        0.5143482009363783,
                        -0.7977801555792556,
                        0.0
                    ],
                    [
                        -0.7015098466402092,
                        1.4921160649331697,
                        -0.28398672194603536,
                        1.015407996235145,
                        -0.9571998204902987,
                        0.0
                    ],
                    [
                        -0.5202021033543726,
                        -0.28398672194603536,
                        1.6916991141561848,
                        -1.9476822982332982,
                        2.7896859001627448,
                        0.0
                    ],
                    [
                        0.5143482009363783,
                        1.015407996235145,
                        -1.9476822982332982,
                        3.778028178268625,
                        -4.302319744120631,
                        0.0
                    ],
                    [
                        -0.7977801555792556,
                        -0.9571998204902987,
                        2.7896859001627448,
                        -4.302319744120631,
                        6.374723155886538,
                        0.0
                    ],
                    [
                        0.0,
                        0.0,
                        0.0,
                        0.0,
                        0.0,
                        100.0
                    ]
                ],
                "mui": [
                    0.0,
                    0.0,
                    0.0,
                    0.0,
                    0.0,
                    1.0
                ],
                "Ai": [
                    [
                        0.0,
                        0.0,
                        0.0,
                        0.0,
                        0.0,
                        0.0
                    ],
                    [
                        -0.7015098466402092,
                        0.0,
                        0.0,
                        0.0,
                        0.0,
                        0.0
                    ],
                    [
                        -0.9754213971873035,
                        -0.6489136196920755,
                        0.0,
                        0.0,
                        0.0,
                        0.0
                    ],
                    [
                        0.7120668751001815,
                        0.8654917881646415,
                        -0.7870639791339349,
                        0.0,
                        0.0,
                        0.0
                    ],
                    [
                        -0.0,
                        0.0,
                        0.8314507717332184,
                        -0.7101370523374286,
                        0.0,
                        0.0
                    ],
                    [
                        0.0,
                        0.0,
                        0.0,
                        0.0,
                        0.0,
                        0.0
                    ]
                ]
            },
            "est_params": {
                "mui": [
                    -0.03406147316797692,
                    0.040265076026488614,
                    -0.03240056908387839,
                    -0.03603667577578372,
                    -0.03288813640479954,
                    1.5044006427588579
                ],
                "Si": [
                    [
                        0.9594728168956591,
                        -0.6710320794102322,
                        -0.540499435192712,
                        0.5814360091488715,
                        -0.8495042818309082,
                        -0.7090559832867547
                    ],
                    [
                        -0.6710320794102322,
                        1.4454189900276737,
                        -0.30707962538508704,
                        0.9544883350780655,
                        -0.8821080354692326,
                        0.4376645216042604
                    ],
                    [
                        -0.540499435192712,
                        -0.30707962538508704,
                        1.8290151085889323,
                        -2.058734932010343,
                        2.990351814128318,
                        0.9409051605032424
                    ],
                    [
                        0.5814360091488715,
                        0.9544883350780655,
                        -2.058734932010343,
                        3.791164295936031,
                        -4.408669814749969,
                        0.14203976463584297
                    ],
                    [
                        -0.8495042818309081,
                        -0.8821080354692326,
                        2.990351814128318,
                        -4.408669814749969,
                        6.485493178948461,
                        0.4083885397662239
                    ],
                    [
                        -0.7090559832867546,
                        0.4376645216042603,
                        0.9409051605032426,
                        0.14203976463584292,
                        0.4083885397662239,
                        105.25378386892531
                    ]
                ]
            },
            "est_tgt": [
                5
            ],
            "oracle_est_tgt": [
                5
            ]
        },
        "obs": {
            "intv_type": "obs",
            "noise_type": "gaussian",
            "obs_noise_gamma_shape": null,
            "true_params": {
                "Si": [
                    [
                        1.0,
                        -0.7015098466402092,
                        -0.5202021033543726,
                        0.5143482009363783,
                        -0.7977801555792556,
                        0.8662484696753854
                    ],
                    [
                        -0.7015098466402092,
                        1.4921160649331697,
                        -0.28398672194603536,
                        1.015407996235145,
                        -0.9571998204902987,
                        0.25481704359371216
                    ],
                    [
                        -0.5202021033543726,
                        -0.28398672194603536,
                        1.6916991141561848,
                        -1.9476822982332982,
                        2.7896859001627448,
                        -2.7183958591459616
                    ],
                    [
                        0.5143482009363783,
                        1.015407996235145,
                        -1.9476822982332982,
                        3.778028178268625,
                        -4.302319744120631,
                        3.44301900476024
                    ],
                    [
                        -0.7977801555792556,
                        -0.9571998204902987,
                        2.7896859001627448,
                        -4.302319744120631,
                        6.374723155886538,
                        -5.361577968461847
                    ],
                    [
                        0.8662484696753854,
                        0.25481704359371216,
                        -2.7183958591459616,
                        3.44301900476024,
                        -5.361577968461847,
                        6.059886369602835
                    ]
                ],
                "mui": [
                    0.0,
                    0.0,
                    0.0,
                    0.0,
                    0.0,
                    0.0
                ],
                "Ai": [
                    [
                        0.0,
                        0.0,
                        0.0,
                        0.0,
                        0.0,
                        0.0
                    ],
                    [
                        -0.7015098466402092,
                        0.0,
                        0.0,
                        0.0,
                        0.0,
                        0.0
                    ],
                    [
                        -0.9754213971873035,
                        -0.6489136196920755,
                        0.0,
                        0.0,
                        0.0,
                        0.0
                    ],
                    [
                        0.7120668751001815,
                        0.8654917881646415,
                        -0.7870639791339349,
                        0.0,
                        0.0,
                        0.0
                    ],
                    [
                        -0.0,
                        0.0,
                        0.8314507717332184,
                        -0.7101370523374286,
                        0.0,
                        0.0
                    ],
                    [
                        -0.5266954719535172,
                        -0.6493048501604912,
                        -0.7955119280088842,
                        0.0,
                        -0.6563502663163687,
                        0.0
                    ]
                ]
            },
            "est_params": {
                "mui": [
                    0.011695409377781652,
                    0.07489718997295274,
                    -0.14704958521438982,
                    0.27123954218542345,
                    -0.31509361128067453,
                    0.21607020356627651
                ],
                "Si": [
                    [
                        1.3595755591004255,
                        -0.9714211328223554,
                        -0.7311620472409872,
                        0.6687380751736479,
                        -1.0802502032106138,
                        1.251922119408245
                    ],
                    [
                        -0.9714211328223554,
                        1.874257127503869,
                        -0.2812071534456504,
                        1.1473148537710087,
                        -1.0138701651571562,
                        0.14647898424205189
                    ],
                    [
                        -0.7311620472409872,
                        -0.28120715344565045,
                        2.3046277598703973,
                        -2.6202656946749787,
                        3.764800724374168,
                        -3.833910341736932
                    ],
                    [
                        0.6687380751736479,
                        1.1473148537710085,
                        -2.6202656946749787,
                        4.845806983911949,
                        -5.550177616288521,
                        4.742553274212351
                    ],
                    [
                        -1.0802502032106138,
                        -1.0138701651571562,
                        3.764800724374168,
                        -5.550177616288521,
                        8.012390961291926,
                        -7.212108168214623
                    ],
                    [
                        1.251922119408245,
                        0.14647898424205189,
                        -3.8339103417369316,
                        4.742553274212351,
                        -7.212108168214623,
                        8.279862541943814
                    ]
                ]
            },
            "est_tgt": [
                0,
                1,
                2,
                3,
                4,
                5
            ],
            "oracle_est_tgt": [
                0,
                1,
                2,
                3,
                4,
                5
            ]
        }
    },
    "metric_dict": {
        "param_est_rel_err": 1844.9541538322046,
        "est_num_comp": 5,
        "weight_precision_error": 0.24049096102321,
        "gm_score_dict": {
