{
    "expt_args": {
        "save_dir": "all_expt_logs/expt_logs_sim_compsel_backward_cameraready_new_var_largerange",
        "exp_name": "444",
        "num_nodes": 6,
        "num_tgt_prior": 7,
        "obs_noise_mean": 0.0,
        "obs_noise_var": 1.0,
        "obs_noise_gamma_shape": null,
        "noise_type": "gaussian",
        "max_edge_strength": 1.0,
        "graph_sparsity_method": "adj_dense_prop",
        "adj_dense_prop": 0.8,
        "num_parents": null,
        "new_noise_mean": 1.0,
        "mix_samples": 16384,
        "stage2_samples": 16384,
        "gmm_tol": 0.001,
        "intv_type": "hard",
        "new_noise_var": 0.0001,
        "dtype": "simulation",
        "cutoff_drop_ratio": 0.07,
        "intv_targets": [
            0,
            1,
            2,
            3,
            4,
            5
        ]
    },
    "intv_args_dict": {
        "0": {
            "intv_type": "hard",
            "inode": 0,
            "new_mui": 1.0,
            "new_vari": 0.0001,
            "noise_type": "gaussian",
            "obs_noise_gamma_shape": null,
            "true_params": {
                "Si": [
                    [
                        0.0001,
                        9.73502745617607e-05,
                        -7.924495510727281e-05,
                        -0.0001794232651657599,
                        9.589530703472053e-05,
                        -0.0001413910826591807
                    ],
                    [
                        9.73502745617607e-05,
                        1.0000947707595724,
                        -7.714518137327409e-05,
                        -0.575039994360745,
                        0.8792384321769299,
                        -0.8177788564787075
                    ],
                    [
                        -7.924495510727281e-05,
                        -7.714518137327409e-05,
                        1.0000627976290994,
                        0.5379426472200366,
                        0.9848204911813304,
                        -0.9158823389487082
                    ],
                    [
                        -0.0001794232651657599,
                        -0.575039994360745,
                        0.5379426472200366,
                        1.6200214076978743,
                        0.024115705432778564,
                        -0.022334934506079488
                    ],
                    [
                        9.589530703472053e-05,
                        0.8792384321769299,
                        0.9848204911813304,
                        0.024115705432778564,
                        2.7430091099389093,
                        -2.5511617602555217
                    ],
                    [
                        -0.0001413910826591807,
                        -0.8177788564787075,
                        -0.9158823389487082,
                        -0.022334934506079488,
                        -2.5511617602555217,
                        3.3727595567822295
                    ]
                ],
                "mui": [
                    1.0,
                    0.973502745617607,
                    -0.7924495510727281,
                    -1.794232651657599,
                    0.9589530703472052,
                    -1.413910826591807
                ],
                "Ai": [
                    [
                        0.0,
                        0.0,
                        0.0,
                        0.0,
                        0.0,
                        0.0
                    ],
                    [
                        0.973502745617607,
                        0.0,
                        0.0,
                        0.0,
                        0.0,
                        0.0
                    ],
                    [
                        -0.7924495510727281,
                        0.0,
                        0.0,
                        0.0,
                        0.0,
                        0.0
                    ],
                    [
                        -0.8084199433629119,
                        -0.5748653253194785,
                        0.537800463334104,
                        0.0,
                        0.0,
                        0.0
                    ],
                    [
                        0.8835836993844195,
                        0.8791450778322397,
                        0.9848964833743401,
                        -0.0,
                        0.0,
                        0.0
                    ],
                    [
                        -0.522044887354602,
                        -0.0,
                        0.0,
                        -0.0,
                        -0.9300412781558642,
                        0.0
                    ]
                ]
            },
            "est_params": {
                "mui": [
                    1.000065841178629,
                    0.9905803440579716,
                    -0.8024645340326824,
                    -1.7782738480290277,
                    0.9386005178884845,
                    -1.3945301225167968
                ],
                "Si": [
                    [
                        0.00010246130344028111,
                        4.7916550647062845e-05,
                        -0.0001514046305100806,
                        -6.311260230971275e-05,
                        -0.0001311551889263992,
                        -0.000202766396901209
                    ],
                    [
                        4.7916550647062934e-05,
                        0.9858804291659414,
                        -0.012425191348452944,
                        -0.6128124003670867,
                        0.8645719976348001,
                        -0.8123074889882728
                    ],
                    [
                        -0.00015140463051008056,
                        -0.012425191348452946,
                        1.010066162482526,
                        0.5467420753731995,
                        0.9774684205149206,
                        -0.8740604068183209
                    ],
                    [
                        -6.311260230971273e-05,
                        -0.6128124003670867,
                        0.5467420753731996,
                        1.6595848208101074,
                        -0.047945110662902475,
                        0.08700653261984216
                    ],
                    [
                        -0.00013115518892639928,
                        0.8645719976348002,
                        0.9774684205149204,
                        -0.04794511066290249,
                        2.7047992228389357,
                        -2.509898788986613
                    ],
                    [
                        -0.00020276639690120895,
                        -0.8123074889882728,
                        -0.8740604068183209,
                        0.08700653261984215,
                        -2.509898788986613,
                        3.2933175533625056
                    ]
                ]
            },
            "est_tgt": [
                0
            ],
            "oracle_est_tgt": [
                0
            ]
        },
        "1": {
            "intv_type": "hard",
            "inode": 1,
            "new_mui": 1.0,
            "new_vari": 0.0001,
            "noise_type": "gaussian",
            "obs_noise_gamma_shape": null,
            "true_params": {
                "Si": [
                    [
                        1.0,
                        0.0,
                        -0.7924495510727281,
                        -1.2345996790987277,
                        0.1031029232813151,
                        -0.6179348619047623
                    ],
                    [
                        0.0,
                        0.0001,
                        0.0,
                        -5.748653253194786e-05,
                        8.791450778322398e-05,
                        -8.17641211871533e-05
                    ],
                    [
                        -0.7924495510727281,
                        0.0,
                        1.6279762909953681,
                        1.516158424790425,
                        0.903192618105776,
                        -0.42631218034007007
                    ],
                    [
                        -1.2345996790987277,
                        -5.748653253194786e-05,
                        1.516158424790425,
                        2.813498753007284,
                        0.4023364100954803,
                        0.27032698130928057
                    ],
                    [
                        0.1031029232813151,
                        8.791450778322398e-05,
                        0.903192618105776,
                        0.4023364100954803,
                        1.9807285853590821,
                        -1.8959836991775418
                    ],
                    [
                        -0.6179348619047623,
                        -8.17641211871533e-05,
                        -0.42631218034007007,
                        0.27032698130928057,
                        -1.8959836991775418,
                        3.085932838321318
                    ]
                ],
                "mui": [
                    0.0,
                    1.0,
                    0.0,
                    -0.5748653253194785,
                    0.8791450778322397,
                    -0.8176412118715329
                ],
                "Ai": [
                    [
                        0.0,
                        0.0,
                        0.0,
                        0.0,
                        0.0,
                        0.0
                    ],
                    [
                        0.0,
                        0.0,
                        0.0,
                        0.0,
                        0.0,
                        0.0
                    ],
                    [
                        -0.7924495510727281,
                        0.0,
                        0.0,
                        0.0,
                        0.0,
                        0.0
                    ],
                    [
                        -0.8084199433629119,
                        -0.5748653253194785,
                        0.537800463334104,
                        0.0,
                        0.0,
                        0.0
                    ],
                    [
                        0.8835836993844195,
                        0.8791450778322397,
                        0.9848964833743401,
                        -0.0,
                        0.0,
                        0.0
                    ],
                    [
                        -0.522044887354602,
                        -0.0,
                        0.0,
                        -0.0,
                        -0.9300412781558642,
                        0.0
                    ]
                ]
            },
            "est_params": {
                "mui": [
                    0.007255312623538279,
                    0.9996006816505861,
                    0.01429800133397473,
                    -0.5677018402278765,
                    0.8831756311054738,
                    -0.8159575583302102
                ],
                "Si": [
                    [
                        0.9807513877799457,
                        -3.9391351530032975e-06,
                        -0.7943792567849104,
                        -1.226292160017784,
                        0.11046522160027356,
                        -0.6289323598851934
                    ],
                    [
                        -3.939135153003331e-06,
                        9.461597285306436e-05,
                        0.00019867443673940154,
                        -0.00016508340954646416,
                        0.00042765949881666104,
                        -0.0004109298494256354
                    ],
                    [
                        -0.7943792567849104,
                        0.00019867443673940154,
                        1.6224219219404967,
                        1.5154106807346086,
                        0.908166028894206,
                        -0.37667088097264717
                    ],
                    [
                        -1.226292160017784,
                        -0.00016508340954646413,
                        1.5154106807346086,
                        2.8103160018999924,
                        0.4094899211448944,
                        0.2663058903218776
                    ],
                    [
                        0.11046522160027356,
                        0.00042765949881666125,
                        0.908166028894206,
                        0.4094899211448944,
                        2.107698633136393,
                        -1.9716993701290992
                    ],
                    [
                        -0.6289323598851932,
                        -0.00041092984942563544,
                        -0.37667088097264717,
                        0.2663058903218777,
                        -1.9716993701290992,
                        3.1095436522325333
                    ]
                ]
            },
            "est_tgt": [
                1,
                3,
                4,
                5
            ],
            "oracle_est_tgt": [
                1
            ]
        },
        "2": {
            "intv_type": "hard",
            "inode": 2,
            "new_mui": 1.0,
            "new_vari": 0.0001,
            "noise_type": "gaussian",
            "obs_noise_gamma_shape": null,
            "true_params": {
                "Si": [
                    [
                        1.0,
                        0.973502745617607,
                        0.0,
                        -1.3680529159217831,
                        1.7394338464503096,
                        -2.1397901651748192
                    ],
                    [
                        0.973502745617607,
                        1.9477075957250192,
                        0.0,
                        -1.9066685951195077,
                        2.5724887031718113,
                        -2.900732812714772
                    ],
                    [
                        0.0,
                        0.0,
                        0.0001,
                        5.3780046333410406e-05,
                        9.848964833743402e-05,
                        -9.159943842486872e-05
                    ],
                    [
                        -1.3680529159217831,
                        -1.9066685951195077,
                        5.3780046333410406e-05,
                        3.2020678459506,
                        -2.8849745990819287,
                        3.3973304939648807
                    ],
                    [
                        1.7394338464503096,
                        2.5724887031718113,
                        9.848964833743402e-05,
                        -2.8849745990819287,
                        4.79862317616187,
                        -5.370980178576874
                    ],
                    [
                        -2.1397901651748192,
                        -2.900732812714772,
                        -9.159943842486872e-05,
                        3.3973304939648807,
                        -5.370980178576874,
                        7.112299785974621
                    ]
                ],
                "mui": [
                    0.0,
                    0.0,
                    1.0,
                    0.537800463334104,
                    0.9848964833743401,
                    -0.9159943842486872
                ],
                "Ai": [
                    [
                        0.0,
                        0.0,
                        0.0,
                        0.0,
                        0.0,
                        0.0
                    ],
                    [
                        0.973502745617607,
                        0.0,
                        0.0,
                        0.0,
                        0.0,
                        0.0
                    ],
                    [
                        0.0,
                        0.0,
                        0.0,
                        0.0,
                        0.0,
                        0.0
                    ],
                    [
                        -0.8084199433629119,
                        -0.5748653253194785,
                        0.537800463334104,
                        0.0,
                        0.0,
                        0.0
                    ],
                    [
                        0.8835836993844195,
                        0.8791450778322397,
                        0.9848964833743401,
                        -0.0,
                        0.0,
                        0.0
                    ],
                    [
                        -0.522044887354602,
                        -0.0,
                        0.0,
                        -0.0,
                        -0.9300412781558642,
                        0.0
                    ]
                ]
            },
            "est_params": {
                "mui": [
                    0.04124475891707793,
                    0.025830286058560758,
                    0.9999830629633275,
                    0.504047498803894,
                    1.0421992590153126,
                    -1.0135841023451393
                ],
                "Si": [
                    [
                        0.9680447716737881,
                        0.9250631686937221,
                        0.0001492944939907477,
                        -1.2845064667071995,
                        1.659930183160212,
                        -2.0433529522001836
                    ],
                    [
                        0.9250631686937221,
                        1.8663495924597882,
                        0.0002463516418506309,
                        -1.8236464012628684,
                        2.441756667842024,
                        -2.7707284285059717
                    ],
                    [
                        0.0001492944939907477,
                        0.00024635164185063087,
                        0.0001023311666558645,
                        -4.2244810253573516e-05,
                        0.00043469891357547153,
                        -0.0008352934224270617
                    ],
                    [
                        -1.2845064667071995,
                        -1.8236464012628684,
                        -4.22448102535735e-05,
                        3.072258921634646,
                        -2.702384796292479,
                        3.162575560610334
                    ],
                    [
                        1.6599301831602116,
                        2.441756667842024,
                        0.0004346989135754714,
                        -2.702384796292479,
                        4.558880795255458,
                        -5.1219663667453394
                    ],
                    [
                        -2.0433529522001836,
                        -2.7707284285059717,
                        -0.0008352934224270617,
                        3.162575560610334,
                        -5.1219663667453394,
                        6.885587143587896
                    ]
                ]
            },
            "est_tgt": [
                1,
                2,
                3,
                4,
                5
            ],
            "oracle_est_tgt": [
                2
            ]
        },
        "3": {
            "intv_type": "hard",
            "inode": 3,
            "new_mui": 1.0,
            "new_vari": 0.0001,
            "noise_type": "gaussian",
            "obs_noise_gamma_shape": null,
            "true_params": {
                "Si": [
                    [
                        1.0,
                        0.973502745617607,
                        -0.7924495510727281,
                        0.0,
                        0.9589530703472052,
                        -1.413910826591807
                    ],
                    [
                        0.973502745617607,
                        1.9477075957250192,
                        -0.7714518137327409,
                        0.0,
                        1.8126885247336784,
                        -2.194087283617117
                    ],
                    [
                        -0.7924495510727281,
                        -0.7714518137327409,
                        1.6279762909953681,
                        0.0,
                        0.22497455327788307,
                        0.2044586155408602
                    ],
                    [
                        0.0,
                        0.0,
                        0.0,
                        0.0001,
                        0.0,
                        0.0
                    ],
                    [
                        0.9589530703472052,
                        1.8126885247336784,
                        0.22497455327788307,
                        0.0,
                        3.6625081419681287,
                        -3.906900301200054
                    ],
                    [
                        -1.413910826591807,
                        -2.194087283617117,
                        0.2044586155408602,
                        0.0,
                        -3.906900301200054,
                        5.371703467953202
                    ]
                ],
                "mui": [
                    0.0,
                    0.0,
                    0.0,
                    1.0,
                    0.0,
                    0.0
                ],
                "Ai": [
                    [
                        0.0,
                        0.0,
                        0.0,
                        0.0,
                        0.0,
                        0.0
                    ],
                    [
                        0.973502745617607,
                        0.0,
                        0.0,
                        0.0,
                        0.0,
                        0.0
                    ],
                    [
                        -0.7924495510727281,
                        0.0,
                        0.0,
                        0.0,
                        0.0,
                        0.0
                    ],
                    [
                        0.0,
                        0.0,
                        0.0,
                        0.0,
                        0.0,
                        0.0
                    ],
                    [
                        0.8835836993844195,
                        0.8791450778322397,
                        0.9848964833743401,
                        -0.0,
                        0.0,
                        0.0
                    ],
                    [
                        -0.522044887354602,
                        -0.0,
                        0.0,
                        -0.0,
                        -0.9300412781558642,
                        0.0
                    ]
                ]
            },
            "est_params": {
                "mui": [
                    0.01494834757521554,
                    0.02035596125076855,
                    -0.034515422439064546,
                    1.000082682291724,
                    -0.0076620700885220595,
                    0.01698915620401806
                ],
                "Si": [
                    [
                        0.9935221350352843,
                        0.9561455011971624,
                        -0.8186205840668246,
                        -0.00012848484102262364,
                        0.9095838859505996,
                        -1.3140379253719363
                    ],
                    [
                        0.9561455011971624,
                        1.912154600360543,
                        -0.7840215614869314,
                        0.00018739355419811128,
                        1.732774890207984,
                        -2.069474015005535
                    ],
                    [
                        -0.8186205840668246,
                        -0.7840215614869314,
                        1.6811117610254056,
                        1.3528475846094584e-06,
                        0.2224281517130552,
                        0.213835560239502
                    ],
                    [
                        -0.00012848484102262364,
                        0.00018739355419811112,
                        1.3528475846094002e-06,
                        9.897560311556786e-05,
                        0.0003984632235080661,
                        -0.0006651446874875902
                    ],
                    [
                        0.9095838859505996,
                        1.732774890207984,
                        0.2224281517130552,
                        0.0003984632235080661,
                        3.5250545285621953,
                        -3.7007901155772522
                    ],
                    [
                        -1.3140379253719363,
                        -2.069474015005535,
                        0.213835560239502,
                        -0.0006651446874875904,
                        -3.7007901155772522,
                        5.075639214200901
                    ]
                ]
            },
            "est_tgt": [
                1,
                2,
                3
            ],
            "oracle_est_tgt": [
                3
            ]
        },
        "4": {
            "intv_type": "hard",
            "inode": 4,
            "new_mui": 1.0,
            "new_vari": 0.0001,
            "noise_type": "gaussian",
            "obs_noise_gamma_shape": null,
            "true_params": {
                "Si": [
                    [
                        1.0,
                        0.973502745617607,
                        -0.7924495510727281,
                        -1.794232651657599,
                        0.0,
                        -0.522044887354602
                    ],
                    [
                        0.973502745617607,
                        1.9477075957250192,
                        -0.7714518137327409,
                        -2.3215557379849106,
                        0.0,
                        -0.5082121311753394
                    ],
                    [
                        -0.7924495510727281,
                        -0.7714518137327409,
                        1.6279762909953681,
                        1.959639322660199,
                        0.0,
                        0.4136942366239672
                    ],
                    [
                        -1.794232651657599,
                        -2.3215557379849106,
                        1.959639322660199,
                        4.838970288891305,
                        0.0,
                        0.9366699825225401
                    ],
                    [
                        0.0,
                        0.0,
                        0.0,
                        0.0,
                        0.0001,
                        -9.300412781558642e-05
                    ],
                    [
                        -0.522044887354602,
                        -0.5082121311753394,
                        0.4136942366239672,
                        0.9366699825225401,
                        -9.300412781558642e-05,
                        1.2726173620909864
                    ]
                ],
                "mui": [
                    0.0,
                    0.0,
                    0.0,
                    0.0,
                    1.0,
                    -0.9300412781558642
                ],
                "Ai": [
                    [
                        0.0,
                        0.0,
                        0.0,
                        0.0,
                        0.0,
                        0.0
                    ],
                    [
                        0.973502745617607,
                        0.0,
                        0.0,
                        0.0,
                        0.0,
                        0.0
                    ],
                    [
                        -0.7924495510727281,
                        0.0,
                        0.0,
                        0.0,
                        0.0,
                        0.0
                    ],
                    [
                        -0.8084199433629119,
                        -0.5748653253194785,
                        0.537800463334104,
                        0.0,
                        0.0,
                        0.0
                    ],
                    [
                        0.0,
                        0.0,
                        0.0,
                        0.0,
                        0.0,
                        0.0
                    ],
                    [
                        -0.522044887354602,
                        -0.0,
                        0.0,
                        -0.0,
                        -0.9300412781558642,
                        0.0
                    ]
                ]
            },
            "est_params": {
                "mui": [
                    -0.001452112883140875,
                    -0.02403015689321008,
                    -0.037328212043070755,
                    0.018328462472360092,
                    1.0003494105328847,
                    -0.9190068644558119
                ],
                "Si": [
                    [
                        1.0260061402356706,
                        0.9985985543132595,
                        -0.8230037112193057,
                        -1.8721583693535002,
                        -0.00012896388639327056,
                        -0.5598371242017857
                    ],
                    [
                        0.9985985543132595,
                        2.007370531100896,
                        -0.7580003449968747,
                        -2.391485205998616,
                        -0.000339550584433025,
                        -0.5418428860903398
                    ],
                    [
                        -0.8230037112193057,
                        -0.7580003449968747,
                        1.6589960794194913,
                        2.0104706580792118,
                        -7.071783786082614e-05,
                        0.4757098025217663
                    ],
                    [
                        -1.8721583693535002,
                        -2.391485205998615,
                        2.0104706580792113,
                        5.010408450219876,
                        0.0001769308916690826,
                        1.0421657475167303
                    ],
                    [
                        -0.00012896388639327056,
                        -0.000339550584433025,
                        -7.071783786082625e-05,
                        0.00017693089166908254,
                        0.0001058716167263499,
                        -0.000135867975447538
                    ],
                    [
                        -0.5598371242017857,
                        -0.5418428860903398,
                        0.4757098025217663,
                        1.0421657475167303,
                        -0.000135867975447538,
                        1.3012133335901037
                    ]
                ]
            },
            "est_tgt": [
                1,
                2,
                4,
                5
            ],
            "oracle_est_tgt": [
                4
            ]
        },
        "5": {
            "intv_type": "hard",
            "inode": 5,
            "new_mui": 1.0,
            "new_vari": 0.0001,
            "noise_type": "gaussian",
            "obs_noise_gamma_shape": null,
            "true_params": {
                "Si": [
                    [
                        1.0,
                        0.973502745617607,
                        -0.7924495510727281,
                        -1.794232651657599,
                        0.9589530703472052,
                        0.0
                    ],
                    [
                        0.973502745617607,
                        1.9477075957250192,
                        -0.7714518137327409,
                        -2.3215557379849106,
                        1.8126885247336784,
                        0.0
                    ],
                    [
                        -0.7924495510727281,
                        -0.7714518137327409,
                        1.6279762909953681,
                        1.959639322660199,
                        0.22497455327788307,
                        0.0
                    ],
                    [
                        -1.794232651657599,
                        -2.3215557379849106,
                        1.959639322660199,
                        4.838970288891305,
                        -1.6962971463004612,
                        0.0
                    ],
                    [
                        0.9589530703472052,
                        1.8126885247336784,
                        0.22497455327788307,
                        -1.6962971463004612,
                        3.6625081419681287,
                        0.0
                    ],
                    [
                        0.0,
                        0.0,
                        0.0,
                        0.0,
                        0.0,
                        0.0001
                    ]
                ],
                "mui": [
                    0.0,
                    0.0,
                    0.0,
                    0.0,
                    0.0,
                    1.0
                ],
                "Ai": [
                    [
                        0.0,
                        0.0,
                        0.0,
                        0.0,
                        0.0,
                        0.0
                    ],
                    [
                        0.973502745617607,
                        0.0,
                        0.0,
                        0.0,
                        0.0,
                        0.0
                    ],
                    [
                        -0.7924495510727281,
                        0.0,
                        0.0,
                        0.0,
                        0.0,
                        0.0
                    ],
                    [
                        -0.8084199433629119,
                        -0.5748653253194785,
                        0.537800463334104,
                        0.0,
                        0.0,
                        0.0
                    ],
                    [
                        0.8835836993844195,
                        0.8791450778322397,
                        0.9848964833743401,
                        -0.0,
                        0.0,
                        0.0
                    ],
                    [
                        0.0,
                        0.0,
                        0.0,
                        0.0,
                        0.0,
                        0.0
                    ]
                ]
            },
            "est_params": {
                "mui": [
                    -0.010314077483439089,
                    -0.01946964024442489,
                    0.027865581234880393,
                    0.05934028037296543,
                    0.005635937367733853,
                    1.0002099519907865
                ],
                "Si": [
                    [
                        0.9788555919307234,
                        0.9362891832398625,
                        -0.7859234838468662,
                        -1.7376379591012863,
                        0.8778672929022361,
                        -6.615120887406907e-05
                    ],
                    [
                        0.9362891832398625,
                        1.890799277600928,
                        -0.7465117347325627,
                        -2.194023222463342,
                        1.7058440032027027,
                        0.000263587730286104
                    ],
                    [
                        -0.7859234838468662,
                        -0.7465117347325627,
                        1.6560632138961695,
                        1.9196986145572434,
                        0.3099976251681555,
                        0.0003825327248974313
                    ],
                    [
                        -1.7376379591012863,
                        -2.194023222463342,
                        1.9196986145572434,
                        4.650660160664751,
                        -1.5224804999543209,
                        0.00042357826304724786
                    ],
                    [
                        0.8778672929022361,
                        1.7058440032027027,
                        0.3099976251681555,
                        -1.5224804999543209,
                        3.534590096809183,
                        0.0002766445591813453
                    ],
                    [
                        -6.615120887406907e-05,
                        0.00026358773028610407,
                        0.00038253272489743135,
                        0.00042357826304724786,
                        0.0002766445591813455,
                        0.00010271085179588595
                    ]
                ]
            },
            "est_tgt": [
                4,
                5
            ],
            "oracle_est_tgt": [
                5
            ]
        },
        "obs": {
            "intv_type": "obs",
            "noise_type": "gaussian",
            "obs_noise_gamma_shape": null,
            "true_params": {
                "Si": [
                    [
                        1.0,
                        0.973502745617607,
                        -0.7924495510727281,
                        -1.794232651657599,
                        0.9589530703472052,
                        -1.413910826591807
                    ],
                    [
                        0.973502745617607,
                        1.9477075957250192,
                        -0.7714518137327409,
                        -2.3215557379849106,
                        1.8126885247336784,
                        -2.194087283617117
                    ],
                    [
                        -0.7924495510727281,
                        -0.7714518137327409,
                        1.6279762909953681,
                        1.959639322660199,
                        0.22497455327788307,
                        0.2044586155408602
                    ],
                    [
                        -1.794232651657599,
                        -2.3215557379849106,
                        1.959639322660199,
                        4.838970288891305,
                        -1.6962971463004612,
                        2.5142963485999656
                    ],
                    [
                        0.9589530703472052,
                        1.8126885247336784,
                        0.22497455327788307,
                        -1.6962971463004612,
                        3.6625081419681287,
                        -3.906900301200054
                    ],
                    [
                        -1.413910826591807,
                        -2.194087283617117,
                        0.2044586155408602,
                        2.5142963485999656,
