{
    "expt_args": {
        "save_dir": "all_expt_logs/expt_logs_sim_compsel_backward_cameraready_new_var_largerange",
        "exp_name": "223",
        "num_nodes": 6,
        "num_tgt_prior": 7,
        "obs_noise_mean": 0.0,
        "obs_noise_var": 1.0,
        "obs_noise_gamma_shape": null,
        "noise_type": "gaussian",
        "max_edge_strength": 1.0,
        "graph_sparsity_method": "adj_dense_prop",
        "adj_dense_prop": 0.8,
        "num_parents": null,
        "new_noise_mean": 1.0,
        "mix_samples": 8192,
        "stage2_samples": 8192,
        "gmm_tol": 0.001,
        "intv_type": "hard",
        "new_noise_var": 0.0001,
        "dtype": "simulation",
        "cutoff_drop_ratio": 0.07,
        "intv_targets": [
            0,
            1,
            2,
            3,
            4,
            5
        ]
    },
    "intv_args_dict": {
        "0": {
            "intv_type": "hard",
            "inode": 0,
            "new_mui": 1.0,
            "new_vari": 0.0001,
            "noise_type": "gaussian",
            "obs_noise_gamma_shape": null,
            "true_params": {
                "Si": [
                    [
                        0.0001,
                        9.956980584582695e-05,
                        0.0,
                        7.279314169348963e-05,
                        -6.70016127509534e-05,
                        -8.385139667021601e-05
                    ],
                    [
                        9.956980584582695e-05,
                        1.0000991414623617,
                        0.0,
                        7.247998985328532e-05,
                        -6.671337572969713e-05,
                        -8.349067286354829e-05
                    ],
                    [
                        0.0,
                        0.0,
                        1.0,
                        0.0,
                        -0.5344796172146897,
                        0.2612707965332002
                    ],
                    [
                        7.279314169348963e-05,
                        7.247998985328534e-05,
                        0.0,
                        1.0000529884147762,
                        -0.9204873083008207,
                        -0.022139744975780865
                    ],
                    [
                        -6.70016127509534e-05,
                        -6.671337572969713e-05,
                        -0.5344796172146897,
                        -0.9204873083008207,
                        2.1329204514209748,
                        0.4668163433258237
                    ],
                    [
                        -8.385139667021601e-05,
                        -8.349067286354829e-05,
                        0.2612707965332002,
                        -0.022139744975780865,
                        0.4668163433258237,
                        1.4123123011903613
                    ]
                ],
                "mui": [
                    1.0,
                    0.9956980584582695,
                    0.0,
                    0.7279314169348963,
                    -0.670016127509534,
                    -0.83851396670216
                ],
                "Ai": [
                    [
                        0.0,
                        0.0,
                        0.0,
                        0.0,
                        0.0,
                        0.0
                    ],
                    [
                        0.9956980584582695,
                        0.0,
                        0.0,
                        0.0,
                        0.0,
                        0.0
                    ],
                    [
                        0.0,
                        0.0,
                        0.0,
                        0.0,
                        0.0,
                        0.0
                    ],
                    [
                        0.7279314169348963,
                        -0.0,
                        -0.0,
                        0.0,
                        0.0,
                        0.0
                    ],
                    [
                        0.0,
                        0.0,
                        -0.5344796172146897,
                        -0.920438535721914,
                        0.0,
                        0.0
                    ],
                    [
                        -0.8224421822972259,
                        0.0,
                        0.5745196711045755,
                        0.5173737364397922,
                        0.5860819841995013,
                        0.0
                    ]
                ]
            },
            "est_params": {
                "mui": [
                    1.0004777419265494,
                    1.048248427415184,
                    0.0008823601814669681,
                    0.71216137194094,
                    -0.6758061253508681,
                    -0.7825874514122843
                ],
                "Si": [
                    [
                        9.63485237731961e-05,
                        0.00019700100271508587,
                        0.00012212496257741902,
                        0.00029431226179295686,
                        -0.000471986798592373,
                        -0.0003300372341931907
                    ],
                    [
                        0.00019700100271508587,
                        0.913008814808246,
                        -0.025231328394536488,
                        -0.0009619301096309472,
                        0.011427529607865916,
                        0.019019402597887477
                    ],
                    [
                        0.00012212496257741904,
                        -0.025231328394536474,
                        0.9221370125471505,
                        -0.017280569738588495,
                        -0.4833789931593803,
                        0.22803305850925704
                    ],
                    [
                        0.00029431226179295686,
                        -0.0009619301096309396,
                        -0.0172805697385885,
                        1.0329544081101714,
                        -0.8894010653114288,
                        0.017592232026043098
                    ],
                    [
                        -0.000471986798592373,
                        0.011427529607865925,
                        -0.4833789931593803,
                        -0.8894010653114288,
                        2.04633072724519,
                        0.5220953232099568
                    ],
                    [
                        -0.0003300372341931907,
                        0.019019402597887473,
                        0.22803305850925704,
                        0.01759223202604309,
                        0.5220953232099568,
                        1.4802471533641486
                    ]
                ]
            },
            "est_tgt": [
                0
            ],
            "oracle_est_tgt": [
                0
            ]
        },
        "1": {
            "intv_type": "hard",
            "inode": 1,
            "new_mui": 1.0,
            "new_vari": 0.0001,
            "noise_type": "gaussian",
            "obs_noise_gamma_shape": null,
            "true_params": {
                "Si": [
                    [
                        1.0,
                        0.0,
                        0.0,
                        0.7279314169348963,
                        -0.670016127509534,
                        -0.83851396670216
                    ],
                    [
                        0.0,
                        0.0001,
                        0.0,
                        0.0,
                        0.0,
                        0.0
                    ],
                    [
                        0.0,
                        0.0,
                        1.0,
                        0.0,
                        -0.5344796172146897,
                        0.2612707965332002
                    ],
                    [
                        0.7279314169348963,
                        0.0,
                        0.0,
                        1.5298841477608458,
                        -1.4081643247891613,
                        -0.6324593668109946
                    ],
                    [
                        -0.670016127509534,
                        0.0,
                        -0.5344796172146897,
                        -1.4081643247891613,
                        2.5817971703827345,
                        1.02857804237018
                    ],
                    [
                        -0.83851396670216,
                        0.0,
                        0.2612707965332002,
                        -0.6324593668109946,
                        1.02857804237018,
                        2.115347662977717
                    ]
                ],
                "mui": [
                    0.0,
                    1.0,
                    0.0,
                    0.0,
                    0.0,
                    0.0
                ],
                "Ai": [
                    [
                        0.0,
                        0.0,
                        0.0,
                        0.0,
                        0.0,
                        0.0
                    ],
                    [
                        0.0,
                        0.0,
                        0.0,
                        0.0,
                        0.0,
                        0.0
                    ],
                    [
                        0.0,
                        0.0,
                        0.0,
                        0.0,
                        0.0,
                        0.0
                    ],
                    [
                        0.7279314169348963,
                        -0.0,
                        -0.0,
                        0.0,
                        0.0,
                        0.0
                    ],
                    [
                        0.0,
                        0.0,
                        -0.5344796172146897,
                        -0.920438535721914,
                        0.0,
                        0.0
                    ],
                    [
                        -0.8224421822972259,
                        0.0,
                        0.5745196711045755,
                        0.5173737364397922,
                        0.5860819841995013,
                        0.0
                    ]
                ]
            },
            "est_params": {
                "mui": [
                    -0.054240873146978764,
                    0.9998556633454654,
                    -0.014437078074109357,
                    -0.05410433252855825,
                    0.12219659956792422,
                    0.06998586658681832
                ],
                "Si": [
                    [
                        0.9802342239902871,
                        3.3396579643978496e-05,
                        0.02429941035185264,
                        0.6967384328525539,
                        -0.6394671761137718,
                        -0.8330798201693065
                    ],
                    [
                        3.33965796439784e-05,
                        9.836758904837243e-05,
                        0.00017730840188466416,
                        0.00012297312342060858,
                        0.000302126769813637,
                        0.0004574897481293774
                    ],
                    [
                        0.024299410351852634,
                        0.00017730840188466418,
                        0.9448265264477608,
                        -0.01849083493286475,
                        -0.4973975008925456,
                        0.19002345359911507
                    ],
                    [
                        0.6967384328525539,
                        0.00012297312342060847,
                        -0.018490834932864752,
                        1.4902285195020435,
                        -1.3228162761266056,
                        -0.6034260111064201
                    ],
                    [
                        -0.6394671761137719,
                        0.00030212676981363704,
                        -0.4973975008925456,
                        -1.3228162761266056,
                        2.509328715112139,
                        1.0226435759459838
                    ],
                    [
                        -0.8330798201693065,
                        0.00045748974812937767,
                        0.19002345359911507,
                        -0.6034260111064201,
                        1.0226435759459838,
                        2.053632131383986
                    ]
                ]
            },
            "est_tgt": [
                1
            ],
            "oracle_est_tgt": [
                1
            ]
        },
        "2": {
            "intv_type": "hard",
            "inode": 2,
            "new_mui": 1.0,
            "new_vari": 0.0001,
            "noise_type": "gaussian",
            "obs_noise_gamma_shape": null,
            "true_params": {
                "Si": [
                    [
                        1.0,
                        0.9956980584582695,
                        0.0,
                        0.7279314169348963,
                        -0.670016127509534,
                        -0.83851396670216
                    ],
                    [
                        0.9956980584582695,
                        1.9914146236175676,
                        0.0,
                        0.7247998985328533,
                        -0.6671337572969713,
                        -0.8349067286354829
                    ],
                    [
                        0.0,
                        0.0,
                        0.0001,
                        0.0,
                        -5.3447961721468973e-05,
                        2.6127079653320017e-05
                    ],
                    [
                        0.7279314169348963,
                        0.7247998985328533,
                        0.0,
                        1.5298841477608458,
                        -1.4081643247891613,
                        -0.6324593668109946
                    ],
                    [
                        -0.670016127509534,
                        -0.6671337572969713,
                        -5.3447961721468973e-05,
                        -1.4081643247891613,
                        2.296157276010895,
                        1.1682079932990899
                    ],
                    [
                        -0.83851396670216,
                        -0.8349067286354829,
                        2.6127079653320017e-05,
                        -0.6324593668109946,
                        1.1682079932990899,
                        2.047092060099536
                    ]
                ],
                "mui": [
                    0.0,
                    0.0,
                    1.0,
                    0.0,
                    -0.5344796172146897,
                    0.2612707965332002
                ],
                "Ai": [
                    [
                        0.0,
                        0.0,
                        0.0,
                        0.0,
                        0.0,
                        0.0
                    ],
                    [
                        0.9956980584582695,
                        0.0,
                        0.0,
                        0.0,
                        0.0,
                        0.0
                    ],
                    [
                        0.0,
                        0.0,
                        0.0,
                        0.0,
                        0.0,
                        0.0
                    ],
                    [
                        0.7279314169348963,
                        -0.0,
                        -0.0,
                        0.0,
                        0.0,
                        0.0
                    ],
                    [
                        0.0,
                        0.0,
                        -0.5344796172146897,
                        -0.920438535721914,
                        0.0,
                        0.0
                    ],
                    [
                        -0.8224421822972259,
                        0.0,
                        0.5745196711045755,
                        0.5173737364397922,
                        0.5860819841995013,
                        0.0
                    ]
                ]
            },
            "oracle_est_tgt": [
                2
            ]
        },
        "3": {
            "intv_type": "hard",
            "inode": 3,
            "new_mui": 1.0,
            "new_vari": 0.0001,
            "noise_type": "gaussian",
            "obs_noise_gamma_shape": null,
            "true_params": {
                "Si": [
                    [
                        1.0,
                        0.9956980584582695,
                        0.0,
                        0.0,
                        0.0,
                        -0.8224421822972259
                    ],
                    [
                        0.9956980584582695,
                        1.9914146236175676,
                        0.0,
                        0.0,
                        0.0,
                        -0.81890408410753
                    ],
                    [
                        0.0,
                        0.0,
                        1.0,
                        0.0,
                        -0.5344796172146897,
                        0.2612707965332002
                    ],
                    [
                        0.0,
                        0.0,
                        0.0,
                        0.0001,
                        -9.20438535721914e-05,
                        -2.2078706909790746e-06
                    ],
                    [
                        0.0,
                        0.0,
                        -0.5344796172146897,
                        -9.20438535721914e-05,
                        1.2857531819277654,
                        0.44644010108832527
                    ],
                    [
                        -0.8224421822972259,
                        -0.81890408410753,
                        0.2612707965332002,
                        -2.2078706909790746e-06,
                        0.44644010108832527,
                        2.0881657132930704
                    ]
                ],
                "mui": [
                    0.0,
                    0.0,
                    0.0,
                    1.0,
                    -0.920438535721914,
                    -0.022078706909790746
                ],
                "Ai": [
                    [
                        0.0,
                        0.0,
                        0.0,
                        0.0,
                        0.0,
                        0.0
                    ],
                    [
                        0.9956980584582695,
                        0.0,
                        0.0,
                        0.0,
                        0.0,
                        0.0
                    ],
                    [
                        0.0,
                        0.0,
                        0.0,
                        0.0,
                        0.0,
                        0.0
                    ],
                    [
                        0.0,
                        0.0,
                        0.0,
                        0.0,
                        0.0,
                        0.0
                    ],
                    [
                        0.0,
                        0.0,
                        -0.5344796172146897,
                        -0.920438535721914,
                        0.0,
                        0.0
                    ],
                    [
                        -0.8224421822972259,
                        0.0,
                        0.5745196711045755,
                        0.5173737364397922,
                        0.5860819841995013,
                        0.0
                    ]
                ]
            },
            "est_params": {
                "mui": [
                    0.03211591237664061,
                    0.07188010089761247,
                    0.014338780587535965,
                    1.0001516283967962,
                    -0.976675550135738,
                    -0.09282331316240891
                ],
                "Si": [
                    [
                        1.046232962536966,
                        1.0554200598596728,
                        -0.011128677327885556,
                        -2.4541239560650472e-05,
                        -0.017388999474843653,
                        -0.8458160355533535
                    ],
                    [
                        1.0554200598596726,
                        2.0460837516783443,
                        -0.027236130903073606,
                        -0.00015087814634597322,
                        0.008077053391048463,
                        -0.8155182609116335
                    ],
                    [
                        -0.01112867732788555,
                        -0.027236130903073606,
                        1.0793171582097443,
                        0.00029876935913592857,
                        -0.5800045684149915,
                        0.2757931554280694
                    ],
                    [
                        -2.4541239560650486e-05,
                        -0.00015087814634597306,
                        0.00029876935913592857,
                        0.00011025784121027352,
                        -0.0006271976826221288,
                        -0.000312461040805129
                    ],
                    [
                        -0.017388999474843646,
                        0.008077053391048463,
                        -0.5800045684149915,
                        -0.0006271976826221289,
                        1.2410798577227327,
                        0.4573796053024864
                    ],
                    [
                        -0.8458160355533535,
                        -0.8155182609116335,
                        0.2757931554280694,
                        -0.000312461040805129,
                        0.4573796053024864,
                        2.121970563799593
                    ]
                ]
            },
            "est_tgt": [
                3
            ],
            "oracle_est_tgt": [
                3
            ]
        },
        "4": {
            "intv_type": "hard",
            "inode": 4,
            "new_mui": 1.0,
            "new_vari": 0.0001,
            "noise_type": "gaussian",
            "obs_noise_gamma_shape": null,
            "true_params": {
                "Si": [
                    [
                        1.0,
                        0.9956980584582695,
                        0.0,
                        0.7279314169348963,
                        0.0,
                        -0.4458295852457063
                    ],
                    [
                        0.9956980584582695,
                        1.9914146236175676,
                        0.0,
                        0.7247998985328533,
                        0.0,
                        -0.4439116524324053
                    ],
                    [
                        0.0,
                        0.0,
                        1.0,
                        0.0,
                        0.0,
                        0.5745196711045755
                    ],
                    [
                        0.7279314169348963,
                        0.7247998985328533,
                        0.0,
                        1.5298841477608458,
                        0.0,
                        0.19284037474038812
                    ],
                    [
                        0.0,
                        0.0,
                        0.0,
                        0.0,
                        0.0001,
                        5.860819841995013e-05
                    ],
                    [
                        -0.4458295852457063,
                        -0.4439116524324053,
                        0.5745196711045755,
                        0.19284037474038812,
                        5.860819841995013e-05,
                        1.79654680393336
                    ]
                ],
                "mui": [
                    0.0,
                    0.0,
                    0.0,
                    0.0,
                    1.0,
                    0.5860819841995013
                ],
                "Ai": [
                    [
                        0.0,
                        0.0,
                        0.0,
                        0.0,
                        0.0,
                        0.0
                    ],
                    [
                        0.9956980584582695,
                        0.0,
                        0.0,
                        0.0,
                        0.0,
                        0.0
                    ],
                    [
                        0.0,
                        0.0,
                        0.0,
                        0.0,
                        0.0,
                        0.0
                    ],
                    [
                        0.7279314169348963,
                        -0.0,
                        -0.0,
                        0.0,
                        0.0,
                        0.0
                    ],
                    [
                        0.0,
                        0.0,
                        0.0,
                        0.0,
                        0.0,
                        0.0
                    ],
                    [
                        -0.8224421822972259,
                        0.0,
                        0.5745196711045755,
                        0.5173737364397922,
                        0.5860819841995013,
                        0.0
                    ]
                ]
            },
            "est_params": {
                "mui": [
                    0.049850633161955274,
                    0.07397901714064456,
                    0.0038750622633550095,
                    0.01971673504529493,
                    0.9998314668032121,
                    0.5412109664711084
                ],
                "Si": [
                    [
                        0.9965039485835773,
                        1.001897178292205,
                        0.025454216098774598,
                        0.7410087264998136,
                        -0.00021477267461545484,
                        -0.41352502840709404
                    ],
                    [
                        1.001897178292205,
                        2.0116952094576135,
                        -0.015702549389640753,
                        0.7452868692933147,
                        -0.0006316155280291608,
                        -0.4629285163197707
                    ],
                    [
                        0.025454216098774605,
                        -0.015702549389640753,
                        0.9256587862380529,
                        0.017918029769818666,
                        -0.0001386115339651783,
                        0.5234566051429236
                    ],
                    [
                        0.7410087264998136,
                        0.7452868692933147,
                        0.01791802976981866,
                        1.535020288530508,
                        -0.000533974377503563,
                        0.16286819593463348
                    ],
                    [
                        -0.00021477267461545493,
                        -0.0006316155280291608,
                        -0.00013861153396517816,
                        -0.0005339743775035629,
                        9.932349220162556e-05,
                        0.0007236922884866706
                    ],
                    [
                        -0.41352502840709404,
                        -0.4629285163197707,
                        0.5234566051429236,
                        0.16286819593463348,
                        0.0007236922884866706,
                        1.7038292254536345
                    ]
                ]
            },
            "est_tgt": [
                4
            ],
            "oracle_est_tgt": [
                4
            ]
        },
        "5": {
            "intv_type": "hard",
            "inode": 5,
            "new_mui": 1.0,
            "new_vari": 0.0001,
            "noise_type": "gaussian",
            "obs_noise_gamma_shape": null,
            "true_params": {
                "Si": [
                    [
                        1.0,
                        0.9956980584582695,
                        0.0,
                        0.7279314169348963,
                        -0.670016127509534,
                        0.0
                    ],
                    [
                        0.9956980584582695,
                        1.9914146236175676,
                        0.0,
                        0.7247998985328533,
                        -0.6671337572969713,
                        0.0
                    ],
                    [
                        0.0,
                        0.0,
                        1.0,
                        0.0,
                        -0.5344796172146897,
                        0.0
                    ],
                    [
                        0.7279314169348963,
                        0.7247998985328533,
                        0.0,
                        1.5298841477608458,
                        -1.4081643247891613,
                        0.0
                    ],
                    [
                        -0.670016127509534,
                        -0.6671337572969713,
                        -0.5344796172146897,
                        -1.4081643247891613,
                        2.5817971703827345,
                        0.0
                    ],
                    [
                        0.0,
                        0.0,
                        0.0,
                        0.0,
                        0.0,
                        0.0001
                    ]
                ],
                "mui": [
                    0.0,
                    0.0,
                    0.0,
                    0.0,
                    0.0,
                    1.0
                ],
                "Ai": [
                    [
                        0.0,
                        0.0,
                        0.0,
                        0.0,
                        0.0,
                        0.0
                    ],
                    [
                        0.9956980584582695,
                        0.0,
                        0.0,
                        0.0,
                        0.0,
                        0.0
                    ],
                    [
                        0.0,
                        0.0,
                        0.0,
                        0.0,
                        0.0,
                        0.0
                    ],
                    [
                        0.7279314169348963,
                        -0.0,
                        -0.0,
                        0.0,
                        0.0,
                        0.0
                    ],
                    [
                        0.0,
                        0.0,
                        -0.5344796172146897,
                        -0.920438535721914,
                        0.0,
                        0.0
                    ],
                    [
                        0.0,
                        0.0,
                        0.0,
                        0.0,
                        0.0,
                        0.0
                    ]
                ]
            },
            "oracle_est_tgt": [
                5
            ]
        },
        "obs": {
            "intv_type": "obs",
            "noise_type": "gaussian",
            "obs_noise_gamma_shape": null,
            "true_params": {
                "Si": [
                    [
                        1.0,
                        0.9956980584582695,
                        0.0,
                        0.7279314169348963,
                        -0.670016127509534,
                        -0.83851396670216
                    ],
                    [
                        0.9956980584582695,
                        1.9914146236175676,
                        0.0,
                        0.7247998985328533,
                        -0.6671337572969713,
                        -0.8349067286354829
                    ],
                    [
                        0.0,
                        0.0,
                        1.0,
                        0.0,
                        -0.5344796172146897,
                        0.2612707965332002
                    ],
                    [
                        0.7279314169348963,
                        0.7247998985328533,
                        0.0,
                        1.5298841477608458,
                        -1.4081643247891613,
                        -0.6324593668109946
                    ],
                    [
                        -0.670016127509534,
                        -0.6671337572969713,
                        -0.5344796172146897,
                        -1.4081643247891613,
                        2.5817971703827345,
                        1.02857804237018
                    ],
                    [
                        -0.83851396670216,
                        -0.8349067286354829,
                        0.2612707965332002,
                        -0.6324593668109946,
                        1.02857804237018,
                        2.115347662977717
                    ]
                ],
                "mui": [
                    0.0,
                    0.0,
                    0.0,
                    0.0,
                    0.0,
                    0.0
                ],
                "Ai": [
                    [
                        0.0,
                        0.0,
                        0.0,
                        0.0,
                        0.0,
                        0.0
                    ],
                    [
                        0.9956980584582695,
                        0.0,
                        0.0,
                        0.0,
                        0.0,
                        0.0
                    ],
                    [
                        0.0,
                        0.0,
                        0.0,
                        0.0,
                        0.0,
                        0.0
                    ],
                    [
                        0.7279314169348963,
                        -0.0,
                        -0.0,
                        0.0,
                        0.0,
                        0.0
                    ],
                    [
                        0.0,
                        0.0,
                        -0.5344796172146897,
                        -0.920438535721914,
                        0.0,
                        0.0
                    ],
                    [
                        -0.8224421822972259,
                        0.0,
                        0.5745196711045755,
                        0.5173737364397922,
                        0.5860819841995013,
                        0.0
                    ]
                ]
            },
            "est_params": {
                "mui": [
                    -0.03541159376806703,
                    -0.020591021557675795,
                    0.3369206985638461,
                    -0.01550327549409429,
                    -0.1500730119530655,
                    0.46750188502256856
                ],
                "Si": [
                    [
                        0.9818023674816875,
                        0.9707783360931755,
                        -0.027249263908499403,
                        0.7107350880324279,
                        -0.6587815700494822,
                        -0.563345116076211
                    ],
                    [
                        0.9707783360931755,
                        1.9803130573573602,
                        -0.024137684044883718,
                        0.6984190813617984,
                        -0.6506200741944057,
                        -0.5442356342164272
                    ],
                    [
                        -0.027249263908499403,
                        -0.024137684044883714,
                        0.8805920242133846,
                        -0.02544250927849773,
                        -0.4551043076859474,
                        0.05630057487835383
                    ],
                    [
                        0.7107350880324279,
                        0.6984190813617984,
                        -0.02544250927849773,
                        1.5379606622138555,
                        -1.4456972472276466,
                        -0.4040507112836269
                    ],
                    [
                        -0.6587815700494822,
                        -0.6506200741944057,
                        -0.4551043076859474,
                        -1.4456972472276466,
                        2.5869295885863304,
                        0.736373242087757
                    ],
                    [
                        -0.563345116076211,
                        -0.5442356342164272,
                        0.05630057487835383,
                        -0.4040507112836269,
                        0.736373242087757,
                        1.523557553431014
                    ]
                ]
            },
            "est_tgt": [
                0,
                1,
                2,
                3,
                4,
                5
            ],
            "oracle_est_tgt": [
                0,
                1,
                2,
                3,
                4,
                5
            ]
        }
    },
    "metric_dict": {
        "param_est_rel_err": 9.045547234277297,
        "est_num_comp": 5,
        "weight_precision_error": 0.452189759581349,
        "gm_score_dict": {
            "1": -8.670665775420211,
            "2": -8.624548248337572,
            "3": -8.245337493217148,
            "4": -7.907539079545535,
            "5": -7.222070616339896,
            "6": -6.805940605511939,
            "7": -6.393015958257653
        },
        "est_dag": {
            "amat": [
                [
                    0,
                    1,
                    0,
                    1,
                    0,
                    1
                ],
                [
                    0,
                    0,
                    0,
                    0,
                    0,
                    0
                ],
                [
                    0,
                    0,
                    0,
                    0,
                    1,
                    1
                ],
                [
                    0,
                    0,
                    0,
                    0,
                    1,
                    1
                ],
                [
                    0,
                    0,
                    0,
                    0,
                    0,
                    1
                ],
