{
    "expt_args": {
        "save_dir": "all_expt_logs/expt_logs_sim_compsel_backward_cameraready_new_var_largerange",
        "exp_name": "524",
        "num_nodes": 6,
        "num_tgt_prior": 7,
        "obs_noise_mean": 0.0,
        "obs_noise_var": 1.0,
        "obs_noise_gamma_shape": null,
        "noise_type": "gaussian",
        "max_edge_strength": 1.0,
        "graph_sparsity_method": "adj_dense_prop",
        "adj_dense_prop": 0.8,
        "num_parents": null,
        "new_noise_mean": 1.0,
        "mix_samples": 131072,
        "stage2_samples": 131072,
        "gmm_tol": 0.001,
        "intv_type": "hard",
        "new_noise_var": 1.0,
        "dtype": "simulation",
        "cutoff_drop_ratio": 0.07,
        "intv_targets": [
            0,
            1,
            2,
            3,
            4,
            5
        ]
    },
    "intv_args_dict": {
        "0": {
            "intv_type": "hard",
            "inode": 0,
            "new_mui": 1.0,
            "new_vari": 1.0,
            "noise_type": "gaussian",
            "obs_noise_gamma_shape": null,
            "true_params": {
                "Si": [
                    [
                        1.0,
                        0.9585718277211366,
                        -0.6740204380092232,
                        1.138189515899271,
                        0.3861754769599705,
                        -0.6934644113624577
                    ],
                    [
                        0.9585718277211366,
                        1.9188599489006404,
                        -0.6460970031839021,
                        1.7000342651908884,
                        0.02017525648347207,
                        -1.3909980487744198
                    ],
                    [
                        -0.6740204380092232,
                        -0.6460970031839021,
                        1.454303550854145,
                        -0.15220308439342867,
                        -0.39820570117229953,
                        -0.1552420085354661
                    ],
                    [
                        1.138189515899271,
                        1.7000342651908884,
                        -0.15220308439342867,
                        3.0445294613070963,
                        0.7904669075411397,
                        -2.0448374795371707
                    ],
                    [
                        0.3861754769599705,
                        0.02017525648347207,
                        -0.39820570117229953,
                        0.7904669075411397,
                        1.711710077472993,
                        -0.8701830370580299
                    ],
                    [
                        -0.6934644113624577,
                        -1.3909980487744198,
                        -0.1552420085354661,
                        -2.0448374795371707,
                        -0.8701830370580299,
                        3.0210816955752264
                    ]
                ],
                "mui": [
                    1.0,
                    0.9585718277211366,
                    -0.6740204380092232,
                    1.138189515899271,
                    0.3861754769599705,
                    -0.6934644113624577
                ],
                "Ai": [
                    [
                        0.0,
                        0.0,
                        0.0,
                        0.0,
                        0.0,
                        0.0
                    ],
                    [
                        0.9585718277211366,
                        0.0,
                        0.0,
                        0.0,
                        0.0,
                        0.0
                    ],
                    [
                        -0.6740204380092232,
                        0.0,
                        0.0,
                        0.0,
                        0.0,
                        0.0
                    ],
                    [
                        0.9689168725539161,
                        0.6089978606422886,
                        0.6149599116505037,
                        0.0,
                        0.0,
                        0.0
                    ],
                    [
                        -0.0,
                        -0.7451735836781441,
                        -0.5369561527191131,
                        0.6488888269233684,
                        0.0,
                        0.0
                    ],
                    [
                        -0.0,
                        -0.9583851109230916,
                        -0.7141173301379407,
                        0.0,
                        -0.6632039962503499,
                        0.0
                    ]
                ]
            },
            "oracle_est_tgt": [
                0
            ]
        },
        "1": {
            "intv_type": "hard",
            "inode": 1,
            "new_mui": 1.0,
            "new_vari": 1.0,
            "noise_type": "gaussian",
            "obs_noise_gamma_shape": null,
            "true_params": {
                "Si": [
                    [
                        1.0,
                        0.0,
                        -0.6740204380092232,
                        0.5544213235451305,
                        0.721677223503985,
                        0.0027104570188520305
                    ],
                    [
                        0.0,
                        1.0,
                        0.0,
                        0.6089978606422886,
                        -0.3500016762871285,
                        -0.7262626005151467
                    ],
                    [
                        -0.6740204380092232,
                        0.0,
                        1.454303550854145,
                        0.24126860831296154,
                        -0.6243407353307555,
                        -0.6244780982528498
                    ],
                    [
                        0.5544213235451305,
                        0.6089978606422886,
                        0.24126860831296154,
                        2.0564370912056136,
                        0.7510392697953551,
                        -1.254040821707358
                    ],
                    [
                        0.721677223503985,
                        -0.3500016762871285,
                        -0.6243407353307555,
                        0.7510392697953551,
                        2.0833965933921528,
                        -0.6004280121495756
                    ],
                    [
                        0.0027104570188520305,
                        -0.7262626005151467,
                        -0.6244780982528498,
                        -1.254040821707358,
                        -0.6004280121495756,
                        2.5401961523261978
                    ]
                ],
                "mui": [
                    0.0,
                    1.0,
                    0.0,
                    0.6089978606422886,
                    -0.3500016762871285,
                    -0.7262626005151467
                ],
                "Ai": [
                    [
                        0.0,
                        0.0,
                        0.0,
                        0.0,
                        0.0,
                        0.0
                    ],
                    [
                        0.0,
                        0.0,
                        0.0,
                        0.0,
                        0.0,
                        0.0
                    ],
                    [
                        -0.6740204380092232,
                        0.0,
                        0.0,
                        0.0,
                        0.0,
                        0.0
                    ],
                    [
                        0.9689168725539161,
                        0.6089978606422886,
                        0.6149599116505037,
                        0.0,
                        0.0,
                        0.0
                    ],
                    [
                        -0.0,
                        -0.7451735836781441,
                        -0.5369561527191131,
                        0.6488888269233684,
                        0.0,
                        0.0
                    ],
                    [
                        -0.0,
                        -0.9583851109230916,
                        -0.7141173301379407,
                        0.0,
                        -0.6632039962503499,
                        0.0
                    ]
                ]
            },
            "oracle_est_tgt": [
                1
            ]
        },
        "2": {
            "intv_type": "hard",
            "inode": 2,
            "new_mui": 1.0,
            "new_vari": 1.0,
            "noise_type": "gaussian",
            "obs_noise_gamma_shape": null,
            "true_params": {
                "Si": [
                    [
                        1.0,
                        0.9585718277211366,
                        0.0,
                        1.5526850649080566,
                        0.293217586273755,
                        -1.1131440424259083
                    ],
                    [
                        0.9585718277211366,
                        1.9188599489006404,
                        0.0,
                        2.097358021186516,
                        -0.06893155869271517,
                        -1.793291119780244
                    ],
                    [
                        0.0,
                        0.0,
                        1.0,
                        0.6149599116505037,
                        -0.13791553704331955,
                        -0.622651194825798
                    ],
                    [
                        1.5526850649080566,
                        2.097358021186516,
                        0.6149599116505037,
                        4.159884997992616,
                        0.8062005953435496,
                        -2.98390568664125
                    ],
                    [
                        0.293217586273755,
                        -0.06893155869271517,
                        -0.13791553704331955,
                        0.8062005953435496,
                        1.6485551313679392,
                        -0.9287774965405028
                    ],
                    [
                        -1.1131440424259083,
                        -1.793291119780244,
                        -0.622651194825798,
                        -2.98390568664125,
                        -0.9287774965405028,
                        3.779278464937239
                    ]
                ],
                "mui": [
                    0.0,
                    0.0,
                    1.0,
                    0.6149599116505037,
                    -0.13791553704331955,
                    -0.622651194825798
                ],
                "Ai": [
                    [
                        0.0,
                        0.0,
                        0.0,
                        0.0,
                        0.0,
                        0.0
                    ],
                    [
                        0.9585718277211366,
                        0.0,
                        0.0,
                        0.0,
                        0.0,
                        0.0
                    ],
                    [
                        0.0,
                        0.0,
                        0.0,
                        0.0,
                        0.0,
                        0.0
                    ],
                    [
                        0.9689168725539161,
                        0.6089978606422886,
                        0.6149599116505037,
                        0.0,
                        0.0,
                        0.0
                    ],
                    [
                        -0.0,
                        -0.7451735836781441,
                        -0.5369561527191131,
                        0.6488888269233684,
                        0.0,
                        0.0
                    ],
                    [
                        -0.0,
                        -0.9583851109230916,
                        -0.7141173301379407,
                        0.0,
                        -0.6632039962503499,
                        0.0
                    ]
                ]
            },
            "oracle_est_tgt": [
                2
            ]
        },
        "3": {
            "intv_type": "hard",
            "inode": 3,
            "new_mui": 1.0,
            "new_vari": 1.0,
            "noise_type": "gaussian",
            "obs_noise_gamma_shape": null,
            "true_params": {
                "Si": [
                    [
                        1.0,
                        0.9585718277211366,
                        -0.6740204380092232,
                        0.0,
                        -0.35238298282838393,
                        -0.20364948936631777
                    ],
                    [
                        0.9585718277211366,
                        1.9188599489006404,
                        -0.6460970031839021,
                        0.0,
                        -1.082957983585774,
                        -0.6593956755638994
                    ],
                    [
                        -0.6740204380092232,
                        -0.6460970031839021,
                        1.454303550854145,
                        0.0,
                        -0.29944282028612923,
                        -0.22074194582037152
                    ],
                    [
                        0.0,
                        0.0,
                        0.0,
                        1.0,
                        0.6488888269233684,
                        -0.4303456631377795
                    ],
                    [
                        -0.35238298282838393,
                        -1.082957983585774,
                        -0.29944282028612923,
                        0.6488888269233684,
                        2.388836056047654,
                        -0.3325575041821233
                    ],
                    [
                        -0.20364948936631777,
                        -0.6593956755638994,
                        -0.22074194582037152,
                        -0.4303456631377795,
                        -0.3325575041821233,
                        2.010144112422839
                    ]
                ],
                "mui": [
                    0.0,
                    0.0,
                    0.0,
                    1.0,
                    0.6488888269233684,
                    -0.4303456631377795
                ],
                "Ai": [
                    [
                        0.0,
                        0.0,
                        0.0,
                        0.0,
                        0.0,
                        0.0
                    ],
                    [
                        0.9585718277211366,
                        0.0,
                        0.0,
                        0.0,
                        0.0,
                        0.0
                    ],
                    [
                        -0.6740204380092232,
                        0.0,
                        0.0,
                        0.0,
                        0.0,
                        0.0
                    ],
                    [
                        0.0,
                        0.0,
                        0.0,
                        0.0,
                        0.0,
                        0.0
                    ],
                    [
                        -0.0,
                        -0.7451735836781441,
                        -0.5369561527191131,
                        0.6488888269233684,
                        0.0,
                        0.0
                    ],
                    [
                        -0.0,
                        -0.9583851109230916,
                        -0.7141173301379407,
                        0.0,
                        -0.6632039962503499,
                        0.0
                    ]
                ]
            },
            "oracle_est_tgt": [
                3
            ]
        },
        "4": {
            "intv_type": "hard",
            "inode": 4,
            "new_mui": 1.0,
            "new_vari": 1.0,
            "noise_type": "gaussian",
            "obs_noise_gamma_shape": null,
            "true_params": {
                "Si": [
                    [
                        1.0,
                        0.9585718277211366,
                        -0.6740204380092232,
                        1.138189515899271,
                        0.0,
                        -0.4373512917887204
                    ],
                    [
                        0.9585718277211366,
                        1.9188599489006404,
                        -0.6460970031839021,
                        1.7000342651908884,
                        0.0,
                        -1.3776177380492054
                    ],
                    [
                        -0.6740204380092232,
                        -0.6460970031839021,
                        1.454303550854145,
                        -0.15220308439342867,
                        0.0,
                        -0.4193336208826078
                    ],
                    [
                        1.138189515899271,
                        1.7000342651908884,
                        -0.15220308439342867,
                        3.0445294613070963,
                        0.0,
                        -1.5205966675522313
                    ],
                    [
                        0.0,
                        0.0,
                        0.0,
                        0.0,
                        1.0,
                        -0.6632039962503499
                    ],
                    [
                        -0.4373512917887204,
                        -1.3776177380492054,
                        -0.4193336208826078,
                        -1.5205966675522313,
                        -0.6632039962503499,
                        3.059581275114104
                    ]
                ],
                "mui": [
                    0.0,
                    0.0,
                    0.0,
                    0.0,
                    1.0,
                    -0.6632039962503499
                ],
                "Ai": [
                    [
                        0.0,
                        0.0,
                        0.0,
                        0.0,
                        0.0,
                        0.0
                    ],
                    [
                        0.9585718277211366,
                        0.0,
                        0.0,
                        0.0,
                        0.0,
                        0.0
                    ],
                    [
                        -0.6740204380092232,
                        0.0,
                        0.0,
                        0.0,
                        0.0,
                        0.0
                    ],
                    [
                        0.9689168725539161,
                        0.6089978606422886,
                        0.6149599116505037,
                        0.0,
                        0.0,
                        0.0
                    ],
                    [
                        0.0,
                        0.0,
                        0.0,
                        0.0,
                        0.0,
                        0.0
                    ],
                    [
                        -0.0,
                        -0.9583851109230916,
                        -0.7141173301379407,
                        0.0,
                        -0.6632039962503499,
                        0.0
                    ]
                ]
            },
            "oracle_est_tgt": [
                4
            ]
        },
        "5": {
            "intv_type": "hard",
            "inode": 5,
            "new_mui": 1.0,
            "new_vari": 1.0,
            "noise_type": "gaussian",
            "obs_noise_gamma_shape": null,
            "true_params": {
                "Si": [
                    [
                        1.0,
                        0.9585718277211366,
                        -0.6740204380092232,
                        1.138189515899271,
                        0.3861754769599705,
                        0.0
                    ],
                    [
                        0.9585718277211366,
                        1.9188599489006404,
                        -0.6460970031839021,
                        1.7000342651908884,
                        0.02017525648347207,
                        0.0
                    ],
                    [
                        -0.6740204380092232,
                        -0.6460970031839021,
                        1.454303550854145,
                        -0.15220308439342867,
                        -0.39820570117229953,
                        0.0
                    ],
                    [
                        1.138189515899271,
                        1.7000342651908884,
                        -0.15220308439342867,
                        3.0445294613070963,
                        0.7904669075411397,
                        0.0
                    ],
                    [
                        0.3861754769599705,
                        0.02017525648347207,
                        -0.39820570117229953,
                        0.7904669075411397,
                        1.711710077472993,
                        0.0
                    ],
                    [
                        0.0,
                        0.0,
                        0.0,
                        0.0,
                        0.0,
                        1.0
                    ]
                ],
                "mui": [
                    0.0,
                    0.0,
                    0.0,
                    0.0,
                    0.0,
                    1.0
                ],
                "Ai": [
                    [
                        0.0,
                        0.0,
                        0.0,
                        0.0,
                        0.0,
                        0.0
                    ],
                    [
                        0.9585718277211366,
                        0.0,
                        0.0,
                        0.0,
                        0.0,
                        0.0
                    ],
                    [
                        -0.6740204380092232,
                        0.0,
                        0.0,
                        0.0,
                        0.0,
                        0.0
                    ],
                    [
                        0.9689168725539161,
                        0.6089978606422886,
                        0.6149599116505037,
                        0.0,
                        0.0,
                        0.0
                    ],
                    [
                        -0.0,
                        -0.7451735836781441,
                        -0.5369561527191131,
                        0.6488888269233684,
                        0.0,
                        0.0
                    ],
                    [
                        0.0,
                        0.0,
                        0.0,
                        0.0,
                        0.0,
                        0.0
                    ]
                ]
            },
            "oracle_est_tgt": [
                5
            ]
        },
        "obs": {
            "intv_type": "obs",
            "noise_type": "gaussian",
            "obs_noise_gamma_shape": null,
            "true_params": {
                "Si": [
                    [
                        1.0,
                        0.9585718277211366,
                        -0.6740204380092232,
                        1.138189515899271,
                        0.3861754769599705,
                        -0.6934644113624577
                    ],
                    [
                        0.9585718277211366,
                        1.9188599489006404,
                        -0.6460970031839021,
                        1.7000342651908884,
                        0.02017525648347207,
                        -1.3909980487744198
                    ],
                    [
                        -0.6740204380092232,
                        -0.6460970031839021,
                        1.454303550854145,
                        -0.15220308439342867,
                        -0.39820570117229953,
                        -0.1552420085354661
                    ],
                    [
                        1.138189515899271,
                        1.7000342651908884,
                        -0.15220308439342867,
                        3.0445294613070963,
                        0.7904669075411397,
                        -2.0448374795371707
                    ],
                    [
                        0.3861754769599705,
                        0.02017525648347207,
                        -0.39820570117229953,
                        0.7904669075411397,
                        1.711710077472993,
                        -0.8701830370580299
                    ],
                    [
                        -0.6934644113624577,
                        -1.3909980487744198,
                        -0.1552420085354661,
                        -2.0448374795371707,
                        -0.8701830370580299,
                        3.0210816955752264
                    ]
                ],
                "mui": [
                    0.0,
                    0.0,
                    0.0,
                    0.0,
                    0.0,
                    0.0
                ],
                "Ai": [
                    [
                        0.0,
                        0.0,
                        0.0,
                        0.0,
                        0.0,
                        0.0
                    ],
                    [
                        0.9585718277211366,
                        0.0,
                        0.0,
                        0.0,
                        0.0,
                        0.0
                    ],
                    [
                        -0.6740204380092232,
                        0.0,
                        0.0,
                        0.0,
                        0.0,
                        0.0
                    ],
                    [
                        0.9689168725539161,
                        0.6089978606422886,
                        0.6149599116505037,
                        0.0,
                        0.0,
                        0.0
                    ],
                    [
                        -0.0,
                        -0.7451735836781441,
                        -0.5369561527191131,
                        0.6488888269233684,
                        0.0,
                        0.0
                    ],
                    [
                        -0.0,
                        -0.9583851109230916,
                        -0.7141173301379407,
                        0.0,
                        -0.6632039962503499,
                        0.0
                    ]
                ]
            },
            "est_params": {
                "mui": [
                    0.14529618317289164,
                    0.2823581136202324,
                    0.04725352570473854,
                    0.48974988668945285,
                    0.22386926024636467,
                    -0.3053773948064533
                ],
                "Si": [
                    [
                        1.1224773168478166,
                        0.9180587129503865,
                        -0.6862214310791533,
                        1.0377670506878809,
                        0.2777945915673545,
                        -0.4953112435905923
                    ],
                    [
                        0.9180587129503865,
                        1.9879608892654843,
                        -0.5681002524535167,
                        1.459160968768607,
                        -0.27367461438743584,
                        -1.1519171404865107
                    ],
                    [
                        -0.6862214310791533,
                        -0.5681002524535167,
                        1.5947300818845356,
                        -0.015208207359213261,
                        -0.3900391844416702,
                        -0.317583330003399
                    ],
                    [
                        1.0377670506878809,
                        1.459160968768607,
                        -0.015208207359213261,
                        2.956015881527216,
                        0.6544402064007723,
                        -1.590957944843412
                    ],
                    [
                        0.2777945915673545,
                        -0.27367461438743584,
                        -0.3900391844416702,
                        0.6544402064007723,
                        1.9487963848844814,
                        -0.664237381111606
                    ],
                    [
                        -0.4953112435905923,
                        -1.1519171404865107,
                        -0.317583330003399,
                        -1.590957944843412,
                        -0.664237381111606,
                        2.9692043112873168
                    ]
                ]
            },
            "est_tgt": [
                0,
                1,
                2,
                3,
                4,
                5
            ],
            "oracle_est_tgt": [
                0,
                1,
                2,
                3,
                4,
                5
            ]
        }
    },
    "metric_dict": {
        "param_est_rel_err": 7.0330385430451905,
        "est_num_comp": 1,
        "weight_precision_error": 0.0,
        "gm_score_dict": {
            "1": -9.177652335212889,
            "2": -9.117442305063609,
            "3": -9.093628870660902,
            "4": -9.072256296075931,
            "5": -9.053087992105535,
            "6": -9.059871506415123,
            "7": -9.06652408287269
        },
        "est_dag": {
            "amat": [
                [
                    0,
                    1,
                    1,
                    1,
                    0,
                    0
                ],
                [
                    0,
                    0,
                    0,
                    1,
                    1,
                    1
                ],
                [
                    0,
                    0,
                    0,
                    1,
                    1,
                    1
                ],
                [
                    0,
                    0,
                    0,
                    0,
                    1,
                    0
                ],
                [
                    0,
                    0,
                    0,
                    0,
                    0,
                    1
                ],
                [
                    0,
                    0,
                    0,
                    0,
                    0,
                    0
                ]
            ],
            "nodes": [
                0,
                1,
                2,
                3,
                4,
                5
            ]
        },
        "oracle_est_dag": {
            "amat": [
                [
                    0,
                    1,
                    1,
                    1,
                    0,
                    0
                ],
                [
                    0,
                    0,
                    0,
                    1,
                    1,
                    1
                ],
                [
                    0,
                    0,
                    0,
                    1,
                    1,
                    1
                ],
                [
                    0,
                    0,
                    0,
                    0,
                    1,
                    0
                ],
                [
                    0,
                    0,
                    0,
                    0,
                    0,
                    1
                ],
                [
                    0,
                    0,
                    0,
                    0,
                    0,
                    0
                ]
            ],
            "nodes": [
                0,
                1,
                2,
                3,
                4,
                5
            ]
        },
        "igsp_dag": null,
        "intv_base_est_dag": null,
        "act_dag": {
            "amat": [
                [
                    0,
                    1,
                    1,
                    1,
                    0,
                    0
                ],
                [
                    0,
                    0,
                    0,
                    1,
                    1,
                    1
                ],
                [
                    0,
                    0,
                    0,
                    1,
                    1,
                    1
                ],
                [
                    0,
                    0,
                    0,
                    0,
                    1,
                    0
                ],
                [
                    0,
                    0,
                    0,
                    0,
                    0,
                    1
                ],
                [
                    0,
                    0,
                    0,
                    0,
                    0,
                    0
                ]
            ],
            "nodes": [
                0,
                1,
                2,
                3,
                4,
                5
            ]
        },
        "shd": 0,
        "oracle_shd": 0,
        "intv_base_shd": null,
        "igsp_shd": null,
        "avg_js": 0.0,
        "avg_oracle_js": 0.8571428571428571
    }
}