{
    "expt_args": {
        "save_dir": "all_expt_logs/expt_logs_sim_compsel_backward_cameraready_new_var_largerange",
        "exp_name": "205",
        "num_nodes": 6,
        "num_tgt_prior": 7,
        "obs_noise_mean": 0.0,
        "obs_noise_var": 1.0,
        "obs_noise_gamma_shape": null,
        "noise_type": "gaussian",
        "max_edge_strength": 1.0,
        "graph_sparsity_method": "adj_dense_prop",
        "adj_dense_prop": 0.8,
        "num_parents": null,
        "new_noise_mean": 1.0,
        "mix_samples": 131072,
        "stage2_samples": 131072,
        "gmm_tol": 0.001,
        "intv_type": "hard",
        "new_noise_var": 100,
        "dtype": "simulation",
        "cutoff_drop_ratio": 0.07,
        "intv_targets": [
            0,
            1,
            2,
            3,
            4,
            5
        ]
    },
    "intv_args_dict": {
        "0": {
            "intv_type": "hard",
            "inode": 0,
            "new_mui": 1.0,
            "new_vari": 100,
            "noise_type": "gaussian",
            "obs_noise_gamma_shape": null,
            "true_params": {
                "Si": [
                    [
                        100.0,
                        0.0,
                        84.71953835995849,
                        -2.0660496147942964,
                        21.493639023771888,
                        63.53607947847306
                    ],
                    [
                        0.0,
                        1.0,
                        0.9194095442214532,
                        0.05241835196185041,
                        -0.0240605478574925,
                        1.632166217057015
                    ],
                    [
                        84.71953835995849,
                        0.9194095442214532,
                        73.61931570925029,
                        -2.3493782166777453,
                        19.386818431256607,
                        55.03590983897806
                    ],
                    [
                        -2.0660496147942964,
                        0.05241835196185041,
                        -2.3493782166777453,
                        1.4643327873560186,
                        -1.7308765324948125,
                        -0.09905211739031805
                    ],
                    [
                        21.493639023771888,
                        -0.0240605478574925,
                        19.386818431256607,
                        -1.7308765324948125,
                        7.3186523541913,
                        12.061108145086251
                    ],
                    [
                        63.53607947847306,
                        1.632166217057015,
                        55.03590983897806,
                        -0.09905211739031805,
                        12.061108145086255,
                        45.5282552222652
                    ]
                ],
                "mui": [
                    1.0,
                    0.0,
                    0.8471953835995849,
                    -0.020660496147942964,
                    0.21493639023771888,
                    0.6353607947847306
                ],
                "Ai": [
                    [
                        0.0,
                        0.0,
                        0.0,
                        0.0,
                        0.0,
                        0.0
                    ],
                    [
                        0.0,
                        0.0,
                        0.0,
                        0.0,
                        0.0,
                        0.0
                    ],
                    [
                        0.8471953835995849,
                        0.9194095442214532,
                        0.0,
                        0.0,
                        0.0,
                        0.0
                    ],
                    [
                        0.527665073283158,
                        0.6474826920596832,
                        -0.6472244538224012,
                        0.0,
                        0.0,
                        0.0
                    ],
                    [
                        -0.5327395963037189,
                        -0.797365443157677,
                        0.8701149499337286,
                        -0.5091173842718308,
                        0.0,
                        0.0
                    ],
                    [
                        -0.0,
                        0.7129466774233533,
                        0.9483377120766939,
                        0.5686990158888278,
                        -0.7272706728722893,
                        0.0
                    ]
                ]
            },
            "est_params": {
                "mui": [
                    1.1072002901626203,
                    -0.0019669840361804247,
                    0.9335690873057232,
                    -0.030141000675001996,
                    0.22725508112767165,
                    0.6958337405824266
                ],
                "Si": [
                    [
                        99.75919532868045,
                        -0.04896871080167488,
                        84.41117200687104,
                        -2.009253880234457,
                        21.31648253992062,
                        63.34775987074207
                    ],
                    [
                        -0.04896871080167488,
                        0.9991524904184512,
                        0.886251529503727,
                        0.060457390653599036,
                        -0.035879665221382646,
                        1.6109389272981534
                    ],
                    [
                        84.41117200687104,
                        0.886251529503727,
                        73.28140941555093,
                        -2.300689417598082,
                        19.21948025317821,
                        54.83840895768054
                    ],
                    [
                        -2.009253880234457,
                        0.060457390653599036,
                        -2.300689417598082,
                        1.46600503990963,
                        -1.7322984856901447,
                        -0.057096722473624975
                    ],
                    [
                        21.31648253992062,
                        -0.03587966522138265,
                        19.21948025317821,
                        -1.7322984856901449,
                        7.273196495009545,
                        11.95263607208349
                    ],
                    [
                        63.34775987074207,
                        1.6109389272981534,
                        54.83840895768054,
                        -0.057096722473624975,
                        11.95263607208349,
                        45.39211511762848
                    ]
                ]
            },
            "est_tgt": [
                0
            ],
            "oracle_est_tgt": [
                0
            ]
        },
        "1": {
            "intv_type": "hard",
            "inode": 1,
            "new_mui": 1.0,
            "new_vari": 100,
            "noise_type": "gaussian",
            "obs_noise_gamma_shape": null,
            "true_params": {
                "Si": [
                    [
                        1.0,
                        0.0,
                        0.8471953835995849,
                        -0.020660496147942964,
                        0.21493639023771888,
                        0.6353607947847306
                    ],
                    [
                        0.0,
                        100.0,
                        91.94095442214531,
                        5.241835196185041,
                        -2.40605478574925,
                        163.2166217057015
                    ],
                    [
                        0.8471953835995849,
                        91.94095442214531,
                        86.24913101854247,
                        4.154665377826643,
                        -0.8304284454600555,
                        150.30900191914745
                    ],
                    [
                        -0.020660496147942964,
                        5.241835196185041,
                        4.154665377826644,
                        1.6940947119664274,
                        -1.416108191034366,
                        9.670498798044585
                    ],
                    [
                        0.21493639023771888,
                        -2.40605478574925,
                        -0.8304284454600559,
                        -1.416108191034366,
                        2.802396907554689,
                        -5.346355796455354
                    ],
                    [
                        0.6353607947847306,
                        163.2166217057015,
                        150.30900191914745,
                        9.670498798044585,
                        -5.346355796455354,
                        269.2962940569847
                    ]
                ],
                "mui": [
                    0.0,
                    1.0,
                    0.9194095442214532,
                    0.05241835196185041,
                    -0.0240605478574925,
                    1.632166217057015
                ],
                "Ai": [
                    [
                        0.0,
                        0.0,
                        0.0,
                        0.0,
                        0.0,
                        0.0
                    ],
                    [
                        0.0,
                        0.0,
                        0.0,
                        0.0,
                        0.0,
                        0.0
                    ],
                    [
                        0.8471953835995849,
                        0.9194095442214532,
                        0.0,
                        0.0,
                        0.0,
                        0.0
                    ],
                    [
                        0.527665073283158,
                        0.6474826920596832,
                        -0.6472244538224012,
                        0.0,
                        0.0,
                        0.0
                    ],
                    [
                        -0.5327395963037189,
                        -0.797365443157677,
                        0.8701149499337286,
                        -0.5091173842718308,
                        0.0,
                        0.0
                    ],
                    [
                        -0.0,
                        0.7129466774233533,
                        0.9483377120766939,
                        0.5686990158888278,
                        -0.7272706728722893,
                        0.0
                    ]
                ]
            },
            "est_params": {
                "mui": [
                    0.00547737859413527,
                    0.9768350389857204,
                    0.9032884892408884,
                    0.05465683104385941,
                    -0.01642999750372706,
                    1.5930934694689183
                ],
                "Si": [
                    [
                        1.0077369761136805,
                        -0.022477973198199764,
                        0.8211491167434792,
                        -0.01501211381107681,
                        0.19591486553498802,
                        0.600440646661691
                    ],
                    [
                        -0.02247797319819978,
                        98.847366709708,
                        90.79084405937085,
                        5.449898848696485,
                        -2.4865899299639818,
                        161.39281730132538
                    ],
                    [
                        0.8211491167434792,
                        90.79084405937085,
                        85.10248617949902,
                        4.345510039249001,
                        -0.9061481915175743,
                        148.47441948794426
                    ],
                    [
                        -0.015012113811076812,
                        5.449898848696484,
                        4.345510039249001,
                        1.7000454649988075,
                        -1.4388428000127582,
                        10.017726111778305
                    ],
                    [
                        0.195914865534988,
                        -2.4865899299639818,
                        -0.9061481915175743,
                        -1.4388428000127587,
                        2.815722876211911,
                        -5.499529470152738
                    ],
                    [
                        0.600440646661691,
                        161.39281730132538,
                        148.47441948794426,
                        10.017726111778305,
                        -5.499529470152738,
                        266.4098705539857
                    ]
                ]
            },
            "est_tgt": [
                1,
                3
            ],
            "oracle_est_tgt": [
                1,
                4
            ]
        },
        "2": {
            "intv_type": "hard",
            "inode": 2,
            "new_mui": 1.0,
            "new_vari": 100,
            "noise_type": "gaussian",
            "obs_noise_gamma_shape": null,
            "true_params": {
                "Si": [
                    [
                        1.0,
                        0.0,
                        0.0,
                        0.527665073283158,
                        -0.8013830581852442,
                        0.8829050038498737
                    ],
                    [
                        0.0,
                        1.0,
                        0.0,
                        0.6474826920596832,
                        -1.1270101377003863,
                        1.9008108683819953
                    ],
                    [
                        0.0,
                        0.0,
                        100.0,
                        -64.72244538224012,
                        119.96281709005538,
                        -29.219258491868917
                    ],
                    [
                        0.527665073283158,
                        0.6474826920596832,
                        -64.72244538224012,
                        43.58761362865033,
                        -79.30456756244155,
                        21.547004048729388
                    ],
                    [
                        -0.8013830581852442,
                        -1.1270101377003863,
                        119.96281709005538,
                        -79.30456756244155,
                        147.08234200921441,
                        -39.10733800856099
                    ],
                    [
                        0.8829050038498737,
                        1.9008108683819953,
                        -29.219258491868917,
                        21.547004048729388,
                        -39.10733800856099,
                        15.340832071861863
                    ]
                ],
                "mui": [
                    0.0,
                    0.0,
                    1.0,
                    -0.6472244538224012,
                    1.1996281709005538,
                    -0.29219258491868916
                ],
                "Ai": [
                    [
                        0.0,
                        0.0,
                        0.0,
                        0.0,
                        0.0,
                        0.0
                    ],
                    [
                        0.0,
                        0.0,
                        0.0,
                        0.0,
                        0.0,
                        0.0
                    ],
                    [
                        0.0,
                        0.0,
                        0.0,
                        0.0,
                        0.0,
                        0.0
                    ],
                    [
                        0.527665073283158,
                        0.6474826920596832,
                        -0.6472244538224012,
                        0.0,
                        0.0,
                        0.0
                    ],
                    [
                        -0.5327395963037189,
                        -0.797365443157677,
                        0.8701149499337286,
                        -0.5091173842718308,
                        0.0,
                        0.0
                    ],
                    [
                        -0.0,
                        0.7129466774233533,
                        0.9483377120766939,
                        0.5686990158888278,
                        -0.7272706728722893,
                        0.0
                    ]
                ]
            },
            "est_params": {
                "mui": [
                    -0.0033219309790381603,
                    -0.011767811369544079,
                    0.889477600567974,
                    -0.5913153257116077,
                    1.0841540717827514,
                    -0.2933376101194286
                ],
                "Si": [
                    [
                        0.9877204762231285,
                        -0.0040443643222045625,
                        -0.0692455719336547,
                        0.5720404319834977,
                        -0.8787189861139078,
                        0.884437526688523
                    ],
                    [
                        -0.004044364322204563,
                        0.9980758049928408,
                        -0.0008756842600529148,
                        0.6429978670331046,
                        -1.1155850465967379,
                        1.890801870086927
                    ],
                    [
                        -0.06924557193365467,
                        -0.0008756842600528902,
                        99.22635306532239,
                        -64.14652817771426,
                        119.10340818868222,
                        -28.9856327315596
                    ],
                    [
                        0.5720404319834976,
                        0.6429978670331046,
                        -64.14652817771426,
                        43.163102860560976,
                        -78.64578995700141,
                        21.346366530204854
                    ],
                    [
                        -0.8787189861139078,
                        -1.1155850465967379,
                        119.10340818868222,
                        -78.64578995700141,
                        146.10745932443092,
                        -38.79824327295182
                    ],
                    [
                        0.884437526688523,
                        1.890801870086927,
                        -28.9856327315596,
                        21.346366530204854,
                        -38.79824327295182,
                        15.205971135163106
                    ]
                ]
            },
            "est_tgt": [
                2,
                4
            ],
            "oracle_est_tgt": [
                0,
                2,
                3,
                4
            ]
        },
        "3": {
            "intv_type": "hard",
            "inode": 3,
            "new_mui": 1.0,
            "new_vari": 100,
            "noise_type": "gaussian",
            "obs_noise_gamma_shape": null,
            "true_params": {
                "Si": [
                    [
                        1.0,
                        0.0,
                        0.8471953835995849,
                        0.0,
                        0.20441777248111992,
                        0.6547602808253687
                    ],
                    [
                        0.0,
                        1.0,
                        0.9194095442214532,
                        0.0,
                        0.002626546381164974,
                        1.582947210897842
                    ],
                    [
                        0.8471953835995849,
                        0.9194095442214532,
                        2.563053927997948,
                        0.0,
                        1.045711614916627,
                        2.3256152879399785
                    ],
                    [
                        0.0,
                        0.0,
                        0.0,
                        100.0,
                        -50.91173842718308,
                        93.89651585191821
                    ],
                    [
                        0.20441777248111992,
                        0.002626546381164974,
                        1.045711614916627,
                        -50.91173842718308,
                        27.718944647329316,
                        -48.11907071780376
                    ],
                    [
                        0.6547602808253687,
                        1.582947210897842,
                        2.3256152879399785,
                        93.89651585191821,
                        -48.11907071780376,
                        92.72847073518379
                    ]
                ],
                "mui": [
                    0.0,
                    0.0,
                    0.0,
                    1.0,
                    -0.5091173842718308,
                    0.938965158519182
                ],
                "Ai": [
                    [
                        0.0,
                        0.0,
                        0.0,
                        0.0,
                        0.0,
                        0.0
                    ],
                    [
                        0.0,
                        0.0,
                        0.0,
                        0.0,
                        0.0,
                        0.0
                    ],
                    [
                        0.8471953835995849,
                        0.9194095442214532,
                        0.0,
                        0.0,
                        0.0,
                        0.0
                    ],
                    [
                        0.0,
                        0.0,
                        0.0,
                        0.0,
                        0.0,
                        0.0
                    ],
                    [
                        -0.5327395963037189,
                        -0.797365443157677,
                        0.8701149499337286,
                        -0.5091173842718308,
                        0.0,
                        0.0
                    ],
                    [
                        -0.0,
                        0.7129466774233533,
                        0.9483377120766939,
                        0.5686990158888278,
                        -0.7272706728722893,
                        0.0
                    ]
                ]
            },
            "est_params": {
                "mui": [
                    -0.005990237626762806,
                    1.4666697891625686e-05,
                    -0.0018261642754401868,
                    1.1817078975798205,
                    -0.598133254448045,
                    1.1096782735474928
                ],
                "Si": [
                    [
                        1.002138917438997,
                        0.013968227101976656,
                        0.8799792257735237,
                        0.03402226996243435,
                        0.2031992596825896,
                        0.7205399084766331
                    ],
                    [
                        0.013968227101976663,
                        0.9903407568152237,
                        0.9186801717913422,
                        -0.030124746264463976,
                        0.019046011625677838,
                        1.53712770367484
                    ],
                    [
                        0.8799792257735237,
                        0.9186801717913422,
                        2.6012487347306528,
                        0.059865282453837425,
                        1.027163021643718,
                        2.4171468504888014
                    ],
                    [
                        0.034022269962434286,
                        -0.030124746264463983,
                        0.05986528245383733,
                        102.64038015600227,
                        -52.16297660503361,
                        96.42774068505379
                    ],
                    [
                        0.20319925968258956,
                        0.01904601162567786,
                        1.027163021643718,
                        -52.16297660503361,
                        28.310850667941327,
                        -49.30049352187554
                    ],
                    [
                        0.7205399084766331,
                        1.53712770367484,
                        2.4171468504888014,
                        96.42774068505379,
                        -49.30049352187554,
                        95.15220381284442
                    ]
                ]
            },
            "est_tgt": [
                2,
                3,
                4
            ],
            "oracle_est_tgt": [
                0,
                2,
                3,
                4
            ]
        },
        "4": {
            "intv_type": "hard",
            "inode": 4,
            "new_mui": 1.0,
            "new_vari": 100,
            "noise_type": "gaussian",
            "obs_noise_gamma_shape": null,
            "true_params": {
                "Si": [
                    [
                        1.0,
                        0.0,
                        0.8471953835995849,
                        -0.020660496147942964,
                        0.0,
                        0.7916777279376573
                    ],
                    [
                        0.0,
                        1.0,
                        0.9194095442214532,
                        0.05241835196185041,
                        0.0,
                        1.6146676862270206
                    ],
                    [
                        0.8471953835995849,
                        0.9194095442214532,
                        2.563053927997948,
                        -0.6165339976957309,
                        0.0,
                        2.735508399999195
                    ],
                    [
                        -0.020660496147942964,
                        0.05241835196185041,
                        -0.6165339976957309,
                        1.4220740333491813,
                        0.0,
                        0.2614211523616774
                    ],
                    [
                        0.0,
                        0.0,
                        0.0,
                        0.0,
                        100.0,
                        -72.72706728722893
                    ],
                    [
                        0.7916777279376573,
                        1.6146676862270206,
                        2.735508399999195,
                        0.2614211523616774,
                        -72.72706728722893,
                        57.78629085355208
                    ]
                ],
                "mui": [
                    0.0,
                    0.0,
                    0.0,
                    0.0,
                    1.0,
                    -0.7272706728722893
                ],
                "Ai": [
                    [
                        0.0,
                        0.0,
                        0.0,
                        0.0,
                        0.0,
                        0.0
                    ],
                    [
                        0.0,
                        0.0,
                        0.0,
                        0.0,
                        0.0,
                        0.0
                    ],
                    [
                        0.8471953835995849,
                        0.9194095442214532,
                        0.0,
                        0.0,
                        0.0,
                        0.0
                    ],
                    [
                        0.527665073283158,
                        0.6474826920596832,
                        -0.6472244538224012,
                        0.0,
                        0.0,
                        0.0
                    ],
                    [
                        0.0,
                        0.0,
                        0.0,
                        0.0,
                        0.0,
                        0.0
                    ],
                    [
                        -0.0,
                        0.7129466774233533,
                        0.9483377120766939,
                        0.5686990158888278,
                        -0.7272706728722893,
                        0.0
                    ]
                ]
            },
            "est_params": {
                "mui": [
                    0.01482240023491963,
                    0.006799561199581721,
                    0.02551540962508927,
                    0.014570222336870465,
                    1.0527405994180496,
                    -0.7313997746380173
                ],
                "Si": [
                    [
                        0.991667699913253,
                        -0.002137704954933796,
                        0.828524077826845,
                        -0.024190930275976883,
                        -0.0351649382615685,
                        0.7929684944729508
                    ],
                    [
                        -0.0021377049549337955,
                        0.9755811973769579,
                        0.8999821567913823,
                        0.04637149469722136,
                        0.08024092285509288,
                        1.5231027294969084
                    ],
                    [
                        0.828524077826845,
                        0.8999821567913823,
                        2.516222637296811,
                        -0.6169093838483092,
                        -0.11778389997917656,
                        2.7602306754167527
                    ],
                    [
                        -0.024190930275976883,
                        0.04637149469722136,
                        -0.6169093838483092,
                        1.3854947496228334,
                        0.04383181855550778,
                        0.2138540834920385
                    ],
                    [
                        -0.0351649382615685,
                        0.08024092285509289,
                        -0.11778389997917649,
                        0.04383181855550778,
                        98.18354525416692,
                        -71.51673275526173
                    ],
                    [
                        0.7929684944729507,
                        1.5231027294969082,
                        2.7602306754167527,
                        0.21385408349203852,
                        -71.51673275526173,
                        56.904069234027396
                    ]
                ]
            },
            "est_tgt": [
                2,
                3,
                4
            ],
            "oracle_est_tgt": [
                2,
                4
            ]
        },
        "5": {
            "intv_type": "hard",
            "inode": 5,
            "new_mui": 1.0,
            "new_vari": 100,
            "noise_type": "gaussian",
            "obs_noise_gamma_shape": null,
            "true_params": {
                "Si": [
                    [
                        1.0,
                        0.0,
                        0.8471953835995849,
                        -0.020660496147942964,
                        0.21493639023771888,
                        0.0
                    ],
                    [
                        0.0,
                        1.0,
                        0.9194095442214532,
                        0.05241835196185041,
                        -0.0240605478574925,
                        0.0
                    ],
                    [
                        0.8471953835995849,
                        0.9194095442214532,
                        2.563053927997948,
                        -0.6165339976957309,
                        1.3595997911381326,
                        0.0
                    ],
                    [
                        -0.020660496147942964,
                        0.05241835196185041,
                        -0.6165339976957309,
                        1.4220740333491813,
                        -1.2912479787014561,
                        0.0
                    ],
                    [
                        0.21493639023771888,
                        -0.0240605478574925,
                        1.3595997911381326,
                        -1.2912479787014561,
                        2.745084821197623,
                        0.0
                    ],
                    [
                        0.0,
                        0.0,
                        0.0,
                        0.0,
                        0.0,
                        100.0
                    ]
                ],
                "mui": [
                    0.0,
                    0.0,
                    0.0,
                    0.0,
                    0.0,
                    1.0
                ],
                "Ai": [
                    [
                        0.0,
                        0.0,
                        0.0,
                        0.0,
                        0.0,
                        0.0
                    ],
                    [
                        0.0,
                        0.0,
                        0.0,
                        0.0,
                        0.0,
                        0.0
                    ],
                    [
                        0.8471953835995849,
                        0.9194095442214532,
                        0.0,
                        0.0,
                        0.0,
                        0.0
                    ],
                    [
                        0.527665073283158,
                        0.6474826920596832,
                        -0.6472244538224012,
                        0.0,
                        0.0,
                        0.0
                    ],
                    [
                        -0.5327395963037189,
                        -0.797365443157677,
                        0.8701149499337286,
                        -0.5091173842718308,
                        0.0,
                        0.0
                    ],
                    [
                        0.0,
                        0.0,
                        0.0,
                        0.0,
                        0.0,
                        0.0
                    ]
                ]
            },
            "est_params": {
                "mui": [
                    -0.0028558084196528633,
                    0.0046341520378929265,
                    -0.005204616692999164,
                    0.004809662502354404,
                    -0.012306557364787842,
                    1.008406457228529
                ],
                "Si": [
                    [
                        0.9980409427384815,
                        -0.00912696227727464,
                        0.8322859785808658,
                        -0.007308577814892831,
                        0.20503214340837195,
                        -0.056663599251655476
                    ],
                    [
                        -0.009126962277274641,
                        1.01763731279067,
                        0.9155954913472591,
                        0.04887286600967693,
                        -0.029904341771012807,
                        0.10977589971003614
                    ],
                    [
                        0.832285978580866,
                        0.9155954913472591,
                        2.531262234520266,
                        -0.6017041644028035,
                        1.3319062745507986,
                        0.026369923518269424
                    ],
                    [
                        -0.007308577814892836,
                        0.048872866009676934,
                        -0.6017041644028034,
                        1.4238968578736093,
                        -1.2939222783645112,
                        0.020235031008651667
                    ],
                    [
                        0.20503214340837195,
                        -0.02990434177101281,
                        1.3319062745507986,
                        -1.2939222783645112,
                        2.7164915890010772,
                        -0.07921300522471855
                    ],
                    [
                        -0.0566635992516555,
                        0.10977589971003619,
                        0.026369923518269424,
                        0.02023503100865167,
                        -0.07921300522471857,
                        101.22882341184203
                    ]
                ]
            },
            "est_tgt": [
                3,
                5
            ],
            "oracle_est_tgt": [
                5
            ]
        },
        "obs": {
            "intv_type": "obs",
            "noise_type": "gaussian",
            "obs_noise_gamma_shape": null,
            "true_params": {
                "Si": [
                    [
                        1.0,
                        0.0,
                        0.8471953835995849,
                        -0.020660496147942964,
                        0.21493639023771888,
                        0.6353607947847306
                    ],
                    [
                        0.0,
                        1.0,
                        0.9194095442214532,
                        0.05241835196185041,
                        -0.0240605478574925,
                        1.632166217057015
                    ],
                    [
                        0.8471953835995849,
                        0.9194095442214532,
                        2.563053927997948,
                        -0.6165339976957309,
                        1.3595997911381326,
                        1.7467113450611413
                    ],
                    [
                        -0.020660496147942964,
                        0.05241835196185041,
                        -0.6165339976957309,
                        1.4220740333491813,
                        -1.2912479787014561,
                        1.200507938676869
                    ],
                    [
                        0.21493639023771888,
                        -0.0240605478574925,
                        1.3595997911381326,
                        -1.2912479787014561,
                        2.745084821197623,
                        -1.4585452721439567
                    ],
                    [
                        0.6353607947847306,
                        1.632166217057015,
                        1.7467113450611413,
                        1.200507938676869,
                        -1.4585452721439567,
                        5.563604606866222
                    ]
                ],
                "mui": [
                    0.0,
                    0.0,
