{
    "expt_args": {
        "save_dir": "all_expt_logs/expt_logs_sim_compsel_backward_cameraready_new_var_largerange",
        "exp_name": "315",
        "num_nodes": 6,
        "num_tgt_prior": 7,
        "obs_noise_mean": 0.0,
        "obs_noise_var": 1.0,
        "obs_noise_gamma_shape": null,
        "noise_type": "gaussian",
        "max_edge_strength": 1.0,
        "graph_sparsity_method": "adj_dense_prop",
        "adj_dense_prop": 0.8,
        "num_parents": null,
        "new_noise_mean": 1.0,
        "mix_samples": 131072,
        "stage2_samples": 131072,
        "gmm_tol": 0.001,
        "intv_type": "hard",
        "new_noise_var": 100,
        "dtype": "simulation",
        "cutoff_drop_ratio": 0.07,
        "intv_targets": [
            0,
            1,
            2,
            3,
            4,
            5
        ]
    },
    "intv_args_dict": {
        "0": {
            "intv_type": "hard",
            "inode": 0,
            "new_mui": 1.0,
            "new_vari": 100,
            "noise_type": "gaussian",
            "obs_noise_gamma_shape": null,
            "true_params": {
                "Si": [
                    [
                        100.0,
                        -61.4246589012162,
                        -135.52883441576066,
                        129.12095194374703,
                        0.6078409169140077,
                        -88.38589157654019
                    ],
                    [
                        -61.4246589012162,
                        38.729887211307584,
                        84.22206795812194,
                        -79.36960483052647,
                        0.5436232637511553,
                        53.77502206117271
                    ],
                    [
                        -135.52883441576066,
                        84.22206795812194,
                        185.62921592232624,
                        -175.9463598714205,
                        0.5916361188858896,
                        118.92380934131592
                    ],
                    [
                        129.12095194374703,
                        -79.36960483052647,
                        -175.9463598714205,
                        168.52516742500393,
                        0.7669170154830303,
                        -115.16964950469729
                    ],
                    [
                        0.6078409169140077,
                        0.5436232637511553,
                        0.5916361188858896,
                        0.7669170154830303,
                        2.3692963484243608,
                        -2.888010340106292
                    ],
                    [
                        -88.38589157654019,
                        53.77502206117272,
                        118.92380934131593,
                        -115.1696495046973,
                        -2.888010340106292,
                        82.44743374321219
                    ]
                ],
                "mui": [
                    1.0,
                    -0.614246589012162,
                    -1.3552883441576067,
                    1.2912095194374704,
                    0.006078409169140077,
                    -0.8838589157654019
                ],
                "Ai": [
                    [
                        0.0,
                        0.0,
                        0.0,
                        0.0,
                        0.0,
                        0.0
                    ],
                    [
                        -0.614246589012162,
                        0.0,
                        0.0,
                        0.0,
                        0.0,
                        0.0
                    ],
                    [
                        -0.7570467451970162,
                        0.9739437054468454,
                        0.0,
                        0.0,
                        0.0,
                        0.0
                    ],
                    [
                        0.5789112313883895,
                        0.813435420088014,
                        -0.8942364371716909,
                        0.0,
                        0.0,
                        0.0
                    ],
                    [
                        0.6742214084607324,
                        -0.0,
                        0.9711510841075046,
                        0.501891238919661,
                        0.0,
                        0.0
                    ],
                    [
                        -0.0,
                        0.974781218304289,
                        -0.6547040077562369,
                        -0.9033530300594554,
                        -0.9866983254712693,
                        0.0
                    ]
                ]
            },
            "est_params": {
                "mui": [
                    1.0144478021103542,
                    -0.6238711786507232,
                    -1.391151448804539,
                    1.3267207407448518,
                    -0.009224136488539444,
                    -0.8936582037151541
                ],
                "Si": [
                    [
                        100.22538144432056,
                        -61.65178207614434,
                        -135.93605937672947,
                        129.4946506794247,
                        0.536637340578451,
                        -88.57125495725103
                    ],
                    [
                        -61.65178207614434,
                        38.913051536924804,
                        84.58314344231566,
                        -79.70747856932665,
                        0.5640846506467498,
                        53.97510959101318
                    ],
                    [
                        -135.93605937672947,
                        84.58314344231566,
                        186.31208845938457,
                        -176.57432325734553,
                        0.6711586347900153,
                        119.26967045196882
                    ],
                    [
                        129.4946506794247,
                        -79.70747856932667,
                        -176.57432325734553,
                        169.09578078493652,
                        0.6644368015626944,
                        -115.45718925050478
                    ],
                    [
                        0.536637340578451,
                        0.5640846506467498,
                        0.6711586347900153,
                        0.6644368015626942,
                        2.3538348928380723,
                        -2.805452280549237
                    ],
                    [
                        -88.57125495725103,
                        53.97510959101318,
                        119.26967045196882,
                        -115.45718925050478,
                        -2.805452280549237,
                        82.56462839668625
                    ]
                ]
            },
            "est_tgt": [
                0
            ],
            "oracle_est_tgt": [
                0
            ]
        },
        "1": {
            "intv_type": "hard",
            "inode": 1,
            "new_mui": 1.0,
            "new_vari": 100,
            "noise_type": "gaussian",
            "obs_noise_gamma_shape": null,
            "true_params": {
                "Si": [
                    [
                        1.0,
                        0.0,
                        -0.7570467451970162,
                        1.2558900155857942,
                        0.569334837011779,
                        -1.200632243173523
                    ],
                    [
                        0.0,
                        100.0,
                        97.39437054468453,
                        -5.7500529076567775,
                        91.69874736276094,
                        -51.57103565158734
                    ],
                    [
                        -0.7570467451970162,
                        97.39437054468453,
                        96.42975391236655,
                        -7.445231721194996,
                        89.40074635680278,
                        -49.680637269149834
                    ],
                    [
                        1.2558900155857942,
                        -5.7500529076567775,
                        -7.445231721194996,
                        3.7075496212221273,
                        -4.522910249538784,
                        0.3829012529504012
                    ],
                    [
                        0.569334837011779,
                        91.69874736276094,
                        89.40074635680278,
                        -4.522910249538784,
                        85.93548045146147,
                        -49.85142024636647
                    ],
                    [
                        -1.200632243173523,
                        -51.57103565158734,
                        -49.680637269149834,
                        0.3829012529504012,
                        -49.85142024636648,
                        32.098053238716076
                    ]
                ],
                "mui": [
                    0.0,
                    1.0,
                    0.9739437054468454,
                    -0.057500529076567775,
                    0.9169874736276095,
                    -0.5157103565158734
                ],
                "Ai": [
                    [
                        0.0,
                        0.0,
                        0.0,
                        0.0,
                        0.0,
                        0.0
                    ],
                    [
                        0.0,
                        0.0,
                        0.0,
                        0.0,
                        0.0,
                        0.0
                    ],
                    [
                        -0.7570467451970162,
                        0.9739437054468454,
                        0.0,
                        0.0,
                        0.0,
                        0.0
                    ],
                    [
                        0.5789112313883895,
                        0.813435420088014,
                        -0.8942364371716909,
                        0.0,
                        0.0,
                        0.0
                    ],
                    [
                        0.6742214084607324,
                        -0.0,
                        0.9711510841075046,
                        0.501891238919661,
                        0.0,
                        0.0
                    ],
                    [
                        -0.0,
                        0.974781218304289,
                        -0.6547040077562369,
                        -0.9033530300594554,
                        -0.9866983254712693,
                        0.0
                    ]
                ]
            },
            "est_params": {
                "mui": [
                    -0.011485746730898435,
                    0.6279383866425989,
                    1.2942979576344997,
                    -0.6616259120974622,
                    0.9244822136568737,
                    -0.56030713261027
                ],
                "Si": [
                    [
                        0.9935658954469447,
                        -0.22060013822315436,
                        -0.09385765924284158,
                        0.48420735552165695,
                        0.8206109697397503,
                        -1.4056288806006618
                    ],
                    [
                        -0.22060013822315439,
                        62.088397282844156,
                        58.98504229739963,
                        -2.3716001110186684,
                        56.00972842188646,
                        -31.206673129741205
                    ],
                    [
                        -0.09385765924284156,
                        58.98504229739963,
                        118.923807412956,
                        -58.38575550253783,
                        86.18417333861508,
                        -52.6157082420997
                    ],
                    [
                        0.48420735552165695,
                        -2.3716001110186684,
                        -58.38575550253783,
                        51.54044764195619,
                        -30.505480716510785,
                        19.426619493558974
                    ],
                    [
                        0.8206109697397503,
                        56.00972842188646,
                        86.18417333861508,
                        -30.505480716510785,
                        70.00294856229237,
                        -43.32279021263057
                    ],
                    [
                        -1.4056288806006618,
                        -31.206673129741205,
                        -52.6157082420997,
                        19.426619493558974,
                        -43.32279021263057,
                        30.199905170105595
                    ]
                ]
            },
            "est_tgt": [
                1,
                2,
                3,
                4
            ],
            "oracle_est_tgt": [
                1,
                2,
                3,
                4
            ]
        },
        "2": {
            "intv_type": "hard",
            "inode": 2,
            "new_mui": 1.0,
            "new_vari": 100,
            "noise_type": "gaussian",
            "obs_noise_gamma_shape": null,
            "true_params": {
                "Si": [
                    [
                        1.0,
                        -0.614246589012162,
                        0.0,
                        0.07926129921765185,
                        0.7140019601234616,
                        -1.3748615116282679
                    ],
                    [
                        -0.614246589012162,
                        1.377298872113076,
                        0.0,
                        0.7647494374028989,
                        -0.030317157784725768,
                        0.6816402398325718
                    ],
                    [
                        0.0,
                        0.0,
                        100.0,
                        -89.42364371716909,
                        52.23416507683011,
                        -36.228644478459934
                    ],
                    [
                        0.07926129921765185,
                        0.7647494374028989,
                        -89.42364371716909,
                        81.63384009275937,
                        -45.81911973405255,
                        30.75695323105955
                    ],
                    [
                        0.7140019601234616,
                        -0.030317157784725768,
                        52.23416507683011,
                        -45.81911973405255,
                        29.212446679480156,
                        -21.66050138875091
                    ],
                    [
                        -1.3748615116282679,
                        0.6816402398325718,
                        -36.228644478459934,
                        30.75695323105956,
                        -21.66050138875091,
                        18.971482391526816
                    ]
                ],
                "mui": [
                    0.0,
                    0.0,
                    1.0,
                    -0.8942364371716909,
                    0.5223416507683011,
                    -0.3622864447845993
                ],
                "Ai": [
                    [
                        0.0,
                        0.0,
                        0.0,
                        0.0,
                        0.0,
                        0.0
                    ],
                    [
                        -0.614246589012162,
                        0.0,
                        0.0,
                        0.0,
                        0.0,
                        0.0
                    ],
                    [
                        0.0,
                        0.0,
                        0.0,
                        0.0,
                        0.0,
                        0.0
                    ],
                    [
                        0.5789112313883895,
                        0.813435420088014,
                        -0.8942364371716909,
                        0.0,
                        0.0,
                        0.0
                    ],
                    [
                        0.6742214084607324,
                        -0.0,
                        0.9711510841075046,
                        0.501891238919661,
                        0.0,
                        0.0
                    ],
                    [
                        -0.0,
                        0.974781218304289,
                        -0.6547040077562369,
                        -0.9033530300594554,
                        -0.9866983254712693,
                        0.0
                    ]
                ]
            },
            "oracle_est_tgt": [
                1,
                2,
                3,
                4
            ]
        },
        "3": {
            "intv_type": "hard",
            "inode": 3,
            "new_mui": 1.0,
            "new_vari": 100,
            "noise_type": "gaussian",
            "obs_noise_gamma_shape": null,
            "true_params": {
                "Si": [
                    [
                        1.0,
                        -0.614246589012162,
                        -1.3552883441576067,
                        0.0,
                        -0.6419683362461921,
                        0.9219857545884647
                    ],
                    [
                        -0.614246589012162,
                        1.377298872113076,
                        1.8064249479735963,
                        0.0,
                        1.3401733461974203,
                        -1.1624553771558805
                    ],
                    [
                        -1.3552883441576067,
                        1.8064249479735963,
                        3.7853728371889988,
                        0.0,
                        2.7624045183188413,
                        -3.44308956829774
                    ],
                    [
                        0.0,
                        0.0,
                        0.0,
                        100.0,
                        50.189123891966105,
                        -139.85682750701858
                    ],
                    [
                        -0.6419683362461921,
                        1.3401733461974203,
                        2.7624045183188413,
                        50.189123891966105,
                        28.43936491728894,
                        -73.90175238723438
                    ],
                    [
                        0.9219857545884647,
                        -1.1624553771558805,
                        -3.44308956829774,
                        -139.85682750701858,
                        -73.90175238723437,
                        201.3798891035042
                    ]
                ],
                "mui": [
                    0.0,
                    0.0,
                    0.0,
                    1.0,
                    0.501891238919661,
                    -1.3985682750701858
                ],
                "Ai": [
                    [
                        0.0,
                        0.0,
                        0.0,
                        0.0,
                        0.0,
                        0.0
                    ],
                    [
                        -0.614246589012162,
                        0.0,
                        0.0,
                        0.0,
                        0.0,
                        0.0
                    ],
                    [
                        -0.7570467451970162,
                        0.9739437054468454,
                        0.0,
                        0.0,
                        0.0,
                        0.0
                    ],
                    [
                        0.0,
                        0.0,
                        0.0,
                        0.0,
                        0.0,
                        0.0
                    ],
                    [
                        0.6742214084607324,
                        -0.0,
                        0.9711510841075046,
                        0.501891238919661,
                        0.0,
                        0.0
                    ],
                    [
                        -0.0,
                        0.974781218304289,
                        -0.6547040077562369,
                        -0.9033530300594554,
                        -0.9866983254712693,
                        0.0
                    ]
                ]
            },
            "est_params": {
                "mui": [
                    -0.0043848741970005265,
                    0.0027168878128562028,
                    0.010528425264649525,
                    1.072923218328045,
                    0.5404570889464212,
                    -1.5172112732436345
                ],
                "Si": [
                    [
                        0.9964857983376967,
                        -0.6016025546169754,
                        -1.3457982428758368,
                        0.06922918130783835,
                        -0.6012369725920491,
                        0.8234678430408865
                    ],
                    [
                        -0.6016025546169754,
                        1.3471763543423165,
                        1.7751521483752593,
                        0.007498362733063321,
                        1.316308795282476,
                        -1.144228865230239
                    ],
                    [
                        -1.3457982428758368,
                        1.7751521483752593,
                        3.7596408702503643,
                        -0.06921515528626743,
                        2.713323646077195,
                        -3.3348070771308924
                    ],
                    [
                        0.06922918130783834,
                        0.007498362733063321,
                        -0.06921515528626736,
                        98.70400383814294,
                        49.50710883089882,
                        -137.89827315825585
                    ],
                    [
                        -0.6012369725920491,
                        1.3163087952824757,
                        2.713323646077195,
                        49.50710883089882,
                        28.06112202830765,
                        -72.85074059276849
                    ],
                    [
                        0.8234678430408865,
                        -1.1442288652302388,
                        -3.3348070771308924,
                        -137.89827315825585,
                        -72.85074059276849,
                        198.41940786975485
                    ]
                ]
            },
            "est_tgt": [
                1,
                2,
                3,
                4
            ],
            "oracle_est_tgt": [
                1,
                2,
                3,
                4
            ]
        },
        "4": {
            "intv_type": "hard",
            "inode": 4,
            "new_mui": 1.0,
            "new_vari": 100,
            "noise_type": "gaussian",
            "obs_noise_gamma_shape": null,
            "true_params": {
                "Si": [
                    [
                        1.0,
                        -0.614246589012162,
                        -1.3552883441576067,
                        1.2912095194374704,
                        0.0,
                        -0.8778613596166821
                    ],
                    [
                        -0.614246589012162,
                        1.377298872113076,
                        1.8064249479735963,
                        -0.8506215720910669,
                        0.0,
                        0.9283029939607446
                    ],
                    [
                        -1.3552883441576067,
                        1.8064249479735963,
                        3.7853728371889988,
                        -2.7001999270846255,
                        0.0,
                        1.7218041300999467
                    ],
                    [
                        1.2912095194374704,
                        -0.8506215720910669,
                        -2.7001999270846255,
                        3.470187139495548,
                        0.0,
                        -2.196142285690094
                    ],
                    [
                        0.0,
                        0.0,
                        0.0,
                        0.0,
                        100.0,
                        -98.66983254712693
                    ],
                    [
                        -0.8778613596166821,
                        0.9283029939607446,
                        1.7218041300999467,
                        -2.196142285690094,
                        -98.66983254712693,
                        100.11887059586144
                    ]
                ],
                "mui": [
                    0.0,
                    0.0,
                    0.0,
                    0.0,
                    1.0,
                    -0.9866983254712693
                ],
                "Ai": [
                    [
                        0.0,
                        0.0,
                        0.0,
                        0.0,
                        0.0,
                        0.0
                    ],
                    [
                        -0.614246589012162,
                        0.0,
                        0.0,
                        0.0,
                        0.0,
                        0.0
                    ],
                    [
                        -0.7570467451970162,
                        0.9739437054468454,
                        0.0,
                        0.0,
                        0.0,
                        0.0
                    ],
                    [
                        0.5789112313883895,
                        0.813435420088014,
                        -0.8942364371716909,
                        0.0,
                        0.0,
                        0.0
                    ],
                    [
                        0.0,
                        0.0,
                        0.0,
                        0.0,
                        0.0,
                        0.0
                    ],
                    [
                        -0.0,
                        0.974781218304289,
                        -0.6547040077562369,
                        -0.9033530300594554,
                        -0.9866983254712693,
                        0.0
                    ]
                ]
            },
            "est_params": {
                "mui": [
                    -0.0022443977448403834,
                    0.013290755413652825,
                    0.010864806142189485,
                    -0.00328138166744618,
                    0.6459201024477516,
                    -0.013741739106428244
                ],
                "Si": [
                    [
                        0.9933408184319411,
                        -0.6041050663691834,
                        -1.3465105640322281,
                        1.287444129233569,
                        0.09703708929961384,
                        -0.49214732625609386
                    ],
                    [
                        -0.6041050663691834,
                        1.3466097858032475,
                        1.7658023849509643,
                        -0.8235211932733234,
                        0.26217314565273014,
                        0.7342657842110307
                    ],
                    [
                        -1.3465105640322281,
                        1.7658023849509643,
                        3.726722241305509,
                        -2.6756709188227403,
                        0.3022718630282729,
                        1.3652045786709126
                    ],
                    [
                        1.287444129233569,
                        -0.8235211932733234,
                        -2.6756709188227403,
                        3.47523008661874,
                        0.23356684837549796,
                        -1.208698490111442
                    ],
                    [
                        0.09703708929961383,
                        0.26217314565273014,
                        0.30227186302827297,
                        0.2335668483754979,
                        62.42310723966246,
                        -60.63994079556604
                    ],
                    [
                        -0.49214732625609375,
                        0.734265784211031,
                        1.3652045786709126,
                        -1.208698490111442,
                        -60.63994079556604,
                        123.43500772646767
                    ]
                ]
            },
            "est_tgt": [
                2,
                4,
                5
            ],
            "oracle_est_tgt": [
                2,
                4
            ]
        },
        "5": {
            "intv_type": "hard",
            "inode": 5,
            "new_mui": 1.0,
            "new_vari": 100,
            "noise_type": "gaussian",
            "obs_noise_gamma_shape": null,
            "true_params": {
                "Si": [
                    [
                        1.0,
                        -0.614246589012162,
                        -1.3552883441576067,
                        1.2912095194374704,
                        0.006078409169140077,
                        0.0
                    ],
                    [
                        -0.614246589012162,
                        1.377298872113076,
                        1.8064249479735963,
                        -0.8506215720910669,
                        0.9132538315288449,
                        0.0
                    ],
                    [
                        -1.3552883441576067,
                        1.8064249479735963,
                        3.7853728371889988,
                        -2.7001999270846255,
                        1.4071978315835603,
                        0.0
                    ],
                    [
                        1.2912095194374704,
                        -0.8506215720910669,
                        -2.7001999270846255,
                        3.470187139495548,
                        -0.010084462957707263,
                        0.0
                    ],
                    [
                        0.006078409169140077,
                        0.9132538315288449,
                        1.4071978315835603,
                        -0.010084462957707263,
                        2.3656385896796395,
                        0.0
                    ],
                    [
                        0.0,
                        0.0,
                        0.0,
                        0.0,
                        0.0,
                        100.0
                    ]
                ],
                "mui": [
                    0.0,
                    0.0,
                    0.0,
                    0.0,
                    0.0,
                    1.0
                ],
                "Ai": [
                    [
                        0.0,
                        0.0,
                        0.0,
                        0.0,
                        0.0,
                        0.0
                    ],
                    [
                        -0.614246589012162,
                        0.0,
                        0.0,
                        0.0,
                        0.0,
                        0.0
                    ],
                    [
                        -0.7570467451970162,
                        0.9739437054468454,
                        0.0,
                        0.0,
                        0.0,
                        0.0
                    ],
                    [
                        0.5789112313883895,
                        0.813435420088014,
                        -0.8942364371716909,
                        0.0,
                        0.0,
                        0.0
                    ],
                    [
                        0.6742214084607324,
                        -0.0,
                        0.9711510841075046,
                        0.501891238919661,
                        0.0,
                        0.0
                    ],
                    [
                        0.0,
                        0.0,
                        0.0,
                        0.0,
                        0.0,
                        0.0
                    ]
                ]
            },
            "oracle_est_tgt": [
                5
            ]
        },
        "obs": {
            "intv_type": "obs",
            "noise_type": "gaussian",
            "obs_noise_gamma_shape": null,
            "true_params": {
                "Si": [
                    [
                        1.0,
                        -0.614246589012162,
                        -1.3552883441576067,
                        1.2912095194374704,
                        0.006078409169140077,
                        -0.8838589157654019
                    ],
                    [
                        -0.614246589012162,
                        1.377298872113076,
                        1.8064249479735963,
                        -0.8506215720910669,
                        0.9132538315288449,
                        0.02719696766101254
                    ],
                    [
                        -1.3552883441576067,
                        1.8064249479735963,
                        3.7853728371889988,
                        -2.7001999270846255,
                        1.4071978315835603,
                        0.3333243860696464
                    ],
                    [
                        1.2912095194374704,
                        -0.8506215720910669,
                        -2.7001999270846255,
                        3.470187139495548,
                        -0.010084462957707263,
                        -2.1861919629764475
                    ],
                    [
                        0.006078409169140077,
                        0.9132538315288449,
                        1.4071978315835603,
                        -0.010084462957707263,
                        2.3656385896796395,
                        -2.3561371824626436
                    ],
                    [
                        -0.8838589157654019,
                        0.02719696766101254,
                        0.3333243860696464,
                        -2.1861919629764475,
                        -2.3561371824626436,
                        5.107982028390987
                    ]
                ],
                "mui": [
                    0.0,
                    0.0,
                    0.0,
                    0.0,
                    0.0,
                    0.0
                ],
                "Ai": [
                    [
                        0.0,
                        0.0,
                        0.0,
                        0.0,
                        0.0,
                        0.0
                    ],
                    [
                        -0.614246589012162,
                        0.0,
                        0.0,
                        0.0,
                        0.0,
                        0.0
                    ],
                    [
                        -0.7570467451970162,
                        0.9739437054468454,
                        0.0,
                        0.0,
                        0.0,
                        0.0
                    ],
                    [
                        0.5789112313883895,
                        0.813435420088014,
                        -0.8942364371716909,
                        0.0,
                        0.0,
                        0.0
                    ],
                    [
                        0.6742214084607324,
                        -0.0,
                        0.9711510841075046,
                        0.501891238919661,
                        0.0,
                        0.0
                    ],
                    [
                        -0.0,
                        0.974781218304289,
                        -0.6547040077562369,
                        -0.9033530300594554,
                        -0.9866983254712693,
                        0.0
                    ]
                ]
            },
            "est_params": {
                "mui": [
                    0.002136376607415215,
                    0.00216882447899591,
                    0.014910175540849372,
                    -0.02151119415409859,
                    0.013900224938599352,
                    0.013637785578894114
                ],
                "Si": [
                    [
                        1.0067189622250292,
                        -0.6249525161495291,
                        -1.358503016741251,
                        1.2825953472015426,
                        -0.0026590992640275163,
                        -0.8781255464288907
                    ],
                    [
                        -0.6249525161495291,
                        1.6982063499302653,
                        2.1119106709304774,
                        -0.8620284071715644,
                        1.1984737683370705,
                        -0.13390105352980688
                    ],
                    [
                        -1.358503016741251,
                        2.1119106709304774,
                        4.326706079722398,
                        -2.9257030792849963,
                        1.83030637686946,
                        0.05823574532005397
                    ],
                    [
                        1.2825953472015426,
                        -0.8620284071715644,
                        -2.925703079284997,
                        3.6771197646105147,
                        -0.15090448839295534,
                        -2.0970623596679556
                    ],
                    [
                        -0.0026590992640275163,
                        1.1984737683370705,
                        1.83030637686946,
                        -0.1509044883929553,
                        2.9244508002007823,
                        -2.7859279620790987
                    ],
                    [
                        -0.8781255464288908,
                        -0.13390105352980688,
                        0.058235745320053975,
                        -2.0970623596679556,
                        -2.7859279620790987,
                        5.753266289626972
                    ]
                ]
            },
            "est_tgt": [
                0,
                1,
                2,
                3,
                4,
                5
            ],
            "oracle_est_tgt": [
                0,
                1,
                2,
                3,
                4,
                5
            ]
        }
    },
    "metric_dict": {
