{
    "expt_args": {
        "save_dir": "expt_logs_29.04.24-7",
        "exp_name": "160",
        "num_nodes": 8,
        "obs_noise_mean": 0.5,
        "obs_noise_var": 1.0,
        "max_edge_strength": 1.0,
        "num_parents": 2,
        "new_noise_mean": 10.0,
        "mix_samples": 1024,
        "stage2_samples": 1024,
        "intv_targets": [
            0,
            1,
            2,
            3,
            4,
            5,
            6,
            7
        ]
    },
    "intv_args_dict": {
        "0": {
            "intv_type": "do",
            "inode": 0,
            "new_mui": 10.0,
            "true_params": {
                "Si": [
                    [
                        0.0,
                        0.0,
                        0.0,
                        0.0,
                        0.0,
                        0.0,
                        0.0,
                        0.0
                    ],
                    [
                        0.0,
                        1.0,
                        -0.6883856920800413,
                        0.6060638419054039,
                        1.0376196366706418,
                        -0.9592338937238716,
                        -0.6183448225517648,
                        0.3875505520444361
                    ],
                    [
                        0.0,
                        -0.6883856920800413,
                        1.4738748610605175,
                        -0.41720567725474017,
                        -1.4553395227608852,
                        1.3415001501310058,
                        0.8672750853497908,
                        -0.82976886739535
                    ],
                    [
                        0.0,
                        0.6060638419054039,
                        -0.41720567725474017,
                        1.3673133804651383,
                        1.49921197537592,
                        -1.390382660141233,
                        -0.8934198333561022,
                        0.2348803765046111
                    ],
                    [
                        0.0,
                        1.0376196366706418,
                        -1.4553395227608852,
                        1.49921197537592,
                        3.383326048878095,
                        -2.2042451815589383,
                        -2.0162129468183396,
                        0.8193337571468391
                    ],
                    [
                        0.0,
                        -0.9592338937238716,
                        1.3415001501310058,
                        -1.390382660141233,
                        -2.2042451815589383,
                        3.0386546784701807,
                        1.3135676576293231,
                        -0.7552439420697816
                    ],
                    [
                        0.0,
                        -0.6183448225517648,
                        0.8672750853497908,
                        -0.8934198333561022,
                        -2.0162129468183396,
                        1.3135676576293231,
                        2.2015143052103645,
                        -0.4882625277787088
                    ],
                    [
                        0.0,
                        0.3875505520444361,
                        -0.82976886739535,
                        0.2348803765046111,
                        0.8193337571468391,
                        -0.7552439420697816,
                        -0.4882625277787088,
                        1.467147104200654
                    ]
                ],
                "mui": [
                    10.0,
                    7.807207919842003,
                    -11.329851405768347,
                    -1.1968593710142374,
                    7.854381381020273,
                    -6.24934719525859,
                    -13.082104786313533,
                    0.3025380010147989
                ],
                "Ai": [
                    [
                        0.0,
                        0.0,
                        0.0,
                        0.0,
                        0.0,
                        0.0,
                        0.0,
                        0.0
                    ],
                    [
                        0.7307207919842003,
                        0.0,
                        0.0,
                        0.0,
                        0.0,
                        0.0,
                        0.0,
                        0.0
                    ],
                    [
                        -0.6455481178655129,
                        -0.6883856920800413,
                        0.0,
                        0.0,
                        0.0,
                        0.0,
                        0.0,
                        0.0
                    ],
                    [
                        -0.6428525797467978,
                        0.6060638419054039,
                        -0.0,
                        0.0,
                        0.0,
                        0.0,
                        0.0,
                        0.0
                    ],
                    [
                        -0.0,
                        -0.0,
                        -0.7410570110555246,
                        0.8703482319388216,
                        0.0,
                        0.0,
                        0.0,
                        0.0
                    ],
                    [
                        -0.0,
                        -0.0,
                        0.6811772623332657,
                        -0.8090256812250636,
                        -0.0,
                        0.0,
                        0.0,
                        0.0
                    ],
                    [
                        -0.8901472414238955,
                        -0.0,
                        -0.0,
                        0.0,
                        -0.5959262919655385,
                        0.0,
                        0.0,
                        0.0
                    ],
                    [
                        -0.6575994001327294,
                        0.0,
                        -0.5629846124102389,
                        0.0,
                        0.0,
                        -0.0,
                        0.0,
                        0.0
                    ]
                ]
            },
            "est_params": {
                "mui": [
                    10.0,
                    7.880211210793926,
                    -11.40243320005079,
                    -1.112543510738102,
                    7.967391117315149,
                    -6.317487314119321,
                    -13.13743513956222,
                    0.14687829856624743
                ],
                "Si": [
                    [
                        1e-06,
                        0.0,
                        0.0,
                        0.0,
                        0.0,
                        0.0,
                        0.0,
                        0.0
                    ],
                    [
                        0.0,
                        0.9275663437651899,
                        -0.7151441556956678,
                        0.4960960785398845,
                        0.9129864562802122,
                        -0.8451638570986658,
                        -0.4911637693921651,
                        0.4526077085322184
                    ],
                    [
                        0.0,
                        -0.7151441556956678,
                        1.618578097658147,
                        -0.4813609227870229,
                        -1.5498833440776927,
                        1.4069632902358027,
                        0.7955345880075878,
                        -1.1020849493762903
                    ],
                    [
                        0.0,
                        0.4960960785398845,
                        -0.4813609227870229,
                        1.2699988305574363,
                        1.5542845303526052,
                        -1.295141903776778,
                        -0.9170234354019093,
                        0.32623197174007895
                    ],
                    [
                        0.0,
                        0.9129864562802122,
                        -1.5498833440776927,
                        1.5542845303526052,
                        3.5616676757156895,
                        -2.3886638134996128,
                        -1.935227842107574,
                        1.036443032713959
                    ],
                    [
                        0.0,
                        -0.8451638570986658,
                        1.4069632902358027,
                        -1.295141903776778,
                        -2.3886638134996128,
                        3.0488260881881097,
                        1.427115371629313,
                        -0.9957437138904863
                    ],
                    [
                        0.0,
                        -0.4911637693921651,
                        0.7955345880075878,
                        -0.9170234354019093,
                        -1.935227842107574,
                        1.427115371629313,
                        1.730014947858112,
                        -0.649170769449401
                    ],
                    [
                        0.0,
                        0.4526077085322184,
                        -1.1020849493762903,
                        0.32623197174007895,
                        1.036443032713959,
                        -0.9957437138904863,
                        -0.649170769449401,
                        1.654330515721613
                    ]
                ]
            },
            "est_tgt": [
                0,
                1,
                3
            ]
        },
        "1": {
            "intv_type": "do",
            "inode": 1,
            "new_mui": 10.0,
            "true_params": {
                "Si": [
                    [
                        1.0,
                        0.0,
                        -0.6455481178655129,
                        -0.6428525797467978,
                        -0.08111764746199927,
                        0.08035154662492014,
                        -0.8418071025588985,
                        -0.2941657432040544
                    ],
                    [
                        0.0,
                        0.0,
                        0.0,
                        0.0,
                        0.0,
                        0.0,
                        0.0,
                        0.0
                    ],
                    [
                        -0.6455481178655129,
                        0.0,
                        1.4167323724797063,
                        0.41499227292053487,
                        -0.6886916664107527,
                        0.6293064726419655,
                        0.9850423473961015,
                        -0.37308647054435173
                    ],
                    [
                        -0.6428525797467978,
                        0.0,
                        0.41499227292053487,
                        1.413259439287113,
                        0.9224949208727591,
                        -0.8606798802595386,
                        0.02249447295110063,
                        0.18910520689186042
                    ],
                    [
                        -0.08111764746199927,
                        0.0,
                        -0.6886916664107527,
                        0.9224949208727591,
                        2.31325161120335,
                        -1.2154431857031562,
                        -1.306320804928625,
                        0.4410657271956081
                    ],
                    [
                        0.08035154662492014,
                        0.0,
                        0.6293064726419655,
                        -0.8606798802595386,
                        -1.2154431857031562,
                        2.124981386646538,
                        0.6527898431785472,
                        -0.40712898944787607
                    ],
                    [
                        -0.8418071025588985,
                        0.0,
                        0.9850423473961015,
                        0.02249447295110063,
                        -1.306320804928625,
                        0.6527898431785472,
                        2.5278031835523986,
                        -0.000991838486263446
                    ],
                    [
                        -0.2941657432040544,
                        0.0,
                        -0.37308647054435173,
                        0.18910520689186042,
                        0.4410657271956081,
                        -0.40712898944787607,
                        -0.000991838486263446,
                        1.4034851582855006
                    ]
                ],
                "mui": [
                    0.5,
                    10.0,
                    -6.70663097973317,
                    6.23921212918064,
                    10.900283153417066,
                    -9.116087373372153,
                    -6.440838941702207,
                    3.946930342637214
                ],
                "Ai": [
                    [
                        0.0,
                        0.0,
                        0.0,
                        0.0,
                        0.0,
                        0.0,
                        0.0,
                        0.0
                    ],
                    [
                        0.0,
                        0.0,
                        0.0,
                        0.0,
                        0.0,
                        0.0,
                        0.0,
                        0.0
                    ],
                    [
                        -0.6455481178655129,
                        -0.6883856920800413,
                        0.0,
                        0.0,
                        0.0,
                        0.0,
                        0.0,
                        0.0
                    ],
                    [
                        -0.6428525797467978,
                        0.6060638419054039,
                        -0.0,
                        0.0,
                        0.0,
                        0.0,
                        0.0,
                        0.0
                    ],
                    [
                        -0.0,
                        -0.0,
                        -0.7410570110555246,
                        0.8703482319388216,
                        0.0,
                        0.0,
                        0.0,
                        0.0
                    ],
                    [
                        -0.0,
                        -0.0,
                        0.6811772623332657,
                        -0.8090256812250636,
                        -0.0,
                        0.0,
                        0.0,
                        0.0
                    ],
                    [
                        -0.8901472414238955,
                        -0.0,
                        -0.0,
                        0.0,
                        -0.5959262919655385,
                        0.0,
                        0.0,
                        0.0
                    ],
                    [
                        -0.6575994001327294,
                        0.0,
                        -0.5629846124102389,
                        0.0,
                        0.0,
                        -0.0,
                        0.0,
                        0.0
                    ]
                ]
            },
            "est_params": {
                "mui": [
                    0.5569672601862545,
                    10.0,
                    -6.737742956626557,
                    6.217523157683404,
                    11.020513991845673,
                    -9.13995576774835,
                    -6.626515966325857,
                    3.8445047368560776
                ],
                "Si": [
                    [
                        1.0414364913596204,
                        0.0,
                        -0.49617949011374185,
                        -0.7760925291957451,
                        -0.2395176635326527,
                        0.3840785994434388,
                        -1.0060041261888035,
                        -0.3979755485012249
                    ],
                    [
                        0.0,
                        1e-06,
                        0.0,
                        0.0,
                        0.0,
                        0.0,
                        0.0,
                        0.0
                    ],
                    [
                        -0.49617949011374185,
                        0.0,
                        1.2204811453372977,
                        0.23491602042961854,
                        -0.7272064205697495,
                        0.4763026560988777,
                        0.9432919218937857,
                        -0.2852692241973792
                    ],
                    [
                        -0.7760925291957451,
                        0.0,
                        0.23491602042961854,
                        1.4076911167395272,
                        0.8493526361969871,
                        -1.0731637585980034,
                        0.4686347268461773,
                        0.3040783528866038
                    ],
                    [
                        -0.2395176635326527,
                        0.0,
                        -0.7272064205697495,
                        0.8493526361969871,
                        2.1214751324186563,
                        -1.113975283207147,
                        -0.802258755539851,
                        0.4726291485807651
                    ],
                    [
                        0.3840785994434388,
                        0.0,
                        0.4763026560988777,
                        -1.0731637585980034,
                        -1.113975283207147,
                        2.092714870877654,
                        0.0717921929349821,
                        -0.4675952352788739
                    ],
                    [
                        -1.0060041261888035,
                        0.0,
                        0.9432919218937857,
                        0.4686347268461773,
                        -0.802258755539851,
                        0.0717921929349821,
                        2.28512128311927,
                        0.132362902987102
                    ],
                    [
                        -0.3979755485012249,
                        0.0,
                        -0.2852692241973792,
                        0.3040783528866038,
                        0.4726291485807651,
                        -0.4675952352788739,
                        0.132362902987102,
                        1.4205275516975573
                    ]
                ]
            },
            "est_tgt": [
                1,
                2,
                3,
                7
            ]
        },
        "2": {
            "intv_type": "do",
            "inode": 2,
            "new_mui": 10.0,
            "true_params": {
                "Si": [
                    [
                        1.0,
                        0.7307207919842003,
                        0.0,
                        -0.19998912919669393,
                        -0.17406018500332712,
                        0.16179634148596256,
                        -0.786420200796027,
                        -0.6575994001327294
                    ],
                    [
                        0.7307207919842003,
                        1.533952875838017,
                        0.0,
                        0.4599276270305651,
                        0.4002971970058701,
                        -0.3720932617726299,
                        -0.8889967215317267,
                        -0.48052155447332306
                    ],
                    [
                        0.0,
                        0.0,
                        0.0,
                        0.0,
                        0.0,
                        0.0,
                        0.0,
                        0.0
                    ],
                    [
                        -0.19998912919669393,
                        0.4599276270305651,
                        0.0,
                        1.4073090322619903,
                        1.2248489280207573,
                        -1.1385491485199417,
                        -0.5518999082241706,
                        0.13151273139281286
                    ],
                    [
                        -0.17406018500332712,
                        0.4002971970058701,
                        0.0,
                        1.2248489280207573,
                        2.066045098895027,
                        -0.990934238389782,
                        -1.0762714012956431,
                        0.11446187324517983
                    ],
                    [
                        0.16179634148596256,
                        -0.3720932617726299,
                        0.0,
                        -1.1385491485199417,
                        -0.990934238389782,
                        1.921115500489562,
                        0.44650119921910963,
                        -0.10639717710483923
                    ],
                    [
                        -0.786420200796027,
                        -0.8889967215317267,
                        0.0,
                        -0.5518999082241706,
                        -1.0762714012956431,
                        0.44650119921910963,
                        2.341408197661276,
                        0.5171494522957281
                    ],
                    [
                        -0.6575994001327294,
                        -0.48052155447332306,
                        0.0,
                        0.13151273139281286,
                        0.11446187324517983,
                        -0.10639717710483923,
                        0.5171494522957281,
                        1.4324369710549256
                    ]
                ],
                "mui": [
                    0.5,
                    0.8653603959921001,
                    10.0,
                    0.7030373563543549,
                    -6.29868279046529,
                    6.742997347181407,
                    3.8084770588771835,
                    -5.458645824168754
                ],
                "Ai": [
                    [
                        0.0,
                        0.0,
                        0.0,
                        0.0,
                        0.0,
                        0.0,
                        0.0,
                        0.0
                    ],
                    [
                        0.7307207919842003,
                        0.0,
                        0.0,
                        0.0,
                        0.0,
                        0.0,
                        0.0,
                        0.0
                    ],
                    [
                        0.0,
                        0.0,
                        0.0,
                        0.0,
                        0.0,
                        0.0,
                        0.0,
                        0.0
                    ],
                    [
                        -0.6428525797467978,
                        0.6060638419054039,
                        -0.0,
                        0.0,
                        0.0,
                        0.0,
                        0.0,
                        0.0
                    ],
                    [
                        -0.0,
                        -0.0,
                        -0.7410570110555246,
                        0.8703482319388216,
                        0.0,
                        0.0,
                        0.0,
                        0.0
                    ],
                    [
                        -0.0,
                        -0.0,
                        0.6811772623332657,
                        -0.8090256812250636,
                        -0.0,
                        0.0,
                        0.0,
                        0.0
                    ],
                    [
                        -0.8901472414238955,
                        -0.0,
                        -0.0,
                        0.0,
                        -0.5959262919655385,
                        0.0,
                        0.0,
                        0.0
                    ],
                    [
                        -0.6575994001327294,
                        0.0,
                        -0.5629846124102389,
                        0.0,
                        0.0,
                        -0.0,
                        0.0,
                        0.0
                    ]
                ]
            },
            "est_params": {
                "mui": [
                    0.5189071015753373,
                    0.7322768692996057,
                    10.0,
                    0.540808574301151,
                    -6.628449865227916,
                    6.818375136697927,
                    4.110727893720324,
                    -5.429388988135433
                ],
                "Si": [
                    [
                        0.9089491720277321,
                        0.6171785859105936,
                        0.0,
                        -0.12234259501325015,
                        0.0407160752196082,
                        -0.017392781280986976,
                        -0.7892221034219852,
                        -0.7017837847062517
                    ],
                    [
                        0.6171785859105936,
                        1.4508465137274742,
                        0.0,
                        0.573106973398855,
                        0.5400581664766904,
                        -0.7367134019544979,
                        -0.8506578109647037,
                        -0.3270543672503954
                    ],
                    [
                        0.0,
                        0.0,
                        1e-06,
                        0.0,
                        0.0,
                        0.0,
                        0.0,
                        0.0
                    ],
                    [
                        -0.12234259501325015,
                        0.573106973398855,
                        0.0,
                        1.1829068486486916,
                        0.88140278628941,
                        -1.1044097714954642,
                        -0.43404723266600725,
                        0.23304271633918963
                    ],
                    [
                        0.0407160752196082,
                        0.5400581664766904,
                        0.0,
                        0.88140278628941,
                        1.5856971173900183,
                        -1.0051819236681023,
                        -1.000661727090959,
                        0.009075856464047904
                    ],
                    [
                        -0.017392781280986976,
                        -0.7367134019544979,
                        0.0,
                        -1.1044097714954642,
                        -1.0051819236681023,
                        1.874251481030361,
                        0.7278175569123635,
                        -0.18639630870168514
                    ],
                    [
                        -0.7892221034219852,
                        -0.8506578109647037,
                        0.0,
                        -0.43404723266600725,
                        -1.000661727090959,
                        0.7278175569123635,
                        2.274272895652963,
                        0.49195349840456465
                    ],
                    [
                        -0.7017837847062517,
                        -0.3270543672503954,
                        0.0,
                        0.23304271633918963,
                        0.009075856464047904,
                        -0.18639630870168514,
                        0.49195349840456465,
                        1.739811725577113
                    ]
                ]
            },
            "est_tgt": [
                1,
                2,
                7
            ]
        },
        "3": {
            "intv_type": "do",
            "inode": 3,
            "new_mui": 10.0,
            "true_params": {
                "Si": [
                    [
                        1.0,
                        0.7307207919842003,
                        -1.1485658559728327,
                        0.0,
                        0.8511527802276575,
                        -0.7823769453810381,
                        -1.3973715616411222,
                        -0.010974496880229969
                    ],
                    [
                        0.7307207919842003,
                        1.533952875838017,
                        -1.5276666440025206,
                        0.0,
                        1.1320880770937318,
                        -1.0406117823194845,
                        -1.3250901471966845,
                        0.37953125899248635
                    ],
                    [
                        -1.1485658559728327,
                        -1.5276666440025206,
                        2.7930783865671236,
                        0.0,
                        -2.069830320793219,
                        1.9025814888440078,
                        2.2558590363560365,
                        -0.8171639349922376
                    ],
                    [
                        0.0,
                        0.0,
                        0.0,
                        0.0,
                        0.0,
                        0.0,
                        0.0,
                        0.0
                    ],
                    [
                        0.8511527802276575,
                        1.1320880770937318,
                        -2.069830320793219,
                        0.0,
                        2.533862270919121,
                        -1.4099213514123103,
                        -2.2676464468101387,
                        0.6055650632077186
                    ],
                    [
                        -0.7823769453810381,
                        -1.0406117823194845,
                        1.9025814888440078,
                        0.0,
                        -1.4099213514123103,
                        2.29599524993671,
                        1.5366398825947636,
                        -0.5566334921154911
                    ],
                    [
                        -1.3973715616411222,
                        -1.3250901471966845,
                        2.2558590363560365,
                        0.0,
                        -2.2676464468101387,
                        1.5366398825947636,
                        3.5952165793754407,
                        -0.3511032245373008
                    ],
                    [
                        -0.010974496880229969,
                        0.37953125899248635,
                        -0.8171639349922376,
                        0.0,
                        0.6055650632077186,
                        -0.5566334921154911,
                        -0.3511032245373008,
                        1.4672675437824283
                    ]
                ],
                "mui": [
                    0.5,
                    0.8653603959921001,
                    -0.418475774026437,
                    10.0,
                    9.513596725687396,
                    -7.8753129943547595,
                    -5.614476040706325,
                    0.40679572137698355
                ],
                "Ai": [
                    [
                        0.0,
                        0.0,
                        0.0,
                        0.0,
                        0.0,
                        0.0,
                        0.0,
                        0.0
                    ],
                    [
                        0.7307207919842003,
                        0.0,
                        0.0,
                        0.0,
                        0.0,
                        0.0,
                        0.0,
                        0.0
                    ],
                    [
                        -0.6455481178655129,
                        -0.6883856920800413,
                        0.0,
                        0.0,
                        0.0,
                        0.0,
                        0.0,
                        0.0
                    ],
                    [
                        0.0,
                        0.0,
                        0.0,
                        0.0,
                        0.0,
                        0.0,
                        0.0,
                        0.0
                    ],
                    [
                        -0.0,
                        -0.0,
                        -0.7410570110555246,
                        0.8703482319388216,
                        0.0,
                        0.0,
                        0.0,
                        0.0
                    ],
                    [
                        -0.0,
                        -0.0,
                        0.6811772623332657,
                        -0.8090256812250636,
                        -0.0,
                        0.0,
                        0.0,
                        0.0
                    ],
                    [
                        -0.8901472414238955,
                        -0.0,
                        -0.0,
                        0.0,
                        -0.5959262919655385,
                        0.0,
                        0.0,
                        0.0
                    ],
                    [
                        -0.6575994001327294,
                        0.0,
                        -0.5629846124102389,
                        0.0,
                        0.0,
                        -0.0,
                        0.0,
                        0.0
                    ]
                ]
            },
            "est_params": {
                "mui": [
                    0.4506488906252043,
                    0.9449163159598716,
                    -0.48919369107187594,
                    10.0,
                    9.718718832079873,
                    -8.022711430407298,
                    -5.619439138085587,
                    0.4803854921582916
                ],
                "Si": [
                    [
                        1.0207751429358964,
                        0.8540490058382779,
                        -1.2959295740468422,
                        0.0,
                        1.0401970463594103,
                        -0.8935847810306329,
                        -1.5450285907458818,
                        0.045330244123504414
                    ],
                    [
                        0.8540490058382779,
                        1.8181133616177316,
                        -1.8163511630883262,
                        0.0,
                        1.4101690967385738,
                        -1.1861319275865552,
                        -1.632367434607434,
                        0.4210003891361991
                    ],
                    [
                        -1.2959295740468422,
                        -1.8163511630883262,
                        2.9263572175839134,
                        0.0,
                        -2.3309060213029937,
                        1.9744847153612133,
                        2.6339875450167063,
                        -0.8044874041353491
                    ],
                    [
                        0.0,
                        0.0,
                        0.0,
                        1e-06,
                        0.0,
                        0.0,
                        0.0,
                        0.0
                    ],
                    [
                        1.0401970463594103,
                        1.4101690967385738,
                        -2.3309060213029937,
                        0.0,
                        2.763057223149636,
                        -1.5756257727850664,
                        -2.6289828826161314,
                        0.47280114428705927
                    ],
                    [
                        -0.8935847810306329,
                        -1.1861319275865552,
                        1.9744847153612133,
                        0.0,
                        -1.5756257727850664,
                        2.3562840922277792,
                        1.6149663715073963,
                        -0.40655410612374665
                    ],
                    [
                        -1.5450285907458818,
                        -1.632367434607434,
                        2.6339875450167063,
                        0.0,
                        -2.6289828826161314,
                        1.6149663715073963,
                        3.9569559679407575,
                        -0.3424770763425144
                    ],
                    [
                        0.045330244123504414,
                        0.4210003891361991,
                        -0.8044874041353491,
                        0.0,
                        0.47280114428705927,
                        -0.40655410612374665,
                        -0.3424770763425144,
                        1.5119858008722291
                    ]
                ]
            },
            "est_tgt": [
                1,
                3
            ]
        },
        "4": {
            "intv_type": "do",
            "inode": 4,
            "new_mui": 10.0,
            "true_params": {
                "Si": [
                    [
                        1.0,
                        0.7307207919842003,
                        -1.1485658559728327,
                        -0.19998912919669393,
                        0.0,
                        -0.6205806038950755,
                        -0.8901472414238955,
                        -0.010974496880229969
                    ],
                    [
                        0.7307207919842003,
                        1.533952875838017,
                        -1.5276666440025206,
                        0.4599276270305651,
                        0.0,
                        -1.4127050440921145,
                        -0.65044909723582,
                        0.37953125899248635
                    ],
                    [
                        -1.1485658559728327,
                        -1.5276666440025206,
                        2.7930783865671236,
                        -0.18750499189367797,
                        0.0,
                        2.0542778426438906,
                        1.0223927282878922,
                        -0.8171639349922376
                    ],
                    [
                        -0.19998912919669393,
                        0.4599276270305651,
                        -0.18750499189367797,
                        1.4073090322619903,
                        0.0,
                        -1.2662732855718986,
                        0.17801977166920413,
                        0.23707515657906014
                    ],
                    [
                        0.0,
                        0.0,
