{
    "expt_args": {
        "save_dir": "expt_logs_29.04.24-7",
        "exp_name": "69",
        "num_nodes": 8,
        "obs_noise_mean": 0.5,
        "obs_noise_var": 1.0,
        "max_edge_strength": 1.0,
        "num_parents": 2,
        "new_noise_mean": 10.0,
        "mix_samples": 32768,
        "stage2_samples": 32768,
        "intv_targets": [
            0,
            1,
            2,
            3,
            4,
            5,
            6,
            7
        ]
    },
    "intv_args_dict": {
        "0": {
            "intv_type": "do",
            "inode": 0,
            "new_mui": 10.0,
            "true_params": {
                "Si": [
                    [
                        0.0,
                        0.0,
                        0.0,
                        0.0,
                        0.0,
                        0.0,
                        0.0,
                        0.0
                    ],
                    [
                        0.0,
                        1.0,
                        0.5596555022136618,
                        -0.4533407642764737,
                        -0.570993016724604,
                        -0.19186768530047832,
                        -0.4524383237079156,
                        0.053231866304725095
                    ],
                    [
                        0.0,
                        0.5596555022136618,
                        1.313214281158026,
                        -1.0637500453835917,
                        -0.31955938353550206,
                        -1.040045629930679,
                        -0.2532095972754608,
                        -0.5805198807954586
                    ],
                    [
                        0.0,
                        -0.4533407642764737,
                        -1.0637500453835917,
                        1.8616751852985876,
                        0.2588544105984613,
                        0.8424737698284543,
                        0.20510873545771305,
                        0.47024164936562696
                    ],
                    [
                        0.0,
                        -0.570993016724604,
                        -0.31955938353550206,
                        0.2588544105984613,
                        1.326033025148264,
                        -0.4685673295668131,
                        1.0507101514496773,
                        -0.721815025419233
                    ],
                    [
                        0.0,
                        -0.19186768530047832,
                        -1.040045629930679,
                        0.8424737698284543,
                        -0.4685673295668131,
                        2.240904301538679,
                        -0.371279176669427,
                        0.9587285153471482
                    ],
                    [
                        0.0,
                        -0.4524383237079156,
                        -0.2532095972754608,
                        0.20510873545771305,
                        1.0507101514496773,
                        -0.371279176669427,
                        1.8325522829538625,
                        -1.4445415811539846
                    ],
                    [
                        0.0,
                        0.053231866304725095,
                        -0.5805198807954586,
                        0.47024164936562696,
                        -0.721815025419233,
                        0.9587285153471482,
                        -1.4445415811539846,
                        2.6147994857693213
                    ]
                ],
                "mui": [
                    10.0,
                    -5.120053611402374,
                    -11.715840829266659,
                    4.108990475315321,
                    -5.933720307376404,
                    14.857381193260908,
                    4.16118837574467,
                    4.019273629749952
                ],
                "Ai": [
                    [
                        0.0,
                        0.0,
                        0.0,
                        0.0,
                        0.0,
                        0.0,
                        0.0,
                        0.0
                    ],
                    [
                        -0.5620053611402374,
                        0.0,
                        0.0,
                        0.0,
                        0.0,
                        0.0,
                        0.0,
                        0.0
                    ],
                    [
                        -0.9350374654016389,
                        0.5596555022136618,
                        0.0,
                        0.0,
                        0.0,
                        0.0,
                        0.0,
                        0.0
                    ],
                    [
                        -0.5881255246692356,
                        0.0,
                        -0.8100353922785165,
                        0.0,
                        0.0,
                        0.0,
                        0.0,
                        0.0
                    ],
                    [
                        -0.935723516474275,
                        -0.570993016724604,
                        -0.0,
                        -0.0,
                        0.0,
                        0.0,
                        0.0,
                        0.0
                    ],
                    [
                        -0.0,
                        -0.0,
                        -0.932665824155267,
                        -0.0,
                        -0.5781224380085002,
                        0.0,
                        0.0,
                        0.0
                    ],
                    [
                        0.8362896436240671,
                        0.0,
                        0.0,
                        0.0,
                        0.7923710281138716,
                        -0.0,
                        0.0,
                        0.0
                    ],
                    [
                        -0.0,
                        0.0,
                        -0.610311387666,
                        -0.0,
                        0.0,
                        0.0,
                        -0.8725962673545067,
                        0.0
                    ]
                ]
            },
            "est_params": {
                "mui": [
                    10.0,
                    -5.102709063741571,
                    -11.703510013416972,
                    4.149076266205196,
                    -5.960711514954131,
                    14.865911904266557,
                    4.165713774862974,
                    4.01794215477545
                ],
                "Si": [
                    [
                        1e-06,
                        0.0,
                        0.0,
                        0.0,
                        0.0,
                        0.0,
                        0.0,
                        0.0
                    ],
                    [
                        0.0,
                        1.0040394740013538,
                        0.5547719800128336,
                        -0.459678034254312,
                        -0.5400350303363338,
                        -0.20873456992869424,
                        -0.4443033093551367,
                        0.052250286353557385
                    ],
                    [
                        0.0,
                        0.5547719800128336,
                        1.3083674924909459,
                        -1.0460085872816527,
                        -0.2788713807523706,
                        -1.0806979079401917,
                        -0.23900784174933512,
                        -0.587345017913485
                    ],
                    [
                        0.0,
                        -0.459678034254312,
                        -1.0460085872816527,
                        1.8411488986613938,
                        0.23303557326599042,
                        0.8337381188997097,
                        0.19716542819180152,
                        0.49882366142428364
                    ],
                    [
                        0.0,
                        -0.5400350303363338,
                        -0.2788713807523706,
                        0.23303557326599042,
                        1.299074492436322,
                        -0.49540769878717406,
                        1.0059666349336323,
                        -0.7338846524997903
                    ],
                    [
                        0.0,
                        -0.20873456992869424,
                        -1.0806979079401917,
                        0.8337381188997097,
                        -0.49540769878717406,
                        2.299410877480665,
                        -0.3573631528876612,
                        0.9621627914616475
                    ],
                    [
                        0.0,
                        -0.4443033093551367,
                        -0.23900784174933512,
                        0.19716542819180152,
                        1.0059666349336323,
                        -0.3573631528876612,
                        1.7568109401229073,
                        -1.4221876248862393
                    ],
                    [
                        0.0,
                        0.052250286353557385,
                        -0.587345017913485,
                        0.49882366142428364,
                        -0.7338846524997903,
                        0.9621627914616475,
                        -1.4221876248862393,
                        2.655654375069501
                    ]
                ]
            },
            "est_tgt": [
                0
            ]
        },
        "1": {
            "intv_type": "do",
            "inode": 1,
            "new_mui": 10.0,
            "true_params": {
                "Si": [
                    [
                        1.0,
                        0.0,
                        -0.9350374654016389,
                        0.16928791541249077,
                        -0.935723516474275,
                        1.4130402489308662,
                        0.09484943884501851,
                        0.48789874673214106
                    ],
                    [
                        0.0,
                        0.0,
                        0.0,
                        0.0,
                        0.0,
                        0.0,
                        0.0,
                        0.0
                    ],
                    [
                        -0.9350374654016389,
                        0.0,
                        1.874295061704721,
                        -0.9683259356289389,
                        0.8749365451608148,
                        -2.2539113970260853,
                        -0.08868777889241386,
                        -1.0665149951830575
                    ],
                    [
                        0.16928791541249077,
                        0.0,
                        -0.9683259356289389,
                        1.6848157350485167,
                        -0.1584066835063755,
                        0.994702964869831,
                        0.01605686378011771,
                        0.5769691860867251
                    ],
                    [
                        -0.935723516474275,
                        0.0,
                        0.8749365451608148,
                        -0.1584066835063755,
                        1.875578499282983,
                        -1.9003374286577752,
                        0.7036181776621993,
                        -1.147958332467608
                    ],
                    [
                        1.4130402489308662,
                        0.0,
                        -2.2539113970260853,
                        0.994702964869831,
                        -1.9003374286577752,
                        4.20077383797472,
                        -0.32406139590397537,
                        1.6583625568547027
                    ],
                    [
                        0.09484943884501851,
                        0.0,
                        -0.08868777889241386,
                        0.01605686378011771,
                        0.7036181776621993,
                        -0.32406139590397537,
                        1.6368482622434488,
                        -1.3741805224544996
                    ],
                    [
                        0.48789874673214106,
                        0.0,
                        -1.0665149951830575,
                        0.5769691860867251,
                        -1.147958332467608,
                        1.6583625568547027,
                        -1.3741805224544996,
                        2.850011041241831
                    ]
                ],
                "mui": [
                    0.5,
                    10.0,
                    5.629036289435799,
                    -4.3537813811977495,
                    -5.677791925483177,
                    -1.4675508596212339,
                    -3.5807730035997105,
                    0.18910420815705953
                ],
                "Ai": [
                    [
                        0.0,
                        0.0,
                        0.0,
                        0.0,
                        0.0,
                        0.0,
                        0.0,
                        0.0
                    ],
                    [
                        0.0,
                        0.0,
                        0.0,
                        0.0,
                        0.0,
                        0.0,
                        0.0,
                        0.0
                    ],
                    [
                        -0.9350374654016389,
                        0.5596555022136618,
                        0.0,
                        0.0,
                        0.0,
                        0.0,
                        0.0,
                        0.0
                    ],
                    [
                        -0.5881255246692356,
                        0.0,
                        -0.8100353922785165,
                        0.0,
                        0.0,
                        0.0,
                        0.0,
                        0.0
                    ],
                    [
                        -0.935723516474275,
                        -0.570993016724604,
                        -0.0,
                        -0.0,
                        0.0,
                        0.0,
                        0.0,
                        0.0
                    ],
                    [
                        -0.0,
                        -0.0,
                        -0.932665824155267,
                        -0.0,
                        -0.5781224380085002,
                        0.0,
                        0.0,
                        0.0
                    ],
                    [
                        0.8362896436240671,
                        0.0,
                        0.0,
                        0.0,
                        0.7923710281138716,
                        -0.0,
                        0.0,
                        0.0
                    ],
                    [
                        -0.0,
                        0.0,
                        -0.610311387666,
                        -0.0,
                        0.0,
                        0.0,
                        -0.8725962673545067,
                        0.0
                    ]
                ]
            },
            "est_params": {
                "mui": [
                    0.4790467504869793,
                    10.0,
                    5.625091716918643,
                    -4.341779124443483,
                    -5.657860927754317,
                    -1.4982291653468203,
                    -3.598424466160522,
                    0.23504559027761895
                ],
                "Si": [
                    [
                        0.9946420314179233,
                        0.0,
                        -0.9597850387707049,
                        0.20250987202024223,
                        -0.9221459871581699,
                        1.4112354065753387,
                        0.09831985653208741,
                        0.48182982280127895
                    ],
                    [
                        0.0,
                        1e-06,
                        0.0,
                        0.0,
                        0.0,
                        0.0,
                        0.0,
                        0.0
                    ],
                    [
                        -0.9597850387707049,
                        0.0,
                        1.9235576704259818,
                        -1.0048534970920284,
                        0.8880215287256537,
                        -2.302791935721005,
                        -0.10180156945030631,
                        -1.087064200785199
                    ],
                    [
                        0.20250987202024223,
                        0.0,
                        -1.0048534970920284,
                        1.6713614184253895,
                        -0.18035639186471747,
                        1.0548550434045556,
                        0.0188464250926896,
                        0.6137879581009247
                    ],
                    [
                        -0.9221459871581699,
                        0.0,
                        0.8880215287256537,
                        -0.18035639186471747,
                        1.829887663947001,
                        -1.869279173120402,
                        0.6840283216188185,
                        -1.115893725635767
                    ],
                    [
                        1.4112354065753387,
                        0.0,
                        -2.302791935721005,
                        1.0548550434045556,
                        -1.869279173120402,
                        4.210605130379951,
                        -0.33136359707423146,
                        1.6879165944818297
                    ],
                    [
                        0.09831985653208741,
                        0.0,
                        -0.10180156945030631,
                        0.0188464250926896,
                        0.6840283216188185,
                        -0.33136359707423146,
                        1.604823429328884,
                        -1.3610859718724573
                    ],
                    [
                        0.48182982280127895,
                        0.0,
                        -1.087064200785199,
                        0.6137879581009247,
                        -1.115893725635767,
                        1.6879165944818297,
                        -1.3610859718724573,
                        2.8834482992985824
                    ]
                ]
            },
            "est_tgt": [
                1,
                2
            ]
        },
        "2": {
            "intv_type": "do",
            "inode": 2,
            "new_mui": 10.0,
            "true_params": {
                "Si": [
                    [
                        1.0,
                        -0.5620053611402374,
                        0.0,
                        -0.5881255246692356,
                        -0.6148223799014103,
                        0.3554426132107916,
                        0.34912220235416924,
                        -0.3046427306248328
                    ],
                    [
                        -0.5620053611402374,
                        1.3158500259503687,
                        0.0,
                        0.33052969788752534,
                        -0.22545954307101168,
                        0.1303432207124957,
                        -0.6486468731240456,
                        0.5660068403192144
                    ],
                    [
                        0.0,
                        0.0,
                        0.0,
                        0.0,
                        0.0,
                        0.0,
                        0.0,
                        0.0
                    ],
                    [
                        -0.5881255246692356,
                        0.33052969788752534,
                        0.0,
                        1.3458916327674637,
                        0.36159273475790504,
                        -0.209044873384401,
                        -0.20532767843322483,
                        0.17916816578539843
                    ],
                    [
                        -0.6148223799014103,
                        -0.22545954307101168,
                        0.0,
                        0.36159273475790504,
                        1.7040395839758982,
                        -0.9851435187511365,
                        0.8360620081218652,
                        -0.7295445875640528
                    ],
                    [
                        0.3554426132107916,
                        0.1303432207124957,
                        0.0,
                        -0.209044873384401,
                        -0.9851435187511365,
                        1.5695335728486797,
                        -0.4833462064616951,
                        0.4217660955984359
                    ],
                    [
                        0.34912220235416924,
                        -0.6486468731240456,
                        0.0,
                        -0.20532767843322483,
                        0.8360620081218652,
                        -0.4833462064616951,
                        1.9544385951304881,
                        -1.7054358228844497
                    ],
                    [
                        -0.3046427306248328,
                        0.5660068403192144,
                        0.0,
                        0.17916816578539843,
                        -0.7295445875640528,
                        0.4217660955984359,
                        -1.7054358228844497,
                        2.4881569332616325
                    ]
                ],
                "mui": [
                    0.5,
                    0.21899731942988132,
                    10.0,
                    -7.894416685119783,
                    -0.09290769831300716,
                    -8.772946216494196,
                    0.8445274533800626,
                    -6.34004538015785
                ],
                "Ai": [
                    [
                        0.0,
                        0.0,
                        0.0,
                        0.0,
                        0.0,
                        0.0,
                        0.0,
                        0.0
                    ],
                    [
                        -0.5620053611402374,
                        0.0,
                        0.0,
                        0.0,
                        0.0,
                        0.0,
                        0.0,
                        0.0
                    ],
                    [
                        0.0,
                        0.0,
                        0.0,
                        0.0,
                        0.0,
                        0.0,
                        0.0,
                        0.0
                    ],
                    [
                        -0.5881255246692356,
                        0.0,
                        -0.8100353922785165,
                        0.0,
                        0.0,
                        0.0,
                        0.0,
                        0.0
                    ],
                    [
                        -0.935723516474275,
                        -0.570993016724604,
                        -0.0,
                        -0.0,
                        0.0,
                        0.0,
                        0.0,
                        0.0
                    ],
                    [
                        -0.0,
                        -0.0,
                        -0.932665824155267,
                        -0.0,
                        -0.5781224380085002,
                        0.0,
                        0.0,
                        0.0
                    ],
                    [
                        0.8362896436240671,
                        0.0,
                        0.0,
                        0.0,
                        0.7923710281138716,
                        -0.0,
                        0.0,
                        0.0
                    ],
                    [
                        -0.0,
                        0.0,
                        -0.610311387666,
                        -0.0,
                        0.0,
                        0.0,
                        -0.8725962673545067,
                        0.0
                    ]
                ]
            },
            "est_params": {
                "mui": [
                    0.48258084915915433,
                    0.22243519942161794,
                    9.999999999999996,
                    -7.888261107436966,
                    -0.07146131342477695,
                    -8.78267501267609,
                    0.831743281523518,
                    -6.324760894457951
                ],
                "Si": [
                    [
                        0.9889340547188158,
                        -0.5281905319360725,
                        1.0159834955155613e-30,
                        -0.5777116842968215,
                        -0.6434503410561407,
                        0.3886106344922663,
                        0.3385654757120586,
                        -0.29518647406832005
                    ],
                    [
                        -0.5281905319360725,
                        1.3144154645985282,
                        4.122014949809295e-31,
                        0.3100488929268122,
                        -0.25458213328613066,
                        0.1367621682371246,
                        -0.6596558121915822,
                        0.6156120580114675
                    ],
                    [
                        9.934446125092434e-31,
                        4.017989335933982e-31,
                        1e-06,
                        -1.1630063631260043e-29,
                        -7.28179297127194e-32,
                        -1.8138599539392152e-29,
                        1.6002606934485718e-30,
                        -1.0608878855050716e-29
                    ],
                    [
                        -0.5777116842968215,
                        0.3100488929268122,
                        -1.1630063631260043e-29,
                        1.364681350440423,
                        0.394813179150415,
                        -0.2064317221934252,
                        -0.16264282676085612,
                        0.14839204155669874
                    ],
                    [
                        -0.6434503410561407,
                        -0.25458213328613066,
                        -6.588288878769852e-32,
                        0.394813179150415,
                        1.7896193080765506,
                        -1.0809017004600352,
                        0.8393746203784906,
                        -0.7637926472703368
                    ],
                    [
                        0.3886106344922663,
                        0.1367621682371246,
                        -1.8142067059854665e-29,
                        -0.2064317221934252,
                        -1.0809017004600352,
                        1.6760143826678084,
                        -0.5006319492618795,
                        0.4637962366021374
                    ],
                    [
                        0.3385654757120586,
                        -0.6596558121915822,
                        1.6002606934485718e-30,
                        -0.16264282676085612,
                        0.8393746203784906,
                        -0.5006319492618795,
                        1.9311168952611388,
                        -1.7085360045209794
                    ],
                    [
                        -0.29518647406832005,
                        0.6156120580114675,
                        -1.0595008773200674e-29,
                        0.14839204155669874,
                        -0.7637926472703368,
                        0.4637962366021374,
                        -1.7085360045209794,
                        2.505371714358916
                    ]
                ]
            },
            "est_tgt": [
                1,
                2
            ]
        },
        "3": {
            "intv_type": "do",
            "inode": 3,
            "new_mui": 10.0,
            "true_params": {
                "Si": [
                    [
                        1.0,
                        -0.5620053611402374,
                        -1.249566858037349,
                        0.0,
                        -0.6148223799014103,
                        1.520870916699303,
                        0.34912220235416924,
                        0.4579821524853852
                    ],
                    [
                        -0.5620053611402374,
                        1.3158500259503687,
                        1.2619187755338137,
                        0.0,
                        -0.22545954307101168,
                        -1.046605294087754,
                        -0.6486468731240456,
                        -0.20415655869860705
                    ],
                    [
                        -1.249566858037349,
                        1.2619187755338137,
                        2.8746316138633583,
                        0.0,
                        0.44870228596894846,
                        -2.9404755227910098,
                        -0.6894611307422396,
                        -1.1527992001138034
                    ],
                    [
                        0.0,
                        0.0,
                        0.0,
                        0.0,
                        0.0,
                        0.0,
                        0.0,
                        0.0
                    ],
                    [
                        -0.6148223799014103,
                        -0.22545954307101168,
                        0.44870228596894846,
                        0.0,
                        1.7040395839758982,
                        -1.403632806094718,
                        0.8360620081218652,
                        -1.003392702362668
                    ],
                    [
                        1.520870916699303,
                        -1.046605294087754,
                        -2.9404755227910098,
                        0.0,
                        -1.403632806094718,
                        4.553952646800457,
                        0.15969062726503788,
                        1.655260251429516
                    ],
                    [
                        0.34912220235416924,
                        -0.6486468731240456,
                        -0.6894611307422396,
                        0.0,
                        0.8360620081218652,
                        0.15969062726503788,
                        1.9544385951304881,
                        -1.284649843439384
                    ],
                    [
                        0.4579821524853852,
                        -0.20415655869860705,
                        -1.1527992001138034,
                        0.0,
                        -1.003392702362668,
                        1.655260251429516,
                        -1.284649843439384,
                        2.824547137764468
                    ]
                ],
                "mui": [
                    0.5,
                    0.21899731942988132,
                    0.15504432208815644,
                    10.0,
                    -0.09290769831300716,
                    0.40910748461752877,
                    0.8445274533800626,
                    -0.3315568188612068
                ],
                "Ai": [
                    [
                        0.0,
                        0.0,
                        0.0,
                        0.0,
                        0.0,
                        0.0,
                        0.0,
                        0.0
                    ],
                    [
                        -0.5620053611402374,
                        0.0,
                        0.0,
                        0.0,
                        0.0,
                        0.0,
                        0.0,
                        0.0
                    ],
                    [
                        -0.9350374654016389,
                        0.5596555022136618,
                        0.0,
                        0.0,
                        0.0,
                        0.0,
                        0.0,
                        0.0
                    ],
                    [
                        0.0,
                        0.0,
                        0.0,
                        0.0,
                        0.0,
                        0.0,
                        0.0,
                        0.0
                    ],
                    [
                        -0.935723516474275,
                        -0.570993016724604,
                        -0.0,
                        -0.0,
                        0.0,
                        0.0,
                        0.0,
                        0.0
                    ],
                    [
                        -0.0,
                        -0.0,
                        -0.932665824155267,
                        -0.0,
                        -0.5781224380085002,
                        0.0,
                        0.0,
                        0.0
                    ],
                    [
                        0.8362896436240671,
                        0.0,
                        0.0,
                        0.0,
                        0.7923710281138716,
                        -0.0,
                        0.0,
                        0.0
                    ],
                    [
                        -0.0,
                        0.0,
                        -0.610311387666,
                        -0.0,
                        0.0,
                        0.0,
                        -0.8725962673545067,
                        0.0
                    ]
                ]
            },
            "est_params": {
                "mui": [
                    0.48961681019021,
                    0.2060882970868699,
                    0.1741845854071729,
                    10.0,
                    -0.061067145435817205,
                    0.39774949443744734,
                    0.8917572442109896,
                    -0.3566628548167296
                ],
                "Si": [
                    [
                        1.013109335568063,
                        -0.5609333335082866,
                        -1.235307227477112,
                        0.0,
                        -0.659724819930571,
                        1.5612604682247744,
                        0.32347274739284965,
                        0.5067222994357402
                    ],
                    [
                        -0.5609333335082866,
                        1.297050649480334,
                        1.242807263998918,
                        0.0,
                        -0.21450793635164253,
                        -1.0600880678047526,
                        -0.6361310971523246,
                        -0.22585254698504212
                    ],
                    [
                        -1.2353072274771117,
                        1.242807263998918,
                        2.8372216353565203,
                        0.0,
                        0.5125328311918484,
                        -2.9589530799365975,
                        -0.6286048835850923,
                        -1.2243607213245742
                    ],
                    [
                        0.0,
                        0.0,
                        0.0,
                        1e-06,
                        0.0,
                        0.0,
                        0.0,
                        0.0
                    ],
                    [
                        -0.659724819930571,
                        -0.21450793635164253,
                        0.5125328311918484,
                        0.0,
                        1.795194734829919,
                        -1.5233901841345496,
                        0.8876997829417853,
                        -1.108044028227968
                    ],
                    [
                        1.5612604682247744,
                        -1.0600880678047526,
                        -2.9589530799365975,
                        0.0,
                        -1.5233901841345496,
                        4.6773263653827195,
                        0.12059117099588514,
                        1.7725602408140886
                    ],
                    [
                        0.32347274739284965,
                        -0.6361310971523246,
                        -0.6286048835850923,
                        0.0,
                        0.8876997829417853,
                        0.12059117099588514,
                        1.968664263874204,
                        -1.3118249683974585
                    ],
                    [
                        0.5067222994357402,
                        -0.22585254698504212,
                        -1.2243607213245742,
                        0.0,
                        -1.108044028227968,
                        1.7725602408140886,
                        -1.3118249683974585,
                        2.92180132532523
                    ]
                ]
            },
            "est_tgt": [
                3
            ]
        },
        "4": {
            "intv_type": "do",
            "inode": 4,
            "new_mui": 10.0,
            "true_params": {
                "Si": [
                    [
                        1.0,
                        -0.5620053611402374,
                        -1.249566858037349,
                        0.4240678553592816,
                        0.0,
                        1.1654283034885116,
                        0.8362896436240671,
                        0.032881661656626426
                    ],
                    [
                        -0.5620053611402374,
                        1.3158500259503687,
                        1.2619187755338137,
                        -0.6916691724756326,
                        0.0,
                        -1.1769485148002499,
                        -0.46999926318278423,
                        -0.3600437963051555
                    ],
                    [
                        -1.249566858037349,
                        1.2619187755338137,
                        2.8746316138633583,
                        -1.5936511829995261,
                        0.0,
                        -2.681070663286654,
                        -1.0449998223924997,
                        -0.8425574648796814
                    ],
                    [
                        0.4240678553592816,
                        -0.6916691724756326,
                        -1.5936511829995261,
                        2.0415087312476077,
                        0.0,
                        1.4863439940082692,
                        0.35464355563083605,
