{
    "expt_args": {
        "save_dir": "expt_logs_29.04.24-7",
        "exp_name": "11",
        "num_nodes": 6,
        "obs_noise_mean": 0.5,
        "obs_noise_var": 1.0,
        "max_edge_strength": 1.0,
        "num_parents": 2,
        "new_noise_mean": 10.0,
        "mix_samples": 8192,
        "stage2_samples": 8192,
        "intv_targets": [
            0,
            1,
            2,
            3,
            4,
            5
        ]
    },
    "intv_args_dict": {
        "0": {
            "intv_type": "do",
            "inode": 0,
            "new_mui": 10.0,
            "true_params": {
                "Si": [
                    [
                        0.0,
                        0.0,
                        0.0,
                        0.0,
                        0.0,
                        0.0
                    ],
                    [
                        0.0,
                        1.0,
                        0.5233178014800212,
                        0.9234947416392534,
                        -0.28696177917109195,
                        -0.1663442716179655
                    ],
                    [
                        0.0,
                        0.5233178014800212,
                        1.2738615213458828,
                        1.1275211758521002,
                        0.1771889745224831,
                        0.10271183497264119
                    ],
                    [
                        0.0,
                        0.9234947416392534,
                        1.1275211758521002,
                        2.267887635522648,
                        0.4540269517084948,
                        0.26318760217835657
                    ],
                    [
                        0.0,
                        -0.28696177917109195,
                        0.1771889745224831,
                        0.4540269517084948,
                        1.4477140907530264,
                        0.8392021635529261
                    ],
                    [
                        0.0,
                        -0.1663442716179655,
                        0.10271183497264119,
                        0.26318760217835657,
                        0.8392021635529261,
                        1.486463643484738
                    ]
                ],
                "mui": [
                    10.0,
                    -7.695617808012193,
                    1.6459983148428716,
                    -2.9519269937066905,
                    4.819618442213411,
                    -5.403040270085384
                ],
                "Ai": [
                    [
                        0.0,
                        0.0,
                        0.0,
                        0.0,
                        0.0,
                        0.0
                    ],
                    [
                        -0.8195617808012192,
                        0.0,
                        0.0,
                        0.0,
                        0.0,
                        0.0
                    ],
                    [
                        0.5173252107162312,
                        0.5233178014800212,
                        0.0,
                        0.0,
                        0.0,
                        0.0
                    ],
                    [
                        0.0,
                        0.586352513670413,
                        0.644239937979086,
                        0.0,
                        0.0,
                        0.0
                    ],
                    [
                        0.0,
                        -0.7562222398875569,
                        0.0,
                        0.5081354982958561,
                        0.0,
                        0.0
                    ],
                    [
                        -0.8696847590218098,
                        -0.0,
                        -0.0,
                        0.0,
                        0.5796739624993332,
                        0.0
                    ]
                ]
            },
            "est_params": {
                "mui": [
                    10.0,
                    -7.758501968812081,
                    1.5778093448898645,
                    -3.0318819583396763,
                    4.885455506356923,
                    -5.370423569813821
                ],
                "Si": [
                    [
                        1e-06,
                        0.0,
                        0.0,
                        0.0,
                        0.0,
                        0.0
                    ],
                    [
                        0.0,
                        1.0635683455802574,
                        0.5429867031356428,
                        0.9567255314162145,
                        -0.30838978847346293,
                        -0.17292458678025252
                    ],
                    [
                        0.0,
                        0.5429867031356428,
                        1.222194536115633,
                        1.1626359792695364,
                        0.2475599584019479,
                        0.1252869552744314
                    ],
                    [
                        0.0,
                        0.9567255314162145,
                        1.1626359792695364,
                        2.4089972112081783,
                        0.5004851237672101,
                        0.3349005202348227
                    ],
                    [
                        0.0,
                        -0.30838978847346293,
                        0.2475599584019479,
                        0.5004851237672101,
                        1.4765089348560358,
                        0.8694348256542132
                    ],
                    [
                        0.0,
                        -0.17292458678025252,
                        0.1252869552744314,
                        0.3349005202348227,
                        0.8694348256542132,
                        1.4450732287120052
                    ]
                ]
            },
            "est_tgt": [
                0,
                2
            ]
        },
        "1": {
            "intv_type": "do",
            "inode": 1,
            "new_mui": 10.0,
            "true_params": {
                "Si": [
                    [
                        1.0,
                        0.0,
                        0.5173252107162312,
                        0.33328156166684236,
                        0.16935219241040206,
                        -0.7715157025893224
                    ],
                    [
                        0.0,
                        0.0,
                        0.0,
                        0.0,
                        0.0,
                        0.0
                    ],
                    [
                        0.5173252107162312,
                        0.0,
                        1.267625373642593,
                        0.8166548920962198,
                        0.4149713405310613,
                        -0.209361769928352
                    ],
                    [
                        0.33328156166684236,
                        0.0,
                        0.8166548920962198,
                        1.5261216970343858,
                        0.7754766089826852,
                        0.15967370410989892
                    ],
                    [
                        0.16935219241040206,
                        0.0,
                        0.4149713405310613,
                        0.7754766089826852,
                        1.3940471931221976,
                        0.6608098397019618
                    ],
                    [
                        -0.7715157025893224,
                        0.0,
                        -0.209361769928352,
                        0.15967370410989892,
                        0.6608098397019618,
                        2.0540297061265225
                    ]
                ],
                "mui": [
                    0.5,
                    10.0,
                    5.991840620158327,
                    10.223708166215497,
                    -1.8671933554042428,
                    -1.0172057505905083
                ],
                "Ai": [
                    [
                        0.0,
                        0.0,
                        0.0,
                        0.0,
                        0.0,
                        0.0
                    ],
                    [
                        0.0,
                        0.0,
                        0.0,
                        0.0,
                        0.0,
                        0.0
                    ],
                    [
                        0.5173252107162312,
                        0.5233178014800212,
                        0.0,
                        0.0,
                        0.0,
                        0.0
                    ],
                    [
                        0.0,
                        0.586352513670413,
                        0.644239937979086,
                        0.0,
                        0.0,
                        0.0
                    ],
                    [
                        0.0,
                        -0.7562222398875569,
                        0.0,
                        0.5081354982958561,
                        0.0,
                        0.0
                    ],
                    [
                        -0.8696847590218098,
                        -0.0,
                        -0.0,
                        0.0,
                        0.5796739624993332,
                        0.0
                    ]
                ]
            },
            "est_params": {
                "mui": [
                    0.5370658118502131,
                    10.0,
                    6.044053870361846,
                    10.264443805908748,
                    -1.886901546259799,
                    -1.046257659946404
                ],
                "Si": [
                    [
                        1.0283283493552884,
                        0.0,
                        0.5504006068856597,
                        0.2956844718036608,
                        0.13644225337061044,
                        -0.7718228023447722
                    ],
                    [
                        0.0,
                        1e-06,
                        0.0,
                        0.0,
                        0.0,
                        0.0
                    ],
                    [
                        0.5504006068856597,
                        0.0,
                        1.2842833321354719,
                        0.7685997689145554,
                        0.4001262601534127,
                        -0.2228945390147237
                    ],
                    [
                        0.2956844718036608,
                        0.0,
                        0.7685997689145554,
                        1.465087256445698,
                        0.747448150387856,
                        0.16886449743151846
                    ],
                    [
                        0.13644225337061044,
                        0.0,
                        0.4001262601534127,
                        0.747448150387856,
                        1.4212828634326766,
                        0.6629735435214635
                    ],
                    [
                        -0.7718228023447722,
                        0.0,
                        -0.2228945390147237,
                        0.16886449743151846,
                        0.6629735435214635,
                        1.9712936685484466
                    ]
                ]
            },
            "est_tgt": [
                1,
                2
            ]
        },
        "2": {
            "intv_type": "do",
            "inode": 2,
            "new_mui": 10.0,
            "true_params": {
                "Si": [
                    [
                        1.0,
                        -0.8195617808012192,
                        0.0,
                        -0.48055211028099487,
                        0.3755852595889743,
                        -0.6519677633395283
                    ],
                    [
                        -0.8195617808012192,
                        1.6716815125500657,
                        0.0,
                        0.980194656940089,
                        -0.7660910373680418,
                        0.2686773625732361
                    ],
                    [
                        0.0,
                        0.0,
                        0.0,
                        0.0,
                        0.0,
                        0.0
                    ],
                    [
                        -0.48055211028099487,
                        0.980194656940089,
                        0.0,
                        1.5747396009831292,
                        0.05893609283473056,
                        0.452092564694886
                    ],
                    [
                        0.3755852595889743,
                        -0.7660910373680418,
                        0.0,
                        0.05893609283473056,
                        1.6092826011364294,
                        0.606218446204207
                    ],
                    [
                        -0.6519677633395283,
                        0.2686773625732361,
                        0.0,
                        0.452092564694886,
                        0.606218446204207,
                        1.9184154760013075
                    ]
                ],
                "mui": [
                    0.5,
                    0.09021910959939039,
                    10.0,
                    6.995299581485569,
                    3.986334341425051,
                    2.3759318440301245
                ],
                "Ai": [
                    [
                        0.0,
                        0.0,
                        0.0,
                        0.0,
                        0.0,
                        0.0
                    ],
                    [
                        -0.8195617808012192,
                        0.0,
                        0.0,
                        0.0,
                        0.0,
                        0.0
                    ],
                    [
                        0.0,
                        0.0,
                        0.0,
                        0.0,
                        0.0,
                        0.0
                    ],
                    [
                        0.0,
                        0.586352513670413,
                        0.644239937979086,
                        0.0,
                        0.0,
                        0.0
                    ],
                    [
                        0.0,
                        -0.7562222398875569,
                        0.0,
                        0.5081354982958561,
                        0.0,
                        0.0
                    ],
                    [
                        -0.8696847590218098,
                        -0.0,
                        -0.0,
                        0.0,
                        0.5796739624993332,
                        0.0
                    ]
                ]
            },
            "est_params": {
                "mui": [
                    0.5228011965118621,
                    0.1332121449789312,
                    10.0,
                    6.957415210339472,
                    3.969356029177988,
                    2.37019413669014
                ],
                "Si": [
                    [
                        0.9263528044190462,
                        -0.736181422471416,
                        0.0,
                        -0.4260625195308188,
                        0.3487998099905201,
                        -0.6086602062151741
                    ],
                    [
                        -0.736181422471416,
                        1.631627229448978,
                        0.0,
                        0.9146845160331291,
                        -0.8143591774774523,
                        0.23778070168173432
                    ],
                    [
                        0.0,
                        0.0,
                        1e-06,
                        0.0,
                        0.0,
                        0.0
                    ],
                    [
                        -0.4260625195308188,
                        0.9146845160331291,
                        0.0,
                        1.5552185431668877,
                        0.07435642559194941,
                        0.4979871859083164
                    ],
                    [
                        0.3487998099905201,
                        -0.8143591774774523,
                        0.0,
                        0.07435642559194941,
                        1.6633467094958927,
                        0.6426256604542974
                    ],
                    [
                        -0.6086602062151741,
                        0.23778070168173432,
                        0.0,
                        0.4979871859083164,
                        0.6426256604542974,
                        1.88744005339484
                    ]
                ]
            },
            "est_tgt": [
                1,
                2
            ]
        },
        "3": {
            "intv_type": "do",
            "inode": 3,
            "new_mui": 10.0,
            "true_params": {
                "Si": [
                    [
                        1.0,
                        -0.8195617808012192,
                        0.0884339414102861,
                        0.0,
                        0.6197708456037329,
                        -0.5104197371091315
                    ],
                    [
                        -0.8195617808012192,
                        1.6716815125500657,
                        0.45084072297453637,
                        0.0,
                        -1.2641627377992297,
                        -0.020041833624491523
                    ],
                    [
                        0.0884339414102861,
                        0.45084072297453637,
                        1.2816820833392408,
                        0.0,
                        -0.3409357813603294,
                        -0.27454124636370203
                    ],
                    [
                        0.0,
                        0.0,
                        0.0,
                        0.0,
                        0.0,
                        0.0
                    ],
                    [
                        0.6197708456037329,
                        -1.2641627377992297,
                        -0.3409357813603294,
                        0.0,
                        1.9559879771609197,
                        0.5948300428143
                    ],
                    [
                        -0.5104197371091315,
                        -0.020041833624491523,
                        -0.27454124636370203,
                        0.0,
                        0.5948300428143,
                        1.7887117539995439
                    ]
                ],
                "mui": [
                    0.5,
                    0.09021910959939039,
                    0.8058758714451537,
                    10.0,
                    5.5131292858166505,
                    3.260975119369551
                ],
                "Ai": [
                    [
                        0.0,
                        0.0,
                        0.0,
                        0.0,
                        0.0,
                        0.0
                    ],
                    [
                        -0.8195617808012192,
                        0.0,
                        0.0,
                        0.0,
                        0.0,
                        0.0
                    ],
                    [
                        0.5173252107162312,
                        0.5233178014800212,
                        0.0,
                        0.0,
                        0.0,
                        0.0
                    ],
                    [
                        0.0,
                        0.0,
                        0.0,
                        0.0,
                        0.0,
                        0.0
                    ],
                    [
                        0.0,
                        -0.7562222398875569,
                        0.0,
                        0.5081354982958561,
                        0.0,
                        0.0
                    ],
                    [
                        -0.8696847590218098,
                        -0.0,
                        -0.0,
                        0.0,
                        0.5796739624993332,
                        0.0
                    ]
                ]
            },
            "est_params": {
                "mui": [
                    0.47540763555291493,
                    0.08160181323761917,
                    0.8037213108174114,
                    9.999999999999996,
                    5.581774748649565,
                    3.3003071201769933
                ],
                "Si": [
                    [
                        1.0516015275172383,
                        -0.897642937624246,
                        0.08517923480111396,
                        5.403004081952548e-27,
                        0.6638197024033756,
                        -0.5769514838175267
                    ],
                    [
                        -0.897642937624246,
                        1.770282065322237,
                        0.5006039450683925,
                        -3.9254696291935707e-26,
                        -1.3183839047740946,
                        0.06729749577484469
                    ],
                    [
                        0.08517923480111396,
                        0.5006039450683925,
                        1.317975729334997,
                        -1.350780147660022e-26,
                        -0.4138247811933531,
                        -0.32202542224285996
                    ],
                    [
                        5.402993294111109e-27,
                        -3.9254701685856426e-26,
                        -1.350780147660022e-26,
                        1e-06,
                        3.02444092897905e-26,
                        1.8070707800417442e-26
                    ],
                    [
                        0.6638197024033756,
                        -1.3183839047740946,
                        -0.41382478119335303,
                        3.0244387714107624e-26,
                        1.9772607468871346,
                        0.49349968477291173
                    ],
                    [
                        -0.5769514838175267,
                        0.06729749577484469,
                        -0.32202542224285996,
                        1.8070664649051687e-26,
                        0.49349968477291173,
                        1.7318102304879859
                    ]
                ]
            },
            "est_tgt": [
                3
            ]
        },
        "4": {
            "intv_type": "do",
            "inode": 4,
            "new_mui": 10.0,
            "true_params": {
                "Si": [
                    [
                        1.0,
                        -0.8195617808012192,
                        0.0884339414102861,
                        -0.42357943335158604,
                        0.0,
                        -0.8696847590218098
                    ],
                    [
                        -0.8195617808012192,
                        1.6716815125500657,
                        0.45084072297453637,
                        1.2706442563476505,
                        0.0,
                        0.7127603898395936
                    ],
                    [
                        0.0884339414102861,
                        0.45084072297453637,
                        1.2816820833392408,
                        1.0900623770604838,
                        0.0,
                        -0.07690965102475351
                    ],
                    [
                        -0.42357943335158604,
                        1.2706442563476505,
                        1.0900623770604838,
                        2.4473071718810986,
                        0.0,
                        0.36838057742096886
                    ],
                    [
                        0.0,
                        0.0,
                        0.0,
                        0.0,
                        0.0,
                        0.0
                    ],
                    [
                        -0.8696847590218098,
                        0.7127603898395936,
                        -0.07690965102475351,
                        0.36838057742096886,
                        0.0,
                        1.7563515800748233
                    ]
                ],
                "mui": [
                    0.5,
                    0.09021910959939039,
                    0.8058758714451537,
                    1.0720776231333766,
                    10.0,
                    5.861897245482427
                ],
                "Ai": [
                    [
                        0.0,
                        0.0,
                        0.0,
                        0.0,
                        0.0,
                        0.0
                    ],
                    [
                        -0.8195617808012192,
                        0.0,
                        0.0,
                        0.0,
                        0.0,
                        0.0
                    ],
                    [
                        0.5173252107162312,
                        0.5233178014800212,
                        0.0,
                        0.0,
                        0.0,
                        0.0
                    ],
                    [
                        0.0,
                        0.586352513670413,
                        0.644239937979086,
                        0.0,
                        0.0,
                        0.0
                    ],
                    [
                        0.0,
                        0.0,
                        0.0,
                        0.0,
                        0.0,
                        0.0
                    ],
                    [
                        -0.8696847590218098,
                        -0.0,
                        -0.0,
                        0.0,
                        0.5796739624993332,
                        0.0
                    ]
                ]
            },
            "est_params": {
                "mui": [
                    0.5564380841469663,
                    0.07671176035154352,
                    0.8412276502710917,
                    1.1028535947725133,
                    10.0,
                    5.81750414225736
                ],
                "Si": [
                    [
                        0.95555224465212,
                        -0.7838999428586249,
                        0.04675696060333246,
                        -0.45397018947000095,
                        0.0,
                        -0.8522277029290742
                    ],
                    [
                        -0.7838999428586249,
                        1.6111423323636445,
                        0.47973646629954436,
                        1.284595207102336,
                        0.0,
                        0.7435997275950355
                    ],
                    [
                        0.04675696060333246,
                        0.4797364662995444,
                        1.2747416039806478,
                        1.1383240370441492,
                        0.0,
                        -0.011132564226315419
                    ],
                    [
                        -0.45397018947000095,
                        1.284595207102336,
                        1.1383240370441492,
                        2.4705823587694757,
                        0.0,
                        0.4873044661244323
                    ],
                    [
                        0.0,
                        0.0,
                        0.0,
                        0.0,
                        1e-06,
                        0.0
                    ],
                    [
                        -0.8522277029290742,
                        0.7435997275950355,
                        -0.011132564226315419,
                        0.4873044661244323,
                        0.0,
                        1.718060392901506
                    ]
                ]
            },
            "est_tgt": [
                4
            ]
        },
        "5": {
            "intv_type": "do",
            "inode": 5,
            "new_mui": 10.0,
            "true_params": {
                "Si": [
                    [
                        1.0,
                        -0.8195617808012192,
                        0.0884339414102861,
                        -0.42357943335158604,
                        0.4045350991697483,
                        0.0
                    ],
                    [
                        -0.8195617808012192,
                        1.6716815125500657,
                        0.45084072297453637,
                        1.2706442563476505,
                        -0.6185032854432486,
                        0.0
                    ],
                    [
                        0.0884339414102861,
                        0.45084072297453637,
                        1.2816820833392408,
                        1.0900623770604838,
                        0.21296360778086493,
                        0.0
                    ],
                    [
                        -0.42357943335158604,
                        1.2706442563476505,
                        1.0900623770604838,
                        2.4473071718810986,
                        0.2826742036313452,
                        0.0
                    ],
                    [
                        0.4045350991697483,
                        -0.6185032854432486,
                        0.21296360778086493,
                        0.2826742036313452,
                        1.6113627372133044,
                        0.0
                    ],
                    [
                        0.0,
                        0.0,
                        0.0,
                        0.0,
                        0.0,
                        0.0
                    ]
                ],
                "mui": [
                    0.5,
                    0.09021910959939039,
                    0.8058758714451537,
                    1.0720776231333766,
                    0.9765350001008034,
                    10.0
                ],
                "Ai": [
                    [
                        0.0,
                        0.0,
                        0.0,
                        0.0,
                        0.0,
                        0.0
                    ],
                    [
                        -0.8195617808012192,
                        0.0,
                        0.0,
                        0.0,
                        0.0,
                        0.0
                    ],
                    [
                        0.5173252107162312,
                        0.5233178014800212,
                        0.0,
                        0.0,
                        0.0,
                        0.0
                    ],
                    [
                        0.0,
                        0.586352513670413,
                        0.644239937979086,
                        0.0,
                        0.0,
                        0.0
                    ],
                    [
                        0.0,
                        -0.7562222398875569,
                        0.0,
                        0.5081354982958561,
                        0.0,
                        0.0
                    ],
                    [
                        0.0,
                        0.0,
                        0.0,
                        0.0,
                        0.0,
                        0.0
                    ]
                ]
            },
            "est_params": {
                "mui": [
                    0.5010831196076155,
                    0.07610818829676094,
                    0.8243755045982456,
                    1.115068110445089,
                    1.0530996668926513,
                    9.999999999999998
                ],
                "Si": [
                    [
                        1.045687586878456,
                        -0.8454242275750361,
                        0.13888087962883972,
                        -0.3728022195810732,
                        0.4401195221254751,
                        4.004986134199016e-31
                    ],
                    [
                        -0.8454242275750361,
                        1.6093923640594063,
                        0.35712207901964144,
                        1.109649941963785,
                        -0.6670106408887884,
                        7.551489007243936e-32
                    ],
                    [
                        0.13888087962883972,
                        0.35712207901964144,
                        1.2350541613964423,
                        0.9240675025164171,
                        0.14614903658671646,
                        5.906343187808649e-31
                    ],
                    [
                        -0.3728022195810732,
                        1.109649941963785,
                        0.9240675025164171,
                        2.1888223331357004,
                        0.2268683300949814,
                        1.6019944536796064e-30
                    ],
                    [
                        0.4401195221254751,
                        -0.6670106408887884,
                        0.14614903658671646,
                        0.2268683300949814,
                        1.5470461508164988,
                        2.1575682877839816e-31
                    ],
                    [
                        3.978016530601716e-31,
                        7.551489007243936e-32,
                        5.906343187808649e-31,
                        1.618176215837986e-30,
                        2.1575682877839816e-31,
                        1e-06
                    ]
                ]
            },
            "est_tgt": [
                5
            ]
        },
        "obs": {
            "intv_type": "obs",
            "true_params": {
                "Si": [
                    [
                        1.0,
                        -0.8195617808012192,
                        0.0884339414102861,
                        -0.42357943335158604,
                        0.4045350991697483,
                        -0.635186295116021
                    ],
                    [
                        -0.8195617808012192,
                        1.6716815125500657,
                        0.45084072297453637,
                        1.2706442563476505,
                        -0.6185032854432486,
                        0.35423013954784943
                    ],
                    [
                        0.0884339414102861,
                        0.45084072297453637,
                        1.2816820833392408,
                        1.0900623770604838,
                        0.21296360778086493,
                        0.04653980736573429
                    ],
                    [
                        -0.42357943335158604,
                        1.2706442563476505,
                        1.0900623770604838,
                        2.4473071718810986,
                        0.2826742036313452,
                        0.5322394531362941
                    ],
                    [
                        0.4045350991697483,
                        -0.6185032854432486,
                        0.21296360778086493,
                        0.2826742036313452,
                        1.6113627372133044,
                        0.5822470126669015
                    ],
                    [
                        -0.635186295116021,
                        0.35423013954784943,
                        0.04653980736573429,
                        0.5322394531362941,
                        0.5822470126669015,
                        1.889925272987955
                    ]
                ],
                "mui": [
                    0.5,
                    0.09021910959939039,
                    0.8058758714451537,
                    1.0720776231333766,
                    0.9765350001008034,
                    0.6312295335168147
                ],
                "Ai": [
                    [
                        0.0,
                        0.0,
                        0.0,
                        0.0,
                        0.0,
                        0.0
                    ],
                    [
                        -0.8195617808012192,
                        0.0,
                        0.0,
                        0.0,
                        0.0,
                        0.0
                    ],
                    [
                        0.5173252107162312,
                        0.5233178014800212,
                        0.0,
                        0.0,
                        0.0,
                        0.0
                    ],
                    [
                        0.0,
                        0.586352513670413,
                        0.644239937979086,
                        0.0,
                        0.0,
                        0.0
                    ],
                    [
                        0.0,
                        -0.7562222398875569,
                        0.0,
                        0.5081354982958561,
                        0.0,
                        0.0
                    ],
                    [
                        -0.8696847590218098,
                        -0.0,
                        -0.0,
                        0.0,
                        0.5796739624993332,
                        0.0
                    ]
                ]
            },
            "est_params": {
                "mui": [
                    0.5260883682894648,
                    0.034916616061945856,
                    0.8107799635401017,
                    1.0121621059934045,
                    0.9473088635742248,
                    0.5739014028125334
                ],
                "Si": [
                    [
                        0.9107708957827441,
                        -0.7721165463876194,
                        0.042236571054149616,
                        -0.37065605540300767,
                        0.3715680201360348,
                        -0.5811186488454435
                    ],
                    [
                        -0.7721165463876194,
                        1.6175708766362629,
                        0.47364517182613725,
                        1.179564790062471,
                        -0.5418001729294509,
                        0.32126984062908615
                    ],
                    [
                        0.042236571054149616,
                        0.47364517182613725,
                        1.3141836751323626,
