{
    "expt_args": {
        "save_dir": "expt_logs_29.04.24-7",
        "exp_name": "188",
        "num_nodes": 8,
        "obs_noise_mean": 0.5,
        "obs_noise_var": 1.0,
        "max_edge_strength": 1.0,
        "num_parents": 2,
        "new_noise_mean": 10.0,
        "mix_samples": 16384,
        "stage2_samples": 16384,
        "intv_targets": [
            0,
            1,
            2,
            3,
            4,
            5,
            6,
            7
        ]
    },
    "intv_args_dict": {
        "0": {
            "intv_type": "do",
            "inode": 0,
            "new_mui": 10.0,
            "true_params": {
                "Si": [
                    [
                        0.0,
                        0.0,
                        0.0,
                        0.0,
                        0.0,
                        0.0,
                        0.0,
                        0.0
                    ],
                    [
                        0.0,
                        1.0,
                        0.6220223350886311,
                        -0.6501513860642989,
                        -0.6761653619297019,
                        0.24000938559123317,
                        0.35232385178914494,
                        -0.5784079104412623
                    ],
                    [
                        0.0,
                        0.6220223350886311,
                        1.3869117853491133,
                        -0.4044086833208253,
                        -0.4205899573335626,
                        0.14929119846864652,
                        0.7855700265752248,
                        -1.0839295249666887
                    ],
                    [
                        0.0,
                        -0.6501513860642989,
                        -0.4044086833208253,
                        1.422696824801329,
                        0.439609847267264,
                        0.7326014152076245,
                        -0.2290638405842252,
                        -0.09776986031532059
                    ],
                    [
                        0.0,
                        -0.6761653619297019,
                        -0.4205899573335626,
                        0.439609847267264,
                        1.4571995966735247,
                        -0.16228603307482156,
                        -0.23822918476147384,
                        0.3910993941065187
                    ],
                    [
                        0.0,
                        0.24000938559123317,
                        0.14929119846864652,
                        0.7326014152076245,
                        -0.16228603307482156,
                        1.8472923971693311,
                        0.08456103119704937,
                        -1.093080207071326
                    ],
                    [
                        0.0,
                        0.35232385178914494,
                        0.7855700265752248,
                        -0.2290638405842252,
                        -0.23822918476147384,
                        0.08456103119704937,
                        1.4449599990226185,
                        -0.6139558079531441
                    ],
                    [
                        0.0,
                        -0.5784079104412623,
                        -1.0839295249666887,
                        -0.09776986031532059,
                        0.3910993941065187,
                        -1.093080207071326,
                        -0.6139558079531441,
                        2.367751683296004
                    ]
                ],
                "mui": [
                    10.0,
                    5.8504085656118905,
                    10.187909629448155,
                    4.851495837815378,
                    -13.05746689718631,
                    9.595496184328873,
                    -0.05050489402079439,
                    -11.993836375767906
                ],
                "Ai": [
                    [
                        0.0,
                        0.0,
                        0.0,
                        0.0,
                        0.0,
                        0.0,
                        0.0,
                        0.0
                    ],
                    [
                        0.535040856561189,
                        0.0,
                        0.0,
                        0.0,
                        0.0,
                        0.0,
                        0.0,
                        0.0
                    ],
                    [
                        0.6048824832243719,
                        0.6220223350886311,
                        0.0,
                        0.0,
                        0.0,
                        0.0,
                        0.0,
                        0.0
                    ],
                    [
                        0.8155147075790395,
                        -0.6501513860642989,
                        -0.0,
                        0.0,
                        0.0,
                        0.0,
                        0.0,
                        0.0
                    ],
                    [
                        -0.9601623271982718,
                        -0.6761653619297019,
                        -0.0,
                        -0.0,
                        0.0,
                        0.0,
                        0.0,
                        0.0
                    ],
                    [
                        0.0,
                        0.8177624163330692,
                        -0.0,
                        0.8886438499182054,
                        -0.0,
                        0.0,
                        0.0,
                        0.0
                    ],
                    [
                        -0.6321107266064941,
                        0.0,
                        0.5664167215779201,
                        0.0,
                        0.0,
                        0.0,
                        0.0,
                        0.0
                    ],
                    [
                        -0.0,
                        0.0,
                        -0.7241468858802789,
                        0.0,
                        0.0,
                        -0.533197371526146,
                        -0.0,
                        0.0
                    ]
                ]
            },
            "est_params": {
                "mui": [
                    10.0,
                    5.838564611963505,
                    10.19891262942203,
                    4.84846487182711,
                    -13.087101565526432,
                    9.599993807257295,
                    -0.02860562174505422,
                    -11.99754174972996
                ],
                "Si": [
                    [
                        1e-06,
                        0.0,
                        0.0,
                        0.0,
                        0.0,
                        0.0,
                        0.0,
                        0.0
                    ],
                    [
                        0.0,
                        1.0221905120033126,
                        0.589394804318928,
                        -0.639371427134134,
                        -0.6690148445793332,
                        0.27242976274574715,
                        0.31505054772741364,
                        -0.5530666929358523
                    ],
                    [
                        0.0,
                        0.589394804318928,
                        1.2923534127940617,
                        -0.3676143788901521,
                        -0.40622506428429545,
                        0.181435725176926,
                        0.7170196806146593,
                        -1.0303056579214844
                    ],
                    [
                        0.0,
                        -0.639371427134134,
                        -0.3676143788901521,
                        1.3410274059464018,
                        0.404425761188141,
                        0.6593482700112392,
                        -0.1775457111947029,
                        -0.12847653770219636
                    ],
                    [
                        0.0,
                        -0.6690148445793332,
                        -0.40622506428429545,
                        0.404425761188141,
                        1.4713841242578938,
                        -0.2063205940353714,
                        -0.2103503209350925,
                        0.3871309800991862
                    ],
                    [
                        0.0,
                        0.27242976274574715,
                        0.181435725176926,
                        0.6593482700112392,
                        -0.2063205940353714,
                        1.8329996648351017,
                        0.14404946628994555,
                        -1.1707960883901845
                    ],
                    [
                        0.0,
                        0.31505054772741364,
                        0.7170196806146593,
                        -0.1775457111947029,
                        -0.2103503209350925,
                        0.14404946628994555,
                        1.3720371152317223,
                        -0.5796300819355439
                    ],
                    [
                        0.0,
                        -0.5530666929358523,
                        -1.0303056579214844,
                        -0.12847653770219636,
                        0.3871309800991862,
                        -1.1707960883901845,
                        -0.5796300819355439,
                        2.415108355518888
                    ]
                ]
            },
            "est_tgt": [
                0
            ]
        },
        "1": {
            "intv_type": "do",
            "inode": 1,
            "new_mui": 10.0,
            "true_params": {
                "Si": [
                    [
                        1.0,
                        0.0,
                        0.6048824832243719,
                        0.8155147075790395,
                        -0.9601623271982718,
                        0.7247021294079572,
                        -0.2894951735186342,
                        -0.8244330370901827
                    ],
                    [
                        0.0,
                        0.0,
                        0.0,
                        0.0,
                        0.0,
                        0.0,
                        0.0,
                        0.0
                    ],
                    [
                        0.6048824832243719,
                        0.0,
                        1.3658828185116825,
                        0.4932905614264069,
                        -0.5807853727741825,
                        0.4383596236342753,
                        0.3913061621384982,
                        -1.2228319886075991
                    ],
                    [
                        0.8155147075790395,
                        0.0,
                        0.4932905614264069,
                        1.6650642382777265,
                        -0.7830264994935087,
                        1.479649095064243,
                        -0.23608757177759226,
                        -1.1461598321603619
                    ],
                    [
                        -0.9601623271982718,
                        0.0,
                        -0.5807853727741825,
                        -0.7830264994935087,
                        1.921911694570801,
                        -0.6958316830978872,
                        0.2779623595183193,
                        0.7915895435116489
                    ],
                    [
                        0.7247021294079572,
                        0.0,
                        0.4383596236342753,
                        1.479649095064243,
                        -0.6958316830978872,
                        2.3148810683658776,
                        -0.20979776870228026,
                        -1.5517252573987341
                    ],
                    [
                        -0.2894951735186342,
                        0.0,
                        0.3913061621384982,
                        -0.23608757177759226,
                        0.2779623595183193,
                        -0.20979776870228026,
                        1.4046353579736632,
                        -0.17149951991425078
                    ],
                    [
                        -0.8244330370901827,
                        0.0,
                        -1.2228319886075991,
                        -1.1461598321603619,
                        0.7915895435116489,
                        -1.5517252573987341,
                        -0.17149951991425078,
                        2.7128858050807194
                    ]
                ],
                "mui": [
                    0.5,
                    10.0,
                    7.022664592498497,
                    -5.593756506853469,
                    -6.741734782896155,
                    3.706766845575413,
                    4.161699291921092,
                    -6.561879034160557
                ],
                "Ai": [
                    [
                        0.0,
                        0.0,
                        0.0,
                        0.0,
                        0.0,
                        0.0,
                        0.0,
                        0.0
                    ],
                    [
                        0.0,
                        0.0,
                        0.0,
                        0.0,
                        0.0,
                        0.0,
                        0.0,
                        0.0
                    ],
                    [
                        0.6048824832243719,
                        0.6220223350886311,
                        0.0,
                        0.0,
                        0.0,
                        0.0,
                        0.0,
                        0.0
                    ],
                    [
                        0.8155147075790395,
                        -0.6501513860642989,
                        -0.0,
                        0.0,
                        0.0,
                        0.0,
                        0.0,
                        0.0
                    ],
                    [
                        -0.9601623271982718,
                        -0.6761653619297019,
                        -0.0,
                        -0.0,
                        0.0,
                        0.0,
                        0.0,
                        0.0
                    ],
                    [
                        0.0,
                        0.8177624163330692,
                        -0.0,
                        0.8886438499182054,
                        -0.0,
                        0.0,
                        0.0,
                        0.0
                    ],
                    [
                        -0.6321107266064941,
                        0.0,
                        0.5664167215779201,
                        0.0,
                        0.0,
                        0.0,
                        0.0,
                        0.0
                    ],
                    [
                        -0.0,
                        0.0,
                        -0.7241468858802789,
                        0.0,
                        0.0,
                        -0.533197371526146,
                        -0.0,
                        0.0
                    ]
                ]
            },
            "est_params": {
                "mui": [
                    0.48183080106437576,
                    10.0,
                    7.046993065172192,
                    -5.6188799088027475,
                    -6.707917853909133,
                    3.6926900679541887,
                    4.162238901564984,
                    -6.562580061864236
                ],
                "Si": [
                    [
                        0.9570806303606124,
                        0.0,
                        0.5736798769322765,
                        0.7853065407635879,
                        -0.9018023778099408,
                        0.6737884296168125,
                        -0.3360918464204801,
                        -0.7782405107325411
                    ],
                    [
                        0.0,
                        1e-06,
                        0.0,
                        0.0,
                        0.0,
                        0.0,
                        0.0,
                        0.0
                    ],
                    [
                        0.5736798769322765,
                        0.0,
                        1.3845929901060576,
                        0.42757277727343534,
                        -0.5212169214829717,
                        0.37345454555371943,
                        0.3761857921327611,
                        -1.2373246218022376
                    ],
                    [
                        0.7853065407635879,
                        0.0,
                        0.42757277727343534,
                        1.6858803685677441,
                        -0.7240920709585921,
                        1.4731004424201206,
                        -0.26846693108544684,
                        -1.127727131886296
                    ],
                    [
                        -0.9018023778099408,
                        0.0,
                        -0.5212169214829717,
                        -0.7240920709585921,
                        1.7785568489986385,
                        -0.6333185230953365,
                        0.3307603957612653,
                        0.7134804070273958
                    ],
                    [
                        0.6737884296168125,
                        0.0,
                        0.37345454555371943,
                        1.4731004424201206,
                        -0.6333185230953365,
                        2.2992623559391343,
                        -0.19509562366416958,
                        -1.4995184204424834
                    ],
                    [
                        -0.3360918464204801,
                        0.0,
                        0.3761857921327611,
                        -0.26846693108544684,
                        0.3307603957612653,
                        -0.19509562366416958,
                        1.440791192876473,
                        -0.20571420048930808
                    ],
                    [
                        -0.7782405107325411,
                        0.0,
                        -1.2373246218022376,
                        -1.127727131886296,
                        0.7134804070273958,
                        -1.4995184204424834,
                        -0.20571420048930808,
                        2.6515926167665365
                    ]
                ]
            },
            "est_tgt": [
                1,
                4
            ]
        },
        "2": {
            "intv_type": "do",
            "inode": 2,
            "new_mui": 10.0,
            "true_params": {
                "Si": [
                    [
                        1.0,
                        0.535040856561189,
                        0.0,
                        0.46765715308475275,
                        -1.321938421622146,
                        0.8531169566574154,
                        -0.6321107266064941,
                        -0.4548797188941189
                    ],
                    [
                        0.535040856561189,
                        1.286268718189731,
                        0.0,
                        -0.39993570230086567,
                        -1.383456427355561,
                        0.6964618128280915,
                        -0.33820506460505423,
                        -0.37135160796827305
                    ],
                    [
                        0.0,
                        0.0,
                        0.0,
                        0.0,
                        0.0,
                        0.0,
                        0.0,
                        0.0
                    ],
                    [
                        0.46765715308475275,
                        -0.39993570230086567,
                        0.0,
                        1.641400037632665,
                        -0.17860411154190028,
                        1.1315676624063598,
                        -0.2956111028391275,
                        -0.6033489032990563
                    ],
                    [
                        -1.321938421622146,
                        -1.383456427355561,
                        0.0,
                        -0.17860411154190028,
                        3.2047207872343755,
                        -1.2900541162176138,
                        0.8356114562206167,
                        0.6878534638937169
                    ],
                    [
                        0.8531169566574154,
                        0.6964618128280915,
                        0.0,
                        1.1315676624063598,
                        -1.2900541162176138,
                        2.5751009389057415,
                        -0.5392643793530398,
                        -1.3730370520390522
                    ],
                    [
                        -0.6321107266064941,
                        -0.33820506460505423,
                        0.0,
                        -0.2956111028391275,
                        0.8356114562206167,
                        -0.5392643793530398,
                        1.39956397069099,
                        0.28753434962871927
                    ],
                    [
                        -0.4548797188941189,
                        -0.37135160796827305,
                        0.0,
                        -0.6033489032990563,
                        0.6878534638937169,
                        -1.3730370520390522,
                        0.28753434962871927,
                        1.7320997471552306
                    ]
                ],
                "mui": [
                    0.5,
                    0.7675204282805945,
                    10.0,
                    0.4087528835102269,
                    -0.4990518917759239,
                    1.490885096083427,
                    5.848111852475954,
                    -7.5364048732819775
                ],
                "Ai": [
                    [
                        0.0,
                        0.0,
                        0.0,
                        0.0,
                        0.0,
                        0.0,
                        0.0,
                        0.0
                    ],
                    [
                        0.535040856561189,
                        0.0,
                        0.0,
                        0.0,
                        0.0,
                        0.0,
                        0.0,
                        0.0
                    ],
                    [
                        0.0,
                        0.0,
                        0.0,
                        0.0,
                        0.0,
                        0.0,
                        0.0,
                        0.0
                    ],
                    [
                        0.8155147075790395,
                        -0.6501513860642989,
                        -0.0,
                        0.0,
                        0.0,
                        0.0,
                        0.0,
                        0.0
                    ],
                    [
                        -0.9601623271982718,
                        -0.6761653619297019,
                        -0.0,
                        -0.0,
                        0.0,
                        0.0,
                        0.0,
                        0.0
                    ],
                    [
                        0.0,
                        0.8177624163330692,
                        -0.0,
                        0.8886438499182054,
                        -0.0,
                        0.0,
                        0.0,
                        0.0
                    ],
                    [
                        -0.6321107266064941,
                        0.0,
                        0.5664167215779201,
                        0.0,
                        0.0,
                        0.0,
                        0.0,
                        0.0
                    ],
                    [
                        -0.0,
                        0.0,
                        -0.7241468858802789,
                        0.0,
                        0.0,
                        -0.533197371526146,
                        -0.0,
                        0.0
                    ]
                ]
            },
            "est_params": {
                "mui": [
                    0.45231637945885944,
                    0.7360676363725261,
                    9.999999999999995,
                    0.37517203359058016,
                    -0.43612399143872077,
                    1.4271904703344858,
                    5.840193235448324,
                    -7.495898707531531
                ],
                "Si": [
                    [
                        1.0059628670147205,
                        0.5236695182105428,
                        -1.510234846693515e-26,
                        0.4556567742139131,
                        -1.3156021234724444,
                        0.854586531164653,
                        -0.6681097319892492,
                        -0.5054040952812879
                    ],
                    [
                        0.5236695182105429,
                        1.2412771687788984,
                        -7.684807704252527e-27,
                        -0.3987999077228193,
                        -1.346520848797897,
                        0.6506098999221921,
                        -0.3214945335275439,
                        -0.34968771420942746
                    ],
                    [
                        -1.5102369272057924e-26,
                        -7.684814639293451e-27,
                        1e-06,
                        -4.48411424164201e-27,
                        1.306321584486161e-26,
                        -6.747586768839549e-27,
                        2.286631229486606e-27,
                        -4.0015186137500844e-30
                    ],
                    [
                        0.4556567742139131,
                        -0.3987999077228193,
                        -4.48412811172386e-27,
                        1.5668215709548983,
                        -0.16894142815458937,
                        1.08768467949598,
                        -0.3101759345863877,
                        -0.581349842146969
                    ],
                    [
                        -1.3156021234724444,
                        -1.3465208487978968,
                        1.3063118754288657e-26,
                        -0.16894142815458943,
                        3.173805193260329,
                        -1.2574869170064087,
                        0.8526092324021102,
                        0.7464442707938688
                    ],
                    [
                        0.854586531164653,
                        0.6506098999221921,
                        -6.747586768839549e-27,
                        1.08768467949598,
                        -1.2574869170064087,
                        2.4740995221677413,
                        -0.5785472661606047,
                        -1.33269456861835
                    ],
                    [
                        -0.6681097319892492,
                        -0.32149453352754387,
                        2.286681508533313e-27,
                        -0.3101759345863877,
                        0.8526092324021102,
                        -0.5785472661606047,
                        1.3959516787018786,
                        0.31209731110539485
                    ],
                    [
                        -0.5054040952812879,
                        -0.3496877142094274,
                        -4.015388695600172e-30,
                        -0.5813498421469689,
                        0.7464442707938688,
                        -1.33269456861835,
                        0.31209731110539485,
                        1.6786283185408954
                    ]
                ]
            },
            "est_tgt": [
                2
            ]
        },
        "3": {
            "intv_type": "do",
            "inode": 3,
            "new_mui": 10.0,
            "true_params": {
                "Si": [
                    [
                        1.0,
                        0.535040856561189,
                        0.937689846190384,
                        0.0,
                        -1.321938421622146,
                        0.4375363036983931,
                        -0.10098751807043269,
                        -0.912318389119573
                    ],
                    [
                        0.535040856561189,
                        1.286268718189731,
                        1.123724713583064,
                        0.0,
                        -1.383456427355561,
                        1.051862215040474,
                        0.29829140361875206,
                        -1.3745919201951344
                    ],
                    [
                        0.937689846190384,
                        1.123724713583064,
                        2.266174032997659,
                        0.0,
                        -1.6601581925775915,
                        0.9189398370728724,
                        0.6908750562886122,
                        -2.1310191745759277
                    ],
                    [
                        0.0,
                        0.0,
                        0.0,
                        0.0,
                        0.0,
                        0.0,
                        0.0,
                        0.0
                    ],
                    [
                        -1.321938421622146,
                        -1.383456427355561,
                        -1.6601581925775915,
                        0.0,
                        3.2047207872343755,
                        -1.131338670925799,
                        -0.1047299045199081,
                        1.8054251908672145
                    ],
                    [
                        0.4375363036983931,
                        1.051862215040474,
                        0.9189398370728724,
                        0.0,
                        -1.131338670925799,
                        1.8601733866209527,
                        0.24393149899465352,
                        -1.6572869816568325
                    ],
                    [
                        -0.10098751807043269,
                        0.29829140361875206,
                        0.6908750562886122,
                        0.0,
                        -0.1047299045199081,
                        0.24393149899465352,
                        1.4551584778286444,
                        -0.6303586546401428
                    ],
                    [
                        -0.912318389119573,
                        -1.3745919201951344,
                        -2.1310191745759277,
                        0.0,
                        1.8054251908672145,
                        -1.6572869816568325,
                        -0.6303586546401428,
                        3.4268319615042437
                    ]
                ],
                "mui": [
                    0.5,
                    0.7675204282805945,
                    1.2798560906395076,
                    10.0,
                    -0.4990518917759239,
                    10.014087859197785,
                    0.9088765276483162,
                    -5.766289127167657
                ],
                "Ai": [
                    [
                        0.0,
                        0.0,
                        0.0,
                        0.0,
                        0.0,
                        0.0,
                        0.0,
                        0.0
                    ],
                    [
                        0.535040856561189,
                        0.0,
                        0.0,
                        0.0,
                        0.0,
                        0.0,
                        0.0,
                        0.0
                    ],
                    [
                        0.6048824832243719,
                        0.6220223350886311,
                        0.0,
                        0.0,
                        0.0,
                        0.0,
                        0.0,
                        0.0
                    ],
                    [
                        0.0,
                        0.0,
                        0.0,
                        0.0,
                        0.0,
                        0.0,
                        0.0,
                        0.0
                    ],
                    [
                        -0.9601623271982718,
                        -0.6761653619297019,
                        -0.0,
                        -0.0,
                        0.0,
                        0.0,
                        0.0,
                        0.0
                    ],
                    [
                        0.0,
                        0.8177624163330692,
                        -0.0,
                        0.8886438499182054,
                        -0.0,
                        0.0,
                        0.0,
                        0.0
                    ],
                    [
                        -0.6321107266064941,
                        0.0,
                        0.5664167215779201,
                        0.0,
                        0.0,
                        0.0,
                        0.0,
                        0.0
                    ],
                    [
                        -0.0,
                        0.0,
                        -0.7241468858802789,
                        0.0,
                        0.0,
                        -0.533197371526146,
                        -0.0,
                        0.0
                    ]
                ]
            },
            "est_params": {
                "mui": [
                    0.4995875871976479,
                    0.754471496194904,
                    1.2424251596799725,
                    10.0,
                    -0.4385059257942746,
                    10.004043614504125,
                    0.8809368574827189,
                    -5.737062510862522
                ],
                "Si": [
                    [
                        0.9863551839112312,
                        0.4713330990398089,
                        0.8740820428673588,
                        0.0,
                        -1.2850001601718062,
                        0.4341643073923176,
                        -0.15626696761281691,
                        -0.8430658991503873
                    ],
                    [
                        0.4713330990398089,
                        1.2261452758204,
                        1.0342478992933462,
                        0.0,
                        -1.3023124318649044,
                        1.035334921643455,
                        0.2948340744214206,
                        -1.2793929281536696
                    ],
                    [
                        0.8740820428673588,
                        1.0342478992933462,
                        2.094936851181451,
                        0.0,
                        -1.5770727522411276,
                        0.9035111701495051,
                        0.6171944700163225,
                        -1.9699729230901744
                    ],
                    [
                        0.0,
                        0.0,
                        0.0,
                        1e-06,
                        0.0,
                        0.0,
                        0.0,
                        0.0
                    ],
                    [
                        -1.2850001601718062,
                        -1.3023124318649044,
                        -1.5770727522411276,
                        0.0,
                        3.152593126481496,
                        -1.1294390228973121,
                        -0.013224642018586573,
                        1.7236055933262369
                    ],
                    [
                        0.4341643073923176,
                        1.035334921643455,
                        0.9035111701495051,
                        0.0,
                        -1.1294390228973121,
                        1.9016235458537654,
                        0.22090992479955096,
                        -1.6665725169236416
                    ],
                    [
                        -0.15626696761281691,
                        0.2948340744214206,
                        0.6171944700163225,
                        0.0,
                        -0.01322464201858657,
                        0.22090992479955096,
                        1.4794071675603662,
                        -0.5776751900447736
                    ],
                    [
                        -0.8430658991503873,
                        -1.2793929281536696,
                        -1.9699729230901744,
                        0.0,
                        1.7236055933262369,
                        -1.6665725169236416,
                        -0.5776751900447736,
                        3.282608504378159
                    ]
                ]
            },
            "est_tgt": [
                3
            ]
        },
        "4": {
            "intv_type": "do",
            "inode": 4,
            "new_mui": 10.0,
            "true_params": {
                "Si": [
                    [
                        1.0,
                        0.535040856561189,
                        0.937689846190384,
                        0.46765715308475275,
                        0.0,
                        0.8531169566574154,
                        -0.10098751807043269,
                        -1.133904900934443
                    ],
                    [
                        0.535040856561189,
                        1.286268718189731,
                        1.123724713583064,
                        -0.39993570230086567,
                        0.0,
                        0.6964618128280915,
                        0.29829140361875206,
                        -1.185093359896157
                    ],
                    [
                        0.937689846190384,
                        1.123724713583064,
                        2.266174032997659,
                        0.034108680625049334,
                        0.0,
                        0.9492503063391468,
                        0.6908750562886122,
                        -2.147180637118429
                    ],
                    [
                        0.46765715308475275,
                        -0.39993570230086567,
                        0.034108680625049334,
                        1.641400037632665,
                        0.0,
                        1.1315676624063598,
                        -0.27629137578213875,
                        -0.6280485981551709
