{
    "expt_args": {
        "save_dir": "expt_logs_29.04.24-7",
        "exp_name": "161",
        "num_nodes": 8,
        "obs_noise_mean": 0.5,
        "obs_noise_var": 1.0,
        "max_edge_strength": 1.0,
        "num_parents": 2,
        "new_noise_mean": 10.0,
        "mix_samples": 2048,
        "stage2_samples": 2048,
        "intv_targets": [
            0,
            1,
            2,
            3,
            4,
            5,
            6,
            7
        ]
    },
    "intv_args_dict": {
        "0": {
            "intv_type": "do",
            "inode": 0,
            "new_mui": 10.0,
            "true_params": {
                "Si": [
                    [
                        0.0,
                        0.0,
                        0.0,
                        0.0,
                        0.0,
                        0.0,
                        0.0,
                        0.0
                    ],
                    [
                        0.0,
                        1.0,
                        -0.7912249205069619,
                        0.25007586763573564,
                        -0.7651055187264223,
                        0.6875117278983786,
                        1.3035907521882413,
                        -0.491848476662614
                    ],
                    [
                        0.0,
                        -0.7912249205069619,
                        1.6260368748312481,
                        -1.1903759727104453,
                        1.5723592044963985,
                        -2.025353869276095,
                        -3.250549300124085,
                        0.36309219629376266
                    ],
                    [
                        0.0,
                        0.25007586763573564,
                        -1.1903759727104453,
                        2.047613472394139,
                        -1.151080056346735,
                        2.5476126062931916,
                        3.3734269175360234,
                        0.8603769338442531
                    ],
                    [
                        0.0,
                        -0.7651055187264223,
                        1.5723592044963985,
                        -1.151080056346735,
                        2.520453506456381,
                        -2.5611467510332684,
                        -4.570880785560645,
                        0.3511060331780979
                    ],
                    [
                        0.0,
                        0.6875117278983786,
                        -2.025353869276095,
                        2.5476126062931916,
                        -2.5611467510332684,
                        4.850092602761372,
                        6.742174836999379,
                        0.5673911901427353
                    ],
                    [
                        0.0,
                        1.3035907521882413,
                        -3.250549300124085,
                        3.3734269175360234,
                        -4.570880785560645,
                        6.742174836999379,
                        11.2467826818947,
                        0.22571193977991186
                    ],
                    [
                        0.0,
                        -0.491848476662614,
                        0.36309219629376266,
                        0.8603769338442531,
                        0.3511060331780979,
                        0.5673911901427353,
                        0.22571193977991186,
                        2.1594028958444884
                    ]
                ],
                "mui": [
                    10.0,
                    8.005725670396199,
                    1.9533873439050455,
                    -5.723600839182177,
                    -7.276501288353725,
                    -0.29695189383455256,
                    6.518729460444071,
                    -3.1749189933699458
                ],
                "Ai": [
                    [
                        0.0,
                        0.0,
                        0.0,
                        0.0,
                        0.0,
                        0.0,
                        0.0,
                        0.0
                    ],
                    [
                        0.7505725670396198,
                        0.0,
                        0.0,
                        0.0,
                        0.0,
                        0.0,
                        0.0,
                        0.0
                    ],
                    [
                        0.7787717001064822,
                        -0.7912249205069619,
                        0.0,
                        0.0,
                        0.0,
                        0.0,
                        0.0,
                        0.0
                    ],
                    [
                        0.0,
                        -0.535222552100095,
                        -0.9925097142196507,
                        0.0,
                        0.0,
                        0.0,
                        0.0,
                        0.0
                    ],
                    [
                        -0.9665404681429989,
                        0.0,
                        0.9669886512626471,
                        0.0,
                        0.0,
                        0.0,
                        0.0,
                        0.0
                    ],
                    [
                        0.0,
                        0.0,
                        -0.0,
                        0.9054009979088271,
                        -0.6026525446523933,
                        0.0,
                        0.0,
                        0.0
                    ],
                    [
                        -0.0,
                        0.0,
                        -0.0,
                        -0.0,
                        -0.8652304184173143,
                        0.9332178027689113,
                        0.0,
                        0.0
                    ],
                    [
                        -0.0,
                        -0.0,
                        0.9242585367011378,
                        0.9575010688972525,
                        0.0,
                        -0.0,
                        -0.0,
                        0.0
                    ]
                ]
            },
            "est_params": {
                "mui": [
                    10.0,
                    8.018779837209289,
                    1.9187797975724232,
                    -5.584479534537491,
                    -7.378608539827076,
                    -0.03560755252285405,
                    6.828622739500014,
                    -3.0499734101983607
                ],
                "Si": [
                    [
                        1e-06,
                        0.0,
                        0.0,
                        0.0,
                        0.0,
                        0.0,
                        0.0,
                        0.0
                    ],
                    [
                        0.0,
                        1.0299412278888542,
                        -0.8135760775134062,
                        0.1913850698649124,
                        -0.7094691832662275,
                        0.657806463007851,
                        1.2135764356850882,
                        -0.5548726595855547
                    ],
                    [
                        0.0,
                        -0.8135760775134062,
                        1.6071094820194431,
                        -1.0731425819321674,
                        1.5195913367931924,
                        -1.9382030939118573,
                        -3.052024628033749,
                        0.42753787920661207
                    ],
                    [
                        0.0,
                        0.1913850698649124,
                        -1.0731425819321674,
                        1.847293765659451,
                        -0.9983227479285955,
                        2.228915906846682,
                        2.9160652763445456,
                        0.7695314338618776
                    ],
                    [
                        0.0,
                        -0.7094691832662275,
                        1.5195913367931924,
                        -0.9983227479285955,
                        2.5045302125424396,
                        -2.5192448229010433,
                        -4.448988980904873,
                        0.45542131914210016
                    ],
                    [
                        0.0,
                        0.657806463007851,
                        -1.9382030939118573,
                        2.228915906846682,
                        -2.5192448229010433,
                        4.603856257439782,
                        6.548131894866589,
                        0.41192644167466186
                    ],
                    [
                        0.0,
                        1.2135764356850882,
                        -3.052024628033749,
                        2.9160652763445456,
                        -4.448988980904873,
                        6.548131894866589,
                        10.918552635930174,
                        0.06991451064835356
                    ],
                    [
                        0.0,
                        -0.5548726595855547,
                        0.42753787920661207,
                        0.7695314338618776,
                        0.45542131914210016,
                        0.41192644167466186,
                        0.06991451064835356,
                        1.9793382610078711
                    ]
                ]
            },
            "est_tgt": [
                0,
                2,
                3,
                7
            ]
        },
        "1": {
            "intv_type": "do",
            "inode": 1,
            "new_mui": 10.0,
            "true_params": {
                "Si": [
                    [
                        1.0,
                        0.0,
                        0.7787717001064822,
                        -0.7729384775150362,
                        -0.21347707221551293,
                        -0.5711667680686217,
                        -0.34831613979608794,
                        -0.020303026447787594
                    ],
                    [
                        0.0,
                        0.0,
                        0.0,
                        0.0,
                        0.0,
                        0.0,
                        0.0,
                        0.0
                    ],
                    [
                        0.7787717001064822,
                        0.0,
                        1.6064853608867407,
                        -1.5944523264317514,
                        0.8007387487996178,
                        -1.926185972035222,
                        -2.4903745632138596,
                        -0.041881997979134826
                    ],
                    [
                        -0.7729384775150362,
                        0.0,
                        -1.5944523264317514,
                        2.5825094228436347,
                        -0.7947409867357094,
                        2.8171592865474056,
                        3.316657275928531,
                        0.9990693587424716
                    ],
                    [
                        -0.21347707221551293,
                        0.0,
                        0.8007387487996178,
                        -0.7947409867357094,
                        1.9806395120324607,
                        -1.9131967244349943,
                        -3.499138797171615,
                        -0.02087572005046419
                    ],
                    [
                        -0.5711667680686217,
                        0.0,
                        -1.926185972035222,
                        2.8171592865474056,
                        -1.9131967244349943,
                        4.703651703709513,
                        6.044887510323562,
                        0.917139200195429
                    ],
                    [
                        -0.34831613979608794,
                        0.0,
                        -2.4903745632138596,
                        3.316657275928531,
                        -3.499138797171615,
                        6.044887510323562,
                        9.668757965946446,
                        0.8739529372336408
                    ],
                    [
                        -0.020303026447787594,
                        0.0,
                        -0.041881997979134826,
                        0.9990693587424716,
                        -0.02087572005046419,
                        0.917139200195429,
                        0.8739529372336408,
                        1.917900184732094
                    ]
                ],
                "mui": [
                    0.5,
                    10.0,
                    -7.022863355016378,
                    2.1180345804900127,
                    -6.774299397740656,
                    6.500219393066644,
                    12.427450361904828,
                    -3.9629210331789495
                ],
                "Ai": [
                    [
                        0.0,
                        0.0,
                        0.0,
                        0.0,
                        0.0,
                        0.0,
                        0.0,
                        0.0
                    ],
                    [
                        0.0,
                        0.0,
                        0.0,
                        0.0,
                        0.0,
                        0.0,
                        0.0,
                        0.0
                    ],
                    [
                        0.7787717001064822,
                        -0.7912249205069619,
                        0.0,
                        0.0,
                        0.0,
                        0.0,
                        0.0,
                        0.0
                    ],
                    [
                        0.0,
                        -0.535222552100095,
                        -0.9925097142196507,
                        0.0,
                        0.0,
                        0.0,
                        0.0,
                        0.0
                    ],
                    [
                        -0.9665404681429989,
                        0.0,
                        0.9669886512626471,
                        0.0,
                        0.0,
                        0.0,
                        0.0,
                        0.0
                    ],
                    [
                        0.0,
                        0.0,
                        -0.0,
                        0.9054009979088271,
                        -0.6026525446523933,
                        0.0,
                        0.0,
                        0.0
                    ],
                    [
                        -0.0,
                        0.0,
                        -0.0,
                        -0.0,
                        -0.8652304184173143,
                        0.9332178027689113,
                        0.0,
                        0.0
                    ],
                    [
                        -0.0,
                        -0.0,
                        0.9242585367011378,
                        0.9575010688972525,
                        0.0,
                        -0.0,
                        -0.0,
                        0.0
                    ]
                ]
            },
            "est_params": {
                "mui": [
                    0.543115354199974,
                    10.000000000000002,
                    -6.972072509913265,
                    2.0115552860121992,
                    -6.7739714869878505,
                    6.34278582270228,
                    12.365911566625124,
                    -4.009446828124407
                ],
                "Si": [
                    [
                        1.170206417032315,
                        2.7801265382238316e-31,
                        0.7968569642184833,
                        -0.6272514016410738,
                        -0.4625569936787969,
                        -0.20217014660787966,
                        0.2013755630439193,
                        0.19871096235512806
                    ],
                    [
                        2.7106233747682358e-31,
                        1e-06,
                        2.6272195786215206e-30,
                        3.1554436208840486e-30,
                        4.6775629005615966e-30,
                        -1.959989209447801e-30,
                        -4.191040756372426e-30,
                        -4.524655940959286e-30
                    ],
                    [
                        0.7968569642184833,
                        2.6272195786215206e-30,
                        1.5466705842152262,
                        -1.2946236899177663,
                        0.5796275014762671,
                        -1.5927712506201293,
                        -1.8920006623270522,
                        0.16803644452427308
                    ],
                    [
                        -0.627251401641074,
                        3.1554436208840486e-30,
                        -1.2946236899177663,
                        2.1278704774039148,
                        -0.5295650972485338,
                        2.334367824347721,
                        2.6010691763924796,
                        0.8701807304347684
                    ],
                    [
                        -0.4625569936787969,
                        4.6775629005615966e-30,
                        0.5796275014762671,
                        -0.5295650972485338,
                        1.9734954176624622,
                        -1.6654962020078126,
                        -3.145923893032532,
                        -0.0754109129983198
                    ],
                    [
                        -0.20217014660787966,
                        -1.959989209447801e-30,
                        -1.5927712506201293,
                        2.334367824347721,
                        -1.6654962020078126,
                        4.303424607404518,
                        5.364048078370523,
                        0.8751357300217157
                    ],
                    [
                        0.2013755630439193,
                        -4.191040756372426e-30,
                        -1.8920006623270522,
                        2.6010691763924796,
                        -3.145923893032532,
                        5.364048078370523,
                        8.498279855464586,
                        1.0280570664162096
                    ],
                    [
                        0.19871096235512806,
                        -4.552457206341524e-30,
                        0.16803644452427305,
                        0.8701807304347684,
                        -0.0754109129983198,
                        0.8751357300217157,
                        1.0280570664162096,
                        2.139949727120338
                    ]
                ]
            },
            "est_tgt": [
                0,
                1,
                2,
                3,
                7
            ]
        },
        "2": {
            "intv_type": "do",
            "inode": 2,
            "new_mui": 10.0,
            "true_params": {
                "Si": [
                    [
                        1.0,
                        0.7505725670396198,
                        0.0,
                        -0.40172336486726495,
                        -0.9665404681429989,
                        0.2187673372017802,
                        1.0404377874096846,
                        -0.3846505512614072
                    ],
                    [
                        0.7505725670396198,
                        1.5633591783924445,
                        0.0,
                        -0.8367450893083118,
                        -0.7254587603217666,
                        -0.3203902709067729,
                        0.32869508209355336,
                        -0.8011843174072355
                    ],
                    [
                        0.0,
                        0.0,
                        0.0,
                        0.0,
                        0.0,
                        0.0,
                        0.0,
                        0.0
                    ],
                    [
                        -0.40172336486726495,
                        -0.8367450893083118,
                        0.0,
                        1.4478448421568166,
                        0.388281889142787,
                        1.076881096371591,
                        0.6690113091923934,
                        1.3863129839625257
                    ],
                    [
                        -0.9665404681429989,
                        -0.7254587603217666,
                        0.0,
                        0.388281889142787,
                        1.9342004765580874,
                        -0.8141000291657992,
                        -2.4332617280875364,
                        0.3717803238876631
                    ],
                    [
                        0.2187673372017802,
                        -0.3203902709067729,
                        0.0,
                        1.076881096371591,
                        -0.8141000291657992,
                        2.465628673462347,
                        3.0053526819612286,
                        1.0311148008510436
                    ],
                    [
                        1.0404377874096846,
                        0.32869508209355336,
                        0.0,
                        0.6690113091923934,
                        -2.4332617280875364,
                        3.0053526819612286,
                        5.909980689517529,
                        0.6405790436560669
                    ],
                    [
                        -0.3846505512614072,
                        -0.8011843174072355,
                        0.0,
                        1.3863129839625257,
                        0.3717803238876631,
                        1.0311148008510436,
                        0.6405790436560669,
                        2.327396163970258
                    ]
                ],
                "mui": [
                    0.5,
                    0.8752862835198099,
                    10.0,
                    -9.893570100680188,
                    9.686616278554972,
                    -14.295312191379228,
                    -21.22179488887664,
                    0.2694814204002004
                ],
                "Ai": [
                    [
                        0.0,
                        0.0,
                        0.0,
                        0.0,
                        0.0,
                        0.0,
                        0.0,
                        0.0
                    ],
                    [
                        0.7505725670396198,
                        0.0,
                        0.0,
                        0.0,
                        0.0,
                        0.0,
                        0.0,
                        0.0
                    ],
                    [
                        0.0,
                        0.0,
                        0.0,
                        0.0,
                        0.0,
                        0.0,
                        0.0,
                        0.0
                    ],
                    [
                        0.0,
                        -0.535222552100095,
                        -0.9925097142196507,
                        0.0,
                        0.0,
                        0.0,
                        0.0,
                        0.0
                    ],
                    [
                        -0.9665404681429989,
                        0.0,
                        0.9669886512626471,
                        0.0,
                        0.0,
                        0.0,
                        0.0,
                        0.0
                    ],
                    [
                        0.0,
                        0.0,
                        -0.0,
                        0.9054009979088271,
                        -0.6026525446523933,
                        0.0,
                        0.0,
                        0.0
                    ],
                    [
                        -0.0,
                        0.0,
                        -0.0,
                        -0.0,
                        -0.8652304184173143,
                        0.9332178027689113,
                        0.0,
                        0.0
                    ],
                    [
                        -0.0,
                        -0.0,
                        0.9242585367011378,
                        0.9575010688972525,
                        0.0,
                        -0.0,
                        -0.0,
                        0.0
                    ]
                ]
            },
            "est_params": {
                "mui": [
                    0.46086836539041287,
                    0.8837371988063137,
                    10.0,
                    -9.91227938000094,
                    9.795876474004164,
                    -14.444859043216915,
                    -21.452276569032293,
                    0.1726125488361174
                ],
                "Si": [
                    [
                        1.0200281343962612,
                        0.8672573873889645,
                        0.0,
                        -0.532173855401261,
                        -0.9214368598427546,
                        0.1933328343611476,
                        1.0333852676433324,
                        -0.46729258384304295
                    ],
                    [
                        0.8672573873889645,
                        1.6641970253059153,
                        0.0,
                        -1.0060269096709957,
                        -0.7590807504286431,
                        -0.3433243809594086,
                        0.4695324549157508,
                        -0.9259461902235209
                    ],
                    [
                        0.0,
                        0.0,
                        1e-06,
                        0.0,
                        0.0,
                        0.0,
                        0.0,
                        0.0
                    ],
                    [
                        -0.532173855401261,
                        -1.0060269096709957,
                        0.0,
                        1.6170718899555105,
                        0.43748243316207724,
                        1.1417830547759102,
                        0.699466636206277,
                        1.511358756106756
                    ],
                    [
                        -0.9214368598427546,
                        -0.7590807504286431,
                        0.0,
                        0.43748243316207724,
                        1.7617452562663751,
                        -0.7238458275834809,
                        -2.2347784404637823,
                        0.368838772423544
                    ],
                    [
                        0.1933328343611476,
                        -0.3433243809594086,
                        0.0,
                        1.1417830547759102,
                        -0.7238458275834809,
                        2.4763542255001116,
                        2.8763890376438845,
                        1.1183138394627523
                    ],
                    [
                        1.0333852676433324,
                        0.4695324549157508,
                        0.0,
                        0.699466636206277,
                        -2.2347784404637823,
                        2.8763890376438845,
                        5.584785673779241,
                        0.7847263619487255
                    ],
                    [
                        -0.46729258384304295,
                        -0.9259461902235209,
                        0.0,
                        1.511358756106756,
                        0.368838772423544,
                        1.1183138394627523,
                        0.7847263619487255,
                        2.419491986266368
                    ]
                ]
            },
            "est_tgt": [
                0,
                1,
                2
            ]
        },
        "3": {
            "intv_type": "do",
            "inode": 3,
            "new_mui": 10.0,
            "true_params": {
                "Si": [
                    [
                        1.0,
                        0.7505725670396198,
                        0.18489998041585265,
                        0.0,
                        -0.7877442854621837,
                        0.4747360981691663,
                        1.124612496144809,
                        0.170895385335225
                    ],
                    [
                        0.7505725670396198,
                        1.5633591783924445,
                        -0.65244406756066,
                        0.0,
                        -1.3563647692365646,
                        0.8174166796572718,
                        1.9363958545494748,
                        -0.6030269991629539
                    ],
                    [
                        0.18489998041585265,
                        -0.65244406756066,
                        1.660224877589031,
                        0.0,
                        1.4267053015417408,
                        -0.8598075804431902,
                        -2.036816566036409,
                        1.5344770159552632
                    ],
                    [
                        0.0,
                        0.0,
                        0.0,
                        0.0,
                        0.0,
                        0.0,
                        0.0,
                        0.0
                    ],
                    [
                        -0.7877442854621837,
                        -1.3563647692365646,
                        1.4267053015417408,
                        0.0,
                        3.1409945657347076,
                        -1.8929283677793602,
                        -4.484198494535147,
                        1.318644554306725
                    ],
                    [
                        0.4747360981691663,
                        0.8174166796572718,
                        -0.8598075804431902,
                        0.0,
                        -1.8929283677793602,
                        2.1407780976869333,
                        3.635631436226949,
                        -0.7946844961449688
                    ],
                    [
                        1.124612496144809,
                        1.9363958545494748,
                        -2.036816566036409,
                        0.0,
                        -4.484198494535147,
                        3.635631436226949,
                        8.272700920286232,
                        -1.8825450988534476
                    ],
                    [
                        0.170895385335225,
                        -0.6030269991629539,
                        1.5344770159552632,
                        0.0,
                        1.318644554306725,
                        -0.7946844961449688,
                        -1.8825450988534476,
                        2.4182534813683403
                    ]
                ],
                "mui": [
                    0.5,
                    0.8752862835198099,
                    0.19683752995444537,
                    10.0,
                    0.20706942353702057,
                    9.429219064073981,
                    9.120352332833482,
                    10.256939456376088
                ],
                "Ai": [
                    [
                        0.0,
                        0.0,
                        0.0,
                        0.0,
                        0.0,
                        0.0,
                        0.0,
                        0.0
                    ],
                    [
                        0.7505725670396198,
                        0.0,
                        0.0,
                        0.0,
                        0.0,
                        0.0,
                        0.0,
                        0.0
                    ],
                    [
                        0.7787717001064822,
                        -0.7912249205069619,
                        0.0,
                        0.0,
                        0.0,
                        0.0,
                        0.0,
                        0.0
                    ],
                    [
                        0.0,
                        0.0,
                        0.0,
                        0.0,
                        0.0,
                        0.0,
                        0.0,
                        0.0
                    ],
                    [
                        -0.9665404681429989,
                        0.0,
                        0.9669886512626471,
                        0.0,
                        0.0,
                        0.0,
                        0.0,
                        0.0
                    ],
                    [
                        0.0,
                        0.0,
                        -0.0,
                        0.9054009979088271,
                        -0.6026525446523933,
                        0.0,
                        0.0,
                        0.0
                    ],
                    [
                        -0.0,
                        0.0,
                        -0.0,
                        -0.0,
                        -0.8652304184173143,
                        0.9332178027689113,
                        0.0,
                        0.0
                    ],
                    [
                        -0.0,
                        -0.0,
                        0.9242585367011378,
                        0.9575010688972525,
                        0.0,
                        -0.0,
                        -0.0,
                        0.0
                    ]
                ]
            },
            "est_params": {
                "mui": [
                    0.3929690047892805,
                    0.9021491822202937,
                    -0.048684946194534943,
                    10.0,
                    -0.003120363888141876,
                    9.597919574694618,
                    9.601735581683192,
                    9.982700370256596
                ],
                "Si": [
                    [
                        0.8018887991055802,
                        0.7537743265465624,
                        -0.0043214101001474384,
                        0.0,
                        -0.7116376817959075,
                        0.3509876048455167,
                        0.9062215944634473,
                        0.097972854124238
                    ],
                    [
                        0.7537743265465624,
                        1.739026312256055,
                        -0.8477837644489314,
                        0.0,
                        -1.4182355399409245,
                        0.7727698763238738,
                        1.826323397750076,
                        -0.6956775350995507
                    ],
                    [
                        -0.0043214101001474384,
                        -0.8477837644489314,
                        1.6634222460866348,
                        0.0,
                        1.5635531597528174,
                        -0.9110998605575622,
                        -2.081765932636804,
                        1.5844281348132188
                    ],
                    [
                        0.0,
                        0.0,
                        0.0,
                        1e-06,
                        0.0,
                        0.0,
                        0.0,
                        0.0
                    ],
                    [
                        -0.7116376817959075,
                        -1.4182355399409245,
                        1.5635531597528174,
                        0.0,
                        2.8781102455585184,
                        -1.6718149003029719,
                        -3.9907469630885974,
                        1.3727523358585108
                    ],
                    [
                        0.3509876048455167,
                        0.7727698763238738,
                        -0.9110998605575622,
                        0.0,
                        -1.6718149003029719,
                        2.1125834049305956,
                        3.336354186145374,
                        -0.800945062549396
                    ],
                    [
                        0.9062215944634473,
                        1.826323397750076,
                        -2.081765932636804,
                        0.0,
                        -3.9907469630885974,
                        3.336354186145374,
                        7.545021707207989,
                        -1.6701857479569697
                    ],
                    [
                        0.097972854124238,
                        -0.6956775350995507,
                        1.5844281348132188,
                        0.0,
                        1.3727523358585108,
                        -0.800945062549396,
                        -1.6701857479569697,
                        2.689249995536853
                    ]
                ]
            },
            "est_tgt": [
                0,
                3,
                7
            ]
        },
        "4": {
            "intv_type": "do",
            "inode": 4,
            "new_mui": 10.0,
            "true_params": {
                "Si": [
                    [
                        1.0,
                        0.7505725670396198,
                        0.18489998041585265,
                        -0.5852383915890219,
                        0.0,
                        -0.5298754237592573,
                        -0.49448917870185993,
                        -0.3894710001709723
                    ],
                    [
                        0.7505725670396198,
                        1.5633591783924445,
                        -0.65244406756066,
                        -0.18918801426937482,
                        0.0,
                        -0.17129101691188134,
                        -0.15985182643655832,
                        -0.7841747250484289
                    ],
                    [
                        0.18489998041585265,
                        -0.65244406756066,
                        1.660224877589031,
                        -1.2985865398538605,
                        0.0,
                        -1.175741549054656,
                        -1.0972229450329023,
                        0.29107901598960734
                    ],
                    [
                        -0.5852383915890219,
                        -0.18918801426937482,
                        -1.2985865398538605,
                        2.390117447383844,
                        0.0,
