{
    "expt_args": {
        "save_dir": "expt_logs_29.04.24-7",
        "exp_name": "180",
        "num_nodes": 6,
        "obs_noise_mean": 0.5,
        "obs_noise_var": 1.0,
        "max_edge_strength": 1.0,
        "num_parents": 2,
        "new_noise_mean": 10.0,
        "mix_samples": 16384,
        "stage2_samples": 16384,
        "intv_targets": [
            0,
            1,
            2,
            3,
            4,
            5
        ]
    },
    "intv_args_dict": {
        "0": {
            "intv_type": "do",
            "inode": 0,
            "new_mui": 10.0,
            "true_params": {
                "Si": [
                    [
                        0.0,
                        0.0,
                        0.0,
                        0.0,
                        0.0,
                        0.0
                    ],
                    [
                        0.0,
                        1.0,
                        -0.9906511639200388,
                        -0.157980067471428,
                        0.46364447509011847,
                        -0.9157082585978369
                    ],
                    [
                        0.0,
                        -0.9906511639200388,
                        1.9813897285761275,
                        -0.5728980163271197,
                        -0.8755273656916808,
                        0.907147452191139
                    ],
                    [
                        0.0,
                        -0.157980067471428,
                        -0.5728980163271197,
                        1.556983745238786,
                        0.800971852623214,
                        0.14466365247743013
                    ],
                    [
                        0.0,
                        0.46364447509011847,
                        -0.8755273656916808,
                        0.800971852623214,
                        1.713820563221807,
                        -0.42456307489328055
                    ],
                    [
                        0.0,
                        -0.9157082585978369,
                        0.907147452191139,
                        0.14466365247743013,
                        -0.42456307489328055,
                        1.838521614864283
                    ]
                ],
                "mui": [
                    10.0,
                    -5.007219183421075,
                    12.04846059038617,
                    -3.8789932708149752,
                    -4.486426239911111,
                    -1.3184349853854034
                ],
                "Ai": [
                    [
                        0.0,
                        0.0,
                        0.0,
                        0.0,
                        0.0,
                        0.0
                    ],
                    [
                        -0.5507219183421075,
                        0.0,
                        0.0,
                        0.0,
                        0.0,
                        0.0
                    ],
                    [
                        0.6588053078327336,
                        -0.9906511639200388,
                        0.0,
                        0.0,
                        0.0,
                        0.0
                    ],
                    [
                        0.0,
                        -0.8805621696895936,
                        -0.7294011540438561,
                        0.0,
                        0.0,
                        0.0
                    ],
                    [
                        0.0,
                        0.5537924777411631,
                        -0.0,
                        0.5706289666406723,
                        0.0,
                        0.0
                    ],
                    [
                        -0.6403586944253599,
                        -0.9157082585978369,
                        -0.0,
                        0.0,
                        -0.0,
                        0.0
                    ]
                ]
            },
            "est_params": {
                "mui": [
                    10.0,
                    -4.990776904325648,
                    12.030116847556167,
                    -3.8934620576846526,
                    -4.512992255415913,
                    -1.3376607097639501
                ],
                "Si": [
                    [
                        1e-06,
                        0.0,
                        0.0,
                        0.0,
                        0.0,
                        0.0
                    ],
                    [
                        0.0,
                        0.9801084249209036,
                        -0.9982471084884894,
                        -0.1328163809316551,
                        0.482709017466532,
                        -0.920617015204705
                    ],
                    [
                        0.0,
                        -0.9982471084884894,
                        1.9527367389575443,
                        -0.49025937225431687,
                        -0.8589709279557632,
                        0.9237851482462928
                    ],
                    [
                        0.0,
                        -0.1328163809316551,
                        -0.49025937225431687,
                        1.4563194798748873,
                        0.7676262561457093,
                        0.15324074383479105
                    ],
                    [
                        0.0,
                        0.482709017466532,
                        -0.8589709279557632,
                        0.7676262561457093,
                        1.6567046790435507,
                        -0.441806700671928
                    ],
                    [
                        0.0,
                        -0.920617015204705,
                        0.9237851482462928,
                        0.15324074383479105,
                        -0.441806700671928,
                        1.9036751902918363
                    ]
                ]
            },
            "est_tgt": [
                0,
                1,
                2,
                3
            ]
        },
        "1": {
            "intv_type": "do",
            "inode": 1,
            "new_mui": 10.0,
            "true_params": {
                "Si": [
                    [
                        1.0,
                        0.0,
                        0.6588053078327336,
                        -0.4805333518234138,
                        -0.27420624998737325,
                        -0.6403586944253599
                    ],
                    [
                        0.0,
                        0.0,
                        0.0,
                        0.0,
                        0.0,
                        0.0
                    ],
                    [
                        0.6588053078327336,
                        0.0,
                        1.4340244336285828,
                        -1.0459790768157755,
                        -0.5968659597311504,
                        -0.4218717068042666
                    ],
                    [
                        -0.4805333518234138,
                        0.0,
                        -1.0459790768157755,
                        1.762938345735154,
                        1.0059836864780671,
                        0.3077137098014834
                    ],
                    [
                        -0.27420624998737325,
                        0.0,
                        -0.5968659597311504,
                        1.0059836864780671,
                        1.5740434314723535,
                        0.17559035624518818
                    ],
                    [
                        -0.6403586944253599,
                        0.0,
                        -0.4218717068042666,
                        0.3077137098014834,
                        0.17559035624518818,
                        1.4100592575261515
                    ]
                ],
                "mui": [
                    0.5,
                    10.0,
                    -9.077108985284022,
                    -1.684767927647915,
                    5.0765473958285545,
                    -8.977261933191048
                ],
                "Ai": [
                    [
                        0.0,
                        0.0,
                        0.0,
                        0.0,
                        0.0,
                        0.0
                    ],
                    [
                        0.0,
                        0.0,
                        0.0,
                        0.0,
                        0.0,
                        0.0
                    ],
                    [
                        0.6588053078327336,
                        -0.9906511639200388,
                        0.0,
                        0.0,
                        0.0,
                        0.0
                    ],
                    [
                        0.0,
                        -0.8805621696895936,
                        -0.7294011540438561,
                        0.0,
                        0.0,
                        0.0
                    ],
                    [
                        0.0,
                        0.5537924777411631,
                        -0.0,
                        0.5706289666406723,
                        0.0,
                        0.0
                    ],
                    [
                        -0.6403586944253599,
                        -0.9157082585978369,
                        -0.0,
                        0.0,
                        -0.0,
                        0.0
                    ]
                ]
            },
            "est_params": {
                "mui": [
                    0.494273978047933,
                    10.0,
                    -9.10282328337541,
                    -1.6717375507112247,
                    5.070534696625466,
                    -8.956447924040418
                ],
                "Si": [
                    [
                        0.9725241718681287,
                        0.0,
                        0.6376162889976255,
                        -0.4532709334206116,
                        -0.2780257104601446,
                        -0.6086935658703718
                    ],
                    [
                        0.0,
                        1e-06,
                        0.0,
                        0.0,
                        0.0,
                        0.0
                    ],
                    [
                        0.6376162889976255,
                        0.0,
                        1.4202296320912904,
                        -1.039796825781892,
                        -0.6026491766080522,
                        -0.3990747738942608
                    ],
                    [
                        -0.4532709334206116,
                        0.0,
                        -1.039796825781892,
                        1.7364097762975097,
                        1.014811361893512,
                        0.31215743070419333
                    ],
                    [
                        -0.2780257104601446,
                        0.0,
                        -0.6026491766080522,
                        1.014811361893512,
                        1.6204938167490321,
                        0.1882534468107371
                    ],
                    [
                        -0.6086935658703718,
                        0.0,
                        -0.3990747738942608,
                        0.31215743070419333,
                        0.1882534468107371,
                        1.3827712511640429
                    ]
                ]
            },
            "est_tgt": [
                0,
                1,
                2,
                3
            ]
        },
        "2": {
            "intv_type": "do",
            "inode": 2,
            "new_mui": 10.0,
            "true_params": {
                "Si": [
                    [
                        1.0,
                        -0.5507219183421075,
                        0.0,
                        0.4849448873109413,
                        -0.028262055781122487,
                        -0.1360580856086485
                    ],
                    [
                        -0.5507219183421075,
                        1.303294631342411,
                        0.0,
                        -1.1476319483196722,
                        0.06688273036439346,
                        -0.8407780886854873
                    ],
                    [
                        0.0,
                        0.0,
                        0.0,
                        0.0,
                        0.0,
                        0.0
                    ],
                    [
                        0.4849448873109413,
                        -1.1476319483196722,
                        0.0,
                        2.010561278417466,
                        0.511734564476238,
                        0.7403573780003622
                    ],
                    [
                        -0.028262055781122487,
                        0.06688273036439346,
                        0.0,
                        0.511734564476238,
                        1.3290497186879817,
                        -0.04314721541047111
                    ],
                    [
                        -0.1360580856086485,
                        -0.8407780886854873,
                        0.0,
                        0.7403573780003622,
                        -0.04314721541047111,
                        1.8570334175237733
                    ]
                ],
                "mui": [
                    0.5,
                    0.22463904082894626,
                    10.0,
                    -6.991820181627887,
                    -3.3653317141616585,
                    -0.025883172103242647
                ],
                "Ai": [
                    [
                        0.0,
                        0.0,
                        0.0,
                        0.0,
                        0.0,
                        0.0
                    ],
                    [
                        -0.5507219183421075,
                        0.0,
                        0.0,
                        0.0,
                        0.0,
                        0.0
                    ],
                    [
                        0.0,
                        0.0,
                        0.0,
                        0.0,
                        0.0,
                        0.0
                    ],
                    [
                        0.0,
                        -0.8805621696895936,
                        -0.7294011540438561,
                        0.0,
                        0.0,
                        0.0
                    ],
                    [
                        0.0,
                        0.5537924777411631,
                        -0.0,
                        0.5706289666406723,
                        0.0,
                        0.0
                    ],
                    [
                        -0.6403586944253599,
                        -0.9157082585978369,
                        -0.0,
                        0.0,
                        -0.0,
                        0.0
                    ]
                ]
            },
            "est_params": {
                "mui": [
                    0.47739607403319134,
                    0.2295870918691195,
                    10.000000000000002,
                    -6.9822972420071805,
                    -3.3306438345428955,
                    0.006788901058127975
                ],
                "Si": [
                    [
                        0.9688426157874864,
                        -0.5371635548275412,
                        -1.0937384183066528e-26,
                        0.5112963695455855,
                        0.005178283200345934,
                        -0.1344661037363806
                    ],
                    [
                        -0.5371635548275412,
                        1.3043841753837178,
                        8.097289394509731e-27,
                        -1.2039825118206786,
                        -0.0005009438130883213,
                        -0.8343865055826679
                    ],
                    [
                        -1.0937388902747158e-26,
                        8.097290742989911e-27,
                        1e-06,
                        -7.08941339522779e-27,
                        6.140622740629669e-27,
                        3.493777298178333e-29
                    ],
                    [
                        0.5112963695455855,
                        -1.2039825118206786,
                        -7.089408001307071e-27,
                        2.1283482880923383,
                        0.5789669946071528,
                        0.7573680655911164
                    ],
                    [
                        0.005178283200345932,
                        -0.0005009438130883319,
                        6.1406173467089486e-27,
                        0.5789669946071528,
                        1.29674639638562,
                        -0.025882514361573045
                    ],
                    [
                        -0.1344661037363806,
                        -0.8343865055826679,
                        3.4947886583132797e-29,
                        0.7573680655911164,
                        -0.025882514361573045,
                        1.8472069361527963
                    ]
                ]
            },
            "est_tgt": [
                0,
                2,
                3
            ]
        },
        "3": {
            "intv_type": "do",
            "inode": 3,
            "new_mui": 10.0,
            "true_params": {
                "Si": [
                    [
                        1.0,
                        -0.5507219183421075,
                        1.204378617234619,
                        0.0,
                        -0.3049856557050422,
                        -0.1360580856086485
                    ],
                    [
                        -0.5507219183421075,
                        1.303294631342411,
                        -1.653928866413703,
                        0.0,
                        0.7217547631178696,
                        -0.8407780886854873
                    ],
                    [
                        1.204378617234619,
                        -1.653928866413703,
                        3.4319175822281003,
                        0.0,
                        -0.9159333649388778,
                        0.7432820031822055
                    ],
                    [
                        0.0,
                        0.0,
                        0.0,
                        0.0,
                        0.0,
                        0.0
                    ],
                    [
                        -0.3049856557050422,
                        0.7217547631178696,
                        -0.9159333649388778,
                        0.0,
                        1.3997023585885313,
                        -0.4656165809636154
                    ],
                    [
                        -0.1360580856086485,
                        -0.8407780886854873,
                        0.7432820031822055,
                        0.0,
                        -0.4656165809636154,
                        1.8570334175237733
                    ]
                ],
                "mui": [
                    0.5,
                    0.22463904082894626,
                    0.6068637266572902,
                    10.0,
                    6.330693077424784,
                    -0.025883172103242647
                ],
                "Ai": [
                    [
                        0.0,
                        0.0,
                        0.0,
                        0.0,
                        0.0,
                        0.0
                    ],
                    [
                        -0.5507219183421075,
                        0.0,
                        0.0,
                        0.0,
                        0.0,
                        0.0
                    ],
                    [
                        0.6588053078327336,
                        -0.9906511639200388,
                        0.0,
                        0.0,
                        0.0,
                        0.0
                    ],
                    [
                        0.0,
                        0.0,
                        0.0,
                        0.0,
                        0.0,
                        0.0
                    ],
                    [
                        0.0,
                        0.5537924777411631,
                        -0.0,
                        0.5706289666406723,
                        0.0,
                        0.0
                    ],
                    [
                        -0.6403586944253599,
                        -0.9157082585978369,
                        -0.0,
                        0.0,
                        -0.0,
                        0.0
                    ]
                ]
            },
            "est_params": {
                "mui": [
                    0.4874222146250062,
                    0.22288724745671573,
                    0.6048246476260194,
                    10.0,
                    6.3514375943438495,
                    -0.016770687549486296
                ],
                "Si": [
                    [
                        1.0429590898684529,
                        -0.590981740713545,
                        1.2604642379687643,
                        0.0,
                        -0.3206316024669403,
                        -0.1374195323701752
                    ],
                    [
                        -0.590981740713545,
                        1.2782662798220146,
                        -1.6392156794094255,
                        0.0,
                        0.6753180812803834,
                        -0.8053767919891913
                    ],
                    [
                        1.2604642379687643,
                        -1.6392156794094255,
                        3.492386990127263,
                        0.0,
                        -0.8726902968653012,
                        0.6948014913838634
                    ],
                    [
                        0.0,
                        0.0,
                        0.0,
                        1e-06,
                        0.0,
                        0.0
                    ],
                    [
                        -0.3206316024669403,
                        0.6753180812803834,
                        -0.8726902968653012,
                        0.0,
                        1.328964823356755,
                        -0.41594524860853593
                    ],
                    [
                        -0.1374195323701752,
                        -0.8053767919891913,
                        0.6948014913838634,
                        0.0,
                        -0.41594524860853593,
                        1.807705965984916
                    ]
                ]
            },
            "est_tgt": [
                2,
                3
            ]
        },
        "4": {
            "intv_type": "do",
            "inode": 4,
            "new_mui": 10.0,
            "true_params": {
                "Si": [
                    [
                        1.0,
                        -0.5507219183421075,
                        1.204378617234619,
                        -0.3935302660057334,
                        0.0,
                        -0.1360580856086485
                    ],
                    [
                        -0.5507219183421075,
                        1.303294631342411,
                        -1.653928866413703,
                        0.058745675548929316,
                        0.0,
                        -0.8407780886854873
                    ],
                    [
                        1.204378617234619,
                        -1.653928866413703,
                        3.4319175822281003,
                        -1.0468574539390767,
                        0.0,
                        0.7432820031822055
                    ],
                    [
                        -0.3935302660057334,
                        0.058745675548929316,
                        -1.0468574539390767,
                        1.7118498155013293,
                        0.0,
                        0.1982066270992324
                    ],
                    [
                        0.0,
                        0.0,
                        0.0,
                        0.0,
                        0.0,
                        0.0
                    ],
                    [
                        -0.1360580856086485,
                        -0.8407780886854873,
                        0.7432820031822055,
                        0.1982066270992324,
                        0.0,
                        1.8570334175237733
                    ]
                ],
                "mui": [
                    0.5,
                    0.22463904082894626,
                    0.6068637266572902,
                    -0.14045574376050873,
                    10.0,
                    -0.025883172103242647
                ],
                "Ai": [
                    [
                        0.0,
                        0.0,
                        0.0,
                        0.0,
                        0.0,
                        0.0
                    ],
                    [
                        -0.5507219183421075,
                        0.0,
                        0.0,
                        0.0,
                        0.0,
                        0.0
                    ],
                    [
                        0.6588053078327336,
                        -0.9906511639200388,
                        0.0,
                        0.0,
                        0.0,
                        0.0
                    ],
                    [
                        0.0,
                        -0.8805621696895936,
                        -0.7294011540438561,
                        0.0,
                        0.0,
                        0.0
                    ],
                    [
                        0.0,
                        0.0,
                        0.0,
                        0.0,
                        0.0,
                        0.0
                    ],
                    [
                        -0.6403586944253599,
                        -0.9157082585978369,
                        -0.0,
                        0.0,
                        -0.0,
                        0.0
                    ]
                ]
            },
            "est_params": {
                "mui": [
                    0.5229102188061018,
                    0.21354320865802698,
                    0.6163572731254844,
                    -0.15012223919965814,
                    10.0,
                    0.018241927990203934
                ],
                "Si": [
                    [
                        0.9785474132337403,
                        -0.5041844823408392,
                        1.1564148345613758,
                        -0.4090867474481563,
                        0.0,
                        -0.15686580293162458
                    ],
                    [
                        -0.5041844823408392,
                        1.2715919087698306,
                        -1.6054004510749167,
                        0.06274838827587362,
                        0.0,
                        -0.847274461301017
                    ],
                    [
                        1.1564148345613758,
                        -1.6054004510749167,
                        3.3807509591280036,
                        -1.1155969141059119,
                        0.0,
                        0.7162945736633703
                    ],
                    [
                        -0.4090867474481563,
                        0.06274838827587362,
                        -1.1155969141059119,
                        1.8005492349471814,
                        0.0,
                        0.2241356892899802
                    ],
                    [
                        0.0,
                        0.0,
                        0.0,
                        0.0,
                        1e-06,
                        0.0
                    ],
                    [
                        -0.15686580293162458,
                        -0.847274461301017,
                        0.7162945736633703,
                        0.2241356892899802,
                        0.0,
                        1.8956138828970615
                    ]
                ]
            },
            "est_tgt": [
                4
            ]
        },
        "5": {
            "intv_type": "do",
            "inode": 5,
            "new_mui": 10.0,
            "true_params": {
                "Si": [
                    [
                        1.0,
                        -0.5507219183421075,
                        1.204378617234619,
                        -0.3935302660057334,
                        -0.5295454247377227,
                        0.0
                    ],
                    [
                        -0.5507219183421075,
                        1.303294631342411,
                        -1.653928866413703,
                        0.058745675548929316,
                        0.7552767472509632,
                        0.0
                    ],
                    [
                        1.204378617234619,
                        -1.653928866413703,
                        3.4319175822281003,
                        -1.0468574539390767,
                        -1.513300552100218,
                        0.0
                    ],
                    [
                        -0.3935302660057334,
                        0.058745675548929316,
                        -1.0468574539390767,
                        1.7118498155013293,
                        1.009364004482369,
                        0.0
                    ],
                    [
                        -0.5295454247377227,
                        0.7552767472509632,
                        -1.513300552100218,
                        1.009364004482369,
                        1.9942389200824624,
                        0.0
                    ],
                    [
                        0.0,
                        0.0,
                        0.0,
                        0.0,
                        0.0,
                        0.0
                    ]
                ],
                "mui": [
                    0.5,
                    0.22463904082894626,
                    0.6068637266572902,
                    -0.14045574376050873,
                    0.5442552950972543,
                    10.0
                ],
                "Ai": [
                    [
                        0.0,
                        0.0,
                        0.0,
                        0.0,
                        0.0,
                        0.0
                    ],
                    [
                        -0.5507219183421075,
                        0.0,
                        0.0,
                        0.0,
                        0.0,
                        0.0
                    ],
                    [
                        0.6588053078327336,
                        -0.9906511639200388,
                        0.0,
                        0.0,
                        0.0,
                        0.0
                    ],
                    [
                        0.0,
                        -0.8805621696895936,
                        -0.7294011540438561,
                        0.0,
                        0.0,
                        0.0
                    ],
                    [
                        0.0,
                        0.5537924777411631,
                        -0.0,
                        0.5706289666406723,
                        0.0,
                        0.0
                    ],
                    [
                        0.0,
                        0.0,
                        0.0,
                        0.0,
                        0.0,
                        0.0
                    ]
                ]
            },
            "est_params": {
                "mui": [
                    0.5274268838261389,
                    0.1967236916117865,
                    0.6320601976317242,
                    -0.14672709361934388,
                    0.5390040728444342,
                    10.0
                ],
                "Si": [
                    [
                        0.9791429210943133,
                        -0.5525316984793893,
                        1.142492752553929,
                        -0.3621831087748637,
                        -0.4836451102614051,
                        0.0
                    ],
                    [
                        -0.5525316984793893,
                        1.2854509478907237,
                        -1.60312491224189,
                        0.04498908767438994,
                        0.7129828891347764,
                        0.0
                    ],
                    [
                        1.142492752553929,
                        -1.60312491224189,
                        3.2964520769488557,
                        -1.0218965169628542,
                        -1.4126851212861364,
                        0.0
                    ],
                    [
                        -0.3621831087748637,
                        0.04498908767438994,
                        -1.0218965169628542,
                        1.6910716249605378,
                        0.9325924554152183,
                        0.0
                    ],
                    [
                        -0.4836451102614051,
                        0.7129828891347764,
                        -1.4126851212861364,
                        0.9325924554152183,
                        1.8852011311865147,
                        0.0
                    ],
                    [
                        0.0,
                        0.0,
                        0.0,
                        0.0,
                        0.0,
                        1e-06
                    ]
                ]
            },
            "est_tgt": [
                5
            ]
        },
        "obs": {
            "intv_type": "obs",
            "true_params": {
                "Si": [
                    [
                        1.0,
                        -0.5507219183421075,
                        1.204378617234619,
                        -0.3935302660057334,
                        -0.5295454247377227,
                        -0.1360580856086485
                    ],
                    [
                        -0.5507219183421075,
                        1.303294631342411,
                        -1.653928866413703,
                        0.058745675548929316,
                        0.7552767472509632,
                        -0.8407780886854873
                    ],
                    [
                        1.204378617234619,
                        -1.653928866413703,
                        3.4319175822281003,
                        -1.0468574539390767,
                        -1.513300552100218,
                        0.7432820031822055
                    ],
                    [
                        -0.3935302660057334,
                        0.058745675548929316,
                        -1.0468574539390767,
                        1.7118498155013293,
                        1.009364004482369,
                        0.1982066270992324
                    ],
                    [
                        -0.5295454247377227,
                        0.7552767472509632,
                        -1.513300552100218,
                        1.009364004482369,
                        1.9942389200824624,
                        -0.35251413816064736
                    ],
                    [
                        -0.1360580856086485,
                        -0.8407780886854873,
                        0.7432820031822055,
                        0.1982066270992324,
                        -0.35251413816064736,
                        1.8570334175237733
                    ]
                ],
                "mui": [
                    0.5,
                    0.22463904082894626,
                    0.6068637266572902,
                    -0.14045574376050873,
                    0.5442552950972543,
                    -0.025883172103242647
                ],
                "Ai": [
                    [
                        0.0,
                        0.0,
                        0.0,
                        0.0,
                        0.0,
                        0.0
                    ],
                    [
                        -0.5507219183421075,
                        0.0,
                        0.0,
                        0.0,
                        0.0,
                        0.0
                    ],
                    [
                        0.6588053078327336,
                        -0.9906511639200388,
                        0.0,
                        0.0,
                        0.0,
                        0.0
                    ],
                    [
                        0.0,
                        -0.8805621696895936,
                        -0.7294011540438561,
                        0.0,
                        0.0,
                        0.0
                    ],
                    [
                        0.0,
                        0.5537924777411631,
                        -0.0,
                        0.5706289666406723,
                        0.0,
                        0.0
                    ],
                    [
                        -0.6403586944253599,
                        -0.9157082585978369,
                        -0.0,
                        0.0,
                        -0.0,
                        0.0
                    ]
                ]
            },
            "est_params": {
                "mui": [
                    0.5203858822777296,
                    0.2100727243579946,
                    0.6375851722567892,
                    -0.18873404098158988,
                    0.5283996273378431,
                    -0.02719617912230248
                ],
                "Si": [
                    [
                        0.9815445582316131,
                        -0.5724671123214672,
                        1.1953113197941359,
                        -0.3785070091839955,
                        -0.5355425472605331,
                        -0.105676431519262
                    ],
                    [
                        -0.5724671123214672,
                        1.331094332831556,
                        -1.652815594407102,
                        0.07633495512787536,
                        0.762365888067864,
                        -0.8199174728092176
                    ],
                    [
                        1.1953113197941359,
                        -1.652815594407102,
