{
    "expt_args": {
        "save_dir": "expt_logs_29.04.24-7",
        "exp_name": "39",
        "num_nodes": 6,
        "obs_noise_mean": 0.5,
        "obs_noise_var": 1.0,
        "max_edge_strength": 1.0,
        "num_parents": 2,
        "new_noise_mean": 10.0,
        "mix_samples": 131072,
        "stage2_samples": 131072,
        "intv_targets": [
            0,
            1,
            2,
            3,
            4,
            5
        ]
    },
    "intv_args_dict": {
        "0": {
            "intv_type": "do",
            "inode": 0,
            "new_mui": 10.0,
            "true_params": {
                "Si": [
                    [
                        0.0,
                        0.0,
                        0.0,
                        0.0,
                        0.0,
                        0.0
                    ],
                    [
                        0.0,
                        1.0,
                        0.5233178014800212,
                        0.9234947416392534,
                        -0.28696177917109195,
                        -0.1663442716179655
                    ],
                    [
                        0.0,
                        0.5233178014800212,
                        1.2738615213458828,
                        1.1275211758521002,
                        0.1771889745224831,
                        0.10271183497264119
                    ],
                    [
                        0.0,
                        0.9234947416392534,
                        1.1275211758521002,
                        2.267887635522648,
                        0.4540269517084948,
                        0.26318760217835657
                    ],
                    [
                        0.0,
                        -0.28696177917109195,
                        0.1771889745224831,
                        0.4540269517084948,
                        1.4477140907530264,
                        0.8392021635529261
                    ],
                    [
                        0.0,
                        -0.1663442716179655,
                        0.10271183497264119,
                        0.26318760217835657,
                        0.8392021635529261,
                        1.486463643484738
                    ]
                ],
                "mui": [
                    10.0,
                    -7.695617808012193,
                    1.6459983148428716,
                    -2.9519269937066905,
                    4.819618442213411,
                    -5.403040270085384
                ],
                "Ai": [
                    [
                        0.0,
                        0.0,
                        0.0,
                        0.0,
                        0.0,
                        0.0
                    ],
                    [
                        -0.8195617808012192,
                        0.0,
                        0.0,
                        0.0,
                        0.0,
                        0.0
                    ],
                    [
                        0.5173252107162312,
                        0.5233178014800212,
                        0.0,
                        0.0,
                        0.0,
                        0.0
                    ],
                    [
                        0.0,
                        0.586352513670413,
                        0.644239937979086,
                        0.0,
                        0.0,
                        0.0
                    ],
                    [
                        0.0,
                        -0.7562222398875569,
                        0.0,
                        0.5081354982958561,
                        0.0,
                        0.0
                    ],
                    [
                        -0.8696847590218098,
                        -0.0,
                        -0.0,
                        0.0,
                        0.5796739624993332,
                        0.0
                    ]
                ]
            },
            "est_params": {
                "mui": [
                    10.0,
                    -7.698605317834649,
                    1.6495843967077717,
                    -2.9526789653729435,
                    4.833605587837608,
                    -5.391830101065739
                ],
                "Si": [
                    [
                        1e-06,
                        0.0,
                        0.0,
                        0.0,
                        0.0,
                        0.0
                    ],
                    [
                        0.0,
                        0.986676353190223,
                        0.5296196331171475,
                        0.9145079920940986,
                        -0.2677497085205417,
                        -0.15245073947960952
                    ],
                    [
                        0.0,
                        0.5296196331171475,
                        1.2926934510896406,
                        1.1386482393193933,
                        0.17482369364920136,
                        0.0997847316632717
                    ],
                    [
                        0.0,
                        0.9145079920940986,
                        1.1386482393193933,
                        2.2553246618899645,
                        0.45831874978318954,
                        0.2740815176659112
                    ],
                    [
                        0.0,
                        -0.2677497085205417,
                        0.17482369364920136,
                        0.45831874978318954,
                        1.4259824732748847,
                        0.8279637426238674
                    ],
                    [
                        0.0,
                        -0.15245073947960952,
                        0.0997847316632717,
                        0.2740815176659112,
                        0.8279637426238674,
                        1.4753399936866236
                    ]
                ]
            },
            "est_tgt": [
                0
            ]
        },
        "1": {
            "intv_type": "do",
            "inode": 1,
            "new_mui": 10.0,
            "true_params": {
                "Si": [
                    [
                        1.0,
                        0.0,
                        0.5173252107162312,
                        0.33328156166684236,
                        0.16935219241040206,
                        -0.7715157025893224
                    ],
                    [
                        0.0,
                        0.0,
                        0.0,
                        0.0,
                        0.0,
                        0.0
                    ],
                    [
                        0.5173252107162312,
                        0.0,
                        1.267625373642593,
                        0.8166548920962198,
                        0.4149713405310613,
                        -0.209361769928352
                    ],
                    [
                        0.33328156166684236,
                        0.0,
                        0.8166548920962198,
                        1.5261216970343858,
                        0.7754766089826852,
                        0.15967370410989892
                    ],
                    [
                        0.16935219241040206,
                        0.0,
                        0.4149713405310613,
                        0.7754766089826852,
                        1.3940471931221976,
                        0.6608098397019618
                    ],
                    [
                        -0.7715157025893224,
                        0.0,
                        -0.209361769928352,
                        0.15967370410989892,
                        0.6608098397019618,
                        2.0540297061265225
                    ]
                ],
                "mui": [
                    0.5,
                    10.0,
                    5.991840620158327,
                    10.223708166215497,
                    -1.8671933554042428,
                    -1.0172057505905083
                ],
                "Ai": [
                    [
                        0.0,
                        0.0,
                        0.0,
                        0.0,
                        0.0,
                        0.0
                    ],
                    [
                        0.0,
                        0.0,
                        0.0,
                        0.0,
                        0.0,
                        0.0
                    ],
                    [
                        0.5173252107162312,
                        0.5233178014800212,
                        0.0,
                        0.0,
                        0.0,
                        0.0
                    ],
                    [
                        0.0,
                        0.586352513670413,
                        0.644239937979086,
                        0.0,
                        0.0,
                        0.0
                    ],
                    [
                        0.0,
                        -0.7562222398875569,
                        0.0,
                        0.5081354982958561,
                        0.0,
                        0.0
                    ],
                    [
                        -0.8696847590218098,
                        -0.0,
                        -0.0,
                        0.0,
                        0.5796739624993332,
                        0.0
                    ]
                ]
            },
            "est_params": {
                "mui": [
                    0.4950541880955574,
                    10.0,
                    5.982147941150739,
                    10.221076563162718,
                    -1.8580325674476892,
                    -1.0022877345811632
                ],
                "Si": [
                    [
                        0.9955987281153744,
                        0.0,
                        0.5097543640772237,
                        0.3381795437390981,
                        0.1805041258709398,
                        -0.7617862421410794
                    ],
                    [
                        0.0,
                        1e-06,
                        0.0,
                        0.0,
                        0.0,
                        0.0
                    ],
                    [
                        0.5097543640772237,
                        0.0,
                        1.2702978403791374,
                        0.8301187433944435,
                        0.42674629432471844,
                        -0.19312683568396188
                    ],
                    [
                        0.3381795437390981,
                        0.0,
                        0.8301187433944435,
                        1.549998115012925,
                        0.7786283946169177,
                        0.16122677010214342
                    ],
                    [
                        0.1805041258709398,
                        0.0,
                        0.42674629432471844,
                        0.7786283946169177,
                        1.3950854748977233,
                        0.645665412638421
                    ],
                    [
                        -0.7617862421410794,
                        0.0,
                        -0.19312683568396188,
                        0.16122677010214342,
                        0.645665412638421,
                        2.037148020784225
                    ]
                ]
            },
            "est_tgt": [
                1
            ]
        },
        "2": {
            "intv_type": "do",
            "inode": 2,
            "new_mui": 10.0,
            "true_params": {
                "Si": [
                    [
                        1.0,
                        -0.8195617808012192,
                        0.0,
                        -0.48055211028099487,
                        0.3755852595889743,
                        -0.6519677633395283
                    ],
                    [
                        -0.8195617808012192,
                        1.6716815125500657,
                        0.0,
                        0.980194656940089,
                        -0.7660910373680418,
                        0.2686773625732361
                    ],
                    [
                        0.0,
                        0.0,
                        0.0,
                        0.0,
                        0.0,
                        0.0
                    ],
                    [
                        -0.48055211028099487,
                        0.980194656940089,
                        0.0,
                        1.5747396009831292,
                        0.05893609283473056,
                        0.452092564694886
                    ],
                    [
                        0.3755852595889743,
                        -0.7660910373680418,
                        0.0,
                        0.05893609283473056,
                        1.6092826011364294,
                        0.606218446204207
                    ],
                    [
                        -0.6519677633395283,
                        0.2686773625732361,
                        0.0,
                        0.452092564694886,
                        0.606218446204207,
                        1.9184154760013075
                    ]
                ],
                "mui": [
                    0.5,
                    0.09021910959939039,
                    10.0,
                    6.995299581485569,
                    3.986334341425051,
                    2.3759318440301245
                ],
                "Ai": [
                    [
                        0.0,
                        0.0,
                        0.0,
                        0.0,
                        0.0,
                        0.0
                    ],
                    [
                        -0.8195617808012192,
                        0.0,
                        0.0,
                        0.0,
                        0.0,
                        0.0
                    ],
                    [
                        0.0,
                        0.0,
                        0.0,
                        0.0,
                        0.0,
                        0.0
                    ],
                    [
                        0.0,
                        0.586352513670413,
                        0.644239937979086,
                        0.0,
                        0.0,
                        0.0
                    ],
                    [
                        0.0,
                        -0.7562222398875569,
                        0.0,
                        0.5081354982958561,
                        0.0,
                        0.0
                    ],
                    [
                        -0.8696847590218098,
                        -0.0,
                        -0.0,
                        0.0,
                        0.5796739624993332,
                        0.0
                    ]
                ]
            },
            "est_params": {
                "mui": [
                    0.4976856401382394,
                    0.08021155177649224,
                    10.0,
                    6.995637232886001,
                    3.988752877687399,
                    2.3794857367929767
                ],
                "Si": [
                    [
                        0.992194770493477,
                        -0.809000685554015,
                        6.280945326615184e-57,
                        -0.4788490991494305,
                        0.3626875117851569,
                        -0.6563396391631396
                    ],
                    [
                        -0.809000685554015,
                        1.674661658280544,
                        2.3706379817457032e-56,
                        0.9872067594908622,
                        -0.7609135309772743,
                        0.2611057275991214
                    ],
                    [
                        6.280945326615183e-57,
                        2.3706379817457032e-56,
                        1e-06,
                        1.4924718227786321e-56,
                        -1.051893928478999e-56,
                        -1.050535610319676e-56
                    ],
                    [
                        -0.4788490991494305,
                        0.9872067594908622,
                        1.4924718227786324e-56,
                        1.5688480761017713,
                        0.05065907708792804,
                        0.4513285367199113
                    ],
                    [
                        0.3626875117851569,
                        -0.7609135309772743,
                        -1.051893928478999e-56,
                        0.05065907708792804,
                        1.5824789956443828,
                        0.6097622780057006
                    ],
                    [
                        -0.6563396391631396,
                        0.2611057275991214,
                        -1.0505356103196762e-56,
                        0.4513285367199113,
                        0.6097622780057006,
                        1.9109847187583016
                    ]
                ]
            },
            "est_tgt": [
                2
            ]
        },
        "3": {
            "intv_type": "do",
            "inode": 3,
            "new_mui": 10.0,
            "true_params": {
                "Si": [
                    [
                        1.0,
                        -0.8195617808012192,
                        0.0884339414102861,
                        0.0,
                        0.6197708456037329,
                        -0.5104197371091315
                    ],
                    [
                        -0.8195617808012192,
                        1.6716815125500657,
                        0.45084072297453637,
                        0.0,
                        -1.2641627377992297,
                        -0.020041833624491523
                    ],
                    [
                        0.0884339414102861,
                        0.45084072297453637,
                        1.2816820833392408,
                        0.0,
                        -0.3409357813603294,
                        -0.27454124636370203
                    ],
                    [
                        0.0,
                        0.0,
                        0.0,
                        0.0,
                        0.0,
                        0.0
                    ],
                    [
                        0.6197708456037329,
                        -1.2641627377992297,
                        -0.3409357813603294,
                        0.0,
                        1.9559879771609197,
                        0.5948300428143
                    ],
                    [
                        -0.5104197371091315,
                        -0.020041833624491523,
                        -0.27454124636370203,
                        0.0,
                        0.5948300428143,
                        1.7887117539995439
                    ]
                ],
                "mui": [
                    0.5,
                    0.09021910959939039,
                    0.8058758714451537,
                    10.0,
                    5.5131292858166505,
                    3.260975119369551
                ],
                "Ai": [
                    [
                        0.0,
                        0.0,
                        0.0,
                        0.0,
                        0.0,
                        0.0
                    ],
                    [
                        -0.8195617808012192,
                        0.0,
                        0.0,
                        0.0,
                        0.0,
                        0.0
                    ],
                    [
                        0.5173252107162312,
                        0.5233178014800212,
                        0.0,
                        0.0,
                        0.0,
                        0.0
                    ],
                    [
                        0.0,
                        0.0,
                        0.0,
                        0.0,
                        0.0,
                        0.0
                    ],
                    [
                        0.0,
                        -0.7562222398875569,
                        0.0,
                        0.5081354982958561,
                        0.0,
                        0.0
                    ],
                    [
                        -0.8696847590218098,
                        -0.0,
                        -0.0,
                        0.0,
                        0.5796739624993332,
                        0.0
                    ]
                ]
            },
            "est_params": {
                "mui": [
                    0.5001200451836447,
                    0.08942520095419625,
                    0.8111515659770087,
                    9.999999999999952,
                    5.518177139878634,
                    3.275590418738566
                ],
                "Si": [
                    [
                        0.9770462246612334,
                        -0.799088501563961,
                        0.08816181827926665,
                        -4.146500876307142e-19,
                        0.6028987963093446,
                        -0.5057108915364256
                    ],
                    [
                        -0.799088501563961,
                        1.6396713500220743,
                        0.45397759918619046,
                        1.2386736859886086e-18,
                        -1.235335874949548,
                        -0.0208309364540954
                    ],
                    [
                        0.08816181827926664,
                        0.45397759918619046,
                        1.2851387510571444,
                        5.076257433910293e-19,
                        -0.34977038213492145,
                        -0.2725148998902496
                    ],
                    [
                        -4.1465008763073576e-19,
                        1.2386736859885655e-18,
                        5.076257433908918e-19,
                        1.0000000000000002e-06,
                        -1.1227425474377406e-18,
                        -2.2469603490780835e-19
                    ],
                    [
                        0.6028987963093446,
                        -1.235335874949548,
                        -0.3497703821349214,
                        -1.1227425474377298e-18,
                        1.9408723986517087,
                        0.6007922972509175
                    ],
                    [
                        -0.5057108915364256,
                        -0.0208309364540954,
                        -0.2725148998902496,
                        -2.2469603490793777e-19,
                        0.6007922972509175,
                        1.7971875914165143
                    ]
                ]
            },
            "est_tgt": [
                3
            ]
        },
        "4": {
            "intv_type": "do",
            "inode": 4,
            "new_mui": 10.0,
            "true_params": {
                "Si": [
                    [
                        1.0,
                        -0.8195617808012192,
                        0.0884339414102861,
                        -0.42357943335158604,
                        0.0,
                        -0.8696847590218098
                    ],
                    [
                        -0.8195617808012192,
                        1.6716815125500657,
                        0.45084072297453637,
                        1.2706442563476505,
                        0.0,
                        0.7127603898395936
                    ],
                    [
                        0.0884339414102861,
                        0.45084072297453637,
                        1.2816820833392408,
                        1.0900623770604838,
                        0.0,
                        -0.07690965102475351
                    ],
                    [
                        -0.42357943335158604,
                        1.2706442563476505,
                        1.0900623770604838,
                        2.4473071718810986,
                        0.0,
                        0.36838057742096886
                    ],
                    [
                        0.0,
                        0.0,
                        0.0,
                        0.0,
                        0.0,
                        0.0
                    ],
                    [
                        -0.8696847590218098,
                        0.7127603898395936,
                        -0.07690965102475351,
                        0.36838057742096886,
                        0.0,
                        1.7563515800748233
                    ]
                ],
                "mui": [
                    0.5,
                    0.09021910959939039,
                    0.8058758714451537,
                    1.0720776231333766,
                    10.0,
                    5.861897245482427
                ],
                "Ai": [
                    [
                        0.0,
                        0.0,
                        0.0,
                        0.0,
                        0.0,
                        0.0
                    ],
                    [
                        -0.8195617808012192,
                        0.0,
                        0.0,
                        0.0,
                        0.0,
                        0.0
                    ],
                    [
                        0.5173252107162312,
                        0.5233178014800212,
                        0.0,
                        0.0,
                        0.0,
                        0.0
                    ],
                    [
                        0.0,
                        0.586352513670413,
                        0.644239937979086,
                        0.0,
                        0.0,
                        0.0
                    ],
                    [
                        0.0,
                        0.0,
                        0.0,
                        0.0,
                        0.0,
                        0.0
                    ],
                    [
                        -0.8696847590218098,
                        -0.0,
                        -0.0,
                        0.0,
                        0.5796739624993332,
                        0.0
                    ]
                ]
            },
            "est_params": {
                "mui": [
                    0.49866811960978386,
                    0.09606590479671778,
                    0.8105340265656852,
                    1.0798259330470956,
                    9.999999999999998,
                    5.852659812939103
                ],
                "Si": [
                    [
                        0.9954411754127072,
                        -0.8194135377946875,
                        0.08501005625751985,
                        -0.42599947205444877,
                        3.5440599950433443e-31,
                        -0.8606969079823678
                    ],
                    [
                        -0.8194135377946875,
                        1.6563669570745079,
                        0.4549133537402817,
                        1.259970220122981,
                        -2.1908121700220387e-33,
                        0.7096041969760938
                    ],
                    [
                        0.08501005625751985,
                        0.4549133537402817,
                        1.2936018201912818,
                        1.0974014725831356,
                        5.0321270305275445e-31,
                        -0.07350919777742879
                    ],
                    [
                        -0.42599947205444877,
                        1.259970220122981,
                        1.0974014725831356,
                        2.4448774322818556,
                        5.17537244164437e-31,
                        0.3681631960655382
                    ],
                    [
                        3.557541916089634e-31,
                        -6.740960523144735e-34,
                        5.0253860700044e-31,
                        5.148408599551791e-31,
                        1e-06,
                        2.8312034197207887e-30
                    ],
                    [
                        -0.8606969079823678,
                        0.7096041969760938,
                        -0.07350919777742879,
                        0.3681631960655382,
                        2.831877515773103e-30,
                        1.7482603536967665
                    ]
                ]
            },
            "est_tgt": [
                4
            ]
        },
        "5": {
            "intv_type": "do",
            "inode": 5,
            "new_mui": 10.0,
            "true_params": {
                "Si": [
                    [
                        1.0,
                        -0.8195617808012192,
                        0.0884339414102861,
                        -0.42357943335158604,
                        0.4045350991697483,
                        0.0
                    ],
                    [
                        -0.8195617808012192,
                        1.6716815125500657,
                        0.45084072297453637,
                        1.2706442563476505,
                        -0.6185032854432486,
                        0.0
                    ],
                    [
                        0.0884339414102861,
                        0.45084072297453637,
                        1.2816820833392408,
                        1.0900623770604838,
                        0.21296360778086493,
                        0.0
                    ],
                    [
                        -0.42357943335158604,
                        1.2706442563476505,
                        1.0900623770604838,
                        2.4473071718810986,
                        0.2826742036313452,
                        0.0
                    ],
                    [
                        0.4045350991697483,
                        -0.6185032854432486,
                        0.21296360778086493,
                        0.2826742036313452,
                        1.6113627372133044,
                        0.0
                    ],
                    [
                        0.0,
                        0.0,
                        0.0,
                        0.0,
                        0.0,
                        0.0
                    ]
                ],
                "mui": [
                    0.5,
                    0.09021910959939039,
                    0.8058758714451537,
                    1.0720776231333766,
                    0.9765350001008034,
                    10.0
                ],
                "Ai": [
                    [
                        0.0,
                        0.0,
                        0.0,
                        0.0,
                        0.0,
                        0.0
                    ],
                    [
                        -0.8195617808012192,
                        0.0,
                        0.0,
                        0.0,
                        0.0,
                        0.0
                    ],
                    [
                        0.5173252107162312,
                        0.5233178014800212,
                        0.0,
                        0.0,
                        0.0,
                        0.0
                    ],
                    [
                        0.0,
                        0.586352513670413,
                        0.644239937979086,
                        0.0,
                        0.0,
                        0.0
                    ],
                    [
                        0.0,
                        -0.7562222398875569,
                        0.0,
                        0.5081354982958561,
                        0.0,
                        0.0
                    ],
                    [
                        0.0,
                        0.0,
                        0.0,
                        0.0,
                        0.0,
                        0.0
                    ]
                ]
            },
            "est_params": {
                "mui": [
                    0.5005060001068904,
                    0.0903537679037956,
                    0.8137284124461145,
                    1.076639006670183,
                    0.9829921999053215,
                    9.999999999999995
                ],
                "Si": [
                    [
                        1.0039837512522805,
                        -0.8228928589687118,
                        0.08688553677140097,
                        -0.4251648221360713,
                        0.4006207314494716,
                        2.798172713157399e-30
                    ],
                    [
                        -0.8228928589687118,
                        1.6739437951779346,
                        0.45718405667656814,
                        1.2737511310959113,
                        -0.627650943622911,
                        6.646587075820755e-31
                    ],
                    [
                        0.08688553677140097,
                        0.45718405667656814,
                        1.2769133555124395,
                        1.0840364940702942,
                        0.20218129085108522,
                        4.227256344064093e-30
                    ],
                    [
                        -0.4251648221360713,
                        1.2737511310959113,
                        1.0840364940702942,
                        2.446459831178809,
                        0.27926129354738877,
                        4.590594116261596e-30
                    ],
                    [
                        0.4006207314494716,
                        -0.627650943622911,
                        0.20218129085108522,
                        0.27926129354738877,
                        1.6055948531775952,
                        4.8427060398272116e-30
                    ],
                    [
                        2.791431752634254e-30,
                        6.646587075820755e-31,
                        4.227256344064093e-30,
                        4.567674850482904e-30,
                        4.8420319437748964e-30,
                        1e-06
                    ]
                ]
            },
            "est_tgt": [
                5
            ]
        },
        "obs": {
            "intv_type": "obs",
            "true_params": {
                "Si": [
                    [
                        1.0,
                        -0.8195617808012192,
                        0.0884339414102861,
                        -0.42357943335158604,
                        0.4045350991697483,
                        -0.635186295116021
                    ],
                    [
                        -0.8195617808012192,
                        1.6716815125500657,
                        0.45084072297453637,
                        1.2706442563476505,
                        -0.6185032854432486,
                        0.35423013954784943
                    ],
                    [
                        0.0884339414102861,
                        0.45084072297453637,
                        1.2816820833392408,
                        1.0900623770604838,
                        0.21296360778086493,
                        0.04653980736573429
                    ],
                    [
                        -0.42357943335158604,
                        1.2706442563476505,
                        1.0900623770604838,
                        2.4473071718810986,
                        0.2826742036313452,
                        0.5322394531362941
                    ],
                    [
                        0.4045350991697483,
                        -0.6185032854432486,
                        0.21296360778086493,
                        0.2826742036313452,
                        1.6113627372133044,
                        0.5822470126669015
                    ],
                    [
                        -0.635186295116021,
                        0.35423013954784943,
                        0.04653980736573429,
                        0.5322394531362941,
                        0.5822470126669015,
                        1.889925272987955
                    ]
                ],
                "mui": [
                    0.5,
                    0.09021910959939039,
                    0.8058758714451537,
                    1.0720776231333766,
                    0.9765350001008034,
                    0.6312295335168147
                ],
                "Ai": [
                    [
                        0.0,
                        0.0,
                        0.0,
                        0.0,
                        0.0,
                        0.0
                    ],
                    [
                        -0.8195617808012192,
                        0.0,
                        0.0,
                        0.0,
                        0.0,
                        0.0
                    ],
                    [
                        0.5173252107162312,
                        0.5233178014800212,
                        0.0,
                        0.0,
                        0.0,
                        0.0
                    ],
                    [
                        0.0,
                        0.586352513670413,
                        0.644239937979086,
                        0.0,
                        0.0,
                        0.0
                    ],
                    [
                        0.0,
                        -0.7562222398875569,
                        0.0,
                        0.5081354982958561,
                        0.0,
                        0.0
                    ],
                    [
                        -0.8696847590218098,
                        -0.0,
                        -0.0,
                        0.0,
                        0.5796739624993332,
                        0.0
                    ]
                ]
            },
            "est_params": {
                "mui": [
                    0.5110039712340857,
                    0.08793575231538946,
                    0.8137453976919665,
                    1.0657062568630415,
                    0.9773726594522387,
                    0.6259253220414746
                ],
                "Si": [
                    [
                        0.9944337487499311,
                        -0.8071792218248864,
                        0.09696836443856473,
                        -0.4018823837673027,
                        0.40251140578676375,
                        -0.6390744239655561
                    ],
                    [
                        -0.8071792218248864,
                        1.64485380934172,
