{
    "expt_args": {
        "save_dir": "expt_logs_29.04.24-7",
        "exp_name": "201",
        "num_nodes": 6,
        "obs_noise_mean": 0.5,
        "obs_noise_var": 1.0,
        "max_edge_strength": 1.0,
        "num_parents": 2,
        "new_noise_mean": 10.0,
        "mix_samples": 2048,
        "stage2_samples": 2048,
        "intv_targets": [
            0,
            1,
            2,
            3,
            4,
            5
        ]
    },
    "intv_args_dict": {
        "0": {
            "intv_type": "do",
            "inode": 0,
            "new_mui": 10.0,
            "true_params": {
                "Si": [
                    [
                        0.0,
                        0.0,
                        0.0,
                        0.0,
                        0.0,
                        0.0
                    ],
                    [
                        0.0,
                        1.0,
                        0.8325621419209825,
                        0.516895116588669,
                        -0.6889170257939167,
                        0.9486993444883666
                    ],
                    [
                        0.0,
                        0.8325621419209825,
                        1.6931597201600543,
                        0.4303473054155583,
                        -1.4010324273397372,
                        1.4165142538140478
                    ],
                    [
                        0.0,
                        0.516895116588669,
                        0.4303473054155583,
                        1.267180561553214,
                        -0.35609784636766567,
                        1.3163935529303226
                    ],
                    [
                        0.0,
                        -0.6889170257939167,
                        -1.4010324273397372,
                        -0.35609784636766567,
                        2.1593069685545814,
                        -1.1721176565639237
                    ],
                    [
                        0.0,
                        0.9486993444883666,
                        1.4165142538140478,
                        1.3163935529303226,
                        -1.1721176565639237,
                        2.9750386789366425
                    ]
                ],
                "mui": [
                    10.0,
                    -5.632724272667795,
                    -12.155428568090837,
                    -12.082566152522713,
                    3.158277583072203,
                    -17.097745351105278
                ],
                "Ai": [
                    [
                        0.0,
                        0.0,
                        0.0,
                        0.0,
                        0.0,
                        0.0
                    ],
                    [
                        -0.6132724272667794,
                        0.0,
                        0.0,
                        0.0,
                        0.0,
                        0.0
                    ],
                    [
                        -0.7965835582788228,
                        0.8325621419209825,
                        0.0,
                        0.0,
                        0.0,
                        0.0
                    ],
                    [
                        -0.9671038482890266,
                        0.516895116588669,
                        0.0,
                        0.0,
                        0.0,
                        0.0
                    ],
                    [
                        -0.7399928615275837,
                        0.0,
                        -0.8274661927389211,
                        -0.0,
                        0.0,
                        0.0
                    ],
                    [
                        0.0,
                        0.0,
                        0.6266630955277812,
                        0.8260154946534144,
                        0.0,
                        0.0
                    ]
                ]
            },
            "est_params": {
                "mui": [
                    10.0,
                    -5.785605865854175,
                    -12.21160667781339,
                    -11.999812143758115,
                    3.1123446275147755,
                    -17.167170246313006
                ],
                "Si": [
                    [
                        1e-06,
                        0.0,
                        0.0,
                        0.0,
                        0.0,
                        0.0
                    ],
                    [
                        0.0,
                        0.8913236964579555,
                        0.7843555159005519,
                        0.43285017411183774,
                        -0.589248670545522,
                        0.821417813872214
                    ],
                    [
                        0.0,
                        0.7843555159005519,
                        1.8230514690038953,
                        0.4006125769597752,
                        -1.6129619907732646,
                        1.490940695463724
                    ],
                    [
                        0.0,
                        0.43285017411183774,
                        0.4006125769597752,
                        1.1605545719990822,
                        -0.37046882966290573,
                        1.1481055336865824
                    ],
                    [
                        0.0,
                        -0.589248670545522,
                        -1.6129619907732646,
                        -0.37046882966290573,
                        2.558500720815252,
                        -1.368084626234057
                    ],
                    [
                        0.0,
                        0.821417813872214,
                        1.490940695463724,
                        1.1481055336865824,
                        -1.368084626234057,
                        2.8261840625144536
                    ]
                ]
            },
            "est_tgt": [
                0,
                4
            ]
        },
        "1": {
            "intv_type": "do",
            "inode": 1,
            "new_mui": 10.0,
            "true_params": {
                "Si": [
                    [
                        1.0,
                        0.0,
                        -0.7965835582788228,
                        -0.9671038482890266,
                        -0.08084689736018377,
                        -1.2980322821032226
                    ],
                    [
                        0.0,
                        0.0,
                        0.0,
                        0.0,
                        0.0,
                        0.0
                    ],
                    [
                        -0.7965835582788228,
                        0.0,
                        1.6345453653201507,
                        0.7703790246952156,
                        -0.7630648835639431,
                        1.6606542695663469
                    ],
                    [
                        -0.9671038482890266,
                        0.0,
                        0.7703790246952156,
                        1.9352898533754446,
                        0.07818734555926167,
                        2.081347509878828
                    ],
                    [
                        -0.08084689736018377,
                        0.0,
                        -0.7630648835639431,
                        0.07818734555926167,
                        1.6912365209386135,
                        -0.4136006431049556
                    ],
                    [
                        -1.2980322821032226,
                        0.0,
                        1.6606542695663469,
                        2.081347509878828,
                        -0.4136006431049556,
                        3.759896038086086
                    ]
                ],
                "mui": [
                    0.5,
                    10.0,
                    8.427329640070415,
                    5.185399241742178,
                    -6.843326802988719,
                    10.064316598922654
                ],
                "Ai": [
                    [
                        0.0,
                        0.0,
                        0.0,
                        0.0,
                        0.0,
                        0.0
                    ],
                    [
                        0.0,
                        0.0,
                        0.0,
                        0.0,
                        0.0,
                        0.0
                    ],
                    [
                        -0.7965835582788228,
                        0.8325621419209825,
                        0.0,
                        0.0,
                        0.0,
                        0.0
                    ],
                    [
                        -0.9671038482890266,
                        0.516895116588669,
                        0.0,
                        0.0,
                        0.0,
                        0.0
                    ],
                    [
                        -0.7399928615275837,
                        0.0,
                        -0.8274661927389211,
                        -0.0,
                        0.0,
                        0.0
                    ],
                    [
                        0.0,
                        0.0,
                        0.6266630955277812,
                        0.8260154946534144,
                        0.0,
                        0.0
                    ]
                ]
            },
            "est_params": {
                "mui": [
                    0.5106166168152486,
                    10.0,
                    8.404631823483061,
                    5.063570635024351,
                    -6.842070372507734,
                    9.956741159982046
                ],
                "Si": [
                    [
                        0.8642709578749485,
                        0.0,
                        -0.7013710994753845,
                        -0.7462034087270462,
                        0.007040128341542634,
                        -1.0426026394054122
                    ],
                    [
                        0.0,
                        1e-06,
                        0.0,
                        0.0,
                        0.0,
                        0.0
                    ],
                    [
                        -0.7013710994753845,
                        0.0,
                        1.5431682959930149,
                        0.5040075667485817,
                        -0.7606538483122233,
                        1.5040755641648258
                    ],
                    [
                        -0.7462034087270462,
                        0.0,
                        0.5040075667485817,
                        1.7484428715531737,
                        0.049342428258701894,
                        1.7869947343381982
                    ],
                    [
                        0.007040128341542634,
                        0.0,
                        -0.7606538483122233,
                        0.049342428258701894,
                        1.5936046568644024,
                        -0.5280272820808247
                    ],
                    [
                        -1.0426026394054122,
                        0.0,
                        1.5040755641648258,
                        1.7869947343381982,
                        -0.5280272820808247,
                        3.4504056557759815
                    ]
                ]
            },
            "est_tgt": [
                1,
                2,
                4
            ]
        },
        "2": {
            "intv_type": "do",
            "inode": 2,
            "new_mui": 10.0,
            "true_params": {
                "Si": [
                    [
                        1.0,
                        -0.6132724272667794,
                        0.0,
                        -1.2841013710817046,
                        -0.7399928615275837,
                        -1.0606876292191818
                    ],
                    [
                        -0.6132724272667794,
                        1.3761030700456873,
                        0.0,
                        1.3043990812885455,
                        0.45381721834911104,
                        1.077453852356017
                    ],
                    [
                        0.0,
                        0.0,
                        0.0,
                        0.0,
                        0.0,
                        0.0
                    ],
                    [
                        -1.2841013710817046,
                        1.3043990812885455,
                        0.0,
                        2.9160968927671274,
                        0.9502258480782443,
                        2.408741217336323
                    ],
                    [
                        -0.7399928615275837,
                        0.45381721834911104,
                        0.0,
                        0.9502258480782443,
                        1.5475894351117816,
                        0.7849012739328111
                    ],
                    [
                        -1.0606876292191818,
                        1.077453852356017,
                        0.0,
                        2.408741217336323,
                        0.7849012739328111,
                        2.9896575681301307
                    ]
                ],
                "mui": [
                    0.5,
                    0.19336378636661028,
                    10.0,
                    0.1163968727534822,
                    -8.144658358153002,
                    6.86277657570139
                ],
                "Ai": [
                    [
                        0.0,
                        0.0,
                        0.0,
                        0.0,
                        0.0,
                        0.0
                    ],
                    [
                        -0.6132724272667794,
                        0.0,
                        0.0,
                        0.0,
                        0.0,
                        0.0
                    ],
                    [
                        0.0,
                        0.0,
                        0.0,
                        0.0,
                        0.0,
                        0.0
                    ],
                    [
                        -0.9671038482890266,
                        0.516895116588669,
                        0.0,
                        0.0,
                        0.0,
                        0.0
                    ],
                    [
                        -0.7399928615275837,
                        0.0,
                        -0.8274661927389211,
                        -0.0,
                        0.0,
                        0.0
                    ],
                    [
                        0.0,
                        0.0,
                        0.6266630955277812,
                        0.8260154946534144,
                        0.0,
                        0.0
                    ]
                ]
            },
            "est_params": {
                "mui": [
                    0.45810253633406006,
                    0.15842410664370365,
                    9.999999999999998,
                    0.15712739176027773,
                    -8.089492736302171,
                    6.884930570090727
                ],
                "Si": [
                    [
                        0.8998849506795158,
                        -0.4902854277505165,
                        -4.43058864576619e-31,
                        -0.9729286401972619,
                        -0.6328937576269096,
                        -0.7947909471757301
                    ],
                    [
                        -0.49028542775051637,
                        1.19052227056219,
                        -2.1882785384576913e-30,
                        1.0188533244934563,
                        0.2972192437742854,
                        0.8221197569488394
                    ],
                    [
                        -4.43058864576619e-31,
                        -2.1450532833770457e-30,
                        1e-06,
                        -1.2211134560282425e-30,
                        -1.1130503183266282e-30,
                        1.4196794715549589e-30
                    ],
                    [
                        -0.9729286401972619,
                        1.0188533244934563,
                        -1.231919769798404e-30,
                        2.242245863632503,
                        0.7277532360209799,
                        1.9198611984689755
                    ],
                    [
                        -0.6328937576269096,
                        0.29721924377428544,
                        -1.1184534752117089e-30,
                        0.7277532360209799,
                        1.5052730568805772,
                        0.6038990911475804
                    ],
                    [
                        -0.7947909471757301,
                        0.8221197569488393,
                        1.4196794715549589e-30,
                        1.9198611984689755,
                        0.6038990911475804,
                        2.5858635700108263
                    ]
                ]
            },
            "est_tgt": [
                1,
                2,
                4
            ]
        },
        "3": {
            "intv_type": "do",
            "inode": 3,
            "new_mui": 10.0,
            "true_params": {
                "Si": [
                    [
                        1.0,
                        -0.6132724272667794,
                        -1.3071709639051328,
                        0.0,
                        0.34164691923386215,
                        -0.819155802624824
                    ],
                    [
                        -0.6132724272667794,
                        1.3761030700456873,
                        1.634214051807739,
                        0.0,
                        -0.8984396612206846,
                        1.0241016364608355
                    ],
                    [
                        -1.3071709639051328,
                        1.634214051807739,
                        3.401855649036728,
                        0.0,
                        -1.8476233600698837,
                        2.1318173915640255
                    ],
                    [
                        0.0,
                        0.0,
                        0.0,
                        0.0,
                        0.0,
                        0.0
                    ],
                    [
                        0.34164691923386215,
                        -0.8984396612206846,
                        -1.8476233600698837,
                        0.0,
                        2.2760295859765707,
                        -1.1578373741908337
                    ],
                    [
                        -0.819155802624824,
                        1.0241016364608355,
                        2.1318173915640255,
                        0.0,
                        -1.1578373741908337,
                        2.3359312856974723
                    ]
                ],
                "mui": [
                    0.5,
                    0.19336378636661028,
                    0.2626955890079249,
                    10.0,
                    -0.0873681496494878,
                    8.924776577523344
                ],
                "Ai": [
                    [
                        0.0,
                        0.0,
                        0.0,
                        0.0,
                        0.0,
                        0.0
                    ],
                    [
                        -0.6132724272667794,
                        0.0,
                        0.0,
                        0.0,
                        0.0,
                        0.0
                    ],
                    [
                        -0.7965835582788228,
                        0.8325621419209825,
                        0.0,
                        0.0,
                        0.0,
                        0.0
                    ],
                    [
                        0.0,
                        0.0,
                        0.0,
                        0.0,
                        0.0,
                        0.0
                    ],
                    [
                        -0.7399928615275837,
                        0.0,
                        -0.8274661927389211,
                        -0.0,
                        0.0,
                        0.0
                    ],
                    [
                        0.0,
                        0.0,
                        0.6266630955277812,
                        0.8260154946534144,
                        0.0,
                        0.0
                    ]
                ]
            },
            "est_params": {
                "mui": [
                    0.5335447097176802,
                    0.13461036294161946,
                    0.09985686805812234,
                    10.0,
                    0.046711051873971364,
                    8.855151936733257
                ],
                "Si": [
                    [
                        1.0749310923855455,
                        -0.8073621035151775,
                        -1.6551460797579105,
                        0.0,
                        0.6136679969653888,
                        -1.0137082247617597
                    ],
                    [
                        -0.8073621035151775,
                        1.6520687787535528,
                        2.169656656557414,
                        0.0,
                        -1.3268168729978715,
                        1.4004034400132948
                    ],
                    [
                        -1.6551460797579105,
                        2.169656656557414,
                        4.373596532695839,
                        0.0,
                        -2.594532500981126,
                        2.7657916337659536
                    ],
                    [
                        0.0,
                        0.0,
                        0.0,
                        1e-06,
                        0.0,
                        0.0
                    ],
                    [
                        0.6136679969653888,
                        -1.3268168729978715,
                        -2.594532500981126,
                        0.0,
                        2.7418915328376148,
                        -1.7176679211461383
                    ],
                    [
                        -1.0137082247617597,
                        1.4004034400132948,
                        2.7657916337659536,
                        0.0,
                        -1.7176679211461383,
                        2.821591168084644
                    ]
                ]
            },
            "est_tgt": [
                3
            ]
        },
        "4": {
            "intv_type": "do",
            "inode": 4,
            "new_mui": 10.0,
            "true_params": {
                "Si": [
                    [
                        1.0,
                        -0.6132724272667794,
                        -1.3071709639051328,
                        -1.2841013710817046,
                        0.0,
                        -1.8798434318440058
                    ],
                    [
                        -0.6132724272667794,
                        1.3761030700456873,
                        1.634214051807739,
                        1.3043990812885455,
                        0.0,
                        2.1015554888168526
                    ],
                    [
                        -1.3071709639051328,
                        1.634214051807739,
                        3.401855649036728,
                        2.1088873324043327,
                        0.0,
                        3.873791004608309
                    ],
                    [
                        -1.2841013710817046,
                        1.3043990812885455,
                        2.1088873324043327,
                        2.9160968927671274,
                        0.0,
                        3.730303081180147
                    ],
                    [
                        0.0,
                        0.0,
                        0.0,
                        0.0,
                        0.0,
                        0.0
                    ],
                    [
                        -1.8798434318440058,
                        2.1015554888168526,
                        3.873791004608309,
                        3.730303081180147,
                        0.0,
                        6.508850007183692
                    ]
                ],
                "mui": [
                    0.5,
                    0.19336378636661028,
                    0.2626955890079249,
                    0.1163968727534822,
                    10.0,
                    0.7607672514127781
                ],
                "Ai": [
                    [
                        0.0,
                        0.0,
                        0.0,
                        0.0,
                        0.0,
                        0.0
                    ],
                    [
                        -0.6132724272667794,
                        0.0,
                        0.0,
                        0.0,
                        0.0,
                        0.0
                    ],
                    [
                        -0.7965835582788228,
                        0.8325621419209825,
                        0.0,
                        0.0,
                        0.0,
                        0.0
                    ],
                    [
                        -0.9671038482890266,
                        0.516895116588669,
                        0.0,
                        0.0,
                        0.0,
                        0.0
                    ],
                    [
                        0.0,
                        0.0,
                        0.0,
                        0.0,
                        0.0,
                        0.0
                    ],
                    [
                        0.0,
                        0.0,
                        0.6266630955277812,
                        0.8260154946534144,
                        0.0,
                        0.0
                    ]
                ]
            },
            "est_params": {
                "mui": [
                    0.41460602232122773,
                    0.21664148985497086,
                    0.293302410639617,
                    0.27135447475910074,
                    10.0,
                    0.9608066007989193
                ],
                "Si": [
                    [
                        0.9803755445508492,
                        -0.732210182251966,
                        -1.43307003002997,
                        -1.4425498437473923,
                        0.0,
                        -2.1327987553759526
                    ],
                    [
                        -0.732210182251966,
                        1.5722460656272736,
                        1.9011551387312429,
                        1.560978722774828,
                        0.0,
                        2.5184320231037054
                    ],
                    [
                        -1.43307003002997,
                        1.9011551387312429,
                        3.7377370754304455,
                        2.468606572770595,
                        0.0,
                        4.441843752206955
                    ],
                    [
                        -1.4425498437473923,
                        1.560978722774828,
                        2.468606572770595,
                        3.456376358534255,
                        0.0,
                        4.513645792059111
                    ],
                    [
                        0.0,
                        0.0,
                        0.0,
                        0.0,
                        1e-06,
                        0.0
                    ],
                    [
                        -2.1327987553759526,
                        2.5184320231037054,
                        4.441843752206955,
                        4.513645792059111,
                        0.0,
                        7.5822638579487025
                    ]
                ]
            },
            "est_tgt": [
                2,
                4
            ]
        },
        "5": {
            "intv_type": "do",
            "inode": 5,
            "new_mui": 10.0,
            "true_params": {
                "Si": [
                    [
                        1.0,
                        -0.6132724272667794,
                        -1.3071709639051328,
                        -1.2841013710817046,
                        0.34164691923386215,
                        0.0
                    ],
                    [
                        -0.6132724272667794,
                        1.3761030700456873,
                        1.634214051807739,
                        1.3043990812885455,
                        -0.8984396612206846,
                        0.0
                    ],
                    [
                        -1.3071709639051328,
                        1.634214051807739,
                        3.401855649036728,
                        2.1088873324043327,
                        -1.8476233600698837,
                        0.0
                    ],
                    [
                        -1.2841013710817046,
                        1.3043990812885455,
                        2.1088873324043327,
                        2.9160968927671274,
                        -0.7948071237817085,
                        0.0
                    ],
                    [
                        0.34164691923386215,
                        -0.8984396612206846,
                        -1.8476233600698837,
                        -0.7948071237817085,
                        2.2760295859765707,
                        0.0
                    ],
                    [
                        0.0,
                        0.0,
                        0.0,
                        0.0,
                        0.0,
                        0.0
                    ]
                ],
                "mui": [
                    0.5,
                    0.19336378636661028,
                    0.2626955890079249,
                    0.1163968727534822,
                    -0.0873681496494878,
                    10.0
                ],
                "Ai": [
                    [
                        0.0,
                        0.0,
                        0.0,
                        0.0,
                        0.0,
                        0.0
                    ],
                    [
                        -0.6132724272667794,
                        0.0,
                        0.0,
                        0.0,
                        0.0,
                        0.0
                    ],
                    [
                        -0.7965835582788228,
                        0.8325621419209825,
                        0.0,
                        0.0,
                        0.0,
                        0.0
                    ],
                    [
                        -0.9671038482890266,
                        0.516895116588669,
                        0.0,
                        0.0,
                        0.0,
                        0.0
                    ],
                    [
                        -0.7399928615275837,
                        0.0,
                        -0.8274661927389211,
                        -0.0,
                        0.0,
                        0.0
                    ],
                    [
                        0.0,
                        0.0,
                        0.0,
                        0.0,
                        0.0,
                        0.0
                    ]
                ]
            },
            "est_params": {
                "mui": [
                    0.4763316504069602,
                    0.17314282738918013,
                    0.20920352238053827,
                    0.0338520033058496,
                    0.046374367553054525,
                    9.999999999999993
                ],
                "Si": [
                    [
                        0.9509815752319439,
                        -0.6586334479188918,
                        -1.204735238724837,
                        -1.2922741437924228,
                        0.28710279814345396,
                        2.8204481073519114e-30
                    ],
                    [
                        -0.6586334479188918,
                        1.4005486842710977,
                        1.672503623694506,
                        1.4804169643227039,
                        -0.7933918889384893,
                        1.620082682966278e-28
                    ],
                    [
                        -1.204735238724837,
                        1.672503623694506,
                        3.3154482442288957,
                        2.1523253070526827,
                        -1.7488259882247708,
                        1.1571401660354126e-28
                    ],
                    [
                        -1.2922741437924228,
                        1.4804169643227039,
                        2.1523253070526827,
                        3.106916613677434,
                        -0.7828230751500739,
                        8.453779901844445e-29
                    ],
                    [
                        0.28710279814345396,
                        -0.7933918889384893,
                        -1.7488259882247708,
                        -0.7828230751500739,
                        2.2159627701364104,
                        -9.647877663769297e-29
                    ],
                    [
                        2.8852859948772426e-30,
                        1.6196504303827758e-28,
                        1.1567079134519103e-28,
                        8.449457376009423e-29,
                        -9.647877663769297e-29,
                        1e-06
                    ]
                ]
            },
            "est_tgt": [
                5
            ]
        },
        "obs": {
            "intv_type": "obs",
            "true_params": {
                "Si": [
                    [
                        1.0,
                        -0.6132724272667794,
                        -1.3071709639051328,
                        -1.2841013710817046,
                        0.34164691923386215,
                        -1.8798434318440058
                    ],
                    [
                        -0.6132724272667794,
                        1.3761030700456873,
                        1.634214051807739,
                        1.3043990812885455,
                        -0.8984396612206846,
                        2.1015554888168526
                    ],
                    [
                        -1.3071709639051328,
                        1.634214051807739,
                        3.401855649036728,
                        2.1088873324043327,
                        -1.8476233600698837,
                        3.873791004608309
                    ],
                    [
                        -1.2841013710817046,
                        1.3043990812885455,
                        2.1088873324043327,
                        2.9160968927671274,
                        -0.7948071237817085,
                        3.730303081180147
                    ],
                    [
                        0.34164691923386215,
                        -0.8984396612206846,
                        -1.8476233600698837,
                        -0.7948071237817085,
                        2.2760295859765707,
                        -1.814360373695439
                    ],
                    [
                        -1.8798434318440058,
                        2.1015554888168526,
                        3.873791004608309,
                        3.730303081180147,
                        -1.814360373695439,
                        6.508850007183692
                    ]
                ],
                "mui": [
                    0.5,
                    0.19336378636661028,
                    0.2626955890079249,
                    0.1163968727534822,
                    -0.0873681496494878,
                    0.7607672514127781
                ],
                "Ai": [
                    [
                        0.0,
                        0.0,
                        0.0,
                        0.0,
                        0.0,
                        0.0
                    ],
                    [
                        -0.6132724272667794,
                        0.0,
                        0.0,
                        0.0,
                        0.0,
                        0.0
                    ],
                    [
                        -0.7965835582788228,
                        0.8325621419209825,
                        0.0,
                        0.0,
                        0.0,
                        0.0
                    ],
                    [
                        -0.9671038482890266,
                        0.516895116588669,
                        0.0,
                        0.0,
                        0.0,
                        0.0
                    ],
                    [
                        -0.7399928615275837,
                        0.0,
                        -0.8274661927389211,
                        -0.0,
                        0.0,
                        0.0
                    ],
                    [
                        0.0,
                        0.0,
                        0.6266630955277812,
                        0.8260154946534144,
                        0.0,
                        0.0
                    ]
                ]
            },
            "est_params": {
                "mui": [
                    0.3737281547122054,
                    0.26393792638020114,
                    0.5009992582286209,
                    0.23627699369842434,
                    -0.2758938785116904,
                    0.9817931492616295
                ],
                "Si": [
                    [
                        1.0030899363525512,
                        -0.6957225575840966,
                        -1.4184973001757382,
                        -1.3522359404810596,
                        0.43397526234058537,
                        -1.9412511948302609
                    ],
                    [
                        -0.6957225575840966,
                        1.4635475730332883,
                        1.7839052717511226,
                        1.440052264969442,
                        -0.9287007514432005,
                        2.2611138116699263
                    ],
                    [
                        -1.4184973001757382,
                        1.7839052717511226,
