{
    "expt_args": {
        "save_dir": "expt_logs_29.04.24-7",
        "exp_name": "166",
        "num_nodes": 8,
        "obs_noise_mean": 0.5,
        "obs_noise_var": 1.0,
        "max_edge_strength": 1.0,
        "num_parents": 2,
        "new_noise_mean": 10.0,
        "mix_samples": 65536,
        "stage2_samples": 65536,
        "intv_targets": [
            0,
            1,
            2,
            3,
            4,
            5,
            6,
            7
        ]
    },
    "intv_args_dict": {
        "0": {
            "intv_type": "do",
            "inode": 0,
            "new_mui": 10.0,
            "true_params": {
                "Si": [
                    [
                        0.0,
                        0.0,
                        0.0,
                        0.0,
                        0.0,
                        0.0,
                        0.0,
                        0.0
                    ],
                    [
                        0.0,
                        1.0,
                        0.8873496583297744,
                        0.5111487873894132,
                        -0.63995088894774,
                        -0.2044575210796955,
                        0.2608884525745223,
                        0.4314523724113183
                    ],
                    [
                        0.0,
                        0.8873496583297744,
                        1.7873894161379673,
                        1.0296075781121843,
                        -1.2890537963425657,
                        -1.1346244493599873,
                        -0.11824879958035009,
                        -0.11864968159117772
                    ],
                    [
                        0.0,
                        0.5111487873894132,
                        1.0296075781121843,
                        1.5930950218988036,
                        -0.7425463893460464,
                        -0.6535889274182841,
                        0.7985411550032102,
                        -0.06834694790284282
                    ],
                    [
                        0.0,
                        -0.63995088894774,
                        -1.2890537963425657,
                        -0.7425463893460464,
                        1.9296573398401047,
                        0.8182838841190097,
                        0.08528027671852097,
                        0.7809427286026738
                    ],
                    [
                        0.0,
                        -0.2044575210796955,
                        -1.1346244493599873,
                        -0.6535889274182841,
                        0.8182838841190097,
                        1.950391474394511,
                        1.1706998303955694,
                        0.3898145382681894
                    ],
                    [
                        0.0,
                        0.2608884525745223,
                        -0.11824879958035009,
                        0.7985411550032102,
                        0.08528027671852097,
                        1.1706998303955694,
                        2.7347579534385105,
                        0.2879591825291937
                    ],
                    [
                        0.0,
                        0.4314523724113183,
                        -0.11864968159117772,
                        -0.06834694790284282,
                        0.7809427286026738,
                        0.3898145382681894,
                        0.2879591825291937,
                        1.9211962725698688
                    ]
                ],
                "mui": [
                    10.0,
                    7.261832284348324,
                    -2.1272368088727798,
                    -10.25787108415166,
                    10.337807360976296,
                    7.18515379628883,
                    -1.9905222876882664,
                    14.053320504763361
                ],
                "Ai": [
                    [
                        0.0,
                        0.0,
                        0.0,
                        0.0,
                        0.0,
                        0.0,
                        0.0,
                        0.0
                    ],
                    [
                        0.6761832284348324,
                        0.0,
                        0.0,
                        0.0,
                        0.0,
                        0.0,
                        0.0,
                        0.0
                    ],
                    [
                        -0.907102120523739,
                        0.8873496583297744,
                        0.0,
                        0.0,
                        0.0,
                        0.0,
                        0.0,
                        0.0
                    ],
                    [
                        -0.9532497855979017,
                        -0.0,
                        0.57603987626651,
                        0.0,
                        0.0,
                        0.0,
                        0.0,
                        0.0
                    ],
                    [
                        0.830365780216217,
                        -0.0,
                        -0.7211935936869531,
                        -0.0,
                        0.0,
                        0.0,
                        0.0,
                        0.0
                    ],
                    [
                        -0.0,
                        0.6413634082445401,
                        -0.9531991378869669,
                        -0.0,
                        -0.0,
                        0.0,
                        0.0,
                        0.0
                    ],
                    [
                        -0.0,
                        0.0,
                        0.0,
                        0.8666571788821384,
                        -0.0,
                        0.8906608694645712,
                        0.0,
                        0.0
                    ],
                    [
                        -0.0,
                        0.8764571584364751,
                        0.0,
                        -0.0,
                        0.6953733383461196,
                        -0.0,
                        0.0,
                        0.0
                    ]
                ]
            },
            "est_params": {
                "mui": [
                    10.0,
                    7.273301000472744,
                    -2.129078754966961,
                    -10.264537517001925,
                    10.337034830741235,
                    7.195312276502917,
                    -1.9782636192564464,
                    14.03941693540481
                ],
                "Si": [
                    [
                        1e-06,
                        0.0,
                        0.0,
                        0.0,
                        0.0,
                        0.0,
                        0.0,
                        0.0
                    ],
                    [
                        0.0,
                        1.0030406032350583,
                        0.8848339581826227,
                        0.5133599872869525,
                        -0.665561537572254,
                        -0.18512296218710048,
                        0.27698851219752224,
                        0.4263730339874213
                    ],
                    [
                        0.0,
                        0.8848339581826227,
                        1.7834169597744105,
                        1.042403145962894,
                        -1.30926753981019,
                        -1.1182629284483132,
                        -0.09498205971929066,
                        -0.131829063101426
                    ],
                    [
                        0.0,
                        0.5133599872869525,
                        1.042403145962894,
                        1.6180173456767823,
                        -0.7694613366640103,
                        -0.6427592227092274,
                        0.822099905384864,
                        -0.06186035853974863
                    ],
                    [
                        0.0,
                        -0.665561537572254,
                        -1.30926753981019,
                        -0.7694613366640103,
                        1.9186980649725236,
                        0.7946532682213048,
                        0.031620183907509744,
                        0.7269398098704528
                    ],
                    [
                        0.0,
                        -0.18512296218710048,
                        -1.1182629284483132,
                        -0.6427592227092274,
                        0.7946532682213048,
                        1.9451414030562717,
                        1.1997656341462335,
                        0.38755082037573774
                    ],
                    [
                        0.0,
                        0.27698851219752224,
                        -0.09498205971929066,
                        0.822099905384864,
                        0.031620183907509744,
                        1.1997656341462335,
                        2.8235309191339,
                        0.28372053485438214
                    ],
                    [
                        0.0,
                        0.4263730339874213,
                        -0.131829063101426,
                        -0.06186035853974863,
                        0.7269398098704528,
                        0.38755082037573774,
                        0.28372053485438214,
                        1.8608053682408388
                    ]
                ]
            },
            "est_tgt": [
                0
            ]
        },
        "1": {
            "intv_type": "do",
            "inode": 1,
            "new_mui": 10.0,
            "true_params": {
                "Si": [
                    [
                        1.0,
                        0.0,
                        -0.907102120523739,
                        -1.4757767788654852,
                        1.484562018357788,
                        0.8646489592586675,
                        -0.5088835459963694,
                        1.0323248466873083
                    ],
                    [
                        0.0,
                        0.0,
                        0.0,
                        0.0,
                        0.0,
                        0.0,
                        0.0,
                        0.0
                    ],
                    [
                        -0.907102120523739,
                        0.0,
                        1.822834257058664,
                        1.9147201217950847,
                        -2.0678429485883045,
                        -1.7375240423391483,
                        0.11186126483841036,
                        -1.4379228543353326
                    ],
                    [
                        -1.4757767788654852,
                        0.0,
                        1.9147201217950847,
                        3.509739040087723,
                        -2.6063184219497315,
                        -1.8251095693899029,
                        1.4161868591540108,
                        -1.8123643418641755
                    ],
                    [
                        1.484562018357788,
                        0.0,
                        -2.0678429485883045,
                        -2.6063184219497315,
                        3.7240445859256512,
                        1.9710661158800153,
                        -0.5032331102936515,
                        2.5896013158649125
                    ],
                    [
                        0.8646489592586675,
                        0.0,
                        -1.7375240423391483,
                        -1.8251095693899029,
                        1.9710661158800153,
                        2.656206419215554,
                        0.7840348082576528,
                        1.3706268251004057
                    ],
                    [
                        -0.5088835459963694,
                        0.0,
                        0.11186126483841036,
                        1.4161868591540108,
                        -0.5032331102936515,
                        0.7840348082576528,
                        2.9256576321376206,
                        -0.34993488787119753
                    ],
                    [
                        1.0323248466873083,
                        0.0,
                        -1.4379228543353326,
                        -1.8123643418641755,
                        2.5896013158649125,
                        1.3706268251004057,
                        -0.34993488787119753,
                        2.8007397119984887
                    ]
                ],
                "mui": [
                    0.5,
                    10.0,
                    8.919945523035874,
                    5.161619422594644,
                    -5.5178246771419825,
                    -1.5888503001111047,
                    3.5582277375031253,
                    5.427623418211931
                ],
                "Ai": [
                    [
                        0.0,
                        0.0,
                        0.0,
                        0.0,
                        0.0,
                        0.0,
                        0.0,
                        0.0
                    ],
                    [
                        0.0,
                        0.0,
                        0.0,
                        0.0,
                        0.0,
                        0.0,
                        0.0,
                        0.0
                    ],
                    [
                        -0.907102120523739,
                        0.8873496583297744,
                        0.0,
                        0.0,
                        0.0,
                        0.0,
                        0.0,
                        0.0
                    ],
                    [
                        -0.9532497855979017,
                        -0.0,
                        0.57603987626651,
                        0.0,
                        0.0,
                        0.0,
                        0.0,
                        0.0
                    ],
                    [
                        0.830365780216217,
                        -0.0,
                        -0.7211935936869531,
                        -0.0,
                        0.0,
                        0.0,
                        0.0,
                        0.0
                    ],
                    [
                        -0.0,
                        0.6413634082445401,
                        -0.9531991378869669,
                        -0.0,
                        -0.0,
                        0.0,
                        0.0,
                        0.0
                    ],
                    [
                        -0.0,
                        0.0,
                        0.0,
                        0.8666571788821384,
                        -0.0,
                        0.8906608694645712,
                        0.0,
                        0.0
                    ],
                    [
                        -0.0,
                        0.8764571584364751,
                        0.0,
                        -0.0,
                        0.6953733383461196,
                        -0.0,
                        0.0,
                        0.0
                    ]
                ]
            },
            "est_params": {
                "mui": [
                    0.4932739030045439,
                    10.0,
                    8.934213584071614,
                    5.185306855222417,
                    -5.523806505745144,
                    -1.5877474112540224,
                    3.5733778242454104,
                    5.424793379103981
                ],
                "Si": [
                    [
                        1.016973106927296,
                        -3.9505279920435584e-32,
                        -0.8907155395203462,
                        -1.470749329325205,
                        1.4866515737248986,
                        0.8213366388354258,
                        -0.5394713571398909,
                        1.0369193125820177
                    ],
                    [
                        -3.9505279920435584e-32,
                        1e-06,
                        3.8189916868425614e-32,
                        6.005836176280647e-32,
                        -5.87048870812568e-32,
                        -4.56707413172092e-32,
                        8.505574248346759e-33,
                        -3.6809696711081535e-32
                    ],
                    [
                        -0.8907155395203462,
                        3.8189916868425614e-32,
                        1.7640669831137294,
                        1.8552147192539519,
                        -2.016898491807522,
                        -1.6580370039921726,
                        0.10823328897569051,
                        -1.4063817085338242
                    ],
                    [
                        -1.470749329325205,
                        6.005836176280647e-32,
                        1.8552147192539519,
                        3.4661081906522093,
                        -2.5663853445626548,
                        -1.718111917840626,
                        1.458123592857432,
                        -1.796875676377894
                    ],
                    [
                        1.4866515737248986,
                        -5.870488708125681e-32,
                        -2.016898491807522,
                        -2.5663853445626548,
                        3.649915396715127,
                        1.8795312111262594,
                        -0.5251217748870106,
                        2.530154798069551
                    ],
                    [
                        0.8213366388354258,
                        -4.567074131720919e-32,
                        -1.6580370039921726,
                        -1.718111917840626,
                        1.8795312111262594,
                        2.5593212415718907,
                        0.8078656119047415,
                        1.2885789115188389
                    ],
                    [
                        -0.5394713571398909,
                        8.505574248346758e-33,
                        0.10823328897569051,
                        1.458123592857432,
                        -0.5251217748870106,
                        0.8078656119047415,
                        3.0079648672350348,
                        -0.3846118190305428
                    ],
                    [
                        1.0369193125820177,
                        -3.6809696711081535e-32,
                        -1.4063817085338242,
                        -1.7968756763778937,
                        2.530154798069551,
                        1.2885789115188389,
                        -0.3846118190305428,
                        2.7541591631295765
                    ]
                ]
            },
            "est_tgt": [
                1
            ]
        },
        "2": {
            "intv_type": "do",
            "inode": 2,
            "new_mui": 10.0,
            "true_params": {
                "Si": [
                    [
                        1.0,
                        0.6761832284348324,
                        0.0,
                        -0.9532497855979017,
                        0.830365780216217,
                        0.4336791799867605,
                        -0.43987969444059044,
                        1.1700598556137263
                    ],
                    [
                        0.6761832284348324,
                        1.4572237584165526,
                        0.0,
                        -0.644571517530401,
                        0.5614794140484101,
                        0.9346099962729586,
                        0.2737980189200768,
                        1.6676320090673582
                    ],
                    [
                        0.0,
                        0.0,
                        0.0,
                        0.0,
                        0.0,
                        0.0,
                        0.0,
                        0.0
                    ],
                    [
                        -0.9532497855979017,
                        -0.644571517530401,
                        0.0,
                        1.9086851537424456,
                        -0.7915460019589432,
                        -0.4134045853406533,
                        1.2859724032965019,
                        -1.1153593065004965
                    ],
                    [
                        0.830365780216217,
                        0.5614794140484101,
                        0.0,
                        -0.7915460019589432,
                        1.6895073289540867,
                        0.36011235065323555,
                        -0.365261045675432,
                        1.6669510032524855
                    ],
                    [
                        0.4336791799867605,
                        0.9346099962729586,
                        0.0,
                        -0.4134045853406533,
                        0.36011235065323555,
                        1.5994246525890414,
                        1.0662649000497548,
                        1.0695581490331307
                    ],
                    [
                        -0.43987969444059044,
                        0.2737980189200768,
                        0.0,
                        1.2859724032965019,
                        -0.365261045675432,
                        1.0662649000497548,
                        3.0641776381190984,
                        -0.014020559050892915
                    ],
                    [
                        1.1700598556137263,
                        1.6676320090673582,
                        0.0,
                        -1.1153593065004965,
                        1.6669510032524855,
                        1.0695581490331307,
                        -0.014020559050892915,
                        3.6207612959759814
                    ]
                ],
                "mui": [
                    0.5,
                    0.8380916142174162,
                    10.0,
                    5.783773869866149,
                    -6.296753046761423,
                    -8.494470084754019,
                    -2.053142965977379,
                    -3.144042792161156
                ],
                "Ai": [
                    [
                        0.0,
                        0.0,
                        0.0,
                        0.0,
                        0.0,
                        0.0,
                        0.0,
                        0.0
                    ],
                    [
                        0.6761832284348324,
                        0.0,
                        0.0,
                        0.0,
                        0.0,
                        0.0,
                        0.0,
                        0.0
                    ],
                    [
                        0.0,
                        0.0,
                        0.0,
                        0.0,
                        0.0,
                        0.0,
                        0.0,
                        0.0
                    ],
                    [
                        -0.9532497855979017,
                        -0.0,
                        0.57603987626651,
                        0.0,
                        0.0,
                        0.0,
                        0.0,
                        0.0
                    ],
                    [
                        0.830365780216217,
                        -0.0,
                        -0.7211935936869531,
                        -0.0,
                        0.0,
                        0.0,
                        0.0,
                        0.0
                    ],
                    [
                        -0.0,
                        0.6413634082445401,
                        -0.9531991378869669,
                        -0.0,
                        -0.0,
                        0.0,
                        0.0,
                        0.0
                    ],
                    [
                        -0.0,
                        0.0,
                        0.0,
                        0.8666571788821384,
                        -0.0,
                        0.8906608694645712,
                        0.0,
                        0.0
                    ],
                    [
                        -0.0,
                        0.8764571584364751,
                        0.0,
                        -0.0,
                        0.6953733383461196,
                        -0.0,
                        0.0,
                        0.0
                    ]
                ]
            },
            "est_params": {
                "mui": [
                    0.49323723159930705,
                    0.8205810439746661,
                    9.999999999999993,
                    5.7818841643217675,
                    -6.293290101528844,
                    -8.522069264178405,
                    -2.089787429441926,
                    -3.1468152594853405
                ],
                "Si": [
                    [
                        0.9901588694544816,
                        0.6763007711783041,
                        3.206499395199193e-23,
                        -0.9277967716308515,
                        0.8140411051748656,
                        0.41806516789683584,
                        -0.44838436725604763,
                        1.141335664548902
                    ],
                    [
                        0.6763007711783041,
                        1.449380437511925,
                        3.436753227714813e-22,
                        -0.6215421255087213,
                        0.5671658112693352,
                        0.9003478209661764,
                        0.26579980438661666,
                        1.6504639608612817
                    ],
                    [
                        3.2064993965860105e-23,
                        3.4367532276801423e-22,
                        1e-06,
                        -2.059148095907807e-24,
                        -5.517683943403434e-24,
                        1.314587648655414e-22,
                        4.601483269427769e-23,
                        2.441251096398176e-22
                    ],
                    [
                        -0.9277967716308515,
                        -0.6215421255087213,
                        -2.059148095907807e-24,
                        1.8902573124095772,
                        -0.7515247047224095,
                        -0.37841047023974456,
                        1.310745339826064,
                        -1.0720998869214469
                    ],
                    [
                        0.8140411051748656,
                        0.5671658112693352,
                        -5.517683946870478e-24,
                        -0.7515247047224095,
                        1.6656279981473021,
                        0.36367211549153083,
                        -0.3491717205135977,
                        1.6454466950056932
                    ],
                    [
                        0.41806516789683584,
                        0.9003478209661764,
                        1.314587648655414e-22,
                        -0.37841047023974456,
                        0.36367211549153083,
                        1.5528655105297848,
                        1.0742743330435394,
                        1.0266790657135123
                    ],
                    [
                        -0.44838436725604763,
                        0.26579980438661666,
                        4.601483268040951e-23,
                        1.310745339826064,
                        -0.3491717205135977,
                        1.0742743330435394,
                        3.1148845689949956,
                        -0.02739635562875998
                    ],
                    [
                        1.141335664548902,
                        1.6504639608612817,
                        2.441251096467517e-22,
                        -1.0720998869214469,
                        1.6454466950056932,
                        1.026679065713512,
                        -0.027396355628759986,
                        3.5840223178209945
                    ]
                ]
            },
            "est_tgt": [
                2
            ]
        },
        "3": {
            "intv_type": "do",
            "inode": 3,
            "new_mui": 10.0,
            "true_params": {
                "Si": [
                    [
                        1.0,
                        0.6761832284348324,
                        -0.30709116380376666,
                        0.0,
                        1.0518379602293642,
                        0.7263982125772162,
                        0.6469744635915338,
                        1.3240657047802609
                    ],
                    [
                        0.6761832284348324,
                        1.4572237584165526,
                        0.6796997637651335,
                        0.0,
                        0.07128429879046028,
                        0.28672076743005814,
                        0.25537096801280473,
                        1.3267633953294768
                    ],
                    [
                        -0.30709116380376666,
                        0.6796997637651335,
                        1.8816943990243193,
                        0.0,
                        -1.6120639396823813,
                        -1.3576949218453005,
                        -1.2092457395583684,
                        -0.5252585598248025
                    ],
                    [
                        0.0,
                        0.0,
                        0.0,
                        0.0,
                        0.0,
                        0.0,
                        0.0,
                        0.0
                    ],
                    [
                        1.0518379602293642,
                        0.07128429879046028,
                        -1.6120639396823813,
                        0.0,
                        3.036020434419574,
                        1.5823370983504847,
                        1.4093257358028897,
                        2.173645298728399
                    ],
                    [
                        0.7263982125772162,
                        0.28672076743005814,
                        -1.3576949218453005,
                        0.0,
                        1.5823370983504847,
                        2.4780458376298853,
                        2.2070984603164954,
                        1.3516134995553628
                    ],
                    [
                        0.6469744635915338,
                        0.25537096801280473,
                        -1.2092457395583684,
                        0.0,
                        1.4093257358028897,
                        2.2070984603164954,
                        2.9657762336594065,
                        1.2038292546940312
                    ],
                    [
                        1.3240657047802609,
                        1.3267633953294768,
                        -0.5252585598248025,
                        0.0,
                        2.173645298728399,
                        1.3516134995553628,
                        1.2038292546940312,
                        3.6743462631451176
                    ]
                ],
                "mui": [
                    0.5,
                    0.8380916142174162,
                    0.7901292472630039,
                    10.0,
                    0.34534673879733563,
                    0.2843707768052769,
                    9.419849712141088,
                    1.4746963093508836
                ],
                "Ai": [
                    [
                        0.0,
                        0.0,
                        0.0,
                        0.0,
                        0.0,
                        0.0,
                        0.0,
                        0.0
                    ],
                    [
                        0.6761832284348324,
                        0.0,
                        0.0,
                        0.0,
                        0.0,
                        0.0,
                        0.0,
                        0.0
                    ],
                    [
                        -0.907102120523739,
                        0.8873496583297744,
                        0.0,
                        0.0,
                        0.0,
                        0.0,
                        0.0,
                        0.0
                    ],
                    [
                        0.0,
                        0.0,
                        0.0,
                        0.0,
                        0.0,
                        0.0,
                        0.0,
                        0.0
                    ],
                    [
                        0.830365780216217,
                        -0.0,
                        -0.7211935936869531,
                        -0.0,
                        0.0,
                        0.0,
                        0.0,
                        0.0
                    ],
                    [
                        -0.0,
                        0.6413634082445401,
                        -0.9531991378869669,
                        -0.0,
                        -0.0,
                        0.0,
                        0.0,
                        0.0
                    ],
                    [
                        -0.0,
                        0.0,
                        0.0,
                        0.8666571788821384,
                        -0.0,
                        0.8906608694645712,
                        0.0,
                        0.0
                    ],
                    [
                        -0.0,
                        0.8764571584364751,
                        0.0,
                        -0.0,
                        0.6953733383461196,
                        -0.0,
                        0.0,
                        0.0
                    ]
                ]
            },
            "est_params": {
                "mui": [
                    0.47889811909764496,
                    0.8219595042971891,
                    0.8085226583391106,
                    9.999999999999986,
                    0.3147567232915269,
                    0.2451782034131164,
                    9.374121289487956,
                    1.4394871132036917
                ],
                "Si": [
                    [
                        1.000619452792498,
                        0.6743787112337452,
                        -0.32282476423195205,
                        9.659185198446445e-30,
                        1.0614657787416697,
                        0.743429185605118,
                        0.658214739283584,
                        1.3363315947883414
                    ],
                    [
                        0.6743787112337452,
                        1.428027440171352,
                        0.631666509170685,
                        1.86457638181066e-29,
                        0.11165171915873914,
                        0.3147378044634125,
                        0.2634233455744589,
                        1.317433872538234
                    ],
                    [
                        -0.32282476423195205,
                        0.631666509170685,
                        1.811151428639091,
                        2.032381322085178e-29,
                        -1.560411933683567,
                        -1.3215035657008138,
                        -1.1853368597032916,
                        -0.5570024379128145
                    ],
                    [
                        9.650517587895076e-30,
                        1.8673500171870982e-29,
                        2.0268340513323015e-29,
                        1e-06,
                        7.648299550528664e-30,
                        4.4794211329478846e-30,
                        1.8109758781609893e-28,
                        3.383835159254749e-29
                    ],
                    [
                        1.0614657787416697,
                        0.11165171915873914,
                        -1.560411933683567,
                        7.620563196764281e-30,
                        3.0138661575355856,
                        1.5569274517597482,
                        1.386685306014292,
                        2.226511692493765
                    ],
                    [
                        0.7434291856051181,
                        0.31473780446341243,
                        -1.3215035657008138,
                        4.4794211329478846e-30,
                        1.5569274517597482,
                        2.4491218490787725,
                        2.1773891158729284,
                        1.3659897882795666
                    ],
                    [
                        0.658214739283584,
                        0.2634233455744589,
                        -1.1853368597032916,
                        1.8111145599298112e-28,
                        1.386685306014292,
                        2.1773891158729284,
                        2.9278323105636703,
                        1.2421998636113627
                    ],
                    [
                        1.3363315947883414,
                        1.317433872538234,
                        -0.5570024379128145,
                        3.3644197116196806e-29,
                        2.226511692493765,
                        1.3659897882795666,
                        1.2421998636113627,
                        3.7126535246603636
                    ]
                ]
            },
            "est_tgt": [
                3
            ]
        },
        "4": {
            "intv_type": "do",
            "inode": 4,
            "new_mui": 10.0,
            "true_params": {
                "Si": [
                    [
                        1.0,
                        0.6761832284348324,
                        -0.30709116380376666,
                        -1.1301465415979621,
                        0.0,
                        0.7263982125772162,
                        -0.3324751498731614,
                        0.5926456309763951
                    ],
                    [
                        0.6761832284348324,
                        1.4572237584165526,
                        0.6796997637651335,
                        -0.2530373497127575,
                        0.0,
                        0.28672076743005814,
                        0.036074332358933286,
                        1.2771941945078922
                    ],
                    [
                        -0.30709116380376666,
                        0.6796997637651335,
                        1.8816943990243193,
                        1.3766655948403046,
                        0.0,
                        -1.3576949218453005,
