{
    "expt_args": {
        "save_dir": "expt_logs_29.04.24-7",
        "exp_name": "163",
        "num_nodes": 8,
        "obs_noise_mean": 0.5,
        "obs_noise_var": 1.0,
        "max_edge_strength": 1.0,
        "num_parents": 2,
        "new_noise_mean": 10.0,
        "mix_samples": 8192,
        "stage2_samples": 8192,
        "intv_targets": [
            0,
            1,
            2,
            3,
            4,
            5,
            6,
            7
        ]
    },
    "intv_args_dict": {
        "0": {
            "intv_type": "do",
            "inode": 0,
            "new_mui": 10.0,
            "true_params": {
                "Si": [
                    [
                        0.0,
                        0.0,
                        0.0,
                        0.0,
                        0.0,
                        0.0,
                        0.0,
                        0.0
                    ],
                    [
                        0.0,
                        1.0,
                        -0.9450056174370085,
                        0.47257940899539425,
                        0.6632896469003532,
                        -0.21291016971394877,
                        -0.41479959629933727,
                        0.6690220762921963
                    ],
                    [
                        0.0,
                        -0.9450056174370085,
                        1.8930356169875018,
                        -0.9466712541979332,
                        -1.3287020762552548,
                        0.4265017340113587,
                        -0.15269143649597283,
                        -1.3401852810218642
                    ],
                    [
                        0.0,
                        0.47257940899539425,
                        -0.9466712541979332,
                        1.4734123623890616,
                        0.6644587400767666,
                        0.6749139597126423,
                        0.07635809511231238,
                        0.20414769141810934
                    ],
                    [
                        0.0,
                        0.6632896469003532,
                        -1.3287020762552548,
                        0.6644587400767666,
                        1.932602213926903,
                        -1.2531710933010884,
                        0.8831910994541301,
                        2.281357592643658
                    ],
                    [
                        0.0,
                        -0.21291016971394877,
                        0.4265017340113587,
                        0.6749139597126423,
                        -1.2531710933010884,
                        2.794750239978508,
                        -0.7745787747054608,
                        -2.5193841248724147
                    ],
                    [
                        0.0,
                        -0.41479959629933727,
                        -0.15269143649597283,
                        0.07635809511231238,
                        0.8831910994541301,
                        -0.7745787747054608,
                        2.0709391477509,
                        1.1485033127122501
                    ],
                    [
                        0.0,
                        0.6690220762921963,
                        -1.3401852810218642,
                        0.20414769141810934,
                        2.281357592643658,
                        -2.5193841248724147,
                        1.1485033127122501,
                        4.238790185522861
                    ]
                ],
                "mui": [
                    10.0,
                    -5.457572876929898,
                    -0.8600050704409846,
                    -8.511950430054936,
                    8.332814508323834,
                    -15.008263947263,
                    12.039367394706119,
                    15.376432724110945
                ],
                "Ai": [
                    [
                        0.0,
                        0.0,
                        0.0,
                        0.0,
                        0.0,
                        0.0,
                        0.0,
                        0.0
                    ],
                    [
                        -0.5957572876929899,
                        0.0,
                        0.0,
                        0.0,
                        0.0,
                        0.0,
                        0.0,
                        0.0
                    ],
                    [
                        -0.6517442096711594,
                        -0.9450056174370085,
                        0.0,
                        0.0,
                        0.0,
                        0.0,
                        0.0,
                        0.0
                    ],
                    [
                        -0.9442022675576941,
                        -0.0,
                        -0.500081058012224,
                        0.0,
                        0.0,
                        0.0,
                        0.0,
                        0.0
                    ],
                    [
                        0.7229185864239782,
                        -0.0,
                        -0.7018896339466112,
                        0.0,
                        0.0,
                        0.0,
                        0.0,
                        0.0
                    ],
                    [
                        -0.0,
                        -0.0,
                        0.0,
                        0.8881993981010907,
                        -0.953813947338261,
                        0.0,
                        0.0,
                        0.0
                    ],
                    [
                        -0.0,
                        -0.9295246749299031,
                        -0.0,
                        -0.0,
                        0.7760185629851895,
                        0.0,
                        0.0,
                        0.0
                    ],
                    [
                        0.0,
                        -0.0,
                        0.0,
                        -0.0,
                        0.8402127659671202,
                        -0.5247172907841469,
                        0.0,
                        0.0
                    ]
                ]
            },
            "est_params": {
                "mui": [
                    10.0,
                    -5.405491096593022,
                    -0.9217083416297718,
                    -8.464111475192102,
                    8.404044075664942,
                    -15.037904190356326,
                    12.043841713926314,
                    15.424634619643372
                ],
                "Si": [
                    [
                        1e-06,
                        0.0,
                        0.0,
                        0.0,
                        0.0,
                        0.0,
                        0.0,
                        0.0
                    ],
                    [
                        0.0,
                        0.999524115399618,
                        -1.009552747394479,
                        0.4800995626854637,
                        0.6722831326176593,
                        -0.21958569391084648,
                        -0.38397504921759146,
                        0.6717630867750383
                    ],
                    [
                        0.0,
                        -1.009552747394479,
                        2.0204376104343464,
                        -0.9211492055876447,
                        -1.404710832511221,
                        0.5684497018647378,
                        -0.18111090373668548,
                        -1.440679093342471
                    ],
                    [
                        0.0,
                        0.4800995626854637,
                        -0.9211492055876447,
                        1.5819625538500712,
                        0.6631094610880754,
                        0.7591620931199734,
                        0.08842090303239587,
                        0.14956663232867562
                    ],
                    [
                        0.0,
                        0.6722831326176593,
                        -1.404710832511221,
                        0.6631094610880754,
                        1.9170223477120205,
                        -1.2634987688210715,
                        0.8612214488155301,
                        2.3264574512609584
                    ],
                    [
                        0.0,
                        -0.21958569391084648,
                        0.5684497018647378,
                        0.7591620931199734,
                        -1.2634987688210715,
                        2.8599809242362406,
                        -0.7381270417885277,
                        -2.6455941348855934
                    ],
                    [
                        0.0,
                        -0.38397504921759146,
                        -0.18111090373668548,
                        0.08842090303239587,
                        0.8612214488155301,
                        -0.7381270417885277,
                        1.9363246692193614,
                        1.1240213480584431
                    ],
                    [
                        0.0,
                        0.6717630867750383,
                        -1.440679093342471,
                        0.14956663232867562,
                        2.3264574512609584,
                        -2.6455941348855934,
                        1.1240213480584431,
                        4.424050547652513
                    ]
                ]
            },
            "est_tgt": [
                0
            ]
        },
        "1": {
            "intv_type": "do",
            "inode": 1,
            "new_mui": 10.0,
            "true_params": {
                "Si": [
                    [
                        1.0,
                        0.0,
                        -0.6517442096711594,
                        -0.618277333632,
                        1.1803710911768917,
                        -1.6750079653908911,
                        0.9159898779643515,
                        1.8706685010271384
                    ],
                    [
                        0.0,
                        0.0,
                        0.0,
                        0.0,
                        0.0,
                        0.0,
                        0.0,
                        0.0
                    ],
                    [
                        -0.6517442096711594,
                        0.0,
                        1.4247705148398842,
                        -0.09712238584664445,
                        -1.4711896578843784,
                        1.3169771702187936,
                        -1.141670484190108,
                        -1.9271530244950326
                    ],
                    [
                        -0.618277333632,
                        0.0,
                        -0.09712238584664445,
                        1.6323479258657208,
                        -0.37879498019730895,
                        1.8111503805394107,
                        -0.293951936198719,
                        -1.2686102989253578
                    ],
                    [
                        1.1803710911768917,
                        0.0,
                        -1.4711896578843784,
                        -0.37879498019730895,
                        2.8859249711278334,
                        -3.0890809618484605,
                        2.239531348977696,
                        4.045685195678909
                    ],
                    [
                        -1.6750079653908911,
                        0.0,
                        1.3169771702187936,
                        1.8111503805394107,
                        -3.0890809618484605,
                        5.555071183733818,
                        -2.397184168958549,
                        -5.5103271608929605
                    ],
                    [
                        0.9159898779643515,
                        0.0,
                        -1.141670484190108,
                        -0.293951936198719,
                        2.239531348977696,
                        -2.397184168958549,
                        2.7379178991939543,
                        3.1395268118412027
                    ],
                    [
                        1.8706685010271384,
                        0.0,
                        -1.9271530244950326,
                        -1.2686102989253578,
                        4.045685195678909,
                        -5.5103271608929605,
                        3.1395268118412027,
                        7.29060028769166
                    ]
                ],
                "mui": [
                    0.5,
                    10.0,
                    -9.275928279205665,
                    4.666614894131831,
                    7.372137197618672,
                    -2.3867627406424132,
                    -3.0743314350733275,
                    7.9465394649147125
                ],
                "Ai": [
                    [
                        0.0,
                        0.0,
                        0.0,
                        0.0,
                        0.0,
                        0.0,
                        0.0,
                        0.0
                    ],
                    [
                        0.0,
                        0.0,
                        0.0,
                        0.0,
                        0.0,
                        0.0,
                        0.0,
                        0.0
                    ],
                    [
                        -0.6517442096711594,
                        -0.9450056174370085,
                        0.0,
                        0.0,
                        0.0,
                        0.0,
                        0.0,
                        0.0
                    ],
                    [
                        -0.9442022675576941,
                        -0.0,
                        -0.500081058012224,
                        0.0,
                        0.0,
                        0.0,
                        0.0,
                        0.0
                    ],
                    [
                        0.7229185864239782,
                        -0.0,
                        -0.7018896339466112,
                        0.0,
                        0.0,
                        0.0,
                        0.0,
                        0.0
                    ],
                    [
                        -0.0,
                        -0.0,
                        0.0,
                        0.8881993981010907,
                        -0.953813947338261,
                        0.0,
                        0.0,
                        0.0
                    ],
                    [
                        -0.0,
                        -0.9295246749299031,
                        -0.0,
                        -0.0,
                        0.7760185629851895,
                        0.0,
                        0.0,
                        0.0
                    ],
                    [
                        0.0,
                        -0.0,
                        0.0,
                        -0.0,
                        0.8402127659671202,
                        -0.5247172907841469,
                        0.0,
                        0.0
                    ]
                ]
            },
            "est_params": {
                "mui": [
                    0.5442529531633498,
                    10.0,
                    -9.265792023581017,
                    4.638998218069555,
                    7.3795920538633455,
                    -2.403080582435276,
                    -3.0735397240270865,
                    7.917565803156847
                ],
                "Si": [
                    [
                        0.9547429259070851,
                        0.0,
                        -0.6136023040010472,
                        -0.63960154523711,
                        1.115883623412448,
                        -1.6231343299388972,
                        0.8831769040072469,
                        1.7757724389851326
                    ],
                    [
                        0.0,
                        1e-06,
                        0.0,
                        0.0,
                        0.0,
                        0.0,
                        0.0,
                        0.0
                    ],
                    [
                        -0.6136023040010472,
                        0.0,
                        1.2973764384012176,
                        -0.04900634805473111,
                        -1.3536633330087184,
                        1.1581030312624212,
                        -1.0338883440139401,
                        -1.7983052161379134
                    ],
                    [
                        -0.63960154523711,
                        0.0,
                        -0.04900634805473111,
                        1.6186663334272582,
                        -0.3686835944272908,
                        1.822261408726481,
                        -0.303858172593608,
                        -1.1772728240423938
                    ],
                    [
                        1.115883623412448,
                        0.0,
                        -1.3536633330087184,
                        -0.3686835944272908,
                        2.6895756117881757,
                        -2.89814487949917,
                        2.060918568020923,
                        3.830356118961598
                    ],
                    [
                        -1.6231343299388972,
                        0.0,
                        1.1581030312624212,
                        1.822261408726481,
                        -2.89814487949917,
                        5.444811796206003,
                        -2.261283384222249,
                        -5.254362090102011
                    ],
                    [
                        0.8831769040072469,
                        0.0,
                        -1.0338883440139401,
                        -0.303858172593608,
                        2.060918568020923,
                        -2.261283384222249,
                        2.588770270220951,
                        2.9283607481656304
                    ],
                    [
                        1.7757724389851326,
                        0.0,
                        -1.7983052161379134,
                        -1.1772728240423938,
                        3.830356118961598,
                        -5.254362090102011,
                        2.9283607481656304,
                        6.957940096500028
                    ]
                ]
            },
            "est_tgt": [
                1
            ]
        },
        "2": {
            "intv_type": "do",
            "inode": 2,
            "new_mui": 10.0,
            "true_params": {
                "Si": [
                    [
                        1.0,
                        -0.5957572876929899,
                        0.0,
                        -0.9442022675576941,
                        0.7229185864239782,
                        -1.5281697162516794,
                        1.114769341771967,
                        1.409262498438291
                    ],
                    [
                        -0.5957572876929899,
                        1.354926745839308,
                        0.0,
                        0.5625153819537425,
                        -0.43068401627079955,
                        0.9104182452886664,
                        -1.5936566343872698,
                        -0.8395784037170426
                    ],
                    [
                        0.0,
                        0.0,
                        0.0,
                        0.0,
                        0.0,
                        0.0,
                        0.0,
                        0.0
                    ],
                    [
                        -0.9442022675576941,
                        0.5625153819537425,
                        0.0,
                        1.8915179220610914,
                        -0.6825813685611231,
                        2.3311007093989247,
                        -1.0525677403048894,
                        -1.79668242845717
                    ],
                    [
                        0.7229185864239782,
                        -0.43068401627079955,
                        0.0,
                        -0.6825813685611231,
                        1.5226112825972429,
                        -2.058556238426857,
                        1.5819060397277687,
                        2.3594774895979187
                    ],
                    [
                        -1.5281697162516794,
                        0.9104182452886664,
                        0.0,
                        2.3311007093989247,
                        -2.058556238426857,
                        5.033961898592873,
                        -2.443734077470407,
                        -4.3710320803277725
                    ],
                    [
                        1.114769341771967,
                        -1.5936566343872698,
                        0.0,
                        -1.0525677403048894,
                        1.5819060397277687,
                        -2.443734077470407,
                        3.7089316167558453,
                        2.61140717366693
                    ],
                    [
                        1.409262498438291,
                        -0.8395784037170426,
                        0.0,
                        -1.79668242845717,
                        2.3594774895979187,
                        -4.3710320803277725,
                        2.61140717366693,
                        5.276019218892407
                    ]
                ],
                "mui": [
                    0.5,
                    0.20212135615350507,
                    10.0,
                    -4.972911713901087,
                    -6.157437046254123,
                    1.9561121434776783,
                    -4.466162236180873,
                    -5.699963076297171
                ],
                "Ai": [
                    [
                        0.0,
                        0.0,
                        0.0,
                        0.0,
                        0.0,
                        0.0,
                        0.0,
                        0.0
                    ],
                    [
                        -0.5957572876929899,
                        0.0,
                        0.0,
                        0.0,
                        0.0,
                        0.0,
                        0.0,
                        0.0
                    ],
                    [
                        0.0,
                        0.0,
                        0.0,
                        0.0,
                        0.0,
                        0.0,
                        0.0,
                        0.0
                    ],
                    [
                        -0.9442022675576941,
                        -0.0,
                        -0.500081058012224,
                        0.0,
                        0.0,
                        0.0,
                        0.0,
                        0.0
                    ],
                    [
                        0.7229185864239782,
                        -0.0,
                        -0.7018896339466112,
                        0.0,
                        0.0,
                        0.0,
                        0.0,
                        0.0
                    ],
                    [
                        -0.0,
                        -0.0,
                        0.0,
                        0.8881993981010907,
                        -0.953813947338261,
                        0.0,
                        0.0,
                        0.0
                    ],
                    [
                        -0.0,
                        -0.9295246749299031,
                        -0.0,
                        -0.0,
                        0.7760185629851895,
                        0.0,
                        0.0,
                        0.0
                    ],
                    [
                        0.0,
                        -0.0,
                        0.0,
                        -0.0,
                        0.8402127659671202,
                        -0.5247172907841469,
                        0.0,
                        0.0
                    ]
                ]
            },
            "est_params": {
                "mui": [
                    0.5387454841089052,
                    0.2332024195950826,
                    10.0,
                    -5.006252078048194,
                    -6.167036666991583,
                    1.887700270987424,
                    -4.490756610585403,
                    -5.76214768849391
                ],
                "Si": [
                    [
                        1.0555700912316304,
                        -0.665195018361663,
                        0.0,
                        -1.0083100083347423,
                        0.7868934927468602,
                        -1.641136995659658,
                        1.278673591697304,
                        1.4698158710850369
                    ],
                    [
                        -0.665195018361663,
                        1.4857649739382264,
                        0.0,
                        0.621846619300521,
                        -0.5568230109002914,
                        1.0319864132281678,
                        -1.9061774771031454,
                        -0.9814133295614986
                    ],
                    [
                        0.0,
                        0.0,
                        1e-06,
                        0.0,
                        0.0,
                        0.0,
                        0.0,
                        0.0
                    ],
                    [
                        -1.0083100083347423,
                        0.621846619300521,
                        0.0,
                        2.0110983252931214,
                        -0.7376731559278726,
                        2.4930823458807083,
                        -1.1628151120491819,
                        -1.8674679857875027
                    ],
                    [
                        0.7868934927468602,
                        -0.5568230109002914,
                        0.0,
                        -0.7376731559278726,
                        1.5711352047343825,
                        -2.1620593296063952,
                        1.802771076758883,
                        2.392863840732763
                    ],
                    [
                        -1.641136995659658,
                        1.0319864132281678,
                        0.0,
                        2.4930823458807083,
                        -2.1620593296063952,
                        5.304408213850331,
                        -2.74550921229078,
                        -4.522000489238242
                    ],
                    [
                        1.278673591697304,
                        -1.9061774771031454,
                        0.0,
                        -1.1628151120491819,
                        1.802771076758883,
                        -2.74550921229078,
                        4.388009677519104,
                        2.8669652341690224
                    ],
                    [
                        1.4698158710850369,
                        -0.9814133295614986,
                        0.0,
                        -1.8674679857875027,
                        2.392863840732763,
                        -4.522000489238242,
                        2.8669652341690224,
                        5.3227896355440185
                    ]
                ]
            },
            "est_tgt": [
                2
            ]
        },
        "3": {
            "intv_type": "do",
            "inode": 3,
            "new_mui": 10.0,
            "true_params": {
                "Si": [
                    [
                        1.0,
                        -0.5957572876929899,
                        -0.08875022617224804,
                        0.0,
                        0.7852114501846963,
                        -0.7489456327958655,
                        1.1631097603917917,
                        1.0527294078140024
                    ],
                    [
                        -0.5957572876929899,
                        1.354926745839308,
                        -0.8921320234104906,
                        0.0,
                        0.19549420307283932,
                        -0.1864650975146524,
                        -1.1077307124395945,
                        0.26209818588805833
                    ],
                    [
                        -0.08875022617224804,
                        -0.8921320234104906,
                        1.9009122196331267,
                        0.0,
                        -1.3983897700521855,
                        1.333803666490918,
                        -0.25591769079389354,
                        -1.8748147829147483
                    ],
                    [
                        0.0,
                        0.0,
                        0.0,
                        0.0,
                        0.0,
                        0.0,
                        0.0,
                        0.0
                    ],
                    [
                        0.7852114501846963,
                        0.19549420307283932,
                        -1.3983897700521855,
                        0.0,
                        2.549159235428057,
                        -2.431423632737418,
                        1.7964782011353435,
                        3.417646153408164
                    ],
                    [
                        -0.7489456327958655,
                        -0.1864650975146524,
                        1.333803666490918,
                        0.0,
                        -2.431423632737418,
                        3.319125772792811,
                        -1.7135059643320403,
                        -3.7845158589718113
                    ],
                    [
                        1.1631097603917917,
                        -1.1077307124395945,
                        -0.25591769079389354,
                        0.0,
                        1.7964782011353435,
                        -1.7135059643320403,
                        3.423763462469551,
                        2.408530125722349
                    ],
                    [
                        1.0527294078140024,
                        0.26209818588805833,
                        -1.8748147829147483,
                        0.0,
                        3.417646153408164,
                        -3.7845158589718113,
                        2.408530125722349,
                        5.85735083610129
                    ]
                ],
                "mui": [
                    0.5,
                    0.20212135615350507,
                    -0.01687792180462827,
                    10.0,
                    0.8733057315692192,
                    8.549022793949742,
                    0.989824670984097,
                    -3.252057455036513
                ],
                "Ai": [
                    [
                        0.0,
                        0.0,
                        0.0,
                        0.0,
                        0.0,
                        0.0,
                        0.0,
                        0.0
                    ],
                    [
                        -0.5957572876929899,
                        0.0,
                        0.0,
                        0.0,
                        0.0,
                        0.0,
                        0.0,
                        0.0
                    ],
                    [
                        -0.6517442096711594,
                        -0.9450056174370085,
                        0.0,
                        0.0,
                        0.0,
                        0.0,
                        0.0,
                        0.0
                    ],
                    [
                        0.0,
                        0.0,
                        0.0,
                        0.0,
                        0.0,
                        0.0,
                        0.0,
                        0.0
                    ],
                    [
                        0.7229185864239782,
                        -0.0,
                        -0.7018896339466112,
                        0.0,
                        0.0,
                        0.0,
                        0.0,
                        0.0
                    ],
                    [
                        -0.0,
                        -0.0,
                        0.0,
                        0.8881993981010907,
                        -0.953813947338261,
                        0.0,
                        0.0,
                        0.0
                    ],
                    [
                        -0.0,
                        -0.9295246749299031,
                        -0.0,
                        -0.0,
                        0.7760185629851895,
                        0.0,
                        0.0,
                        0.0
                    ],
                    [
                        0.0,
                        -0.0,
                        0.0,
                        -0.0,
                        0.8402127659671202,
                        -0.5247172907841469,
                        0.0,
                        0.0
                    ]
                ]
            },
            "est_params": {
                "mui": [
                    0.5146145374240534,
                    0.20628697425205378,
                    -0.03593215798960721,
                    10.0,
                    0.8968907498157069,
                    8.570002418878909,
                    1.0098755085160505,
                    -3.264449977121774
                ],
                "Si": [
                    [
                        0.9583638075478119,
                        -0.6568146867332421,
                        0.00924125265683597,
                        0.0,
                        0.6604416371126298,
                        -0.592762430379772,
                        1.0912278266817383,
                        0.9311577117139898
                    ],
                    [
                        -0.6568146867332421,
                        1.5279006038392908,
                        -1.0333577442218411,
                        0.0,
                        0.3070146314821279,
                        -0.2706471869970539,
                        -1.0962999284556774,
                        0.4541789355831907
                    ],
                    [
                        0.009241252656835973,
                        -1.0333577442218411,
                        1.9970741752615822,
                        0.0,
                        -1.4133267388259294,
                        1.267895889258778,
                        -0.24395954560264882,
                        -1.9540133442636596
                    ],
                    [
                        0.0,
                        0.0,
                        0.0,
                        1e-06,
                        0.0,
                        0.0,
                        0.0,
                        0.0
                    ],
                    [
                        0.6604416371126298,
                        0.3070146314821279,
                        -1.4133267388259294,
                        0.0,
                        2.351798950892492,
                        -2.1486594946898574,
                        1.5831644045963387,
                        3.227199223848031
                    ],
                    [
                        -0.592762430379772,
                        -0.2706471869970539,
                        1.267895889258778,
                        0.0,
                        -2.1486594946898574,
                        3.016239824336936,
                        -1.3785566519082428,
                        -3.5202637082583403
                    ],
                    [
                        1.0912278266817383,
                        -1.0962999284556774,
                        -0.24395954560264882,
                        0.0,
                        1.5831644045963387,
                        -1.3785566519082428,
                        3.1826706649966527,
                        2.1458370761239345
                    ],
                    [
                        0.9311577117139898,
                        0.4541789355831907,
                        -1.9540133442636596,
                        0.0,
                        3.227199223848031,
                        -3.5202637082583403,
                        2.1458370761239345,
                        5.713098505058455
                    ]
                ]
            },
            "est_tgt": [
                3
            ]
        },
        "4": {
            "intv_type": "do",
            "inode": 4,
            "new_mui": 10.0,
            "true_params": {
                "Si": [
                    [
                        1.0,
                        -0.5957572876929899,
                        -0.08875022617224804,
                        -0.8998199605546521,
                        0.0,
                        -0.7992195473639891,
                        0.5537710991799472,
                        0.41936431563456456
                    ],
                    [
                        -0.5957572876929899,
                        1.354926745839308,
                        -0.8921320234104906,
                        1.008653708107447,
                        0.0,
                        0.8958856164334676,
                        -1.259437842980114,
                        -0.4700866735074545
                    ],
                    [
                        -0.08875022617224804,
                        -0.8921320234104906,
                        1.9009122196331267,
                        -0.8668120291844045,
                        0.0,
                        -0.7699019225883732,
                        0.8292587290551929,
                        0.40398085099007713
                    ],
                    [
                        -0.8998199605546521,
                        1.008653708107447,
                        -0.8668120291844045,
                        2.2830883238016373,
                        0.0,
                        2.0278376750122424,
                        -0.937568510145416,
                        -1.064041490982447
                    ],
                    [
                        0.0,
                        0.0,
                        0.0,
                        0.0,
                        0.0,
                        0.0,
                        0.0,
                        0.0
                    ],
                    [
                        -0.7992195473639891,
