{
    "expt_args": {
        "save_dir": "expt_logs_29.04.24-7",
        "exp_name": "67",
        "num_nodes": 8,
        "obs_noise_mean": 0.5,
        "obs_noise_var": 1.0,
        "max_edge_strength": 1.0,
        "num_parents": 2,
        "new_noise_mean": 10.0,
        "mix_samples": 8192,
        "stage2_samples": 8192,
        "intv_targets": [
            0,
            1,
            2,
            3,
            4,
            5,
            6,
            7
        ]
    },
    "intv_args_dict": {
        "0": {
            "intv_type": "do",
            "inode": 0,
            "new_mui": 10.0,
            "true_params": {
                "Si": [
                    [
                        0.0,
                        0.0,
                        0.0,
                        0.0,
                        0.0,
                        0.0,
                        0.0,
                        0.0
                    ],
                    [
                        0.0,
                        1.0,
                        0.6529579619279293,
                        -0.5306202438457863,
                        0.3610780836976219,
                        -0.35544216571704484,
                        -0.8656906849791814,
                        0.8205631494898025
                    ],
                    [
                        0.0,
                        0.6529579619279293,
                        1.4263541000450752,
                        -1.1591134567708863,
                        0.7887570642340496,
                        0.178597896743001,
                        -0.5652596253239994,
                        1.7924792725781402
                    ],
                    [
                        0.0,
                        -0.5306202438457863,
                        -1.1591134567708863,
                        1.9419428216491927,
                        -0.640976127350069,
                        -0.145135927648855,
                        0.45935300235867904,
                        -2.371643858643484
                    ],
                    [
                        0.0,
                        0.3610780836976219,
                        0.7887570642340496,
                        -0.640976127350069,
                        1.4361733922589461,
                        0.8414305532672512,
                        -0.3125819336071645,
                        1.9191203206028984
                    ],
                    [
                        0.0,
                        -0.35544216571704484,
                        0.178597896743001,
                        -0.145135927648855,
                        0.8414305532672512,
                        1.8465584686947574,
                        0.3077029719100723,
                        0.9135633819498927
                    ],
                    [
                        0.0,
                        -0.8656906849791814,
                        -0.5652596253239994,
                        0.45935300235867904,
                        -0.3125819336071645,
                        0.3077029719100723,
                        1.7494203620597244,
                        -0.7103538749505015
                    ],
                    [
                        0.0,
                        0.8205631494898025,
                        1.7924792725781402,
                        -2.371643858643484,
                        1.9191203206028984,
                        0.9135633819498927,
                        -0.7103538749505015,
                        4.950811666348491
                    ]
                ],
                "mui": [
                    10.0,
                    9.521584951081731,
                    11.963887840478536,
                    -3.6342046762195164,
                    -1.3451624624100866,
                    -6.4367010175641575,
                    -1.2784462703225095,
                    2.5771284614116667
                ],
                "Ai": [
                    [
                        0.0,
                        0.0,
                        0.0,
                        0.0,
                        0.0,
                        0.0,
                        0.0,
                        0.0
                    ],
                    [
                        0.9021584951081731,
                        0.0,
                        0.0,
                        0.0,
                        0.0,
                        0.0,
                        0.0,
                        0.0
                    ],
                    [
                        0.5246693136496567,
                        0.6529579619279293,
                        0.0,
                        0.0,
                        0.0,
                        0.0,
                        0.0,
                        0.0
                    ],
                    [
                        0.5588138037106729,
                        0.0,
                        -0.8126407437916408,
                        0.0,
                        0.0,
                        0.0,
                        0.0,
                        0.0
                    ],
                    [
                        -0.8461051917618356,
                        0.0,
                        0.5529882546060081,
                        0.0,
                        0.0,
                        0.0,
                        0.0,
                        0.0
                    ],
                    [
                        -0.0,
                        -0.6236033090613327,
                        0.0,
                        0.0,
                        0.742668014071035,
                        0.0,
                        0.0,
                        0.0
                    ],
                    [
                        0.64643011280669,
                        -0.8656906849791814,
                        0.0,
                        0.0,
                        0.0,
                        0.0,
                        0.0,
                        0.0
                    ],
                    [
                        -0.0,
                        -0.0,
                        -0.0,
                        -0.915002169344485,
                        0.9279003362424655,
                        0.0,
                        -0.0,
                        0.0
                    ]
                ]
            },
            "est_params": {
                "mui": [
                    10.0,
                    9.558930542891224,
                    11.97147516656034,
                    -3.6313739078847287,
                    -1.3374814961024504,
                    -6.474188700798129,
                    -1.258076106664871,
                    2.589048002985708
                ],
                "Si": [
                    [
                        1e-06,
                        0.0,
                        0.0,
                        0.0,
                        0.0,
                        0.0,
                        0.0,
                        0.0
                    ],
                    [
                        0.0,
                        0.9784740715412851,
                        0.668652874877272,
                        -0.5983259921407088,
                        0.37734880906429896,
                        -0.4130638634646511,
                        -0.8523977026773188,
                        0.8693209992353518
                    ],
                    [
                        0.0,
                        0.668652874877272,
                        1.412529102845735,
                        -1.2506286034201035,
                        0.8080588348647832,
                        0.107845187608405,
                        -0.5695486224855865,
                        1.8524942673999192
                    ],
                    [
                        0.0,
                        -0.5983259921407088,
                        -1.2506286034201035,
                        2.0289738666055124,
                        -0.755679762887067,
                        -0.10130924792501002,
                        0.48064161645580045,
                        -2.488755452668353
                    ],
                    [
                        0.0,
                        0.37734880906429896,
                        0.8080588348647832,
                        -0.755679762887067,
                        1.4894062453442223,
                        0.8095790953710279,
                        -0.38043786459409845,
                        2.0550323914213213
                    ],
                    [
                        0.0,
                        -0.4130638634646511,
                        0.107845187608405,
                        -0.10130924792501002,
                        0.8095790953710279,
                        1.8245464652949366,
                        0.34323161309777994,
                        0.819379735501199
                    ],
                    [
                        0.0,
                        -0.8523977026773188,
                        -0.5695486224855865,
                        0.48064161645580045,
                        -0.38043786459409845,
                        0.34323161309777994,
                        1.7186022664322997,
                        -0.8033109727605434
                    ],
                    [
                        0.0,
                        0.8693209992353518,
                        1.8524942673999192,
                        -2.488755452668353,
                        2.0550323914213213,
                        0.819379735501199,
                        -0.8033109727605434,
                        5.0127760536438215
                    ]
                ]
            },
            "est_tgt": [
                0,
                5,
                6
            ]
        },
        "1": {
            "intv_type": "do",
            "inode": 1,
            "new_mui": 10.0,
            "true_params": {
                "Si": [
                    [
                        1.0,
                        0.0,
                        0.5246693136496567,
                        0.13244614242176622,
                        -0.5559692237613797,
                        -0.41290055929547875,
                        0.64643011280669,
                        -0.6370725373058714
                    ],
                    [
                        0.0,
                        0.0,
                        0.0,
                        0.0,
                        0.0,
                        0.0,
                        0.0,
                        0.0
                    ],
                    [
                        0.5246693136496567,
                        0.0,
                        1.275277888685602,
                        -0.743150317151668,
                        0.26128826356479257,
                        0.1940504358017337,
                        0.33916204360875624,
                        0.9224336199607992
                    ],
                    [
                        0.13244614242176622,
                        0.0,
                        -0.743150317151668,
                        1.677926959112638,
                        -0.5230167655234861,
                        -0.3884278225771836,
                        0.08561717478651328,
                        -2.020614240179348
                    ],
                    [
                        -0.5559692237613797,
                        0.0,
                        0.26128826356479257,
                        -0.5230167655234861,
                        1.6148977875020303,
                        1.1993329327718412,
                        -0.35939524803311657,
                        1.977025675077873
                    ],
                    [
                        -0.41290055929547875,
                        0.0,
                        0.1940504358017337,
                        -0.3884278225771836,
                        1.1993329327718412,
                        1.8907062073916534,
                        -0.26691135512332176,
                        1.4682737318775314
                    ],
                    [
                        0.64643011280669,
                        0.0,
                        0.33916204360875624,
                        0.08561717478651328,
                        -0.35939524803311657,
                        -0.26691135512332176,
                        1.4178718907432701,
                        -0.41182287215667873
                    ],
                    [
                        -0.6370725373058714,
                        0.0,
                        0.9224336199607992,
                        -2.020614240179348,
                        1.977025675077873,
                        1.4682737318775314,
                        -0.41182287215667873,
                        4.683349201837208
                    ]
                ],
                "mui": [
                    0.5,
                    10.0,
                    7.291914276104121,
                    -5.1462997391428,
                    4.109290352398533,
                    -2.684194585356244,
                    -7.8336917933884695,
                    9.021887325121137
                ],
                "Ai": [
                    [
                        0.0,
                        0.0,
                        0.0,
                        0.0,
                        0.0,
                        0.0,
                        0.0,
                        0.0
                    ],
                    [
                        0.0,
                        0.0,
                        0.0,
                        0.0,
                        0.0,
                        0.0,
                        0.0,
                        0.0
                    ],
                    [
                        0.5246693136496567,
                        0.6529579619279293,
                        0.0,
                        0.0,
                        0.0,
                        0.0,
                        0.0,
                        0.0
                    ],
                    [
                        0.5588138037106729,
                        0.0,
                        -0.8126407437916408,
                        0.0,
                        0.0,
                        0.0,
                        0.0,
                        0.0
                    ],
                    [
                        -0.8461051917618356,
                        0.0,
                        0.5529882546060081,
                        0.0,
                        0.0,
                        0.0,
                        0.0,
                        0.0
                    ],
                    [
                        -0.0,
                        -0.6236033090613327,
                        0.0,
                        0.0,
                        0.742668014071035,
                        0.0,
                        0.0,
                        0.0
                    ],
                    [
                        0.64643011280669,
                        -0.8656906849791814,
                        0.0,
                        0.0,
                        0.0,
                        0.0,
                        0.0,
                        0.0
                    ],
                    [
                        -0.0,
                        -0.0,
                        -0.0,
                        -0.915002169344485,
                        0.9279003362424655,
                        0.0,
                        -0.0,
                        0.0
                    ]
                ]
            },
            "est_params": {
                "mui": [
                    0.5459431444304766,
                    9.999999999999998,
                    7.33041018684436,
                    -5.179444540557505,
                    4.125405964889627,
                    -2.636910003549173,
                    -7.806415539794556,
                    9.09567493355885
                ],
                "Si": [
                    [
                        0.9985615824202849,
                        -8.488680979227299e-26,
                        0.5307473627299493,
                        0.1925939571644395,
                        -0.5283729481202966,
                        -0.40359660753108095,
                        0.6420452979428746,
                        -0.6491537767656234
                    ],
                    [
                        -8.488682366235484e-26,
                        1e-06,
                        -4.811409770499423e-26,
                        -5.877712449270772e-27,
                        3.412793627306889e-26,
                        2.5671451394712027e-26,
                        -6.968434013955202e-26,
                        2.177287652846586e-26
                    ],
                    [
                        0.5307473627299493,
                        -4.811409770499423e-26,
                        1.275352402889616,
                        -0.6959889280348923,
                        0.26665221180080884,
                        0.17031815798039568,
                        0.375749385988063,
                        0.9274523242109886
                    ],
                    [
                        0.1925939571644395,
                        -5.877712449270772e-27,
                        -0.6959889280348923,
                        1.7155336464940159,
                        -0.5681283559513388,
                        -0.40981235361787055,
                        0.1119392492320457,
                        -2.112161498519543
                    ],
                    [
                        -0.5283729481202966,
                        3.412794320810982e-26,
                        0.26665221180080884,
                        -0.5681283559513388,
                        1.5581587102032908,
                        1.1271273116513052,
                        -0.3228150264400384,
                        1.9142436465584758
                    ],
                    [
                        -0.40359660753108095,
                        2.5671451394712027e-26,
                        0.17031815798039568,
                        -0.40981235361787055,
                        1.1271273116513052,
                        1.8529076071266564,
                        -0.24162161765437942,
                        1.3893292310748695
                    ],
                    [
                        0.6420452979428746,
                        -6.968432626947017e-26,
                        0.375749385988063,
                        0.11193924923204569,
                        -0.3228150264400384,
                        -0.24162161765437942,
                        1.4429601472295366,
                        -0.38565943419897425
                    ],
                    [
                        -0.6491537767656234,
                        2.1772883463506786e-26,
                        0.9274523242109886,
                        -2.112161498519543,
                        1.9142436465584758,
                        1.3893292310748695,
                        -0.38565943419897425,
                        4.717380131860469
                    ]
                ]
            },
            "est_tgt": [
                1,
                6
            ]
        },
        "2": {
            "intv_type": "do",
            "inode": 2,
            "new_mui": 10.0,
            "true_params": {
                "Si": [
                    [
                        1.0,
                        0.9021584951081731,
                        0.0,
                        0.5588138037106729,
                        -0.8461051917618356,
                        -1.1909642853082034,
                        -0.13456009278329187,
                        -1.296417134587212
                    ],
                    [
                        0.9021584951081731,
                        1.8138899502958437,
                        0.0,
                        0.5041386202012947,
                        -0.7633209865030699,
                        -1.6980418564225623,
                        -0.9870852157861721,
                        -1.1695737311716492
                    ],
                    [
                        0.0,
                        0.0,
                        0.0,
                        0.0,
                        0.0,
                        0.0,
                        0.0,
                        0.0
                    ],
                    [
                        0.5588138037106729,
                        0.5041386202012947,
                        0.0,
                        1.3122728672175905,
                        -0.47281526054777967,
                        -0.6655272823566403,
                        -0.0751940372758924,
                        -1.6394579595188563
                    ],
                    [
                        -0.8461051917618356,
                        -0.7633209865030699,
                        0.0,
                        -0.47281526054777967,
                        1.7158939955263326,
                        1.7503490790732301,
                        0.11385199310789756,
                        2.024805604505708
                    ],
                    [
                        -1.1909642853082034,
                        -1.6980418564225623,
                        0.0,
                        -0.6655272823566403,
                        1.7503490790732301,
                        3.3588327950761387,
                        0.700103840509248,
                        2.233108406128005
                    ],
                    [
                        -0.13456009278329187,
                        -0.9870852157861721,
                        0.0,
                        -0.0751940372758924,
                        0.11385199310789756,
                        0.700103840509248,
                        1.7675267806295725,
                        0.17444600991590462
                    ],
                    [
                        -1.296417134587212,
                        -1.1695737311716492,
                        0.0,
                        -1.6394579595188563,
                        2.024805604505708,
                        2.233108406128005,
                        0.17444600991590462,
                        4.378925390755311
                    ]
                ],
                "mui": [
                    0.5,
                    0.9510792475540866,
                    10.0,
                    -7.347000536061071,
                    5.606829950179163,
                    4.070917098379269,
                    -0.00012538888123664327,
                    12.425100824696544
                ],
                "Ai": [
                    [
                        0.0,
                        0.0,
                        0.0,
                        0.0,
                        0.0,
                        0.0,
                        0.0,
                        0.0
                    ],
                    [
                        0.9021584951081731,
                        0.0,
                        0.0,
                        0.0,
                        0.0,
                        0.0,
                        0.0,
                        0.0
                    ],
                    [
                        0.0,
                        0.0,
                        0.0,
                        0.0,
                        0.0,
                        0.0,
                        0.0,
                        0.0
                    ],
                    [
                        0.5588138037106729,
                        0.0,
                        -0.8126407437916408,
                        0.0,
                        0.0,
                        0.0,
                        0.0,
                        0.0
                    ],
                    [
                        -0.8461051917618356,
                        0.0,
                        0.5529882546060081,
                        0.0,
                        0.0,
                        0.0,
                        0.0,
                        0.0
                    ],
                    [
                        -0.0,
                        -0.6236033090613327,
                        0.0,
                        0.0,
                        0.742668014071035,
                        0.0,
                        0.0,
                        0.0
                    ],
                    [
                        0.64643011280669,
                        -0.8656906849791814,
                        0.0,
                        0.0,
                        0.0,
                        0.0,
                        0.0,
                        0.0
                    ],
                    [
                        -0.0,
                        -0.0,
                        -0.0,
                        -0.915002169344485,
                        0.9279003362424655,
                        0.0,
                        -0.0,
                        0.0
                    ]
                ]
            },
            "est_params": {
                "mui": [
                    0.5012315931148209,
                    0.934830512196569,
                    9.999999999999995,
                    -7.39797783025577,
                    5.563317293791859,
                    4.043541326926939,
                    -0.005747996127803765,
                    12.41617827571758
                ],
                "Si": [
                    [
                        0.9923242567963972,
                        0.8894493390921384,
                        -5.13946172176955e-16,
                        0.5515263921436223,
                        -0.7735354397532415,
                        -1.1134153909954891,
                        -0.12018351232548156,
                        -1.197858722474581
                    ],
                    [
                        0.8894493390921383,
                        1.8641825557012783,
                        -2.0423105911588344e-15,
                        0.4809530301172905,
                        -0.6642298811089654,
                        -1.586701766861286,
                        -1.048603712309884,
                        -1.0430472495816978
                    ],
                    [
                        -5.13946172176955e-16,
                        -2.0423105911588344e-15,
                        1.0000000000002966e-06,
                        -3.721213713386938e-18,
                        3.991846169845223e-16,
                        1.5018041654446759e-15,
                        1.4682074896163114e-15,
                        3.3754158752491925e-16
                    ],
                    [
                        0.5515263921436223,
                        0.4809530301172905,
                        -3.721213713386938e-18,
                        1.3491377138635434,
                        -0.4320716456195744,
                        -0.6039810266443788,
                        -0.12968259386944003,
                        -1.6265614352141964
                    ],
                    [
                        -0.7735354397532415,
                        -0.6642298811089654,
                        3.9918461698452226e-16,
                        -0.43207164561957434,
                        1.5281113825020827,
                        1.4884457398984183,
                        0.04131466826455169,
                        1.7404676883275938
                    ],
                    [
                        -1.1134153909954891,
                        -1.586701766861286,
                        1.5018041654446759e-15,
                        -0.6039810266443787,
                        1.4884457398984183,
                        3.038615060888791,
                        0.6461893207502972,
                        1.8577846220547367
                    ],
                    [
                        -0.12018351232548158,
                        -1.0486037123098841,
                        1.4682074896163112e-15,
                        -0.12968259386944,
                        0.04131466826455168,
                        0.6461893207502971,
                        1.8695360066075783,
                        0.12665117583340893
                    ],
                    [
                        -1.197858722474581,
                        -1.0430472495816978,
                        3.3754158752491915e-16,
                        -1.6265614352141964,
                        1.7404676883275934,
                        1.8577846220547367,
                        0.12665117583340893,
                        4.040516605893311
                    ]
                ]
            },
            "est_tgt": [
                2
            ]
        },
        "3": {
            "intv_type": "do",
            "inode": 3,
            "new_mui": 10.0,
            "true_params": {
                "Si": [
                    [
                        1.0,
                        0.9021584951081731,
                        1.1137408859514573,
                        0.0,
                        -0.23021956315619016,
                        -0.7335657286167578,
                        -0.13456009278329187,
                        -0.21362081006222236
                    ],
                    [
                        0.9021584951081731,
                        1.8138899502958437,
                        1.6577287635383395,
                        0.0,
                        0.15338354905617235,
                        -1.0172347195088696,
                        -0.9870852157861721,
                        0.14232464674328504
                    ],
                    [
                        1.1137408859514573,
                        1.6577287635383395,
                        2.666772861085012,
                        0.0,
                        0.5323521240011169,
                        -0.6384042477502532,
                        -0.7151247022741732,
                        0.49396971486002705
                    ],
                    [
                        0.0,
                        0.0,
                        0.0,
                        0.0,
                        0.0,
                        0.0,
                        0.0,
                        0.0
                    ],
                    [
                        -0.23021956315619016,
                        0.15338354905617235,
                        0.5323521240011169,
                        0.0,
                        1.4891744395187732,
                        1.0103117348557535,
                        -0.2816035678283386,
                        1.3818054631531547
                    ],
                    [
                        -0.7335657286167578,
                        -1.0172347195088696,
                        -0.6384042477502532,
                        0.0,
                        1.0103117348557535,
                        2.3846771468957924,
                        0.4064116444153863,
                        0.9374685984823623
                    ],
                    [
                        -0.13456009278329187,
                        -0.9870852157861721,
                        -0.7151247022741732,
                        0.0,
                        -0.2816035678283386,
                        0.4064116444153863,
                        1.7675267806295725,
                        -0.26130004527499334
                    ],
                    [
                        -0.21362081006222236,
                        0.14232464674328504,
                        0.49396971486002705,
                        0.0,
                        1.3818054631531547,
                        0.9374685984823623,
                        -0.26130004527499334,
                        2.282177753881488
                    ]
                ],
                "mui": [
                    0.5,
                    0.9510792475540866,
                    1.383349423939693,
                    10.0,
                    0.8419233875737199,
                    0.5321734042950421,
                    -0.00012538888123664327,
                    -7.868800699024798
                ],
                "Ai": [
                    [
                        0.0,
                        0.0,
                        0.0,
                        0.0,
                        0.0,
                        0.0,
                        0.0,
                        0.0
                    ],
                    [
                        0.9021584951081731,
                        0.0,
                        0.0,
                        0.0,
                        0.0,
                        0.0,
                        0.0,
                        0.0
                    ],
                    [
                        0.5246693136496567,
                        0.6529579619279293,
                        0.0,
                        0.0,
                        0.0,
                        0.0,
                        0.0,
                        0.0
                    ],
                    [
                        0.0,
                        0.0,
                        0.0,
                        0.0,
                        0.0,
                        0.0,
                        0.0,
                        0.0
                    ],
                    [
                        -0.8461051917618356,
                        0.0,
                        0.5529882546060081,
                        0.0,
                        0.0,
                        0.0,
                        0.0,
                        0.0
                    ],
                    [
                        -0.0,
                        -0.6236033090613327,
                        0.0,
                        0.0,
                        0.742668014071035,
                        0.0,
                        0.0,
                        0.0
                    ],
                    [
                        0.64643011280669,
                        -0.8656906849791814,
                        0.0,
                        0.0,
                        0.0,
                        0.0,
                        0.0,
                        0.0
                    ],
                    [
                        -0.0,
                        -0.0,
                        -0.0,
                        -0.915002169344485,
                        0.9279003362424655,
                        0.0,
                        -0.0,
                        0.0
                    ]
                ]
            },
            "est_params": {
                "mui": [
                    0.4989734687958561,
                    0.9824241425634096,
                    1.398769754381753,
                    10.0,
                    0.8396241498329294,
                    0.5675544791157453,
                    -0.008810966818461304,
                    -7.828082945006932
                ],
                "Si": [
                    [
                        0.9881719084661585,
                        0.8951363953962608,
                        1.0871269609667467,
                        0.0,
                        -0.22941323629040364,
                        -0.7155336509706919,
                        -0.1384563327253732,
                        -0.16194392700866017
                    ],
                    [
                        0.8951363953962608,
                        1.7538663656900877,
                        1.5873298797815365,
                        0.0,
                        0.11022070293566968,
                        -0.9501565783429152,
                        -0.929692669084519,
                        0.137079033833221
                    ],
                    [
                        1.0871269609667467,
                        1.5873298797815365,
                        2.524084897681899,
                        0.0,
                        0.45875975485672604,
                        -0.5974186346733407,
                        -0.7458850337154506,
                        0.48052471047825984
                    ],
                    [
                        0.0,
                        0.0,
                        0.0,
                        1e-06,
                        0.0,
                        0.0,
                        0.0,
                        0.0
                    ],
                    [
                        -0.22941323629040364,
                        0.11022070293566968,
                        0.45875975485672604,
                        0.0,
                        1.394968291156999,
                        0.9769488213073207,
                        -0.25180056925960453,
                        1.273071965212516
                    ],
                    [
                        -0.7155336509706919,
                        -0.9501565783429152,
                        -0.5974186346733407,
                        0.0,
                        0.9769488213073207,
                        2.2949714864688873,
                        0.34017743729732314,
                        0.7908768907727325
                    ],
                    [
                        -0.1384563327253732,
                        -0.929692669084519,
                        -0.7458850337154506,
                        0.0,
                        -0.25180056925960453,
                        0.34017743729732314,
                        1.7313934502918145,
                        -0.2662333959059948
                    ],
                    [
                        -0.16194392700866017,
                        0.137079033833221,
                        0.48052471047825984,
                        0.0,
                        1.273071965212516,
                        0.7908768907727325,
                        -0.2662333959059948,
                        2.2302378120178123
                    ]
                ]
            },
            "est_tgt": [
                3
            ]
        },
        "4": {
            "intv_type": "do",
            "inode": 4,
            "new_mui": 10.0,
            "true_params": {
                "Si": [
                    [
                        1.0,
                        0.9021584951081731,
                        1.1137408859514573,
                        -0.3462574182400803,
                        0.0,
                        -0.5625890228472489,
                        -0.13456009278329187,
                        0.3168262888412941
                    ],
                    [
                        0.9021584951081731,
                        1.8138899502958437,
                        1.6577287635383395,
                        -0.8429993152052984,
                        0.0,
                        -1.1311477752775843,
                        -0.9870852157861721,
                        0.7713462021687634
                    ],
                    [
                        1.1137408859514573,
                        1.6577287635383395,
                        2.666772861085012,
                        -1.5447545005288577,
                        0.0,
                        -1.03376514246866,
                        -0.7151247022741732,
                        1.413453719088561
                    ],
                    [
                        -0.3462574182400803,
