{
    "expt_args": {
        "save_dir": "expt_logs_29.04.24-7",
        "exp_name": "64",
        "num_nodes": 8,
        "obs_noise_mean": 0.5,
        "obs_noise_var": 1.0,
        "max_edge_strength": 1.0,
        "num_parents": 2,
        "new_noise_mean": 10.0,
        "mix_samples": 1024,
        "stage2_samples": 1024,
        "intv_targets": [
            0,
            1,
            2,
            3,
            4,
            5,
            6,
            7
        ]
    },
    "intv_args_dict": {
        "0": {
            "intv_type": "do",
            "inode": 0,
            "new_mui": 10.0,
            "true_params": {
                "Si": [
                    [
                        0.0,
                        0.0,
                        0.0,
                        0.0,
                        0.0,
                        0.0,
                        0.0,
                        0.0
                    ],
                    [
                        0.0,
                        1.0,
                        0.6529579619279293,
                        -0.5306202438457863,
                        0.3610780836976219,
                        -0.35544216571704484,
                        -0.8656906849791814,
                        0.8205631494898025
                    ],
                    [
                        0.0,
                        0.6529579619279293,
                        1.4263541000450752,
                        -1.1591134567708863,
                        0.7887570642340496,
                        0.178597896743001,
                        -0.5652596253239994,
                        1.7924792725781402
                    ],
                    [
                        0.0,
                        -0.5306202438457863,
                        -1.1591134567708863,
                        1.9419428216491927,
                        -0.640976127350069,
                        -0.145135927648855,
                        0.45935300235867904,
                        -2.371643858643484
                    ],
                    [
                        0.0,
                        0.3610780836976219,
                        0.7887570642340496,
                        -0.640976127350069,
                        1.4361733922589461,
                        0.8414305532672512,
                        -0.3125819336071645,
                        1.9191203206028984
                    ],
                    [
                        0.0,
                        -0.35544216571704484,
                        0.178597896743001,
                        -0.145135927648855,
                        0.8414305532672512,
                        1.8465584686947574,
                        0.3077029719100723,
                        0.9135633819498927
                    ],
                    [
                        0.0,
                        -0.8656906849791814,
                        -0.5652596253239994,
                        0.45935300235867904,
                        -0.3125819336071645,
                        0.3077029719100723,
                        1.7494203620597244,
                        -0.7103538749505015
                    ],
                    [
                        0.0,
                        0.8205631494898025,
                        1.7924792725781402,
                        -2.371643858643484,
                        1.9191203206028984,
                        0.9135633819498927,
                        -0.7103538749505015,
                        4.950811666348491
                    ]
                ],
                "mui": [
                    10.0,
                    9.521584951081731,
                    11.963887840478536,
                    -3.6342046762195164,
                    -1.3451624624100866,
                    -6.4367010175641575,
                    -1.2784462703225095,
                    2.5771284614116667
                ],
                "Ai": [
                    [
                        0.0,
                        0.0,
                        0.0,
                        0.0,
                        0.0,
                        0.0,
                        0.0,
                        0.0
                    ],
                    [
                        0.9021584951081731,
                        0.0,
                        0.0,
                        0.0,
                        0.0,
                        0.0,
                        0.0,
                        0.0
                    ],
                    [
                        0.5246693136496567,
                        0.6529579619279293,
                        0.0,
                        0.0,
                        0.0,
                        0.0,
                        0.0,
                        0.0
                    ],
                    [
                        0.5588138037106729,
                        0.0,
                        -0.8126407437916408,
                        0.0,
                        0.0,
                        0.0,
                        0.0,
                        0.0
                    ],
                    [
                        -0.8461051917618356,
                        0.0,
                        0.5529882546060081,
                        0.0,
                        0.0,
                        0.0,
                        0.0,
                        0.0
                    ],
                    [
                        -0.0,
                        -0.6236033090613327,
                        0.0,
                        0.0,
                        0.742668014071035,
                        0.0,
                        0.0,
                        0.0
                    ],
                    [
                        0.64643011280669,
                        -0.8656906849791814,
                        0.0,
                        0.0,
                        0.0,
                        0.0,
                        0.0,
                        0.0
                    ],
                    [
                        -0.0,
                        -0.0,
                        -0.0,
                        -0.915002169344485,
                        0.9279003362424655,
                        0.0,
                        -0.0,
                        0.0
                    ]
                ]
            },
            "est_params": {
                "mui": [
                    10.0,
                    9.497822838963167,
                    11.96792767428799,
                    -3.6751393906259415,
                    -1.463915962069892,
                    -6.553330217330951,
                    -1.1204876066397493,
                    2.521400118639076
                ],
                "Si": [
                    [
                        1e-06,
                        0.0,
                        0.0,
                        0.0,
                        0.0,
                        0.0,
                        0.0,
                        0.0
                    ],
                    [
                        0.0,
                        0.8404770781606411,
                        0.7272518160437033,
                        -0.6491134096607556,
                        0.4807643819560126,
                        -0.39647953182813306,
                        -0.797380238797539,
                        0.8518449742183666
                    ],
                    [
                        0.0,
                        0.7272518160437033,
                        1.6179226685921195,
                        -1.5776899941364126,
                        0.9367930626012994,
                        0.14057867900331233,
                        -0.8294631842187394,
                        2.085551388901654
                    ],
                    [
                        0.0,
                        -0.6491134096607556,
                        -1.5776899941364126,
                        2.518220503009563,
                        -0.8831059789124293,
                        0.05338889244263079,
                        0.6187607836641186,
                        -2.8294775982549645
                    ],
                    [
                        0.0,
                        0.4807643819560126,
                        0.9367930626012994,
                        -0.8831059789124293,
                        1.3861825088152055,
                        0.7061260227213513,
                        -0.603668481914128,
                        1.9075456514446616
                    ],
                    [
                        0.0,
                        -0.39647953182813306,
                        0.14057867900331233,
                        0.05338889244263079,
                        0.7061260227213513,
                        1.99904877544343,
                        0.04602313094930749,
                        0.6804445124368126
                    ],
                    [
                        0.0,
                        -0.797380238797539,
                        -0.8294631842187394,
                        0.6187607836641186,
                        -0.603668481914128,
                        0.04602313094930749,
                        1.6250937086558874,
                        -0.9816789231624732
                    ],
                    [
                        0.0,
                        0.8518449742183666,
                        2.085551388901654,
                        -2.8294775982549645,
                        1.9075456514446616,
                        0.6804445124368126,
                        -0.9816789231624732,
                        4.831382820642022
                    ]
                ]
            },
            "est_tgt": [
                0,
                1,
                3,
                4,
                5,
                6
            ]
        },
        "1": {
            "intv_type": "do",
            "inode": 1,
            "new_mui": 10.0,
            "true_params": {
                "Si": [
                    [
                        1.0,
                        0.0,
                        0.5246693136496567,
                        0.13244614242176622,
                        -0.5559692237613797,
                        -0.41290055929547875,
                        0.64643011280669,
                        -0.6370725373058714
                    ],
                    [
                        0.0,
                        0.0,
                        0.0,
                        0.0,
                        0.0,
                        0.0,
                        0.0,
                        0.0
                    ],
                    [
                        0.5246693136496567,
                        0.0,
                        1.275277888685602,
                        -0.743150317151668,
                        0.26128826356479257,
                        0.1940504358017337,
                        0.33916204360875624,
                        0.9224336199607992
                    ],
                    [
                        0.13244614242176622,
                        0.0,
                        -0.743150317151668,
                        1.677926959112638,
                        -0.5230167655234861,
                        -0.3884278225771836,
                        0.08561717478651328,
                        -2.020614240179348
                    ],
                    [
                        -0.5559692237613797,
                        0.0,
                        0.26128826356479257,
                        -0.5230167655234861,
                        1.6148977875020303,
                        1.1993329327718412,
                        -0.35939524803311657,
                        1.977025675077873
                    ],
                    [
                        -0.41290055929547875,
                        0.0,
                        0.1940504358017337,
                        -0.3884278225771836,
                        1.1993329327718412,
                        1.8907062073916534,
                        -0.26691135512332176,
                        1.4682737318775314
                    ],
                    [
                        0.64643011280669,
                        0.0,
                        0.33916204360875624,
                        0.08561717478651328,
                        -0.35939524803311657,
                        -0.26691135512332176,
                        1.4178718907432701,
                        -0.41182287215667873
                    ],
                    [
                        -0.6370725373058714,
                        0.0,
                        0.9224336199607992,
                        -2.020614240179348,
                        1.977025675077873,
                        1.4682737318775314,
                        -0.41182287215667873,
                        4.683349201837208
                    ]
                ],
                "mui": [
                    0.5,
                    10.0,
                    7.291914276104121,
                    -5.1462997391428,
                    4.109290352398533,
                    -2.684194585356244,
                    -7.8336917933884695,
                    9.021887325121137
                ],
                "Ai": [
                    [
                        0.0,
                        0.0,
                        0.0,
                        0.0,
                        0.0,
                        0.0,
                        0.0,
                        0.0
                    ],
                    [
                        0.0,
                        0.0,
                        0.0,
                        0.0,
                        0.0,
                        0.0,
                        0.0,
                        0.0
                    ],
                    [
                        0.5246693136496567,
                        0.6529579619279293,
                        0.0,
                        0.0,
                        0.0,
                        0.0,
                        0.0,
                        0.0
                    ],
                    [
                        0.5588138037106729,
                        0.0,
                        -0.8126407437916408,
                        0.0,
                        0.0,
                        0.0,
                        0.0,
                        0.0
                    ],
                    [
                        -0.8461051917618356,
                        0.0,
                        0.5529882546060081,
                        0.0,
                        0.0,
                        0.0,
                        0.0,
                        0.0
                    ],
                    [
                        -0.0,
                        -0.6236033090613327,
                        0.0,
                        0.0,
                        0.742668014071035,
                        0.0,
                        0.0,
                        0.0
                    ],
                    [
                        0.64643011280669,
                        -0.8656906849791814,
                        0.0,
                        0.0,
                        0.0,
                        0.0,
                        0.0,
                        0.0
                    ],
                    [
                        -0.0,
                        -0.0,
                        -0.0,
                        -0.915002169344485,
                        0.9279003362424655,
                        0.0,
                        -0.0,
                        0.0
                    ]
                ]
            },
            "est_params": {
                "mui": [
                    0.6395285357849267,
                    10.0,
                    7.354588177887134,
                    -5.139624531059351,
                    4.093797759863345,
                    -2.6071002052321504,
                    -7.776696812561107,
                    9.07506904257278
                ],
                "Si": [
                    [
                        0.8119660651347924,
                        2.0377936988740073e-30,
                        0.4130497081881283,
                        0.02440823678381312,
                        -0.46282311614344723,
                        -0.26081300925473067,
                        0.6587359981627222,
                        -0.49766168291184926
                    ],
                    [
                        2.0377936988740076e-30,
                        1e-06,
                        1.2164106225253718e-30,
                        -3.4714440415234245e-31,
                        -1.3965716931550296e-30,
                        -1.200316247058547e-30,
                        1.2961220226119433e-30,
                        -8.097325134677479e-31
                    ],
                    [
                        0.4130497081881283,
                        1.2164106225253718e-30,
                        1.293840691584657,
                        -0.8585255784507202,
                        0.44790138979494815,
                        0.4720198271912722,
                        0.31575125017697825,
                        1.2617266883327996
                    ],
                    [
                        0.02440823678381312,
                        -3.4714440415234245e-31,
                        -0.8585255784507202,
                        1.5145757719324378,
                        -0.6765118827985401,
                        -0.5319609663524676,
                        0.029061090318188598,
                        -2.084563397263018
                    ],
                    [
                        -0.46282311614344723,
                        -1.3965716931550296e-30,
                        0.44790138979494815,
                        -0.6765118827985401,
                        1.5174758678176183,
                        1.1639886181259347,
                        -0.4525515581539846,
                        2.0595705755882676
                    ],
                    [
                        -0.26081300925473067,
                        -1.200316247058547e-30,
                        0.4720198271912722,
                        -0.5319609663524676,
                        1.1639886181259347,
                        1.7732210357645557,
                        -0.34092411048948135,
                        1.7381466710658078
                    ],
                    [
                        0.6587359981627222,
                        1.2961220226119433e-30,
                        0.31575125017697825,
                        0.029061090318188598,
                        -0.4525515581539846,
                        -0.34092411048948135,
                        1.4428248695633077,
                        -0.4769137822858129
                    ],
                    [
                        -0.49766168291184926,
                        -8.097325134677479e-31,
                        1.2617266883327996,
                        -2.084563397263018,
                        2.0595705755882676,
                        1.7381466710658078,
                        -0.4769137822858129,
                        5.001383246754369
                    ]
                ]
            },
            "est_tgt": [
                1,
                2,
                3,
                4,
                5
            ]
        },
        "2": {
            "intv_type": "do",
            "inode": 2,
            "new_mui": 10.0,
            "true_params": {
                "Si": [
                    [
                        1.0,
                        0.9021584951081731,
                        0.0,
                        0.5588138037106729,
                        -0.8461051917618356,
                        -1.1909642853082034,
                        -0.13456009278329187,
                        -1.296417134587212
                    ],
                    [
                        0.9021584951081731,
                        1.8138899502958437,
                        0.0,
                        0.5041386202012947,
                        -0.7633209865030699,
                        -1.6980418564225623,
                        -0.9870852157861721,
                        -1.1695737311716492
                    ],
                    [
                        0.0,
                        0.0,
                        0.0,
                        0.0,
                        0.0,
                        0.0,
                        0.0,
                        0.0
                    ],
                    [
                        0.5588138037106729,
                        0.5041386202012947,
                        0.0,
                        1.3122728672175905,
                        -0.47281526054777967,
                        -0.6655272823566403,
                        -0.0751940372758924,
                        -1.6394579595188563
                    ],
                    [
                        -0.8461051917618356,
                        -0.7633209865030699,
                        0.0,
                        -0.47281526054777967,
                        1.7158939955263326,
                        1.7503490790732301,
                        0.11385199310789756,
                        2.024805604505708
                    ],
                    [
                        -1.1909642853082034,
                        -1.6980418564225623,
                        0.0,
                        -0.6655272823566403,
                        1.7503490790732301,
                        3.3588327950761387,
                        0.700103840509248,
                        2.233108406128005
                    ],
                    [
                        -0.13456009278329187,
                        -0.9870852157861721,
                        0.0,
                        -0.0751940372758924,
                        0.11385199310789756,
                        0.700103840509248,
                        1.7675267806295725,
                        0.17444600991590462
                    ],
                    [
                        -1.296417134587212,
                        -1.1695737311716492,
                        0.0,
                        -1.6394579595188563,
                        2.024805604505708,
                        2.233108406128005,
                        0.17444600991590462,
                        4.378925390755311
                    ]
                ],
                "mui": [
                    0.5,
                    0.9510792475540866,
                    10.0,
                    -7.347000536061071,
                    5.606829950179163,
                    4.070917098379269,
                    -0.00012538888123664327,
                    12.425100824696544
                ],
                "Ai": [
                    [
                        0.0,
                        0.0,
                        0.0,
                        0.0,
                        0.0,
                        0.0,
                        0.0,
                        0.0
                    ],
                    [
                        0.9021584951081731,
                        0.0,
                        0.0,
                        0.0,
                        0.0,
                        0.0,
                        0.0,
                        0.0
                    ],
                    [
                        0.0,
                        0.0,
                        0.0,
                        0.0,
                        0.0,
                        0.0,
                        0.0,
                        0.0
                    ],
                    [
                        0.5588138037106729,
                        0.0,
                        -0.8126407437916408,
                        0.0,
                        0.0,
                        0.0,
                        0.0,
                        0.0
                    ],
                    [
                        -0.8461051917618356,
                        0.0,
                        0.5529882546060081,
                        0.0,
                        0.0,
                        0.0,
                        0.0,
                        0.0
                    ],
                    [
                        -0.0,
                        -0.6236033090613327,
                        0.0,
                        0.0,
                        0.742668014071035,
                        0.0,
                        0.0,
                        0.0
                    ],
                    [
                        0.64643011280669,
                        -0.8656906849791814,
                        0.0,
                        0.0,
                        0.0,
                        0.0,
                        0.0,
                        0.0
                    ],
                    [
                        -0.0,
                        -0.0,
                        -0.0,
                        -0.915002169344485,
                        0.9279003362424655,
                        0.0,
                        -0.0,
                        0.0
                    ]
                ]
            },
            "est_params": {
                "mui": [
                    0.46623719656238766,
                    0.974120091847858,
                    10.0,
                    -7.227883938712964,
                    5.679292689421025,
                    3.972545533398328,
                    -0.10676187774650639,
                    12.3566044701273
                ],
                "Si": [
                    [
                        0.998065744736716,
                        0.7507308375659599,
                        1.9517356026599152e-48,
                        0.6074137216754574,
                        -0.9176807525021466,
                        -1.1918597179313049,
                        0.1685025657014206,
                        -1.268593322174638
                    ],
                    [
                        0.7507308375659599,
                        1.5474645958885083,
                        1.3427816181647177e-48,
                        0.4581764017720347,
                        -0.6944294587925209,
                        -1.4536172620560162,
                        -0.6505247554105484,
                        -0.9458792415717582
                    ],
                    [
                        1.9517356026599152e-48,
                        1.3427816181647177e-48,
                        1e-06,
                        1.1677698113717749e-48,
                        -1.599581584417414e-48,
                        -1.9549575357138235e-48,
                        2.419386542951761e-49,
                        -2.144664177341051e-48
                    ],
                    [
                        0.6074137216754574,
                        0.4581764017720347,
                        1.1677698113717749e-48,
                        1.4425961611391844,
                        -0.5030934651735155,
                        -0.4915639894443139,
                        -0.06946681660670552,
                        -1.8080086696584774
                    ],
                    [
                        -0.9176807525021466,
                        -0.6944294587925209,
                        -1.599581584417414e-48,
                        -0.5030934651735155,
                        1.9688850448237156,
                        1.9981383500088779,
                        -0.005270256585496203,
                        2.1790191038610676
                    ],
                    [
                        -1.1918597179313049,
                        -1.4536172620560166,
                        -1.9549575357138235e-48,
                        -0.4915639894443139,
                        1.9981383500088779,
                        3.574992365181895,
                        0.40053953130070136,
                        1.951813412220784
                    ],
                    [
                        0.16850256570142058,
                        -0.6505247554105484,
                        2.419386542951761e-49,
                        -0.06946681660670552,
                        -0.005270256585496203,
                        0.40053953130070136,
                        1.5773772520004177,
                        0.02621819968698912
                    ],
                    [
                        -1.268593322174638,
                        -0.9458792415717582,
                        -2.144664177341051e-48,
                        -1.8080086696584774,
                        2.1790191038610676,
                        1.951813412220784,
                        0.02621819968698912,
                        4.377109679596635
                    ]
                ]
            },
            "est_tgt": [
                1,
                2,
                3,
                4,
                5
            ]
        },
        "3": {
            "intv_type": "do",
            "inode": 3,
            "new_mui": 10.0,
            "true_params": {
                "Si": [
                    [
                        1.0,
                        0.9021584951081731,
                        1.1137408859514573,
                        0.0,
                        -0.23021956315619016,
                        -0.7335657286167578,
                        -0.13456009278329187,
                        -0.21362081006222236
                    ],
                    [
                        0.9021584951081731,
                        1.8138899502958437,
                        1.6577287635383395,
                        0.0,
                        0.15338354905617235,
                        -1.0172347195088696,
                        -0.9870852157861721,
                        0.14232464674328504
                    ],
                    [
                        1.1137408859514573,
                        1.6577287635383395,
                        2.666772861085012,
                        0.0,
                        0.5323521240011169,
                        -0.6384042477502532,
                        -0.7151247022741732,
                        0.49396971486002705
                    ],
                    [
                        0.0,
                        0.0,
                        0.0,
                        0.0,
                        0.0,
                        0.0,
                        0.0,
                        0.0
                    ],
                    [
                        -0.23021956315619016,
                        0.15338354905617235,
                        0.5323521240011169,
                        0.0,
                        1.4891744395187732,
                        1.0103117348557535,
                        -0.2816035678283386,
                        1.3818054631531547
                    ],
                    [
                        -0.7335657286167578,
                        -1.0172347195088696,
                        -0.6384042477502532,
                        0.0,
                        1.0103117348557535,
                        2.3846771468957924,
                        0.4064116444153863,
                        0.9374685984823623
                    ],
                    [
                        -0.13456009278329187,
                        -0.9870852157861721,
                        -0.7151247022741732,
                        0.0,
                        -0.2816035678283386,
                        0.4064116444153863,
                        1.7675267806295725,
                        -0.26130004527499334
                    ],
                    [
                        -0.21362081006222236,
                        0.14232464674328504,
                        0.49396971486002705,
                        0.0,
                        1.3818054631531547,
                        0.9374685984823623,
                        -0.26130004527499334,
                        2.282177753881488
                    ]
                ],
                "mui": [
                    0.5,
                    0.9510792475540866,
                    1.383349423939693,
                    10.0,
                    0.8419233875737199,
                    0.5321734042950421,
                    -0.00012538888123664327,
                    -7.868800699024798
                ],
                "Ai": [
                    [
                        0.0,
                        0.0,
                        0.0,
                        0.0,
                        0.0,
                        0.0,
                        0.0,
                        0.0
                    ],
                    [
                        0.9021584951081731,
                        0.0,
                        0.0,
                        0.0,
                        0.0,
                        0.0,
                        0.0,
                        0.0
                    ],
                    [
                        0.5246693136496567,
                        0.6529579619279293,
                        0.0,
                        0.0,
                        0.0,
                        0.0,
                        0.0,
                        0.0
                    ],
                    [
                        0.0,
                        0.0,
                        0.0,
                        0.0,
                        0.0,
                        0.0,
                        0.0,
                        0.0
                    ],
                    [
                        -0.8461051917618356,
                        0.0,
                        0.5529882546060081,
                        0.0,
                        0.0,
                        0.0,
                        0.0,
                        0.0
                    ],
                    [
                        -0.0,
                        -0.6236033090613327,
                        0.0,
                        0.0,
                        0.742668014071035,
                        0.0,
                        0.0,
                        0.0
                    ],
                    [
                        0.64643011280669,
                        -0.8656906849791814,
                        0.0,
                        0.0,
                        0.0,
                        0.0,
                        0.0,
                        0.0
                    ],
                    [
                        -0.0,
                        -0.0,
                        -0.0,
                        -0.915002169344485,
                        0.9279003362424655,
                        0.0,
                        -0.0,
                        0.0
                    ]
                ]
            },
            "est_params": {
                "mui": [
                    0.4227240036151113,
                    1.0343022134443147,
                    1.4539774053942696,
                    10.0,
                    1.0123962574312553,
                    0.6320375468396431,
                    -0.0020482841832279454,
                    -7.710407325647059
                ],
                "Si": [
                    [
                        0.7541043602423361,
                        0.5879551461035676,
                        0.6666801050164932,
                        0.0,
                        -0.16261666352293616,
                        -0.4715369810087492,
                        -0.0037724319417650285,
                        -0.17008047651020292
                    ],
                    [
                        0.5879551461035676,
                        1.3516902332671226,
                        1.1388138042784761,
                        0.0,
                        0.2320625995394675,
                        -0.6827032435851227,
                        -0.8121577572013178,
                        0.2732734222748747
                    ],
                    [
                        0.6666801050164932,
                        1.1388138042784761,
                        1.78069982737499,
                        0.0,
                        0.7590435958452662,
                        -0.1472427172534151,
                        -0.498263170271396,
                        0.8311161662291713
                    ],
                    [
                        0.0,
                        0.0,
                        0.0,
                        1e-06,
                        0.0,
                        0.0,
                        0.0,
                        0.0
                    ],
                    [
                        -0.16261666352293616,
                        0.2320625995394675,
                        0.7590435958452662,
                        0.0,
                        1.914059736669532,
                        1.2036518195082546,
                        -0.38743072606734946,
                        1.83739121674519
                    ],
                    [
                        -0.4715369810087492,
                        -0.6827032435851227,
                        -0.1472427172534151,
                        0.0,
                        1.2036518195082546,
                        2.1264630484797387,
                        0.32282555482890307,
                        1.0493928744411698
                    ],
                    [
                        -0.0037724319417650285,
                        -0.8121577572013178,
                        -0.498263170271396,
                        0.0,
                        -0.38743072606734946,
                        0.32282555482890307,
                        1.6293134119024508,
                        -0.4320380817584109
                    ],
                    [
                        -0.17008047651020292,
                        0.2732734222748747,
                        0.8311161662291713,
                        0.0,
                        1.83739121674519,
                        1.0493928744411698,
                        -0.4320380817584109,
                        2.513137433292831
                    ]
                ]
            },
            "est_tgt": [
                2,
                3
            ]
        },
        "4": {
            "intv_type": "do",
            "inode": 4,
            "new_mui": 10.0,
            "true_params": {
                "Si": [
                    [
                        1.0,
                        0.9021584951081731,
                        1.1137408859514573,
                        -0.3462574182400803,
                        0.0,
                        -0.5625890228472489,
                        -0.13456009278329187,
                        0.3168262888412941
                    ],
                    [
                        0.9021584951081731,
                        1.8138899502958437,
                        1.6577287635383395,
                        -0.8429993152052984,
                        0.0,
                        -1.1311477752775843,
                        -0.9870852157861721,
                        0.7713462021687634
                    ],
                    [
                        1.1137408859514573,
                        1.6577287635383395,
                        2.666772861085012,
                        -1.5447545005288577,
                        0.0,
