{
    "expt_args": {
        "save_dir": "expt_logs_30.04.24-noise-shift",
        "exp_name": "231",
        "num_nodes": 6,
        "obs_noise_mean": 0.0,
        "obs_noise_var": 1.0,
        "max_edge_strength": 1.0,
        "graph_sparsity_method": "adj_dense_prop",
        "adj_dense_prop": 0.8,
        "num_parents": null,
        "new_noise_mean": 1.0,
        "mix_samples": 131072,
        "stage2_samples": 131072,
        "gmm_tol": 0.001,
        "intv_targets": [
            0,
            1,
            2,
            3,
            4,
            5
        ]
    },
    "intv_args_dict": {
        "0": {
            "intv_type": "do",
            "inode": 0,
            "new_mui": 1.0,
            "true_params": {
                "Si": [
                    [
                        0.0,
                        0.0,
                        0.0,
                        0.0,
                        0.0,
                        0.0
                    ],
                    [
                        0.0,
                        1.0,
                        0.8121755870491629,
                        -1.2361019256551484,
                        1.408712422768681,
                        -1.0828274336855719
                    ],
                    [
                        0.0,
                        0.8121755870491629,
                        1.6596291841986526,
                        -1.7868099798945394,
                        1.0030814530765229,
                        -1.0895245400669902
                    ],
                    [
                        0.0,
                        -1.2361019256551484,
                        -1.7868099798945394,
                        3.140846204012708,
                        -2.6263291418949657,
                        1.7570863425478827
                    ],
                    [
                        0.0,
                        1.408712422768681,
                        1.0030814530765229,
                        -2.6263291418949657,
                        3.99525281080499,
                        -2.56933728622628
                    ],
                    [
                        0.0,
                        -1.0828274336855719,
                        -1.0895245400669902,
                        1.7570863425478827,
                        -2.56933728622628,
                        2.9546162172004475
                    ]
                ],
                "mui": [
                    1.0,
                    0.7784849339473465,
                    1.3719846073073252,
                    -0.7790947315290857,
                    -0.7655009934045887,
                    0.7786821356934787
                ],
                "Ai": [
                    [
                        0.0,
                        0.0,
                        0.0,
                        0.0,
                        0.0,
                        0.0
                    ],
                    [
                        0.7784849339473465,
                        0.0,
                        0.0,
                        0.0,
                        0.0,
                        0.0
                    ],
                    [
                        0.7397181490697103,
                        0.8121755870491629,
                        0.0,
                        0.0,
                        0.0,
                        0.0
                    ],
                    [
                        0.7623011873274474,
                        -0.6002673860952867,
                        -0.7828781727729686,
                        0.0,
                        0.0,
                        0.0
                    ],
                    [
                        -0.9990113998153866,
                        0.9257351498351258,
                        -0.9203442837144415,
                        -0.9954344429926486,
                        0.0,
                        0.0
                    ],
                    [
                        0.7635301470798894,
                        0.0,
                        -0.7663553641031644,
                        -0.5627174263459029,
                        -0.8205992873909009,
                        0.0
                    ]
                ]
            },
            "est_params": {
                "mui": [
                    1.0000001640724279,
                    0.7836531147190241,
                    1.3897369181290626,
                    -0.8116733384443708,
                    -0.7489834110229724,
                    0.7639222554823999
                ],
                "Si": [
                    [
                        1.0134921904760378e-06,
                        5.052732795715805e-07,
                        7.167650635388596e-07,
                        -8.167275822719914e-07,
                        1.5608416979842808e-06,
                        -1.0858642806994864e-06
                    ],
                    [
                        5.052732795715805e-07,
                        0.9978339433979501,
                        0.8134960728353197,
                        -1.2371810187339491,
                        1.407032185681009,
                        -1.09756033667125
                    ],
                    [
                        7.167650635388595e-07,
                        0.8134960728353197,
                        1.6618036097233968,
                        -1.8008322882294887,
                        1.0208516379586752,
                        -1.113814910142476
                    ],
                    [
                        -8.167275822719919e-07,
                        -1.2371810187339491,
                        -1.8008322882294887,
                        3.155417105372746,
                        -2.63452845273777,
                        1.7775418497856357
                    ],
                    [
                        1.5608416979842808e-06,
                        1.407032185681009,
                        1.0208516379586752,
                        -2.63452845273777,
                        3.984575132923278,
                        -2.581391344918843
                    ],
                    [
                        -1.0858642806994867e-06,
                        -1.09756033667125,
                        -1.113814910142476,
                        1.7775418497856357,
                        -2.5813913449188433,
                        2.9949685550217544
                    ]
                ]
            },
            "est_tgt": [
                0,
                2,
                4
            ]
        },
        "1": {
            "intv_type": "do",
            "inode": 1,
            "new_mui": 1.0,
            "true_params": {
                "Si": [
                    [
                        1.0,
                        0.0,
                        0.7397181490697103,
                        0.18319199441675027,
                        -1.8621623907944718,
                        1.6216469788825658
                    ],
                    [
                        0.0,
                        0.0,
                        0.0,
                        0.0,
                        0.0,
                        0.0
                    ],
                    [
                        0.7397181490697103,
                        0.0,
                        1.5471829400631183,
                        -0.6473677297386213,
                        -1.5185157028547924,
                        0.9894831682230267
                    ],
                    [
                        0.18319199441675027,
                        0.0,
                        -0.6473677297386213,
                        1.6464575402227286,
                        -1.2261502457137727,
                        0.71567401091832
                    ],
                    [
                        -1.8621623907944718,
                        0.0,
                        -1.5185157028547924,
                        -1.2261502457137727,
                        5.478430890431566,
                        -4.063714843899275
                    ],
                    [
                        1.6216469788825658,
                        0.0,
                        0.9894831682230267,
                        0.71567401091832,
                        -4.063714843899275,
                        4.411839890177319
                    ]
                ],
                "mui": [
                    0.0,
                    1.0,
                    0.8121755870491629,
                    -1.2361019256551484,
                    1.408712422768681,
                    -1.0828274336855719
                ],
                "Ai": [
                    [
                        0.0,
                        0.0,
                        0.0,
                        0.0,
                        0.0,
                        0.0
                    ],
                    [
                        0.0,
                        0.0,
                        0.0,
                        0.0,
                        0.0,
                        0.0
                    ],
                    [
                        0.7397181490697103,
                        0.8121755870491629,
                        0.0,
                        0.0,
                        0.0,
                        0.0
                    ],
                    [
                        0.7623011873274474,
                        -0.6002673860952867,
                        -0.7828781727729686,
                        0.0,
                        0.0,
                        0.0
                    ],
                    [
                        -0.9990113998153866,
                        0.9257351498351258,
                        -0.9203442837144415,
                        -0.9954344429926486,
                        0.0,
                        0.0
                    ],
                    [
                        0.7635301470798894,
                        0.0,
                        -0.7663553641031644,
                        -0.5627174263459029,
                        -0.8205992873909009,
                        0.0
                    ]
                ]
            },
            "est_params": {
                "mui": [
                    -0.0049691369009141236,
                    1.0000008142049694,
                    0.8050676228147665,
                    -1.230512283145677,
                    1.4295486489642477,
                    -1.1003742001683128
                ],
                "Si": [
                    [
                        0.98655114522901,
                        3.5569267269667886e-07,
                        0.7337892136452046,
                        0.17159769869067606,
                        -1.83714297627298,
                        1.6038152861857045
                    ],
                    [
                        3.5569267269667886e-07,
                        1.010834130728407e-06,
                        3.463863655534336e-07,
                        -3.069231372360121e-08,
                        -1.040951263185119e-06,
                        1.839219138256673e-06
                    ],
                    [
                        0.7337892136452046,
                        3.4638636555343356e-07,
                        1.5380426632923931,
                        -0.6611025210045434,
                        -1.5037706828612487,
                        0.998473341694526
                    ],
                    [
                        0.171597698690676,
                        -3.0692313723601246e-08,
                        -0.6611025210045436,
                        1.654167874444731,
                        -1.2091064226984505,
                        0.6877540779123391
                    ],
                    [
                        -1.83714297627298,
                        -1.0409512631851186e-06,
                        -1.5037706828612487,
                        -1.2091064226984503,
                        5.438137755516691,
                        -4.028435790859624
                    ],
                    [
                        1.603815286185704,
                        1.839219138256673e-06,
                        0.998473341694526,
                        0.687754077912339,
                        -4.028435790859625,
                        4.375235639647544
                    ]
                ]
            },
            "est_tgt": [
                0,
                1,
                2,
                3,
                4
            ]
        },
        "2": {
            "intv_type": "do",
            "inode": 2,
            "new_mui": 1.0,
            "true_params": {
                "Si": [
                    [
                        1.0,
                        0.7784849339473465,
                        0.0,
                        0.2950020709123118,
                        -0.5719957549835266,
                        1.0669066498995041
                    ],
                    [
                        0.7784849339473465,
                        1.6060387923830044,
                        0.0,
                        -0.3706127184067852,
                        1.0779719034230273,
                        -0.08163602458712871
                    ],
                    [
                        0.0,
                        0.0,
                        0.0,
                        0.0,
                        0.0,
                        0.0
                    ],
                    [
                        0.2950020709123118,
                        -0.3706127184067852,
                        0.0,
                        1.4473471566522207,
                        -2.078538862914752,
                        1.1164430172942905
                    ],
                    [
                        -0.5719957549835266,
                        1.0779719034230273,
                        0.0,
                        -2.078538862914752,
                        4.638395936652044,
                        -3.0733703636858327
                    ],
                    [
                        1.0669066498995041,
                        -0.08163602458712871,
                        0.0,
                        1.1164430172942905,
                        -3.0733703636858327,
                        3.7083789802934914
                    ]
                ],
                "mui": [
                    0.0,
                    0.0,
                    1.0,
                    -0.7828781727729686,
                    -0.14104038586907908,
                    -0.2100785334404724
                ],
                "Ai": [
                    [
                        0.0,
                        0.0,
                        0.0,
                        0.0,
                        0.0,
                        0.0
                    ],
                    [
                        0.7784849339473465,
                        0.0,
                        0.0,
                        0.0,
                        0.0,
                        0.0
                    ],
                    [
                        0.0,
                        0.0,
                        0.0,
                        0.0,
                        0.0,
                        0.0
                    ],
                    [
                        0.7623011873274474,
                        -0.6002673860952867,
                        -0.7828781727729686,
                        0.0,
                        0.0,
                        0.0
                    ],
                    [
                        -0.9990113998153866,
                        0.9257351498351258,
                        -0.9203442837144415,
                        -0.9954344429926486,
                        0.0,
                        0.0
                    ],
                    [
                        0.7635301470798894,
                        0.0,
                        -0.7663553641031644,
                        -0.5627174263459029,
                        -0.8205992873909009,
                        0.0
                    ]
                ]
            },
            "est_params": {
                "mui": [
                    -0.0011313238435520393,
                    -0.0038905978310640483,
                    1.000000415220214,
                    -0.769643011620941,
                    -0.15177384920630504,
                    -0.20144499947845843
                ],
                "Si": [
                    [
                        1.014741190992331,
                        0.7940507684115741,
                        4.530400712760889e-07,
                        0.3032993223769705,
                        -0.5794466459047756,
                        1.0745732046024685
                    ],
                    [
                        0.7940507684115741,
                        1.62976307481505,
                        -5.813952566342678e-07,
                        -0.3810667327418549,
                        1.0817629299216431,
                        -0.0629312552020362
                    ],
                    [
                        4.530400712760891e-07,
                        -5.813952566342681e-07,
                        1.011562330102697e-06,
                        6.500770281897951e-07,
                        -1.3694310960559073e-06,
                        1.4979045978092976e-06
                    ],
                    [
                        0.3032993223769704,
                        -0.3810667327418549,
                        6.50077028189795e-07,
                        1.4812402542173493,
                        -2.1167807042637574,
                        1.1290675878014795
                    ],
                    [
                        -0.5794466459047757,
                        1.0817629299216431,
                        -1.369431096055907e-06,
                        -2.1167807042637574,
                        4.67630251138719,
                        -3.0653991631877635
                    ],
                    [
                        1.0745732046024685,
                        -0.06293125520203618,
                        1.4979045978092971e-06,
                        1.1290675878014795,
                        -3.0653991631877635,
                        3.678662527908578
                    ]
                ]
            },
            "est_tgt": [
                0,
                1,
                2,
                4
            ]
        },
        "3": {
            "intv_type": "do",
            "inode": 3,
            "new_mui": 1.0,
            "true_params": {
                "Si": [
                    [
                        1.0,
                        0.7784849339473465,
                        1.3719846073073252,
                        0.0,
                        -1.5410387235227512,
                        0.9766776621675004
                    ],
                    [
                        0.7784849339473465,
                        1.6060387923830044,
                        1.8802449334455822,
                        0.0,
                        -1.0214214379699043,
                        -0.008361370333630935
                    ],
                    [
                        1.3719846073073252,
                        1.8802449334455822,
                        3.5419709468868876,
                        0.0,
                        -2.8898521519312474,
                        0.7045537909042185
                    ],
                    [
                        0.0,
                        0.0,
                        0.0,
                        0.0,
                        0.0,
                        0.0
                    ],
                    [
                        -1.5410387235227512,
                        -1.0214214379699043,
                        -2.8898521519312474,
                        0.0,
                        4.253608433242102,
                        -2.452483874287943
                    ],
                    [
                        0.9766776621675004,
                        -0.008361370333630935,
                        0.7045537909042185,
                        0.0,
                        -2.452483874287943,
                        3.2182907816640887
                    ]
                ],
                "mui": [
                    0.0,
                    0.0,
                    0.0,
                    1.0,
                    -0.9954344429926486,
                    0.2541353682182229
                ],
                "Ai": [
                    [
                        0.0,
                        0.0,
                        0.0,
                        0.0,
                        0.0,
                        0.0
                    ],
                    [
                        0.7784849339473465,
                        0.0,
                        0.0,
                        0.0,
                        0.0,
                        0.0
                    ],
                    [
                        0.7397181490697103,
                        0.8121755870491629,
                        0.0,
                        0.0,
                        0.0,
                        0.0
                    ],
                    [
                        0.0,
                        0.0,
                        0.0,
                        0.0,
                        0.0,
                        0.0
                    ],
                    [
                        -0.9990113998153866,
                        0.9257351498351258,
                        -0.9203442837144415,
                        -0.9954344429926486,
                        0.0,
                        0.0
                    ],
                    [
                        0.7635301470798894,
                        0.0,
                        -0.7663553641031644,
                        -0.5627174263459029,
                        -0.8205992873909009,
                        0.0
                    ]
                ]
            },
            "est_params": {
                "mui": [
                    0.0040234761905072235,
                    0.004504219454712338,
                    0.013985774771296455,
                    1.0000000944591598,
                    -1.0064949926360247,
                    0.2504687900888258
                ],
                "Si": [
                    [
                        0.9859023559163473,
                        0.7738187394441138,
                        1.3640390931166742,
                        5.343769460252759e-07,
                        -1.5159124157995723,
                        0.9456314315004477
                    ],
                    [
                        0.7738187394441138,
                        1.6045835683916945,
                        1.8920368556220932,
                        4.669497995118832e-07,
                        -1.030162809340473,
                        -0.008385965624475718
                    ],
                    [
                        1.3640390931166742,
                        1.8920368556220932,
                        3.57998677707646,
                        5.95011208576532e-07,
                        -2.894208111242192,
                        0.6633639357130194
                    ],
                    [
                        5.343769460252758e-07,
                        4.669497995118832e-07,
                        5.950112085765324e-07,
                        1.0085161763674365e-06,
                        -1.0405421402774988e-06,
                        -3.435896959224989e-08
                    ],
                    [
                        -1.5159124157995718,
                        -1.030162809340473,
                        -2.894208111242192,
                        -1.0405421402774984e-06,
                        4.205087443380257,
                        -2.365527892953499
                    ],
                    [
                        0.9456314315004477,
                        -0.008385965624475718,
                        0.6633639357130194,
                        -3.435896959224989e-08,
                        -2.365527892953499,
                        3.143612239714578
                    ]
                ]
            },
            "est_tgt": [
                0,
                1,
                3,
                4
            ]
        },
        "4": {
            "intv_type": "do",
            "inode": 4,
            "new_mui": 1.0,
            "true_params": {
                "Si": [
                    [
                        1.0,
                        0.7784849339473465,
                        1.3719846073073252,
                        -0.7790947315290857,
                        0.0,
                        0.15051256600864651
                    ],
                    [
                        0.7784849339473465,
                        1.6060387923830044,
                        1.8802449334455822,
                        -1.8426154362682943,
                        0.0,
                        0.190332741584604
                    ],
                    [
                        1.3719846073073252,
                        1.8802449334455822,
                        3.5419709468868876,
                        -2.855715959186678,
                        0.0,
                        -0.05989569070717543
                    ],
                    [
                        -0.7790947315290857,
                        -1.8426154362682943,
                        -2.855715959186678,
                        3.747834804709086,
                        0.0,
                        -0.5153410269513424
                    ],
                    [
                        0.0,
                        0.0,
                        0.0,
                        0.0,
                        0.0,
                        0.0
                    ],
                    [
                        0.15051256600864651,
                        0.190332741584604,
                        -0.05989569070717543,
                        -0.5153410269513424,
                        0.0,
                        1.4508136418985753
                    ]
                ],
                "mui": [
                    0.0,
                    0.0,
                    0.0,
                    0.0,
                    1.0,
                    -0.8205992873909009
                ],
                "Ai": [
                    [
                        0.0,
                        0.0,
                        0.0,
                        0.0,
                        0.0,
                        0.0
                    ],
                    [
                        0.7784849339473465,
                        0.0,
                        0.0,
                        0.0,
                        0.0,
                        0.0
                    ],
                    [
                        0.7397181490697103,
                        0.8121755870491629,
                        0.0,
                        0.0,
                        0.0,
                        0.0
                    ],
                    [
                        0.7623011873274474,
                        -0.6002673860952867,
                        -0.7828781727729686,
                        0.0,
                        0.0,
                        0.0
                    ],
                    [
                        0.0,
                        0.0,
                        0.0,
                        0.0,
                        0.0,
                        0.0
                    ],
                    [
                        0.7635301470798894,
                        0.0,
                        -0.7663553641031644,
                        -0.5627174263459029,
                        -0.8205992873909009,
                        0.0
                    ]
                ]
            },
            "est_params": {
                "mui": [
                    -0.0007074604339815711,
                    -0.0037843397778903306,
                    -0.004252020841149081,
                    0.001847444190702603,
                    0.9999995994525235,
                    -0.8085312433329186
                ],
                "Si": [
                    [
                        1.0073630774902649,
                        0.7806411926087591,
                        1.3767275938232504,
                        -0.7711931083695229,
                        -6.003240831424878e-07,
                        0.14545009164021547
                    ],
                    [
                        0.7806411926087591,
                        1.6053954213131574,
                        1.886574379592258,
                        -1.8406942807863762,
                        -1.088105514019668e-06,
                        0.17174865543827375
                    ],
                    [
                        1.3767275938232504,
                        1.886574379592258,
                        3.5649853950811288,
                        -2.8770645248751916,
                        -1.592348509668224e-06,
                        -0.07391057588108821
                    ],
                    [
                        -0.7711931083695229,
                        -1.8406942807863762,
                        -2.877064524875192,
                        3.7754674609390304,
                        1.9942973363012568e-06,
                        -0.4990616265396047
                    ],
                    [
                        -6.003240831424879e-07,
                        -1.088105514019668e-06,
                        -1.5923485096682235e-06,
                        1.9942973363012568e-06,
                        1.0087189822055707e-06,
                        8.609989345357494e-08
                    ],
                    [
                        0.14545009164021547,
                        0.17174865543827378,
                        -0.07391057588108822,
                        -0.4990616265396048,
                        8.609989345357497e-08,
                        1.4462341176895748
                    ]
                ]
            },
            "est_tgt": [
                0,
                1,
                3,
                4
            ]
        },
        "5": {
            "intv_type": "do",
            "inode": 5,
            "new_mui": 1.0,
            "true_params": {
                "Si": [
                    [
                        1.0,
                        0.7784849339473465,
                        1.3719846073073252,
                        -0.7790947315290857,
                        -0.7655009934045887,
                        0.0
                    ],
                    [
                        0.7784849339473465,
                        1.6060387923830044,
                        1.8802449334455822,
                        -1.8426154362682943,
                        0.8127814324814816,
                        0.0
                    ],
                    [
                        1.3719846073073252,
                        1.8802449334455822,
                        3.5419709468868876,
                        -2.855715959186678,
                        -0.04717412675303892,
                        0.0
                    ],
                    [
                        -0.7790947315290857,
                        -1.8426154362682943,
                        -2.855715959186678,
                        3.747834804709086,
                        -2.029931350953169,
                        0.0
                    ],
                    [
                        -0.7655009934045887,
                        0.8127814324814816,
                        -0.04717412675303892,
                        -2.029931350953169,
                        4.581244581708402,
                        0.0
                    ],
                    [
                        0.0,
                        0.0,
                        0.0,
                        0.0,
                        0.0,
                        0.0
                    ]
                ],
                "mui": [
                    0.0,
                    0.0,
                    0.0,
                    0.0,
                    0.0,
                    1.0
                ],
                "Ai": [
                    [
                        0.0,
                        0.0,
                        0.0,
                        0.0,
                        0.0,
                        0.0
                    ],
                    [
                        0.7784849339473465,
                        0.0,
                        0.0,
                        0.0,
                        0.0,
                        0.0
                    ],
                    [
                        0.7397181490697103,
                        0.8121755870491629,
                        0.0,
                        0.0,
                        0.0,
                        0.0
                    ],
                    [
                        0.7623011873274474,
                        -0.6002673860952867,
                        -0.7828781727729686,
                        0.0,
                        0.0,
                        0.0
                    ],
                    [
                        -0.9990113998153866,
                        0.9257351498351258,
                        -0.9203442837144415,
                        -0.9954344429926486,
                        0.0,
                        0.0
                    ],
                    [
                        0.0,
                        0.0,
                        0.0,
                        0.0,
                        0.0,
                        0.0
                    ]
                ]
            },
            "est_params": {
                "mui": [
                    -0.0008636015554753325,
                    -0.011894057822597302,
                    -0.010017867154710695,
                    0.022068919981501015,
                    -0.018500418634017367,
                    0.9999996879020905
                ],
                "Si": [
                    [
                        1.0027514490172218,
                        0.7871389634099272,
                        1.3729466077731147,
                        -0.7951605172615731,
                        -0.7407788834857755,
                        2.9695633653382407e-07
                    ],
                    [
                        0.7871389634099272,
                        1.6278678147965506,
                        1.905263909665084,
                        -1.8809625525655174,
                        0.8456939607246166,
                        -1.5757461661175932e-07
                    ],
                    [
                        1.3729466077731145,
                        1.905263909665084,
                        3.57014386158729,
                        -2.9150437281305472,
                        0.02151711276559947,
                        2.3801177806445314e-07
                    ],
                    [
                        -0.7951605172615731,
                        -1.8809625525655178,
                        -2.9150437281305472,
                        3.816735577800302,
                        -2.0789817566006703,
                        -2.7576651285953297e-07
                    ],
                    [
                        -0.7407788834857755,
                        0.8456939607246166,
                        0.021517112765599457,
                        -2.0789817566006703,
                        4.570918048977964,
                        3.9935738852063065e-07
                    ],
                    [
                        2.9695633653382407e-07,
                        -1.5757461661175932e-07,
                        2.3801177806445308e-07,
                        -2.7576651285953297e-07,
                        3.993573885206307e-07,
                        1.0066483989727007e-06
                    ]
                ]
            },
            "est_tgt": [
                5
            ]
        },
        "obs": {
            "intv_type": "obs",
            "true_params": {
                "Si": [
                    [
                        1.0,
                        0.7784849339473465,
                        1.3719846073073252,
                        -0.7790947315290857,
                        -0.7655009934045887,
                        0.7786821356934787
                    ],
                    [
                        0.7784849339473465,
                        1.6060387923830044,
                        1.8802449334455822,
                        -1.8426154362682943,
                        0.8127814324814816,
                        -0.47663512271425545
                    ],
                    [
                        1.3719846073073252,
                        1.8802449334455822,
                        3.5419709468868876,
                        -2.855715959186678,
                        -0.04717412675303892,
                        -0.021184635910343697
                    ],
                    [
                        -0.7790947315290857,
                        -1.8426154362682943,
                        -2.855715959186678,
                        3.747834804709086,
                        -2.029931350953169,
                        1.1504191930932768
                    ],
                    [
                        -0.7655009934045887,
                        0.8127814324814816,
                        -0.04717412675303892,
                        -2.029931350953169,
                        4.581244581708402,
                        -3.1654192346460444
                    ],
                    [
                        0.7786821356934787,
                        -0.47663512271425545,
                        -0.021184635910343697,
                        1.1504191930932768,
                        -3.1654192346460444,
                        3.560962085648604
                    ]
                ],
                "mui": [
                    0.0,
                    0.0,
                    0.0,
                    0.0,
                    0.0,
                    0.0
                ],
                "Ai": [
                    [
                        0.0,
                        0.0,
                        0.0,
                        0.0,
                        0.0,
                        0.0
                    ],
                    [
                        0.7784849339473465,
                        0.0,
                        0.0,
                        0.0,
                        0.0,
                        0.0
                    ],
                    [
                        0.7397181490697103,
                        0.8121755870491629,
                        0.0,
                        0.0,
                        0.0,
                        0.0
                    ],
                    [
                        0.7623011873274474,
                        -0.6002673860952867,
                        -0.7828781727729686,
                        0.0,
                        0.0,
                        0.0
                    ],
                    [
                        -0.9990113998153866,
                        0.9257351498351258,
                        -0.9203442837144415,
