{
    "expt_args": {
        "save_dir": "expt_logs_30.04.24-noise-shift",
        "exp_name": "230",
        "num_nodes": 6,
        "obs_noise_mean": 0.0,
        "obs_noise_var": 1.0,
        "max_edge_strength": 1.0,
        "graph_sparsity_method": "adj_dense_prop",
        "adj_dense_prop": 0.8,
        "num_parents": null,
        "new_noise_mean": 1.0,
        "mix_samples": 65536,
        "stage2_samples": 65536,
        "gmm_tol": 0.001,
        "intv_targets": [
            0,
            1,
            2,
            3,
            4,
            5
        ]
    },
    "intv_args_dict": {
        "0": {
            "intv_type": "do",
            "inode": 0,
            "new_mui": 1.0,
            "true_params": {
                "Si": [
                    [
                        0.0,
                        0.0,
                        0.0,
                        0.0,
                        0.0,
                        0.0
                    ],
                    [
                        0.0,
                        1.0,
                        0.0,
                        -0.9018453284750145,
                        0.28847261888043846,
                        0.9907448498489717
                    ],
                    [
                        0.0,
                        0.0,
                        1.0,
                        0.6542708340153984,
                        0.016691271991029537,
                        0.32010196376538264
                    ],
                    [
                        0.0,
                        -0.9018453284750145,
                        0.6542708340153984,
                        2.241395320735412,
                        -1.200628677273756,
                        -0.859725644152386
                    ],
                    [
                        0.0,
                        0.28847261888043846,
                        0.016691271991029537,
                        -1.200628677273756,
                        1.9886410383523212,
                        -0.11954539843114587
                    ],
                    [
                        0.0,
                        0.9907448498489717,
                        0.32010196376538264,
                        -0.859725644152386,
                        -0.11954539843114587,
                        2.44876495918923
                    ]
                ],
                "mui": [
                    1.0,
                    -0.6746114857174339,
                    0.0,
                    1.3315443630675805,
                    -1.748999432103551,
                    0.3741498875041702
                ],
                "Ai": [
                    [
                        0.0,
                        0.0,
                        0.0,
                        0.0,
                        0.0,
                        0.0
                    ],
                    [
                        -0.6746114857174339,
                        0.0,
                        0.0,
                        0.0,
                        0.0,
                        0.0
                    ],
                    [
                        0.0,
                        -0.0,
                        0.0,
                        0.0,
                        0.0,
                        0.0
                    ],
                    [
                        0.7231491461377237,
                        -0.9018453284750145,
                        0.6542708340153984,
                        0.0,
                        0.0,
                        0.0
                    ],
                    [
                        -0.8663944625776774,
                        -0.5695354565318296,
                        0.6391590515172436,
                        -0.951391605989828,
                        0.0,
                        0.0
                    ],
                    [
                        0.6689325140205513,
                        0.5032413933978362,
                        0.8043457952167443,
                        -0.7253867578803522,
                        -0.5778129069157196,
                        0.0
                    ]
                ]
            },
            "est_params": {
                "mui": [
                    1.00000042470885,
                    -0.6798329558244242,
                    0.010428727178814916,
                    1.3443631093349888,
                    -1.7456494429722376,
                    0.37095782135805905
                ],
                "Si": [
                    [
                        1.0122650258919993e-06,
                        1.0324920594865168e-06,
                        -8.94387361285026e-08,
                        -2.526800531347077e-06,
                        2.24801022536141e-06,
                        2.9071020679061525e-06
                    ],
                    [
                        1.0324920594865168e-06,
                        0.9801633534333521,
                        0.013056514101828339,
                        -0.8747743544068814,
                        0.27916182482376894,
                        0.9852255211963776
                    ],
                    [
                        -8.943873612850254e-08,
                        0.013056514101828339,
                        0.9973444758942227,
                        0.6521573682811027,
                        0.0046337802165067376,
                        0.33089530274057805
                    ],
                    [
                        -2.526800531347077e-06,
                        -0.8747743544068814,
                        0.6521573682811027,
                        2.208366722493527,
                        -1.172660284713951,
                        -0.8570785969166593
                    ],
                    [
                        2.2480102253614095e-06,
                        0.279161824823769,
                        0.004633780216506736,
                        -1.172660284713951,
                        1.9346630011767925,
                        -0.12354947583541315
                    ],
                    [
                        2.907102067906153e-06,
                        0.9852255211963776,
                        0.3308953027405781,
                        -0.8570785969166593,
                        -0.12354947583541315,
                        2.4652408124681977
                    ]
                ]
            },
            "est_tgt": [
                0
            ]
        },
        "1": {
            "intv_type": "do",
            "inode": 1,
            "new_mui": 1.0,
            "true_params": {
                "Si": [
                    [
                        1.0,
                        0.0,
                        0.0,
                        0.7231491461377237,
                        -1.5543924900918191,
                        1.0425177426276808
                    ],
                    [
                        0.0,
                        0.0,
                        0.0,
                        0.0,
                        0.0,
                        0.0
                    ],
                    [
                        0.0,
                        0.0,
                        1.0,
                        0.6542708340153984,
                        0.016691271991029537,
                        0.32010196376538264
                    ],
                    [
                        0.7231491461377237,
                        0.0,
                        0.6542708340153984,
                        1.951015011802924,
                        -2.0645285955162684,
                        0.7876687858092235
                    ],
                    [
                        -1.5543924900918191,
                        0.0,
                        0.016691271991029537,
                        -2.0645285955162684,
                        4.321560599762428,
                        -2.0258299098373285
                    ],
                    [
                        1.0425177426276808,
                        0.0,
                        0.32010196376538264,
                        0.7876687858092235,
                        -2.0258299098373285,
                        2.5540328453804833
                    ]
                ],
                "mui": [
                    0.0,
                    1.0,
                    0.0,
                    -0.9018453284750145,
                    0.28847261888043846,
                    0.9907448498489717
                ],
                "Ai": [
                    [
                        0.0,
                        0.0,
                        0.0,
                        0.0,
                        0.0,
                        0.0
                    ],
                    [
                        0.0,
                        0.0,
                        0.0,
                        0.0,
                        0.0,
                        0.0
                    ],
                    [
                        0.0,
                        -0.0,
                        0.0,
                        0.0,
                        0.0,
                        0.0
                    ],
                    [
                        0.7231491461377237,
                        -0.9018453284750145,
                        0.6542708340153984,
                        0.0,
                        0.0,
                        0.0
                    ],
                    [
                        -0.8663944625776774,
                        -0.5695354565318296,
                        0.6391590515172436,
                        -0.951391605989828,
                        0.0,
                        0.0
                    ],
                    [
                        0.6689325140205513,
                        0.5032413933978362,
                        0.8043457952167443,
                        -0.7253867578803522,
                        -0.5778129069157196,
                        0.0
                    ]
                ]
            },
            "est_params": {
                "mui": [
                    -0.005058400783866598,
                    1.0000002437193156,
                    -0.0005917438335801615,
                    -0.8985454662939046,
                    0.29382467033376336,
                    0.9903167029047151
                ],
                "Si": [
                    [
                        1.0128564249330672,
                        5.164988980106353e-07,
                        0.0013191926626541974,
                        0.7579710861831207,
                        -1.6078534923730858,
                        1.0570354084714289
                    ],
                    [
                        5.164988980106353e-07,
                        1.0144073685708534e-06,
                        9.083288419407439e-07,
                        5.824730261144983e-07,
                        -1.0570086576171554e-06,
                        1.9495843267159225e-07
                    ],
                    [
                        0.0013191926626541974,
                        9.083288419407439e-07,
                        1.0117361111898182,
                        0.6670543679596448,
                        -0.0018052784627087585,
                        0.35437393585955196
                    ],
                    [
                        0.7579710861831207,
                        5.824730261144982e-07,
                        0.6670543679596448,
                        2.01380111204335,
                        -2.1637580866402675,
                        0.8585684439691109
                    ],
                    [
                        -1.6078534923730858,
                        -1.0570086576171552e-06,
                        -0.0018052784627087548,
                        -2.1637580866402675,
                        4.467053444716727,
                        -2.099278700038195
                    ],
                    [
                        1.0570354084714289,
                        1.9495843267159217e-07,
                        0.35437393585955196,
                        0.8585684439691109,
                        -2.0992787000381954,
                        2.570859092067729
                    ]
                ]
            },
            "est_tgt": [
                1
            ]
        },
        "2": {
            "intv_type": "do",
            "inode": 2,
            "new_mui": 1.0,
            "true_params": {
                "Si": [
                    [
                        1.0,
                        -0.6746114857174339,
                        0.0,
                        1.3315443630675805,
                        -1.748999432103551,
                        0.3741498875041702
                    ],
                    [
                        -0.6746114857174339,
                        1.4551006566618836,
                        0.0,
                        -1.8001204495427092,
                        1.4683677242907631,
                        0.7383390383587727
                    ],
                    [
                        0.0,
                        0.0,
                        0.0,
                        0.0,
                        0.0,
                        0.0
                    ],
                    [
                        1.3315443630675805,
                        -1.8001204495427092,
                        0.0,
                        3.5863353873092554,
                        -3.5404196245459874,
                        -0.5709618493065824
                    ],
                    [
                        -1.748999432103551,
                        1.4683677242907631,
                        0.0,
                        -3.5404196245459874,
                        5.047361453290186,
                        -0.7792762481396177
                    ],
                    [
                        0.3741498875041702,
                        0.7383390383587727,
                        0.0,
                        -0.5709618493065824,
                        -0.7792762481396177,
                        2.4862878303021585
                    ]
                ],
                "mui": [
                    0.0,
                    0.0,
                    1.0,
                    0.6542708340153984,
                    0.016691271991029537,
                    0.32010196376538264
                ],
                "Ai": [
                    [
                        0.0,
                        0.0,
                        0.0,
                        0.0,
                        0.0,
                        0.0
                    ],
                    [
                        -0.6746114857174339,
                        0.0,
                        0.0,
                        0.0,
                        0.0,
                        0.0
                    ],
                    [
                        0.0,
                        0.0,
                        0.0,
                        0.0,
                        0.0,
                        0.0
                    ],
                    [
                        0.7231491461377237,
                        -0.9018453284750145,
                        0.6542708340153984,
                        0.0,
                        0.0,
                        0.0
                    ],
                    [
                        -0.8663944625776774,
                        -0.5695354565318296,
                        0.6391590515172436,
                        -0.951391605989828,
                        0.0,
                        0.0
                    ],
                    [
                        0.6689325140205513,
                        0.5032413933978362,
                        0.8043457952167443,
                        -0.7253867578803522,
                        -0.5778129069157196,
                        0.0
                    ]
                ]
            },
            "est_params": {
                "mui": [
                    0.0020517913005283325,
                    0.018866462846247416,
                    0.9999985544305706,
                    0.639896607232687,
                    0.020942696933506557,
                    0.3224948671559375
                ],
                "Si": [
                    [
                        1.011218588643369,
                        -0.680361673525199,
                        -8.711847341694862e-07,
                        1.3448466697603974,
                        -1.7682748345988588,
                        0.3751280216020431
                    ],
                    [
                        -0.680361673525199,
                        1.4437248491692138,
                        7.961172196487137e-07,
                        -1.8041554895640977,
                        1.4854462869539362,
                        0.7435805733178498
                    ],
                    [
                        -8.711847341694856e-07,
                        7.961172196487134e-07,
                        1.0144317747488932e-06,
                        -2.853238015525486e-06,
                        2.3532832448387627e-06,
                        -5.828919895027156e-07
                    ],
                    [
                        1.3448466697603974,
                        -1.8041554895640977,
                        -2.853238015525486e-06,
                        3.608971880862333,
                        -3.5561261737337637,
                        -0.59207315582608
                    ],
                    [
                        -1.7682748345988588,
                        1.4854462869539362,
                        2.353283244838763e-06,
                        -3.5561261737337637,
                        5.042460035456911,
                        -0.7562091133419769
                    ],
                    [
                        0.3751280216020431,
                        0.7435805733178498,
                        -5.828919895027153e-07,
                        -0.5920731558260801,
                        -0.7562091133419769,
                        2.497451546213431
                    ]
                ]
            },
            "est_tgt": [
                2
            ]
        },
        "3": {
            "intv_type": "do",
            "inode": 3,
            "new_mui": 1.0,
            "true_params": {
                "Si": [
                    [
                        1.0,
                        -0.6746114857174339,
                        0.0,
                        0.0,
                        -0.4821793020779828,
                        0.6080495141341975
                    ],
                    [
                        -0.6746114857174339,
                        1.4551006566618836,
                        0.0,
                        0.0,
                        -0.24425176117480624,
                        0.4221291450082294
                    ],
                    [
                        0.0,
                        0.0,
                        1.0,
                        0.0,
                        0.6391590515172436,
                        0.4350314456780716
                    ],
                    [
                        0.0,
                        0.0,
                        0.0,
                        0.0,
                        0.0,
                        0.0
                    ],
                    [
                        -0.4821793020779828,
                        -0.24425176117480624,
                        0.6391590515172436,
                        0.0,
                        1.9653918087357525,
                        -1.0669868680525167
                    ],
                    [
                        0.6080495141341975,
                        0.4221291450082294,
                        0.4350314456780716,
                        0.0,
                        -1.0669868680525167,
                        2.5856114472550846
                    ]
                ],
                "mui": [
                    0.0,
                    0.0,
                    0.0,
                    1.0,
                    -0.951391605989828,
                    -0.17566040840815478
                ],
                "Ai": [
                    [
                        0.0,
                        0.0,
                        0.0,
                        0.0,
                        0.0,
                        0.0
                    ],
                    [
                        -0.6746114857174339,
                        0.0,
                        0.0,
                        0.0,
                        0.0,
                        0.0
                    ],
                    [
                        0.0,
                        -0.0,
                        0.0,
                        0.0,
                        0.0,
                        0.0
                    ],
                    [
                        0.0,
                        0.0,
                        0.0,
                        0.0,
                        0.0,
                        0.0
                    ],
                    [
                        -0.8663944625776774,
                        -0.5695354565318296,
                        0.6391590515172436,
                        -0.951391605989828,
                        0.0,
                        0.0
                    ],
                    [
                        0.6689325140205513,
                        0.5032413933978362,
                        0.8043457952167443,
                        -0.7253867578803522,
                        -0.5778129069157196,
                        0.0
                    ]
                ]
            },
            "est_params": {
                "mui": [
                    0.015864795092314404,
                    0.005732745012211298,
                    -0.012590331591235513,
                    1.0000017033549355,
                    -0.9645185107855772,
                    -0.1808587741293122
                ],
                "Si": [
                    [
                        0.9920509851327984,
                        -0.676811338177734,
                        0.0072957919368331,
                        7.33744591032139e-08,
                        -0.47476253034527666,
                        0.6085059099090976
                    ],
                    [
                        -0.676811338177734,
                        1.4469611001153047,
                        0.0037522814634924754,
                        -2.0754314299171406e-06,
                        -0.22641416044193508,
                        0.38631350762937566
                    ],
                    [
                        0.007295791936833101,
                        0.0037522814634924776,
                        1.0015094219614697,
                        -7.554667934662893e-07,
                        0.6097856334978655,
                        0.4423236496420724
                    ],
                    [
                        7.337445910321385e-08,
                        -2.0754314299171406e-06,
                        -7.554667934662898e-07,
                        1.0131980828338562e-06,
                        5.126702003334936e-07,
                        -2.387532167807233e-06
                    ],
                    [
                        -0.47476253034527677,
                        -0.22641416044193508,
                        0.6097856334978655,
                        5.126702003334937e-07,
                        1.9310495900387852,
                        -1.0596656333088086
                    ],
                    [
                        0.6085059099090976,
                        0.38631350762937566,
                        0.4423236496420724,
                        -2.3875321678072333e-06,
                        -1.0596656333088086,
                        2.5337319611318225
                    ]
                ]
            },
            "est_tgt": [
                3,
                4
            ]
        },
        "4": {
            "intv_type": "do",
            "inode": 4,
            "new_mui": 1.0,
            "true_params": {
                "Si": [
                    [
                        1.0,
                        -0.6746114857174339,
                        0.0,
                        1.3315443630675805,
                        0.0,
                        -0.6364445585535254
                    ],
                    [
                        -0.6746114857174339,
                        1.4551006566618836,
                        0.0,
                        -1.8001204495427092,
                        0.0,
                        1.5867808615524384
                    ],
                    [
                        0.0,
                        0.0,
                        1.0,
                        0.6542708340153984,
                        0.0,
                        0.32974639615464035
                    ],
                    [
                        1.3315443630675805,
                        -1.8001204495427092,
                        0.6542708340153984,
                        4.0144057115524605,
                        0.0,
                        -2.4009185546412914
                    ],
                    [
                        0.0,
                        0.0,
                        0.0,
                        0.0,
                        0.0,
                        0.0
                    ],
                    [
                        -0.6364445585535254,
                        1.5867808615524384,
                        0.32974639615464035,
                        -2.4009185546412914,
                        0.0,
                        3.379620006717646
                    ]
                ],
                "mui": [
                    0.0,
                    0.0,
                    0.0,
                    0.0,
                    1.0,
                    -0.5778129069157196
                ],
                "Ai": [
                    [
                        0.0,
                        0.0,
                        0.0,
                        0.0,
                        0.0,
                        0.0
                    ],
                    [
                        -0.6746114857174339,
                        0.0,
                        0.0,
                        0.0,
                        0.0,
                        0.0
                    ],
                    [
                        0.0,
                        -0.0,
                        0.0,
                        0.0,
                        0.0,
                        0.0
                    ],
                    [
                        0.7231491461377237,
                        -0.9018453284750145,
                        0.6542708340153984,
                        0.0,
                        0.0,
                        0.0
                    ],
                    [
                        0.0,
                        0.0,
                        0.0,
                        0.0,
                        0.0,
                        0.0
                    ],
                    [
                        0.6689325140205513,
                        0.5032413933978362,
                        0.8043457952167443,
                        -0.7253867578803522,
                        -0.5778129069157196,
                        0.0
                    ]
                ]
            },
            "est_params": {
                "mui": [
                    -0.0031736836249071842,
                    0.002967947904381318,
                    -0.014535404451847216,
                    -0.01649903472207302,
                    1.0000011650812335,
                    -0.5932953080511357
                ],
                "Si": [
                    [
                        1.0112716185520674,
                        -0.6842638443280954,
                        -0.0036984610233288754,
                        1.34402812133752,
                        2.3996947778928087e-07,
                        -0.6614399701472045
                    ],
                    [
                        -0.6842638443280952,
                        1.4895500925586318,
                        0.003255242943116452,
                        -1.8398223798901678,
                        -8.47889394787364e-07,
                        1.6373308695132085
                    ],
                    [
                        -0.0036984610233288724,
                        0.003255242943116454,
                        1.0031616853579226,
                        0.6473760133089818,
                        -2.0003357620392995e-08,
                        0.3398455567650974
                    ],
                    [
                        1.34402812133752,
                        -1.8398223798901683,
                        0.6473760133089818,
                        4.0522806506747715,
                        -3.946054163708761e-07,
                        -2.447136681415128
                    ],
                    [
                        2.3996947778928087e-07,
                        -8.478893947873642e-07,
                        -2.000335762039295e-08,
                        -3.9460541637087624e-07,
                        1.0067516396474843e-06,
                        -1.34608826682354e-06
                    ],
                    [
                        -0.6614399701472045,
                        1.6373308695132085,
                        0.3398455567650974,
                        -2.447136681415128,
                        -1.34608826682354e-06,
                        3.433344004012249
                    ]
                ]
            },
            "est_tgt": [
                3,
                4
            ]
        },
        "5": {
            "intv_type": "do",
            "inode": 5,
            "new_mui": 1.0,
            "true_params": {
                "Si": [
                    [
                        1.0,
                        -0.6746114857174339,
                        0.0,
                        1.3315443630675805,
                        -1.748999432103551,
                        0.0
                    ],
                    [
                        -0.6746114857174339,
                        1.4551006566618836,
                        0.0,
                        -1.8001204495427092,
                        1.4683677242907631,
                        0.0
                    ],
                    [
                        0.0,
                        0.0,
                        1.0,
                        0.6542708340153984,
                        0.016691271991029537,
                        0.0
                    ],
                    [
                        1.3315443630675805,
                        -1.8001204495427092,
                        0.6542708340153984,
                        4.0144057115524605,
                        -3.529499012099639,
                        0.0
                    ],
                    [
                        -1.748999432103551,
                        1.4683677242907631,
                        0.016691271991029537,
                        -3.529499012099639,
                        5.047640051850865,
                        0.0
                    ],
                    [
                        0.0,
                        0.0,
                        0.0,
                        0.0,
                        0.0,
                        0.0
                    ]
                ],
                "mui": [
                    0.0,
                    0.0,
                    0.0,
                    0.0,
                    0.0,
                    1.0
                ],
                "Ai": [
                    [
                        0.0,
                        0.0,
                        0.0,
                        0.0,
                        0.0,
                        0.0
                    ],
                    [
                        -0.6746114857174339,
                        0.0,
                        0.0,
                        0.0,
                        0.0,
                        0.0
                    ],
                    [
                        0.0,
                        -0.0,
                        0.0,
                        0.0,
                        0.0,
                        0.0
                    ],
                    [
                        0.7231491461377237,
                        -0.9018453284750145,
                        0.6542708340153984,
                        0.0,
                        0.0,
                        0.0
                    ],
                    [
                        -0.8663944625776774,
                        -0.5695354565318296,
                        0.6391590515172436,
                        -0.951391605989828,
                        0.0,
                        0.0
                    ],
                    [
                        0.0,
                        0.0,
                        0.0,
                        0.0,
                        0.0,
                        0.0
                    ]
                ]
            },
            "est_params": {
                "mui": [
                    -0.0009721012800609705,
                    0.005952462354536237,
                    -0.019397324476982267,
                    -0.03604354171281335,
                    0.0024317091682414015,
                    1.000000476436263
                ],
                "Si": [
                    [
                        1.0362746947506827,
                        -0.704230659930885,
                        -0.005109828407674106,
                        1.3970822061037445,
                        -1.8424257778752537,
                        1.1787052491155248e-06
                    ],
                    [
                        -0.704230659930885,
                        1.4630785148747718,
                        0.02279790317871554,
                        -1.8242793274942235,
                        1.530368317739621,
                        -1.1501177154120879e-06
                    ],
                    [
                        -0.005109828407674104,
                        0.022797903178715526,
                        1.020912941118878,
                        0.6545058798159987,
                        0.03907165440877356,
                        3.348279344717141e-08
                    ],
                    [
                        1.3970822061037445,
                        -1.8242793274942235,
                        0.6545058798159987,
                        4.1252651726363085,
                        -3.6858536506935904,
                        3.2296161748239826e-06
                    ],
                    [
                        -1.8424257778752537,
                        1.530368317739621,
                        0.039071654408773554,
                        -3.6858536506935904,
                        5.289669245885361,
                        -3.436392192626285e-06
                    ],
                    [
                        1.1787052491155248e-06,
                        -1.1501177154120885e-06,
                        3.348279344717132e-08,
                        3.2296161748239835e-06,
                        -3.436392192626285e-06,
                        1.0094884455212346e-06
                    ]
                ]
            },
            "est_tgt": [
                4,
                5
            ]
        },
        "obs": {
            "intv_type": "obs",
            "true_params": {
                "Si": [
                    [
                        1.0,
                        -0.6746114857174339,
                        0.0,
                        1.3315443630675805,
                        -1.748999432103551,
                        0.3741498875041702
                    ],
                    [
                        -0.6746114857174339,
                        1.4551006566618836,
                        0.0,
                        -1.8001204495427092,
                        1.4683677242907631,
                        0.7383390383587727
                    ],
                    [
                        0.0,
                        0.0,
                        1.0,
                        0.6542708340153984,
                        0.016691271991029537,
                        0.32010196376538264
                    ],
                    [
                        1.3315443630675805,
                        -1.8001204495427092,
                        0.6542708340153984,
                        4.0144057115524605,
                        -3.529499012099639,
                        -0.36152847050383863
                    ],
                    [
                        -1.748999432103551,
                        1.4683677242907631,
                        0.016691271991029537,
                        -3.529499012099639,
                        5.047640051850865,
                        -0.773933339197547
                    ],
                    [
                        0.3741498875041702,
                        0.7383390383587727,
                        0.32010196376538264,
                        -0.36152847050383863,
                        -0.773933339197547,
                        2.588753097508613
                    ]
                ],
                "mui": [
                    0.0,
                    0.0,
                    0.0,
                    0.0,
                    0.0,
                    0.0
                ],
                "Ai": [
                    [
                        0.0,
                        0.0,
                        0.0,
                        0.0,
                        0.0,
                        0.0
                    ],
                    [
                        -0.6746114857174339,
                        0.0,
                        0.0,
                        0.0,
                        0.0,
                        0.0
                    ],
                    [
                        0.0,
                        -0.0,
                        0.0,
                        0.0,
                        0.0,
                        0.0
                    ],
                    [
                        0.7231491461377237,
                        -0.9018453284750145,
                        0.6542708340153984,
                        0.0,
                        0.0,
                        0.0
                    ],
                    [
                        -0.8663944625776774,
                        -0.5695354565318296,
                        0.6391590515172436,
                        -0.951391605989828,
                        0.0,
                        0.0
                    ],
                    [
                        0.6689325140205513,
                        0.5032413933978362,
                        0.8043457952167443,
                        -0.7253867578803522,
                        -0.5778129069157196,
                        0.0
                    ]
                ]
            },
            "est_params": {
                "mui": [
                    0.013925236161265502,
                    -0.014067410121252505,
                    -0.009848881530418274,
                    0.008123733614852698,
                    -0.013082860990472194,
