{
    "expt_args": {
        "save_dir": "expt_logs_30.04.24-noise-shift",
        "exp_name": "290",
        "num_nodes": 6,
        "obs_noise_mean": 0.0,
        "obs_noise_var": 1.0,
        "max_edge_strength": 1.0,
        "graph_sparsity_method": "adj_dense_prop",
        "adj_dense_prop": 0.8,
        "num_parents": null,
        "new_noise_mean": 1.0,
        "mix_samples": 4096,
        "stage2_samples": 4096,
        "gmm_tol": 0.001,
        "intv_targets": [
            0,
            1,
            2,
            3,
            4,
            5
        ]
    },
    "intv_args_dict": {
        "0": {
            "intv_type": "do",
            "inode": 0,
            "new_mui": 1.0,
            "true_params": {
                "Si": [
                    [
                        0.0,
                        0.0,
                        0.0,
                        0.0,
                        0.0,
                        0.0
                    ],
                    [
                        0.0,
                        1.0,
                        -0.8138736468211912,
                        1.1180133515227864,
                        -0.027387002807890946,
                        1.170055175382489
                    ],
                    [
                        0.0,
                        -0.8138736468211912,
                        1.6623903129900253,
                        -1.5435846245324045,
                        -0.3206345844847888,
                        -1.3020787333561523
                    ],
                    [
                        0.0,
                        1.1180133515227864,
                        -1.5435846245324045,
                        2.651482678282127,
                        -0.32218361305089205,
                        1.8923585662487485
                    ],
                    [
                        0.0,
                        -0.027387002807890946,
                        -0.3206345844847888,
                        -0.32218361305089205,
                        1.3772884956792848,
                        -0.8090847847789682
                    ],
                    [
                        0.0,
                        1.170055175382489,
                        -1.3020787333561523,
                        1.8923585662487485,
                        -0.8090847847789682,
                        3.1304999848899535
                    ]
                ],
                "mui": [
                    1.0,
                    0.0,
                    0.0,
                    -0.6228396290801631,
                    -0.4451727145840013,
                    0.9215262907786401
                ],
                "Ai": [
                    [
                        0.0,
                        0.0,
                        0.0,
                        0.0,
                        0.0,
                        0.0
                    ],
                    [
                        -0.0,
                        0.0,
                        0.0,
                        0.0,
                        0.0,
                        0.0
                    ],
                    [
                        -0.0,
                        -0.8138736468211912,
                        0.0,
                        0.0,
                        0.0,
                        0.0
                    ],
                    [
                        -0.6228396290801631,
                        0.6022917178196847,
                        -0.6336630209337719,
                        0.0,
                        0.0,
                        0.0
                    ],
                    [
                        -0.7621127116034073,
                        0.0,
                        -0.6653717642191085,
                        -0.5088629275042709,
                        0.0,
                        0.0
                    ],
                    [
                        0.6043406920905274,
                        0.6669909970250645,
                        -0.5941351440884148,
                        -0.0,
                        -0.7125000888352104,
                        0.0
                    ]
                ]
            },
            "est_params": {
                "mui": [
                    0.9999958874777364,
                    0.013487491625394907,
                    -0.03334484859717799,
                    -0.6188695844647925,
                    -0.4357052930168813,
                    1.0064861662330635
                ],
                "Si": [
                    [
                        1.0191866796577596e-06,
                        -6.745488903364593e-06,
                        1.876763580678611e-05,
                        -1.5456877633353194e-05,
                        -6.6606238868040586e-06,
                        -3.1532680239636432e-06
                    ],
                    [
                        -6.7454889033645945e-06,
                        0.993919977964682,
                        -0.8091434846438341,
                        1.092496482476545,
                        0.002594877243135369,
                        1.097767805419764
                    ],
                    [
                        1.8767635806786115e-05,
                        -0.8091434846438342,
                        1.5954675392955129,
                        -1.445316402541867,
                        -0.3230507189522875,
                        -1.2054978123716846
                    ],
                    [
                        -1.5456877633353194e-05,
                        1.092496482476545,
                        -1.445316402541867,
                        2.475930106703914,
                        -0.31938803895791423,
                        1.7751544043477303
                    ],
                    [
                        -6.6606238868040586e-06,
                        0.0025948772431353645,
                        -0.3230507189522875,
                        -0.31938803895791423,
                        1.4127149417966487,
                        -0.7680446999233457
                    ],
                    [
                        -3.153268023963644e-06,
                        1.097767805419764,
                        -1.2054978123716846,
                        1.7751544043477308,
                        -0.7680446999233458,
                        2.9276739297967924
                    ]
                ]
            },
            "est_tgt": [
                0
            ]
        },
        "1": {
            "intv_type": "do",
            "inode": 1,
            "new_mui": 1.0,
            "true_params": {
                "Si": [
                    [
                        1.0,
                        0.0,
                        0.0,
                        -0.6228396290801631,
                        -0.4451727145840013,
                        0.9215262907786401
                    ],
                    [
                        0.0,
                        0.0,
                        0.0,
                        0.0,
                        0.0,
                        0.0
                    ],
                    [
                        0.0,
                        0.0,
                        1.0,
                        -0.6336630209337719,
                        -0.34292414433554924,
                        -0.3498016607855975
                    ],
                    [
                        -0.6228396290801631,
                        0.0,
                        -0.6336630209337719,
                        1.789458027651629,
                        -0.014293369825369218,
                        0.010258165016603704
                    ],
                    [
                        -0.4451727145840013,
                        0.0,
                        -0.34292414433554924,
                        -0.014293369825369218,
                        1.574717193566574,
                        -1.1872788408318335
                    ],
                    [
                        0.9215262907786401,
                        0.0,
                        -0.3498016607855975,
                        0.010258165016603704,
                        -1.1872788408318335,
                        2.6106815760468445
                    ]
                ],
                "mui": [
                    0.0,
                    1.0,
                    -0.8138736468211912,
                    1.1180133515227864,
                    -0.027387002807890946,
                    1.170055175382489
                ],
                "Ai": [
                    [
                        0.0,
                        0.0,
                        0.0,
                        0.0,
                        0.0,
                        0.0
                    ],
                    [
                        0.0,
                        0.0,
                        0.0,
                        0.0,
                        0.0,
                        0.0
                    ],
                    [
                        -0.0,
                        -0.8138736468211912,
                        0.0,
                        0.0,
                        0.0,
                        0.0
                    ],
                    [
                        -0.6228396290801631,
                        0.6022917178196847,
                        -0.6336630209337719,
                        0.0,
                        0.0,
                        0.0
                    ],
                    [
                        -0.7621127116034073,
                        0.0,
                        -0.6653717642191085,
                        -0.5088629275042709,
                        0.0,
                        0.0
                    ],
                    [
                        0.6043406920905274,
                        0.6669909970250645,
                        -0.5941351440884148,
                        -0.0,
                        -0.7125000888352104,
                        0.0
                    ]
                ]
            },
            "est_params": {
                "mui": [
                    0.024874782670708764,
                    0.9999995149694171,
                    -0.8218633019391121,
                    1.0515369053405228,
                    -0.026160893646759997,
                    1.2576649887788403
                ],
                "Si": [
                    [
                        1.0475061022709689,
                        -9.49338610354957e-07,
                        -0.015335727533337194,
                        -0.7111646689848017,
                        -0.503059815231898,
                        0.9626339759068513
                    ],
                    [
                        -9.49338610354957e-07,
                        1.0018101256006593e-06,
                        6.302810979903893e-07,
                        4.991983758312464e-07,
                        1.1442627688051338e-07,
                        -1.3097739546686267e-06
                    ],
                    [
                        -0.015335727533337194,
                        6.302810979903893e-07,
                        1.0493355924359606,
                        -0.667356894939529,
                        -0.3802371524476062,
                        -0.3982802022579065
                    ],
                    [
                        -0.7111646689848017,
                        4.991983758312464e-07,
                        -0.667356894939529,
                        1.8858734609040053,
                        0.1366234783268357,
                        -0.04165042920067381
                    ],
                    [
                        -0.503059815231898,
                        1.1442627688051342e-07,
                        -0.3802371524476062,
                        0.13662347832683572,
                        1.728307426040803,
                        -1.2453802391543547
                    ],
                    [
                        0.9626339759068513,
                        -1.309773954668627e-06,
                        -0.3982802022579065,
                        -0.04165042920067381,
                        -1.245380239154355,
                        2.506342863722494
                    ]
                ]
            },
            "est_tgt": [
                1,
                2,
                3,
                4,
                5
            ]
        },
        "2": {
            "intv_type": "do",
            "inode": 2,
            "new_mui": 1.0,
            "true_params": {
                "Si": [
                    [
                        1.0,
                        0.0,
                        0.0,
                        -0.6228396290801631,
                        -0.4451727145840013,
                        0.9215262907786401
                    ],
                    [
                        0.0,
                        1.0,
                        0.0,
                        0.6022917178196847,
                        -0.306483926741301,
                        0.8853608220548056
                    ],
                    [
                        0.0,
                        0.0,
                        0.0,
                        0.0,
                        0.0,
                        0.0
                    ],
                    [
                        -0.6228396290801631,
                        0.6022917178196847,
                        0.0,
                        1.7506845169069019,
                        -0.41618444979730274,
                        0.32184727832118853
                    ],
                    [
                        -0.4451727145840013,
                        -0.306483926741301,
                        0.0,
                        -0.41618444979730274,
                        1.5510526221490726,
                        -1.5785831373701518
                    ],
                    [
                        0.9215262907786401,
                        0.8853608220548056,
                        0.0,
                        0.32184727832118853,
                        -1.5785831373701518,
                        3.272184159388044
                    ]
                ],
                "mui": [
                    0.0,
                    0.0,
                    1.0,
                    -0.6336630209337719,
                    -0.34292414433554924,
                    -0.3498016607855975
                ],
                "Ai": [
                    [
                        0.0,
                        0.0,
                        0.0,
                        0.0,
                        0.0,
                        0.0
                    ],
                    [
                        -0.0,
                        0.0,
                        0.0,
                        0.0,
                        0.0,
                        0.0
                    ],
                    [
                        0.0,
                        0.0,
                        0.0,
                        0.0,
                        0.0,
                        0.0
                    ],
                    [
                        -0.6228396290801631,
                        0.6022917178196847,
                        -0.6336630209337719,
                        0.0,
                        0.0,
                        0.0
                    ],
                    [
                        -0.7621127116034073,
                        0.0,
                        -0.6653717642191085,
                        -0.5088629275042709,
                        0.0,
                        0.0
                    ],
                    [
                        0.6043406920905274,
                        0.6669909970250645,
                        -0.5941351440884148,
                        -0.0,
                        -0.7125000888352104,
                        0.0
                    ]
                ]
            },
            "est_params": {
                "mui": [
                    -0.024020848525395707,
                    -0.04498126098002794,
                    1.0000013033988384,
                    -0.6302859094264657,
                    -0.2766784001824876,
                    -0.35592995300921654
                ],
                "Si": [
                    [
                        0.9231184227527696,
                        0.055039982095528954,
                        -8.355962701835103e-07,
                        -0.5470341107103682,
                        -0.4273890130477447,
                        0.9012574806931261
                    ],
                    [
                        0.05503998209552893,
                        1.0747657951897143,
                        -1.4829400444160002e-07,
                        0.6608512579957682,
                        -0.3940796855142871,
                        1.0220940481819132
                    ],
                    [
                        -8.355962701835105e-07,
                        -1.4829400444160005e-07,
                        1.000835032274587e-06,
                        1.0938863754096402e-06,
                        -1.51249424283313e-07,
                        2.5299074536590843e-07
                    ],
                    [
                        -0.5470341107103682,
                        0.660851257995768,
                        1.0938863754096402e-06,
                        1.8211466758358292,
                        -0.5367569984212675,
                        0.5027226949416005
                    ],
                    [
                        -0.4273890130477446,
                        -0.3940796855142871,
                        -1.51249424283313e-07,
                        -0.5367569984212676,
                        1.609295585320783,
                        -1.7241076611260386
                    ],
                    [
                        0.9012574806931261,
                        1.0220940481819132,
                        2.5299074536590843e-07,
                        0.5027226949416006,
                        -1.7241076611260386,
                        3.459056904730092
                    ]
                ]
            },
            "est_tgt": [
                1,
                2,
                3,
                5
            ]
        },
        "3": {
            "intv_type": "do",
            "inode": 3,
            "new_mui": 1.0,
            "true_params": {
                "Si": [
                    [
                        1.0,
                        0.0,
                        0.0,
                        0.0,
                        -0.7621127116034073,
                        1.1473460668103983
                    ],
                    [
                        0.0,
                        1.0,
                        -0.8138736468211912,
                        0.0,
                        0.5415285442368556,
                        0.7647027975733749
                    ],
                    [
                        0.0,
                        -0.8138736468211912,
                        1.6623903129900253,
                        0.0,
                        -1.106107575374929,
                        -0.7424291575692692
                    ],
                    [
                        0.0,
                        0.0,
                        0.0,
                        0.0,
                        0.0,
                        0.0
                    ],
                    [
                        -0.7621127116034073,
                        0.5415285442368556,
                        -1.106107575374929,
                        0.0,
                        2.3167885340308354,
                        -1.0929157125800162
                    ],
                    [
                        1.1473460668103983,
                        0.7647027975733749,
                        -0.7424291575692692,
                        0.0,
                        -1.0929157125800162,
                        3.4232435942753794
                    ]
                ],
                "mui": [
                    0.0,
                    0.0,
                    0.0,
                    1.0,
                    -0.5088629275042709,
                    0.36256488105173823
                ],
                "Ai": [
                    [
                        0.0,
                        0.0,
                        0.0,
                        0.0,
                        0.0,
                        0.0
                    ],
                    [
                        -0.0,
                        0.0,
                        0.0,
                        0.0,
                        0.0,
                        0.0
                    ],
                    [
                        -0.0,
                        -0.8138736468211912,
                        0.0,
                        0.0,
                        0.0,
                        0.0
                    ],
                    [
                        0.0,
                        0.0,
                        0.0,
                        0.0,
                        0.0,
                        0.0
                    ],
                    [
                        -0.7621127116034073,
                        0.0,
                        -0.6653717642191085,
                        -0.5088629275042709,
                        0.0,
                        0.0
                    ],
                    [
                        0.6043406920905274,
                        0.6669909970250645,
                        -0.5941351440884148,
                        -0.0,
                        -0.7125000888352104,
                        0.0
                    ]
                ]
            },
            "est_params": {
                "mui": [
                    0.019812082633200823,
                    -0.037829852962387084,
                    -0.012893054217988602,
                    0.9999994505631555,
                    -0.5206400240139931,
                    0.3296369587702054
                ],
                "Si": [
                    [
                        0.9910444081151774,
                        -0.03253296431762677,
                        0.04878488126376373,
                        -2.9049909678089346e-07,
                        -0.8021889181713754,
                        1.0755897755007953
                    ],
                    [
                        -0.03253296431762677,
                        1.0025118577337897,
                        -0.8455618111107212,
                        1.0016447424666299e-07,
                        0.5758775033875242,
                        0.7469235892805184
                    ],
                    [
                        0.048784881263763735,
                        -0.8455618111107212,
                        1.648997092854513,
                        -3.627181907069513e-07,
                        -1.2247618241101452,
                        -0.6626965880022774
                    ],
                    [
                        -2.9049909678089346e-07,
                        1.0016447424666294e-07,
                        -3.627181907069513e-07,
                        1.0006678338527791e-06,
                        -8.398522017321015e-07,
                        1.0526471256977439e-06
                    ],
                    [
                        -0.8021889181713754,
                        0.5758775033875242,
                        -1.2247618241101452,
                        -8.398522017321015e-07,
                        2.556178857788981,
                        -1.1163480428714758
                    ],
                    [
                        1.0755897755007953,
                        0.7469235892805184,
                        -0.6626965880022774,
                        1.0526471256977439e-06,
                        -1.1163480428714758,
                        3.328023678066579
                    ]
                ]
            },
            "est_tgt": [
                1,
                3,
                4,
                5
            ]
        },
        "4": {
            "intv_type": "do",
            "inode": 4,
            "new_mui": 1.0,
            "true_params": {
                "Si": [
                    [
                        1.0,
                        0.0,
                        0.0,
                        -0.6228396290801631,
                        0.0,
                        0.6043406920905274
                    ],
                    [
                        0.0,
                        1.0,
                        -0.8138736468211912,
                        1.1180133515227864,
                        0.0,
                        1.1505419334489366
                    ],
                    [
                        0.0,
                        -0.8138736468211912,
                        1.6623903129900253,
                        -1.5435846245324045,
                        0.0,
                        -1.530530903285205
                    ],
                    [
                        -0.6228396290801631,
                        1.1180133515227864,
                        -1.5435846245324045,
                        3.0394118818348423,
                        0.0,
                        1.286395380829026
                    ],
                    [
                        0.0,
                        0.0,
                        0.0,
                        0.0,
                        0.0,
                        0.0
                    ],
                    [
                        0.6043406920905274,
                        1.1505419334489366,
                        -1.530530903285205,
                        1.286395380829026,
                        0.0,
                        3.0419709821818364
                    ]
                ],
                "mui": [
                    0.0,
                    0.0,
                    0.0,
                    0.0,
                    1.0,
                    -0.7125000888352104
                ],
                "Ai": [
                    [
                        0.0,
                        0.0,
                        0.0,
                        0.0,
                        0.0,
                        0.0
                    ],
                    [
                        -0.0,
                        0.0,
                        0.0,
                        0.0,
                        0.0,
                        0.0
                    ],
                    [
                        -0.0,
                        -0.8138736468211912,
                        0.0,
                        0.0,
                        0.0,
                        0.0
                    ],
                    [
                        -0.6228396290801631,
                        0.6022917178196847,
                        -0.6336630209337719,
                        0.0,
                        0.0,
                        0.0
                    ],
                    [
                        0.0,
                        0.0,
                        0.0,
                        0.0,
                        0.0,
                        0.0
                    ],
                    [
                        0.6043406920905274,
                        0.6669909970250645,
                        -0.5941351440884148,
                        -0.0,
                        -0.7125000888352104,
                        0.0
                    ]
                ]
            },
            "est_params": {
                "mui": [
                    0.02040271071264134,
                    0.05395426669223064,
                    -0.0457357582981931,
                    0.05773098506910228,
                    1.0000040654826188,
                    -0.6913052107353137
                ],
                "Si": [
                    [
                        0.8949337973162725,
                        -0.02601299290937875,
                        0.03151386748732948,
                        -0.6125531653846246,
                        -1.459102316253e-06,
                        0.510696941259585
                    ],
                    [
                        -0.026012992909378765,
                        1.003332226161256,
                        -0.7813039348492822,
                        1.1584761032408974,
                        1.2817809613658539e-06,
                        1.119654930289608
                    ],
                    [
                        0.03151386748732949,
                        -0.7813039348492822,
                        1.6573788274241785,
                        -1.599227538063934,
                        1.123905849483324e-06,
                        -1.4413512119777312
                    ],
                    [
                        -0.6125531653846247,
                        1.1584761032408974,
                        -1.599227538063934,
                        3.1334799384692933,
                        7.837910667099623e-06,
                        1.3491520836037705
                    ],
                    [
                        -1.4591023162529997e-06,
                        1.2817809613658539e-06,
                        1.123905849483324e-06,
                        7.837910667099621e-06,
                        1.0106209320866883e-06,
                        8.377502375813063e-06
                    ],
                    [
                        0.510696941259585,
                        1.119654930289608,
                        -1.4413512119777312,
                        1.3491520836037707,
                        8.377502375813063e-06,
                        2.946703735417986
                    ]
                ]
            },
            "est_tgt": [
                3,
                4,
                5
            ]
        },
        "5": {
            "intv_type": "do",
            "inode": 5,
            "new_mui": 1.0,
            "true_params": {
                "Si": [
                    [
                        1.0,
                        0.0,
                        0.0,
                        -0.6228396290801631,
                        -0.4451727145840013,
                        0.0
                    ],
                    [
                        0.0,
                        1.0,
                        -0.8138736468211912,
                        1.1180133515227864,
                        -0.027387002807890946,
                        0.0
                    ],
                    [
                        0.0,
                        -0.8138736468211912,
                        1.6623903129900253,
                        -1.5435846245324045,
                        -0.3206345844847888,
                        0.0
                    ],
                    [
                        -0.6228396290801631,
                        1.1180133515227864,
                        -1.5435846245324045,
                        3.0394118818348423,
                        -0.04491240462278334,
                        0.0
                    ],
                    [
                        -0.4451727145840013,
                        -0.027387002807890946,
                        -0.3206345844847888,
                        -0.04491240462278334,
                        1.5754672414893736,
                        0.0
                    ],
                    [
                        0.0,
                        0.0,
                        0.0,
                        0.0,
                        0.0,
                        0.0
                    ]
                ],
                "mui": [
                    0.0,
                    0.0,
                    0.0,
                    0.0,
                    0.0,
                    1.0
                ],
                "Ai": [
                    [
                        0.0,
                        0.0,
                        0.0,
                        0.0,
                        0.0,
                        0.0
                    ],
                    [
                        -0.0,
                        0.0,
                        0.0,
                        0.0,
                        0.0,
                        0.0
                    ],
                    [
                        -0.0,
                        -0.8138736468211912,
                        0.0,
                        0.0,
                        0.0,
                        0.0
                    ],
                    [
                        -0.6228396290801631,
                        0.6022917178196847,
                        -0.6336630209337719,
                        0.0,
                        0.0,
                        0.0
                    ],
                    [
                        -0.7621127116034073,
                        0.0,
                        -0.6653717642191085,
                        -0.5088629275042709,
                        0.0,
                        0.0
                    ],
                    [
                        0.0,
                        0.0,
                        0.0,
                        0.0,
                        0.0,
                        0.0
                    ]
                ]
            },
            "est_params": {
                "mui": [
                    0.0010868659219698674,
                    -0.006101203574554721,
                    0.026905246399902497,
                    -0.09333310367886362,
                    0.004890293695114992,
                    0.9999982185478143
                ],
                "Si": [
                    [
                        1.0234896078105287,
                        -0.007167280211569515,
                        -0.0029037803665746187,
                        -0.6152201049590802,
                        -0.40393879701649393,
                        -9.130773564076336e-07
                    ],
                    [
                        -0.007167280211569515,
                        1.0301506742683264,
                        -0.7665385193439561,
                        1.1644192432667437,
                        -0.028158780786908998,
                        8.922004850160052e-07
                    ],
                    [
                        -0.0029037803665746035,
                        -0.7665385193439561,
                        1.6132694413735522,
                        -1.5653736230127733,
                        -0.3622345391026938,
                        7.586817109496461e-08
                    ],
                    [
                        -0.6152201049590801,
                        1.1644192432667437,
                        -1.5653736230127733,
                        3.1105322939203655,
                        0.038764768787253795,
                        1.1304194438317816e-06
                    ],
                    [
                        -0.40393879701649393,
                        -0.02815878078690899,
                        -0.3622345391026938,
                        0.03876476878725382,
                        1.4728598492288656,
                        5.46183973779738e-07
                    ],
                    [
                        -9.130773564076336e-07,
                        8.922004850160054e-07,
                        7.586817109496457e-08,
                        1.1304194438317816e-06,
                        5.461839737797379e-07,
                        1.0020639366565388e-06
                    ]
                ]
            },
            "est_tgt": [
                1,
                4,
                5
            ]
        },
        "obs": {
            "intv_type": "obs",
            "true_params": {
                "Si": [
                    [
                        1.0,
                        0.0,
                        0.0,
                        -0.6228396290801631,
                        -0.4451727145840013,
                        0.9215262907786401
                    ],
                    [
                        0.0,
                        1.0,
                        -0.8138736468211912,
                        1.1180133515227864,
                        -0.027387002807890946,
                        1.170055175382489
                    ],
                    [
                        0.0,
                        -0.8138736468211912,
                        1.6623903129900253,
                        -1.5435846245324045,
                        -0.3206345844847888,
                        -1.3020787333561523
                    ],
                    [
                        -0.6228396290801631,
                        1.1180133515227864,
                        -1.5435846245324045,
                        3.0394118818348423,
                        -0.04491240462278334,
                        1.3183954731125618
                    ],
                    [
                        -0.4451727145840013,
                        -0.027387002807890946,
                        -0.3206345844847888,
                        -0.04491240462278334,
                        1.5754672414893736,
                        -1.2193231452054212
                    ],
                    [
                        0.9215262907786401,
                        1.170055175382489,
                        -1.3020787333561523,
                        1.3183954731125618,
                        -1.2193231452054212,
                        3.979710689486192
                    ]
                ],
                "mui": [
                    0.0,
                    0.0,
                    0.0,
                    0.0,
                    0.0,
                    0.0
                ],
                "Ai": [
                    [
                        0.0,
                        0.0,
                        0.0,
                        0.0,
                        0.0,
                        0.0
                    ],
                    [
                        -0.0,
                        0.0,
                        0.0,
                        0.0,
                        0.0,
                        0.0
                    ],
                    [
                        -0.0,
                        -0.8138736468211912,
                        0.0,
                        0.0,
                        0.0,
                        0.0
                    ],
                    [
                        -0.6228396290801631,
                        0.6022917178196847,
                        -0.6336630209337719,
                        0.0,
                        0.0,
                        0.0
                    ],
                    [
                        -0.7621127116034073,
                        0.0,
                        -0.6653717642191085,
                        -0.5088629275042709,
                        0.0,
                        0.0
                    ],
                    [
                        0.6043406920905274,
                        0.6669909970250645,
                        -0.5941351440884148,
                        -0.0,
                        -0.7125000888352104,
                        0.0
                    ]
                ]
            },
            "est_params": {
                "mui": [
                    0.06133538857692312,
                    -0.028126184745004213,
                    -0.017238324979883583,
