{
    "expt_args": {
        "save_dir": "expt_logs_30.04.24-noise-shift",
        "exp_name": "16",
        "num_nodes": 6,
        "obs_noise_mean": 0.0,
        "obs_noise_var": 1.0,
        "max_edge_strength": 1.0,
        "graph_sparsity_method": "adj_dense_prop",
        "adj_dense_prop": 0.8,
        "num_parents": null,
        "new_noise_mean": 4.0,
        "mix_samples": 1024,
        "stage2_samples": 1024,
        "gmm_tol": 0.001,
        "intv_targets": [
            0,
            1,
            2,
            3,
            4,
            5
        ]
    },
    "intv_args_dict": {
        "0": {
            "intv_type": "do",
            "inode": 0,
            "new_mui": 4.0,
            "true_params": {
                "Si": [
                    [
                        0.0,
                        0.0,
                        0.0,
                        0.0,
                        0.0,
                        0.0
                    ],
                    [
                        0.0,
                        1.0,
                        0.8673193596674929,
                        1.1059473046870982,
                        0.744523912280454,
                        2.68165874152039
                    ],
                    [
                        0.0,
                        0.8673193596674929,
                        1.7522428716540297,
                        1.5790162165901283,
                        0.64574000285622,
                        3.538265842377647
                    ],
                    [
                        0.0,
                        1.1059473046870982,
                        1.5790162165901283,
                        2.6072797966003023,
                        0.8234042140616616,
                        4.3156602643131965
                    ],
                    [
                        0.0,
                        0.744523912280454,
                        0.64574000285622,
                        0.8234042140616616,
                        1.5543158559573933,
                        2.6734303172488603
                    ],
                    [
                        0.0,
                        2.68165874152039,
                        3.538265842377647,
                        4.3156602643131965,
                        2.6734303172488603,
                        10.477503564383817
                    ]
                ],
                "mui": [
                    4.0,
                    -3.3953780446478072,
                    0.2848432165590684,
                    1.4939980060761817,
                    -5.021129245873941,
                    -2.266078362507471
                ],
                "Ai": [
                    [
                        0.0,
                        0.0,
                        0.0,
                        0.0,
                        0.0,
                        0.0
                    ],
                    [
                        -0.8488445111619518,
                        0.0,
                        0.0,
                        0.0,
                        0.0,
                        0.0
                    ],
                    [
                        0.8074300820180171,
                        0.8673193596674929,
                        0.0,
                        0.0,
                        0.0,
                        0.0
                    ],
                    [
                        0.811826219287507,
                        0.568376947185418,
                        0.6198067084629246,
                        0.0,
                        0.0,
                        0.0
                    ],
                    [
                        -0.6232972751003993,
                        0.744523912280454,
                        0.0,
                        0.0,
                        0.0,
                        0.0
                    ],
                    [
                        0.6669281681363813,
                        0.7860323690585422,
                        0.8415026335944698,
                        0.5984263499838598,
                        0.6768712596110208,
                        0.0
                    ]
                ]
            },
            "est_params": {
                "mui": [
                    4.0,
                    -3.260743866923935,
                    0.3165704721592446,
                    1.482128434608957,
                    -4.9265736922752765,
                    -2.0660415661470313
                ],
                "Si": [
                    [
                        1e-06,
                        0.0,
                        0.0,
                        0.0,
                        0.0,
                        0.0
                    ],
                    [
                        0.0,
                        0.8893042669561728,
                        0.7914045307470722,
                        0.9303480923514583,
                        0.8960219721501759,
                        2.5205036528944476
                    ],
                    [
                        0.0,
                        0.7914045307470722,
                        1.595908508655312,
                        1.4944622066608504,
                        0.7237274284529457,
                        3.168260188372108
                    ],
                    [
                        0.0,
                        0.9303480923514583,
                        1.4944622066608506,
                        2.5425868783568544,
                        0.9401287257904968,
                        4.126534609059912
                    ],
                    [
                        0.0,
                        0.8960219721501759,
                        0.7237274284529457,
                        0.9401287257904967,
                        1.76873472512773,
                        2.9020323286736653
                    ],
                    [
                        0.0,
                        2.5205036528944476,
                        3.1682601883721087,
                        4.126534609059911,
                        2.9020323286736653,
                        9.741019536391116
                    ]
                ]
            },
            "est_tgt": [
                0,
                5
            ]
        },
        "1": {
            "intv_type": "do",
            "inode": 1,
            "new_mui": 4.0,
            "true_params": {
                "Si": [
                    [
                        1.0,
                        0.0,
                        0.8074300820180171,
                        1.3122768007370436,
                        -0.6232972751003993,
                        1.7097917129221831
                    ],
                    [
                        0.0,
                        0.0,
                        0.0,
                        0.0,
                        0.0,
                        0.0
                    ],
                    [
                        0.8074300820180171,
                        0.0,
                        1.651943337347622,
                        1.6793784733123769,
                        -0.5032689699559221,
                        2.592948562833932
                    ],
                    [
                        1.3122768007370436,
                        0.0,
                        1.6793784733123769,
                        3.1062307576082953,
                        -0.817938554076869,
                        3.593607005998357
                    ],
                    [
                        -0.6232972751003993,
                        0.0,
                        -0.5032689699559221,
                        -0.817938554076869,
                        1.388499493147583,
                        -0.3888372560426202
                    ],
                    [
                        1.7097917129221831,
                        0.0,
                        2.592948562833932,
                        3.593607005998357,
                        -0.3888372560426202,
                        6.209597659988469
                    ]
                ],
                "mui": [
                    0.0,
                    4.0,
                    3.4692774386699714,
                    4.423789218748393,
                    2.978095649121816,
                    10.72663496608156
                ],
                "Ai": [
                    [
                        0.0,
                        0.0,
                        0.0,
                        0.0,
                        0.0,
                        0.0
                    ],
                    [
                        0.0,
                        0.0,
                        0.0,
                        0.0,
                        0.0,
                        0.0
                    ],
                    [
                        0.8074300820180171,
                        0.8673193596674929,
                        0.0,
                        0.0,
                        0.0,
                        0.0
                    ],
                    [
                        0.811826219287507,
                        0.568376947185418,
                        0.6198067084629246,
                        0.0,
                        0.0,
                        0.0
                    ],
                    [
                        -0.6232972751003993,
                        0.744523912280454,
                        0.0,
                        0.0,
                        0.0,
                        0.0
                    ],
                    [
                        0.6669281681363813,
                        0.7860323690585422,
                        0.8415026335944698,
                        0.5984263499838598,
                        0.6768712596110208,
                        0.0
                    ]
                ]
            },
            "est_params": {
                "mui": [
                    0.03512888063715716,
                    4.000000000000001,
                    3.5290829076949577,
                    4.518101083091652,
                    2.918401519907053,
                    10.79207776293119
                ],
                "Si": [
                    [
                        1.1008361374359288,
                        2.0262045708727743e-32,
                        0.8287453954983564,
                        1.352036369713855,
                        -0.7929533034803925,
                        1.6623833384571052
                    ],
                    [
                        1.756043961423071e-32,
                        1e-06,
                        -2.779277269713822e-31,
                        2.444953515519814e-31,
                        -1.1887066815786942e-30,
                        -8.158850405381038e-31
                    ],
                    [
                        0.8287453954983564,
                        -2.836686399221884e-31,
                        1.503862990639948,
                        1.5259881060139813,
                        -0.6986573521174649,
                        2.27178927445812
                    ],
                    [
                        1.352036369713855,
                        2.3774133631573883e-31,
                        1.5259881060139813,
                        3.07570373495793,
                        -1.0618563852477916,
                        3.4443449934900503
                    ],
                    [
                        -0.7929533034803925,
                        -1.1535858023502328e-30,
                        -0.6986573521174649,
                        -1.0618563852477916,
                        1.4549153088720528,
                        -0.6905692219918442
                    ],
                    [
                        1.6623833384571052,
                        -7.915705856876305e-31,
                        2.27178927445812,
                        3.4443449934900503,
                        -0.6905692219918443,
                        5.880607693660945
                    ]
                ]
            },
            "est_tgt": [
                1,
                5
            ]
        },
        "2": {
            "intv_type": "do",
            "inode": 2,
            "new_mui": 4.0,
            "true_params": {
                "Si": [
                    [
                        1.0,
                        -0.8488445111619518,
                        0.0,
                        0.3293625673981784,
                        -1.2552823114684852,
                        -0.6528563742362903
                    ],
                    [
                        -0.8488445111619518,
                        1.720537004129773,
                        0.0,
                        0.28879933966726584,
                        1.8100634123291655,
                        2.184284499141045
                    ],
                    [
                        0.0,
                        0.0,
                        0.0,
                        0.0,
                        0.0,
                        0.0
                    ],
                    [
                        0.3293625673981784,
                        0.28879933966726584,
                        0.0,
                        1.431532054894935,
                        0.009727223453728286,
                        1.3099173833560793
                    ],
                    [
                        -1.2552823114684852,
                        1.8100634123291655,
                        0.0,
                        0.009727223453728286,
                        3.1300495374430564,
                        2.71004689953847
                    ],
                    [
                        -0.6528563742362903,
                        2.184284499141045,
                        0.0,
                        1.3099173833560793,
                        2.71004689953847,
                        4.899751950829851
                    ]
                ],
                "mui": [
                    0.0,
                    0.0,
                    4.0,
                    2.4792268338516985,
                    0.0,
                    4.849645199341792
                ],
                "Ai": [
                    [
                        0.0,
                        0.0,
                        0.0,
                        0.0,
                        0.0,
                        0.0
                    ],
                    [
                        -0.8488445111619518,
                        0.0,
                        0.0,
                        0.0,
                        0.0,
                        0.0
                    ],
                    [
                        0.0,
                        0.0,
                        0.0,
                        0.0,
                        0.0,
                        0.0
                    ],
                    [
                        0.811826219287507,
                        0.568376947185418,
                        0.6198067084629246,
                        0.0,
                        0.0,
                        0.0
                    ],
                    [
                        -0.6232972751003993,
                        0.744523912280454,
                        0.0,
                        0.0,
                        0.0,
                        0.0
                    ],
                    [
                        0.6669281681363813,
                        0.7860323690585422,
                        0.8415026335944698,
                        0.5984263499838598,
                        0.6768712596110208,
                        0.0
                    ]
                ]
            },
            "est_params": {
                "mui": [
                    0.10110659827908261,
                    -0.107278626576635,
                    4.0,
                    2.5323790454453343,
                    -0.1346172379680467,
                    4.7494784541451915
                ],
                "Si": [
                    [
                        1.058867618147606,
                        -0.9959975401906425,
                        -8.447550326258218e-42,
                        0.19303111663237013,
                        -1.504439625954144,
                        -0.8885830274703779
                    ],
                    [
                        -0.9959975401906425,
                        1.9877571585396976,
                        1.25009796340515e-40,
                        0.3276662794166173,
                        2.208034442328568,
                        2.598645296424483
                    ],
                    [
                        -8.447550326258218e-42,
                        1.25009796340515e-40,
                        1e-06,
                        5.145158946729899e-41,
                        1.1459359637341942e-40,
                        1.9972333943636227e-40
                    ],
                    [
                        0.19303111663237013,
                        0.3276662794166173,
                        5.145158946729899e-41,
                        1.2907087405417592,
                        0.05357942624102933,
                        1.2525668832406232
                    ],
                    [
                        -1.504439625954144,
                        2.208034442328568,
                        1.1459359637341942e-40,
                        0.05357942624102932,
                        3.788028353415672,
                        3.302288407035505
                    ],
                    [
                        -0.8885830274703779,
                        2.598645296424483,
                        1.997233394363623e-40,
                        1.2525668832406232,
                        3.302288407035505,
                        5.529553373242864
                    ]
                ]
            },
            "est_tgt": [
                1,
                2,
                4,
                5
            ]
        },
        "3": {
            "intv_type": "do",
            "inode": 3,
            "new_mui": 4.0,
            "true_params": {
                "Si": [
                    [
                        1.0,
                        -0.8488445111619518,
                        0.0712108041397671,
                        0.0,
                        -1.2552823114684852,
                        -0.7900315340417011
                    ],
                    [
                        -0.8488445111619518,
                        1.720537004129773,
                        0.8068724594380228,
                        0.0,
                        1.8100634123291655,
                        2.690444664018157
                    ],
                    [
                        0.0712108041397671,
                        0.8068724594380228,
                        1.757313850280262,
                        0.0,
                        0.5563503400341235,
                        2.53708215048341
                    ],
                    [
                        0.0,
                        0.0,
                        0.0,
                        0.0,
                        0.0,
                        0.0
                    ],
                    [
                        -1.2552823114684852,
                        1.8100634123291655,
                        0.5563503400341235,
                        0.0,
                        3.1300495374430564,
                        3.1723961490514716
                    ],
                    [
                        -0.7900315340417011,
                        2.690444664018157,
                        2.53708215048341,
                        0.0,
                        3.1723961490514716,
                        6.87014739798163
                    ]
                ],
                "mui": [
                    0.0,
                    0.0,
                    0.0,
                    4.0,
                    0.0,
                    2.393705399935439
                ],
                "Ai": [
                    [
                        0.0,
                        0.0,
                        0.0,
                        0.0,
                        0.0,
                        0.0
                    ],
                    [
                        -0.8488445111619518,
                        0.0,
                        0.0,
                        0.0,
                        0.0,
                        0.0
                    ],
                    [
                        0.8074300820180171,
                        0.8673193596674929,
                        0.0,
                        0.0,
                        0.0,
                        0.0
                    ],
                    [
                        0.0,
                        0.0,
                        0.0,
                        0.0,
                        0.0,
                        0.0
                    ],
                    [
                        -0.6232972751003993,
                        0.744523912280454,
                        0.0,
                        0.0,
                        0.0,
                        0.0
                    ],
                    [
                        0.6669281681363813,
                        0.7860323690585422,
                        0.8415026335944698,
                        0.5984263499838598,
                        0.6768712596110208,
                        0.0
                    ]
                ]
            },
            "est_params": {
                "mui": [
                    -0.014747126195625586,
                    0.0819212028592918,
                    0.1958482936641998,
                    4.000000000677668,
                    0.08793596586189237,
                    2.7706842862278
                ],
                "Si": [
                    [
                        0.8266353981639468,
                        -0.6590304544961062,
                        0.2101069964075034,
                        -9.799234010492214e-10,
                        -0.9936971670055121,
                        -0.5160311912594684
                    ],
                    [
                        -0.6590304544961062,
                        1.5525916855967,
                        0.7128403179196037,
                        3.721837049842581e-10,
                        1.4947097440194161,
                        2.5387538303996866
                    ],
                    [
                        0.21010699640750344,
                        0.7128403179196037,
                        1.8275749981783345,
                        2.5779530963048146e-09,
                        0.34674802096457386,
                        2.4746256772457147
                    ],
                    [
                        -9.799234010492212e-10,
                        3.721837049842581e-10,
                        2.5779530963048146e-09,
                        1.000001022486054e-06,
                        1.798457847471381e-09,
                        2.7579406978528744e-09
                    ],
                    [
                        -0.9936971670055121,
                        1.4947097440194161,
                        0.34674802096457386,
                        1.798457847471381e-09,
                        2.6078882149365556,
                        2.861342118205155
                    ],
                    [
                        -0.5160311912594684,
                        2.5387538303996866,
                        2.4746256772457147,
                        2.7579406978528744e-09,
                        2.861342118205155,
                        6.782219293791554
                    ]
                ]
            },
            "est_tgt": [
                1,
                2,
                3,
                4,
                5
            ]
        },
        "4": {
            "intv_type": "do",
            "inode": 4,
            "new_mui": 4.0,
            "true_params": {
                "Si": [
                    [
                        1.0,
                        -0.8488445111619518,
                        0.0712108041397671,
                        0.37349950151904543,
                        0.0,
                        0.2831449287042396
                    ],
                    [
                        -0.8488445111619518,
                        1.720537004129773,
                        0.8068724594380228,
                        0.7889043029009315,
                        0.0,
                        1.9373658846106583
                    ],
                    [
                        0.0712108041397671,
                        0.8068724594380228,
                        1.757313850280262,
                        1.6056134164391018,
                        0.0,
                        3.12134597132426
                    ],
                    [
                        0.37349950151904543,
                        0.7889043029009315,
                        1.6056134164391018,
                        2.7467816742352777,
                        0.0,
                        3.864076106500936
                    ],
                    [
                        0.0,
                        0.0,
                        0.0,
                        0.0,
                        0.0,
                        0.0
                    ],
                    [
                        0.2831449287042396,
                        1.9373658846106583,
                        3.12134597132426,
                        3.864076106500936,
                        0.0,
                        7.6506554403335905
                    ]
                ],
                "mui": [
                    0.0,
                    0.0,
                    0.0,
                    0.0,
                    4.0,
                    2.707485038444083
                ],
                "Ai": [
                    [
                        0.0,
                        0.0,
                        0.0,
                        0.0,
                        0.0,
                        0.0
                    ],
                    [
                        -0.8488445111619518,
                        0.0,
                        0.0,
                        0.0,
                        0.0,
                        0.0
                    ],
                    [
                        0.8074300820180171,
                        0.8673193596674929,
                        0.0,
                        0.0,
                        0.0,
                        0.0
                    ],
                    [
                        0.811826219287507,
                        0.568376947185418,
                        0.6198067084629246,
                        0.0,
                        0.0,
                        0.0
                    ],
                    [
                        0.0,
                        0.0,
                        0.0,
                        0.0,
                        0.0,
                        0.0
                    ],
                    [
                        0.6669281681363813,
                        0.7860323690585422,
                        0.8415026335944698,
                        0.5984263499838598,
                        0.6768712596110208,
                        0.0
                    ]
                ]
            },
            "est_params": {
                "mui": [
                    -0.12070148111784222,
                    0.007732719636010534,
                    -0.030669557675606057,
                    -0.11672567758685394,
                    4.0,
                    2.6229153860760657
                ],
                "Si": [
                    [
                        0.8620688212111335,
                        -0.7081497773835279,
                        0.013828980287066875,
                        0.28809376339399323,
                        -1.3544527268307547e-19,
                        0.24466925473191742
                    ],
                    [
                        -0.7081497773835278,
                        1.8020188235316865,
                        1.1386093465902298,
                        1.1988652421684105,
                        2.8455897292260365e-18,
                        2.554688166003648
                    ],
                    [
                        0.013828980287066878,
                        1.1386093465902298,
                        2.073499283005131,
                        1.8138689967354515,
                        3.545174384503375e-18,
                        3.6441606187782303
                    ],
                    [
                        0.2880937633939932,
                        1.1988652421684105,
                        1.813868996735452,
                        2.8732492765872646,
                        3.463014657964982e-18,
                        4.459627301390395
                    ],
                    [
                        -1.3544527268307547e-19,
                        2.8455897292260365e-18,
                        3.545174384503375e-18,
                        3.4630146579649826e-18,
                        1.0000000000000052e-06,
                        7.364996077826315e-18
                    ],
                    [
                        0.2446692547319175,
                        2.554688166003648,
                        3.6441606187782303,
                        4.459627301390395,
                        7.364996077826314e-18,
                        8.695568399577416
                    ]
                ]
            },
            "est_tgt": [
                1,
                4,
                5
            ]
        },
        "5": {
            "intv_type": "do",
            "inode": 5,
            "new_mui": 4.0,
            "true_params": {
                "Si": [
                    [
                        1.0,
                        -0.8488445111619518,
                        0.0712108041397671,
                        0.37349950151904543,
                        -1.2552823114684852,
                        0.0
                    ],
                    [
                        -0.8488445111619518,
                        1.720537004129773,
                        0.8068724594380228,
                        0.7889043029009315,
                        1.8100634123291655,
                        0.0
                    ],
                    [
                        0.0712108041397671,
                        0.8068724594380228,
                        1.757313850280262,
                        1.6056134164391018,
                        0.5563503400341235,
                        0.0
                    ],
                    [
                        0.37349950151904543,
                        0.7889043029009315,
                        1.6056134164391018,
                        2.7467816742352777,
                        0.35455689646250726,
                        0.0
                    ],
                    [
                        -1.2552823114684852,
                        1.8100634123291655,
                        0.5563503400341235,
                        0.35455689646250726,
                        3.1300495374430564,
                        0.0
                    ],
                    [
                        0.0,
                        0.0,
                        0.0,
                        0.0,
                        0.0,
                        0.0
                    ]
                ],
                "mui": [
                    0.0,
                    0.0,
                    0.0,
                    0.0,
                    0.0,
                    4.0
                ],
                "Ai": [
                    [
                        0.0,
                        0.0,
                        0.0,
                        0.0,
                        0.0,
                        0.0
                    ],
                    [
                        -0.8488445111619518,
                        0.0,
                        0.0,
                        0.0,
                        0.0,
                        0.0
                    ],
                    [
                        0.8074300820180171,
                        0.8673193596674929,
                        0.0,
                        0.0,
                        0.0,
                        0.0
                    ],
                    [
                        0.811826219287507,
                        0.568376947185418,
                        0.6198067084629246,
                        0.0,
                        0.0,
                        0.0
                    ],
                    [
                        -0.6232972751003993,
                        0.744523912280454,
                        0.0,
                        0.0,
                        0.0,
                        0.0
                    ],
                    [
                        0.0,
                        0.0,
                        0.0,
                        0.0,
                        0.0,
                        0.0
                    ]
                ]
            },
            "est_params": {
                "mui": [
                    0.05687564049729474,
                    -0.09998583479152423,
                    -0.07795197719318131,
                    -0.038165998742083346,
                    -0.10974345919437808,
                    3.999999999999999
                ],
                "Si": [
                    [
                        0.9754278839032214,
                        -0.8411386009730667,
                        0.08325403316326135,
                        0.2760159336442154,
                        -1.4300797458431005,
                        4.323233330094954e-32
                    ],
                    [
                        -0.8411386009730667,
                        1.741652151376925,
                        0.8761042692436077,
                        1.0595172981384648,
                        2.124795500600548,
                        -7.56565832766617e-32
                    ],
                    [
                        0.08325403316326134,
                        0.8761042692436075,
                        2.0771983545966712,
                        1.8962659251103668,
                        0.699694587321571,
                        1.2834598948719394e-32
                    ],
                    [
                        0.27601593364421545,
                        1.0595172981384648,
                        1.8962659251103668,
                        3.046989050685339,
                        0.7407755593142853,
                        4.863637496356823e-32
                    ],
                    [
                        -1.4300797458431005,
                        2.124795500600548,
                        0.699694587321571,
                        0.7407755593142853,
                        3.8315172788810052,
                        -8.106062493928039e-32
                    ],
                    [
                        2.161616665047477e-32,
                        -6.48484999514243e-32,
                        1.8238640611338088e-32,
                        7.025254161404301e-32,
                        -7.56565832766617e-32,
                        1e-06
                    ]
                ]
            },
            "est_tgt": [
                1,
                2,
                3,
                4,
                5
            ]
        },
        "obs": {
            "intv_type": "obs",
            "true_params": {
                "Si": [
                    [
                        1.0,
                        -0.8488445111619518,
                        0.0712108041397671,
                        0.37349950151904543,
                        -1.2552823114684852,
                        -0.5665195906268677
                    ],
                    [
                        -0.8488445111619518,
                        1.720537004129773,
                        0.8068724594380228,
                        0.7889043029009315,
                        1.8100634123291655,
                        3.162545786489723
                    ],
                    [
                        0.0712108041397671,
                        0.8068724594380228,
                        1.757313850280262,
                        1.6056134164391018,
                        0.5563503400341235,
                        3.4979235267681763
                    ],
                    [
                        0.37349950151904543,
                        0.7889043029009315,
                        1.6056134164391018,
                        2.7467816742352777,
                        0.35455689646250726,
                        4.104065479613287
                    ],
                    [
                        -1.2552823114684852,
                        1.8100634123291655,
                        0.5563503400341235,
                        0.35455689646250726,
                        3.1300495374430564,
                        3.3845723384631348
                    ],
                    [
                        -0.5665195906268677,
                        3.162545786489723,
                        3.4979235267681763,
                        4.104065479613287,
                        3.3845723384631348,
                        10.79844801094785
                    ]
                ],
                "mui": [
                    0.0,
                    0.0,
                    0.0,
                    0.0,
                    0.0,
                    0.0
                ],
                "Ai": [
                    [
                        0.0,
                        0.0,
                        0.0,
                        0.0,
                        0.0,
                        0.0
                    ],
                    [
                        -0.8488445111619518,
                        0.0,
                        0.0,
                        0.0,
                        0.0,
                        0.0
                    ],
                    [
                        0.8074300820180171,
                        0.8673193596674929,
                        0.0,
                        0.0,
                        0.0,
                        0.0
                    ],
                    [
                        0.811826219287507,
                        0.568376947185418,
                        0.6198067084629246,
                        0.0,
                        0.0,
                        0.0
                    ],
                    [
                        -0.6232972751003993,
                        0.744523912280454,
                        0.0,
                        0.0,
                        0.0,
                        0.0
                    ],
                    [
                        0.6669281681363813,
                        0.7860323690585422,
                        0.8415026335944698,
                        0.5984263499838598,
                        0.6768712596110208,
                        0.0
                    ]
                ]
            },
            "est_params": {
                "mui": [
                    0.011339028927536497,
                    0.07675968270831103,
                    0.024904665798538946,
                    0.12528370273370293,
