{
    "expt_args": {
        "save_dir": "expt_logs_30.04.24-noise-shift",
        "exp_name": "113",
        "num_nodes": 6,
        "obs_noise_mean": 0.0,
        "obs_noise_var": 1.0,
        "max_edge_strength": 1.0,
        "graph_sparsity_method": "adj_dense_prop",
        "adj_dense_prop": 0.8,
        "num_parents": null,
        "new_noise_mean": 4.0,
        "mix_samples": 2048,
        "stage2_samples": 2048,
        "gmm_tol": 0.001,
        "intv_targets": [
            0,
            1,
            2,
            3,
            4,
            5
        ]
    },
    "intv_args_dict": {
        "0": {
            "intv_type": "do",
            "inode": 0,
            "new_mui": 4.0,
            "true_params": {
                "Si": [
                    [
                        0.0,
                        0.0,
                        0.0,
                        0.0,
                        0.0,
                        0.0
                    ],
                    [
                        0.0,
                        1.0,
                        -0.5724217305328165,
                        -0.5086963798800461,
                        0.2830181905027998,
                        -0.3989526836484847
                    ],
                    [
                        0.0,
                        -0.5724217305328165,
                        1.3276666375861845,
                        1.1798629859823013,
                        -1.8250698545815274,
                        2.722995826311777
                    ],
                    [
                        0.0,
                        -0.5086963798800461,
                        1.1798629859823013,
                        2.048513705384652,
                        -2.5831467547210725,
                        3.8444714584610296
                    ],
                    [
                        0.0,
                        0.2830181905027998,
                        -1.8250698545815274,
                        -2.5831467547210725,
                        4.769891493699939,
                        -6.131570101496347
                    ],
                    [
                        0.0,
                        -0.3989526836484847,
                        2.722995826311777,
                        3.8444714584610296,
                        -6.131570101496347,
                        9.662372290637451
                    ]
                ],
                "mui": [
                    4.0,
                    -3.0455815435881037,
                    1.743357057659509,
                    5.350834969665113,
                    -6.89667516467866,
                    10.739678715650804
                ],
                "Ai": [
                    [
                        0.0,
                        0.0,
                        0.0,
                        0.0,
                        0.0,
                        0.0
                    ],
                    [
                        -0.7613953858970259,
                        0.0,
                        0.0,
                        0.0,
                        0.0,
                        0.0
                    ],
                    [
                        0.0,
                        -0.5724217305328165,
                        0.0,
                        0.0,
                        0.0,
                        0.0
                    ],
                    [
                        0.9503896659530906,
                        0.0,
                        0.8886741238955863,
                        0.0,
                        0.0,
                        0.0
                    ],
                    [
                        -0.5951137980637562,
                        -0.6689558351422553,
                        -0.8088221798609326,
                        -0.9612544006525883,
                        0.0,
                        0.0
                    ],
                    [
                        0.7293543193571563,
                        0.6942018469518311,
                        0.8237781910971473,
                        0.9434910713468743,
                        -0.5005172995500119,
                        0.0
                    ]
                ]
            },
            "est_params": {
                "mui": [
                    3.999999999999999,
                    -3.050734504347677,
                    1.749970700793534,
                    5.386839636035337,
                    -6.898393460844802,
                    10.815415182102692
                ],
                "Si": [
                    [
                        1e-06,
                        -6.6458841761390846e-31,
                        3.092463635314719e-31,
                        1.0941394680228981e-30,
                        -5.035743131838721e-30,
                        7.494179961223504e-30
                    ],
                    [
                        -6.375726282800097e-31,
                        0.9966145590488099,
                        -0.5576858520474852,
                        -0.4423655002312935,
                        0.15763650752423158,
                        -0.2799344051237191
                    ],
                    [
                        2.996219885812705e-31,
                        -0.5576858520474853,
                        1.2777838704995146,
                        1.1575433771575154,
                        -1.7575602302296258,
                        2.6937543438805323
                    ],
                    [
                        1.096841046956288e-30,
                        -0.4423655002312934,
                        1.1575433771575154,
                        2.127382344571789,
                        -2.7524280772049976,
                        4.022471038153073
                    ],
                    [
                        -5.019533658238382e-30,
                        0.15763650752423158,
                        -1.7575602302296258,
                        -2.7524280772049976,
                        5.097487989003472,
                        -6.604879566659175
                    ],
                    [
                        7.445551540422487e-30,
                        -0.27993440512371914,
                        2.6937543438805323,
                        4.022471038153073,
                        -6.604879566659175,
                        10.275006164165516
                    ]
                ]
            },
            "est_tgt": [
                0,
                1,
                5
            ]
        },
        "1": {
            "intv_type": "do",
            "inode": 1,
            "new_mui": 4.0,
            "true_params": {
                "Si": [
                    [
                        1.0,
                        0.0,
                        0.0,
                        0.9503896659530906,
                        -1.5086800467959078,
                        2.3811589463915093
                    ],
                    [
                        0.0,
                        0.0,
                        0.0,
                        0.0,
                        0.0,
                        0.0
                    ],
                    [
                        0.0,
                        0.0,
                        1.0,
                        0.8886741238955863,
                        -1.6630640922016484,
                        2.494626640737
                    ],
                    [
                        0.9503896659530906,
                        0.0,
                        0.8886741238955863,
                        2.692982215632015,
                        -3.8730103514765526,
                        5.904554528187855
                    ],
                    [
                        -1.5086800467959078,
                        0.0,
                        -1.6630640922016484,
                        -3.8730103514765526,
                        6.965907681144563,
                        -9.611066225544354
                    ],
                    [
                        2.3811589463915093,
                        0.0,
                        2.494626640737,
                        5.904554528187855,
                        -9.611066225544354,
                        15.173126974827445
                    ]
                ],
                "mui": [
                    0.0,
                    4.0,
                    -2.289686922131266,
                    -2.0347855195201845,
                    1.1320727620111992,
                    -1.5958107345939387
                ],
                "Ai": [
                    [
                        0.0,
                        0.0,
                        0.0,
                        0.0,
                        0.0,
                        0.0
                    ],
                    [
                        0.0,
                        0.0,
                        0.0,
                        0.0,
                        0.0,
                        0.0
                    ],
                    [
                        0.0,
                        -0.5724217305328165,
                        0.0,
                        0.0,
                        0.0,
                        0.0
                    ],
                    [
                        0.9503896659530906,
                        0.0,
                        0.8886741238955863,
                        0.0,
                        0.0,
                        0.0
                    ],
                    [
                        -0.5951137980637562,
                        -0.6689558351422553,
                        -0.8088221798609326,
                        -0.9612544006525883,
                        0.0,
                        0.0
                    ],
                    [
                        0.7293543193571563,
                        0.6942018469518311,
                        0.8237781910971473,
                        0.9434910713468743,
                        -0.5005172995500119,
                        0.0
                    ]
                ]
            },
            "est_params": {
                "mui": [
                    -0.16182577455771432,
                    0.007787271714051072,
                    4.0,
                    3.324907918702644,
                    -6.281350548291547,
                    9.451860759851112
                ],
                "Si": [
                    [
                        0.8489836790399978,
                        -0.7278592446696212,
                        0.0,
                        0.8634756015747153,
                        -0.6792932686848222,
                        1.333992545072209
                    ],
                    [
                        -0.7278592446696212,
                        1.682875813644443,
                        0.0,
                        -0.7153390114787506,
                        -0.26116710136608795,
                        -0.009744744024435481
                    ],
                    [
                        0.0,
                        0.0,
                        1e-06,
                        0.0,
                        0.0,
                        0.0
                    ],
                    [
                        0.8634756015747154,
                        -0.7153390114787506,
                        0.0,
                        1.7177576463058255,
                        -1.5656384769055123,
                        2.5833894079863393
                    ],
                    [
                        -0.6792932686848222,
                        -0.261167101366088,
                        0.0,
                        -1.5656384769055123,
                        3.1387369946915413,
                        -3.708744210624466
                    ],
                    [
                        1.333992545072209,
                        -0.009744744024435481,
                        0.0,
                        2.5833894079863393,
                        -3.708744210624466,
                        6.2843736699110595
                    ]
                ]
            },
            "est_tgt": [
                2,
                4
            ]
        },
        "2": {
            "intv_type": "do",
            "inode": 2,
            "new_mui": 4.0,
            "true_params": {
                "Si": [
                    [
                        1.0,
                        -0.7613953858970259,
                        0.0,
                        0.9503896659530906,
                        -0.9993401605497031,
                        1.5976634388241309
                    ],
                    [
                        -0.7613953858970259,
                        1.579722933665281,
                        0.0,
                        -0.723622306460899,
                        0.09193715204188169,
                        -0.18742775546161305
                    ],
                    [
                        0.0,
                        0.0,
                        0.0,
                        0.0,
                        0.0,
                        0.0
                    ],
                    [
                        0.9503896659530906,
                        -0.723622306460899,
                        0.0,
                        1.9032405171504272,
                        -1.9110169620109285,
                        2.943018350071605
                    ],
                    [
                        -0.9993401605497031,
                        0.09193715204188169,
                        0.0,
                        -1.9110169620109285,
                        3.3701926886323452,
                        -4.15491730618023
                    ],
                    [
                        1.5976634388241309,
                        -0.18742775546161305,
                        0.0,
                        2.943018350071605,
                        -4.15491730618023,
                        6.891469562019407
                    ]
                ],
                "mui": [
                    0.0,
                    0.0,
                    4.0,
                    3.5546964955823452,
                    -6.652256368806594,
                    9.978506562948
                ],
                "Ai": [
                    [
                        0.0,
                        0.0,
                        0.0,
                        0.0,
                        0.0,
                        0.0
                    ],
                    [
                        -0.7613953858970259,
                        0.0,
                        0.0,
                        0.0,
                        0.0,
                        0.0
                    ],
                    [
                        0.0,
                        0.0,
                        0.0,
                        0.0,
                        0.0,
                        0.0
                    ],
                    [
                        0.9503896659530906,
                        0.0,
                        0.8886741238955863,
                        0.0,
                        0.0,
                        0.0
                    ],
                    [
                        -0.5951137980637562,
                        -0.6689558351422553,
                        -0.8088221798609326,
                        -0.9612544006525883,
                        0.0,
                        0.0
                    ],
                    [
                        0.7293543193571563,
                        0.6942018469518311,
                        0.8237781910971473,
                        0.9434910713468743,
                        -0.5005172995500119,
                        0.0
                    ]
                ]
            },
            "est_params": {
                "mui": [
                    1.7818904891420246,
                    -0.673074866247374,
                    3.9999999999999987,
                    6.118425635667136,
                    -9.99004512393877,
                    15.666283236105665
                ],
                "Si": [
                    [
                        0.5178628625349725,
                        -1.047814827699806,
                        8.316648527285052e-31,
                        0.12099271671648704,
                        -0.04803402363995246,
                        -0.6842360033005426
                    ],
                    [
                        -1.047814827699806,
                        2.186668253186161,
                        -2.6613275287312167e-31,
                        -0.2711973988614507,
                        0.21978145674122251,
                        1.4372049028902962
                    ],
                    [
                        7.98398258619365e-31,
                        -2.6613275287312167e-31,
                        1e-06,
                        3.0605266580408994e-30,
                        -3.6593253520054234e-30,
                        5.123055492807592e-30
                    ],
                    [
                        0.12099271671648701,
                        -0.2711973988614507,
                        3.0605266580408994e-30,
                        0.396270180829416,
                        -0.6557009714429789,
                        0.15546623923758363
                    ],
                    [
                        -0.04803402363995246,
                        0.21978145674122246,
                        -3.592792163787142e-30,
                        -0.6557009714429789,
                        1.4253806895575791,
                        -0.4029414439189346
                    ],
                    [
                        -0.6842360033005424,
                        1.437204902890296,
                        5.123055492807592e-30,
                        0.15546623923758363,
                        -0.4029414439189346,
                        1.2635704692290846
                    ]
                ]
            },
            "est_tgt": [
                0,
                1,
                2,
                3,
                4,
                5
            ]
        },
        "3": {
            "intv_type": "do",
            "inode": 3,
            "new_mui": 4.0,
            "true_params": {
                "Si": [
                    [
                        1.0,
                        -0.7613953858970259,
                        0.43583926441487725,
                        0.0,
                        -0.4382903757305779,
                        0.7791990323350666
                    ],
                    [
                        -0.7613953858970259,
                        1.579722933665281,
                        -0.904267735451058,
                        0.0,
                        0.12774382651140054,
                        -0.2675344696770594
                    ],
                    [
                        0.43583926441487725,
                        -0.904267735451058,
                        1.5176225019918856,
                        0.0,
                        -0.8819455220974725,
                        1.381750228487017
                    ],
                    [
                        0.0,
                        0.0,
                        0.0,
                        0.0,
                        0.0,
                        0.0
                    ],
                    [
                        -0.4382903757305779,
                        0.12774382651140054,
                        -0.8819455220974725,
                        0.0,
                        1.8887147717090795,
                        -1.90285088236659
                    ],
                    [
                        0.7791990323350666,
                        -0.2675344696770594,
                        1.381750228487017,
                        0.0,
                        -1.90285088236659,
                        3.4732547457589917
                    ]
                ],
                "mui": [
                    0.0,
                    0.0,
                    0.0,
                    4.0,
                    -3.845017602610353,
                    5.698462112568292
                ],
                "Ai": [
                    [
                        0.0,
                        0.0,
                        0.0,
                        0.0,
                        0.0,
                        0.0
                    ],
                    [
                        -0.7613953858970259,
                        0.0,
                        0.0,
                        0.0,
                        0.0,
                        0.0
                    ],
                    [
                        0.0,
                        -0.5724217305328165,
                        0.0,
                        0.0,
                        0.0,
                        0.0
                    ],
                    [
                        0.0,
                        0.0,
                        0.0,
                        0.0,
                        0.0,
                        0.0
                    ],
                    [
                        -0.5951137980637562,
                        -0.6689558351422553,
                        -0.8088221798609326,
                        -0.9612544006525883,
                        0.0,
                        0.0
                    ],
                    [
                        0.7293543193571563,
                        0.6942018469518311,
                        0.8237781910971473,
                        0.9434910713468743,
                        -0.5005172995500119,
                        0.0
                    ]
                ]
            },
            "est_params": {
                "mui": [
                    -0.007966179768703611,
                    -0.0066235390433932026,
                    0.02237802532307572,
                    3.999999999964467,
                    -3.9065989790961666,
                    5.713398203009619
                ],
                "Si": [
                    [
                        0.9802493341373943,
                        -0.7131980294273067,
                        0.4258884316471618,
                        2.276834897269547e-11,
                        -0.509757168791968,
                        0.846320953963127
                    ],
                    [
                        -0.7131980294273067,
                        1.5261369534337956,
                        -0.9052562173930411,
                        -3.66807086595091e-11,
                        0.10916463036177669,
                        -0.30499103809364864
                    ],
                    [
                        0.4258884316471618,
                        -0.9052562173930411,
                        1.5956393496640346,
                        -1.4134094931212704e-10,
                        -0.8817741115468278,
                        1.4955671954613716
                    ],
                    [
                        2.276834897269547e-11,
                        -3.668070865950909e-11,
                        -1.4134094931212704e-10,
                        1.0000000836131955e-06,
                        1.3309100051625972e-10,
                        -1.6412405101547318e-10
                    ],
                    [
                        -0.509757168791968,
                        0.1091646303617767,
                        -0.8817741115468277,
                        1.3309100051625972e-10,
                        1.9451038793550537,
                        -2.073368824623
                    ],
                    [
                        0.846320953963127,
                        -0.3049910380936487,
                        1.4955671954613716,
                        -1.6412405101547318e-10,
                        -2.073368824623,
                        3.659466547315793
                    ]
                ]
            },
            "est_tgt": [
                0,
                3,
                4,
                5
            ]
        },
        "4": {
            "intv_type": "do",
            "inode": 4,
            "new_mui": 4.0,
            "true_params": {
                "Si": [
                    [
                        1.0,
                        -0.7613953858970259,
                        0.43583926441487725,
                        1.3377087424162784,
                        0.0,
                        1.821943371588052
                    ],
                    [
                        -0.7613953858970259,
                        1.579722933665281,
                        -0.904267735451058,
                        -1.5272216440299136,
                        0.0,
                        -1.6445164597073059
                    ],
                    [
                        0.43583926441487725,
                        -0.904267735451058,
                        1.5176225019918856,
                        1.7628889802783627,
                        0.0,
                        2.603591250084996
                    ],
                    [
                        1.3377087424162784,
                        -1.5272216440299136,
                        1.7628889802783627,
                        3.837978384921593,
                        0.0,
                        4.988791396807388
                    ],
                    [
                        0.0,
                        0.0,
                        0.0,
                        0.0,
                        0.0,
                        0.0
                    ],
                    [
                        1.821943371588052,
                        -1.6445164597073059,
                        2.603591250084996,
                        4.988791396807388,
                        0.0,
                        8.038877734071638
                    ]
                ],
                "mui": [
                    0.0,
                    0.0,
                    0.0,
                    0.0,
                    4.0,
                    -2.0020691982000476
                ],
                "Ai": [
                    [
                        0.0,
                        0.0,
                        0.0,
                        0.0,
                        0.0,
                        0.0
                    ],
                    [
                        -0.7613953858970259,
                        0.0,
                        0.0,
                        0.0,
                        0.0,
                        0.0
                    ],
                    [
                        0.0,
                        -0.5724217305328165,
                        0.0,
                        0.0,
                        0.0,
                        0.0
                    ],
                    [
                        0.9503896659530906,
                        0.0,
                        0.8886741238955863,
                        0.0,
                        0.0,
                        0.0
                    ],
                    [
                        0.0,
                        0.0,
                        0.0,
                        0.0,
                        0.0,
                        0.0
                    ],
                    [
                        0.7293543193571563,
                        0.6942018469518311,
                        0.8237781910971473,
                        0.9434910713468743,
                        -0.5005172995500119,
                        0.0
                    ]
                ]
            },
            "est_params": {
                "mui": [
                    -0.014353366011731363,
                    0.089999217096587,
                    -0.037220931867628516,
                    -0.12719562036014873,
                    3.9999976612375407,
                    -2.106112113002093
                ],
                "Si": [
                    [
                        1.079378089844563,
                        -0.8103171342755411,
                        0.49012481075967884,
                        1.5572063500748026,
                        8.863901181351722e-07,
                        2.1224684476838958
                    ],
                    [
                        -0.8103171342755411,
                        1.6169703997585283,
                        -0.883241779347079,
                        -1.7606294870148855,
                        -9.144563045419829e-06,
                        -1.8716977049168377
                    ],
                    [
                        0.49012481075967884,
                        -0.8832417793470788,
                        1.4981087796903907,
                        1.8211112048258453,
                        5.822691498200954e-06,
                        2.727379845545842
                    ],
                    [
                        1.5572063500748028,
                        -1.7606294870148855,
                        1.8211112048258453,
                        4.131749315091678,
                        9.123434130362405e-06,
                        5.33367618031351
                    ],
                    [
                        8.863901181351722e-07,
                        -9.144563045419829e-06,
                        5.822691498200955e-06,
                        9.123434130362405e-06,
                        1.00227168902781e-06,
                        6.8242672192885695e-06
                    ],
                    [
                        2.1224684476838958,
                        -1.8716977049168377,
                        2.7273798455458413,
                        5.3336761803135095,
                        6.8242672192885695e-06,
                        8.568072406049469
                    ]
                ]
            },
            "est_tgt": [
                0,
                3,
                4,
                5
            ]
        },
        "5": {
            "intv_type": "do",
            "inode": 5,
            "new_mui": 4.0,
            "true_params": {
                "Si": [
                    [
                        1.0,
                        -0.7613953858970259,
                        0.43583926441487725,
                        1.3377087424162784,
                        -1.724168791169665,
                        0.0
                    ],
                    [
                        -0.7613953858970259,
                        1.579722933665281,
                        -0.904267735451058,
                        -1.5272216440299136,
                        1.5957923526070357,
                        0.0
                    ],
                    [
                        0.43583926441487725,
                        -0.904267735451058,
                        1.5176225019918856,
                        1.7628889802783627,
                        -2.576530312252002,
                        0.0
                    ],
                    [
                        1.3377087424162784,
                        -1.5272216440299136,
                        1.7628889802783627,
                        3.837978384921593,
                        -4.88958242007004,
                        0.0
                    ],
                    [
                        -1.724168791169665,
                        1.5957923526070357,
                        -2.576530312252002,
                        -4.88958242007004,
                        7.742649514143403,
                        0.0
                    ],
                    [
                        0.0,
                        0.0,
                        0.0,
                        0.0,
                        0.0,
                        0.0
                    ]
                ],
                "mui": [
                    0.0,
                    0.0,
                    0.0,
                    0.0,
                    0.0,
                    4.0
                ],
                "Ai": [
                    [
                        0.0,
                        0.0,
                        0.0,
                        0.0,
                        0.0,
                        0.0
                    ],
                    [
                        -0.7613953858970259,
                        0.0,
                        0.0,
                        0.0,
                        0.0,
                        0.0
                    ],
                    [
                        0.0,
                        -0.5724217305328165,
                        0.0,
                        0.0,
                        0.0,
                        0.0
                    ],
                    [
                        0.9503896659530906,
                        0.0,
                        0.8886741238955863,
                        0.0,
                        0.0,
                        0.0
                    ],
                    [
                        -0.5951137980637562,
                        -0.6689558351422553,
                        -0.8088221798609326,
                        -0.9612544006525883,
                        0.0,
                        0.0
                    ],
                    [
                        0.0,
                        0.0,
                        0.0,
                        0.0,
                        0.0,
                        0.0
                    ]
                ]
            },
            "est_params": {
                "mui": [
                    -0.04365822709871308,
                    0.06821862300694886,
                    -0.03107688029857185,
                    0.07106992915105993,
                    0.00706609844007142,
                    3.9999999787024425
                ],
                "Si": [
                    [
                        0.9467442469245384,
                        -0.6499142021194348,
                        0.3636336401814934,
                        1.0955745491065119,
                        -1.4398871084482079,
                        -2.0121990348953536e-08
                    ],
                    [
                        -0.6499142021194348,
                        1.3522503193168331,
                        -0.7075982273375702,
                        -1.1710255689741578,
                        1.208110899179408,
                        -8.37396831704584e-08
                    ],
                    [
                        0.3636336401814934,
                        -0.7075982273375703,
                        1.651018430455671,
                        1.7261360159016115,
                        -2.712143658532717,
                        3.196111962953184e-08
                    ],
                    [
                        1.095574549106512,
                        -1.171025568974158,
                        1.7261360159016115,
                        3.2949107438586602,
                        -4.344612442494882,
                        -9.407435901546726e-09
                    ],
                    [
                        -1.439887108448208,
                        1.208110899179408,
                        -2.712143658532717,
                        -4.344612442494881,
                        7.17089524282204,
                        5.7038726762942095e-08
                    ],
                    [
                        -2.0121990348953536e-08,
                        -8.373968317045839e-08,
                        3.196111962953183e-08,
                        -9.407435901546725e-09,
                        5.7038726762942095e-08,
                        1.0000104674478093e-06
                    ]
                ]
            },
            "est_tgt": [
                0,
                2,
                3,
                4,
                5
            ]
        },
        "obs": {
            "intv_type": "obs",
            "true_params": {
                "Si": [
                    [
                        1.0,
                        -0.7613953858970259,
                        0.43583926441487725,
                        1.3377087424162784,
                        -1.724168791169665,
                        2.684919678912701
                    ],
                    [
                        -0.7613953858970259,
                        1.579722933665281,
                        -0.904267735451058,
                        -1.5272216440299136,
                        1.5957923526070357,
                        -2.4432381386767394
                    ],
                    [
                        0.43583926441487725,
                        -0.904267735451058,
                        1.5176225019918856,
                        1.7628889802783627,
                        -2.576530312252002,
                        3.8931892441821168
                    ],
                    [
                        1.3377087424162784,
                        -1.5272216440299136,
                        1.7628889802783627,
                        3.837978384921593,
                        -4.88958242007004,
                        7.436111985628056
                    ],
                    [
                        -1.724168791169665,
                        1.5957923526070357,
                        -2.576530312252002,
                        -4.88958242007004,
                        7.742649514143403,
                        -10.760824818674903
                    ],
                    [
                        2.684919678912701,
                        -2.4432381386767394,
                        3.8931892441821168,
                        7.436111985628056,
                        -10.760824818674903,
                        16.871165972850132
                    ]
                ],
                "mui": [
                    0.0,
                    0.0,
                    0.0,
                    0.0,
                    0.0,
                    0.0
                ],
                "Ai": [
                    [
                        0.0,
                        0.0,
                        0.0,
                        0.0,
                        0.0,
                        0.0
                    ],
                    [
                        -0.7613953858970259,
                        0.0,
                        0.0,
                        0.0,
                        0.0,
                        0.0
                    ],
                    [
                        0.0,
                        -0.5724217305328165,
                        0.0,
                        0.0,
                        0.0,
                        0.0
                    ],
                    [
                        0.9503896659530906,
                        0.0,
                        0.8886741238955863,
                        0.0,
                        0.0,
                        0.0
                    ],
                    [
                        -0.5951137980637562,
                        -0.6689558351422553,
                        -0.8088221798609326,
                        -0.9612544006525883,
                        0.0,
                        0.0
                    ],
                    [
                        0.7293543193571563,
                        0.6942018469518311,
                        0.8237781910971473,
                        0.9434910713468743,
                        -0.5005172995500119,
                        0.0
                    ]
                ]
            },
