{
    "expt_args": {
        "save_dir": "expt_logs_30.04.24-noise-shift",
        "exp_name": "283",
        "num_nodes": 6,
        "obs_noise_mean": 0.0,
        "obs_noise_var": 1.0,
        "max_edge_strength": 1.0,
        "graph_sparsity_method": "adj_dense_prop",
        "adj_dense_prop": 0.8,
        "num_parents": null,
        "new_noise_mean": 10.0,
        "mix_samples": 8192,
        "stage2_samples": 8192,
        "gmm_tol": 0.001,
        "intv_targets": [
            0,
            1,
            2,
            3,
            4,
            5
        ]
    },
    "intv_args_dict": {
        "0": {
            "intv_type": "do",
            "inode": 0,
            "new_mui": 10.0,
            "true_params": {
                "Si": [
                    [
                        0.0,
                        0.0,
                        0.0,
                        0.0,
                        0.0,
                        0.0
                    ],
                    [
                        0.0,
                        1.0,
                        -0.6426003675780247,
                        0.5265497741888792,
                        -0.025125790596268686,
                        -0.488067097764456
                    ],
                    [
                        0.0,
                        -0.6426003675780247,
                        1.4129352324114124,
                        -1.1577657983200678,
                        1.2463679160041388,
                        -0.9077471001554851
                    ],
                    [
                        0.0,
                        0.5265497741888792,
                        -1.1577657983200678,
                        1.9486787596569786,
                        -1.872980668236961,
                        0.6692153669636349
                    ],
                    [
                        0.0,
                        -0.025125790596268686,
                        1.2463679160041388,
                        -1.872980668236961,
                        3.2394721049305457,
                        -2.15971428373511
                    ],
                    [
                        0.0,
                        -0.488067097764456,
                        -0.9077471001554851,
                        0.6692153669636349,
                        -2.15971428373511,
                        3.272748160929266
                    ]
                ],
                "mui": [
                    10.0,
                    7.9827983021654125,
                    -11.391009447995955,
                    17.573756158605267,
                    -23.749861538623907,
                    -0.3331150100323499
                ],
                "Ai": [
                    [
                        0.0,
                        0.0,
                        0.0,
                        0.0,
                        0.0,
                        0.0
                    ],
                    [
                        0.7982798302165413,
                        0.0,
                        0.0,
                        0.0,
                        0.0,
                        0.0
                    ],
                    [
                        -0.626126032472323,
                        -0.6426003675780247,
                        0.0,
                        0.0,
                        0.0,
                        0.0
                    ],
                    [
                        0.8239909252740576,
                        -0.0,
                        -0.819404719878168,
                        0.0,
                        0.0,
                        0.0
                    ],
                    [
                        -0.8828608507877241,
                        0.7654153661860569,
                        0.5323343239258961,
                        -0.8517009151584536,
                        0.0,
                        0.0
                    ],
                    [
                        -0.9940550475764519,
                        -0.7119192580583413,
                        -0.8923330203952853,
                        -0.698845922663621,
                        -0.7329439480383718,
                        0.0
                    ]
                ]
            },
            "est_params": {
                "mui": [
                    10.0,
                    7.980387435739963,
                    -11.376640415263305,
                    17.574703442902745,
                    -23.767883075261818,
                    -0.31601800546237035
                ],
                "Si": [
                    [
                        1e-06,
                        0.0,
                        0.0,
                        0.0,
                        0.0,
                        0.0
                    ],
                    [
                        0.0,
                        1.0813061883264607,
                        -0.6781391943127177,
                        0.5641909904479319,
                        0.02869997582481439,
                        -0.574787697839794
                    ],
                    [
                        0.0,
                        -0.6781391943127177,
                        1.4576840600025918,
                        -1.1628863085732943,
                        1.2113834362163982,
                        -0.8822469217291684
                    ],
                    [
                        0.0,
                        0.5641909904479319,
                        -1.1628863085732943,
                        1.93043517195974,
                        -1.7588373401400563,
                        0.5965805531971479
                    ],
                    [
                        0.0,
                        0.02869997582481439,
                        1.2113834362163982,
                        -1.7588373401400563,
                        3.096580002293633,
                        -2.166967669329913
                    ],
                    [
                        0.0,
                        -0.574787697839794,
                        -0.8822469217291684,
                        0.5965805531971479,
                        -2.166967669329913,
                        3.4523290875131716
                    ]
                ]
            },
            "est_tgt": [
                0,
                2
            ]
        },
        "1": {
            "intv_type": "do",
            "inode": 1,
            "new_mui": 10.0,
            "true_params": {
                "Si": [
                    [
                        1.0,
                        0.0,
                        -0.626126032472323,
                        1.33704155152047,
                        -2.3549287420111447,
                        0.3563026189344549
                    ],
                    [
                        0.0,
                        0.0,
                        0.0,
                        0.0,
                        0.0,
                        0.0
                    ],
                    [
                        -0.626126032472323,
                        0.0,
                        1.3920338085395325,
                        -1.656561241782319,
                        2.704704263721765,
                        -1.4444695417345925
                    ],
                    [
                        1.33704155152047,
                        0.0,
                        -1.656561241782319,
                        3.4591042054508847,
                        -5.008388267810908,
                        1.4025983935114612
                    ],
                    [
                        -2.3549287420111447,
                        0.0,
                        2.704704263721765,
                        -5.008388267810908,
                        8.78453017952765,
                        -3.0110446336130607
                    ],
                    [
                        0.3563026189344549,
                        0.0,
                        -1.4444695417345925,
                        1.4025983935114612,
                        -3.0110446336130607,
                        3.161490225268598
                    ]
                ],
                "mui": [
                    0.0,
                    10.0,
                    -6.4260036757802474,
                    5.265497741888792,
                    -0.2512579059626869,
                    -4.88067097764456
                ],
                "Ai": [
                    [
                        0.0,
                        0.0,
                        0.0,
                        0.0,
                        0.0,
                        0.0
                    ],
                    [
                        0.0,
                        0.0,
                        0.0,
                        0.0,
                        0.0,
                        0.0
                    ],
                    [
                        -0.626126032472323,
                        -0.6426003675780247,
                        0.0,
                        0.0,
                        0.0,
                        0.0
                    ],
                    [
                        0.8239909252740576,
                        -0.0,
                        -0.819404719878168,
                        0.0,
                        0.0,
                        0.0
                    ],
                    [
                        -0.8828608507877241,
                        0.7654153661860569,
                        0.5323343239258961,
                        -0.8517009151584536,
                        0.0,
                        0.0
                    ],
                    [
                        -0.9940550475764519,
                        -0.7119192580583413,
                        -0.8923330203952853,
                        -0.698845922663621,
                        -0.7329439480383718,
                        0.0
                    ]
                ]
            },
            "est_params": {
                "mui": [
                    -0.018380985591144573,
                    10.0,
                    -6.39519756523348,
                    5.209649171727875,
                    -0.17591043007078344,
                    -4.881325327352474
                ],
                "Si": [
                    [
                        0.9974547440486669,
                        -6.900925065185885e-27,
                        -0.6125941282074725,
                        1.3066810593523517,
                        -2.291474611232396,
                        0.2612860869047168
                    ],
                    [
                        -6.900925065185885e-27,
                        1e-06,
                        5.112505505140937e-27,
                        -1.0101107458216671e-26,
                        1.7465348359789873e-26,
                        -2.5871810692570334e-27
                    ],
                    [
                        -0.6125941282074725,
                        5.112505505140937e-27,
                        1.3533406588327217,
                        -1.577201054571399,
                        2.581906823196582,
                        -1.310974597970863
                    ],
                    [
                        1.3066810593523517,
                        -1.010110745821667e-26,
                        -1.577201054571399,
                        3.3352829482401756,
                        -4.753136795127093,
                        1.1487440247906133
                    ],
                    [
                        -2.291474611232396,
                        1.746534835978987e-26,
                        2.581906823196582,
                        -4.753136795127093,
                        8.268531476432669,
                        -2.600008566086677
                    ],
                    [
                        0.2612860869047168,
                        -2.587181069257033e-27,
                        -1.310974597970863,
                        1.1487440247906133,
                        -2.600008566086677,
                        2.9507466885088385
                    ]
                ]
            },
            "est_tgt": [
                1
            ]
        },
        "2": {
            "intv_type": "do",
            "inode": 2,
            "new_mui": 10.0,
            "true_params": {
                "Si": [
                    [
                        1.0,
                        0.7982798302165413,
                        0.0,
                        0.8239909252740576,
                        -0.9736390273617627,
                        -1.4245856977879794
                    ],
                    [
                        0.7982798302165413,
                        1.63725068733055,
                        0.0,
                        0.6577753359277454,
                        -0.011821031268489435,
                        -2.410143847399087
                    ],
                    [
                        0.0,
                        0.0,
                        0.0,
                        0.0,
                        0.0,
                        0.0
                    ],
                    [
                        0.8239909252740576,
                        0.6577753359277454,
                        0.0,
                        1.6789610449339976,
                        -1.653970638197206,
                        -1.2484425786119957
                    ],
                    [
                        -0.9736390273617627,
                        -0.011821031268489435,
                        0.0,
                        -1.653970638197206,
                        3.259228087277442,
                        -0.2566944556606804
                    ],
                    [
                        -1.4245856977879794,
                        -2.410143847399087,
                        0.0,
                        -1.2484425786119957,
                        -0.2566944556606804,
                        5.192556076759747
                    ]
                ],
                "mui": [
                    0.0,
                    0.0,
                    10.0,
                    -8.19404719878168,
                    12.302220737312881,
                    -12.213791965816643
                ],
                "Ai": [
                    [
                        0.0,
                        0.0,
                        0.0,
                        0.0,
                        0.0,
                        0.0
                    ],
                    [
                        0.7982798302165413,
                        0.0,
                        0.0,
                        0.0,
                        0.0,
                        0.0
                    ],
                    [
                        0.0,
                        0.0,
                        0.0,
                        0.0,
                        0.0,
                        0.0
                    ],
                    [
                        0.8239909252740576,
                        -0.0,
                        -0.819404719878168,
                        0.0,
                        0.0,
                        0.0
                    ],
                    [
                        -0.8828608507877241,
                        0.7654153661860569,
                        0.5323343239258961,
                        -0.8517009151584536,
                        0.0,
                        0.0
                    ],
                    [
                        -0.9940550475764519,
                        -0.7119192580583413,
                        -0.8923330203952853,
                        -0.698845922663621,
                        -0.7329439480383718,
                        0.0
                    ]
                ]
            },
            "est_params": {
                "mui": [
                    -0.026690342860799264,
                    -0.008974476090556857,
                    10.0,
                    -8.240340325742716,
                    12.36688833527222,
                    -12.211625219932596
                ],
                "Si": [
                    [
                        1.0598650789750546,
                        0.8173298303530055,
                        0.0,
                        0.9074985969921069,
                        -1.1220422109251267,
                        -1.390337486678852
                    ],
                    [
                        0.8173298303530054,
                        1.5823177389166385,
                        0.0,
                        0.7339803900557886,
                        -0.17054619051251663,
                        -2.262286550689918
                    ],
                    [
                        0.0,
                        0.0,
                        1e-06,
                        0.0,
                        0.0,
                        0.0
                    ],
                    [
                        0.9074985969921069,
                        0.7339803900557886,
                        0.0,
                        1.7771858660804147,
                        -1.7732999991817413,
                        -1.2843789562509405
                    ],
                    [
                        -1.1220422109251267,
                        -0.17054619051251663,
                        0.0,
                        -1.7732999991817413,
                        3.424054495940478,
                        -0.13724741734943394
                    ],
                    [
                        -1.390337486678852,
                        -2.262286550689918,
                        0.0,
                        -1.2843789562509405,
                        -0.13724741734943394,
                        5.0139313947522925
                    ]
                ]
            },
            "est_tgt": [
                2,
                3,
                4,
                5
            ]
        },
        "3": {
            "intv_type": "do",
            "inode": 3,
            "new_mui": 10.0,
            "true_params": {
                "Si": [
                    [
                        1.0,
                        0.7982798302165413,
                        -1.1391009447995954,
                        0.0,
                        -0.878227733556829,
                        0.09778325689092893
                    ],
                    [
                        0.7982798302165413,
                        1.63725068733055,
                        -1.5519216763921475,
                        0.0,
                        -0.27773435207832653,
                        -0.3707297197550131
                    ],
                    [
                        -1.1391009447995954,
                        -1.5519216763921475,
                        2.7104861948547434,
                        0.0,
                        1.2606877670795709,
                        -1.1054978299425389
                    ],
                    [
                        0.0,
                        0.0,
                        0.0,
                        0.0,
                        0.0,
                        0.0
                    ],
                    [
                        -0.878227733556829,
                        -0.27773435207832653,
                        1.2606877670795709,
                        0.0,
                        2.2338781134048284,
                        -1.6915296215162363
                    ],
                    [
                        0.09778325689092893,
                        -0.3707297197550131,
                        -1.1054978299425389,
                        0.0,
                        -1.6915296215162363,
                        3.392996303598295
                    ]
                ],
                "mui": [
                    0.0,
                    0.0,
                    0.0,
                    10.0,
                    -8.517009151584535,
                    -0.7459689135948966
                ],
                "Ai": [
                    [
                        0.0,
                        0.0,
                        0.0,
                        0.0,
                        0.0,
                        0.0
                    ],
                    [
                        0.7982798302165413,
                        0.0,
                        0.0,
                        0.0,
                        0.0,
                        0.0
                    ],
                    [
                        -0.626126032472323,
                        -0.6426003675780247,
                        0.0,
                        0.0,
                        0.0,
                        0.0
                    ],
                    [
                        0.0,
                        0.0,
                        0.0,
                        0.0,
                        0.0,
                        0.0
                    ],
                    [
                        -0.8828608507877241,
                        0.7654153661860569,
                        0.5323343239258961,
                        -0.8517009151584536,
                        0.0,
                        0.0
                    ],
                    [
                        -0.9940550475764519,
                        -0.7119192580583413,
                        -0.8923330203952853,
                        -0.698845922663621,
                        -0.7329439480383718,
                        0.0
                    ]
                ]
            },
            "est_params": {
                "mui": [
                    0.049791876109747626,
                    0.07848842463809565,
                    -0.04539690241284362,
                    9.999999999999996,
                    -8.509050563605967,
                    -0.7932851816612527
                ],
                "Si": [
                    [
                        1.0684614936126455,
                        0.8937050435696999,
                        -1.2753073730567364,
                        -1.4091617936948546e-31,
                        -0.9481439269228299,
                        0.09322467153340012
                    ],
                    [
                        0.8937050435696999,
                        1.7327166738694537,
                        -1.6663874175021325,
                        1.2810561760862315e-31,
                        -0.33815916018010017,
                        -0.432090073051828
                    ],
                    [
                        -1.2753073730567366,
                        -1.666387417502133,
                        2.8555524631648135,
                        9.709057334548281e-32,
                        1.3695303217960968,
                        -1.0523769519747734
                    ],
                    [
                        -1.2473441714523833e-31,
                        1.0922689501366816e-31,
                        9.709057334548281e-32,
                        1e-06,
                        -3.37120046338482e-30,
                        -1.197450404594288e-30
                    ],
                    [
                        -0.9481439269228299,
                        -0.33815916018010017,
                        1.3695303217960968,
                        -3.3819883048676515e-30,
                        2.2257245222156548,
                        -1.6158957647461718
                    ],
                    [
                        0.09322467153340012,
                        -0.432090073051828,
                        -1.0523769519747734,
                        -1.175874721628625e-30,
                        -1.6158957647461718,
                        3.3311156640405466
                    ]
                ]
            },
            "est_tgt": [
                2,
                3,
                4,
                5
            ]
        },
        "4": {
            "intv_type": "do",
            "inode": 4,
            "new_mui": 10.0,
            "true_params": {
                "Si": [
                    [
                        1.0,
                        0.7982798302165413,
                        -1.1391009447995954,
                        1.7573756158605267,
                        0.0,
                        -1.7740432291516035
                    ],
                    [
                        0.7982798302165413,
                        1.63725068733055,
                        -1.5519216763921475,
                        1.92942728244471,
                        0.0,
                        -1.9226658216856172
                    ],
                    [
                        -1.1391009447995954,
                        -1.5519216763921475,
                        2.7104861948547434,
                        -3.1595940227145647,
                        0.0,
                        2.0265850393508633
                    ],
                    [
                        1.7573756158605267,
                        1.92942728244471,
                        -3.1595940227145647,
                        5.037047814878144,
                        0.0,
                        -3.821234791007008
                    ],
                    [
                        0.0,
                        0.0,
                        0.0,
                        0.0,
                        0.0,
                        0.0
                    ],
                    [
                        -1.7740432291516035,
                        -1.9226658216856172,
                        2.0265850393508633,
                        -3.821234791007008,
                        0.0,
                        4.994345055809303
                    ]
                ],
                "mui": [
                    0.0,
                    0.0,
                    0.0,
                    0.0,
                    10.0,
                    -7.329439480383718
                ],
                "Ai": [
                    [
                        0.0,
                        0.0,
                        0.0,
                        0.0,
                        0.0,
                        0.0
                    ],
                    [
                        0.7982798302165413,
                        0.0,
                        0.0,
                        0.0,
                        0.0,
                        0.0
                    ],
                    [
                        -0.626126032472323,
                        -0.6426003675780247,
                        0.0,
                        0.0,
                        0.0,
                        0.0
                    ],
                    [
                        0.8239909252740576,
                        -0.0,
                        -0.819404719878168,
                        0.0,
                        0.0,
                        0.0
                    ],
                    [
                        0.0,
                        0.0,
                        0.0,
                        0.0,
                        0.0,
                        0.0
                    ],
                    [
                        -0.9940550475764519,
                        -0.7119192580583413,
                        -0.8923330203952853,
                        -0.698845922663621,
                        -0.7329439480383718,
                        0.0
                    ]
                ]
            },
            "est_params": {
                "mui": [
                    -0.014042250435951057,
                    0.058182908134825795,
                    -0.04032417479203701,
                    0.014495052298055859,
                    9.999999999999998,
                    -7.3728533543687895
                ],
                "Si": [
                    [
                        1.0764915124832402,
                        0.8720241859463691,
                        -1.1671497729493288,
                        1.8854478138418127,
                        -2.696961971645651e-32,
                        -1.9656451172618334
                    ],
                    [
                        0.8720241859463691,
                        1.6040001103417585,
                        -1.4859624221036596,
                        1.9986939769948429,
                        1.5102987041215647e-31,
                        -2.1121468431995565
                    ],
                    [
                        -1.1671497729493288,
                        -1.4859624221036596,
                        2.5627631999311093,
                        -3.091025327600269,
                        -1.1327240280911736e-31,
                        2.0759710588489555
                    ],
                    [
                        1.8854478138418127,
                        1.9986939769948429,
                        -3.091025327600269,
                        5.226737574636613,
                        7.012101126278694e-32,
                        -4.145351258089067
                    ],
                    [
                        -2.157569577316521e-32,
                        1.5102987041215647e-31,
                        -1.0248455492253474e-31,
                        5.933316337620433e-32,
                        1e-06,
                        -6.656102146021468e-30
                    ],
                    [
                        -1.9656451172618334,
                        -2.1121468431995565,
                        2.0759710588489555,
                        -4.145351258089067,
                        -6.634526450248302e-30,
                        5.48733814554192
                    ]
                ]
            },
            "est_tgt": [
                2,
                3,
                4,
                5
            ]
        },
        "5": {
            "intv_type": "do",
            "inode": 5,
            "new_mui": 10.0,
            "true_params": {
                "Si": [
                    [
                        1.0,
                        0.7982798302165413,
                        -1.1391009447995954,
                        1.7573756158605267,
                        -2.3749861538623906,
                        0.0
                    ],
                    [
                        0.7982798302165413,
                        1.63725068733055,
                        -1.5519216763921475,
                        1.92942728244471,
                        -1.9210293342681743,
                        0.0
                    ],
                    [
                        -1.1391009447995954,
                        -1.5519216763921475,
                        2.7104861948547434,
                        -3.1595940227145647,
                        3.9517168877547455,
                        0.0
                    ],
                    [
                        1.7573756158605267,
                        1.92942728244471,
                        -3.1595940227145647,
                        5.037047814878144,
                        -6.046723423041103,
                        0.0
                    ],
                    [
                        -2.3749861538623906,
                        -1.9210293342681743,
                        3.9517168877547455,
                        -6.046723423041103,
                        8.880031335968617,
                        0.0
                    ],
                    [
                        0.0,
                        0.0,
                        0.0,
                        0.0,
                        0.0,
                        0.0
                    ]
                ],
                "mui": [
                    0.0,
                    0.0,
                    0.0,
                    0.0,
                    0.0,
                    10.0
                ],
                "Ai": [
                    [
                        0.0,
                        0.0,
                        0.0,
                        0.0,
                        0.0,
                        0.0
                    ],
                    [
                        0.7982798302165413,
                        0.0,
                        0.0,
                        0.0,
                        0.0,
                        0.0
                    ],
                    [
                        -0.626126032472323,
                        -0.6426003675780247,
                        0.0,
                        0.0,
                        0.0,
                        0.0
                    ],
                    [
                        0.8239909252740576,
                        -0.0,
                        -0.819404719878168,
                        0.0,
                        0.0,
                        0.0
                    ],
                    [
                        -0.8828608507877241,
                        0.7654153661860569,
                        0.5323343239258961,
                        -0.8517009151584536,
                        0.0,
                        0.0
                    ],
                    [
                        0.0,
                        0.0,
                        0.0,
                        0.0,
                        0.0,
                        0.0
                    ]
                ]
            },
            "est_params": {
                "mui": [
                    0.002841537348898306,
                    -0.00819547339070813,
                    0.025068602777976765,
                    -0.020716653883521206,
                    -0.0044244029401263605,
                    9.999999999999996
                ],
                "Si": [
                    [
                        1.0451523735029988,
                        0.8510158597988232,
                        -1.200549238254501,
                        1.8038355903528691,
                        -2.475268859760104,
                        -8.090881079193215e-32
                    ],
                    [
                        0.8510158597988232,
                        1.7347509352589094,
                        -1.632864989194188,
                        2.0617716498164964,
                        -2.0988259758193584,
                        1.260828968174276e-31
                    ],
                    [
                        -1.200549238254501,
                        -1.632864989194188,
                        2.759720511097947,
                        -3.2758124561727846,
                        4.146367194782794,
                        -1.4024193870601573e-31
                    ],
                    [
                        1.8038355903528691,
                        2.0617716498164964,
                        -3.2758124561727846,
                        5.161186823754427,
                        -6.241786187320936,
                        -1.0787841438924287e-31
                    ],
                    [
                        -2.475268859760104,
                        -2.0988259758193584,
                        4.146367194782794,
                        -6.241786187320936,
                        9.18227726832884,
                        6.041191205797601e-31
                    ],
                    [
                        -8.090881079193215e-32,
                        1.260828968174276e-31,
                        -1.618176215838643e-31,
                        -6.472704863354573e-32,
                        6.041191205797601e-31,
                        1e-06
                    ]
                ]
            },
            "est_tgt": [
                2,
                5
            ]
        },
        "obs": {
            "intv_type": "obs",
            "true_params": {
                "Si": [
                    [
                        1.0,
                        0.7982798302165413,
                        -1.1391009447995954,
                        1.7573756158605267,
                        -2.3749861538623906,
                        -0.03331150100323499
                    ],
                    [
                        0.7982798302165413,
                        1.63725068733055,
                        -1.5519216763921475,
                        1.92942728244471,
                        -1.9210293342681743,
                        -0.5146589971295765
                    ],
                    [
                        -1.1391009447995954,
                        -1.5519216763921475,
                        2.7104861948547434,
                        -3.1595940227145647,
                        3.9517168877547455,
                        -0.8698019378900075
                    ],
                    [
                        1.7573756158605267,
                        1.92942728244471,
                        -3.1595940227145647,
                        5.037047814878144,
                        -6.046723423041103,
                        0.6106745473728362
                    ],
                    [
                        -2.3749861538623906,
                        -1.9210293342681743,
                        3.9517168877547455,
                        -6.046723423041103,
                        8.880031335968617,
                        -2.080599930088054
                    ],
                    [
                        -0.03331150100323499,
                        -0.5146589971295765,
                        -0.8698019378900075,
                        0.6106745473728362,
                        -2.080599930088054,
                        3.2738578170283543
                    ]
                ],
                "mui": [
                    0.0,
                    0.0,
                    0.0,
                    0.0,
                    0.0,
                    0.0
                ],
                "Ai": [
                    [
                        0.0,
                        0.0,
                        0.0,
                        0.0,
                        0.0,
                        0.0
                    ],
                    [
                        0.7982798302165413,
                        0.0,
                        0.0,
                        0.0,
                        0.0,
                        0.0
                    ],
                    [
                        -0.626126032472323,
                        -0.6426003675780247,
                        0.0,
                        0.0,
                        0.0,
                        0.0
                    ],
                    [
                        0.8239909252740576,
                        -0.0,
                        -0.819404719878168,
                        0.0,
                        0.0,
                        0.0
                    ],
                    [
                        -0.8828608507877241,
                        0.7654153661860569,
                        0.5323343239258961,
                        -0.8517009151584536,
                        0.0,
                        0.0
                    ],
                    [
                        -0.9940550475764519,
                        -0.7119192580583413,
                        -0.8923330203952853,
                        -0.698845922663621,
                        -0.7329439480383718,
                        0.0
                    ]
                ]
            },
            "est_params": {
                "mui": [
                    -0.03576520636503158,
                    -0.057391716798013664,
                    0.08927858208665637,
