{
    "expt_args": {
        "save_dir": "expt_logs_29.04.24-5",
        "exp_name": "76",
        "num_nodes": 6,
        "obs_noise_mean": 0.5,
        "obs_noise_var": 1.0,
        "max_edge_strength": 1.0,
        "num_parents": 2,
        "new_noise_mean": 10.0,
        "mix_samples": 16384,
        "stage2_samples": 16384,
        "intv_targets": [
            0,
            1,
            2,
            3,
            4,
            5
        ]
    },
    "intv_args_dict": {
        "0": {
            "intv_type": "do",
            "inode": 0,
            "new_mui": 10.0,
            "true_params": {
                "Si": [
                    [
                        0.0,
                        0.0,
                        0.0,
                        0.0,
                        0.0,
                        0.0
                    ],
                    [
                        0.0,
                        1.0,
                        -0.1450570732256775,
                        -0.9621413347162492,
                        0.39660738473151136,
                        0.9021313494981431
                    ],
                    [
                        0.0,
                        -0.1450570732256775,
                        1.0210415544927995,
                        1.1090717016194198,
                        -0.0575307064488433,
                        -0.7432619826123239
                    ],
                    [
                        0.0,
                        -0.9621413347162492,
                        1.1090717016194198,
                        2.8656584051311293,
                        -0.3815923585038973,
                        -2.093368121612922
                    ],
                    [
                        0.0,
                        0.39660738473151136,
                        -0.0575307064488433,
                        -0.3815923585038973,
                        1.157297417623569,
                        1.1000425692645852
                    ],
                    [
                        0.0,
                        0.9021313494981431,
                        -0.7432619826123239,
                        -2.093368121612922,
                        1.1000425692645852,
                        3.1388108796593683
                    ]
                ],
                "mui": [
                    10.0,
                    -5.957712547805147,
                    10.799258872326018,
                    15.864255535414333,
                    -11.574956849093713,
                    -18.11238525102244
                ],
                "Ai": [
                    [
                        0.0,
                        0.0,
                        0.0,
                        0.0,
                        0.0,
                        0.0
                    ],
                    [
                        -0.6457712547805147,
                        0.0,
                        0.0,
                        0.0,
                        0.0,
                        0.0
                    ],
                    [
                        0.9435050527021507,
                        -0.1450570732256775,
                        0.0,
                        0.0,
                        0.0,
                        0.0
                    ],
                    [
                        0.0,
                        -0.8215075890061211,
                        0.9695062955760338,
                        0.0,
                        0.0,
                        0.0
                    ],
                    [
                        -0.9712084056526603,
                        0.39660738473151136,
                        0.0,
                        -0.0,
                        0.0,
                        0.0
                    ],
                    [
                        0.0,
                        0.0,
                        -0.0,
                        -0.6316632003148912,
                        0.7422506140558176,
                        0.0
                    ]
                ]
            },
            "est_params": {
                "mui": [
                    10.0,
                    -5.965000746165621,
                    10.819632447793932,
                    15.919240461330547,
                    -11.576754948043202,
                    -18.143270487376984
                ],
                "Si": [
                    [
                        1e-06,
                        0.0,
                        0.0,
                        0.0,
                        0.0,
                        0.0
                    ],
                    [
                        0.0,
                        0.9885540280363422,
                        -0.1488404674484465,
                        -0.9391092512255861,
                        0.3805226823238505,
                        0.8191041989239587
                    ],
                    [
                        0.0,
                        -0.1488404674484465,
                        1.0173399743244704,
                        1.1244981603017699,
                        -0.047848436298774166,
                        -0.7275246418834622
                    ],
                    [
                        0.0,
                        -0.9391092512255861,
                        1.1244981603017699,
                        2.8720930892878185,
                        -0.38216153806167824,
                        -2.0426420550230353
                    ],
                    [
                        0.0,
                        0.3805226823238505,
                        -0.047848436298774166,
                        -0.38216153806167824,
                        1.084218679831925,
                        0.9895534655995093
                    ],
                    [
                        0.0,
                        0.8191041989239587,
                        -0.7275246418834622,
                        -2.0426420550230353,
                        0.9895534655995093,
                        2.958873873841314
                    ]
                ]
            },
            "est_tgt": [
                0,
                1,
                2,
                4
            ]
        },
        "1": {
            "intv_type": "do",
            "inode": 1,
            "new_mui": 10.0,
            "true_params": {
                "Si": [
                    [
                        1.0,
                        0.0,
                        0.9435050527021507,
                        0.9147340885025327,
                        -0.9712084056526603,
                        -1.2986838972524934
                    ],
                    [
                        0.0,
                        0.0,
                        0.0,
                        0.0,
                        0.0,
                        0.0
                    ],
                    [
                        0.9435050527021507,
                        0.0,
                        1.8902017844744883,
                        1.8325625299570696,
                        -0.916340037960085,
                        -1.8377162683096406
                    ],
                    [
                        0.9147340885025327,
                        0.0,
                        1.8325625299570696,
                        2.776680909830123,
                        -0.8883974356906842,
                        -2.4133406919235836
                    ],
                    [
                        -0.9712084056526603,
                        0.0,
                        -0.916340037960085,
                        -0.8883974356906842,
                        1.9432457672103824,
                        2.003543331353195
                    ],
                    [
                        -1.2986838972524934,
                        0.0,
                        -1.8377162683096406,
                        -2.4133406919235836,
                        2.003543331353195,
                        4.011549772894952
                    ]
                ],
                "mui": [
                    0.5,
                    10.0,
                    -0.4788182059056998,
                    -8.179293155123208,
                    3.9804696444887835,
                    8.621064528531152
                ],
                "Ai": [
                    [
                        0.0,
                        0.0,
                        0.0,
                        0.0,
                        0.0,
                        0.0
                    ],
                    [
                        0.0,
                        0.0,
                        0.0,
                        0.0,
                        0.0,
                        0.0
                    ],
                    [
                        0.9435050527021507,
                        -0.1450570732256775,
                        0.0,
                        0.0,
                        0.0,
                        0.0
                    ],
                    [
                        0.0,
                        -0.8215075890061211,
                        0.9695062955760338,
                        0.0,
                        0.0,
                        0.0
                    ],
                    [
                        -0.9712084056526603,
                        0.39660738473151136,
                        0.0,
                        -0.0,
                        0.0,
                        0.0
                    ],
                    [
                        0.0,
                        0.0,
                        -0.0,
                        -0.6316632003148912,
                        0.7422506140558176,
                        0.0
                    ]
                ]
            },
            "est_params": {
                "mui": [
                    0.49829226558129963,
                    10.0,
                    -0.4774305937602879,
                    -8.206031799189097,
                    3.9640873428390546,
                    8.603524263008465
                ],
                "Si": [
                    [
                        1.0480006818553942,
                        0.0,
                        1.0058755400176504,
                        0.9691746725641828,
                        -1.0163991705182203,
                        -1.3729772221519816
                    ],
                    [
                        0.0,
                        1e-06,
                        0.0,
                        0.0,
                        0.0,
                        0.0
                    ],
                    [
                        1.0058755400176504,
                        0.0,
                        1.9084047393030674,
                        1.841606423842792,
                        -0.9914999575360939,
                        -1.8864176527946594
                    ],
                    [
                        0.9691746725641828,
                        0.0,
                        1.841606423842792,
                        2.757496439505624,
                        -0.9874702332223839,
                        -2.47938204945142
                    ],
                    [
                        -1.0163991705182203,
                        0.0,
                        -0.9914999575360939,
                        -0.9874702332223839,
                        1.9949762148228634,
                        2.127155728009569
                    ],
                    [
                        -1.3729772221519816,
                        0.0,
                        -1.8864176527946594,
                        -2.47938204945142,
                        2.127155728009569,
                        4.120497689040926
                    ]
                ]
            },
            "est_tgt": [
                0,
                1,
                2,
                4
            ]
        },
        "2": {
            "intv_type": "do",
            "inode": 2,
            "new_mui": 10.0,
            "true_params": {
                "Si": [
                    [
                        1.0,
                        -0.6457712547805147,
                        0.0,
                        0.5305059865641981,
                        -1.2273260541459468,
                        -1.2460846265958827
                    ],
                    [
                        -0.6457712547805147,
                        1.4170205135008005,
                        0.0,
                        -1.1640931056182582,
                        1.1891792707421573,
                        1.6179838204901453
                    ],
                    [
                        0.0,
                        0.0,
                        0.0,
                        0.0,
                        0.0,
                        0.0
                    ],
                    [
                        0.5305059865641981,
                        -1.1640931056182582,
                        0.0,
                        1.9563113205751033,
                        -0.9769197956034469,
                        -1.960849187736663
                    ],
                    [
                        -1.2273260541459468,
                        1.1891792707421573,
                        0.0,
                        -0.9769197956034469,
                        2.6636266608090287,
                        2.594162809142791
                    ],
                    [
                        -1.2460846265958827,
                        1.6179838204901453,
                        0.0,
                        -1.960849187736663,
                        2.594162809142791,
                        4.164115211307597
                    ]
                ],
                "mui": [
                    0.5,
                    0.17711437260974267,
                    10.0,
                    10.049562154539377,
                    0.0846406652927823,
                    -5.785114006512096
                ],
                "Ai": [
                    [
                        0.0,
                        0.0,
                        0.0,
                        0.0,
                        0.0,
                        0.0
                    ],
                    [
                        -0.6457712547805147,
                        0.0,
                        0.0,
                        0.0,
                        0.0,
                        0.0
                    ],
                    [
                        0.0,
                        0.0,
                        0.0,
                        0.0,
                        0.0,
                        0.0
                    ],
                    [
                        0.0,
                        -0.8215075890061211,
                        0.9695062955760338,
                        0.0,
                        0.0,
                        0.0
                    ],
                    [
                        -0.9712084056526603,
                        0.39660738473151136,
                        0.0,
                        -0.0,
                        0.0,
                        0.0
                    ],
                    [
                        0.0,
                        0.0,
                        -0.0,
                        -0.6316632003148912,
                        0.7422506140558176,
                        0.0
                    ]
                ]
            },
            "est_params": {
                "mui": [
                    -0.6667582736436964,
                    1.6406450434336926,
                    -1.5020096399673109,
                    -2.9684133238010393,
                    9.999999999999996,
                    9.77555194042536
                ],
                "Si": [
                    [
                        0.6302591635834405,
                        -0.5293044861848135,
                        0.19827053594804428,
                        0.6082137734930395,
                        -1.1634390964090325e-30,
                        -0.37026006894708696
                    ],
                    [
                        -0.5293044861848135,
                        1.1724117518820971,
                        0.07803201984045653,
                        -0.8274448099879984,
                        8.591550250405164e-31,
                        0.4240981887735657
                    ],
                    [
                        0.19827053594804428,
                        0.07803201984045653,
                        1.3733146090753876,
                        1.3594167688352679,
                        -1.772007239146065e-30,
                        -0.7080564850431061
                    ],
                    [
                        0.6082137734930395,
                        -0.8274448099879984,
                        1.3594167688352679,
                        2.661023122629872,
                        -6.94483645241084e-30,
                        -1.2546949982228992
                    ],
                    [
                        -1.1276409703656777e-30,
                        8.367811962634195e-31,
                        -1.8257044282110974e-30,
                        -7.052230830540905e-30,
                        1e-06,
                        1.868662179463123e-29
                    ],
                    [
                        -0.37026006894708696,
                        0.4240981887735656,
                        -0.7080564850431063,
                        -1.2546949982228992,
                        1.8650823668587876e-29,
                        1.103244047631109
                    ]
                ]
            },
            "est_tgt": [
                0,
                1,
                2,
                3,
                4,
                5
            ]
        },
        "3": {
            "intv_type": "do",
            "inode": 3,
            "new_mui": 10.0,
            "true_params": {
                "Si": [
                    [
                        1.0,
                        -0.6457712547805147,
                        1.0371787408938855,
                        0.0,
                        -1.2273260541459468,
                        -0.9109835173365326
                    ],
                    [
                        -0.6457712547805147,
                        1.4170205135008005,
                        -0.8148372901643962,
                        0.0,
                        1.1891792707421573,
                        0.8826690439308156
                    ],
                    [
                        1.0371787408938855,
                        -0.8148372901643962,
                        2.0967812950550253,
                        0.0,
                        -1.330487197954197,
                        -0.9875549396749069
                    ],
                    [
                        0.0,
                        0.0,
                        0.0,
                        0.0,
                        0.0,
                        0.0
                    ],
                    [
                        -1.2273260541459468,
                        1.1891792707421573,
                        -1.330487197954197,
                        0.0,
                        2.6636266608090287,
                        1.9770785246009484
                    ],
                    [
                        -0.9109835173365326,
                        0.8826690439308156,
                        -0.9875549396749069,
                        0.0,
                        1.9770785246009484,
                        2.4674877489216236
                    ]
                ],
                "mui": [
                    0.5,
                    0.17711437260974267,
                    0.9460608338341041,
                    10.0,
                    0.0846406652927823,
                    -5.7538074173612515
                ],
                "Ai": [
                    [
                        0.0,
                        0.0,
                        0.0,
                        0.0,
                        0.0,
                        0.0
                    ],
                    [
                        -0.6457712547805147,
                        0.0,
                        0.0,
                        0.0,
                        0.0,
                        0.0
                    ],
                    [
                        0.9435050527021507,
                        -0.1450570732256775,
                        0.0,
                        0.0,
                        0.0,
                        0.0
                    ],
                    [
                        0.0,
                        0.0,
                        0.0,
                        0.0,
                        0.0,
                        0.0
                    ],
                    [
                        -0.9712084056526603,
                        0.39660738473151136,
                        0.0,
                        -0.0,
                        0.0,
                        0.0
                    ],
                    [
                        0.0,
                        0.0,
                        -0.0,
                        -0.6316632003148912,
                        0.7422506140558176,
                        0.0
                    ]
                ]
            },
            "est_params": {
                "mui": [
                    0.5170816275822441,
                    0.17108452646120192,
                    5.466207545981942,
                    10.051179125607092,
                    0.06401734353584893,
                    -5.779303612847275
                ],
                "Si": [
                    [
                        1.0066343235601782,
                        -0.6389071527379437,
                        0.6552680555092198,
                        0.2564010603744292,
                        -1.2309830919251405,
                        -1.1019160191919255
                    ],
                    [
                        -0.6389071527379437,
                        1.3625729869429637,
                        -0.4461214553496491,
                        -0.5357695502588865,
                        1.1339494849994602,
                        1.2015043740234963
                    ],
                    [
                        0.6552680555092197,
                        -0.4461214553496491,
                        21.616286068021978,
                        0.23248397529728293,
                        -0.8398514678544848,
                        -0.8653626265729119
                    ],
                    [
                        0.2564010603744293,
                        -0.5357695502588865,
                        0.23248397529728293,
                        0.9152371103634813,
                        -0.4746729678924018,
                        -0.9328789190978087
                    ],
                    [
                        -1.2309830919251403,
                        1.1339494849994602,
                        -0.8398514678544848,
                        -0.4746729678924018,
                        2.6392989029869764,
                        2.30788886021027
                    ],
                    [
                        -1.1019160191919255,
                        1.2015043740234963,
                        -0.8653626265729119,
                        -0.9328789190978087,
                        2.30788886021027,
                        3.351544870031398
                    ]
                ]
            },
            "est_tgt": [
                0,
                2,
                3,
                4
            ]
        },
        "4": {
            "intv_type": "do",
            "inode": 4,
            "new_mui": 10.0,
            "true_params": {
                "Si": [
                    [
                        1.0,
                        -0.6457712547805147,
                        1.0371787408938855,
                        1.536057305498444,
                        0.0,
                        -0.9702708734582157
                    ],
                    [
                        -0.6457712547805147,
                        1.4170205135008005,
                        -0.8148372901643962,
                        -1.9540829883027557,
                        0.0,
                        1.2343223140722048
                    ],
                    [
                        1.0371787408938855,
                        -0.8148372901643962,
                        2.0967812950550253,
                        2.7022376836771507,
                        0.0,
                        -1.7069041032830077
                    ],
                    [
                        1.536057305498444,
                        -1.9540829883027557,
                        2.7022376836771507,
                        5.22513045090627,
                        0.0,
                        -3.3005226226822453
                    ],
                    [
                        0.0,
                        0.0,
                        0.0,
                        0.0,
                        0.0,
                        0.0
                    ],
                    [
                        -0.9702708734582157,
                        1.2343223140722048,
                        -1.7069041032830077,
                        -3.3005226226822453,
                        0.0,
                        3.084818682555165
                    ]
                ],
                "mui": [
                    0.5,
                    0.17711437260974267,
                    0.9460608338341041,
                    1.2717111331791142,
                    10.0,
                    7.11921301629818
                ],
                "Ai": [
                    [
                        0.0,
                        0.0,
                        0.0,
                        0.0,
                        0.0,
                        0.0
                    ],
                    [
                        -0.6457712547805147,
                        0.0,
                        0.0,
                        0.0,
                        0.0,
                        0.0
                    ],
                    [
                        0.9435050527021507,
                        -0.1450570732256775,
                        0.0,
                        0.0,
                        0.0,
                        0.0
                    ],
                    [
                        0.0,
                        -0.8215075890061211,
                        0.9695062955760338,
                        0.0,
                        0.0,
                        0.0
                    ],
                    [
                        0.0,
                        0.0,
                        0.0,
                        0.0,
                        0.0,
                        0.0
                    ],
                    [
                        0.0,
                        0.0,
                        -0.0,
                        -0.6316632003148912,
                        0.7422506140558176,
                        0.0
                    ]
                ]
            },
            "est_params": {
                "mui": [
                    0.5043207871208324,
                    0.15164746674002944,
                    0.9754158180738829,
                    1.3407817940274547,
                    10.000000000000016,
                    7.10498054925343
                ],
                "Si": [
                    [
                        0.9707344654993751,
                        -0.6127912398392681,
                        0.9944793372006718,
                        1.455981088129203,
                        1.0708811138815059e-29,
                        -0.9350038166812797
                    ],
                    [
                        -0.6127912398392681,
                        1.395818330163846,
                        -0.812860773406114,
                        -1.8841399315492922,
                        2.6880416623746304e-30,
                        1.1959354692429502
                    ],
                    [
                        0.9944793372006718,
                        -0.8128607734061142,
                        2.0615446616997533,
                        2.627246907318789,
                        1.7949181422953177e-29,
                        -1.6773556476670368
                    ],
                    [
                        1.455981088129203,
                        -1.8841399315492922,
                        2.627246907318789,
                        4.997016924832931,
                        2.5926595388710147e-29,
                        -3.1752137496511406
                    ],
                    [
                        1.0795522160181984e-29,
                        2.7313971730580922e-30,
                        1.7905825912269715e-29,
                        2.5969950899393606e-29,
                        1e-06,
                        1.4831920204812276e-28
                    ],
                    [
                        -0.9350038166812799,
                        1.1959354692429502,
                        -1.6773556476670368,
                        -3.1752137496511406,
                        1.4818913551607236e-28,
                        3.029454768015693
                    ]
                ]
            },
            "est_tgt": [
                0,
                4
            ]
        },
        "5": {
            "intv_type": "do",
            "inode": 5,
            "new_mui": 10.0,
            "true_params": {
                "Si": [
                    [
                        1.0,
                        -0.6457712547805147,
                        1.0371787408938855,
                        1.536057305498444,
                        -1.2273260541459468,
                        0.0
                    ],
                    [
                        -0.6457712547805147,
                        1.4170205135008005,
                        -0.8148372901643962,
                        -1.9540829883027557,
                        1.1891792707421573,
                        0.0
                    ],
                    [
                        1.0371787408938855,
                        -0.8148372901643962,
                        2.0967812950550253,
                        2.7022376836771507,
                        -1.330487197954197,
                        0.0
                    ],
                    [
                        1.536057305498444,
                        -1.9540829883027557,
                        2.7022376836771507,
                        5.22513045090627,
                        -2.2668355102033577,
                        0.0
                    ],
                    [
                        -1.2273260541459468,
                        1.1891792707421573,
                        -1.330487197954197,
                        -2.2668355102033577,
                        2.6636266608090287,
                        0.0
                    ],
                    [
                        0.0,
                        0.0,
                        0.0,
                        0.0,
                        0.0,
                        0.0
                    ]
                ],
                "mui": [
                    0.5,
                    0.17711437260974267,
                    0.9460608338341041,
                    1.2717111331791142,
                    0.0846406652927823,
                    10.0
                ],
                "Ai": [
                    [
                        0.0,
                        0.0,
                        0.0,
                        0.0,
                        0.0,
                        0.0
                    ],
                    [
                        -0.6457712547805147,
                        0.0,
                        0.0,
                        0.0,
                        0.0,
                        0.0
                    ],
                    [
                        0.9435050527021507,
                        -0.1450570732256775,
                        0.0,
                        0.0,
                        0.0,
                        0.0
                    ],
                    [
                        0.0,
                        -0.8215075890061211,
                        0.9695062955760338,
                        0.0,
                        0.0,
                        0.0
                    ],
                    [
                        -0.9712084056526603,
                        0.39660738473151136,
                        0.0,
                        -0.0,
                        0.0,
                        0.0
                    ],
                    [
                        0.0,
                        0.0,
                        0.0,
                        0.0,
                        0.0,
                        0.0
                    ]
                ]
            },
            "est_params": {
                "mui": [
                    0.5209989541268494,
                    0.1985050679996218,
                    0.9250579472743468,
                    1.2205949153772346,
                    0.08065995770123019,
                    10.000000000000004
                ],
                "Si": [
                    [
                        1.0152710459625192,
                        -0.6853255330420948,
                        1.060036749873336,
                        1.597963263281175,
                        -1.2174025198542924,
                        3.9159865043473236e-30
                    ],
                    [
                        -0.6853255330420948,
                        1.407130231224718,
                        -0.832329260610834,
                        -1.9591798213992337,
                        1.1951472013990665,
                        -2.1777415857647225e-28
                    ],
                    [
                        1.060036749873336,
                        -0.832329260610834,
                        2.1551021528209113,
                        2.768816879912626,
                        -1.3456816373055518,
                        6.267196583197184e-29
                    ],
                    [
                        1.5979632632811753,
                        -1.9591798213992337,
                        2.768816879912626,
                        5.2800407960989935,
                        -2.312555197648338,
                        2.3767772634650205e-28
                    ],
                    [
                        -1.2174025198542924,
                        1.1951472013990665,
                        -1.3456816373055518,
                        -2.312555197648338,
                        2.675844426140989,
                        -9.072035401737967e-29
                    ],
                    [
                        3.932168266761982e-30,
                        -2.1776337073486246e-28,
                        6.266657191116696e-29,
                        2.3765615066328247e-28,
                        -9.075271754220899e-29,
                        1e-06
                    ]
                ]
            },
            "est_tgt": [
                5
            ]
        },
        "obs": {
            "intv_type": "obs",
            "true_params": {
                "Si": [
                    [
                        1.0,
                        -0.6457712547805147,
                        1.0371787408938855,
                        1.536057305498444,
                        -1.2273260541459468,
                        -1.8812543907947483
                    ],
                    [
                        -0.6457712547805147,
                        1.4170205135008005,
                        -0.8148372901643962,
                        -1.9540829883027557,
                        1.1891792707421573,
                        2.1169913580030206
                    ],
                    [
                        1.0371787408938855,
                        -0.8148372901643962,
                        2.0967812950550253,
                        2.7022376836771507,
                        -1.330487197954197,
                        -2.6944590429579143
                    ],
                    [
                        1.536057305498444,
                        -1.9540829883027557,
                        2.7022376836771507,
                        5.22513045090627,
                        -2.2668355102033577,
                        -4.98308267209422
                    ],
                    [
                        -1.2273260541459468,
                        1.1891792707421573,
                        -1.330487197954197,
                        -2.2668355102033577,
                        2.6636266608090287,
                        3.40895509756344
                    ],
                    [
                        -1.8812543907947483,
                        2.1169913580030206,
                        -2.6944590429579143,
                        -4.98308267209422,
                        3.40895509756344,
                        6.677928962543888
                    ]
                ],
                "mui": [
                    0.5,
                    0.17711437260974267,
                    0.9460608338341041,
                    1.2717111331791142,
                    0.0846406652927823,
                    -0.24046853847233574
                ],
                "Ai": [
                    [
                        0.0,
                        0.0,
                        0.0,
                        0.0,
                        0.0,
                        0.0
                    ],
                    [
                        -0.6457712547805147,
                        0.0,
                        0.0,
                        0.0,
                        0.0,
                        0.0
                    ],
                    [
                        0.9435050527021507,
                        -0.1450570732256775,
                        0.0,
                        0.0,
                        0.0,
                        0.0
                    ],
                    [
                        0.0,
                        -0.8215075890061211,
                        0.9695062955760338,
                        0.0,
                        0.0,
                        0.0
                    ],
                    [
                        -0.9712084056526603,
                        0.39660738473151136,
                        0.0,
                        -0.0,
                        0.0,
                        0.0
                    ],
                    [
                        0.0,
                        0.0,
                        -0.0,
                        -0.6316632003148912,
                        0.7422506140558176,
                        0.0
                    ]
                ]
            },
            "est_params": {
                "mui": [
                    0.5263307496566787,
                    0.155492853399504,
                    0.9741444347097963,
                    1.313556463413792,
                    0.07218316900889583,
                    -0.27683163968681956
                ],
                "Si": [
                    [
                        0.9681980767541781,
                        -0.6086364826840573,
                        1.025634968977693,
