{
    "expt_args": {
        "save_dir": "expt_logs_29.04.24-3",
        "exp_name": "157",
        "num_nodes": 6,
        "obs_noise_mean": 0.5,
        "obs_noise_var": 1.0,
        "max_edge_strength": 20.0,
        "num_parents": 2,
        "new_noise_mean": 10.0,
        "mix_samples": 32768,
        "stage2_samples": 32768,
        "intv_targets": [
            0,
            1,
            2,
            3,
            4,
            5
        ]
    },
    "intv_args_dict": {
        "0": {
            "intv_type": "do",
            "inode": 0,
            "new_mui": 10.0,
            "true_params": {
                "Si": [
                    [
                        2.1760670756759474e-33,
                        -3.8911541900131957e-32,
                        4.626129032476409e-17,
                        5.774732296341127e-16,
                        1.2257246003183656e-18,
                        3.415547976079951e-16
                    ],
                    [
                        -3.8911541900131957e-32,
                        0.9999999999999762,
                        12.005748827090056,
                        135.6168100428396,
                        -16.201181528901138,
                        88.81491820840725
                    ],
                    [
                        4.626129032476409e-17,
                        12.005748827090056,
                        145.13800489917762,
                        1640.5381641066738,
                        -194.50731613808253,
                        1073.6872992849578
                    ],
                    [
                        5.774732296341127e-16,
                        135.6168100428396,
                        1640.5381641066738,
                        18545.609820745365,
                        -2197.1525578745996,
                        12136.207825215724
                    ],
                    [
                        1.2257246003183656e-18,
                        -16.201181528901138,
                        -194.50731613808253,
                        -2197.1525578745996,
                        263.4782829324136,
                        -1438.906612368947
                    ],
                    [
                        3.415547976079951e-16,
                        88.81491820840725,
                        1073.6872992849578,
                        12136.207825215724,
                        -1438.906612368947,
                        7943.815649468519
                    ]
                ],
                "mui": [
                    10.000000000000068,
                    -164.72006426568345,
                    -1929.2221265886315,
                    -21740.665431165682,
                    2690.763810384155,
                    -14079.313227513161
                ],
                "Ai": [
                    [
                        0.0,
                        0.0,
                        0.0,
                        0.0,
                        0.0,
                        0.0
                    ],
                    [
                        -16.522006426568538,
                        0.0,
                        0.0,
                        0.0,
                        0.0,
                        0.0
                    ],
                    [
                        4.786559176734392,
                        12.005748827090333,
                        0.0,
                        0.0,
                        0.0,
                        0.0
                    ],
                    [
                        0.0,
                        -12.73589911167323,
                        12.356806001118898,
                        0.0,
                        0.0,
                        0.0
                    ],
                    [
                        2.160414776349218,
                        -16.20118152890152,
                        0.0,
                        -0.0,
                        0.0,
                        0.0
                    ],
                    [
                        19.199170915141266,
                        -0.0,
                        7.397699176248229,
                        0.0,
                        -0.0,
                        0.0
                    ]
                ]
            },
            "est_params": {
                "mui": [
                    10.000000000000032,
                    -164.7524972793725,
                    -1929.619546723721,
                    -21745.14497879676,
                    2691.293062848299,
                    -14082.267122183908
                ],
                "Si": [
                    [
                        1e-06,
                        -2.2669041324072945e-27,
                        -2.903777139989804e-26,
                        -7.096020395819808e-26,
                        -3.268449083094045e-27,
                        6.723272242731996e-26
                    ],
                    [
                        -2.2669041324072945e-27,
                        1.0409207295967409,
                        12.5081192716351,
                        141.28116602481813,
                        -16.871042429350965,
                        92.53482817705671
                    ],
                    [
                        -2.903777139989804e-26,
                        12.5081192716351,
                        151.2941855176461,
                        1709.9413880017576,
                        -202.72262599119833,
                        1119.2824964708723
                    ],
                    [
                        -7.096020395819808e-26,
                        141.28116602481813,
                        1709.9413880017576,
                        19328.020192806947,
                        -2289.7811013432884,
                        12650.251526103877
                    ],
                    [
                        -3.268449083094045e-27,
                        -16.871042429350965,
                        -202.72262599119833,
                        -2289.7811013432884,
                        274.4315255640743,
                        -1499.7375273021653
                    ],
                    [
                        6.723272242731996e-26,
                        92.53482817705671,
                        1119.2824964708723,
                        12650.251526103877,
                        -1499.7375273021653,
                        8281.51268301192
                    ]
                ]
            },
            "est_tgt": [
                0,
                1,
                2
            ]
        },
        "1": {
            "intv_type": "do",
            "inode": 1,
            "new_mui": 10.0,
            "true_params": {
                "Si": [
                    [
                        1.0,
                        5.4821830007625733e-17,
                        4.786559176734397,
                        59.146583159782324,
                        2.1604147763492176,
                        54.60869579393272
                    ],
                    [
                        5.4821830007625733e-17,
                        3.0083401536335313e-33,
                        2.624079335083741e-16,
                        3.2429200186231342e-15,
                        1.1843789161497958e-16,
                        2.9954070165049624e-15
                    ],
                    [
                        4.786559176734397,
                        2.624079335083741e-16,
                        23.911148752380274,
                        295.46542639705916,
                        10.340953173286938,
                        268.785453158194
                    ],
                    [
                        59.146583159782324,
                        3.2429200186231342e-15,
                        295.46542639705916,
                        3652.0089540263343,
                        127.78115222896153,
                        3321.3297005986333
                    ],
                    [
                        2.1604147763492176,
                        1.1843789161497958e-16,
                        10.340953173286938,
                        127.78115222896153,
                        5.66739200586804,
                        117.97743331037161
                    ],
                    [
                        54.60869579393272,
                        2.9954070165049624e-15,
                        268.785453158194,
                        3321.3297005986333,
                        117.97743331037161,
                        3037.835609416549
                    ]
                ],
                "mui": [
                    0.5000000000000148,
                    10.0,
                    122.95076785927061,
                    1392.4197950088794,
                    -160.4316079008406,
                    919.6523795691843
                ],
                "Ai": [
                    [
                        0.0,
                        0.0,
                        0.0,
                        0.0,
                        0.0,
                        0.0
                    ],
                    [
                        0.0,
                        0.0,
                        0.0,
                        0.0,
                        0.0,
                        0.0
                    ],
                    [
                        4.786559176734392,
                        12.005748827090333,
                        0.0,
                        0.0,
                        0.0,
                        0.0
                    ],
                    [
                        0.0,
                        -12.73589911167323,
                        12.356806001118898,
                        0.0,
                        0.0,
                        0.0
                    ],
                    [
                        2.160414776349218,
                        -16.20118152890152,
                        0.0,
                        -0.0,
                        0.0,
                        0.0
                    ],
                    [
                        19.199170915141266,
                        -0.0,
                        7.397699176248229,
                        0.0,
                        -0.0,
                        0.0
                    ]
                ]
            },
            "est_params": {
                "mui": [
                    0.4823988883989112,
                    9.999999157473676,
                    122.85719086520685,
                    1391.2555580316732,
                    -160.46253770936303,
                    918.6218311159593
                ],
                "Si": [
                    [
                        0.9893379722983402,
                        9.041624229140742e-07,
                        4.7390280860455425,
                        58.54659649527986,
                        2.1313529909196416,
                        54.081292417870344
                    ],
                    [
                        9.041624229140745e-07,
                        1.0036031211214027e-06,
                        3.4607409440339635e-06,
                        4.454143414876398e-05,
                        1.898514179917561e-06,
                        4.316335858490175e-05
                    ],
                    [
                        4.7390280860455425,
                        3.4607409440339635e-06,
                        23.72444319881737,
                        293.0970259227756,
                        10.240245545014837,
                        266.6459247788216
                    ],
                    [
                        58.54659649527986,
                        4.454143414876398e-05,
                        293.0970259227756,
                        3621.996419573767,
                        126.47516766624899,
                        3294.1668740686664
                    ],
                    [
                        2.1313529909196416,
                        1.898514179917561e-06,
                        10.240245545014835,
                        126.47516766624899,
                        5.570971015732269,
                        116.75250965015742
                    ],
                    [
                        54.081292417870344,
                        4.316335858490174e-05,
                        266.6459247788216,
                        3294.1668740686664,
                        116.75250965015742,
                        3013.594817822601
                    ]
                ]
            },
            "est_tgt": [
                1,
                2,
                4
            ]
        },
        "2": {
            "intv_type": "do",
            "inode": 2,
            "new_mui": 10.0,
            "true_params": {
                "Si": [
                    [
                        0.9999999999999987,
                        -16.522006426568502,
                        1.9042816142992609e-34,
                        210.42260697119318,
                        269.8364401148631,
                        19.199170915141238
                    ],
                    [
                        -16.522006426568502,
                        273.97669635957124,
                        -3.2955858303629345e-33,
                        -3489.3395637850294,
                        -4474.440579229042,
                        -317.20882524475104
                    ],
                    [
                        1.9042816142992609e-34,
                        -3.2955858303629345e-33,
                        3.4525143362780757e-34,
                        4.62027788707193e-32,
                        -4.683602368194531e-19,
                        -1.8575038958677145e-17
                    ],
                    [
                        210.42260697119318,
                        -3489.3395637850294,
                        4.62027788707193e-32,
                        44440.87665073602,
                        56986.0237982378,
                        4039.9395956495337
                    ],
                    [
                        269.8364401148631,
                        -4474.440579229042,
                        -4.683602368194531e-19,
                        56986.0237982378,
                        73075.18269679461,
                        5180.635932898536
                    ],
                    [
                        19.199170915141238,
                        -317.20882524475104,
                        -1.8575038958677145e-17,
                        4039.9395956495337,
                        5180.635932898536,
                        369.6081638288058
                    ]
                ],
                "mui": [
                    0.49999999999999967,
                    -7.7610032132842575,
                    9.999999999999998,
                    222.911413940949,
                    127.31762929298088,
                    84.0765772200529
                ],
                "Ai": [
                    [
                        0.0,
                        0.0,
                        0.0,
                        0.0,
                        0.0,
                        0.0
                    ],
                    [
                        -16.522006426568538,
                        0.0,
                        0.0,
                        0.0,
                        0.0,
                        0.0
                    ],
                    [
                        0.0,
                        0.0,
                        0.0,
                        0.0,
                        0.0,
                        0.0
                    ],
                    [
                        0.0,
                        -12.73589911167323,
                        12.356806001118898,
                        0.0,
                        0.0,
                        0.0
                    ],
                    [
                        2.160414776349218,
                        -16.20118152890152,
                        0.0,
                        -0.0,
                        0.0,
                        0.0
                    ],
                    [
                        19.199170915141266,
                        -0.0,
                        7.397699176248229,
                        0.0,
                        -0.0,
                        0.0
                    ]
                ]
            },
            "est_params": {
                "mui": [
                    0.49153151309898147,
                    -7.587169720353472,
                    10.000000000000004,
                    220.67792873325237,
                    124.4949774398024,
                    83.90729521458397
                ],
                "Si": [
                    [
                        1.0151707434673525,
                        -16.762170434905215,
                        1.1055176145981682e-31,
                        213.46477778941025,
                        273.7797828743593,
                        19.468430502667736
                    ],
                    [
                        -16.762170434905215,
                        277.77348064730506,
                        4.745636589494576e-30,
                        -3537.408723624383,
                        -4536.773380623944,
                        -321.47036646465057
                    ],
                    [
                        1.1055176145981682e-31,
                        4.745636589494576e-30,
                        1e-06,
                        1.0181547592006543e-28,
                        -5.177058097630446e-29,
                        7.42907837009969e-29
                    ],
                    [
                        213.46477778941025,
                        -3537.408723624383,
                        1.0181547592006543e-28,
                        45049.43634699169,
                        57775.24005567631,
                        4093.90954133012
                    ],
                    [
                        273.7797828743593,
                        -4536.773380623944,
                        -5.177058097630446e-29,
                        57775.24005567631,
                        74098.52089763283,
                        5250.613806256147
                    ],
                    [
                        19.468430502667736,
                        -321.47036646465057,
                        7.42907837009969e-29,
                        4093.90954133012,
                        5250.613806256147,
                        374.37002475381377
                    ]
                ]
            },
            "est_tgt": [
                2
            ]
        },
        "3": {
            "intv_type": "do",
            "inode": 3,
            "new_mui": 10.0,
            "true_params": {
                "Si": [
                    [
                        1.0000000000000133,
                        -16.52200642656848,
                        -193.57250010021914,
                        0.0,
                        269.83644011486285,
                        -1412.7919536205598
                    ],
                    [
                        -16.52200642656848,
                        273.9766963595666,
                        3210.211839489796,
                        0.0,
                        -4474.440579228967,
                        23430.97265533123
                    ],
                    [
                        -193.57250010021914,
                        3210.211839489796,
                        37615.45079994803,
                        0.0,
                        -52427.421647314455,
                        274551.35788308596
                    ],
                    [
                        0.0,
                        0.0,
                        0.0,
                        0.0,
                        0.0,
                        0.0
                    ],
                    [
                        269.83644011486285,
                        -4474.440579228967,
                        -52427.421647314455,
                        0.0,
                        73075.18269679339,
                        -382661.65800025815
                    ],
                    [
                        -1412.7919536205598,
                        23430.97265533123,
                        274551.35788308596,
                        0.0,
                        -382661.65800025815,
                        2003924.91986444
                    ]
                ],
                "mui": [
                    0.5000000000000033,
                    -7.761003213284191,
                    -90.28337563656383,
                    10.0,
                    127.31762929297983,
                    -657.7896681179469
                ],
                "Ai": [
                    [
                        0.0,
                        0.0,
                        0.0,
                        0.0,
                        0.0,
                        0.0
                    ],
                    [
                        -16.522006426568538,
                        0.0,
                        0.0,
                        0.0,
                        0.0,
                        0.0
                    ],
                    [
                        4.786559176734392,
                        12.005748827090333,
                        0.0,
                        0.0,
                        0.0,
                        0.0
                    ],
                    [
                        0.0,
                        0.0,
                        0.0,
                        0.0,
                        0.0,
                        0.0
                    ],
                    [
                        2.160414776349218,
                        -16.20118152890152,
                        0.0,
                        -0.0,
                        0.0,
                        0.0
                    ],
                    [
                        19.199170915141266,
                        -0.0,
                        7.397699176248229,
                        0.0,
                        -0.0,
                        0.0
                    ]
                ]
            },
            "est_params": {
                "mui": [
                    0.4825614773143216,
                    -7.483978676135297,
                    -87.0457036755648,
                    9.999999999999998,
                    122.80084991445104,
                    -634.1627342816868
                ],
                "Si": [
                    [
                        1.0104029209335537,
                        -16.692460104273977,
                        -195.57674215284064,
                        -1.8512376667525182e-31,
                        272.63114796853637,
                        -1427.411286518589
                    ],
                    [
                        -16.692460104273977,
                        276.7459577802172,
                        3242.7912500142243,
                        -2.4159620564919528e-30,
                        -4519.862523214578,
                        23668.575185704674
                    ],
                    [
                        -195.57674215284064,
                        3242.7912500142243,
                        37998.77424002354,
                        1.197195483350923e-29,
                        -52961.799700100484,
                        277346.9886476724
                    ],
                    [
                        -1.8512376667525182e-31,
                        -2.4159620564919528e-30,
                        1.197195483350923e-29,
                        1e-06,
                        -2.4591042360721663e-30,
                        2.6575582621411483e-29
                    ],
                    [
                        272.63114796853637,
                        -4519.862523214578,
                        -52961.799700100484,
                        -2.4591042360721663e-30,
                        73820.18747946402,
                        -386558.9334381304
                    ],
                    [
                        -1427.411286518589,
                        23668.575185704674,
                        277346.9886476724,
                        2.381448312827782e-29,
                        -386558.9334381304,
                        2024313.7830379931
                    ]
                ]
            },
            "est_tgt": [
                3
            ]
        },
        "4": {
            "intv_type": "do",
            "inode": 4,
            "new_mui": 10.0,
            "true_params": {
                "Si": [
                    [
                        0.9999999999999898,
                        -16.522006426568336,
                        -193.57250010021775,
                        -2181.5152239187682,
                        0.0,
                        -1412.79195362055
                    ],
                    [
                        -16.522006426568336,
                        273.9766963595682,
                        3210.2118394898207,
                        36178.625359285754,
                        0.0,
                        23430.97265533141
                    ],
                    [
                        -193.57250010021775,
                        3210.2118394898207,
                        37615.45079994836,
                        423921.89406475326,
                        0.0,
                        274551.3578830886
                    ],
                    [
                        -2181.5152239187682,
                        36178.625359285754,
                        423921.89406475326,
                        4777554.282010147,
                        0.0,
                        3094163.3628784153
                    ],
                    [
                        0.0,
                        0.0,
                        0.0,
                        0.0,
                        0.0,
                        0.0
                    ],
                    [
                        -1412.79195362055,
                        23430.97265533141,
                        274551.3578830886,
                        3094163.3628784153,
                        0.0,
                        2003924.9198644594
                    ]
                ],
                "mui": [
                    0.499999999999997,
                    -7.761003213284212,
                    -90.28337563656423,
                    -1016.270803937409,
                    10.0,
                    -657.7896681179501
                ],
                "Ai": [
                    [
                        0.0,
                        0.0,
                        0.0,
                        0.0,
                        0.0,
                        0.0
                    ],
                    [
                        -16.522006426568538,
                        0.0,
                        0.0,
                        0.0,
                        0.0,
                        0.0
                    ],
                    [
                        4.786559176734392,
                        12.005748827090333,
                        0.0,
                        0.0,
                        0.0,
                        0.0
                    ],
                    [
                        0.0,
                        -12.73589911167323,
                        12.356806001118898,
                        0.0,
                        0.0,
                        0.0
                    ],
                    [
                        0.0,
                        0.0,
                        0.0,
                        0.0,
                        0.0,
                        0.0
                    ],
                    [
                        19.199170915141266,
                        -0.0,
                        7.397699176248229,
                        0.0,
                        -0.0,
                        0.0
                    ]
                ]
            },
            "est_params": {
                "mui": [
                    0.014310873549930348,
                    0.02936984045669278,
                    0.76397592881273,
                    9.555154722276868,
                    0.35794715087856116,
                    6.7070478026075175
                ],
                "Si": [
                    [
                        0.0025980800438545957,
                        -0.000881392038188788,
                        -0.010842546833508306,
                        -0.12897720904637108,
                        0.03653570828209925,
                        -0.04620254226550594
                    ],
                    [
                        -0.0008813920381887879,
                        0.019299702967864707,
                        0.14375358073666933,
                        1.5197676816380052,
                        -0.33079691602584793,
                        1.0566155488608202
                    ],
                    [
                        -0.010842546833508307,
                        0.14375358073666933,
                        1.3672835001626913,
                        14.89157900182529,
                        -2.51400584773209,
                        9.918910223173269
                    ],
                    [
                        -0.12897720904637108,
                        1.5197676816380052,
                        14.89157900182529,
                        163.50705022076613,
                        -26.740807389241972,
                        107.61391948163364
                    ],
                    [
                        0.036535708282099254,
                        -0.330796916025848,
                        -2.51400584773209,
                        -26.740807389241972,
                        6.5913493985686475,
                        -18.144477154334858
                    ],
                    [
                        -0.046202542265505936,
                        1.0566155488608202,
                        9.918910223173269,
                        107.61391948163364,
                        -18.144477154334858,
                        73.6934669757238
                    ]
                ]
            },
            "est_tgt": [
                0,
                1,
                2,
                3,
                4,
                5
            ]
        },
        "5": {
            "intv_type": "do",
            "inode": 5,
            "new_mui": 10.0,
            "true_params": {
                "Si": [
                    [
                        0.9999999999999998,
                        -16.522006426568534,
                        -193.57250010021977,
                        -2181.5152239187905,
                        269.8364401148636,
                        0.0
                    ],
                    [
                        -16.522006426568534,
                        273.9766963595721,
                        3210.2118394898607,
                        36178.625359286205,
                        -4474.440579229055,
                        0.0
                    ],
                    [
                        -193.57250010021977,
                        3210.2118394898607,
                        37615.45079994877,
                        423921.8940647579,
                        -52427.42164731548,
                        0.0
                    ],
                    [
                        -2181.5152239187905,
                        36178.625359286205,
                        423921.8940647579,
                        4777554.282010199,
                        -590849.4546365009,
                        0.0
                    ],
                    [
                        269.8364401148636,
                        -4474.440579229055,
                        -52427.42164731548,
                        -590849.4546365009,
                        73075.18269679481,
                        0.0
                    ],
                    [
                        0.0,
                        0.0,
                        0.0,
                        0.0,
                        0.0,
                        0.0
                    ]
                ],
                "mui": [
                    0.49999999999999994,
                    -7.761003213284269,
                    -90.28337563656473,
                    -1016.2708039374147,
                    127.31762929298107,
                    10.0
                ],
                "Ai": [
                    [
                        0.0,
                        0.0,
                        0.0,
                        0.0,
                        0.0,
                        0.0
                    ],
                    [
                        -16.522006426568538,
                        0.0,
                        0.0,
                        0.0,
                        0.0,
                        0.0
                    ],
                    [
                        4.786559176734392,
                        12.005748827090333,
                        0.0,
                        0.0,
                        0.0,
                        0.0
                    ],
                    [
                        0.0,
                        -12.73589911167323,
                        12.356806001118898,
                        0.0,
                        0.0,
                        0.0
                    ],
                    [
                        2.160414776349218,
                        -16.20118152890152,
                        0.0,
                        -0.0,
                        0.0,
                        0.0
                    ],
                    [
                        0.0,
                        0.0,
                        0.0,
                        0.0,
                        0.0,
                        0.0
                    ]
                ]
            },
            "est_params": {
                "mui": [
                    0.5107101028819474,
                    -7.9468018282417905,
                    -92.46121169490351,
                    -1040.8138815592356,
                    130.34224820855246,
                    10.0
                ],
                "Si": [
                    [
                        0.9769405454341343,
                        -16.129075133335817,
                        -188.9708544270153,
                        -2129.651799870505,
                        263.44211174019176,
                        0.0
                    ],
                    [
                        -16.129075133335817,
                        267.24988591739964,
                        3131.433548796995,
                        35290.7450180159,
                        -4364.954667922539,
                        0.0
                    ],
                    [
                        -188.9708544270153,
                        3131.433548796995,
                        36692.84718779827,
                        413523.5393358705,
                        -51145.221962869306,
                        0.0
                    ],
                    [
                        -2129.651799870505,
                        35290.7450180159,
                        413523.5393358705,
                        4660357.84519824,
                        -576398.248087532,
                        0.0
                    ],
                    [
                        263.44211174019176,
                        -4364.954667922539,
                        -51145.221962869306,
                        -576398.248087532,
                        71293.20901476589,
                        0.0
                    ],
                    [
                        0.0,
                        0.0,
                        0.0,
                        0.0,
                        0.0,
                        1e-06
                    ]
                ]
            },
            "est_tgt": [
                5
            ]
        },
        "obs": {
            "intv_type": "obs",
            "true_params": {
                "Si": [
                    [
                        1.0000000000000133,
                        -16.522006426568456,
                        -193.57250010021892,
                        -2181.5152239187805,
                        269.8364401148624,
                        -1412.7919536205582
                    ],
                    [
                        -16.522006426568456,
                        273.9766963595657,
                        3210.2118394897875,
                        36178.625359285375,
                        -4474.440579228953,
                        23430.972655331167
                    ],
                    [
                        -193.57250010021892,
                        3210.2118394897875,
                        37615.45079994793,
                        423921.8940647483,
                        -52427.42164731431,
                        274551.3578830853
                    ],
                    [
                        -2181.5152239187805,
                        36178.625359285375,
                        423921.8940647483,
                        4777554.28201009,
                        -590849.4546364873,
                        3094163.3628783785
                    ],
                    [
                        269.8364401148624,
                        -4474.440579228953,
                        -52427.42164731431,
                        -590849.4546364873,
                        73075.18269679316,
                        -382661.65800025704
                    ],
                    [
                        -1412.7919536205582,
                        23430.972655331167,
                        274551.3578830853,
                        3094163.3628783785,
                        -382661.65800025704,
                        2003924.9198644357
                    ]
                ],
                "mui": [
                    0.5000000000000033,
                    -7.761003213284179,
                    -90.28337563656372,
                    -1016.2708039374029,
                    127.31762929297963,
                    -657.7896681179462
                ],
                "Ai": [
                    [
                        0.0,
                        0.0,
                        0.0,
                        0.0,
                        0.0,
                        0.0
                    ],
                    [
                        -16.522006426568538,
                        0.0,
                        0.0,
                        0.0,
                        0.0,
                        0.0
                    ],
                    [
                        4.786559176734392,
                        12.005748827090333,
                        0.0,
                        0.0,
                        0.0,
                        0.0
                    ],
                    [
                        0.0,
                        -12.73589911167323,
                        12.356806001118898,
                        0.0,
                        0.0,
                        0.0
                    ],
                    [
                        2.160414776349218,
                        -16.20118152890152,
                        0.0,
                        -0.0,
                        0.0,
                        0.0
                    ],
                    [
