{
    "expt_args": {
        "save_dir": "expt_logs_29.04.24-3",
        "exp_name": "93",
        "num_nodes": 6,
        "obs_noise_mean": 0.5,
        "obs_noise_var": 1.0,
        "max_edge_strength": 20.0,
        "num_parents": 2,
        "new_noise_mean": 10.0,
        "mix_samples": 32768,
        "stage2_samples": 32768,
        "intv_targets": [
            0,
            1,
            2,
            3,
            4,
            5
        ]
    },
    "intv_args_dict": {
        "0": {
            "intv_type": "do",
            "inode": 0,
            "new_mui": 10.0,
            "true_params": {
                "Si": [
                    [
                        0.0,
                        0.0,
                        0.0,
                        0.0,
                        0.0,
                        0.0
                    ],
                    [
                        0.0,
                        0.9999999999999998,
                        16.434004611130486,
                        54.435369328675634,
                        -12.318379803067572,
                        275.21370603791837
                    ],
                    [
                        0.0,
                        16.434004611130486,
                        271.0765075586582,
                        898.2083299211574,
                        -202.4403104852692,
                        4539.609914342244
                    ],
                    [
                        0.0,
                        54.435369328675634,
                        898.2083299211574,
                        2977.2937098846523,
                        -670.5555541108821,
                        15041.935859279663
                    ],
                    [
                        0.0,
                        -12.318379803067572,
                        -202.4403104852692,
                        -670.5555541108821,
                        152.7424809726231,
                        -3390.186957984871
                    ],
                    [
                        0.0,
                        275.21370603791837,
                        4539.609914342244,
                        15041.935859279663,
                        -3390.186957984871,
                        76024.03261168813
                    ]
                ],
                "mui": [
                    10.00000000000001,
                    -138.64459733731218,
                    -2085.9404026712928,
                    -6850.190371966313,
                    1596.4667976240157,
                    -34857.88202450328
                ],
                "Ai": [
                    [
                        0.0,
                        0.0,
                        0.0,
                        0.0,
                        0.0,
                        0.0
                    ],
                    [
                        -13.91445973373122,
                        0.0,
                        0.0,
                        0.0,
                        0.0,
                        0.0
                    ],
                    [
                        19.20455492784263,
                        16.434004611130494,
                        0.0,
                        0.0,
                        0.0,
                        0.0
                    ],
                    [
                        0.0,
                        -5.010030397023646,
                        3.617219365110672,
                        0.0,
                        0.0,
                        0.0
                    ],
                    [
                        -11.191001002036712,
                        -12.318379803067577,
                        -0.0,
                        0.0,
                        0.0,
                        0.0
                    ],
                    [
                        7.4028083534507685,
                        0.0,
                        16.74660026878175,
                        0.0,
                        -0.0,
                        0.0
                    ]
                ]
            },
            "est_params": {
                "mui": [
                    10.000000000000002,
                    -138.6487624705242,
                    -2086.0083271644075,
                    -6850.420539072985,
                    1596.5328290323048,
                    -34859.029306926896
                ],
                "Si": [
                    [
                        1e-06,
                        -8.466646417069779e-30,
                        -4.211967845597567e-27,
                        3.149376756413217e-27,
                        2.7316744857886584e-27,
                        -2.5142553200130414e-26
                    ],
                    [
                        -8.466646417069779e-30,
                        0.9969686918004574,
                        16.383377156642037,
                        54.25745697070161,
                        -12.278350133632934,
                        274.36903067433565
                    ],
                    [
                        -4.211967845597567e-27,
                        16.383377156642037,
                        270.20891045406006,
                        895.1501643539746,
                        -201.76684441441014,
                        4525.113690127825
                    ],
                    [
                        3.149376756413217e-27,
                        54.25745697070161,
                        895.1501643539746,
                        2966.5346287966963,
                        -668.2085948377672,
                        14990.80966498716
                    ],
                    [
                        2.7316744857886584e-27,
                        -12.278350133632934,
                        -201.76684441441014,
                        -668.2085948377672,
                        152.1949529796849,
                        -3378.9461079362145
                    ],
                    [
                        -2.5142553200130414e-26,
                        274.36903067433565,
                        4525.113690127825,
                        14990.80966498716,
                        -3378.9461079362145,
                        75781.80719880889
                    ]
                ]
            },
            "est_tgt": [
                0
            ]
        },
        "1": {
            "intv_type": "do",
            "inode": 1,
            "new_mui": 10.0,
            "true_params": {
                "Si": [
                    [
                        1.0000000000000036,
                        -1.794628342606811e-14,
                        19.204554927842405,
                        69.46708798332315,
                        -11.191001002036543,
                        329.0138130698903
                    ],
                    [
                        -1.794628342606811e-14,
                        3.22389185521251e-28,
                        -3.4521120716361613e-13,
                        -1.2486973681663298e-12,
                        2.0091081449294397e-13,
                        -5.91397447249405e-12
                    ],
                    [
                        19.204554927842405,
                        -3.4521120716361613e-13,
                        369.81492997651463,
                        1337.7017262180962,
                        -214.9181934411494,
                        6335.310445388341
                    ],
                    [
                        69.46708798332315,
                        -1.2486973681663298e-12,
                        1337.7017262180962,
                        4839.760588818073,
                        -777.4062512299273,
                        22916.207627046628
                    ],
                    [
                        -11.191001002036543,
                        2.0091081449294397e-13,
                        -214.9181934411494,
                        -777.4062512299273,
                        126.23850342758249,
                        -3681.993911748994
                    ],
                    [
                        329.0138130698903,
                        -5.91397447249405e-12,
                        6335.310445388341,
                        22916.207627046628,
                        -3681.993911748994,
                        108531.5378113507
                    ]
                ],
                "mui": [
                    0.49999999999991934,
                    9.999999999999954,
                    174.44232357522395,
                    581.3958469609655,
                    -128.27929853169243,
                    2925.5172670484835
                ],
                "Ai": [
                    [
                        0.0,
                        0.0,
                        0.0,
                        0.0,
                        0.0,
                        0.0
                    ],
                    [
                        0.0,
                        0.0,
                        0.0,
                        0.0,
                        0.0,
                        0.0
                    ],
                    [
                        19.20455492784263,
                        16.434004611130494,
                        0.0,
                        0.0,
                        0.0,
                        0.0
                    ],
                    [
                        0.0,
                        -5.010030397023646,
                        3.617219365110672,
                        0.0,
                        0.0,
                        0.0
                    ],
                    [
                        -11.191001002036712,
                        -12.318379803067577,
                        -0.0,
                        0.0,
                        0.0,
                        0.0
                    ],
                    [
                        7.4028083534507685,
                        0.0,
                        16.74660026878175,
                        0.0,
                        -0.0,
                        0.0
                    ]
                ]
            },
            "est_params": {
                "mui": [
                    0.4902800462949776,
                    10.000000000019313,
                    174.25898519987373,
                    580.7464707802802,
                    -128.15625097530997,
                    2922.3634619549493
                ],
                "Si": [
                    [
                        1.0416096602355476,
                        -2.4386607860284667e-11,
                        20.00812111847916,
                        72.37841015355194,
                        -11.6616085090152,
                        342.80600997984163
                    ],
                    [
                        -2.4386607860284667e-11,
                        1.000000118806541e-06,
                        -4.769719219183447e-10,
                        -1.7153444666823017e-09,
                        2.9624289604818153e-10,
                        -8.140056613387674e-09
                    ],
                    [
                        20.00812111847916,
                        -4.769719219183448e-10,
                        385.35115091812673,
                        1393.9920195853906,
                        -224.02568871823144,
                        6601.982123131217
                    ],
                    [
                        72.37841015355194,
                        -1.7153444666823017e-09,
                        1393.9920195853906,
                        5043.690487807423,
                        -810.4296911625997,
                        23882.433617243016
                    ],
                    [
                        -11.6616085090152,
                        2.9624289604818153e-10,
                        -224.02568871823144,
                        -810.4296911625997,
                        131.5629573165148,
                        -3838.2890544497777
                    ],
                    [
                        342.80600997984163,
                        -8.140056613387674e-09,
                        6601.982123131217,
                        23882.433617243016,
                        -3838.2890544497777,
                        113108.76031857386
                    ]
                ]
            },
            "est_tgt": [
                1
            ]
        },
        "2": {
            "intv_type": "do",
            "inode": 2,
            "new_mui": 10.0,
            "true_params": {
                "Si": [
                    [
                        1.0,
                        -13.91445973373122,
                        5.3036342030318054e-17,
                        69.71186622415497,
                        160.212598752555,
                        7.402808353450769
                    ],
                    [
                        -13.91445973373122,
                        194.6121896816275,
                        -7.379720456052572e-16,
                        -975.0129859362855,
                        -2241.590133981931,
                        -103.00607875061985
                    ],
                    [
                        5.3036342030318054e-17,
                        -7.379720456052572e-16,
                        2.8128535759568814e-33,
                        3.69726238063606e-15,
                        8.497090185006615e-15,
                        3.9261787581851063e-16
                    ],
                    [
                        69.71186622415497,
                        -975.0129859362855,
                        3.69726238063606e-15,
                        4885.84469703358,
                        11230.434708917783,
                        516.063585618817
                    ],
                    [
                        160.212598752555,
                        -2241.590133981931,
                        8.497090185006615e-15,
                        11230.434708917783,
                        25820.819280019812,
                        1186.0231643734705
                    ],
                    [
                        7.402808353450769,
                        -103.00607875061985,
                        3.9261787581851063e-16,
                        516.063585618817,
                        1186.0231643734705,
                        55.80157151792049
                    ]
                ],
                "mui": [
                    0.5,
                    -6.45722986686561,
                    10.0,
                    69.02311156467238,
                    74.44710947474371,
                    171.6674068645429
                ],
                "Ai": [
                    [
                        0.0,
                        0.0,
                        0.0,
                        0.0,
                        0.0,
                        0.0
                    ],
                    [
                        -13.91445973373122,
                        0.0,
                        0.0,
                        0.0,
                        0.0,
                        0.0
                    ],
                    [
                        0.0,
                        0.0,
                        0.0,
                        0.0,
                        0.0,
                        0.0
                    ],
                    [
                        0.0,
                        -5.010030397023646,
                        3.617219365110672,
                        0.0,
                        0.0,
                        0.0
                    ],
                    [
                        -11.191001002036712,
                        -12.318379803067577,
                        -0.0,
                        0.0,
                        0.0,
                        0.0
                    ],
                    [
                        7.4028083534507685,
                        0.0,
                        16.74660026878175,
                        0.0,
                        -0.0,
                        0.0
                    ]
                ]
            },
            "est_params": {
                "mui": [
                    0.5152516241383954,
                    -6.673344726095817,
                    -44.22704710487541,
                    -126.04651671432231,
                    76.94674312567035,
                    90.40333936771273
                ],
                "Si": [
                    [
                        0.9978760258050149,
                        -13.870049295517763,
                        -102.48562069545287,
                        -301.23817683638026,
                        159.69246861672357,
                        4.25316349136318
                    ],
                    [
                        -13.870049295517763,
                        193.80403002842766,
                        1431.2515504062333,
                        4206.382833276732,
                        -2232.1808370898166,
                        -60.13659341482598
                    ],
                    [
                        -102.48562069545287,
                        1431.2515504062333,
                        24537.18341918422,
                        81584.70904017394,
                        -16482.68869839801,
                        4360.03116441128
                    ],
                    [
                        -301.23817683638026,
                        4206.382833276732,
                        81584.70904017394,
                        274031.89454758563,
                        -48440.451160297016,
                        16070.963524283105
                    ],
                    [
                        159.69246861672357,
                        -2232.1808370898166,
                        -16482.68869839801,
                        -48440.451160297016,
                        25711.29197731871,
                        694.2122982380388
                    ],
                    [
                        4.25316349136318,
                        -60.13659341482598,
                        4360.03116441128,
                        16070.963524283105,
                        694.2122982380388,
                        6575.691300877932
                    ]
                ]
            },
            "est_tgt": [
                2,
                5
            ]
        },
        "3": {
            "intv_type": "do",
            "inode": 3,
            "new_mui": 10.0,
            "true_params": {
                "Si": [
                    [
                        1.0000000000000022,
                        -13.914459733731235,
                        -209.465740497686,
                        0.0,
                        160.21259875255512,
                        -3500.4362177656667
                    ],
                    [
                        -13.914459733731235,
                        194.61218968162746,
                        2931.036616362372,
                        0.0,
                        -2241.59013398193,
                        48981.892508632634
                    ],
                    [
                        -209.465740497686,
                        2931.036616362372,
                        44146.9729498025,
                        0.0,
                        -33761.4909452478,
                        737761.0743335452
                    ],
                    [
                        0.0,
                        0.0,
                        0.0,
                        0.0,
                        0.0,
                        0.0
                    ],
                    [
                        160.21259875255512,
                        -2241.59013398193,
                        -33761.4909452478,
                        0.0,
                        25820.819280019794,
                        -564204.170173786
                    ],
                    [
                        -3500.4362177656667,
                        48981.892508632634,
                        737761.0743335452,
                        0.0,
                        -564204.170173786,
                        12329077.747257264
                    ]
                ],
                "mui": [
                    0.5000000000000006,
                    -6.457229866865609,
                    -96.01586794327764,
                    10.0,
                    74.44710947474368,
                    -1603.7379557294812
                ],
                "Ai": [
                    [
                        0.0,
                        0.0,
                        0.0,
                        0.0,
                        0.0,
                        0.0
                    ],
                    [
                        -13.91445973373122,
                        0.0,
                        0.0,
                        0.0,
                        0.0,
                        0.0
                    ],
                    [
                        19.20455492784263,
                        16.434004611130494,
                        0.0,
                        0.0,
                        0.0,
                        0.0
                    ],
                    [
                        0.0,
                        0.0,
                        0.0,
                        0.0,
                        0.0,
                        0.0
                    ],
                    [
                        -11.191001002036712,
                        -12.318379803067577,
                        -0.0,
                        0.0,
                        0.0,
                        0.0
                    ],
                    [
                        7.4028083534507685,
                        0.0,
                        16.74660026878175,
                        0.0,
                        -0.0,
                        0.0
                    ]
                ]
            },
            "est_params": {
                "mui": [
                    0.49487319288666665,
                    -6.391584297131979,
                    -95.00445139414865,
                    9.999999999999995,
                    73.71925322977671,
                    -1586.8539981956224
                ],
                "Si": [
                    [
                        0.9862625379541511,
                        -13.738227618507949,
                        -206.8442022296481,
                        9.720477376411899e-31,
                        158.1942912586826,
                        -3456.6556809795247
                    ],
                    [
                        -13.738227618507949,
                        192.36973810701946,
                        2897.737866127293,
                        -9.469713327589067e-30,
                        -2215.9163074216326,
                        48425.818847350136
                    ],
                    [
                        -206.8442022296481,
                        2897.737866127293,
                        43652.66244273105,
                        -2.2520229416863294e-28,
                        -33380.26278113777,
                        729506.3840308808
                    ],
                    [
                        9.747441252629407e-31,
                        -9.469713327589067e-30,
                        -2.2520229416863294e-28,
                        1e-06,
                        5.504944968566584e-29,
                        -2.404918905390091e-27
                    ],
                    [
                        158.1942912586826,
                        -2215.9163074216326,
                        -33380.26278113777,
                        5.539458730124994e-29,
                        25526.904728179077,
                        -557837.8556369684
                    ],
                    [
                        -3456.6556809795247,
                        48425.818847350136,
                        729506.3840308808,
                        -2.4270077127874742e-27,
                        -557837.8556369684,
                        12191229.402458332
                    ]
                ]
            },
            "est_tgt": [
                3
            ]
        },
        "4": {
            "intv_type": "do",
            "inode": 4,
            "new_mui": 10.0,
            "true_params": {
                "Si": [
                    [
                        1.0000000000000022,
                        -13.914459733731235,
                        -209.465740497686,
                        -687.9716666313215,
                        0.0,
                        -3500.4362177656667
                    ],
                    [
                        -13.914459733731235,
                        194.61218968162746,
                        2931.036616362372,
                        9627.189422618145,
                        0.0,
                        48981.892508632634
                    ],
                    [
                        -209.465740497686,
                        2931.036616362372,
                        44146.9729498025,
                        145004.70292227776,
                        0.0,
                        737761.0743335452
                    ],
                    [
                        -687.9716666313215,
                        9627.189422618145,
                        145004.70292227776,
                        476282.30779736163,
                        0.0,
                        2423242.874532159
                    ],
                    [
                        0.0,
                        0.0,
                        0.0,
                        0.0,
                        0.0,
                        0.0
                    ],
                    [
                        -3500.4362177656667,
                        48981.892508632634,
                        737761.0743335452,
                        2423242.874532159,
                        0.0,
                        12329077.747257264
                    ]
                ],
                "mui": [
                    0.5000000000000006,
                    -6.457229866865609,
                    -96.01586794327764,
                    -314.45953896876716,
                    10.0,
                    -1603.7379557294812
                ],
                "Ai": [
                    [
                        0.0,
                        0.0,
                        0.0,
                        0.0,
                        0.0,
                        0.0
                    ],
                    [
                        -13.91445973373122,
                        0.0,
                        0.0,
                        0.0,
                        0.0,
                        0.0
                    ],
                    [
                        19.20455492784263,
                        16.434004611130494,
                        0.0,
                        0.0,
                        0.0,
                        0.0
                    ],
                    [
                        0.0,
                        -5.010030397023646,
                        3.617219365110672,
                        0.0,
                        0.0,
                        0.0
                    ],
                    [
                        0.0,
                        0.0,
                        0.0,
                        0.0,
                        0.0,
                        0.0
                    ],
                    [
                        7.4028083534507685,
                        0.0,
                        16.74660026878175,
                        0.0,
                        -0.0,
                        0.0
                    ]
                ]
            },
            "est_params": {
                "mui": [
                    1.5199423805784718,
                    -20.825771840017463,
                    -312.49602698674954,
                    -1025.474626534736,
                    9.999999999999993,
                    -5221.426160803766
                ],
                "Si": [
                    [
                        0.49804230397480226,
                        -6.853906362756317,
                        -103.07735295810406,
                        -338.55401794545804,
                        1.080513566579639e-29,
                        -1722.533612197097
                    ],
                    [
                        -6.853906362756317,
                        95.25488691627511,
                        1433.750177128881,
                        4709.524094269458,
                        -1.373898044922455e-28,
                        23960.065713406424
                    ],
                    [
                        -103.07735295810406,
                        1433.750177128881,
                        21582.857800248858,
                        70895.36422516583,
                        -2.7835174390128938e-27,
                        360681.9397760266
                    ],
                    [
                        -338.55401794545804,
                        4709.524094269458,
                        70895.36422516583,
                        232878.32456833305,
                        -7.389739617622912e-27,
                        1184768.1136210307
                    ],
                    [
                        1.0808713525288377e-29,
                        -1.377332790034761e-28,
                        -2.7697784585636692e-27,
                        -7.404394530102085e-27,
                        1e-06,
                        -3.4395079588618685e-26
                    ],
                    [
                        -1722.533612197097,
                        23960.06571340643,
                        360681.9397760264,
                        1184768.1136210307,
                        -3.4453699238535376e-26,
                        6027537.785146574
                    ]
                ]
            },
            "est_tgt": [
                0,
                1,
                2,
                3,
                4,
                5
            ]
        },
        "5": {
            "intv_type": "do",
            "inode": 5,
            "new_mui": 10.0,
            "true_params": {
                "Si": [
                    [
                        0.9999999999999991,
                        -13.914459733731213,
                        -209.46574049768572,
                        -687.9716666313204,
                        160.2125987525549,
                        0.0
                    ],
                    [
                        -13.914459733731213,
                        194.61218968162746,
                        2931.036616362372,
                        9627.189422618147,
                        -2241.5901339819306,
                        0.0
                    ],
                    [
                        -209.46574049768572,
                        2931.036616362372,
                        44146.97294980251,
                        145004.7029222778,
                        -33761.49094524781,
                        0.0
                    ],
                    [
                        -687.9716666313204,
                        9627.189422618147,
                        145004.7029222778,
                        476282.3077973618,
                        -110892.28413324119,
                        0.0
                    ],
                    [
                        160.2125987525549,
                        -2241.5901339819306,
                        -33761.49094524781,
                        -110892.28413324119,
                        25820.819280019805,
                        0.0
                    ],
                    [
                        0.0,
                        0.0,
                        0.0,
                        0.0,
                        0.0,
                        0.0
                    ]
                ],
                "mui": [
                    0.4999999999999998,
                    -6.457229866865609,
                    -96.01586794327766,
                    -314.4595389687672,
                    74.4471094747437,
                    10.0
                ],
                "Ai": [
                    [
                        0.0,
                        0.0,
                        0.0,
                        0.0,
                        0.0,
                        0.0
                    ],
                    [
                        -13.91445973373122,
                        0.0,
                        0.0,
                        0.0,
                        0.0,
                        0.0
                    ],
                    [
                        19.20455492784263,
                        16.434004611130494,
                        0.0,
                        0.0,
                        0.0,
                        0.0
                    ],
                    [
                        0.0,
                        -5.010030397023646,
                        3.617219365110672,
                        0.0,
                        0.0,
                        0.0
                    ],
                    [
                        -11.191001002036712,
                        -12.318379803067577,
                        -0.0,
                        0.0,
                        0.0,
                        0.0
                    ],
                    [
                        0.0,
                        0.0,
                        0.0,
                        0.0,
                        0.0,
                        0.0
                    ]
                ]
            },
            "est_params": {
                "mui": [
                    0.25699154439853006,
                    -3.0408311223343794,
                    -44.5273202709231,
                    -145.35739037668586,
                    9.999999999999993,
                    -743.3167038857763
                ],
                "Si": [
                    [
                        0.7815581879759649,
                        -10.855210765293732,
                        -163.3905160040751,
                        -536.6173341722337,
                        1.0781063943030867e-30,
                        -2730.4828640959313
                    ],
                    [
                        -10.855210765293732,
                        151.78814656779355,
                        2286.087317725979,
                        7508.583002443089,
                        -1.4525365657605838e-29,
                        38204.30661241082
                    ],
                    [
                        -163.3905160040751,
                        2286.087317725979,
                        34433.7912251184,
                        113097.67281710387,
                        -2.91304679976871e-28,
                        575446.5400877815
                    ],
                    [
                        -536.6173341722337,
                        7508.583002443088,
                        113097.67281710387,
                        371470.2560276513,
                        -6.702133951000711e-28,
                        1890052.5381979197
                    ],
                    [
                        9.734519985540968e-31,
                        -1.3701419938693158e-29,
                        -2.840752207657662e-28,
                        -6.838217889092095e-28,
                        1e-06,
                        -3.1265284776495702e-27
                    ],
                    [
                        -2730.4828640959317,
                        38204.30661241082,
                        575446.5400877815,
                        1890052.5381979197,
                        -3.0142592287241775e-27,
                        9616680.4743636
                    ]
                ]
            },
            "est_tgt": [
                0,
                4,
                5
            ]
        },
        "obs": {
            "intv_type": "obs",
            "true_params": {
                "Si": [
                    [
                        1.0000000000000022,
                        -13.914459733731235,
                        -209.465740497686,
                        -687.9716666313215,
                        160.21259875255512,
                        -3500.4362177656667
                    ],
                    [
                        -13.914459733731235,
                        194.61218968162746,
                        2931.036616362372,
                        9627.189422618145,
                        -2241.59013398193,
                        48981.892508632634
                    ],
                    [
                        -209.465740497686,
                        2931.036616362372,
                        44146.9729498025,
                        145004.70292227776,
                        -33761.4909452478,
                        737761.0743335452
                    ],
                    [
                        -687.9716666313215,
                        9627.189422618145,
                        145004.70292227776,
                        476282.30779736163,
                        -110892.28413324115,
                        2423242.874532159
                    ],
                    [
                        160.21259875255512,
                        -2241.59013398193,
                        -33761.4909452478,
                        -110892.28413324115,
                        25820.819280019794,
                        -564204.170173786
                    ],
                    [
                        -3500.4362177656667,
                        48981.892508632634,
                        737761.0743335452,
                        2423242.874532159,
                        -564204.170173786,
                        12329077.747257264
                    ]
                ],
                "mui": [
                    0.5000000000000006,
                    -6.457229866865609,
                    -96.01586794327764,
                    -314.45953896876716,
                    74.44710947474368,
                    -1603.7379557294812
                ],
                "Ai": [
                    [
                        0.0,
                        0.0,
                        0.0,
                        0.0,
                        0.0,
                        0.0
                    ],
                    [
                        -13.91445973373122,
                        0.0,
                        0.0,
                        0.0,
                        0.0,
                        0.0
                    ],
                    [
                        19.20455492784263,
                        16.434004611130494,
                        0.0,
                        0.0,
                        0.0,
                        0.0
                    ],
                    [
                        0.0,
                        -5.010030397023646,
                        3.617219365110672,
                        0.0,
                        0.0,
                        0.0
                    ],
                    [
                        -11.191001002036712,
                        -12.318379803067577,
                        -0.0,
                        0.0,
                        0.0,
                        0.0
                    ],
                    [
                        7.4028083534507685,
                        0.0,
