{
    "expt_args": {
        "save_dir": "expt_logs_29.04.24-3",
        "exp_name": "102",
        "num_nodes": 4,
        "obs_noise_mean": 0.5,
        "obs_noise_var": 1.0,
        "max_edge_strength": 20.0,
        "num_parents": 2,
        "new_noise_mean": 10.0,
        "mix_samples": 65536,
        "stage2_samples": 65536,
        "intv_targets": [
            0,
            1,
            2,
            3
        ]
    },
    "intv_args_dict": {
        "0": {
            "intv_type": "do",
            "inode": 0,
            "new_mui": 10.0,
            "true_params": {
                "Si": [
                    [
                        8.996205220400118e-31,
                        9.484832745178028e-16,
                        7.005652782398977e-15,
                        9.130362408182162e-14
                    ],
                    [
                        9.484832745178028e-16,
                        1.0000000000000022,
                        7.386163752819552,
                        96.26276660306894
                    ],
                    [
                        7.005652782398977e-15,
                        7.386163752819552,
                        55.5554149834653,
                        724.0454077461354
                    ],
                    [
                        9.130362408182162e-14,
                        96.26276660306894,
                        724.0454077461354,
                        9437.375421447128
                    ]
                ],
                "mui": [
                    9.999999999999913,
                    -21.543914420671843,
                    -252.26884939994497,
                    -3324.843610752398
                ],
                "Ai": [
                    [
                        0.0,
                        0.0,
                        0.0,
                        0.0
                    ],
                    [
                        -2.2043914420671733,
                        0.0,
                        0.0,
                        0.0
                    ],
                    [
                        -9.364196961213313,
                        7.386163752819545,
                        0.0,
                        0.0
                    ],
                    [
                        -3.756145702725604,
                        -0.0,
                        13.032850316420635,
                        0.0
                    ]
                ]
            },
            "est_params": {
                "mui": [
                    9.999999999999947,
                    -21.54959874453222,
                    -252.30686415997948,
                    -3325.3479961093317
                ],
                "Si": [
                    [
                        1e-06,
                        9.340174227886529e-16,
                        6.895532032939437e-15,
                        8.989893632235862e-14
                    ],
                    [
                        9.340174227886529e-16,
                        0.9908465707899996,
                        7.321690980090662,
                        95.45326921559703
                    ],
                    [
                        6.895532032939437e-15,
                        7.321690980090662,
                        55.11495298032422,
                        718.5287838466822
                    ],
                    [
                        8.989893632235862e-14,
                        95.45326921559703,
                        718.5287838466822,
                        9368.395952110837
                    ]
                ]
            },
            "est_tgt": [
                0
            ]
        },
        "1": {
            "intv_type": "do",
            "inode": 1,
            "new_mui": 10.0,
            "true_params": {
                "Si": [
                    [
                        0.9999999999999931,
                        4.796554429482062e-15,
                        -9.364196961213214,
                        -125.79832303169835
                    ],
                    [
                        4.796554429482062e-15,
                        2.3006934394984146e-29,
                        -4.491588041285001e-14,
                        -6.033985035591122e-13
                    ],
                    [
                        -9.364196961213214,
                        -4.491588041285001e-14,
                        88.68818472839537,
                        1191.0331245755765
                    ],
                    [
                        -125.79832303169835,
                        -6.033985035591122e-13,
                        1191.0331245755765,
                        15996.07326495786
                    ]
                ],
                "mui": [
                    0.5000000000000622,
                    10.000000000000012,
                    69.6795390475883,
                    906.7449296730423
                ],
                "Ai": [
                    [
                        0.0,
                        0.0,
                        0.0,
                        0.0
                    ],
                    [
                        0.0,
                        0.0,
                        0.0,
                        0.0
                    ],
                    [
                        -9.364196961213313,
                        7.386163752819545,
                        0.0,
                        0.0
                    ],
                    [
                        -3.756145702725604,
                        -0.0,
                        13.032850316420635,
                        0.0
                    ]
                ]
            },
            "est_params": {
                "mui": [
                    0.49893339577784335,
                    9.99999999999999,
                    69.70126303861686,
                    907.042018192354
                ],
                "Si": [
                    [
                        1.004247433430477,
                        4.823283227329213e-15,
                        -9.39580345997396,
                        -126.22619000289374
                    ],
                    [
                        4.823283227329213e-15,
                        1e-06,
                        -4.512973172652848e-14,
                        -6.062821549351772e-13
                    ],
                    [
                        -9.39580345997396,
                        -4.512973172652848e-14,
                        88.89858892412235,
                        1193.8884634997978
                    ],
                    [
                        -126.22619000289374,
                        -6.062821549351774e-13,
                        1193.8884634997978,
                        16034.792093135104
                    ]
                ]
            },
            "est_tgt": [
                1
            ]
        },
        "2": {
            "intv_type": "do",
            "inode": 2,
            "new_mui": 10.0,
            "true_params": {
                "Si": [
                    [
                        1.0,
                        -2.2043914420671737,
                        3.199729408200634e-17,
                        -3.7561457027256036
                    ],
                    [
                        -2.2043914420671737,
                        5.859341629858994,
                        -7.05345612436814e-17,
                        8.28001544224571
                    ],
                    [
                        3.199729408200634e-17,
                        -7.05345612436814e-17,
                        1.023826828570398e-33,
                        -1.201864986649755e-16
                    ],
                    [
                        -3.7561457027256036,
                        8.28001544224571,
                        -1.201864986649755e-16,
                        15.108630540104018
                    ]
                ],
                "mui": [
                    0.5,
                    -0.6021957210335869,
                    9.999999999999998,
                    128.95043031284354
                ],
                "Ai": [
                    [
                        0.0,
                        0.0,
                        0.0,
                        0.0
                    ],
                    [
                        -2.2043914420671733,
                        0.0,
                        0.0,
                        0.0
                    ],
                    [
                        0.0,
                        0.0,
                        0.0,
                        0.0
                    ],
                    [
                        -3.756145702725604,
                        -0.0,
                        13.032850316420635,
                        0.0
                    ]
                ]
            },
            "est_params": {
                "mui": [
                    0.5026083848523435,
                    -0.6118988966057625,
                    10.000000331863639,
                    128.93291797364247
                ],
                "Si": [
                    [
                        0.991337368069142,
                        -2.1896013239158885,
                        -1.9416201292349528e-07,
                        -3.7225054343145985
                    ],
                    [
                        -2.1896013239158885,
                        5.834425342477706,
                        5.275490593516194e-07,
                        8.230902870076244
                    ],
                    [
                        -1.9416201292349528e-07,
                        5.275490593516194e-07,
                        1.0013014487028995e-06,
                        9.273353555845159e-07
                    ],
                    [
                        -3.7225054343145985,
                        8.230902870076244,
                        9.273353555845159e-07,
                        14.98103155700566
                    ]
                ]
            },
            "est_tgt": [
                2
            ]
        },
        "3": {
            "intv_type": "do",
            "inode": 3,
            "new_mui": 10.0,
            "true_params": {
                "Si": [
                    [
                        1.0,
                        -2.2043914420671724,
                        -25.646193127635467,
                        0.0
                    ],
                    [
                        -2.2043914420671724,
                        5.859341629858988,
                        63.92041240498109,
                        0.0
                    ],
                    [
                        -25.646193127635467,
                        63.92041240498109,
                        713.2826369234419,
                        0.0
                    ],
                    [
                        0.0,
                        0.0,
                        0.0,
                        0.0
                    ]
                ],
                "mui": [
                    0.5,
                    -0.6021957210335863,
                    -8.630014687407963,
                    10.0
                ],
                "Ai": [
                    [
                        0.0,
                        0.0,
                        0.0,
                        0.0
                    ],
                    [
                        -2.2043914420671733,
                        0.0,
                        0.0,
                        0.0
                    ],
                    [
                        -9.364196961213313,
                        7.386163752819545,
                        0.0,
                        0.0
                    ],
                    [
                        0.0,
                        0.0,
                        0.0,
                        0.0
                    ]
                ]
            },
            "est_params": {
                "mui": [
                    0.4973854650741724,
                    -0.6021777198297896,
                    -8.61329755934292,
                    9.999999999999991
                ],
                "Si": [
                    [
                        0.980183966012514,
                        -2.1376167668086445,
                        -24.962153854503942,
                        1.586032584994591e-30
                    ],
                    [
                        -2.1376167668086445,
                        5.682309471259097,
                        61.985901581347555,
                        -2.8735405182901394e-30
                    ],
                    [
                        -24.962153854503942,
                        61.985901581347555,
                        692.5094206979539,
                        -2.3111585937990396e-29
                    ],
                    [
                        1.586032584994591e-30,
                        -2.865836656310809e-30,
                        -2.3111585937990396e-29,
                        1e-06
                    ]
                ]
            },
            "est_tgt": [
                3
            ]
        },
        "obs": {
            "intv_type": "obs",
            "true_params": {
                "Si": [
                    [
                        0.9999999999999827,
                        -2.2043914420671644,
                        -25.646193127635243,
                        -337.9991419212113
                    ],
                    [
                        -2.2043914420671644,
                        5.859341629859044,
                        63.920412404981434,
                        841.3451824802454
                    ],
                    [
                        -25.646193127635243,
                        63.920412404981434,
                        713.2826369234423,
                        9392.436678432668
                    ],
                    [
                        -337.9991419212113,
                        841.3451824802454,
                        9392.436678432668,
                        123680.79536092428
                    ]
                ],
                "mui": [
                    0.49999999999999617,
                    -0.6021957210335916,
                    -8.630014687407964,
                    -113.8517625008624
                ],
                "Ai": [
                    [
                        0.0,
                        0.0,
                        0.0,
                        0.0
                    ],
                    [
                        -2.2043914420671733,
                        0.0,
                        0.0,
                        0.0
                    ],
                    [
                        -9.364196961213313,
                        7.386163752819545,
                        0.0,
                        0.0
                    ],
                    [
                        -3.756145702725604,
                        -0.0,
                        13.032850316420635,
                        0.0
                    ]
                ]
            },
            "est_params": {
                "mui": [
                    0.502573604276102,
                    -0.6020431254522167,
                    -8.653760020875964,
                    -114.16564619226249
                ],
                "Si": [
                    [
                        1.0041576353718713,
                        -2.211032680174999,
                        -25.729140791528593,
                        -339.08190500171054
                    ],
                    [
                        -2.211032680174999,
                        5.873222472193711,
                        64.0701134906389,
                        843.2986203011216
                    ],
                    [
                        -25.729140791528593,
                        64.0701134906389,
                        715.0146980651814,
                        9415.020467322496
                    ],
                    [
                        -339.08190500171054,
                        843.2986203011216,
                        9415.020467322496,
                        123975.23639122542
                    ]
                ]
            }
        }
    },
    "metric_dict": {
        "param_est_rel_err": 0.05282621246886151,
        "est_dag": {
            "amat": [
                [
                    0,
                    1,
                    1,
                    1
                ],
                [
                    0,
                    0,
                    1,
                    0
                ],
                [
                    0,
                    0,
                    0,
                    1
                ],
                [
                    0,
                    0,
                    0,
                    0
                ]
            ],
            "nodes": [
                0,
                1,
                2,
                3
            ]
        },
        "act_dag": {
            "amat": [
                [
                    0,
                    1,
                    1,
                    1
                ],
                [
                    0,
                    0,
                    1,
                    0
                ],
                [
                    0,
                    0,
                    0,
                    1
                ],
                [
                    0,
                    0,
                    0,
                    0
                ]
            ],
            "nodes": [
                0,
                1,
                2,
                3
            ]
        },
        "shd": 0,
        "avg_js": 1.0
    }
}