{
    "expt_args": {
        "save_dir": "expt_logs_29.04.24",
        "exp_name": "110",
        "num_nodes": 6,
        "obs_noise_mean": 0.5,
        "obs_noise_var": 1.0,
        "max_edge_strength": 10,
        "num_parents": 2,
        "new_noise_mean": 10.0,
        "mix_samples": 65536,
        "stage2_samples": 65536,
        "intv_targets": [
            0,
            1,
            2,
            3,
            4,
            5
        ]
    },
    "intv_args_dict": {
        "0": {
            "intv_type": "do",
            "inode": 0,
            "new_mui": 10.0,
            "true_params": {
                "Si": [
                    [
                        9.619631879568668e-33,
                        -9.690934763235394e-17,
                        7.245758070828172e-16,
                        7.282045801994064e-16,
                        6.70509205641033e-15,
                        6.881496101203119e-15
                    ],
                    [
                        -9.690934763235394e-17,
                        1.0000000000000004,
                        -7.63268577982552,
                        -7.5142862684619915,
                        -69.1893219821014,
                        -72.55902809963163
                    ],
                    [
                        7.245758070828172e-16,
                        -7.63268577982552,
                        59.25789221355068,
                        57.35418594682799,
                        528.1003540085544,
                        563.7397233199144
                    ],
                    [
                        7.282045801994064e-16,
                        -7.5142862684619915,
                        57.35418594682799,
                        57.464498124396414,
                        527.9199398500868,
                        545.2293085020095
                    ],
                    [
                        6.70509205641033e-15,
                        -69.1893219821014,
                        528.1003540085544,
                        527.9199398500868,
                        4852.347494248465,
                        5020.3099578937545
                    ],
                    [
                        6.881496101203119e-15,
                        -72.55902809963163,
                        563.7397233199144,
                        545.2293085020095,
                        5020.3099578937545,
                        5364.208272155856
                    ]
                ],
                "mui": [
                    9.999999999999996,
                    -46.08770821351293,
                    335.0024092133147,
                    438.46667138852166,
                    3927.546764087849,
                    3178.2241368011096
                ],
                "Ai": [
                    [
                        0.0,
                        0.0,
                        0.0,
                        0.0,
                        0.0,
                        0.0
                    ],
                    [
                        -4.6587708213512915,
                        0.0,
                        0.0,
                        0.0,
                        0.0,
                        0.0
                    ],
                    [
                        -1.7270585892713175,
                        -7.6326857798255165,
                        0.0,
                        0.0,
                        0.0,
                        0.0
                    ],
                    [
                        9.165043841483875,
                        -7.514286268461987,
                        -0.0,
                        0.0,
                        0.0,
                        0.0
                    ],
                    [
                        0.0,
                        -8.98810840593769,
                        -0.0,
                        8.01156775578708,
                        0.0,
                        0.0
                    ],
                    [
                        0.0,
                        3.153103458717694,
                        9.919461345896002,
                        -0.0,
                        -0.0,
                        0.0
                    ]
                ]
            },
            "est_params": {
                "mui": [
                    9.999999999999998,
                    -46.08066946725015,
                    334.9507775033579,
                    438.4104715122027,
                    3927.0283095039676,
                    3177.725635423091
                ],
                "Si": [
                    [
                        1e-06,
                        -9.48722784027389e-30,
                        8.6791214927593e-29,
                        -1.1301085497841673e-28,
                        5.057985355094322e-28,
                        1.9002390220955694e-27
                    ],
                    [
                        -9.48722784027389e-30,
                        1.0294336962936952,
                        -7.857591520739879,
                        -7.741069742058332,
                        -71.27569441904049,
                        -74.69030446108793
                    ],
                    [
                        8.6791214927593e-29,
                        -7.857591520739879,
                        60.97806574101563,
                        59.07621239703948,
                        543.9550354380267,
                        580.0527093804568
                    ],
                    [
                        -1.1301085497841673e-28,
                        -7.741069742058332,
                        59.07621239703948,
                        59.217030702022576,
                        544.0178962446697,
                        561.5544989362002
                    ],
                    [
                        5.057985355094322e-28,
                        -71.27569441904049,
                        543.9550354380267,
                        544.0178962446697,
                        5000.258887783817,
                        5170.611246301575
                    ],
                    [
                        1.9002390220955694e-27,
                        -74.69030446108793,
                        580.0527093804568,
                        561.5544989362002,
                        5170.611246301575,
                        5518.898670957135
                    ]
                ]
            },
            "est_tgt": [
                0,
                2
            ]
        },
        "1": {
            "intv_type": "do",
            "inode": 1,
            "new_mui": 10.0,
            "true_params": {
                "Si": [
                    [
                        1.0,
                        -4.907781080954816e-17,
                        -1.727058589271317,
                        9.165043841483875,
                        73.42636972080717,
                        -17.13149091837451
                    ],
                    [
                        -4.907781080954816e-17,
                        2.5702030655189864e-33,
                        9.702970740364987e-17,
                        -4.526846535348972e-16,
                        -3.626713773799829e-15,
                        9.641294037163185e-16
                    ],
                    [
                        -1.727058589271317,
                        9.702970740364987e-17,
                        3.9827313707758316,
                        -15.828567687482915,
                        -126.81164250533139,
                        39.50654988349826
                    ],
                    [
                        9.165043841483875,
                        -4.526846535348972e-16,
                        -15.828567687482915,
                        84.9980286163215,
                        680.9674653679889,
                        -157.01086533688525
                    ],
                    [
                        73.42636972080717,
                        -3.626713773799829e-15,
                        -126.81164250533139,
                        680.9674653679889,
                        5456.616988282235,
                        -1257.9031860412172
                    ],
                    [
                        -17.13149091837451,
                        9.641294037163185e-16,
                        39.50654988349826,
                        -157.01086533688525,
                        -1257.9031860412172,
                        392.8836944790732
                    ]
                ],
                "mui": [
                    0.49999999999999906,
                    9.999999999999998,
                    -76.69038709289082,
                    -70.06034076387792,
                    -650.6742510827165,
                    -728.6962957825551
                ],
                "Ai": [
                    [
                        0.0,
                        0.0,
                        0.0,
                        0.0,
                        0.0,
                        0.0
                    ],
                    [
                        0.0,
                        0.0,
                        0.0,
                        0.0,
                        0.0,
                        0.0
                    ],
                    [
                        -1.7270585892713175,
                        -7.6326857798255165,
                        0.0,
                        0.0,
                        0.0,
                        0.0
                    ],
                    [
                        9.165043841483875,
                        -7.514286268461987,
                        -0.0,
                        0.0,
                        0.0,
                        0.0
                    ],
                    [
                        0.0,
                        -8.98810840593769,
                        -0.0,
                        8.01156775578708,
                        0.0,
                        0.0
                    ],
                    [
                        0.0,
                        3.153103458717694,
                        9.919461345896002,
                        -0.0,
                        -0.0,
                        0.0
                    ]
                ]
            },
            "est_params": {
                "mui": [
                    0.4927728326073641,
                    10.000000122063033,
                    -76.6482156339877,
                    -70.11890501502596,
                    -651.1315191580956,
                    -728.2792115334292
                ],
                "Si": [
                    [
                        0.9898770539478171,
                        -2.7277029477921836e-07,
                        -1.706183695441495,
                        9.064549084888545,
                        72.61580001816868,
                        -16.928736303714487
                    ],
                    [
                        -2.727702947792183e-07,
                        1.0008162501218053e-06,
                        1.3074743658588138e-07,
                        -2.6559311008337955e-06,
                        -2.1220360383132767e-05,
                        1.7900972204482474e-06
                    ],
                    [
                        -1.706183695441495,
                        1.3074743658588133e-07,
                        3.955142164059823,
                        -15.623494598949664,
                        -125.16973466589727,
                        39.251670622855386
                    ],
                    [
                        9.064549084888545,
                        -2.6559311008337955e-06,
                        -15.623494598949664,
                        83.97661713590797,
                        672.7300780589038,
                        -155.00711750770574
                    ],
                    [
                        72.61580001816868,
                        -2.1220360383132767e-05,
                        -125.16973466589727,
                        672.7300780589038,
                        5390.180881423165,
                        -1241.8687023638508
                    ],
                    [
                        -16.928736303714487,
                        1.790097220448248e-06,
                        39.251670622855386,
                        -155.00711750770574,
                        -1241.8687023638508,
                        390.52339932512905
                    ]
                ]
            },
            "est_tgt": [
                1,
                2
            ]
        },
        "2": {
            "intv_type": "do",
            "inode": 2,
            "new_mui": 10.0,
            "true_params": {
                "Si": [
                    [
                        1.0000000000000009,
                        -4.6587708213512995,
                        2.7768906003143722e-31,
                        44.17238145227533,
                        395.7635641201012,
                        -14.689586390175881
                    ],
                    [
                        -4.6587708213512995,
                        22.704145565874256,
                        3.5815590735381814e-16,
                        -213.30328808792154,
                        -1912.9610666588221,
                        71.58851991098823
                    ],
                    [
                        2.7768906003143722e-31,
                        3.5815590735381814e-16,
                        1.2827847323646315e-31,
                        -2.6912860165973368e-15,
                        -2.4782243460110257e-14,
                        1.1293026302374984e-15
                    ],
                    [
                        44.17238145227533,
                        -213.30328808792154,
                        -2.6912860165973368e-15,
                        2008.663781289713,
                        18009.739059075215,
                        -672.5673354258834
                    ],
                    [
                        395.7635641201012,
                        -1912.9610666588221,
                        -2.4782243460110257e-14,
                        18009.739059075215,
                        161481.14617929384,
                        -6031.764155674231
                    ],
                    [
                        -14.689586390175881,
                        71.58851991098823,
                        1.1293026302374984e-15,
                        -672.5673354258834,
                        -6031.764155674231,
                        226.72600973581785
                    ]
                ],
                "mui": [
                    0.5000000000000006,
                    -1.8293854106756484,
                    10.0,
                    18.82904759190666,
                    167.79290494689334,
                    93.92637199323094
                ],
                "Ai": [
                    [
                        0.0,
                        0.0,
                        0.0,
                        0.0,
                        0.0,
                        0.0
                    ],
                    [
                        -4.6587708213512915,
                        0.0,
                        0.0,
                        0.0,
                        0.0,
                        0.0
                    ],
                    [
                        0.0,
                        0.0,
                        0.0,
                        0.0,
                        0.0,
                        0.0
                    ],
                    [
                        9.165043841483875,
                        -7.514286268461987,
                        -0.0,
                        0.0,
                        0.0,
                        0.0
                    ],
                    [
                        0.0,
                        -8.98810840593769,
                        -0.0,
                        8.01156775578708,
                        0.0,
                        0.0
                    ],
                    [
                        0.0,
                        3.153103458717694,
                        9.919461345896002,
                        -0.0,
                        -0.0,
                        0.0
                    ]
                ]
            },
            "est_params": {
                "mui": [
                    0.49366048729166856,
                    -1.8140945771795733,
                    10.000000193086697,
                    18.661669244472023,
                    166.32543286648155,
                    93.96766154181587
                ],
                "Si": [
                    [
                        1.010617581836991,
                        -4.718668058265954,
                        -1.4659830544285206e-07,
                        44.725530563457134,
                        400.74021159266385,
                        -14.883078162528072
                    ],
                    [
                        -4.718668058265954,
                        23.042461489475354,
                        1.8601371485817472e-07,
                        -216.399501758193,
                        -1940.8316302850994,
                        72.67706132349254
                    ],
                    [
                        -1.4659830544285209e-07,
                        1.8601371485817475e-07,
                        1.0011559988203225e-06,
                        -1.8289669885184382e-06,
                        -1.6394447051275518e-05,
                        3.1180458975578807e-07
                    ],
                    [
                        44.725530563457134,
                        -216.399501758193,
                        -1.8289669885184382e-06,
                        2037.0720887097639,
                        18265.41221284158,
                        -682.5372768791204
                    ],
                    [
                        400.74021159266385,
                        -1940.8316302850994,
                        -1.6394447051275514e-05,
                        18265.41221284158,
                        163782.20151806684,
                        -6121.50279484435
                    ],
                    [
                        -14.883078162528072,
                        72.67706132349254,
                        3.11804589755788e-07,
                        -682.5372768791204,
                        -6121.50279484435,
                        230.23943080070944
                    ]
                ]
            },
            "est_tgt": [
                2
            ]
        },
        "3": {
            "intv_type": "do",
            "inode": 3,
            "new_mui": 10.0,
            "true_params": {
                "Si": [
                    [
                        1.0,
                        -4.6587708213512915,
                        33.83187521032273,
                        -1.0107188335768027e-16,
                        41.87353718072478,
                        320.90439201779765
                    ],
                    [
                        -4.6587708213512915,
                        22.70414556587419,
                        -165.24763884127515,
                        5.874598957005575e-16,
                        -204.0673216102667,
                        -1567.5790460756236
                    ],
                    [
                        33.83187521032273,
                        -165.24763884127515,
                        1203.8536724604,
                        -4.3452133138923396e-15,
                        1485.2636917306206,
                        11420.53706851053
                    ],
                    [
                        -1.0107188335768027e-16,
                        5.874598957005575e-16,
                        -4.3452133138923396e-15,
                        2.5095470764499893e-32,
                        -5.28015322669746e-15,
                        -4.1249853677836365e-14
                    ],
                    [
                        41.87353718072478,
                        -204.0673216102667,
                        1485.2636917306206,
                        -5.28015322669746e-15,
                        1835.1792087424283,
                        14089.570401004097
                    ],
                    [
                        320.90439201779765,
                        -1567.5790460756236,
                        11420.53706851053,
                        -4.1249853677836365e-14,
                        14089.570401004097,
                        108343.8370884682
                    ]
                ],
                "mui": [
                    0.5,
                    -1.8293854106756458,
                    13.599594715248607,
                    10.0,
                    97.05839194526436,
                    129.63241263203105
                ],
                "Ai": [
                    [
                        0.0,
                        0.0,
                        0.0,
                        0.0,
                        0.0,
                        0.0
                    ],
                    [
                        -4.6587708213512915,
                        0.0,
                        0.0,
                        0.0,
                        0.0,
                        0.0
                    ],
                    [
                        -1.7270585892713175,
                        -7.6326857798255165,
                        0.0,
                        0.0,
                        0.0,
                        0.0
                    ],
                    [
                        0.0,
                        0.0,
                        0.0,
                        0.0,
                        0.0,
                        0.0
                    ],
                    [
                        0.0,
                        -8.98810840593769,
                        -0.0,
                        8.01156775578708,
                        0.0,
                        0.0
                    ],
                    [
                        0.0,
                        3.153103458717694,
                        9.919461345896002,
                        -0.0,
                        -0.0,
                        0.0
                    ]
                ]
            },
            "est_params": {
                "mui": [
                    0.5088070344816139,
                    -1.8574538711802915,
                    13.816523419087499,
                    9.999999999999979,
                    97.32541324265321,
                    131.6902651952975
                ],
                "Si": [
                    [
                        0.9820657200179144,
                        -4.563582363612157,
                        33.10945084898067,
                        3.2404878097708575e-15,
                        41.02163800738394,
                        314.04900830196203
                    ],
                    [
                        -4.563582363612157,
                        22.23364053284468,
                        -161.69374234440974,
                        -2.0000876241442028e-14,
                        -199.84120365094122,
                        -1533.8579555020187
                    ],
                    [
                        33.10945084898067,
                        -161.69374234440974,
                        1177.055187878764,
                        1.398516906465199e-13,
                        1453.3523271847012,
                        11166.252245665233
                    ],
                    [
                        3.2404878097708575e-15,
                        -2.000087624144203e-14,
                        1.398516906465199e-13,
                        1.0000000001497156e-06,
                        1.9782702832714635e-13,
                        1.285162651776743e-12
                    ],
                    [
                        41.02163800738394,
                        -199.84120365094122,
                        1453.3523271847012,
                        1.9782702832714638e-13,
                        1797.2053325268994,
                        13786.781498868688
                    ],
                    [
                        314.04900830196203,
                        -1533.8579555020187,
                        11166.252245665233,
                        1.285162651776743e-12,
                        13786.781498868688,
                        105930.99847231254
                    ]
                ]
            },
            "est_tgt": [
                3
            ]
        },
        "4": {
            "intv_type": "do",
            "inode": 4,
            "new_mui": 10.0,
            "true_params": {
                "Si": [
                    [
                        0.9999999999999991,
                        -4.658770821351289,
                        33.83187521032271,
                        44.172381452275225,
                        0.0,
                        320.90439201779736
                    ],
                    [
                        -4.658770821351289,
                        22.704145565874178,
                        -165.24763884127506,
                        -213.30328808792083,
                        0.0,
                        -1567.5790460756227
                    ],
                    [
                        33.83187521032271,
                        -165.24763884127506,
                        1203.8536724603996,
                        1551.7886829829781,
                        0.0,
                        11420.537068510524
                    ],
                    [
                        44.172381452275225,
                        -213.30328808792083,
                        1551.7886829829781,
                        2008.6637812897065,
                        0.0,
                        14720.340522422634
                    ],
                    [
                        0.0,
                        0.0,
                        0.0,
                        0.0,
                        0.0,
                        0.0
                    ],
                    [
                        320.90439201779736,
                        -1567.5790460756227,
                        11420.537068510524,
                        14720.340522422634,
                        0.0,
                        108343.83708846812
                    ]
                ],
                "mui": [
                    0.49999999999999967,
                    -1.8293854106756453,
                    13.599594715248603,
                    18.82904759190663,
                    10.0,
                    129.63241263203096
                ],
                "Ai": [
                    [
                        0.0,
                        0.0,
                        0.0,
                        0.0,
                        0.0,
                        0.0
                    ],
                    [
                        -4.6587708213512915,
                        0.0,
                        0.0,
                        0.0,
                        0.0,
                        0.0
                    ],
                    [
                        -1.7270585892713175,
                        -7.6326857798255165,
                        0.0,
                        0.0,
                        0.0,
                        0.0
                    ],
                    [
                        9.165043841483875,
                        -7.514286268461987,
                        -0.0,
                        0.0,
                        0.0,
                        0.0
                    ],
                    [
                        0.0,
                        0.0,
                        0.0,
                        0.0,
                        0.0,
                        0.0
                    ],
                    [
                        0.0,
                        3.153103458717694,
                        9.919461345896002,
                        -0.0,
                        -0.0,
                        0.0
                    ]
                ]
            },
            "est_params": {
                "mui": [
                    0.48250228423977054,
                    -1.7617215175802916,
                    13.103646538348935,
                    18.15945375484869,
                    10.000000000000002,
                    124.92538965461326
                ],
                "Si": [
                    [
                        0.9999596356973455,
                        -4.64964417811693,
                        33.74442807228599,
                        44.11044591495587,
                        1.0954096851928144e-31,
                        320.0508243746165
                    ],
                    [
                        -4.64964417811693,
                        22.62657114787971,
                        -164.58367120193554,
                        -212.6564225203828,
                        -7.502713720736015e-31,
                        -1561.1692217018642
                    ],
                    [
                        33.74442807228599,
                        -164.58367120193554,
                        1198.308222380984,
                        1546.154922567611,
                        1.31772729391687e-29,
                        11367.125177120406
                    ],
                    [
                        44.11044591495587,
                        -212.6564225203828,
                        1546.154922567611,
                        2003.4618475094685,
                        -5.510079241086809e-30,
                        14665.842561574216
                    ],
                    [
                        1.102150667870924e-31,
                        -7.502713720736015e-31,
                        1.31772729391687e-29,
                        -5.510079241086809e-30,
                        1e-06,
                        2.580987447794614e-29
                    ],
                    [
                        320.0508243746165,
                        -1561.1692217018642,
                        11367.125177120406,
                        14665.842561574216,
                        2.580987447794614e-29,
                        107829.51653086052
                    ]
                ]
            },
            "est_tgt": [
                4
            ]
        },
        "5": {
            "intv_type": "do",
            "inode": 5,
            "new_mui": 10.0,
            "true_params": {
                "Si": [
                    [
                        1.0000000000000084,
                        -4.658770821351347,
                        33.83187521032314,
                        44.17238145227575,
                        395.76356412010495,
                        0.0
                    ],
                    [
                        -4.658770821351347,
                        22.70414556587452,
                        -165.24763884127762,
                        -213.303288087924,
                        -1912.9610666588437,
                        0.0
                    ],
                    [
                        33.83187521032314,
                        -165.24763884127762,
                        1203.8536724604187,
                        1551.7886829830013,
                        13917.523868112554,
                        0.0
                    ],
                    [
                        44.17238145227575,
                        -213.303288087924,
                        1551.7886829830013,
                        2008.663781289735,
                        18009.73905907541,
                        0.0
                    ],
                    [
                        395.76356412010495,
                        -1912.9610666588437,
                        13917.523868112554,
                        18009.73905907541,
                        161481.14617929558,
                        0.0
                    ],
                    [
                        0.0,
                        0.0,
                        0.0,
                        0.0,
                        0.0,
                        0.0
                    ]
                ],
                "mui": [
                    0.5000000000000019,
                    -1.8293854106756604,
                    13.599594715248717,
                    18.829047591906765,
                    167.79290494689428,
                    10.0
                ],
                "Ai": [
                    [
                        0.0,
                        0.0,
                        0.0,
                        0.0,
                        0.0,
                        0.0
                    ],
                    [
                        -4.6587708213512915,
                        0.0,
                        0.0,
                        0.0,
                        0.0,
                        0.0
                    ],
                    [
                        -1.7270585892713175,
                        -7.6326857798255165,
                        0.0,
                        0.0,
                        0.0,
                        0.0
                    ],
                    [
                        9.165043841483875,
                        -7.514286268461987,
                        -0.0,
                        0.0,
                        0.0,
                        0.0
                    ],
                    [
                        0.0,
                        -8.98810840593769,
                        -0.0,
                        8.01156775578708,
                        0.0,
                        0.0
                    ],
                    [
                        0.0,
                        0.0,
                        0.0,
                        0.0,
                        0.0,
                        0.0
                    ]
                ]
            },
            "est_params": {
                "mui": [
                    0.49947159823903403,
                    -1.8256031077878674,
                    13.566545726650611,
                    18.793146480284427,
                    167.45963150897964,
                    10.000000000000004
                ],
                "Si": [
                    [
                        0.9976748968562524,
                        -4.649985448782809,
                        33.7792280492536,
                        44.09109612734687,
                        395.0099511232424,
                        -2.696392021997661e-31
                    ],
                    [
                        -4.649985448782809,
                        22.6740921274986,
                        -165.0856812328308,
                        -213.0272308628155,
                        -1910.360952407963,
                        7.118474938073825e-31
                    ],
                    [
                        33.7792280492536,
                        -165.0856812328308,
                        1203.0868814680214,
                        1550.3167127859294,
                        13903.414511607585,
                        1.5488075774354564e-29
                    ],
                    [
                        44.09109612734687,
                        -213.0272308628155,
                        1550.3167127859294,
                        2006.1224620924377,
                        17985.7919328739,
                        -6.816479031610087e-30
                    ],
                    [
                        395.0099511232424,
                        -1910.360952407963,
                        13903.414511607585,
                        17985.7919328739,
                        161255.9964149861,
                        1.2424974437365223e-29
                    ],
                    [
                        -2.696392021997661e-31,
                        7.118474938073825e-31,
                        1.5488075774354564e-29,
                        -6.816479031610087e-30,
                        1.2424974437365223e-29,
                        1e-06
                    ]
                ]
            },
            "est_tgt": [
                5
            ]
        },
        "obs": {
            "intv_type": "obs",
            "true_params": {
                "Si": [
                    [
                        0.9999999999999991,
                        -4.6587708213512915,
                        33.83187521032273,
                        44.172381452275246,
                        395.76356412010045,
                        320.90439201779753
                    ],
                    [
                        -4.6587708213512915,
                        22.704145565874203,
                        -165.24763884127526,
                        -213.3032880879211,
                        -1912.9610666588178,
                        -1567.5790460756245
                    ],
                    [
                        33.83187521032273,
                        -165.24763884127526,
                        1203.8536724604012,
                        1551.7886829829797,
                        13917.523868112363,
                        11420.537068510537
                    ],
                    [
                        44.172381452275246,
                        -213.3032880879211,
                        1551.7886829829797,
                        2008.6637812897086,
                        18009.73905907517,
                        14720.340522422648
                    ],
                    [
                        395.76356412010045,
                        -1912.9610666588178,
                        13917.523868112363,
                        18009.73905907517,
                        161481.14617929346,
                        132022.57588465133
                    ],
                    [
                        320.90439201779753,
                        -1567.5790460756245,
                        11420.537068510537,
                        14720.340522422648,
                        132022.57588465133,
                        108343.83708846824
                    ]
                ],
                "mui": [
                    0.4999999999999997,
                    -1.8293854106756466,
                    13.599594715248612,
                    18.82904759190664,
                    167.79290494689315,
                    129.63241263203102
                ],
                "Ai": [
                    [
                        0.0,
                        0.0,
                        0.0,
                        0.0,
                        0.0,
                        0.0
                    ],
                    [
                        -4.6587708213512915,
                        0.0,
                        0.0,
                        0.0,
                        0.0,
                        0.0
                    ],
                    [
                        -1.7270585892713175,
                        -7.6326857798255165,
                        0.0,
                        0.0,
                        0.0,
                        0.0
                    ],
                    [
                        9.165043841483875,
                        -7.514286268461987,
                        -0.0,
                        0.0,
                        0.0,
                        0.0
                    ],
