{
    "expt_args": {
        "save_dir": "all_expt_logs/expt_logs_sim_compsel_backward_cameraready_new_mean_largerange_re",
        "exp_name": "371",
        "num_nodes": 6,
        "num_tgt_prior": 7,
        "obs_noise_mean": 0.0,
        "obs_noise_var": 1.0,
        "obs_noise_gamma_shape": null,
        "noise_type": "gaussian",
        "max_edge_strength": 1.0,
        "graph_sparsity_method": "adj_dense_prop",
        "adj_dense_prop": 0.8,
        "num_parents": null,
        "new_noise_mean": 10,
        "mix_samples": 262144,
        "stage2_samples": 262144,
        "gmm_tol": 0.001,
        "intv_type": "hard",
        "new_noise_var": 1.0,
        "dtype": "simulation",
        "cutoff_drop_ratio": 0.07,
        "intv_targets": [
            0,
            1,
            2,
            3,
            4,
            5
        ]
    },
    "intv_args_dict": {
        "0": {
            "intv_type": "hard",
            "inode": 0,
            "new_mui": 10,
            "new_vari": 1.0,
            "noise_type": "gaussian",
            "obs_noise_gamma_shape": null,
            "true_params": {
                "Si": [
                    [
                        1.0,
                        -0.567711390190558,
                        -0.26081562144267134,
                        -0.8556617837475564,
                        -1.3254122093294238,
                        1.298344667736623
                    ],
                    [
                        -0.567711390190558,
                        1.322296222552096,
                        -0.7537436260332935,
                        0.4857689407842579,
                        1.9364787907851557,
                        -0.961289256337279
                    ],
                    [
                        -0.26081562144267134,
                        -0.7537436260332935,
                        1.8812889954925744,
                        0.2231699598728636,
                        -1.3493142679186687,
                        0.797755589155033
                    ],
                    [
                        -0.8556617837475564,
                        0.4857689407842579,
                        0.2231699598728636,
                        1.73215708816605,
                        1.6350166289525094,
                        -2.0887299238232755
                    ],
                    [
                        -1.3254122093294238,
                        1.9364787907851557,
                        -1.3493142679186687,
                        1.6350166289525094,
                        4.8029720150555075,
                        -3.581769784594746
                    ],
                    [
                        1.298344667736623,
                        -0.961289256337279,
                        0.797755589155033,
                        -2.0887299238232755,
                        -3.581769784594746,
                        4.834861455929973
                    ]
                ],
                "mui": [
                    10.0,
                    -5.677113901905581,
                    -2.6081562144267134,
                    -8.556617837475564,
                    -13.254122093294239,
                    12.983446677366231
                ],
                "Ai": [
                    [
                        0.0,
                        0.0,
                        0.0,
                        0.0,
                        0.0,
                        0.0
                    ],
                    [
                        -0.567711390190558,
                        0.0,
                        0.0,
                        0.0,
                        0.0,
                        0.0
                    ],
                    [
                        -0.7727843527988549,
                        -0.9018116250659267,
                        0.0,
                        0.0,
                        0.0,
                        0.0
                    ],
                    [
                        -0.8556617837475564,
                        -0.0,
                        -0.0,
                        0.0,
                        0.0,
                        0.0
                    ],
                    [
                        -0.7093310371884751,
                        0.6183811726619008,
                        -0.6272329990733458,
                        0.5009120537169051,
                        0.0,
                        0.0
                    ],
                    [
                        0.6876831228495536,
                        0.9396491781750961,
                        0.6082075365064039,
                        -0.7174510899572557,
                        -0.5197218106843617,
                        0.0
                    ]
                ]
            },
            "oracle_est_tgt": [
                0
            ]
        },
        "1": {
            "intv_type": "hard",
            "inode": 1,
            "new_mui": 10,
            "new_vari": 1.0,
            "noise_type": "gaussian",
            "obs_noise_gamma_shape": null,
            "true_params": {
                "Si": [
                    [
                        1.0,
                        0.0,
                        -0.7727843527988549,
                        -0.8556617837475564,
                        -0.6532264913295536,
                        1.1710613896283084
                    ],
                    [
                        0.0,
                        1.0,
                        -0.9018116250659267,
                        0.0,
                        1.1840271828512097,
                        -0.22420420007002256
                    ],
                    [
                        -0.7727843527988549,
                        -0.9018116250659267,
                        2.4104598630347924,
                        0.6612420377680691,
                        -1.1901992656294507,
                        0.23140624244589902
                    ],
                    [
                        -0.8556617837475564,
                        0.0,
                        0.6612420377680691,
                        1.73215708816605,
                        1.0598529984791085,
                        -1.9798184870358784
                    ],
                    [
                        -0.6532264913295536,
                        1.1840271828512097,
                        -1.1901992656294507,
                        1.0598529984791085,
                        3.4729593393907225,
                        -2.6258962327372837
                    ],
                    [
                        1.1710613896283084,
                        -0.22420420007002256,
                        0.23140624244589902,
                        -1.9798184870358784,
                        -2.6258962327372837,
                        4.520547357968036
                    ]
                ],
                "mui": [
                    0.0,
                    10.0,
                    -9.018116250659267,
                    0.0,
                    11.840271828512098,
                    -2.2420420007002257
                ],
                "Ai": [
                    [
                        0.0,
                        0.0,
                        0.0,
                        0.0,
                        0.0,
                        0.0
                    ],
                    [
                        0.0,
                        0.0,
                        0.0,
                        0.0,
                        0.0,
                        0.0
                    ],
                    [
                        -0.7727843527988549,
                        -0.9018116250659267,
                        0.0,
                        0.0,
                        0.0,
                        0.0
                    ],
                    [
                        -0.8556617837475564,
                        -0.0,
                        -0.0,
                        0.0,
                        0.0,
                        0.0
                    ],
                    [
                        -0.7093310371884751,
                        0.6183811726619008,
                        -0.6272329990733458,
                        0.5009120537169051,
                        0.0,
                        0.0
                    ],
                    [
                        0.6876831228495536,
                        0.9396491781750961,
                        0.6082075365064039,
                        -0.7174510899572557,
                        -0.5197218106843617,
                        0.0
                    ]
                ]
            },
            "oracle_est_tgt": [
                1
            ]
        },
        "2": {
            "intv_type": "hard",
            "inode": 2,
            "new_mui": 10,
            "new_vari": 1.0,
            "noise_type": "gaussian",
            "obs_noise_gamma_shape": null,
            "true_params": {
                "Si": [
                    [
                        1.0,
                        -0.567711390190558,
                        0.0,
                        -0.8556617837475564,
                        -1.489004373772089,
                        1.5419971102545726
                    ],
                    [
                        -0.567711390190558,
                        1.322296222552096,
                        0.0,
                        0.4857689407842579,
                        1.4637059156958747,
                        -0.2571463277063126
                    ],
                    [
                        0.0,
                        0.0,
                        1.0,
                        0.0,
                        -0.6272329990733458,
                        0.9341942065057858
                    ],
                    [
                        -0.8556617837475564,
                        0.4857689407842579,
                        0.0,
                        1.73215708816605,
                        1.7749961921866442,
                        -2.297214007402633
                    ],
                    [
                        -1.489004373772089,
                        1.4637059156958747,
                        -0.6272329990733458,
                        1.7749961921866442,
                        4.24386342050055,
                        -3.509182288054463
                    ],
                    [
                        1.5419971102545726,
                        -0.2571463277063126,
                        0.9341942065057858,
                        -2.297214007402633,
                        -3.509182288054463,
                        5.858899275907562
                    ]
                ],
                "mui": [
                    0.0,
                    0.0,
                    10.0,
                    0.0,
                    -6.272329990733459,
                    9.341942065057857
                ],
                "Ai": [
                    [
                        0.0,
                        0.0,
                        0.0,
                        0.0,
                        0.0,
                        0.0
                    ],
                    [
                        -0.567711390190558,
                        0.0,
                        0.0,
                        0.0,
                        0.0,
                        0.0
                    ],
                    [
                        0.0,
                        0.0,
                        0.0,
                        0.0,
                        0.0,
                        0.0
                    ],
                    [
                        -0.8556617837475564,
                        -0.0,
                        -0.0,
                        0.0,
                        0.0,
                        0.0
                    ],
                    [
                        -0.7093310371884751,
                        0.6183811726619008,
                        -0.6272329990733458,
                        0.5009120537169051,
                        0.0,
                        0.0
                    ],
                    [
                        0.6876831228495536,
                        0.9396491781750961,
                        0.6082075365064039,
                        -0.7174510899572557,
                        -0.5197218106843617,
                        0.0
                    ]
                ]
            },
            "oracle_est_tgt": [
                2
            ]
        },
        "3": {
            "intv_type": "hard",
            "inode": 3,
            "new_mui": 10,
            "new_vari": 1.0,
            "noise_type": "gaussian",
            "obs_noise_gamma_shape": null,
            "true_params": {
                "Si": [
                    [
                        1.0,
                        -0.567711390190558,
                        -0.26081562144267134,
                        0.0,
                        -0.8968009079453652,
                        0.4616905467170652
                    ],
                    [
                        -0.567711390190558,
                        1.322296222552096,
                        -0.7537436260332935,
                        0.0,
                        1.6931512730250275,
                        -0.48631118218460645
                    ],
                    [
                        -0.26081562144267134,
                        -0.7537436260332935,
                        1.8812889954925744,
                        0.0,
                        -1.4611027908465042,
                        1.015968053661321
                    ],
                    [
                        0.0,
                        0.0,
                        0.0,
                        1.0,
                        0.5009120537169051,
                        -0.9777860095086279
                    ],
                    [
                        -0.8968009079453652,
                        1.6931512730250275,
                        -1.4611027908465042,
                        0.5009120537169051,
                        3.850506358907635,
                        -2.2749724115445282
                    ],
                    [
                        0.4616905467170652,
                        -0.48631118218460645,
                        1.015968053661321,
                        -0.9777860095086279,
                        -2.2749724115445282,
                        3.3623207406177538
                    ]
                ],
                "mui": [
                    0.0,
                    0.0,
                    0.0,
                    10.0,
                    5.009120537169051,
                    -9.777860095086279
                ],
                "Ai": [
                    [
                        0.0,
                        0.0,
                        0.0,
                        0.0,
                        0.0,
                        0.0
                    ],
                    [
                        -0.567711390190558,
                        0.0,
                        0.0,
                        0.0,
                        0.0,
                        0.0
                    ],
                    [
                        -0.7727843527988549,
                        -0.9018116250659267,
                        0.0,
                        0.0,
                        0.0,
                        0.0
                    ],
                    [
                        0.0,
                        0.0,
                        0.0,
                        0.0,
                        0.0,
                        0.0
                    ],
                    [
                        -0.7093310371884751,
                        0.6183811726619008,
                        -0.6272329990733458,
                        0.5009120537169051,
                        0.0,
                        0.0
                    ],
                    [
                        0.6876831228495536,
                        0.9396491781750961,
                        0.6082075365064039,
                        -0.7174510899572557,
                        -0.5197218106843617,
                        0.0
                    ]
                ]
            },
            "oracle_est_tgt": [
                3,
                4,
                5
            ]
        },
        "4": {
            "intv_type": "hard",
            "inode": 4,
            "new_mui": 10,
            "new_vari": 1.0,
            "noise_type": "gaussian",
            "obs_noise_gamma_shape": null,
            "true_params": {
                "Si": [
                    [
                        1.0,
                        -0.567711390190558,
                        -0.26081562144267134,
                        -0.8556617837475564,
                        0.0,
                        0.6094990344007745
                    ],
                    [
                        -0.567711390190558,
                        1.322296222552096,
                        -0.7537436260332935,
                        0.4857689407842579,
                        0.0,
                        0.04514100716144559
                    ],
                    [
                        -0.26081562144267134,
                        -0.7537436260332935,
                        1.8812889954925744,
                        0.2231699598728636,
                        0.0,
                        0.09648753465009852
                    ],
                    [
                        -0.8556617837475564,
                        0.4857689407842579,
                        0.2231699598728636,
                        1.73215708816605,
                        0.0,
                        -1.2389761209250356
                    ],
                    [
                        0.0,
                        0.0,
                        0.0,
                        0.0,
                        1.0,
                        -0.5197218106843617
                    ],
                    [
                        0.6094990344007745,
                        0.04514100716144559,
                        0.09648753465009852,
                        -1.2389761209250356,
                        -0.5197218106843617,
                        2.679258884274584
                    ]
                ],
                "mui": [
                    0.0,
                    0.0,
                    0.0,
                    0.0,
                    10.0,
                    -5.197218106843618
                ],
                "Ai": [
                    [
                        0.0,
                        0.0,
                        0.0,
                        0.0,
                        0.0,
                        0.0
                    ],
                    [
                        -0.567711390190558,
                        0.0,
                        0.0,
                        0.0,
                        0.0,
                        0.0
                    ],
                    [
                        -0.7727843527988549,
                        -0.9018116250659267,
                        0.0,
                        0.0,
                        0.0,
                        0.0
                    ],
                    [
                        -0.8556617837475564,
                        -0.0,
                        -0.0,
                        0.0,
                        0.0,
                        0.0
                    ],
                    [
                        0.0,
                        0.0,
                        0.0,
                        0.0,
                        0.0,
                        0.0
                    ],
                    [
                        0.6876831228495536,
                        0.9396491781750961,
                        0.6082075365064039,
                        -0.7174510899572557,
                        -0.5197218106843617,
                        0.0
                    ]
                ]
            },
            "oracle_est_tgt": [
                3,
                4,
                5
            ]
        },
        "5": {
            "intv_type": "hard",
            "inode": 5,
            "new_mui": 10,
            "new_vari": 1.0,
            "noise_type": "gaussian",
            "obs_noise_gamma_shape": null,
            "true_params": {
                "Si": [
                    [
                        1.0,
                        -0.567711390190558,
                        -0.26081562144267134,
                        -0.8556617837475564,
                        -1.3254122093294238,
                        0.0
                    ],
                    [
                        -0.567711390190558,
                        1.322296222552096,
                        -0.7537436260332935,
                        0.4857689407842579,
                        1.9364787907851557,
                        0.0
                    ],
                    [
                        -0.26081562144267134,
                        -0.7537436260332935,
                        1.8812889954925744,
                        0.2231699598728636,
                        -1.3493142679186687,
                        0.0
                    ],
                    [
                        -0.8556617837475564,
                        0.4857689407842579,
                        0.2231699598728636,
                        1.73215708816605,
                        1.6350166289525094,
                        0.0
                    ],
                    [
                        -1.3254122093294238,
                        1.9364787907851557,
                        -1.3493142679186687,
                        1.6350166289525094,
                        4.8029720150555075,
                        0.0
                    ],
                    [
                        0.0,
                        0.0,
                        0.0,
                        0.0,
                        0.0,
                        1.0
                    ]
                ],
                "mui": [
                    0.0,
                    0.0,
                    0.0,
                    0.0,
                    0.0,
                    10.0
                ],
                "Ai": [
                    [
                        0.0,
                        0.0,
                        0.0,
                        0.0,
                        0.0,
                        0.0
                    ],
                    [
                        -0.567711390190558,
                        0.0,
                        0.0,
                        0.0,
                        0.0,
                        0.0
                    ],
                    [
                        -0.7727843527988549,
                        -0.9018116250659267,
                        0.0,
                        0.0,
                        0.0,
                        0.0
                    ],
                    [
                        -0.8556617837475564,
                        -0.0,
                        -0.0,
                        0.0,
                        0.0,
                        0.0
                    ],
                    [
                        -0.7093310371884751,
                        0.6183811726619008,
                        -0.6272329990733458,
                        0.5009120537169051,
                        0.0,
                        0.0
                    ],
                    [
                        0.0,
                        0.0,
                        0.0,
                        0.0,
                        0.0,
                        0.0
                    ]
                ]
            },
            "oracle_est_tgt": [
                3,
                5
            ]
        },
        "obs": {
            "intv_type": "obs",
            "noise_type": "gaussian",
            "obs_noise_gamma_shape": null,
            "true_params": {
                "Si": [
                    [
                        1.0,
                        -0.567711390190558,
                        -0.26081562144267134,
                        -0.8556617837475564,
                        -1.3254122093294238,
                        1.298344667736623
                    ],
                    [
                        -0.567711390190558,
                        1.322296222552096,
                        -0.7537436260332935,
                        0.4857689407842579,
                        1.9364787907851557,
                        -0.961289256337279
                    ],
                    [
                        -0.26081562144267134,
                        -0.7537436260332935,
                        1.8812889954925744,
                        0.2231699598728636,
                        -1.3493142679186687,
                        0.797755589155033
                    ],
                    [
                        -0.8556617837475564,
                        0.4857689407842579,
                        0.2231699598728636,
                        1.73215708816605,
                        1.6350166289525094,
                        -2.0887299238232755
                    ],
                    [
                        -1.3254122093294238,
                        1.9364787907851557,
                        -1.3493142679186687,
                        1.6350166289525094,
                        4.8029720150555075,
                        -3.581769784594746
                    ],
                    [
                        1.298344667736623,
                        -0.961289256337279,
                        0.797755589155033,
                        -2.0887299238232755,
                        -3.581769784594746,
                        4.834861455929973
                    ]
                ],
                "mui": [
                    0.0,
                    0.0,
                    0.0,
                    0.0,
                    0.0,
                    0.0
                ],
                "Ai": [
                    [
                        0.0,
                        0.0,
                        0.0,
                        0.0,
                        0.0,
                        0.0
                    ],
                    [
                        -0.567711390190558,
                        0.0,
                        0.0,
                        0.0,
                        0.0,
                        0.0
                    ],
                    [
                        -0.7727843527988549,
                        -0.9018116250659267,
                        0.0,
                        0.0,
                        0.0,
                        0.0
                    ],
                    [
                        -0.8556617837475564,
                        -0.0,
                        -0.0,
                        0.0,
                        0.0,
                        0.0
                    ],
                    [
                        -0.7093310371884751,
                        0.6183811726619008,
                        -0.6272329990733458,
                        0.5009120537169051,
                        0.0,
                        0.0
                    ],
                    [
                        0.6876831228495536,
                        0.9396491781750961,
                        0.6082075365064039,
                        -0.7174510899572557,
                        -0.5197218106843617,
                        0.0
                    ]
                ]
            },
            "est_params": {
                "mui": [
                    1.4270346430236278,
                    0.6157390159632105,
                    -0.22890398811473334,
                    0.20582431454253827,
                    1.0420572396909902,
                    2.1625059148407195
                ],
                "Si": [
                    [
                        13.24924342667751,
                        -9.476936502676388,
                        -3.707804420653969,
                        -13.241115688697473,
                        -21.435743077615374,
                        16.364356736539246
                    ],
                    [
                        -9.476936502676388,
                        19.789888527980235,
                        -11.303728333287472,
                        7.156167584338237,
                        28.503855795128267,
                        -15.501283982478833
                    ],
                    [
                        -3.707804420653969,
                        -11.303728333287472,
                        28.673346477066637,
                        3.4783683924069684,
                        -20.078792365223812,
                        12.447576852360866
                    ],
                    [
                        -13.241115688697473,
                        7.156167584338237,
                        3.4783683924069684,
                        26.304924323447395,
                        24.292738272669727,
                        -31.76863388832604
                    ],
                    [
                        -21.435743077615374,
                        28.503855795128267,
                        -20.078792365223812,
                        24.292738272669727,
                        71.43080205558455,
                        -55.723177905580485
                    ],
                    [
                        16.364356736539246,
                        -15.501283982478833,
                        12.447576852360866,
                        -31.76863388832604,
                        -55.723177905580485,
                        68.26648431609004
                    ]
                ]
            },
            "est_tgt": [
                0,
                1,
                2,
                3,
                4,
                5
            ],
            "oracle_est_tgt": [
                0,
                1,
                2,
                3,
                4,
                5
            ]
        }
    },
    "metric_dict": {
        "param_est_rel_err": 730.5417731803844,
        "est_num_comp": 1,
        "weight_precision_error": 0.0,
        "gm_score_dict": {
            "1": -15.97470802560607,
            "2": -13.159698131831822,
            "3": -12.343967566941732,
            "4": -11.669728245243734,
            "5": -11.135752811394159,
            "6": -10.736333519537741,
            "7": -10.464149200366638
        },
        "est_dag": {
            "amat": [
                [
                    0,
                    0,
                    0,
                    0,
                    0,
                    0
                ],
                [
                    1,
                    0,
                    1,
                    1,
                    1,
                    0
                ],
                [
                    1,
                    0,
                    0,
                    1,
                    0,
                    0
                ],
                [
                    0,
                    0,
                    0,
                    0,
                    0,
                    0
                ],
                [
                    1,
                    0,
                    1,
                    1,
                    0,
                    0
                ],
                [
                    1,
                    1,
                    0,
                    1,
                    1,
                    0
                ]
            ],
            "nodes": [
                0,
                1,
                2,
                3,
                4,
                5
            ]
        },
        "oracle_est_dag": {
            "amat": [
                [
                    0,
                    1,
                    1,
                    0,
                    1,
                    1
                ],
                [
                    0,
                    0,
                    1,
                    1,
                    1,
                    1
                ],
                [
                    0,
                    0,
                    0,
                    1,
                    1,
                    1
                ],
                [
                    0,
                    0,
                    0,
                    0,
                    0,
                    0
                ],
                [
                    0,
                    0,
                    0,
                    1,
                    0,
                    1
                ],
                [
                    0,
                    0,
                    0,
                    1,
                    0,
                    0
                ]
            ],
            "nodes": [
                0,
                1,
                2,
                3,
                4,
                5
            ]
        },
        "igsp_dag": null,
        "intv_base_est_dag": null,
        "act_dag": {
            "amat": [
                [
                    0,
                    1,
                    1,
                    1,
                    1,
                    1
                ],
                [
                    0,
                    0,
                    1,
                    0,
                    1,
                    1
                ],
                [
                    0,
                    0,
                    0,
                    0,
                    1,
                    1
                ],
                [
                    0,
                    0,
                    0,
                    0,
                    1,
                    1
                ],
                [
                    0,
                    0,
                    0,
                    0,
                    0,
                    1
                ],
                [
                    0,
                    0,
                    0,
                    0,
                    0,
                    0
                ]
            ],
            "nodes": [
                0,
                1,
                2,
                3,
                4,
                5
            ]
        },
        "shd": 13,
        "oracle_shd": 5,
        "intv_base_shd": null,
        "igsp_shd": null,
        "avg_js": 0.0,
        "avg_oracle_js": 0.5952380952380952
    }
}