{
    "expt_args": {
        "save_dir": "all_expt_logs/expt_logs_sim_compsel_backward_cameraready_new_mean_largerange_re",
        "exp_name": "61",
        "num_nodes": 6,
        "num_tgt_prior": 7,
        "obs_noise_mean": 0.0,
        "obs_noise_var": 1.0,
        "obs_noise_gamma_shape": null,
        "noise_type": "gaussian",
        "max_edge_strength": 1.0,
        "graph_sparsity_method": "adj_dense_prop",
        "adj_dense_prop": 0.8,
        "num_parents": null,
        "new_noise_mean": 10,
        "mix_samples": 65536,
        "stage2_samples": 65536,
        "gmm_tol": 0.001,
        "intv_type": "hard",
        "new_noise_var": 1.0,
        "dtype": "simulation",
        "cutoff_drop_ratio": 0.07,
        "intv_targets": [
            0,
            1,
            2,
            3,
            4,
            5
        ]
    },
    "intv_args_dict": {
        "0": {
            "intv_type": "hard",
            "inode": 0,
            "new_mui": 10,
            "new_vari": 1.0,
            "noise_type": "gaussian",
            "obs_noise_gamma_shape": null,
            "true_params": {
                "Si": [
                    [
                        1.0,
                        0.8609765500503372,
                        0.4033691465101134,
                        1.5137778752885742,
                        2.223926896201825,
                        1.6750629287543495
                    ],
                    [
                        0.8609765500503372,
                        1.7412806197365809,
                        -0.1786266687011121,
                        1.4490002897602225,
                        2.396235987518144,
                        1.7338327744102253
                    ],
                    [
                        0.4033691465101134,
                        -0.1786266687011121,
                        1.439296458265808,
                        1.4490267147802398,
                        2.1100270505291765,
                        1.2167067739414852
                    ],
                    [
                        1.5137778752885742,
                        1.4490002897602225,
                        1.4490267147802398,
                        4.150019422738257,
                        5.694187057959645,
                        4.584663434086474
                    ],
                    [
                        2.223926896201825,
                        2.396235987518144,
                        2.1100270505291765,
                        5.694187057959645,
                        9.166283661362147,
                        6.6972642045565545
                    ],
                    [
                        1.6750629287543495,
                        1.7338327744102253,
                        1.2167067739414852,
                        4.584663434086474,
                        6.6972642045565545,
                        6.564004659544377
                    ]
                ],
                "mui": [
                    10.0,
                    8.609765500503372,
                    4.033691465101134,
                    15.137778752885742,
                    22.239268962018247,
                    16.750629287543497
                ],
                "Ai": [
                    [
                        0.0,
                        0.0,
                        0.0,
                        0.0,
                        0.0,
                        0.0
                    ],
                    [
                        0.8609765500503372,
                        0.0,
                        0.0,
                        0.0,
                        0.0,
                        0.0
                    ],
                    [
                        0.856172250383014,
                        -0.5259180448601386,
                        0.0,
                        0.0,
                        0.0,
                        0.0
                    ],
                    [
                        0.6049356489727826,
                        0.6269025131048761,
                        0.9150275041068743,
                        0.0,
                        0.0,
                        0.0
                    ],
                    [
                        0.0,
                        0.6783913418075934,
                        0.6280986559520461,
                        0.9159152495265981,
                        0.0,
                        0.0
                    ],
                    [
                        0.0,
                        -0.5810120634441286,
                        -0.9104433264291496,
                        0.860313561028353,
                        0.5576720196272398,
                        0.0
                    ]
                ]
            },
            "est_params": {
                "mui": [
                    9.985226476699795,
                    8.57855139598878,
                    4.071842311171111,
                    15.14357800509854,
                    22.246513533508036,
                    16.74422167659819
                ],
                "Si": [
                    [
                        1.0103722705457188,
                        0.8632474862774125,
                        0.4008484013306089,
                        1.5093634177164204,
                        2.233005512397591,
                        1.6684637634063506
                    ],
                    [
                        0.8632474862774125,
                        1.7174767118216359,
                        -0.18909982597182987,
                        1.415875499926417,
                        2.359210629814977,
                        1.6955258207976442
                    ],
                    [
                        0.4008484013306089,
                        -0.18909982597182987,
                        1.429356746401458,
                        1.4237297681001269,
                        2.0807977883992446,
                        1.2052313210939265
                    ],
                    [
                        1.5093634177164204,
                        1.415875499926417,
                        1.4237297681001269,
                        4.069069152700005,
                        5.604476516085815,
                        4.50453023705614
                    ],
                    [
                        2.233005512397591,
                        2.359210629814977,
                        2.0807977883992446,
                        5.604476516085815,
                        9.082779740438756,
                        6.64149142883329
                    ],
                    [
                        1.6684637634063506,
                        1.6955258207976442,
                        1.2052313210939265,
                        4.50453023705614,
                        6.64149142883329,
                        6.49231032987763
                    ]
                ]
            },
            "est_tgt": [
                0,
                1,
                2,
                3,
                4
            ],
            "oracle_est_tgt": [
                0,
                1,
                2,
                3,
                4,
                5
            ]
        },
        "1": {
            "intv_type": "hard",
            "inode": 1,
            "new_mui": 10,
            "new_vari": 1.0,
            "noise_type": "gaussian",
            "obs_noise_gamma_shape": null,
            "true_params": {
                "Si": [
                    [
                        1.0,
                        0.0,
                        0.856172250383014,
                        1.3883568063263176,
                        1.8093778104273297,
                        1.4239652542032255
                    ],
                    [
                        0.0,
                        1.0,
                        -0.5259180448601386,
                        0.14567303715173635,
                        0.4814870808621425,
                        0.2916428728940917
                    ],
                    [
                        0.856172250383014,
                        -0.5259180448601386,
                        2.0096207122354253,
                        2.0270879964261725,
                        2.762102628254018,
                        1.7601976061775084
                    ],
                    [
                        1.3883568063263176,
                        0.14567303715173635,
                        2.0270879964261725,
                        3.7860305886976793,
                        4.8397177245527265,
                        4.025962085467292
                    ],
                    [
                        1.8093778104273297,
                        0.4814870808621425,
                        2.762102628254018,
                        4.8397177245527265,
                        7.494280882579063,
                        5.548537838243984
                    ],
                    [
                        1.4239652542032255,
                        0.2916428728940917,
                        1.7601976061775084,
                        4.025962085467292,
                        5.548537838243984,
                        5.785845889435335
                    ]
                ],
                "mui": [
                    0.0,
                    10.0,
                    -5.259180448601386,
                    1.4567303715173634,
                    4.814870808621425,
                    2.9164287289409168
                ],
                "Ai": [
                    [
                        0.0,
                        0.0,
                        0.0,
                        0.0,
                        0.0,
                        0.0
                    ],
                    [
                        0.0,
                        0.0,
                        0.0,
                        0.0,
                        0.0,
                        0.0
                    ],
                    [
                        0.856172250383014,
                        -0.5259180448601386,
                        0.0,
                        0.0,
                        0.0,
                        0.0
                    ],
                    [
                        0.6049356489727826,
                        0.6269025131048761,
                        0.9150275041068743,
                        0.0,
                        0.0,
                        0.0
                    ],
                    [
                        0.0,
                        0.6783913418075934,
                        0.6280986559520461,
                        0.9159152495265981,
                        0.0,
                        0.0
                    ],
                    [
                        0.0,
                        -0.5810120634441286,
                        -0.9104433264291496,
                        0.860313561028353,
                        0.5576720196272398,
                        0.0
                    ]
                ]
            },
            "est_params": {
                "mui": [
                    -0.001382702595572425,
                    5.027154540881686,
                    -2.6393445594085825,
                    0.7340750807326928,
                    7.422834796639321,
                    4.261450832496361
                ],
                "Si": [
                    [
                        1.0004426959503496,
                        0.4454194955936253,
                        0.6037597211687211,
                        1.4385667444556582,
                        0.8952003842031694,
                        0.93614930375621
                    ],
                    [
                        0.4454194955936253,
                        26.331095023018626,
                        -13.467221770413026,
                        4.49325954584745,
                        -12.696236150771703,
                        -6.233069900477641
                    ],
                    [
                        0.6037597211687211,
                        -13.467221770413026,
                        8.584775635465352,
                        -0.24236544332115237,
                        8.163823005666742,
                        4.349911489718641
                    ],
                    [
                        1.4385667444556582,
                        4.493259545847451,
                        -0.24236544332115237,
                        4.4783061937706545,
                        0.4877836657877399,
                        1.7450412418084185
                    ],
                    [
                        0.8952003842031694,
                        -12.696236150771703,
                        8.163823005666742,
                        0.4877836657877399,
                        10.904720224553957,
                        6.478741385527807
                    ],
                    [
                        0.93614930375621,
                        -6.233069900477641,
                        4.349911489718641,
                        1.7450412418084185,
                        6.478741385527807,
                        5.804404614900149
                    ]
                ]
            },
            "est_tgt": [
                0,
                1,
                2,
                3,
                4,
                5
            ],
            "oracle_est_tgt": [
                0,
                1,
                2,
                3,
                5
            ]
        },
        "2": {
            "intv_type": "hard",
            "inode": 2,
            "new_mui": 10,
            "new_vari": 1.0,
            "noise_type": "gaussian",
            "obs_noise_gamma_shape": null,
            "true_params": {
                "Si": [
                    [
                        1.0,
                        0.8609765500503372,
                        0.0,
                        1.1446840119237052,
                        1.6325125794637287,
                        1.3949560038849633
                    ],
                    [
                        0.8609765500503372,
                        1.7412806197365809,
                        0.0,
                        1.6124486045887267,
                        2.6581359621073557,
                        1.8578744055127094
                    ],
                    [
                        0.0,
                        0.0,
                        1.0,
                        0.9150275041068743,
                        1.4661863006997942,
                        0.6944183195289669
                    ],
                    [
                        1.1446840119237052,
                        1.6124486045887267,
                        0.9150275041068743,
                        3.5405835813630144,
                        4.911473212345292,
                        4.015070479111694
                    ],
                    [
                        1.6325125794637287,
                        2.6581359621073557,
                        1.4661863006997942,
                        4.911473212345292,
                        8.222659279714312,
                        5.931665423400079
                    ],
                    [
                        1.3949560038849633,
                        1.8578744055127094,
                        0.6944183195289669,
                        4.015070479111694,
                        5.931665423400079,
                        6.050467451352719
                    ]
                ],
                "mui": [
                    0.0,
                    0.0,
                    10.0,
                    9.150275041068742,
                    14.661863006997942,
                    6.9441831952896695
                ],
                "Ai": [
                    [
                        0.0,
                        0.0,
                        0.0,
                        0.0,
                        0.0,
                        0.0
                    ],
                    [
                        0.8609765500503372,
                        0.0,
                        0.0,
                        0.0,
                        0.0,
                        0.0
                    ],
                    [
                        0.0,
                        0.0,
                        0.0,
                        0.0,
                        0.0,
                        0.0
                    ],
                    [
                        0.6049356489727826,
                        0.6269025131048761,
                        0.9150275041068743,
                        0.0,
                        0.0,
                        0.0
                    ],
                    [
                        0.0,
                        0.6783913418075934,
                        0.6280986559520461,
                        0.9159152495265981,
                        0.0,
                        0.0
                    ],
                    [
                        0.0,
                        -0.5810120634441286,
                        -0.9104433264291496,
                        0.860313561028353,
                        0.5576720196272398,
                        0.0
                    ]
                ]
            },
            "oracle_est_tgt": [
                0,
                2,
                3,
                4,
                5
            ]
        },
        "3": {
            "intv_type": "hard",
            "inode": 3,
            "new_mui": 10,
            "new_vari": 1.0,
            "noise_type": "gaussian",
            "obs_noise_gamma_shape": null,
            "true_params": {
                "Si": [
                    [
                        1.0,
                        0.8609765500503372,
                        0.4033691465101134,
                        0.0,
                        0.8374346558290471,
                        -0.400468633627281
                    ],
                    [
                        0.8609765500503372,
                        1.7412806197365809,
                        -0.1786266687011121,
                        0.0,
                        1.069074525558297,
                        -0.25288263766709507
                    ],
                    [
                        0.4033691465101134,
                        -0.1786266687011121,
                        1.439296458265808,
                        0.0,
                        0.7828413854905263,
                        -0.7700448693187437
                    ],
                    [
                        0.0,
                        0.0,
                        0.0,
                        1.0,
                        0.9159152495265981,
                        1.3710938680392384
                    ],
                    [
                        0.8374346558290471,
                        1.069074525558297,
                        0.7828413854905263,
                        0.9159152495265981,
                        3.055853268251417,
                        1.1582602625680913
                    ],
                    [
                        -0.400468633627281,
                        -0.25288263766709507,
                        -0.7700448693187437,
                        1.3710938680392384,
                        1.1582602625680913,
                        3.67351006343971
                    ]
                ],
                "mui": [
                    0.0,
                    0.0,
                    0.0,
                    10.0,
                    9.159152495265982,
                    13.710938680392385
                ],
                "Ai": [
                    [
                        0.0,
                        0.0,
                        0.0,
                        0.0,
                        0.0,
                        0.0
                    ],
                    [
                        0.8609765500503372,
                        0.0,
                        0.0,
                        0.0,
                        0.0,
                        0.0
                    ],
                    [
                        0.856172250383014,
                        -0.5259180448601386,
                        0.0,
                        0.0,
                        0.0,
                        0.0
                    ],
                    [
                        0.0,
                        0.0,
                        0.0,
                        0.0,
                        0.0,
                        0.0
                    ],
                    [
                        0.0,
                        0.6783913418075934,
                        0.6280986559520461,
                        0.9159152495265981,
                        0.0,
                        0.0
                    ],
                    [
                        0.0,
                        -0.5810120634441286,
                        -0.9104433264291496,
                        0.860313561028353,
                        0.5576720196272398,
                        0.0
                    ]
                ]
            },
            "est_params": {
                "mui": [
                    0.001006518209874752,
                    -0.0071074253199873505,
                    5.001292915814,
                    9.569249685929398,
                    11.896761912291762,
                    10.326342620632028
                ],
                "Si": [
                    [
                        1.013646497146748,
                        0.8554579386184578,
                        0.16559109524529023,
                        0.5712016286991365,
                        1.2143772771549406,
                        0.519922409003753
                    ],
                    [
                        0.8554579386184578,
                        1.7253955666634306,
                        -0.13136022247574558,
                        0.7999752167064358,
                        1.8324509805057547,
                        0.8344906590075805
                    ],
                    [
                        0.16559109524529017,
                        -0.13136022247574558,
                        26.260517023298696,
                        -1.6654139224189524,
                        14.8407522113148,
                        -17.036531467536655
                    ],
                    [
                        0.5712016286991365,
                        0.7999752167064359,
                        -1.6654139224189524,
                        2.4374262870516494,
                        1.740803276034441,
                        4.141945372207089
                    ],
                    [
                        1.2143772771549406,
                        1.8324509805057547,
                        14.8407522113148,
                        1.740803276034441,
                        13.16171733565477,
                        -5.749508206914954
                    ],
                    [
                        0.519922409003753,
                        0.8344906590075805,
                        -17.036531467536655,
                        4.141945372207089,
                        -5.749508206914954,
                        16.43303232578434
                    ]
                ]
            },
            "est_tgt": [
                0,
                1,
                2,
                3,
                4,
                5
            ],
            "oracle_est_tgt": [
                0,
                2,
                3,
                4,
                5
            ]
        },
        "4": {
            "intv_type": "hard",
            "inode": 4,
            "new_mui": 10,
            "new_vari": 1.0,
            "noise_type": "gaussian",
            "obs_noise_gamma_shape": null,
            "true_params": {
                "Si": [
                    [
                        1.0,
                        0.8609765500503372,
                        0.4033691465101134,
                        1.5137778752885742,
                        0.0,
                        0.43484112504613914
                    ],
                    [
                        0.8609765500503372,
                        1.7412806197365809,
                        -0.1786266687011121,
                        1.4490002897602225,
                        0.0,
                        0.39751901174750875
                    ],
                    [
                        0.4033691465101134,
                        -0.1786266687011121,
                        1.439296458265808,
                        1.4490267147802398,
                        0.0,
                        0.040003727204771564
                    ],
                    [
                        1.5137778752885742,
                        1.4490002897602225,
                        1.4490267147802398,
                        4.150019422738257,
                        0.0,
                        1.4091746373388285
                    ],
                    [
                        0.0,
                        0.0,
                        0.0,
                        0.0,
                        1.0,
                        0.5576720196272398
                    ],
                    [
                        0.43484112504613914,
                        0.39751901174750875,
                        0.040003727204771564,
                        1.4091746373388285,
                        0.5576720196272398,
                        2.2559456640953623
                    ]
                ],
                "mui": [
                    0.0,
                    0.0,
                    0.0,
                    0.0,
                    10.0,
                    5.576720196272397
                ],
                "Ai": [
                    [
                        0.0,
                        0.0,
                        0.0,
                        0.0,
                        0.0,
                        0.0
                    ],
                    [
                        0.8609765500503372,
                        0.0,
                        0.0,
                        0.0,
                        0.0,
                        0.0
                    ],
                    [
                        0.856172250383014,
                        -0.5259180448601386,
                        0.0,
                        0.0,
                        0.0,
                        0.0
                    ],
                    [
                        0.6049356489727826,
                        0.6269025131048761,
                        0.9150275041068743,
                        0.0,
                        0.0,
                        0.0
                    ],
                    [
                        0.0,
                        0.0,
                        0.0,
                        0.0,
                        0.0,
                        0.0
                    ],
                    [
                        0.0,
                        -0.5810120634441286,
                        -0.9104433264291496,
                        0.860313561028353,
                        0.5576720196272398,
                        0.0
                    ]
                ]
            },
            "oracle_est_tgt": [
                2,
                4,
                5
            ]
        },
        "5": {
            "intv_type": "hard",
            "inode": 5,
            "new_mui": 10,
            "new_vari": 1.0,
            "noise_type": "gaussian",
            "obs_noise_gamma_shape": null,
            "true_params": {
                "Si": [
                    [
                        1.0,
                        0.8609765500503372,
                        0.4033691465101134,
                        1.5137778752885742,
                        2.223926896201825,
                        0.0
                    ],
                    [
                        0.8609765500503372,
                        1.7412806197365809,
                        -0.1786266687011121,
                        1.4490002897602225,
                        2.396235987518144,
                        0.0
                    ],
                    [
                        0.4033691465101134,
                        -0.1786266687011121,
                        1.439296458265808,
                        1.4490267147802398,
                        2.1100270505291765,
                        0.0
                    ],
                    [
                        1.5137778752885742,
                        1.4490002897602225,
                        1.4490267147802398,
                        4.150019422738257,
                        5.694187057959645,
                        0.0
                    ],
                    [
                        2.223926896201825,
                        2.396235987518144,
                        2.1100270505291765,
                        5.694187057959645,
                        9.166283661362147,
                        0.0
                    ],
                    [
                        0.0,
                        0.0,
                        0.0,
                        0.0,
                        0.0,
                        1.0
                    ]
                ],
                "mui": [
                    0.0,
                    0.0,
                    0.0,
                    0.0,
                    0.0,
                    10.0
                ],
                "Ai": [
                    [
                        0.0,
                        0.0,
                        0.0,
                        0.0,
                        0.0,
                        0.0
                    ],
                    [
                        0.8609765500503372,
                        0.0,
                        0.0,
                        0.0,
                        0.0,
                        0.0
                    ],
                    [
                        0.856172250383014,
                        -0.5259180448601386,
                        0.0,
                        0.0,
                        0.0,
                        0.0
                    ],
                    [
                        0.6049356489727826,
                        0.6269025131048761,
                        0.9150275041068743,
                        0.0,
                        0.0,
                        0.0
                    ],
                    [
                        0.0,
                        0.6783913418075934,
                        0.6280986559520461,
                        0.9159152495265981,
                        0.0,
                        0.0
                    ],
                    [
                        0.0,
                        0.0,
                        0.0,
                        0.0,
                        0.0,
                        0.0
                    ]
                ]
            },
            "oracle_est_tgt": [
                2,
                5
            ]
        },
        "obs": {
            "intv_type": "obs",
            "noise_type": "gaussian",
            "obs_noise_gamma_shape": null,
            "true_params": {
                "Si": [
                    [
                        1.0,
                        0.8609765500503372,
                        0.4033691465101134,
                        1.5137778752885742,
                        2.223926896201825,
                        1.6750629287543495
                    ],
                    [
                        0.8609765500503372,
                        1.7412806197365809,
                        -0.1786266687011121,
                        1.4490002897602225,
                        2.396235987518144,
                        1.7338327744102253
                    ],
                    [
                        0.4033691465101134,
                        -0.1786266687011121,
                        1.439296458265808,
                        1.4490267147802398,
                        2.1100270505291765,
                        1.2167067739414852
                    ],
                    [
                        1.5137778752885742,
                        1.4490002897602225,
                        1.4490267147802398,
                        4.150019422738257,
                        5.694187057959645,
                        4.584663434086474
                    ],
                    [
                        2.223926896201825,
                        2.396235987518144,
                        2.1100270505291765,
                        5.694187057959645,
                        9.166283661362147,
                        6.6972642045565545
                    ],
                    [
                        1.6750629287543495,
                        1.7338327744102253,
                        1.2167067739414852,
                        4.584663434086474,
                        6.6972642045565545,
                        6.564004659544377
                    ]
                ],
                "mui": [
                    0.0,
                    0.0,
                    0.0,
                    0.0,
                    0.0,
                    0.0
                ],
                "Ai": [
                    [
                        0.0,
                        0.0,
                        0.0,
                        0.0,
                        0.0,
                        0.0
                    ],
                    [
                        0.8609765500503372,
                        0.0,
                        0.0,
                        0.0,
                        0.0,
                        0.0
                    ],
                    [
                        0.856172250383014,
                        -0.5259180448601386,
                        0.0,
                        0.0,
                        0.0,
                        0.0
                    ],
                    [
                        0.6049356489727826,
                        0.6269025131048761,
                        0.9150275041068743,
                        0.0,
                        0.0,
                        0.0
                    ],
                    [
                        0.0,
                        0.6783913418075934,
                        0.6280986559520461,
                        0.9159152495265981,
                        0.0,
                        0.0
                    ],
                    [
                        0.0,
                        -0.5810120634441286,
                        -0.9104433264291496,
                        0.860313561028353,
                        0.5576720196272398,
                        0.0
                    ]
                ]
            },
            "est_params": {
                "mui": [
                    -0.009319526314652918,
                    -0.012007111386695768,
                    0.0018603966884041586,
                    0.0010584772885662236,
                    0.0027550341769481306,
                    4.9862057709017416
                ],
                "Si": [
                    [
                        1.0063037553252507,
                        0.8614170178621187,
                        0.41228675188910574,
                        1.538858845110378,
                        2.265720656463804,
                        0.8986926150880484
                    ],
                    [
                        0.8614170178621187,
                        1.734906610450786,
                        -0.1748336602762512,
                        1.461741070330954,
                        2.4124221308711906,
                        0.9418074447042826
                    ],
                    [
                        0.41228675188910574,
                        -0.1748336602762512,
                        1.4434134575637607,
                        1.472886022923013,
                        2.1489085405055435,
                        0.6385819577465787
                    ],
                    [
                        1.5388588451103782,
                        1.461741070330954,
                        1.472886022923013,
                        4.204922236587011,
                        5.792089236371335,
                        2.3860420234155932
                    ],
                    [
                        2.265720656463804,
                        2.412422130871191,
                        2.1489085405055435,
                        5.792089236371335,
                        9.342821085835752,
                        3.5077504185411548
                    ],
                    [
                        0.8986926150880484,
                        0.9418074447042826,
                        0.6385819577465787,
                        2.3860420234155932,
                        3.5077504185411548,
                        28.872068332234697
                    ]
                ]
            },
            "est_tgt": [
                0,
                1,
                2,
                3,
                4,
                5
            ],
            "oracle_est_tgt": [
                0,
                1,
                2,
                3,
                4,
                5
            ]
        }
    },
    "metric_dict": {
        "param_est_rel_err": 361.9832267802606,
        "est_num_comp": 4,
        "weight_precision_error": 0.21428570335203348,
        "gm_score_dict": {
            "1": -15.940130837057868,
            "2": -13.122548242886769,
            "3": -12.492640628642532,
            "4": -11.508824622074847,
            "5": -11.306560038076094,
            "6": -10.733128285045545,
            "7": -10.453487413561374
        },
        "est_dag": {
            "amat": [
                [
                    0,
                    0,
                    0,
                    0,
                    0,
                    0
                ],
                [
                    1,
                    0,
                    1,
                    0,
                    0,
                    0
                ],
                [
                    1,
                    0,
                    0,
                    0,
                    0,
                    0
                ],
                [
                    1,
                    1,
                    1,
                    0,
                    1,
                    1
                ],
                [
                    0,
                    1,
                    1,
                    0,
                    0,
                    0
                ],
                [
                    0,
                    0,
                    1,
                    0,
                    1,
                    0
                ]
            ],
            "nodes": [
                0,
                1,
                2,
                3,
                4,
                5
            ]
        },
        "oracle_est_dag": {
            "amat": [
                [
                    0,
                    0,
                    0,
                    0,
                    0,
                    0
                ],
                [
                    1,
                    0,
                    1,
                    1,
                    1,
                    0
                ],
                [
                    1,
                    0,
                    0,
                    0,
