{
    "expt_args": {
        "save_dir": "all_expt_logs/expt_logs_sim_compsel_backward_cameraready_new_mean_largerange_re",
        "exp_name": "252",
        "num_nodes": 6,
        "num_tgt_prior": 7,
        "obs_noise_mean": 0.0,
        "obs_noise_var": 1.0,
        "obs_noise_gamma_shape": null,
        "noise_type": "gaussian",
        "max_edge_strength": 1.0,
        "graph_sparsity_method": "adj_dense_prop",
        "adj_dense_prop": 0.8,
        "num_parents": null,
        "new_noise_mean": 100,
        "mix_samples": 1048576,
        "stage2_samples": 1048576,
        "gmm_tol": 0.001,
        "intv_type": "hard",
        "new_noise_var": 1.0,
        "dtype": "simulation",
        "cutoff_drop_ratio": 0.07,
        "intv_targets": [
            0,
            1,
            2,
            3,
            4,
            5
        ]
    },
    "intv_args_dict": {
        "0": {
            "intv_type": "hard",
            "inode": 0,
            "new_mui": 100,
            "new_vari": 1.0,
            "noise_type": "gaussian",
            "obs_noise_gamma_shape": null,
            "true_params": {
                "Si": [
                    [
                        1.0,
                        -0.6803836731075242,
                        1.3280762459817217,
                        0.8336997517340275,
                        0.03194660127427572,
                        -1.3339691149219632
                    ],
                    [
                        -0.6803836731075242,
                        1.4629219426312865,
                        -1.4717984344243735,
                        -1.8028694186591345,
                        -0.42455646044982376,
                        0.8617404839163924
                    ],
                    [
                        1.3280762459817217,
                        -1.4717984344243735,
                        3.0866343914243894,
                        2.713369365965808,
                        0.9802540589387334,
                        -1.664819708563947
                    ],
                    [
                        0.8336997517340275,
                        -1.8028694186591345,
                        2.713369365965808,
                        4.0391869155579005,
                        1.1653078594153776,
                        -0.9824656615006375
                    ],
                    [
                        0.03194660127427572,
                        -0.42455646044982376,
                        0.9802540589387334,
                        1.1653078594153776,
                        1.6658881249849231,
                        0.9134209134486506
                    ],
                    [
                        -1.3339691149219632,
                        0.8617404839163924,
                        -1.664819708563947,
                        -0.9824656615006375,
                        0.9134209134486506,
                        3.5630693979676527
                    ]
                ],
                "mui": [
                    100.0,
                    -68.03836731075242,
                    132.80762459817217,
                    83.36997517340275,
                    3.194660127427572,
                    -133.39691149219632
                ],
                "Ai": [
                    [
                        0.0,
                        0.0,
                        0.0,
                        0.0,
                        0.0,
                        0.0
                    ],
                    [
                        -0.6803836731075242,
                        0.0,
                        0.0,
                        0.0,
                        0.0,
                        0.0
                    ],
                    [
                        0.9414842568464875,
                        -0.568197040016478,
                        0.0,
                        0.0,
                        0.0,
                        0.0
                    ],
                    [
                        -0.8581720886850123,
                        -0.7219443284235254,
                        0.9040691075530476,
                        0.0,
                        0.0,
                        0.0
                    ],
                    [
                        -0.9095865625168382,
                        0.0,
                        0.708945112631788,
                        -0.0,
                        0.0,
                        0.0
                    ],
                    [
                        -0.640451186850742,
                        0.0,
                        -0.5433734429259023,
                        0.0,
                        0.8803263275026408,
                        0.0
                    ]
                ]
            },
            "est_params": {
                "mui": [
                    99.99771809365434,
                    -68.03749358798224,
                    132.80108575807645,
                    83.36095499603132,
                    3.1897568133500847,
                    -133.39375354861772
                ],
                "Si": [
                    [
                        1.0094620850743796,
                        -0.6874275018347497,
                        1.3397223301861614,
                        0.8429030014480685,
                        0.026151679958189147,
                        -1.3558591404377647
                    ],
                    [
                        -0.6874275018347497,
                        1.4697039197503192,
                        -1.4814064421478832,
                        -1.8083430423770068,
                        -0.4210680912144247,
                        0.8804536347427294
                    ],
                    [
                        1.3397223301861614,
                        -1.4814064421478832,
                        3.099711402484786,
                        2.7215443307181864,
                        0.9723213918272513,
                        -1.6921306363396624
                    ],
                    [
                        0.8429030014480685,
                        -1.8083430423770068,
                        2.7215443307181864,
                        4.0384043021765414,
                        1.1611174932421382,
                        -0.9996705201144405
                    ],
                    [
                        0.026151679958189147,
                        -0.4210680912144247,
                        0.9723213918272513,
                        1.1611174932421382,
                        1.6617832260344818,
                        0.9171647681733542
                    ],
                    [
                        -1.3558591404377647,
                        0.8804536347427294,
                        -1.6921306363396624,
                        -0.9996705201144405,
                        0.9171647681733542,
                        3.5976737414529247
                    ]
                ]
            },
            "est_tgt": [
                0
            ],
            "oracle_est_tgt": [
                0
            ]
        },
        "1": {
            "intv_type": "hard",
            "inode": 1,
            "new_mui": 100,
            "new_vari": 1.0,
            "noise_type": "gaussian",
            "obs_noise_gamma_shape": null,
            "true_params": {
                "Si": [
                    [
                        1.0,
                        0.0,
                        0.9414842568464875,
                        -0.007005256822564032,
                        -0.24212590000574988,
                        -1.3651785332992858
                    ],
                    [
                        0.0,
                        1.0,
                        -0.568197040016478,
                        -1.2356337193055058,
                        -0.40282051453153056,
                        -0.045870322306206135
                    ],
                    [
                        0.9414842568464875,
                        -0.568197040016478,
                        2.2092404821732696,
                        1.599557190393377,
                        0.709868813616318,
                        -1.178501111048882
                    ],
                    [
                        -0.007005256822564032,
                        -1.2356337193055058,
                        1.599557190393377,
                        3.3441807131396715,
                        1.1403701399772028,
                        0.1392274846650765
                    ],
                    [
                        -0.24212590000574988,
                        -0.40282051453153056,
                        0.709868813616318,
                        1.1403701399772028,
                        1.72349249110554,
                        1.2865817739188803
                    ],
                    [
                        -1.3651785332992858,
                        -0.045870322306206135,
                        -1.178501111048882,
                        0.1392274846650765,
                        1.2865817739188803,
                        3.647308226183156
                    ]
                ],
                "mui": [
                    0.0,
                    100.0,
                    -56.8197040016478,
                    -123.56337193055057,
                    -40.28205145315306,
                    -4.587032230620613
                ],
                "Ai": [
                    [
                        0.0,
                        0.0,
                        0.0,
                        0.0,
                        0.0,
                        0.0
                    ],
                    [
                        0.0,
                        0.0,
                        0.0,
                        0.0,
                        0.0,
                        0.0
                    ],
                    [
                        0.9414842568464875,
                        -0.568197040016478,
                        0.0,
                        0.0,
                        0.0,
                        0.0
                    ],
                    [
                        -0.8581720886850123,
                        -0.7219443284235254,
                        0.9040691075530476,
                        0.0,
                        0.0,
                        0.0
                    ],
                    [
                        -0.9095865625168382,
                        0.0,
                        0.708945112631788,
                        -0.0,
                        0.0,
                        0.0
                    ],
                    [
                        -0.640451186850742,
                        0.0,
                        -0.5433734429259023,
                        0.0,
                        0.8803263275026408,
                        0.0
                    ]
                ]
            },
            "est_params": {
                "mui": [
                    -0.0009636240301315343,
                    99.99903978671294,
                    -56.817800518467976,
                    -123.56443474218547,
                    -40.27894948896159,
                    -4.580289459384289
                ],
                "Si": [
                    [
                        0.9976525980617015,
                        0.0016916629756917815,
                        0.9392371103135398,
                        -0.014455784943779762,
                        -0.24335711388872902,
                        -1.3671612491812106
                    ],
                    [
                        0.0016916629756917815,
                        0.9996528544123883,
                        -0.5659966013250681,
                        -1.2383001095074178,
                        -0.4035768889833182,
                        -0.05017718522611569
                    ],
                    [
                        0.9392371103135398,
                        -0.5659966013250681,
                        2.203363401714197,
                        1.590756083148435,
                        0.7063017836651831,
                        -1.182636393034984
                    ],
                    [
                        -0.014455784943779762,
                        -1.2383001095074178,
                        1.590756083148435,
                        3.349972575842628,
                        1.1392886883777178,
                        0.1455426589233125
                    ],
                    [
                        -0.24335711388872902,
                        -0.4035768889833182,
                        0.7063017836651831,
                        1.1392886883777178,
                        1.7197528248973544,
                        1.286494546354699
                    ],
                    [
                        -1.3671612491812106,
                        -0.05017718522611569,
                        -1.182636393034984,
                        0.1455426589233125,
                        1.286494546354699,
                        3.651000393405996
                    ]
                ]
            },
            "est_tgt": [
                1
            ],
            "oracle_est_tgt": [
                1
            ]
        },
        "2": {
            "intv_type": "hard",
            "inode": 2,
            "new_mui": 100,
            "new_vari": 1.0,
            "noise_type": "gaussian",
            "obs_noise_gamma_shape": null,
            "true_params": {
                "Si": [
                    [
                        1.0,
                        -0.6803836731075242,
                        0.0,
                        -0.36697295473306923,
                        -0.9095865625168382,
                        -1.4411841849769416
                    ],
                    [
                        -0.6803836731075242,
                        1.4629219426312865,
                        0.0,
                        -0.47226192155111857,
                        0.6188678464144531,
                        0.9805581893990851
                    ],
                    [
                        0.0,
                        0.0,
                        1.0,
                        0.9040691075530476,
                        0.708945112631788,
                        0.08072960447818578
                    ],
                    [
                        -0.36697295473306923,
                        -0.47226192155111857,
                        0.9040691075530476,
                        2.4732137140801784,
                        0.9747290437134152,
                        0.6018607601492624
                    ],
                    [
                        -0.9095865625168382,
                        0.6188678464144531,
                        0.708945112631788,
                        0.9747290437134152,
                        2.3299508874356967,
                        2.2484409548089554
                    ],
                    [
                        -1.4411841849769416,
                        0.9805581893990851,
                        0.08072960447818578,
                        0.6018607601492624,
                        2.2484409548089554,
                        3.8585035669611427
                    ]
                ],
                "mui": [
                    0.0,
                    0.0,
                    100.0,
                    90.40691075530476,
                    70.8945112631788,
                    8.072960447818577
                ],
                "Ai": [
                    [
                        0.0,
                        0.0,
                        0.0,
                        0.0,
                        0.0,
                        0.0
                    ],
                    [
                        -0.6803836731075242,
                        0.0,
                        0.0,
                        0.0,
                        0.0,
                        0.0
                    ],
                    [
                        0.0,
                        0.0,
                        0.0,
                        0.0,
                        0.0,
                        0.0
                    ],
                    [
                        -0.8581720886850123,
                        -0.7219443284235254,
                        0.9040691075530476,
                        0.0,
                        0.0,
                        0.0
                    ],
                    [
                        -0.9095865625168382,
                        0.0,
                        0.708945112631788,
                        -0.0,
                        0.0,
                        0.0
                    ],
                    [
                        -0.640451186850742,
                        0.0,
                        -0.5433734429259023,
                        0.0,
                        0.8803263275026408,
                        0.0
                    ]
                ]
            },
            "est_params": {
                "mui": [
                    0.00019227338332449424,
                    -0.0033765382336500244,
                    99.99969658655219,
                    90.40657582850409,
                    70.89286623690666,
                    8.072492836485772
                ],
                "Si": [
                    [
                        0.9987793181930386,
                        -0.6846615495508537,
                        -0.0033001252269167862,
                        -0.3627995153307715,
                        -0.914990500903005,
                        -1.447662292103356
                    ],
                    [
                        -0.6846615495508537,
                        1.468896120647809,
                        -0.0025058139996779086,
                        -0.47784159438965856,
                        0.6283408001401981,
                        0.9962442699871765
                    ],
                    [
                        -0.0033001252269167862,
                        -0.0025058139996779086,
                        1.0019203022760446,
                        0.9109790847549232,
                        0.7133246199831805,
                        0.0907801583775298
                    ],
                    [
                        -0.3627995153307715,
                        -0.47784159438965856,
                        0.9109790847549232,
                        2.4805937686542783,
                        0.9738921284392985,
                        0.604218754819754
                    ],
                    [
                        -0.914990500903005,
                        0.6283408001401981,
                        0.7133246199831805,
                        0.9738921284392985,
                        2.340850530506846,
                        2.2656502176053825
                    ],
                    [
                        -1.447662292103356,
                        0.9962442699871765,
                        0.0907801583775298,
                        0.604218754819754,
                        2.2656502176053825,
                        3.8829592704558844
                    ]
                ]
            },
            "est_tgt": [
                2,
                3
            ],
            "oracle_est_tgt": [
                2,
                3
            ]
        },
        "3": {
            "intv_type": "hard",
            "inode": 3,
            "new_mui": 100,
            "new_vari": 1.0,
            "noise_type": "gaussian",
            "obs_noise_gamma_shape": null,
            "true_params": {
                "Si": [
                    [
                        1.0,
                        -0.6803836731075242,
                        1.3280762459817217,
                        0.0,
                        0.03194660127427572,
                        -1.3339691149219632
                    ],
                    [
                        -0.6803836731075242,
                        1.4629219426312865,
                        -1.4717984344243735,
                        0.0,
                        -0.42455646044982376,
                        0.8617404839163924
                    ],
                    [
                        1.3280762459817217,
                        -1.4717984344243735,
                        3.0866343914243894,
                        0.0,
                        0.9802540589387334,
                        -1.664819708563947
                    ],
                    [
                        0.0,
                        0.0,
                        0.0,
                        1.0,
                        0.0,
                        0.0
                    ],
                    [
                        0.03194660127427572,
                        -0.42455646044982376,
                        0.9802540589387334,
                        0.0,
                        1.6658881249849231,
                        0.9134209134486506
                    ],
                    [
                        -1.3339691149219632,
                        0.8617404839163924,
                        -1.664819708563947,
                        0.0,
                        0.9134209134486506,
                        3.5630693979676527
                    ]
                ],
                "mui": [
                    0.0,
                    0.0,
                    0.0,
                    100.0,
                    0.0,
                    0.0
                ],
                "Ai": [
                    [
                        0.0,
                        0.0,
                        0.0,
                        0.0,
                        0.0,
                        0.0
                    ],
                    [
                        -0.6803836731075242,
                        0.0,
                        0.0,
                        0.0,
                        0.0,
                        0.0
                    ],
                    [
                        0.9414842568464875,
                        -0.568197040016478,
                        0.0,
                        0.0,
                        0.0,
                        0.0
                    ],
                    [
                        0.0,
                        0.0,
                        0.0,
                        0.0,
                        0.0,
                        0.0
                    ],
                    [
                        -0.9095865625168382,
                        0.0,
                        0.708945112631788,
                        -0.0,
                        0.0,
                        0.0
                    ],
                    [
                        -0.640451186850742,
                        0.0,
                        -0.5433734429259023,
                        0.0,
                        0.8803263275026408,
                        0.0
                    ]
                ]
            },
            "est_params": {
                "mui": [
                    -0.0013864916007261749,
                    0.0012533978189533466,
                    -0.0016559387353004401,
                    100.00219776391793,
                    -0.0006544750626234431,
                    0.0005301544302823965
                ],
                "Si": [
                    [
                        1.0003488933664142,
                        -0.6812536038204274,
                        1.3308619504443304,
                        -0.0013559706018759674,
                        0.033659206356976744,
                        -1.3349521944156393
                    ],
                    [
                        -0.6812536038204274,
                        1.4616145609236961,
                        -1.4746446759211773,
                        0.002335896713709124,
                        -0.4218142179142833,
                        0.8693179623118429
                    ],
                    [
                        1.3308619504443304,
                        -1.4746446759211773,
                        3.098518381519328,
                        0.0013591167275379514,
                        0.9830066911939565,
                        -1.6740444659174867
                    ],
                    [
                        -0.0013559706018759674,
                        0.002335896713709124,
                        0.0013591167275379514,
                        1.0092354398739742,
                        0.0033275046359341706,
                        0.0015575893069836053
                    ],
                    [
                        0.033659206356976744,
                        -0.4218142179142833,
                        0.9830066911939565,
                        0.0033275046359341706,
                        1.666264490277633,
                        0.9074926590985805
                    ],
                    [
                        -1.3349521944156393,
                        0.8693179623118429,
                        -1.6740444659174867,
                        0.0015575893069836053,
                        0.9074926590985805,
                        3.560976868453477
                    ]
                ]
            },
            "est_tgt": [
                2,
                3
            ],
            "oracle_est_tgt": [
                2,
                3
            ]
        },
        "4": {
            "intv_type": "hard",
            "inode": 4,
            "new_mui": 100,
            "new_vari": 1.0,
            "noise_type": "gaussian",
            "obs_noise_gamma_shape": null,
            "true_params": {
                "Si": [
                    [
                        1.0,
                        -0.6803836731075242,
                        1.3280762459817217,
                        0.8336997517340275,
                        0.0,
                        -1.3620925490979376
                    ],
                    [
                        -0.6803836731075242,
                        1.4629219426312865,
                        -1.4717984344243735,
                        -1.8028694186591345,
                        0.0,
                        1.2354887135617059
                    ],
                    [
                        1.3280762459817217,
                        -1.4717984344243735,
                        3.0866343914243894,
                        2.713369365965808,
                        0.0,
                        -2.5277631642890395
                    ],
                    [
                        0.8336997517340275,
                        -1.8028694186591345,
                        2.713369365965808,
                        4.0391869155579005,
                        0.0,
                        -2.008316849789741
                    ],
                    [
                        0.0,
                        0.0,
                        0.0,
                        0.0,
                        1.0,
                        0.8803263275026408
                    ],
                    [
                        -1.3620925490979376,
                        1.2354887135617059,
                        -2.5277631642890395,
                        -2.008316849789741,
                        0.8803263275026408,
                        4.020847606045622
                    ]
                ],
                "mui": [
                    0.0,
                    0.0,
                    0.0,
                    0.0,
                    100.0,
                    88.03263275026409
                ],
                "Ai": [
                    [
                        0.0,
                        0.0,
                        0.0,
                        0.0,
                        0.0,
                        0.0
                    ],
                    [
                        -0.6803836731075242,
                        0.0,
                        0.0,
                        0.0,
                        0.0,
                        0.0
                    ],
                    [
                        0.9414842568464875,
                        -0.568197040016478,
                        0.0,
                        0.0,
                        0.0,
                        0.0
                    ],
                    [
                        -0.8581720886850123,
                        -0.7219443284235254,
                        0.9040691075530476,
                        0.0,
                        0.0,
                        0.0
                    ],
                    [
                        0.0,
                        0.0,
                        0.0,
                        0.0,
                        0.0,
                        0.0
                    ],
                    [
                        -0.640451186850742,
                        0.0,
                        -0.5433734429259023,
                        0.0,
                        0.8803263275026408,
                        0.0
                    ]
                ]
            },
            "est_params": {
                "mui": [
                    0.001693565108781406,
                    -0.006041706845972951,
                    0.006965143672992138,
                    0.008242544910272716,
                    99.99973967604585,
                    88.02776917164735
                ],
                "Si": [
                    [
                        1.0011672939307192,
                        -0.675682732384773,
                        1.3319690907065738,
                        0.8360427057672608,
                        -0.0038172535904290933,
                        -1.3722258676719368
                    ],
                    [
                        -0.675682732384773,
                        1.456836031810285,
                        -1.4693466996826359,
                        -1.8027798718362156,
                        -0.0010887946313692803,
                        1.2297375449739536
                    ],
                    [
                        1.3319690907065738,
                        -1.4693466996826359,
                        3.0991354558076125,
                        2.726984959414116,
                        -0.003085808079551103,
                        -2.5445941688233176
                    ],
                    [
                        0.8360427057672608,
                        -1.8027798718362156,
                        2.726984959414116,
                        4.056440284561795,
                        0.0014473518230875167,
                        -2.012761956864187
                    ],
                    [
                        -0.0038172535904290933,
                        -0.0010887946313692803,
                        -0.003085808079551103,
                        0.0014473518230875167,
                        0.9995544278448651,
                        0.885071004964058
                    ],
                    [
                        -1.3722258676719368,
                        1.2297375449739536,
                        -2.5445941688233176,
                        -2.012761956864187,
                        0.885071004964058,
                        4.045714782860301
                    ]
                ]
            },
            "est_tgt": [
                4
            ],
            "oracle_est_tgt": [
                4
            ]
        },
        "5": {
            "intv_type": "hard",
            "inode": 5,
            "new_mui": 100,
            "new_vari": 1.0,
            "noise_type": "gaussian",
            "obs_noise_gamma_shape": null,
            "true_params": {
                "Si": [
                    [
                        1.0,
                        -0.6803836731075242,
                        1.3280762459817217,
                        0.8336997517340275,
                        0.03194660127427572,
                        0.0
                    ],
                    [
                        -0.6803836731075242,
                        1.4629219426312865,
                        -1.4717984344243735,
                        -1.8028694186591345,
                        -0.42455646044982376,
                        0.0
                    ],
                    [
                        1.3280762459817217,
                        -1.4717984344243735,
                        3.0866343914243894,
                        2.713369365965808,
                        0.9802540589387334,
                        0.0
                    ],
                    [
                        0.8336997517340275,
                        -1.8028694186591345,
                        2.713369365965808,
                        4.0391869155579005,
                        1.1653078594153776,
                        0.0
                    ],
                    [
                        0.03194660127427572,
                        -0.42455646044982376,
                        0.9802540589387334,
                        1.1653078594153776,
                        1.6658881249849231,
                        0.0
                    ],
                    [
                        0.0,
                        0.0,
                        0.0,
                        0.0,
                        0.0,
                        1.0
                    ]
                ],
                "mui": [
                    0.0,
                    0.0,
                    0.0,
                    0.0,
                    0.0,
                    100.0
                ],
                "Ai": [
                    [
                        0.0,
                        0.0,
                        0.0,
                        0.0,
                        0.0,
                        0.0
                    ],
                    [
                        -0.6803836731075242,
                        0.0,
                        0.0,
                        0.0,
                        0.0,
                        0.0
                    ],
                    [
                        0.9414842568464875,
                        -0.568197040016478,
                        0.0,
                        0.0,
                        0.0,
                        0.0
                    ],
                    [
                        -0.8581720886850123,
                        -0.7219443284235254,
                        0.9040691075530476,
                        0.0,
                        0.0,
                        0.0
                    ],
                    [
                        -0.9095865625168382,
                        0.0,
                        0.708945112631788,
                        -0.0,
                        0.0,
                        0.0
                    ],
                    [
                        0.0,
                        0.0,
                        0.0,
                        0.0,
                        0.0,
                        0.0
                    ]
                ]
            },
            "est_params": {
                "mui": [
                    0.0028126735984089803,
                    -0.002261275734440179,
                    0.0032142067742308286,
                    -0.0011248700576724279,
                    0.0016301113254875044,
                    100.00103012547089
                ],
                "Si": [
                    [
                        0.9876266051854471,
                        -0.6704887766194723,
                        1.308403949868372,
                        0.8196833413325971,
                        0.030464579676817805,
                        -0.00336731248694329
                    ],
                    [
                        -0.6704887766194723,
                        1.4544247675348134,
                        -1.4568775499413458,
                        -1.7858868421112957,
                        -0.426089398391479,
                        0.003481910749698472
                    ],
                    [
                        1.308403949868372,
                        -1.4568775499413458,
                        3.0453444094716224,
                        2.6830479317748614,
                        0.9753338319161532,
                        -0.007757234672908052
                    ],
                    [
                        0.8196833413325971,
                        -1.7858868421112957,
                        2.6830479317748614,
                        4.013175921084335,
                        1.1644548550754215,
                        -0.004418989806758867
                    ],
                    [
                        0.030464579676817805,
                        -0.426089398391479,
                        0.9753338319161532,
                        1.1644548550754215,
                        1.6609970879997142,
                        -0.0038253473801616337
                    ],
                    [
                        -0.00336731248694329,
                        0.003481910749698472,
                        -0.007757234672908052,
                        -0.004418989806758867,
                        -0.0038253473801616337,
                        0.9996810112576423
                    ]
                ]
            },
            "est_tgt": [
                5
            ],
            "oracle_est_tgt": [
                5
            ]
        },
        "obs": {
            "intv_type": "obs",
            "noise_type": "gaussian",
            "obs_noise_gamma_shape": null,
            "true_params": {
                "Si": [
                    [
                        1.0,
                        -0.6803836731075242,
                        1.3280762459817217,
                        0.8336997517340275,
                        0.03194660127427572,
                        -1.3339691149219632
                    ],
                    [
                        -0.6803836731075242,
                        1.4629219426312865,
                        -1.4717984344243735,
                        -1.8028694186591345,
                        -0.42455646044982376,
                        0.8617404839163924
                    ],
                    [
                        1.3280762459817217,
                        -1.4717984344243735,
                        3.0866343914243894,
                        2.713369365965808,
                        0.9802540589387334,
                        -1.664819708563947
                    ],
                    [
                        0.8336997517340275,
                        -1.8028694186591345,
                        2.713369365965808,
                        4.0391869155579005,
                        1.1653078594153776,
                        -0.9824656615006375
                    ],
                    [
                        0.03194660127427572,
                        -0.42455646044982376,
                        0.9802540589387334,
                        1.1653078594153776,
                        1.6658881249849231,
                        0.9134209134486506
                    ],
                    [
                        -1.3339691149219632,
                        0.8617404839163924,
                        -1.664819708563947,
                        -0.9824656615006375,
                        0.9134209134486506,
                        3.5630693979676527
                    ]
                ],
                "mui": [
                    0.0,
                    0.0,
                    0.0,
