{
    "expt_args": {
        "save_dir": "all_expt_logs/expt_logs_sim_compsel_backward_cameraready_new_mean_largerange_re",
        "exp_name": "230",
        "num_nodes": 6,
        "num_tgt_prior": 7,
        "obs_noise_mean": 0.0,
        "obs_noise_var": 1.0,
        "obs_noise_gamma_shape": null,
        "noise_type": "gaussian",
        "max_edge_strength": 1.0,
        "graph_sparsity_method": "adj_dense_prop",
        "adj_dense_prop": 0.8,
        "num_parents": null,
        "new_noise_mean": 1.0,
        "mix_samples": 1048576,
        "stage2_samples": 1048576,
        "gmm_tol": 0.001,
        "intv_type": "hard",
        "new_noise_var": 1.0,
        "dtype": "simulation",
        "cutoff_drop_ratio": 0.07,
        "intv_targets": [
            0,
            1,
            2,
            3,
            4,
            5
        ]
    },
    "intv_args_dict": {
        "0": {
            "intv_type": "hard",
            "inode": 0,
            "new_mui": 1.0,
            "new_vari": 1.0,
            "noise_type": "gaussian",
            "obs_noise_gamma_shape": null,
            "true_params": {
                "Si": [
                    [
                        1.0,
                        -0.9764453849221926,
                        0.7134266405583342,
                        0.742555432719457,
                        1.8820479836894006,
                        -1.2859909628834318
                    ],
                    [
                        -0.9764453849221926,
                        1.953445589735849,
                        -0.6966221506537293,
                        -0.206155461928469,
                        -2.188222955157414,
                        0.04191443000945516
                    ],
                    [
                        0.7134266405583342,
                        -0.6966221506537293,
                        1.5089775714583507,
                        1.180498167402821,
                        1.3474979254755166,
                        -2.2583972254723914
                    ],
                    [
                        0.742555432719457,
                        -0.206155461928469,
                        1.180498167402821,
                        2.2441171862000235,
                        2.203621426935829,
                        -3.3188582774320454
                    ],
                    [
                        1.8820479836894006,
                        -2.188222955157414,
                        1.3474979254755166,
                        2.203621426935829,
                        5.634925532480034,
                        -2.8497352733382852
                    ],
                    [
                        -1.2859909628834318,
                        0.04191443000945516,
                        -2.2583972254723914,
                        -3.3188582774320454,
                        -2.8497352733382852,
                        6.66733126423042
                    ]
                ],
                "mui": [
                    1.0,
                    -0.9764453849221926,
                    0.7134266405583342,
                    0.742555432719457,
                    1.8820479836894006,
                    -1.2859909628834318
                ],
                "Ai": [
                    [
                        0.0,
                        0.0,
                        0.0,
                        0.0,
                        0.0,
                        0.0
                    ],
                    [
                        -0.9764453849221926,
                        0.0,
                        0.0,
                        0.0,
                        0.0,
                        0.0
                    ],
                    [
                        0.7134266405583342,
                        0.0,
                        0.0,
                        0.0,
                        0.0,
                        0.0
                    ],
                    [
                        0.7849873048669512,
                        0.5189093633993465,
                        0.6507393396094385,
                        0.0,
                        0.0,
                        0.0
                    ],
                    [
                        0.763277082917003,
                        -0.86155747005685,
                        -0.6360905187782157,
                        0.9848571230767514,
                        0.0,
                        0.0
                    ],
                    [
                        -0.8382645202273397,
                        -0.7667484315422453,
                        -0.7803292571849669,
                        -0.8614935685086852,
                        -0.0,
                        0.0
                    ]
                ]
            },
            "oracle_est_tgt": [
                0
            ]
        },
        "1": {
            "intv_type": "hard",
            "inode": 1,
            "new_mui": 1.0,
            "new_vari": 1.0,
            "noise_type": "gaussian",
            "obs_noise_gamma_shape": null,
            "true_params": {
                "Si": [
                    [
                        1.0,
                        0.0,
                        0.7134266405583342,
                        1.249242085803662,
                        1.5397981276650474,
                        -2.4711862231404207
                    ],
                    [
                        0.0,
                        1.0,
                        0.0,
                        0.5189093633993465,
                        -0.3505058872817811,
                        -1.2137855107497184
                    ],
                    [
                        0.7134266405583342,
                        0.0,
                        1.5089775714583507,
                        1.5419819241284314,
                        1.1033277604604887,
                        -3.1039470984031956
                    ],
                    [
                        1.249242085803662,
                        0.5189093633993465,
                        1.5419819241284314,
                        3.2533344044819272,
                        2.729677096729422,
                        -5.45104853332004
                    ],
                    [
                        1.5397981276650474,
                        -0.3505058872817811,
                        1.1033277604604887,
                        2.729677096729422,
                        4.463799193531481,
                        -4.234566494104012
                    ],
                    [
                        -2.4711862231404207,
                        -1.2137855107497184,
                        -3.1039470984031956,
                        -5.45104853332004,
                        -4.234566494104012,
                        11.12031985705158
                    ]
                ],
                "mui": [
                    0.0,
                    1.0,
                    0.0,
                    0.5189093633993465,
                    -0.3505058872817811,
                    -1.2137855107497184
                ],
                "Ai": [
                    [
                        0.0,
                        0.0,
                        0.0,
                        0.0,
                        0.0,
                        0.0
                    ],
                    [
                        0.0,
                        0.0,
                        0.0,
                        0.0,
                        0.0,
                        0.0
                    ],
                    [
                        0.7134266405583342,
                        0.0,
                        0.0,
                        0.0,
                        0.0,
                        0.0
                    ],
                    [
                        0.7849873048669512,
                        0.5189093633993465,
                        0.6507393396094385,
                        0.0,
                        0.0,
                        0.0
                    ],
                    [
                        0.763277082917003,
                        -0.86155747005685,
                        -0.6360905187782157,
                        0.9848571230767514,
                        0.0,
                        0.0
                    ],
                    [
                        -0.8382645202273397,
                        -0.7667484315422453,
                        -0.7803292571849669,
                        -0.8614935685086852,
                        -0.0,
                        0.0
                    ]
                ]
            },
            "oracle_est_tgt": [
                1
            ]
        },
        "2": {
            "intv_type": "hard",
            "inode": 2,
            "new_mui": 1.0,
            "new_vari": 1.0,
            "noise_type": "gaussian",
            "obs_noise_gamma_shape": null,
            "true_params": {
                "Si": [
                    [
                        1.0,
                        -0.9764453849221926,
                        0.0,
                        0.27830065178274643,
                        1.8786272776643949,
                        -0.3293307744741958
                    ],
                    [
                        -0.9764453849221926,
                        1.953445589735849,
                        0.0,
                        0.24716397634524556,
                        -2.184882822546122,
                        -0.8922119959015384
                    ],
                    [
                        0.0,
                        0.0,
                        1.0,
                        0.6507393396094385,
                        0.0047947551024011,
                        -1.3409370130340874
                    ],
                    [
                        0.27830065178274643,
                        0.24716397634524556,
                        0.6507393396094385,
                        1.7701798683215446,
                        1.3289196678394126,
                        -2.4555916707031127
                    ],
                    [
                        1.8786272776643949,
                        -2.184882822546122,
                        0.0047947551024011,
                        1.3289196678394126,
                        5.622061367955431,
                        -1.048128350902297
                    ],
                    [
                        -0.3293307744741958,
                        -0.8922119959015384,
                        -1.3409370130340874,
                        -2.4555916707031127,
                        -1.048128350902297,
                        5.122017266628338
                    ]
                ],
                "mui": [
                    0.0,
                    0.0,
                    1.0,
                    0.6507393396094385,
                    0.0047947551024011,
                    -1.3409370130340874
                ],
                "Ai": [
                    [
                        0.0,
                        0.0,
                        0.0,
                        0.0,
                        0.0,
                        0.0
                    ],
                    [
                        -0.9764453849221926,
                        0.0,
                        0.0,
                        0.0,
                        0.0,
                        0.0
                    ],
                    [
                        0.0,
                        0.0,
                        0.0,
                        0.0,
                        0.0,
                        0.0
                    ],
                    [
                        0.7849873048669512,
                        0.5189093633993465,
                        0.6507393396094385,
                        0.0,
                        0.0,
                        0.0
                    ],
                    [
                        0.763277082917003,
                        -0.86155747005685,
                        -0.6360905187782157,
                        0.9848571230767514,
                        0.0,
                        0.0
                    ],
                    [
                        -0.8382645202273397,
                        -0.7667484315422453,
                        -0.7803292571849669,
                        -0.8614935685086852,
                        -0.0,
                        0.0
                    ]
                ]
            },
            "oracle_est_tgt": [
                2
            ]
        },
        "3": {
            "intv_type": "hard",
            "inode": 3,
            "new_mui": 1.0,
            "new_vari": 1.0,
            "noise_type": "gaussian",
            "obs_noise_gamma_shape": null,
            "true_params": {
                "Si": [
                    [
                        1.0,
                        -0.9764453849221926,
                        0.7134266405583342,
                        0.0,
                        1.150736976496304,
                        -0.6462842333344359
                    ],
                    [
                        -0.9764453849221926,
                        1.953445589735849,
                        -0.6966221506537293,
                        0.0,
                        -1.9851892800159836,
                        -0.1356871745548579
                    ],
                    [
                        0.7134266405583342,
                        -0.6966221506537293,
                        1.5089775714583507,
                        0.0,
                        0.1848758965297973,
                        -1.2414056466185721
                    ],
                    [
                        0.0,
                        0.0,
                        0.0,
                        1.0,
                        0.9848571230767514,
                        -0.8614935685086852
                    ],
                    [
                        1.150736976496304,
                        -1.9851892800159836,
                        0.1848758965297973,
                        0.9848571230767514,
                        4.44103156424117,
                        -0.4351933611848886
                    ],
                    [
                        -0.6462842333344359,
                        -0.1356871745548579,
                        -1.2414056466185721,
                        -0.8614935685086852,
                        -0.4351933611848886,
                        3.356671385729844
                    ]
                ],
                "mui": [
                    0.0,
                    0.0,
                    0.0,
                    1.0,
                    0.9848571230767514,
                    -0.8614935685086852
                ],
                "Ai": [
                    [
                        0.0,
                        0.0,
                        0.0,
                        0.0,
                        0.0,
                        0.0
                    ],
                    [
                        -0.9764453849221926,
                        0.0,
                        0.0,
                        0.0,
                        0.0,
                        0.0
                    ],
                    [
                        0.7134266405583342,
                        0.0,
                        0.0,
                        0.0,
                        0.0,
                        0.0
                    ],
                    [
                        0.0,
                        0.0,
                        0.0,
                        0.0,
                        0.0,
                        0.0
                    ],
                    [
                        0.763277082917003,
                        -0.86155747005685,
                        -0.6360905187782157,
                        0.9848571230767514,
                        0.0,
                        0.0
                    ],
                    [
                        -0.8382645202273397,
                        -0.7667484315422453,
                        -0.7803292571849669,
                        -0.8614935685086852,
                        -0.0,
                        0.0
                    ]
                ]
            },
            "oracle_est_tgt": [
                3,
                4
            ]
        },
        "4": {
            "intv_type": "hard",
            "inode": 4,
            "new_mui": 1.0,
            "new_vari": 1.0,
            "noise_type": "gaussian",
            "obs_noise_gamma_shape": null,
            "true_params": {
                "Si": [
                    [
                        1.0,
                        -0.9764453849221926,
                        0.7134266405583342,
                        0.742555432719457,
                        0.0,
                        -1.2859909628834318
                    ],
                    [
                        -0.9764453849221926,
                        1.953445589735849,
                        -0.6966221506537293,
                        -0.206155461928469,
                        0.0,
                        0.04191443000945516
                    ],
                    [
                        0.7134266405583342,
                        -0.6966221506537293,
                        1.5089775714583507,
                        1.180498167402821,
                        0.0,
                        -2.2583972254723914
                    ],
                    [
                        0.742555432719457,
                        -0.206155461928469,
                        1.180498167402821,
                        2.2441171862000235,
                        0.0,
                        -3.3188582774320454
                    ],
                    [
                        0.0,
                        0.0,
                        0.0,
                        0.0,
                        1.0,
                        0.0
                    ],
                    [
                        -1.2859909628834318,
                        0.04191443000945516,
                        -2.2583972254723914,
                        -3.3188582774320454,
                        0.0,
                        6.66733126423042
                    ]
                ],
                "mui": [
                    0.0,
                    0.0,
                    0.0,
                    0.0,
                    1.0,
                    0.0
                ],
                "Ai": [
                    [
                        0.0,
                        0.0,
                        0.0,
                        0.0,
                        0.0,
                        0.0
                    ],
                    [
                        -0.9764453849221926,
                        0.0,
                        0.0,
                        0.0,
                        0.0,
                        0.0
                    ],
                    [
                        0.7134266405583342,
                        0.0,
                        0.0,
                        0.0,
                        0.0,
                        0.0
                    ],
                    [
                        0.7849873048669512,
                        0.5189093633993465,
                        0.6507393396094385,
                        0.0,
                        0.0,
                        0.0
                    ],
                    [
                        0.0,
                        0.0,
                        0.0,
                        0.0,
                        0.0,
                        0.0
                    ],
                    [
                        -0.8382645202273397,
                        -0.7667484315422453,
                        -0.7803292571849669,
                        -0.8614935685086852,
                        -0.0,
                        0.0
                    ]
                ]
            },
            "oracle_est_tgt": [
                3,
                4
            ]
        },
        "5": {
            "intv_type": "hard",
            "inode": 5,
            "new_mui": 1.0,
            "new_vari": 1.0,
            "noise_type": "gaussian",
            "obs_noise_gamma_shape": null,
            "true_params": {
                "Si": [
                    [
                        1.0,
                        -0.9764453849221926,
                        0.7134266405583342,
                        0.742555432719457,
                        1.8820479836894006,
                        0.0
                    ],
                    [
                        -0.9764453849221926,
                        1.953445589735849,
                        -0.6966221506537293,
                        -0.206155461928469,
                        -2.188222955157414,
                        0.0
                    ],
                    [
                        0.7134266405583342,
                        -0.6966221506537293,
                        1.5089775714583507,
                        1.180498167402821,
                        1.3474979254755166,
                        0.0
                    ],
                    [
                        0.742555432719457,
                        -0.206155461928469,
                        1.180498167402821,
                        2.2441171862000235,
                        2.203621426935829,
                        0.0
                    ],
                    [
                        1.8820479836894006,
                        -2.188222955157414,
                        1.3474979254755166,
                        2.203621426935829,
                        5.634925532480034,
                        0.0
                    ],
                    [
                        0.0,
                        0.0,
                        0.0,
                        0.0,
                        0.0,
                        1.0
                    ]
                ],
                "mui": [
                    0.0,
                    0.0,
                    0.0,
                    0.0,
                    0.0,
                    1.0
                ],
                "Ai": [
                    [
                        0.0,
                        0.0,
                        0.0,
                        0.0,
                        0.0,
                        0.0
                    ],
                    [
                        -0.9764453849221926,
                        0.0,
                        0.0,
                        0.0,
                        0.0,
                        0.0
                    ],
                    [
                        0.7134266405583342,
                        0.0,
                        0.0,
                        0.0,
                        0.0,
                        0.0
                    ],
                    [
                        0.7849873048669512,
                        0.5189093633993465,
                        0.6507393396094385,
                        0.0,
                        0.0,
                        0.0
                    ],
                    [
                        0.763277082917003,
                        -0.86155747005685,
                        -0.6360905187782157,
                        0.9848571230767514,
                        0.0,
                        0.0
                    ],
                    [
                        0.0,
                        0.0,
                        0.0,
                        0.0,
                        0.0,
                        0.0
                    ]
                ]
            },
            "oracle_est_tgt": [
                5
            ]
        },
        "obs": {
            "intv_type": "obs",
            "noise_type": "gaussian",
            "obs_noise_gamma_shape": null,
            "true_params": {
                "Si": [
                    [
                        1.0,
                        -0.9764453849221926,
                        0.7134266405583342,
                        0.742555432719457,
                        1.8820479836894006,
                        -1.2859909628834318
                    ],
                    [
                        -0.9764453849221926,
                        1.953445589735849,
                        -0.6966221506537293,
                        -0.206155461928469,
                        -2.188222955157414,
                        0.04191443000945516
                    ],
                    [
                        0.7134266405583342,
                        -0.6966221506537293,
                        1.5089775714583507,
                        1.180498167402821,
                        1.3474979254755166,
                        -2.2583972254723914
                    ],
                    [
                        0.742555432719457,
                        -0.206155461928469,
                        1.180498167402821,
                        2.2441171862000235,
                        2.203621426935829,
                        -3.3188582774320454
                    ],
                    [
                        1.8820479836894006,
                        -2.188222955157414,
                        1.3474979254755166,
                        2.203621426935829,
                        5.634925532480034,
                        -2.8497352733382852
                    ],
                    [
                        -1.2859909628834318,
                        0.04191443000945516,
                        -2.2583972254723914,
                        -3.3188582774320454,
                        -2.8497352733382852,
                        6.66733126423042
                    ]
                ],
                "mui": [
                    0.0,
                    0.0,
                    0.0,
                    0.0,
                    0.0,
                    0.0
                ],
                "Ai": [
                    [
                        0.0,
                        0.0,
                        0.0,
                        0.0,
                        0.0,
                        0.0
                    ],
                    [
                        -0.9764453849221926,
                        0.0,
                        0.0,
                        0.0,
                        0.0,
                        0.0
                    ],
                    [
                        0.7134266405583342,
                        0.0,
                        0.0,
                        0.0,
                        0.0,
                        0.0
                    ],
                    [
                        0.7849873048669512,
                        0.5189093633993465,
                        0.6507393396094385,
                        0.0,
                        0.0,
                        0.0
                    ],
                    [
                        0.763277082917003,
                        -0.86155747005685,
                        -0.6360905187782157,
                        0.9848571230767514,
                        0.0,
                        0.0
                    ],
                    [
                        -0.8382645202273397,
                        -0.7667484315422453,
                        -0.7803292571849669,
                        -0.8614935685086852,
                        -0.0,
                        0.0
                    ]
                ]
            },
            "est_params": {
                "mui": [
                    0.1418686499560139,
                    0.002755322274787363,
                    0.24422950711280544,
                    0.41375432787084027,
                    0.5008495950597269,
                    -0.5250747672885026
                ],
                "Si": [
                    [
                        1.1233186544535427,
                        -0.9789726986102909,
                        0.6782060156098183,
                        0.6888709069600039,
                        1.6571452517641778,
                        -1.1526405743331667
                    ],
                    [
                        -0.9789726986102909,
                        2.097961603953663,
                        -0.6002376560207748,
                        -0.04278450259563587,
                        -1.9005236616296863,
                        -0.28840387887611313
                    ],
                    [
                        0.6782060156098183,
                        -0.6002376560207748,
                        1.591213340401648,
                        1.053549841074998,
                        0.8326404606971436,
                        -1.9711742552640241
                    ],
                    [
                        0.6888709069600039,
                        -0.04278450259563587,
                        1.053549841074998,
                        2.2887962415038507,
                        1.7725630925729574,
                        -2.9222060699770673
                    ],
                    [
                        1.6571452517641778,
                        -1.9005236616296863,
                        0.8326404606971436,
                        1.7725630925729574,
                        5.190021052832746,
                        -1.7706601955726864
                    ],
                    [
                        -1.1526405743331667,
                        -0.28840387887611313,
                        -1.9711742552640241,
                        -2.9222060699770673,
                        -1.7706601955726864,
                        6.457665492460178
                    ]
                ]
            },
            "est_tgt": [
                0,
                1,
                2,
                3,
                4,
                5
            ],
            "oracle_est_tgt": [
                0,
                1,
                2,
                3,
                4,
                5
            ]
        }
    },
    "metric_dict": {
        "param_est_rel_err": 11.204397958195987,
        "est_num_comp": 1,
        "weight_precision_error": 0.0,
        "gm_score_dict": {
            "1": -9.446811566793695,
            "2": -9.285124262598577,
            "3": -9.205793469690837,
            "4": -9.17889929923586,
            "5": -9.200598731088142,
            "6": -9.195573650537833,
            "7": -9.159592769581531
        },
        "est_dag": {
            "amat": [
                [
                    0,
                    1,
                    0,
                    1,
                    1,
                    1
                ],
                [
                    0,
                    0,
                    0,
                    1,
                    1,
                    1
                ],
                [
                    1,
                    0,
                    0,
                    1,
                    0,
                    1
                ],
                [
                    0,
                    0,
                    0,
                    0,
                    0,
                    1
                ],
                [
                    0,
                    0,
                    0,
                    1,
                    0,
                    0
                ],
                [
                    0,
                    0,
                    0,
                    0,
                    0,
                    0
                ]
            ],
            "nodes": [
                0,
                1,
                2,
                3,
                4,
                5
            ]
        },
        "oracle_est_dag": {
            "amat": [
                [
                    0,
                    1,
                    1,
                    1,
                    1,
                    1
                ],
                [
                    0,
                    0,
                    0,
                    1,
                    1,
                    1
                ],
                [
                    0,
                    0,
                    0,
                    1,
                    0,
                    1
                ],
                [
                    0,
                    0,
                    0,
                    0,
                    0,
                    1
                ],
                [
                    0,
                    0,
                    0,
                    1,
                    0,
                    0
                ],
                [
                    0,
                    0,
                    0,
                    0,
                    0,
                    0
                ]
            ],
            "nodes": [
                0,
                1,
                2,
                3,
                4,
                5
            ]
        },
        "igsp_dag": null,
        "intv_base_est_dag": null,
        "act_dag": {
            "amat": [
                [
                    0,
                    1,
                    1,
                    1,
                    1,
                    1
                ],
                [
                    0,
                    0,
                    0,
                    1,
                    1,
                    1
                ],
                [
                    0,
                    0,
                    0,
                    1,
                    1,
                    1
                ],
                [
                    0,
                    0,
                    0,
                    0,
                    1,
                    1
                ],
                [
                    0,
                    0,
                    0,
                    0,
                    0,
                    0
                ],
                [
                    0,
                    0,
                    0,
                    0,
                    0,
                    0
                ]
            ],
            "nodes": [
                0,
                1,
                2,
                3,
                4,
                5
            ]
        },
        "shd": 3,
        "oracle_shd": 2,
        "intv_base_shd": null,
        "igsp_shd": null,
        "avg_js": 0.0,
        "avg_oracle_js": 0.7142857142857143
    }
}