{
    "expt_args": {
        "save_dir": "all_expt_logs/expt_logs_sim_compsel_backward_cameraready_new_mean_largerange_re",
        "exp_name": "296",
        "num_nodes": 6,
        "num_tgt_prior": 7,
        "obs_noise_mean": 0.0,
        "obs_noise_var": 1.0,
        "obs_noise_gamma_shape": null,
        "noise_type": "gaussian",
        "max_edge_strength": 1.0,
        "graph_sparsity_method": "adj_dense_prop",
        "adj_dense_prop": 0.8,
        "num_parents": null,
        "new_noise_mean": 100,
        "mix_samples": 1048576,
        "stage2_samples": 1048576,
        "gmm_tol": 0.001,
        "intv_type": "hard",
        "new_noise_var": 1.0,
        "dtype": "simulation",
        "cutoff_drop_ratio": 0.07,
        "intv_targets": [
            0,
            1,
            2,
            3,
            4,
            5
        ]
    },
    "intv_args_dict": {
        "0": {
            "intv_type": "hard",
            "inode": 0,
            "new_mui": 100,
            "new_vari": 1.0,
            "noise_type": "gaussian",
            "obs_noise_gamma_shape": null,
            "true_params": {
                "Si": [
                    [
                        1.0,
                        0.6642764181749321,
                        0.6553172988588378,
                        -0.2418227727629616,
                        -0.23853217022655074,
                        0.09215678170735625
                    ],
                    [
                        0.6642764181749321,
                        1.4412631597433172,
                        1.4218247930322006,
                        -1.3875097936578333,
                        -0.08182840853887798,
                        0.8032672195276735
                    ],
                    [
                        0.6553172988588378,
                        1.4218247930322006,
                        2.4026485922536835,
                        -1.9664949924967758,
                        -0.4951301686269982,
                        1.2503006399993501
                    ],
                    [
                        -0.2418227727629616,
                        -1.3875097936578333,
                        -1.9664949924967758,
                        2.920938306482906,
                        0.9047005508448529,
                        -0.6023956339646057
                    ],
                    [
                        -0.23853217022655074,
                        -0.08182840853887798,
                        -0.4951301686269982,
                        0.9047005508448529,
                        1.7152139747127744,
                        0.26387751877333604
                    ],
                    [
                        0.09215678170735625,
                        0.8032672195276735,
                        1.2503006399993501,
                        -0.6023956339646057,
                        0.26387751877333604,
                        2.133536774266047
                    ]
                ],
                "mui": [
                    100.0,
                    66.42764181749321,
                    65.53172988588378,
                    -24.182277276296162,
                    -23.853217022655073,
                    9.215678170735625
                ],
                "Ai": [
                    [
                        0.0,
                        0.0,
                        0.0,
                        0.0,
                        0.0,
                        0.0
                    ],
                    [
                        0.6642764181749321,
                        0.0,
                        0.0,
                        0.0,
                        0.0,
                        0.0
                    ],
                    [
                        -0.0,
                        0.9865129649781803,
                        0.0,
                        0.0,
                        0.0,
                        0.0
                    ],
                    [
                        0.5731597823434283,
                        -0.6372352181576533,
                        -0.5976985920191236,
                        0.0,
                        0.0,
                        0.0
                    ],
                    [
                        -0.686822713118229,
                        0.9272566812373952,
                        -0.0,
                        0.6933350491924948,
                        0.0,
                        0.0
                    ],
                    [
                        -0.7469331018590251,
                        0.6752204052192083,
                        0.8188513018216658,
                        0.6039568990933644,
                        -0.0,
                        0.0
                    ]
                ]
            },
            "est_params": {
                "mui": [
                    100.00104389686966,
                    66.42289476250897,
                    65.52588137899161,
                    -24.172259419304098,
                    -23.851658367968867,
                    9.211577474224816
                ],
                "Si": [
                    [
                        0.9984084050333093,
                        0.6633460250259648,
                        0.6551102340596416,
                        -0.24346224658549856,
                        -0.241644868508268,
                        0.09045119467424556
                    ],
                    [
                        0.6633460250259648,
                        1.4399740705006756,
                        1.419514345898742,
                        -1.389439760570291,
                        -0.09059569673821284,
                        0.8018460225754678
                    ],
                    [
                        0.6551102340596416,
                        1.419514345898742,
                        2.3952633899497884,
                        -1.9652400926324787,
                        -0.5011876059390937,
                        1.2474666973971258
                    ],
                    [
                        -0.24346224658549856,
                        -1.389439760570291,
                        -1.9652400926324787,
                        2.9218515242397087,
                        0.9087716595788368,
                        -0.6061972159409339
                    ],
                    [
                        -0.241644868508268,
                        -0.09059569673821284,
                        -0.5011876059390937,
                        0.9087716595788368,
                        1.7100046940514038,
                        0.25736300320918437
                    ],
                    [
                        0.09045119467424556,
                        0.8018460225754678,
                        1.2474666973971258,
                        -0.6061972159409339,
                        0.25736300320918437,
                        2.131118225738536
                    ]
                ]
            },
            "est_tgt": [
                0
            ],
            "oracle_est_tgt": [
                0
            ]
        },
        "1": {
            "intv_type": "hard",
            "inode": 1,
            "new_mui": 100,
            "new_vari": 1.0,
            "noise_type": "gaussian",
            "obs_noise_gamma_shape": null,
            "true_params": {
                "Si": [
                    [
                        1.0,
                        0.0,
                        0.0,
                        0.5731597823434283,
                        -0.2894309472319885,
                        -0.4007692970298604
                    ],
                    [
                        0.0,
                        1.0,
                        0.9865129649781803,
                        -1.2268726283337226,
                        0.07662288711870834,
                        0.7420496426645818
                    ],
                    [
                        0.0,
                        0.9865129649781803,
                        1.9732078300700404,
                        -1.8080243462471972,
                        -0.3388159111431985,
                        1.1899087067393617
                    ],
                    [
                        0.5731597823434283,
                        -1.2268726283337226,
                        -1.8080243462471972,
                        3.1909721891521055,
                        0.6811278613285628,
                        -0.8098148685387854
                    ],
                    [
                        -0.2894309472319885,
                        0.07662288711870834,
                        -0.3388159111431985,
                        0.6811278613285628,
                        1.7420866516953923,
                        0.4018549131759368
                    ],
                    [
                        -0.4007692970298604,
                        0.7420496426645818,
                        1.1899087067393617,
                        -0.8098148685387854,
                        0.4018549131759368,
                        2.285659931293198
                    ]
                ],
                "mui": [
                    0.0,
                    100.0,
                    98.65129649781804,
                    -122.68726283337226,
                    7.662288711870834,
                    74.20496426645819
                ],
                "Ai": [
                    [
                        0.0,
                        0.0,
                        0.0,
                        0.0,
                        0.0,
                        0.0
                    ],
                    [
                        0.0,
                        0.0,
                        0.0,
                        0.0,
                        0.0,
                        0.0
                    ],
                    [
                        -0.0,
                        0.9865129649781803,
                        0.0,
                        0.0,
                        0.0,
                        0.0
                    ],
                    [
                        0.5731597823434283,
                        -0.6372352181576533,
                        -0.5976985920191236,
                        0.0,
                        0.0,
                        0.0
                    ],
                    [
                        -0.686822713118229,
                        0.9272566812373952,
                        -0.0,
                        0.6933350491924948,
                        0.0,
                        0.0
                    ],
                    [
                        -0.7469331018590251,
                        0.6752204052192083,
                        0.8188513018216658,
                        0.6039568990933644,
                        -0.0,
                        0.0
                    ]
                ]
            },
            "est_params": {
                "mui": [
                    0.001237411589853426,
                    99.99707307594552,
                    98.64836458241452,
                    -122.68107863211605,
                    7.664598651256499,
                    74.20224609957111
                ],
                "Si": [
                    [
                        1.00156795135095,
                        -0.0010922273943238144,
                        -0.0014645453402590918,
                        0.5791200327234391,
                        -0.284891855799272,
                        -0.39872117145648023
                    ],
                    [
                        -0.0010922273943238144,
                        1.0002442134334457,
                        0.9870170251509968,
                        -1.2244232656759049,
                        0.08060106509170745,
                        0.7498158114192055
                    ],
                    [
                        -0.0014645453402590918,
                        0.9870170251509968,
                        1.974931876929579,
                        -1.8059101025425568,
                        -0.3383270295137872,
                        1.1975528310946584
                    ],
                    [
                        0.5791200327234391,
                        -1.2244232656759049,
                        -1.8059101025425568,
                        3.190449536551435,
                        0.6805268994749553,
                        -0.8146773617304817
                    ],
                    [
                        -0.284891855799272,
                        0.08060106509170745,
                        -0.3383270295137872,
                        0.6805268994749553,
                        1.7422884340957419,
                        0.39695280981669634
                    ],
                    [
                        -0.39872117145648023,
                        0.7498158114192055,
                        1.1975528310946584,
                        -0.8146773617304817,
                        0.39695280981669634,
                        2.2987307926984486
                    ]
                ]
            },
            "est_tgt": [
                1
            ],
            "oracle_est_tgt": [
                1
            ]
        },
        "2": {
            "intv_type": "hard",
            "inode": 2,
            "new_mui": 100,
            "new_vari": 1.0,
            "noise_type": "gaussian",
            "obs_noise_gamma_shape": null,
            "true_params": {
                "Si": [
                    [
                        1.0,
                        0.6642764181749321,
                        0.0,
                        0.14985945409074097,
                        0.03303484579688703,
                        -0.20789145840891482
                    ],
                    [
                        0.6642764181749321,
                        1.4412631597433172,
                        0.0,
                        -0.5376871167646051,
                        0.5073834389497859,
                        0.15226040550659173
                    ],
                    [
                        0.0,
                        0.0,
                        1.0,
                        -0.5976985920191236,
                        -0.4144053826998639,
                        0.457867113593326
                    ],
                    [
                        0.14985945409074097,
                        -0.5376871167646051,
                        -0.5976985920191236,
                        1.7857701861424495,
                        0.6366362115752948,
                        0.11410965419429608
                    ],
                    [
                        0.03303484579688703,
                        0.5073834389497859,
                        -0.4144053826998639,
                        0.6366362115752948,
                        1.8891878003680151,
                        0.3630852764965594
                    ],
                    [
                        -0.20789145840891482,
                        0.15226040550659173,
                        0.457867113593326,
                        0.11410965419429608,
                        0.3630852764965594,
                        1.7019327395153958
                    ]
                ],
                "mui": [
                    0.0,
                    0.0,
                    100.0,
                    -59.769859201912354,
                    -41.44053826998639,
                    45.7867113593326
                ],
                "Ai": [
                    [
                        0.0,
                        0.0,
                        0.0,
                        0.0,
                        0.0,
                        0.0
                    ],
                    [
                        0.6642764181749321,
                        0.0,
                        0.0,
                        0.0,
                        0.0,
                        0.0
                    ],
                    [
                        0.0,
                        0.0,
                        0.0,
                        0.0,
                        0.0,
                        0.0
                    ],
                    [
                        0.5731597823434283,
                        -0.6372352181576533,
                        -0.5976985920191236,
                        0.0,
                        0.0,
                        0.0
                    ],
                    [
                        -0.686822713118229,
                        0.9272566812373952,
                        -0.0,
                        0.6933350491924948,
                        0.0,
                        0.0
                    ],
                    [
                        -0.7469331018590251,
                        0.6752204052192083,
                        0.8188513018216658,
                        0.6039568990933644,
                        -0.0,
                        0.0
                    ]
                ]
            },
            "est_params": {
                "mui": [
                    -3.0954257610072314e-05,
                    0.0014998896626586553,
                    99.99950184782926,
                    -59.770888056649504,
                    -41.440250334285935,
                    45.78313170020194
                ],
                "Si": [
                    [
                        1.0040362817650055,
                        0.6722164207723814,
                        -0.0014024183520525736,
                        0.14779918647809046,
                        0.03696736559800156,
                        -0.21077733189486358
                    ],
                    [
                        0.6722164207723814,
                        1.4614225930184208,
                        7.267629022442822e-05,
                        -0.5467704129682549,
                        0.5136628179337265,
                        0.15346821382617645
                    ],
                    [
                        -0.0014024183520525736,
                        7.267629022442822e-05,
                        1.000766499318006,
                        -0.6018814149479103,
                        -0.4144667825368642,
                        0.45508830100927306
                    ],
                    [
                        0.14779918647809046,
                        -0.5467704129682549,
                        -0.6018814149479103,
                        1.793633581842025,
                        0.6325667364753782,
                        0.11179596069047187
                    ],
                    [
                        0.03696736559800156,
                        0.5136628179337265,
                        -0.4144667825368642,
                        0.6325667364753782,
                        1.8865861125022827,
                        0.3627604806633959
                    ],
                    [
                        -0.21077733189486358,
                        0.15346821382617645,
                        0.45508830100927306,
                        0.11179596069047187,
                        0.3627604806633959,
                        1.6974936975561548
                    ]
                ]
            },
            "est_tgt": [
                2
            ],
            "oracle_est_tgt": [
                2
            ]
        },
        "3": {
            "intv_type": "hard",
            "inode": 3,
            "new_mui": 100,
            "new_vari": 1.0,
            "noise_type": "gaussian",
            "obs_noise_gamma_shape": null,
            "true_params": {
                "Si": [
                    [
                        1.0,
                        0.6642764181749321,
                        0.6553172988588378,
                        0.0,
                        -0.07086796617707727,
                        0.23820731367543382
                    ],
                    [
                        0.6642764181749321,
                        1.4412631597433172,
                        1.4218247930322006,
                        0.0,
                        0.8801807625019441,
                        1.6412633319669323
                    ],
                    [
                        0.6553172988588378,
                        1.4218247930322006,
                        2.4026485922536835,
                        0.0,
                        0.8683097337325484,
                        2.437978857750332
                    ],
                    [
                        0.0,
                        0.0,
                        0.0,
                        1.0,
                        0.6933350491924948,
                        0.6039568990933644
                    ],
                    [
                        -0.07086796617707727,
                        0.8801807625019441,
                        0.8683097337325484,
                        0.6933350491924948,
                        2.345540711968223,
                        1.777010683116165
                    ],
                    [
                        0.23820731367543382,
                        1.6412633319669323,
                        2.437978857750332,
                        0.6039568990933644,
                        1.777010683116165,
                        4.291395661838072
                    ]
                ],
                "mui": [
                    0.0,
                    0.0,
                    0.0,
                    100.0,
                    69.33350491924948,
                    60.39568990933644
                ],
                "Ai": [
                    [
                        0.0,
                        0.0,
                        0.0,
                        0.0,
                        0.0,
                        0.0
                    ],
                    [
                        0.6642764181749321,
                        0.0,
                        0.0,
                        0.0,
                        0.0,
                        0.0
                    ],
                    [
                        -0.0,
                        0.9865129649781803,
                        0.0,
                        0.0,
                        0.0,
                        0.0
                    ],
                    [
                        0.0,
                        0.0,
                        0.0,
                        0.0,
                        0.0,
                        0.0
                    ],
                    [
                        -0.686822713118229,
                        0.9272566812373952,
                        -0.0,
                        0.6933350491924948,
                        0.0,
                        0.0
                    ],
                    [
                        -0.7469331018590251,
                        0.6752204052192083,
                        0.8188513018216658,
                        0.6039568990933644,
                        -0.0,
                        0.0
                    ]
                ]
            },
            "est_params": {
                "mui": [
                    -0.0011612737209666904,
                    -0.0014602746123131823,
                    -0.0013832464570765755,
                    100.00058315966378,
                    69.33277325777497,
                    60.391981536434635
                ],
                "Si": [
                    [
                        1.0010692354199666,
                        0.6680812285056399,
                        0.66007605780886,
                        -0.001489439888530978,
                        -0.06782287053158777,
                        0.2470551682366266
                    ],
                    [
                        0.6680812285056399,
                        1.4458803039639887,
                        1.426750877805604,
                        0.0027481812070355226,
                        0.8840520324460691,
                        1.645129010920512
                    ],
                    [
                        0.66007605780886,
                        1.426750877805604,
                        2.40937943487051,
                        0.003927198422662251,
                        0.8675596301322618,
                        2.446189225001631
                    ],
                    [
                        -0.001489439888530978,
                        0.0027481812070355226,
                        0.003927198422662251,
                        0.9994693307228169,
                        0.6970205013219282,
                        0.6069447696247765
                    ],
                    [
                        -0.06782287053158777,
                        0.8840520324460691,
                        0.8675596301322618,
                        0.6970205013219282,
                        2.350575028230529,
                        1.7777541052526158
                    ],
                    [
                        0.2470551682366266,
                        1.645129010920512,
                        2.446189225001631,
                        0.6069447696247765,
                        1.7777541052526158,
                        4.29158157038501
                    ]
                ]
            },
            "est_tgt": [
                3
            ],
            "oracle_est_tgt": [
                3
            ]
        },
        "4": {
            "intv_type": "hard",
            "inode": 4,
            "new_mui": 100,
            "new_vari": 1.0,
            "noise_type": "gaussian",
            "obs_noise_gamma_shape": null,
            "true_params": {
                "Si": [
                    [
                        1.0,
                        0.6642764181749321,
                        0.6553172988588378,
                        -0.2418227727629616,
                        0.0,
                        0.09215678170735625
                    ],
                    [
                        0.6642764181749321,
                        1.4412631597433172,
                        1.4218247930322006,
                        -1.3875097936578333,
                        0.0,
                        0.8032672195276735
                    ],
                    [
                        0.6553172988588378,
                        1.4218247930322006,
                        2.4026485922536835,
                        -1.9664949924967758,
                        0.0,
                        1.2503006399993501
                    ],
                    [
                        -0.2418227727629616,
                        -1.3875097936578333,
                        -1.9664949924967758,
                        2.920938306482906,
                        0.0,
                        -0.6023956339646057
                    ],
                    [
                        0.0,
                        0.0,
                        0.0,
                        0.0,
                        1.0,
                        0.0
                    ],
                    [
                        0.09215678170735625,
                        0.8032672195276735,
                        1.2503006399993501,
                        -0.6023956339646057,
                        0.0,
                        2.133536774266047
                    ]
                ],
                "mui": [
                    0.0,
                    0.0,
                    0.0,
                    0.0,
                    100.0,
                    0.0
                ],
                "Ai": [
                    [
                        0.0,
                        0.0,
                        0.0,
                        0.0,
                        0.0,
                        0.0
                    ],
                    [
                        0.6642764181749321,
                        0.0,
                        0.0,
                        0.0,
                        0.0,
                        0.0
                    ],
                    [
                        -0.0,
                        0.9865129649781803,
                        0.0,
                        0.0,
                        0.0,
                        0.0
                    ],
                    [
                        0.5731597823434283,
                        -0.6372352181576533,
                        -0.5976985920191236,
                        0.0,
                        0.0,
                        0.0
                    ],
                    [
                        0.0,
                        0.0,
                        0.0,
                        0.0,
                        0.0,
                        0.0
                    ],
                    [
                        -0.7469331018590251,
                        0.6752204052192083,
                        0.8188513018216658,
                        0.6039568990933644,
                        -0.0,
                        0.0
                    ]
                ]
            },
            "est_params": {
                "mui": [
                    0.003287148833490313,
                    -0.0005412705327195269,
                    0.0006633152415251235,
                    0.0025645783251525794,
                    100.00447972580365,
                    -0.0025617227587678543
                ],
                "Si": [
                    [
                        0.9895940380559333,
                        0.6615565304880654,
                        0.6540874424912613,
                        -0.24892493874621416,
                        -0.0011536027494225948,
                        0.09342633904609267
                    ],
                    [
                        0.6615565304880654,
                        1.4484949030781993,
                        1.4298634257169844,
                        -1.399326655514706,
                        -0.005202700655245661,
                        0.8087299594111785
                    ],
                    [
                        0.6540874424912613,
                        1.4298634257169844,
                        2.4049739352139814,
                        -1.9755010575724767,
                        -0.00840300295814411,
                        1.252704370644941
                    ],
                    [
                        -0.24892493874621416,
                        -1.399326655514706,
                        -1.9755010575724767,
                        2.9304907883724582,
                        0.003935895983390832,
                        -0.6041420441678953
                    ],
                    [
                        -0.0011536027494225948,
                        -0.005202700655245661,
                        -0.00840300295814411,
                        0.003935895983390832,
                        0.9881499123105052,
                        -0.004101273885053358
                    ],
                    [
                        0.09342633904609267,
                        0.8087299594111785,
                        1.252704370644941,
                        -0.6041420441678953,
                        -0.004101273885053358,
                        2.135537560396151
                    ]
                ]
            },
            "est_tgt": [
                4
            ],
            "oracle_est_tgt": [
                4
            ]
        },
        "5": {
            "intv_type": "hard",
            "inode": 5,
            "new_mui": 100,
            "new_vari": 1.0,
            "noise_type": "gaussian",
            "obs_noise_gamma_shape": null,
            "true_params": {
                "Si": [
                    [
                        1.0,
                        0.6642764181749321,
                        0.6553172988588378,
                        -0.2418227727629616,
                        -0.23853217022655074,
                        0.0
                    ],
                    [
                        0.6642764181749321,
                        1.4412631597433172,
                        1.4218247930322006,
                        -1.3875097936578333,
                        -0.08182840853887798,
                        0.0
                    ],
                    [
                        0.6553172988588378,
                        1.4218247930322006,
                        2.4026485922536835,
                        -1.9664949924967758,
                        -0.4951301686269982,
                        0.0
                    ],
                    [
                        -0.2418227727629616,
                        -1.3875097936578333,
                        -1.9664949924967758,
                        2.920938306482906,
                        0.9047005508448529,
                        0.0
                    ],
                    [
                        -0.23853217022655074,
                        -0.08182840853887798,
                        -0.4951301686269982,
                        0.9047005508448529,
                        1.7152139747127744,
                        0.0
                    ],
                    [
                        0.0,
                        0.0,
                        0.0,
                        0.0,
                        0.0,
                        1.0
                    ]
                ],
                "mui": [
                    0.0,
                    0.0,
                    0.0,
                    0.0,
                    0.0,
                    100.0
                ],
                "Ai": [
                    [
                        0.0,
                        0.0,
                        0.0,
                        0.0,
                        0.0,
                        0.0
                    ],
                    [
                        0.6642764181749321,
                        0.0,
                        0.0,
                        0.0,
                        0.0,
                        0.0
                    ],
                    [
                        -0.0,
                        0.9865129649781803,
                        0.0,
                        0.0,
                        0.0,
                        0.0
                    ],
                    [
                        0.5731597823434283,
                        -0.6372352181576533,
                        -0.5976985920191236,
                        0.0,
                        0.0,
                        0.0
                    ],
                    [
                        -0.686822713118229,
                        0.9272566812373952,
                        -0.0,
                        0.6933350491924948,
                        0.0,
                        0.0
                    ],
                    [
                        0.0,
                        0.0,
                        0.0,
                        0.0,
                        0.0,
                        0.0
                    ]
                ]
            },
            "est_params": {
                "mui": [
                    -0.0022120448310111365,
                    -0.004318688589544064,
                    -0.00451233382694282,
                    0.004806114365868775,
                    -0.003218696701654631,
                    100.00038357729714
                ],
                "Si": [
                    [
                        0.9955991863999168,
                        0.6596790592660379,
                        0.6556635042746166,
                        -0.2418775774750229,
                        -0.237753234840087,
                        -0.0030434604868775474
                    ],
                    [
                        0.6596790592660379,
                        1.4440371318866838,
                        1.431465942272204,
                        -1.3991295492120168,
                        -0.07830105563991523,
                        -0.0044061237130340524
                    ],
                    [
                        0.6556635042746166,
                        1.431465942272204,
                        2.422223891484139,
                        -1.9839529278717198,
                        -0.494206761142021,
                        -0.011237602474598953
                    ],
                    [
                        -0.2418775774750229,
                        -1.3991295492120168,
                        -1.9839529278717198,
                        2.9387323950305095,
                        0.9007372399061163,
                        0.004665054572517608
                    ],
                    [
                        -0.237753234840087,
                        -0.07830105563991523,
                        -0.494206761142021,
                        0.9007372399061163,
                        1.7106138868769436,
                        0.00310012949281703
                    ],
                    [
                        -0.0030434604868775474,
                        -0.0044061237130340524,
                        -0.011237602474598953,
                        0.004665054572517608,
                        0.00310012949281703,
                        0.9976686846522685
                    ]
                ]
            },
            "est_tgt": [
                5
            ],
            "oracle_est_tgt": [
                5
            ]
        },
        "obs": {
            "intv_type": "obs",
            "noise_type": "gaussian",
            "obs_noise_gamma_shape": null,
            "true_params": {
                "Si": [
                    [
                        1.0,
                        0.6642764181749321,
                        0.6553172988588378,
                        -0.2418227727629616,
                        -0.23853217022655074,
                        0.09215678170735625
                    ],
                    [
                        0.6642764181749321,
                        1.4412631597433172,
                        1.4218247930322006,
                        -1.3875097936578333,
                        -0.08182840853887798,
                        0.8032672195276735
                    ],
                    [
                        0.6553172988588378,
                        1.4218247930322006,
                        2.4026485922536835,
                        -1.9664949924967758,
                        -0.4951301686269982,
                        1.2503006399993501
                    ],
                    [
                        -0.2418227727629616,
                        -1.3875097936578333,
                        -1.9664949924967758,
                        2.920938306482906,
                        0.9047005508448529,
                        -0.6023956339646057
                    ],
                    [
                        -0.23853217022655074,
                        -0.08182840853887798,
                        -0.4951301686269982,
                        0.9047005508448529,
                        1.7152139747127744,
                        0.26387751877333604
                    ],
                    [
                        0.09215678170735625,
                        0.8032672195276735,
                        1.2503006399993501,
                        -0.6023956339646057,
                        0.26387751877333604,
                        2.133536774266047
                    ]
                ],
                "mui": [
                    0.0,
                    0.0,
                    0.0,
