{
    "expt_args": {
        "save_dir": "all_expt_logs/expt_logs_sim_compsel_backward_cameraready_new_mean_largerange_re",
        "exp_name": "135",
        "num_nodes": 6,
        "num_tgt_prior": 7,
        "obs_noise_mean": 0.0,
        "obs_noise_var": 1.0,
        "obs_noise_gamma_shape": null,
        "noise_type": "gaussian",
        "max_edge_strength": 1.0,
        "graph_sparsity_method": "adj_dense_prop",
        "adj_dense_prop": 0.8,
        "num_parents": null,
        "new_noise_mean": 1.0,
        "mix_samples": 8192,
        "stage2_samples": 8192,
        "gmm_tol": 0.001,
        "intv_type": "hard",
        "new_noise_var": 1.0,
        "dtype": "simulation",
        "cutoff_drop_ratio": 0.07,
        "intv_targets": [
            0,
            1,
            2,
            3,
            4,
            5
        ]
    },
    "intv_args_dict": {
        "0": {
            "intv_type": "hard",
            "inode": 0,
            "new_mui": 1.0,
            "new_vari": 1.0,
            "noise_type": "gaussian",
            "obs_noise_gamma_shape": null,
            "true_params": {
                "Si": [
                    [
                        1.0,
                        0.0,
                        -0.8173081379607221,
                        0.7880266551411952,
                        1.5168323523653222,
                        -0.22224483448285415
                    ],
                    [
                        0.0,
                        1.0,
                        -0.9910203303118927,
                        -0.9162132558142451,
                        0.9363390830761245,
                        0.8583863337775892
                    ],
                    [
                        -0.8173081379607221,
                        -0.9910203303118927,
                        2.650113887468316,
                        0.2639253652363015,
                        -2.7960615658492807,
                        -1.1781837208479513
                    ],
                    [
                        0.7880266551411952,
                        -0.9162132558142451,
                        0.2639253652363015,
                        2.4604327393427594,
                        0.9076296211528809,
                        -1.3244381033111847
                    ],
                    [
                        1.5168323523653222,
                        0.9363390830761245,
                        -2.7960615658492807,
                        0.9076296211528809,
                        4.897552981636335,
                        -0.05663014310055636
                    ],
                    [
                        -0.22224483448285415,
                        0.8583863337775892,
                        -1.1781837208479513,
                        -1.3244381033111847,
                        -0.05663014310055636,
                        2.582009118396501
                    ]
                ],
                "mui": [
                    1.0,
                    0.0,
                    -0.8173081379607221,
                    0.7880266551411952,
                    1.5168323523653222,
                    -0.22224483448285415
                ],
                "Ai": [
                    [
                        0.0,
                        0.0,
                        0.0,
                        0.0,
                        0.0,
                        0.0
                    ],
                    [
                        0.0,
                        0.0,
                        0.0,
                        0.0,
                        0.0,
                        0.0
                    ],
                    [
                        -0.8173081379607221,
                        -0.9910203303118927,
                        0.0,
                        0.0,
                        0.0,
                        0.0
                    ],
                    [
                        0.7880266551411952,
                        -0.9162132558142451,
                        0.0,
                        0.0,
                        0.0,
                        0.0
                    ],
                    [
                        0.5538849475363965,
                        0.8360063385076455,
                        -0.6284110729449613,
                        0.5702115759597862,
                        0.0,
                        0.0
                    ],
                    [
                        0.0,
                        0.5533425511024328,
                        -0.9090198715945874,
                        -0.0,
                        -0.6363222485332766,
                        0.0
                    ]
                ]
            },
            "oracle_est_tgt": [
                0
            ]
        },
        "1": {
            "intv_type": "hard",
            "inode": 1,
            "new_mui": 1.0,
            "new_vari": 1.0,
            "noise_type": "gaussian",
            "obs_noise_gamma_shape": null,
            "true_params": {
                "Si": [
                    [
                        1.0,
                        0.0,
                        -0.8173081379607221,
                        0.7880266551411952,
                        1.5168323523653222,
                        -0.22224483448285415
                    ],
                    [
                        0.0,
                        1.0,
                        -0.9910203303118927,
                        -0.9162132558142451,
                        0.9363390830761245,
                        0.8583863337775892
                    ],
                    [
                        -0.8173081379607221,
                        -0.9910203303118927,
                        2.650113887468316,
                        0.2639253652363015,
                        -2.7960615658492807,
                        -1.1781837208479513
                    ],
                    [
                        0.7880266551411952,
                        -0.9162132558142451,
                        0.2639253652363015,
                        2.4604327393427594,
                        0.9076296211528809,
                        -1.3244381033111847
                    ],
                    [
                        1.5168323523653222,
                        0.9363390830761245,
                        -2.7960615658492807,
                        0.9076296211528809,
                        4.897552981636335,
                        -0.05663014310055636
                    ],
                    [
                        -0.22224483448285415,
                        0.8583863337775892,
                        -1.1781837208479513,
                        -1.3244381033111847,
                        -0.05663014310055636,
                        2.582009118396501
                    ]
                ],
                "mui": [
                    0.0,
                    1.0,
                    -0.9910203303118927,
                    -0.9162132558142451,
                    0.9363390830761245,
                    0.8583863337775892
                ],
                "Ai": [
                    [
                        0.0,
                        0.0,
                        0.0,
                        0.0,
                        0.0,
                        0.0
                    ],
                    [
                        0.0,
                        0.0,
                        0.0,
                        0.0,
                        0.0,
                        0.0
                    ],
                    [
                        -0.8173081379607221,
                        -0.9910203303118927,
                        0.0,
                        0.0,
                        0.0,
                        0.0
                    ],
                    [
                        0.7880266551411952,
                        -0.9162132558142451,
                        0.0,
                        0.0,
                        0.0,
                        0.0
                    ],
                    [
                        0.5538849475363965,
                        0.8360063385076455,
                        -0.6284110729449613,
                        0.5702115759597862,
                        0.0,
                        0.0
                    ],
                    [
                        0.0,
                        0.5533425511024328,
                        -0.9090198715945874,
                        -0.0,
                        -0.6363222485332766,
                        0.0
                    ]
                ]
            },
            "oracle_est_tgt": [
                1
            ]
        },
        "2": {
            "intv_type": "hard",
            "inode": 2,
            "new_mui": 1.0,
            "new_vari": 1.0,
            "noise_type": "gaussian",
            "obs_noise_gamma_shape": null,
            "true_params": {
                "Si": [
                    [
                        1.0,
                        0.0,
                        0.0,
                        0.7880266551411952,
                        1.0032268684627763,
                        -0.6383755767292315
                    ],
                    [
                        0.0,
                        1.0,
                        0.0,
                        -0.9162132558142451,
                        0.31357093399455804,
                        0.35381038930833597
                    ],
                    [
                        0.0,
                        0.0,
                        1.0,
                        0.0,
                        -0.6284110729449613,
                        -0.5091479246550408
                    ],
                    [
                        0.7880266551411952,
                        -0.9162132558142451,
                        0.0,
                        2.4604327393427594,
                        1.0734832430984158,
                        -1.1900610513372982
                    ],
                    [
                        1.0032268684627763,
                        0.31357093399455804,
                        -0.6284110729449613,
                        1.0734832430984158,
                        2.8248325982102287,
                        -1.0527535372180634
                    ],
                    [
                        -0.6383755767292315,
                        0.35381038930833597,
                        -0.5091479246550408,
                        -1.1900610513372982,
                        -1.0527535372180634,
                        2.328494422472954
                    ]
                ],
                "mui": [
                    0.0,
                    0.0,
                    1.0,
                    0.0,
                    -0.6284110729449613,
                    -0.5091479246550408
                ],
                "Ai": [
                    [
                        0.0,
                        0.0,
                        0.0,
                        0.0,
                        0.0,
                        0.0
                    ],
                    [
                        0.0,
                        0.0,
                        0.0,
                        0.0,
                        0.0,
                        0.0
                    ],
                    [
                        0.0,
                        0.0,
                        0.0,
                        0.0,
                        0.0,
                        0.0
                    ],
                    [
                        0.7880266551411952,
                        -0.9162132558142451,
                        0.0,
                        0.0,
                        0.0,
                        0.0
                    ],
                    [
                        0.5538849475363965,
                        0.8360063385076455,
                        -0.6284110729449613,
                        0.5702115759597862,
                        0.0,
                        0.0
                    ],
                    [
                        0.0,
                        0.5533425511024328,
                        -0.9090198715945874,
                        -0.0,
                        -0.6363222485332766,
                        0.0
                    ]
                ]
            },
            "oracle_est_tgt": [
                2
            ]
        },
        "3": {
            "intv_type": "hard",
            "inode": 3,
            "new_mui": 1.0,
            "new_vari": 1.0,
            "noise_type": "gaussian",
            "obs_noise_gamma_shape": null,
            "true_params": {
                "Si": [
                    [
                        1.0,
                        0.0,
                        -0.8173081379607221,
                        0.0,
                        1.0674904314389424,
                        0.06368142700128165
                    ],
                    [
                        0.0,
                        1.0,
                        -0.9910203303118927,
                        0.0,
                        1.458774487589212,
                        0.5259490624644295
                    ],
                    [
                        -0.8173081379607221,
                        -0.9910203303118927,
                        2.650113887468316,
                        0.0,
                        -2.9465548642964343,
                        -1.082421486790869
                    ],
                    [
                        0.0,
                        0.0,
                        0.0,
                        1.0,
                        0.5702115759597862,
                        -0.3628383121544344
                    ],
                    [
                        1.0674904314389424,
                        1.458774487589212,
                        -2.9465548642964343,
                        0.5702115759597862,
                        4.987600544813247,
                        0.3119577273735492
                    ],
                    [
                        0.06368142700128165,
                        0.5259490624644295,
                        -1.082421486790869,
                        -0.3628383121544344,
                        0.3119577273735492,
                        2.076466994378191
                    ]
                ],
                "mui": [
                    0.0,
                    0.0,
                    0.0,
                    1.0,
                    0.5702115759597862,
                    -0.3628383121544344
                ],
                "Ai": [
                    [
                        0.0,
                        0.0,
                        0.0,
                        0.0,
                        0.0,
                        0.0
                    ],
                    [
                        0.0,
                        0.0,
                        0.0,
                        0.0,
                        0.0,
                        0.0
                    ],
                    [
                        -0.8173081379607221,
                        -0.9910203303118927,
                        0.0,
                        0.0,
                        0.0,
                        0.0
                    ],
                    [
                        0.0,
                        0.0,
                        0.0,
                        0.0,
                        0.0,
                        0.0
                    ],
                    [
                        0.5538849475363965,
                        0.8360063385076455,
                        -0.6284110729449613,
                        0.5702115759597862,
                        0.0,
                        0.0
                    ],
                    [
                        0.0,
                        0.5533425511024328,
                        -0.9090198715945874,
                        -0.0,
                        -0.6363222485332766,
                        0.0
                    ]
                ]
            },
            "oracle_est_tgt": [
                3
            ]
        },
        "4": {
            "intv_type": "hard",
            "inode": 4,
            "new_mui": 1.0,
            "new_vari": 1.0,
            "noise_type": "gaussian",
            "obs_noise_gamma_shape": null,
            "true_params": {
                "Si": [
                    [
                        1.0,
                        0.0,
                        -0.8173081379607221,
                        0.7880266551411952,
                        0.0,
                        0.742949338622267
                    ],
                    [
                        0.0,
                        1.0,
                        -0.9910203303118927,
                        -0.9162132558142451,
                        0.0,
                        1.4541997245101752
                    ],
                    [
                        -0.8173081379607221,
                        -0.9910203303118927,
                        2.650113887468316,
                        0.2639253652363015,
                        0.0,
                        -2.9573799034666397
                    ],
                    [
                        0.7880266551411952,
                        -0.9162132558142451,
                        0.2639253652363015,
                        2.4604327393427594,
                        0.0,
                        -0.7468931819437776
                    ],
                    [
                        0.0,
                        0.0,
                        0.0,
                        0.0,
                        1.0,
                        -0.6363222485332766
                    ],
                    [
                        0.742949338622267,
                        1.4541997245101752,
                        -2.9573799034666397,
                        -0.7468931819437776,
                        -0.6363222485332766,
                        4.897893689457019
                    ]
                ],
                "mui": [
                    0.0,
                    0.0,
                    0.0,
                    0.0,
                    1.0,
                    -0.6363222485332766
                ],
                "Ai": [
                    [
                        0.0,
                        0.0,
                        0.0,
                        0.0,
                        0.0,
                        0.0
                    ],
                    [
                        0.0,
                        0.0,
                        0.0,
                        0.0,
                        0.0,
                        0.0
                    ],
                    [
                        -0.8173081379607221,
                        -0.9910203303118927,
                        0.0,
                        0.0,
                        0.0,
                        0.0
                    ],
                    [
                        0.7880266551411952,
                        -0.9162132558142451,
                        0.0,
                        0.0,
                        0.0,
                        0.0
                    ],
                    [
                        0.0,
                        0.0,
                        0.0,
                        0.0,
                        0.0,
                        0.0
                    ],
                    [
                        0.0,
                        0.5533425511024328,
                        -0.9090198715945874,
                        -0.0,
                        -0.6363222485332766,
                        0.0
                    ]
                ]
            },
            "oracle_est_tgt": [
                4
            ]
        },
        "5": {
            "intv_type": "hard",
            "inode": 5,
            "new_mui": 1.0,
            "new_vari": 1.0,
            "noise_type": "gaussian",
            "obs_noise_gamma_shape": null,
            "true_params": {
                "Si": [
                    [
                        1.0,
                        0.0,
                        -0.8173081379607221,
                        0.7880266551411952,
                        1.5168323523653222,
                        0.0
                    ],
                    [
                        0.0,
                        1.0,
                        -0.9910203303118927,
                        -0.9162132558142451,
                        0.9363390830761245,
                        0.0
                    ],
                    [
                        -0.8173081379607221,
                        -0.9910203303118927,
                        2.650113887468316,
                        0.2639253652363015,
                        -2.7960615658492807,
                        0.0
                    ],
                    [
                        0.7880266551411952,
                        -0.9162132558142451,
                        0.2639253652363015,
                        2.4604327393427594,
                        0.9076296211528809,
                        0.0
                    ],
                    [
                        1.5168323523653222,
                        0.9363390830761245,
                        -2.7960615658492807,
                        0.9076296211528809,
                        4.897552981636335,
                        0.0
                    ],
                    [
                        0.0,
                        0.0,
                        0.0,
                        0.0,
                        0.0,
                        1.0
                    ]
                ],
                "mui": [
                    0.0,
                    0.0,
                    0.0,
                    0.0,
                    0.0,
                    1.0
                ],
                "Ai": [
                    [
                        0.0,
                        0.0,
                        0.0,
                        0.0,
                        0.0,
                        0.0
                    ],
                    [
                        0.0,
                        0.0,
                        0.0,
                        0.0,
                        0.0,
                        0.0
                    ],
                    [
                        -0.8173081379607221,
                        -0.9910203303118927,
                        0.0,
                        0.0,
                        0.0,
                        0.0
                    ],
                    [
                        0.7880266551411952,
                        -0.9162132558142451,
                        0.0,
                        0.0,
                        0.0,
                        0.0
                    ],
                    [
                        0.5538849475363965,
                        0.8360063385076455,
                        -0.6284110729449613,
                        0.5702115759597862,
                        0.0,
                        0.0
                    ],
                    [
                        0.0,
                        0.0,
                        0.0,
                        0.0,
                        0.0,
                        0.0
                    ]
                ]
            },
            "oracle_est_tgt": [
                5
            ]
        },
        "obs": {
            "intv_type": "obs",
            "noise_type": "gaussian",
            "obs_noise_gamma_shape": null,
            "true_params": {
                "Si": [
                    [
                        1.0,
                        0.0,
                        -0.8173081379607221,
                        0.7880266551411952,
                        1.5168323523653222,
                        -0.22224483448285415
                    ],
                    [
                        0.0,
                        1.0,
                        -0.9910203303118927,
                        -0.9162132558142451,
                        0.9363390830761245,
                        0.8583863337775892
                    ],
                    [
                        -0.8173081379607221,
                        -0.9910203303118927,
                        2.650113887468316,
                        0.2639253652363015,
                        -2.7960615658492807,
                        -1.1781837208479513
                    ],
                    [
                        0.7880266551411952,
                        -0.9162132558142451,
                        0.2639253652363015,
                        2.4604327393427594,
                        0.9076296211528809,
                        -1.3244381033111847
                    ],
                    [
                        1.5168323523653222,
                        0.9363390830761245,
                        -2.7960615658492807,
                        0.9076296211528809,
                        4.897552981636335,
                        -0.05663014310055636
                    ],
                    [
                        -0.22224483448285415,
                        0.8583863337775892,
                        -1.1781837208479513,
                        -1.3244381033111847,
                        -0.05663014310055636,
                        2.582009118396501
                    ]
                ],
                "mui": [
                    0.0,
                    0.0,
                    0.0,
                    0.0,
                    0.0,
                    0.0
                ],
                "Ai": [
                    [
                        0.0,
                        0.0,
                        0.0,
                        0.0,
                        0.0,
                        0.0
                    ],
                    [
                        0.0,
                        0.0,
                        0.0,
                        0.0,
                        0.0,
                        0.0
                    ],
                    [
                        -0.8173081379607221,
                        -0.9910203303118927,
                        0.0,
                        0.0,
                        0.0,
                        0.0
                    ],
                    [
                        0.7880266551411952,
                        -0.9162132558142451,
                        0.0,
                        0.0,
                        0.0,
                        0.0
                    ],
                    [
                        0.5538849475363965,
                        0.8360063385076455,
                        -0.6284110729449613,
                        0.5702115759597862,
                        0.0,
                        0.0
                    ],
                    [
                        0.0,
                        0.5533425511024328,
                        -0.9090198715945874,
                        -0.0,
                        -0.6363222485332766,
                        0.0
                    ]
                ]
            },
            "est_params": {
                "mui": [
                    0.12603951849482534,
                    0.14929313973353942,
                    -0.13525226954551123,
                    0.10847232320505397,
                    0.48043986733264227,
                    0.04118888239211508
                ],
                "Si": [
                    [
                        1.1386772613995542,
                        -0.039883644632162284,
                        -0.8053822328560237,
                        0.8078324168410648,
                        1.2947050671049927,
                        -0.10883271043060713
                    ],
                    [
                        -0.039883644632162284,
                        1.0783192948332274,
                        -0.9421554503243914,
                        -0.8756811062568579,
                        0.8245763690346504,
                        0.7704945107595886
                    ],
                    [
                        -0.8053822328560237,
                        -0.9421554503243914,
                        2.7477826850324085,
                        0.15566319344602028,
                        -2.408431321555872,
                        -1.2651115568530995
                    ],
                    [
                        0.8078324168410648,
                        -0.8756811062568579,
                        0.15566319344602028,
                        2.552840877552424,
                        0.8869860097596242,
                        -0.988756430843752
                    ],
                    [
                        1.2947050671049927,
                        0.8245763690346504,
                        -2.408431321555872,
                        0.8869860097596242,
                        4.509370706112372,
                        -0.30989156396439915
                    ],
                    [
                        -0.10883271043060713,
                        0.7704945107595886,
                        -1.2651115568530995,
                        -0.988756430843752,
                        -0.30989156396439915,
                        2.8601152940307792
                    ]
                ]
            },
            "est_tgt": [
                0,
                1,
                2,
                3,
                4,
                5
            ],
            "oracle_est_tgt": [
                0,
                1,
                2,
                3,
                4,
                5
            ]
        }
    },
    "metric_dict": {
        "param_est_rel_err": 5.8912744322025485,
        "est_num_comp": 1,
        "weight_precision_error": 0.0,
        "gm_score_dict": {
            "1": -9.258415189261319,
            "2": -9.163966637319884,
            "3": -9.103323791390206,
            "4": -9.077872718741132,
            "5": -9.058368188819237,
            "6": -9.06652586678029,
            "7": -9.056446862635063
        },
        "est_dag": {
            "amat": [
                [
                    0,
                    0,
                    0,
                    0,
                    1,
                    0
                ],
                [
                    0,
                    0,
                    0,
                    0,
                    1,
                    1
                ],
                [
                    1,
                    1,
                    0,
                    0,
                    1,
                    1
                ],
                [
                    1,
                    1,
                    0,
                    0,
                    1,
                    0
                ],
                [
                    0,
                    0,
                    0,
                    0,
                    0,
                    1
                ],
                [
                    0,
                    0,
                    0,
                    0,
                    0,
                    0
                ]
            ],
            "nodes": [
                0,
                1,
                2,
                3,
                4,
                5
            ]
        },
        "oracle_est_dag": {
            "amat": [
                [
                    0,
                    0,
                    1,
                    1,
                    1,
                    0
                ],
                [
                    0,
                    0,
                    1,
                    1,
                    1,
                    1
                ],
                [
                    0,
                    0,
                    0,
                    0,
                    1,
                    1
                ],
                [
                    0,
                    0,
                    0,
                    0,
                    1,
                    0
                ],
                [
                    0,
                    0,
                    0,
                    0,
                    0,
                    1
                ],
                [
                    0,
                    0,
                    0,
                    0,
                    0,
                    0
                ]
            ],
            "nodes": [
                0,
                1,
                2,
                3,
                4,
                5
            ]
        },
        "igsp_dag": null,
        "intv_base_est_dag": null,
        "act_dag": {
            "amat": [
                [
                    0,
                    0,
                    1,
                    1,
                    1,
                    0
                ],
                [
                    0,
                    0,
                    1,
                    1,
                    1,
                    1
                ],
                [
                    0,
                    0,
                    0,
                    0,
                    1,
                    1
                ],
                [
                    0,
                    0,
                    0,
                    0,
                    1,
                    0
                ],
                [
                    0,
                    0,
                    0,
                    0,
                    0,
                    1
                ],
                [
                    0,
                    0,
                    0,
                    0,
                    0,
                    0
                ]
            ],
            "nodes": [
                0,
                1,
                2,
                3,
                4,
                5
            ]
        },
        "shd": 4,
        "oracle_shd": 0,
        "intv_base_shd": null,
        "igsp_shd": null,
        "avg_js": 0.0,
        "avg_oracle_js": 0.8571428571428571
    }
}