{
    "expt_args": {
        "save_dir": "all_expt_logs/expt_logs_sim_compsel_backward_cameraready_new_mean_largerange_re",
        "exp_name": "330",
        "num_nodes": 6,
        "num_tgt_prior": 7,
        "obs_noise_mean": 0.0,
        "obs_noise_var": 1.0,
        "obs_noise_gamma_shape": null,
        "noise_type": "gaussian",
        "max_edge_strength": 1.0,
        "graph_sparsity_method": "adj_dense_prop",
        "adj_dense_prop": 0.8,
        "num_parents": null,
        "new_noise_mean": 100,
        "mix_samples": 1024,
        "stage2_samples": 1024,
        "gmm_tol": 0.001,
        "intv_type": "hard",
        "new_noise_var": 1.0,
        "dtype": "simulation",
        "cutoff_drop_ratio": 0.07,
        "intv_targets": [
            0,
            1,
            2,
            3,
            4,
            5
        ]
    },
    "intv_args_dict": {
        "0": {
            "intv_type": "hard",
            "inode": 0,
            "new_mui": 100,
            "new_vari": 1.0,
            "noise_type": "gaussian",
            "obs_noise_gamma_shape": null,
            "true_params": {
                "Si": [
                    [
                        1.0,
                        -0.8322550686378546,
                        1.2928896312909148,
                        -0.9412437725865912,
                        -0.9294631499993928,
                        2.1135775165996034
                    ],
                    [
                        -0.8322550686378546,
                        1.6926484992734,
                        -1.7809633118787918,
                        0.4620514851222186,
                        1.7315882302150167,
                        -2.8157536404640133
                    ],
                    [
                        1.2928896312909148,
                        -1.7809633118787918,
                        3.168517203160776,
                        -1.7841371997861808,
                        -2.0528569165131487,
                        3.5944201483450997
                    ],
                    [
                        -0.9412437725865912,
                        0.4620514851222186,
                        -1.7841371997861808,
                        2.6191600568445583,
                        -0.2403950559159609,
                        -1.7541666143761585
                    ],
                    [
                        -0.9294631499993928,
                        1.7315882302150167,
                        -2.0528569165131487,
                        -0.2403950559159609,
                        3.7093702985082633,
                        -3.673478340325848
                    ],
                    [
                        2.1135775165996034,
                        -2.8157536404640133,
                        3.5944201483450997,
                        -1.7541666143761585,
                        -3.673478340325848,
                        7.069619744063523
                    ]
                ],
                "mui": [
                    100.0,
                    -83.22550686378545,
                    129.28896312909148,
                    -94.12437725865912,
                    -92.94631499993929,
                    211.35775165996034
                ],
                "Ai": [
                    [
                        0.0,
                        0.0,
                        0.0,
                        0.0,
                        0.0,
                        0.0
                    ],
                    [
                        -0.8322550686378546,
                        0.0,
                        0.0,
                        0.0,
                        0.0,
                        0.0
                    ],
                    [
                        0.7061919507615217,
                        -0.7049493630476009,
                        0.0,
                        0.0,
                        0.0,
                        0.0
                    ],
                    [
                        -0.6481346545884921,
                        -0.8808326683446497,
                        -0.7937155237490157,
                        0.0,
                        0.0,
                        0.0
                    ],
                    [
                        -0.6217417698053165,
                        0.0,
                        -0.9274101751006385,
                        -0.9469572549710896,
                        0.0,
                        0.0
                    ],
                    [
                        0.7169717808784012,
                        -0.9845029187061742,
                        -0.5294269076913319,
                        -0.6621021456052383,
                        -0.6869978972840701,
                        0.0
                    ]
                ]
            },
            "est_params": {
                "mui": [
                    100.00527553055716,
                    -83.22914157109966,
                    129.19965324087144,
                    -94.13533356273219,
                    -92.76002196443366,
                    211.40841240330406
                ],
                "Si": [
                    [
                        1.0220740989714294,
                        -0.7138203125383948,
                        1.140803012540937,
                        -0.949239554562645,
                        -0.7224872900740035,
                        2.0537624874459084
                    ],
                    [
                        -0.7138203125383948,
                        1.3988225677990367,
                        -1.3407919884169393,
                        0.43762323575054424,
                        1.2263050003071216,
                        -2.57006704381714
                    ],
                    [
                        1.140803012540937,
                        -1.3407919884169393,
                        2.45908897902316,
                        -1.4331122591309216,
                        -1.4992859105395007,
                        3.084099068714851
                    ],
                    [
                        -0.949239554562645,
                        0.43762323575054424,
                        -1.4331122591309216,
                        2.2016707315209314,
                        -0.19484954363273252,
                        -1.7324005323992862
                    ],
                    [
                        -0.7224872900740035,
                        1.2263050003071216,
                        -1.4992859105395007,
                        -0.19484954363273252,
                        2.842173375770736,
                        -3.1214229244535083
                    ],
                    [
                        2.0537624874459084,
                        -2.57006704381714,
                        3.084099068714851,
                        -1.7324005323992862,
                        -3.1214229244535083,
                        7.033092474341018
                    ]
                ]
            },
            "est_tgt": [
                0
            ],
            "oracle_est_tgt": [
                0,
                3,
                4
            ]
        },
        "1": {
            "intv_type": "hard",
            "inode": 1,
            "new_mui": 100,
            "new_vari": 1.0,
            "noise_type": "gaussian",
            "obs_noise_gamma_shape": null,
            "true_params": {
                "Si": [
                    [
                        1.0,
                        0.0,
                        0.7061919507615217,
                        -1.2086501686545124,
                        -0.13213132458629934,
                        1.2341185722586518
                    ],
                    [
                        0.0,
                        1.0,
                        -0.7049493630476009,
                        -0.3213034154367881,
                        0.9580378125159156,
                        -1.0567180393149844
                    ],
                    [
                        0.7061919507615217,
                        -0.7049493630476009,
                        1.9956606757815818,
                        -1.4207519060822054,
                        -0.944473725078244,
                        1.7333222942182325
                    ],
                    [
                        -1.2086501686545124,
                        -0.3213034154367881,
                        -1.4207519060822054,
                        3.1940554476001006,
                        -0.9555459099558313,
                        -1.2563925594978347
                    ],
                    [
                        -0.13213132458629934,
                        0.9580378125159156,
                        -0.944473725078244,
                        -0.9555459099558313,
                        2.862927238238399,
                        -1.8720516456283751
                    ],
                    [
                        1.2341185722586518,
                        -1.0567180393149844,
                        1.7333222942182325,
                        -1.2563925594978347,
                        -1.8720516456283751,
                        4.12545847578191
                    ]
                ],
                "mui": [
                    0.0,
                    100.0,
                    -70.49493630476009,
                    -32.13034154367881,
                    95.80378125159156,
                    -105.67180393149845
                ],
                "Ai": [
                    [
                        0.0,
                        0.0,
                        0.0,
                        0.0,
                        0.0,
                        0.0
                    ],
                    [
                        0.0,
                        0.0,
                        0.0,
                        0.0,
                        0.0,
                        0.0
                    ],
                    [
                        0.7061919507615217,
                        -0.7049493630476009,
                        0.0,
                        0.0,
                        0.0,
                        0.0
                    ],
                    [
                        -0.6481346545884921,
                        -0.8808326683446497,
                        -0.7937155237490157,
                        0.0,
                        0.0,
                        0.0
                    ],
                    [
                        -0.6217417698053165,
                        0.0,
                        -0.9274101751006385,
                        -0.9469572549710896,
                        0.0,
                        0.0
                    ],
                    [
                        0.7169717808784012,
                        -0.9845029187061742,
                        -0.5294269076913319,
                        -0.6621021456052383,
                        -0.6869978972840701,
                        0.0
                    ]
                ]
            },
            "est_params": {
                "mui": [
                    0.012945265957628108,
                    99.9294748071561,
                    -70.4311461648888,
                    -32.03472948485766,
                    95.57998610080494,
                    -105.45501348942112
                ],
                "Si": [
                    [
                        0.9430688777499951,
                        0.07372485862605775,
                        0.4664059959592292,
                        -1.0657742605529499,
                        -0.15032463245833072,
                        1.1899188864320953
                    ],
                    [
                        0.07372485862605775,
                        1.0270143964786442,
                        -0.5760934720098599,
                        -0.5322817510789765,
                        0.9625901158457348,
                        -0.8976892878205317
                    ],
                    [
                        0.4664059959592292,
                        -0.5760934720098599,
                        1.4370826755940878,
                        -0.9132662528366203,
                        -0.8544746941848148,
                        1.3420839365004307
                    ],
                    [
                        -1.0657742605529499,
                        -0.5322817510789765,
                        -0.9132662528366203,
                        2.801673985548845,
                        -0.9678304602916405,
                        -1.083424362581287
                    ],
                    [
                        -0.15032463245833072,
                        0.9625901158457348,
                        -0.8544746941848148,
                        -0.9678304602916405,
                        2.6037359996958536,
                        -1.5993800987128168
                    ],
                    [
                        1.1899188864320953,
                        -0.8976892878205317,
                        1.3420839365004307,
                        -1.083424362581287,
                        -1.5993800987128168,
                        3.848424098213055
                    ]
                ]
            },
            "est_tgt": [
                1,
                3,
                5
            ],
            "oracle_est_tgt": [
                0,
                1,
                3,
                4,
                5
            ]
        },
        "2": {
            "intv_type": "hard",
            "inode": 2,
            "new_mui": 100,
            "new_vari": 1.0,
            "noise_type": "gaussian",
            "obs_noise_gamma_shape": null,
            "true_params": {
                "Si": [
                    [
                        1.0,
                        -0.8322550686378546,
                        0.0,
                        0.08494279826314899,
                        -0.7021789688781511,
                        1.962483991213019
                    ],
                    [
                        -0.8322550686378546,
                        1.6926484992734,
                        0.0,
                        -0.9515267427434382,
                        1.4185028916442532,
                        -2.607621392464428
                    ],
                    [
                        0.0,
                        0.0,
                        1.0,
                        -0.7937155237490157,
                        -0.17579550150332993,
                        0.11686498346786303
                    ],
                    [
                        0.08494279826314899,
                        -0.9515267427434382,
                        -0.7937155237490157,
                        2.413065801240104,
                        -1.6017828000711183,
                        0.920622171193418
                    ],
                    [
                        -0.7021789688781511,
                        1.4185028916442532,
                        -0.17579550150332993,
                        -1.6017828000711183,
                        3.1164283750767336,
                        -2.8873277860753617
                    ],
                    [
                        1.962483991213019,
                        -2.607621392464428,
                        0.11686498346786303,
                        0.920622171193418,
                        -2.8873277860753617,
                        6.2864272500371765
                    ]
                ],
                "mui": [
                    0.0,
                    0.0,
                    100.0,
                    -79.37155237490157,
                    -17.57955015033299,
                    11.686498346786303
                ],
                "Ai": [
                    [
                        0.0,
                        0.0,
                        0.0,
                        0.0,
                        0.0,
                        0.0
                    ],
                    [
                        -0.8322550686378546,
                        0.0,
                        0.0,
                        0.0,
                        0.0,
                        0.0
                    ],
                    [
                        0.0,
                        0.0,
                        0.0,
                        0.0,
                        0.0,
                        0.0
                    ],
                    [
                        -0.6481346545884921,
                        -0.8808326683446497,
                        -0.7937155237490157,
                        0.0,
                        0.0,
                        0.0
                    ],
                    [
                        -0.6217417698053165,
                        0.0,
                        -0.9274101751006385,
                        -0.9469572549710896,
                        0.0,
                        0.0
                    ],
                    [
                        0.7169717808784012,
                        -0.9845029187061742,
                        -0.5294269076913319,
                        -0.6621021456052383,
                        -0.6869978972840701,
                        0.0
                    ]
                ]
            },
            "est_params": {
                "mui": [
                    0.08448660270754867,
                    0.11787058482025174,
                    99.99911902121988,
                    -79.43596924564076,
                    -17.58361418066182,
                    11.867808459479981
                ],
                "Si": [
                    [
                        1.2148088905076908,
                        -0.894243659110047,
                        -0.01877800179808529,
                        0.08572062751808578,
                        -0.8730147835202614,
                        2.340404660837251
                    ],
                    [
                        -0.894243659110047,
                        1.605139307884779,
                        0.02001410169716776,
                        -0.8183107122284732,
                        1.281577831945325,
                        -2.6825371396394724
                    ],
                    [
                        -0.01877800179808529,
                        0.02001410169716776,
                        0.9171785872655247,
                        -0.702159082915367,
                        -0.1645857336003618,
                        0.21125926792583694
                    ],
                    [
                        0.08572062751808578,
                        -0.8183107122284732,
                        -0.702159082915367,
                        2.3208854348462444,
                        -1.5006748739681697,
                        0.6916090396111968
                    ],
                    [
                        -0.8730147835202614,
                        1.281577831945325,
                        -0.1645857336003618,
                        -1.5006748739681697,
                        3.210629630693426,
                        -3.153774899560264
                    ],
                    [
                        2.340404660837251,
                        -2.6825371396394724,
                        0.21125926792583694,
                        0.6916090396111968,
                        -3.153774899560264,
                        7.026874829052423
                    ]
                ]
            },
            "est_tgt": [
                1,
                2,
                3,
                4,
                5
            ],
            "oracle_est_tgt": [
                0,
                1,
                2,
                3,
                4,
                5
            ]
        },
        "3": {
            "intv_type": "hard",
            "inode": 3,
            "new_mui": 100,
            "new_vari": 1.0,
            "noise_type": "gaussian",
            "obs_noise_gamma_shape": null,
            "true_params": {
                "Si": [
                    [
                        1.0,
                        -0.8322550686378546,
                        1.2928896312909148,
                        0.0,
                        -1.8207807691466238,
                        2.1027113253988436
                    ],
                    [
                        -0.8322550686378546,
                        1.6926484992734,
                        -1.7809633118787918,
                        0.0,
                        2.169131236221668,
                        -2.8104194858824263
                    ],
                    [
                        1.2928896312909148,
                        -1.7809633118787918,
                        3.168517203160776,
                        0.0,
                        -3.742358581714477,
                        3.573823171763795
                    ],
                    [
                        0.0,
                        0.0,
                        0.0,
                        1.0,
                        -0.9469572549710896,
                        -0.011544502622204633
                    ],
                    [
                        -1.8207807691466238,
                        2.169131236221668,
                        -3.742358581714477,
                        -0.9469572549710896,
                        6.4994849281362885,
                        -5.29780918111828
                    ],
                    [
                        2.1027113253988436,
                        -2.8104194858824263,
                        3.573823171763795,
                        -0.011544502622204633,
                        -5.29780918111828,
                        7.029600127418421
                    ]
                ],
                "mui": [
                    0.0,
                    0.0,
                    0.0,
                    100.0,
                    -94.69572549710897,
                    -1.1544502622204633
                ],
                "Ai": [
                    [
                        0.0,
                        0.0,
                        0.0,
                        0.0,
                        0.0,
                        0.0
                    ],
                    [
                        -0.8322550686378546,
                        0.0,
                        0.0,
                        0.0,
                        0.0,
                        0.0
                    ],
                    [
                        0.7061919507615217,
                        -0.7049493630476009,
                        0.0,
                        0.0,
                        0.0,
                        0.0
                    ],
                    [
                        0.0,
                        0.0,
                        0.0,
                        0.0,
                        0.0,
                        0.0
                    ],
                    [
                        -0.6217417698053165,
                        0.0,
                        -0.9274101751006385,
                        -0.9469572549710896,
                        0.0,
                        0.0
                    ],
                    [
                        0.7169717808784012,
                        -0.9845029187061742,
                        -0.5294269076913319,
                        -0.6621021456052383,
                        -0.6869978972840701,
                        0.0
                    ]
                ]
            },
            "est_params": {
                "mui": [
                    -0.043408940734965054,
                    0.05330381099286345,
                    -0.13511602477674767,
                    100.1347357494213,
                    -94.51551940654953,
                    -1.3072744725158454
                ],
                "Si": [
                    [
                        1.2047613195769276,
                        -1.0123256131578557,
                        1.5179687465796416,
                        0.053317168265946825,
                        -2.354611322193028,
                        2.6623804246841702
                    ],
                    [
                        -1.0123256131578557,
                        1.762218073846488,
                        -2.0834835370161766,
                        -0.013071740995702404,
                        2.5788276697347534,
                        -3.2433521116708004
                    ],
                    [
                        1.5179687465796416,
                        -2.0834835370161766,
                        3.7200129521904834,
                        0.09208274479405933,
                        -4.68539242363965,
                        4.602109193176232
                    ],
                    [
                        0.053317168265946825,
                        -0.013071740995702404,
                        0.09208274479405933,
                        0.811135199746238,
                        -0.9746475902434513,
                        0.23795078095909958
                    ],
                    [
                        -2.354611322193028,
                        2.5788276697347534,
                        -4.68539242363965,
                        -0.9746475902434513,
                        8.17479444568554,
                        -7.046661096135984
                    ],
                    [
                        2.6623804246841702,
                        -3.2433521116708004,
                        4.602109193176232,
                        0.23795078095909958,
                        -7.046661096135984,
                        8.45166706958083
                    ]
                ]
            },
            "est_tgt": [
                1,
                2,
                3,
                4,
                5
            ],
            "oracle_est_tgt": [
                0,
                1,
                2,
                3,
                4
            ]
        },
        "4": {
            "intv_type": "hard",
            "inode": 4,
            "new_mui": 100,
            "new_vari": 1.0,
            "noise_type": "gaussian",
            "obs_noise_gamma_shape": null,
            "true_params": {
                "Si": [
                    [
                        1.0,
                        -0.8322550686378546,
                        1.2928896312909148,
                        -0.9412437725865912,
                        0.0,
                        1.475038286946992
                    ],
                    [
                        -0.8322550686378546,
                        1.6926484992734,
                        -1.7809633118787918,
                        0.4620514851222186,
                        0.0,
                        -1.6261561673444525
                    ],
                    [
                        1.2928896312909148,
                        -1.7809633118787918,
                        3.168517203160776,
                        -1.7841371997861808,
                        0.0,
                        2.184111763275506
                    ],
                    [
                        -0.9412437725865912,
                        0.4620514851222186,
                        -1.7841371997861808,
                        2.6191600568445583,
                        0.0,
                        -1.9193175123079098
                    ],
                    [
                        0.0,
                        0.0,
                        0.0,
                        0.0,
                        1.0,
                        -0.6869978972840701
                    ],
                    [
                        1.475038286946992,
                        -1.6261561673444525,
                        2.184111763275506,
                        -1.9193175123079098,
                        -0.6869978972840701,
                        4.244939137465166
                    ]
                ],
                "mui": [
                    0.0,
                    0.0,
                    0.0,
                    0.0,
                    100.0,
                    -68.69978972840701
                ],
                "Ai": [
                    [
                        0.0,
                        0.0,
                        0.0,
                        0.0,
                        0.0,
                        0.0
                    ],
                    [
                        -0.8322550686378546,
                        0.0,
                        0.0,
                        0.0,
                        0.0,
                        0.0
                    ],
                    [
                        0.7061919507615217,
                        -0.7049493630476009,
                        0.0,
                        0.0,
                        0.0,
                        0.0
                    ],
                    [
                        -0.6481346545884921,
                        -0.8808326683446497,
                        -0.7937155237490157,
                        0.0,
                        0.0,
                        0.0
                    ],
                    [
                        0.0,
                        0.0,
                        0.0,
                        0.0,
                        0.0,
                        0.0
                    ],
                    [
                        0.7169717808784012,
                        -0.9845029187061742,
                        -0.5294269076913319,
                        -0.6621021456052383,
                        -0.6869978972840701,
                        0.0
                    ]
                ]
            },
            "est_params": {
                "mui": [
                    0.09629839914690326,
                    -0.06380192646533524,
                    0.051822141587652644,
                    -0.13215698298300213,
                    99.95136107285424,
                    -68.52661876026133
                ],
                "Si": [
                    [
                        0.9775186027223076,
                        -0.9028313264672996,
                        1.3831869010015485,
                        -0.9637360127920366,
                        -0.07465608941635252,
                        1.631418778228952
                    ],
                    [
                        -0.9028313264672996,
                        1.7603458458148864,
                        -2.0669031769655564,
                        0.7477179232033466,
                        0.1274671910168021,
                        -2.083103092251299
                    ],
                    [
                        1.3831869010015485,
                        -2.0669031769655564,
                        3.6653298636393097,
                        -1.9865766278100594,
                        -0.19571896750479242,
                        2.7162534114696015
                    ],
                    [
                        -0.9637360127920366,
                        0.7477179232033466,
                        -1.9865766278100594,
                        2.355511419252266,
                        0.3160629198202813,
                        -2.1438749927621656
                    ],
                    [
                        -0.07465608941635252,
                        0.1274671910168021,
                        -0.19571896750479242,
                        0.3160629198202813,
                        1.0754909964918329,
                        -0.9105876147139699
                    ],
                    [
                        1.631418778228952,
                        -2.083103092251299,
                        2.7162534114696015,
                        -2.1438749927621656,
                        -0.9105876147139699,
                        4.984806695176012
                    ]
                ]
            },
            "est_tgt": [
                1,
                2,
                4,
                5
            ],
            "oracle_est_tgt": [
                0,
                1,
                2,
                4,
                5
            ]
        },
        "5": {
            "intv_type": "hard",
            "inode": 5,
            "new_mui": 100,
            "new_vari": 1.0,
            "noise_type": "gaussian",
            "obs_noise_gamma_shape": null,
            "true_params": {
                "Si": [
                    [
                        1.0,
                        -0.8322550686378546,
                        1.2928896312909148,
                        -0.9412437725865912,
                        -0.9294631499993928,
                        0.0
                    ],
                    [
                        -0.8322550686378546,
                        1.6926484992734,
                        -1.7809633118787918,
                        0.4620514851222186,
                        1.7315882302150167,
                        0.0
                    ],
                    [
                        1.2928896312909148,
                        -1.7809633118787918,
                        3.168517203160776,
                        -1.7841371997861808,
                        -2.0528569165131487,
                        0.0
                    ],
                    [
                        -0.9412437725865912,
                        0.4620514851222186,
                        -1.7841371997861808,
                        2.6191600568445583,
                        -0.2403950559159609,
                        0.0
                    ],
                    [
                        -0.9294631499993928,
                        1.7315882302150167,
                        -2.0528569165131487,
                        -0.2403950559159609,
                        3.7093702985082633,
                        0.0
                    ],
                    [
                        0.0,
                        0.0,
                        0.0,
                        0.0,
                        0.0,
                        1.0
                    ]
                ],
                "mui": [
                    0.0,
                    0.0,
                    0.0,
                    0.0,
                    0.0,
                    100.0
                ],
                "Ai": [
                    [
                        0.0,
                        0.0,
                        0.0,
                        0.0,
                        0.0,
                        0.0
                    ],
                    [
                        -0.8322550686378546,
                        0.0,
                        0.0,
                        0.0,
                        0.0,
                        0.0
                    ],
                    [
                        0.7061919507615217,
                        -0.7049493630476009,
                        0.0,
                        0.0,
                        0.0,
                        0.0
                    ],
                    [
                        -0.6481346545884921,
                        -0.8808326683446497,
                        -0.7937155237490157,
                        0.0,
                        0.0,
                        0.0
                    ],
                    [
                        -0.6217417698053165,
                        0.0,
                        -0.9274101751006385,
                        -0.9469572549710896,
                        0.0,
                        0.0
                    ],
                    [
                        0.0,
                        0.0,
                        0.0,
                        0.0,
                        0.0,
                        0.0
                    ]
                ]
            },
            "est_params": {
                "mui": [
                    0.020219933514619152,
                    -0.10110893508941086,
                    0.07501856473065587,
                    -0.01807047718291984,
                    -0.07117723099737619,
                    100.03202334916357
                ],
                "Si": [
                    [
                        1.1035288997732016,
                        -0.8786307734915805,
                        1.3803466324007154,
                        -0.8931587290143302,
                        -1.1021028772053072,
                        -0.01480584050391076
                    ],
                    [
                        -0.8786307734915805,
                        1.8886761028410386,
                        -2.104701033247429,
                        0.35575867090906976,
                        2.1428104287866234,
                        -0.02716067372704668
                    ],
                    [
                        1.3803466324007154,
                        -2.104701033247429,
                        3.42528763950333,
                        -1.5281948587251237,
                        -2.624995482304779,
                        0.0035024565061284917
                    ],
                    [
                        -0.8931587290143302,
                        0.35575867090906976,
                        -1.5281948587251237,
                        2.4700798665305523,
                        -0.45892981655580417,
                        0.11225813471500097
                    ],
                    [
                        -1.1021028772053072,
                        2.1428104287866234,
                        -2.624995482304779,
                        -0.45892981655580417,
                        4.563440308189811,
                        -0.050419454561956366
                    ],
                    [
                        -0.01480584050391076,
                        -0.02716067372704668,
                        0.0035024565061284917,
                        0.11225813471500097,
                        -0.050419454561956366,
                        0.9526200615003986
                    ]
                ]
            },
            "est_tgt": [
                1,
                4,
                5
            ],
            "oracle_est_tgt": [
                0,
                1,
                5
            ]
        },
        "obs": {
            "intv_type": "obs",
            "noise_type": "gaussian",
            "obs_noise_gamma_shape": null,
            "true_params": {
                "Si": [
                    [
                        1.0,
                        -0.8322550686378546,
                        1.2928896312909148,
                        -0.9412437725865912,
                        -0.9294631499993928,
                        2.1135775165996034
                    ],
                    [
                        -0.8322550686378546,
                        1.6926484992734,
                        -1.7809633118787918,
                        0.4620514851222186,
                        1.7315882302150167,
                        -2.8157536404640133
                    ],
                    [
                        1.2928896312909148,
                        -1.7809633118787918,
                        3.168517203160776,
                        -1.7841371997861808,
                        -2.0528569165131487,
                        3.5944201483450997
                    ],
                    [
                        -0.9412437725865912,
                        0.4620514851222186,
                        -1.7841371997861808,
                        2.6191600568445583,
