{
    "expt_args": {
        "save_dir": "all_expt_logs/expt_logs_sim_compsel_backward_cameraready_new_mean_largerange_re",
        "exp_name": "407",
        "num_nodes": 6,
        "num_tgt_prior": 7,
        "obs_noise_mean": 0.0,
        "obs_noise_var": 1.0,
        "obs_noise_gamma_shape": null,
        "noise_type": "gaussian",
        "max_edge_strength": 1.0,
        "graph_sparsity_method": "adj_dense_prop",
        "adj_dense_prop": 0.8,
        "num_parents": null,
        "new_noise_mean": 10,
        "mix_samples": 1024,
        "stage2_samples": 1024,
        "gmm_tol": 0.001,
        "intv_type": "hard",
        "new_noise_var": 1.0,
        "dtype": "simulation",
        "cutoff_drop_ratio": 0.07,
        "intv_targets": [
            0,
            1,
            2,
            3,
            4,
            5
        ]
    },
    "intv_args_dict": {
        "0": {
            "intv_type": "hard",
            "inode": 0,
            "new_mui": 10,
            "new_vari": 1.0,
            "noise_type": "gaussian",
            "obs_noise_gamma_shape": null,
            "true_params": {
                "Si": [
                    [
                        1.0,
                        -0.8098876494497498,
                        -0.04671754138921336,
                        1.6034992904562486,
                        2.1018470763787005,
                        0.2083958633811014
                    ],
                    [
                        -0.8098876494497498,
                        1.6559180047312407,
                        -0.8239579721126256,
                        -1.5812332625020864,
                        -1.9383209577787224,
                        -0.162544703903505
                    ],
                    [
                        -0.04671754138921336,
                        -0.8239579721126256,
                        1.7448713097269217,
                        -0.3812782421155528,
                        -0.3541258826335664,
                        0.6512777955635675
                    ],
                    [
                        1.6034992904562486,
                        -1.5812332625020864,
                        -0.3812782421155528,
                        3.9534415859100704,
                        4.524999584199694,
                        0.48911786280921854
                    ],
                    [
                        2.1018470763787005,
                        -1.9383209577787224,
                        -0.3541258826335664,
                        4.524999584199694,
                        6.382366009223454,
                        0.008542176476298402
                    ],
                    [
                        0.2083958633811014,
                        -0.162544703903505,
                        0.6512777955635675,
                        0.48911786280921854,
                        0.008542176476298402,
                        2.073620462923853
                    ]
                ],
                "mui": [
                    10.0,
                    -8.098876494497498,
                    -0.4671754138921336,
                    16.034992904562486,
                    21.018470763787004,
                    2.083958633811014
                ],
                "Ai": [
                    [
                        0.0,
                        0.0,
                        0.0,
                        0.0,
                        0.0,
                        0.0
                    ],
                    [
                        -0.8098876494497498,
                        0.0,
                        0.0,
                        0.0,
                        0.0,
                        0.0
                    ],
                    [
                        -0.7446738032028521,
                        -0.861793931896407,
                        0.0,
                        0.0,
                        0.0,
                        0.0
                    ],
                    [
                        0.9651522178969315,
                        -0.7564721987969814,
                        -0.5498915575954796,
                        0.0,
                        0.0,
                        0.0
                    ],
                    [
                        0.7623150908264196,
                        -0.0,
                        0.0,
                        0.835380466661223,
                        0.0,
                        0.0
                    ],
                    [
                        0.6308314538614336,
                        0.976271596249435,
                        0.9540636236787892,
                        0.9900671329508828,
                        -0.5589206435308212,
                        0.0
                    ]
                ]
            },
            "est_params": {
                "mui": [
                    4.928353971817921,
                    -3.868747916916489,
                    -0.33416844350824754,
                    13.005083450660589,
                    14.68532576629097,
                    3.700598450384342
                ],
                "Si": [
                    [
                        26.15766597863061,
                        -21.387964463305806,
                        -0.4469291530861609,
                        15.55693670590402,
                        33.33807108924494,
                        -7.870542651680057
                    ],
                    [
                        -21.387964463305806,
                        18.519089467782177,
                        -0.6091884818688907,
                        -12.780725059553687,
                        -27.393515104377986,
                        6.554776751641842
                    ],
                    [
                        -0.4469291530861609,
                        -0.6091884818688907,
                        1.824569996188396,
                        -0.46617477207203956,
                        -0.6301332322735578,
                        0.658201483372379
                    ],
                    [
                        15.55693670590402,
                        -12.780725059553687,
                        -0.46617477207203956,
                        11.216439076024598,
                        21.415790248135416,
                        -3.8532010674262485
                    ],
                    [
                        33.33807108924494,
                        -27.393515104377986,
                        -0.6301332322735578,
                        21.415790248135416,
                        44.74693235450058,
                        -9.835122005919157
                    ],
                    [
                        -7.870542651680057,
                        6.554776751641842,
                        0.658201483372379,
                        -3.8532010674262485,
                        -9.835122005919157,
                        4.763179527349062
                    ]
                ]
            },
            "est_tgt": [
                0,
                1,
                3,
                4,
                5
            ],
            "oracle_est_tgt": [
                0,
                3,
                4
            ]
        },
        "1": {
            "intv_type": "hard",
            "inode": 1,
            "new_mui": 10,
            "new_vari": 1.0,
            "noise_type": "gaussian",
            "obs_noise_gamma_shape": null,
            "true_params": {
                "Si": [
                    [
                        1.0,
                        0.0,
                        -0.7446738032028521,
                        1.3746420554406975,
                        1.9106642125926123,
                        0.21344351410936224
                    ],
                    [
                        0.0,
                        1.0,
                        -0.861793931896407,
                        -0.28257899126013347,
                        -0.23606096958754796,
                        0.006232532045266387
                    ],
                    [
                        -0.7446738032028521,
                        -0.861793931896407,
                        2.2972278542300693,
                        -1.3300266251136987,
                        -1.6787543406839707,
                        0.5020677445156145
                    ],
                    [
                        1.3746420554406975,
                        -0.28257899126013347,
                        -1.3300266251136987,
                        3.271872392002603,
                        3.781168669034198,
                        0.4483636746993844
                    ],
                    [
                        1.9106642125926123,
                        -0.23606096958754796,
                        -1.6787543406839707,
                        3.781168669034198,
                        5.615242610023911,
                        -0.021655175881920008
                    ],
                    [
                        0.21344351410936224,
                        0.006232532045266387,
                        0.5020677445156145,
                        0.4483636746993844,
                        -0.021655175881920008,
                        2.0757497607648516
                    ]
                ],
                "mui": [
                    0.0,
                    10.0,
                    -8.61793931896407,
                    -2.825789912601335,
                    -2.3606096958754796,
                    0.06232532045266387
                ],
                "Ai": [
                    [
                        0.0,
                        0.0,
                        0.0,
                        0.0,
                        0.0,
                        0.0
                    ],
                    [
                        0.0,
                        0.0,
                        0.0,
                        0.0,
                        0.0,
                        0.0
                    ],
                    [
                        -0.7446738032028521,
                        -0.861793931896407,
                        0.0,
                        0.0,
                        0.0,
                        0.0
                    ],
                    [
                        0.9651522178969315,
                        -0.7564721987969814,
                        -0.5498915575954796,
                        0.0,
                        0.0,
                        0.0
                    ],
                    [
                        0.7623150908264196,
                        -0.0,
                        0.0,
                        0.835380466661223,
                        0.0,
                        0.0
                    ],
                    [
                        0.6308314538614336,
                        0.976271596249435,
                        0.9540636236787892,
                        0.9900671329508828,
                        -0.5589206435308212,
                        0.0
                    ]
                ]
            },
            "oracle_est_tgt": [
                0,
                1,
                2,
                3,
                4
            ]
        },
        "2": {
            "intv_type": "hard",
            "inode": 2,
            "new_mui": 10,
            "new_vari": 1.0,
            "noise_type": "gaussian",
            "obs_noise_gamma_shape": null,
            "true_params": {
                "Si": [
                    [
                        1.0,
                        -0.8098876494497498,
                        0.0,
                        1.5778097088547027,
                        2.0803865017120695,
                        0.23952771800852224
                    ],
                    [
                        -0.8098876494497498,
                        1.6559180047312407,
                        0.0,
                        -2.0343207951803106,
                        -2.3168214322658396,
                        0.3865282790518351
                    ],
                    [
                        0.0,
                        0.0,
                        1.0,
                        -0.5498915575954796,
                        -0.4593686659971785,
                        0.6663846962333754
                    ],
                    [
                        1.5778097088547027,
                        -2.0343207951803106,
                        -0.5498915575954796,
                        4.364114390023683,
                        4.848484067213323,
                        0.09549923749411415
                    ],
                    [
                        2.0803865017120695,
                        -2.3168214322658396,
                        -0.4593686659971785,
                        4.848484067213323,
                        6.636238907674863,
                        -0.2965468518380855
                    ],
                    [
                        0.23952771800852224,
                        0.3865282790518351,
                        0.6663846962333754,
                        0.09549923749411415,
                        -0.2965468518380855,
                        2.4245284101605877
                    ]
                ],
                "mui": [
                    0.0,
                    0.0,
                    10.0,
                    -5.498915575954796,
                    -4.593686659971786,
                    6.6638469623337535
                ],
                "Ai": [
                    [
                        0.0,
                        0.0,
                        0.0,
                        0.0,
                        0.0,
                        0.0
                    ],
                    [
                        -0.8098876494497498,
                        0.0,
                        0.0,
                        0.0,
                        0.0,
                        0.0
                    ],
                    [
                        0.0,
                        0.0,
                        0.0,
                        0.0,
                        0.0,
                        0.0
                    ],
                    [
                        0.9651522178969315,
                        -0.7564721987969814,
                        -0.5498915575954796,
                        0.0,
                        0.0,
                        0.0
                    ],
                    [
                        0.7623150908264196,
                        -0.0,
                        0.0,
                        0.835380466661223,
                        0.0,
                        0.0
                    ],
                    [
                        0.6308314538614336,
                        0.976271596249435,
                        0.9540636236787892,
                        0.9900671329508828,
                        -0.5589206435308212,
                        0.0
                    ]
                ]
            },
            "est_params": {
                "mui": [
                    -0.05941958395262357,
                    0.10594985910740484,
                    4.957229355895781,
                    -2.8283408749659067,
                    -2.272624414470728,
                    8.316939360361541
                ],
                "Si": [
                    [
                        0.7991692806239773,
                        -0.60524770211262,
                        -0.0948847117065826,
                        1.2057502799205622,
                        1.7374437550214625,
                        0.04026002553808949
                    ],
                    [
                        -0.60524770211262,
                        1.431506584531001,
                        0.22158943794174546,
                        -1.7509502384919113,
                        -2.0901383435965837,
                        0.12400874328762831
                    ],
                    [
                        -0.0948847117065826,
                        0.22158943794174554,
                        24.745437644518706,
                        -14.107546917893645,
                        -11.779073595109256,
                        -7.888942653805881
                    ],
                    [
                        1.2057502799205622,
                        -1.7509502384919113,
                        -14.107546917893645,
                        11.236573788351183,
                        10.518965629191982,
                        4.681988416331947
                    ],
                    [
                        1.7374437550214625,
                        -2.0901383435965837,
                        -11.779073595109256,
                        10.518965629191982,
                        11.489459234749361,
                        3.505026178042662
                    ],
                    [
                        0.0402600255380895,
                        0.12400874328762831,
                        -7.888942653805881,
                        4.681988416331947,
                        3.505026178042662,
                        4.472491450180579
                    ]
                ]
            },
            "est_tgt": [
                0,
                1,
                2,
                3,
                4,
                5
            ],
            "oracle_est_tgt": [
                1,
                2,
                3,
                4
            ]
        },
        "3": {
            "intv_type": "hard",
            "inode": 3,
            "new_mui": 10,
            "new_vari": 1.0,
            "noise_type": "gaussian",
            "obs_noise_gamma_shape": null,
            "true_params": {
                "Si": [
                    [
                        1.0,
                        -0.8098876494497498,
                        -0.04671754138921336,
                        0.0,
                        0.7623150908264196,
                        -0.630484002414692
                    ],
                    [
                        -0.8098876494497498,
                        1.6559180047312407,
                        -0.8239579721126256,
                        0.0,
                        -0.6173895770494815,
                        0.6646865614512627
                    ],
                    [
                        -0.04671754138921336,
                        -0.8239579721126256,
                        1.7448713097269217,
                        0.0,
                        -0.035613486807305195,
                        0.8507456983437077
                    ],
                    [
                        0.0,
                        0.0,
                        0.0,
                        1.0,
                        0.835380466661223,
                        0.5231557449315143
                    ],
                    [
                        0.7623150908264196,
                        -0.6173895770494815,
                        -0.035613486807305195,
                        0.835380466661223,
                        2.2789848217808153,
                        -0.6025140227587935
                    ],
                    [
                        -0.630484002414692,
                        0.6646865614512627,
                        0.8507456983437077,
                        0.5231557449315143,
                        -0.6025140227587935,
                        2.9175678280726927
                    ]
                ],
                "mui": [
                    0.0,
                    0.0,
                    0.0,
                    10.0,
                    8.35380466661223,
                    5.231557449315143
                ],
                "Ai": [
                    [
                        0.0,
                        0.0,
                        0.0,
                        0.0,
                        0.0,
                        0.0
                    ],
                    [
                        -0.8098876494497498,
                        0.0,
                        0.0,
                        0.0,
                        0.0,
                        0.0
                    ],
                    [
                        -0.7446738032028521,
                        -0.861793931896407,
                        0.0,
                        0.0,
                        0.0,
                        0.0
                    ],
                    [
                        0.0,
                        0.0,
                        0.0,
                        0.0,
                        0.0,
                        0.0
                    ],
                    [
                        0.7623150908264196,
                        -0.0,
                        0.0,
                        0.835380466661223,
                        0.0,
                        0.0
                    ],
                    [
                        0.6308314538614336,
                        0.976271596249435,
                        0.9540636236787892,
                        0.9900671329508828,
                        -0.5589206435308212,
                        0.0
                    ]
                ]
            },
            "oracle_est_tgt": [
                0,
                1,
                3,
                4
            ]
        },
        "4": {
            "intv_type": "hard",
            "inode": 4,
            "new_mui": 10,
            "new_vari": 1.0,
            "noise_type": "gaussian",
            "obs_noise_gamma_shape": null,
            "true_params": {
                "Si": [
                    [
                        1.0,
                        -0.8098876494497498,
                        -0.04671754138921336,
                        1.6034992904562486,
                        0.0,
                        1.3831615839140596
                    ],
                    [
                        -0.8098876494497498,
                        1.6559180047312407,
                        -0.8239579721126256,
                        -1.5812332625020864,
                        0.0,
                        -1.2459123009944661
                    ],
                    [
                        -0.04671754138921336,
                        -0.8239579721126256,
                        1.7448713097269217,
                        -0.3812782421155528,
                        0.0,
                        0.4533495293510944
                    ],
                    [
                        1.6034992904562486,
                        -1.5812332625020864,
                        -0.3812782421155528,
                        3.9534415859100704,
                        0.0,
                        3.0182335423868096
                    ],
                    [
                        0.0,
                        0.0,
                        0.0,
                        0.0,
                        1.0,
                        -0.5589206435308212
                    ],
                    [
                        1.3831615839140596,
                        -1.2459123009944661,
                        0.4533495293510944,
                        3.0182335423868096,
                        -0.5589206435308212,
                        4.389363452444897
                    ]
                ],
                "mui": [
                    0.0,
                    0.0,
                    0.0,
                    0.0,
                    10.0,
                    -5.589206435308212
                ],
                "Ai": [
                    [
                        0.0,
                        0.0,
                        0.0,
                        0.0,
                        0.0,
                        0.0
                    ],
                    [
                        -0.8098876494497498,
                        0.0,
                        0.0,
                        0.0,
                        0.0,
                        0.0
                    ],
                    [
                        -0.7446738032028521,
                        -0.861793931896407,
                        0.0,
                        0.0,
                        0.0,
                        0.0
                    ],
                    [
                        0.9651522178969315,
                        -0.7564721987969814,
                        -0.5498915575954796,
                        0.0,
                        0.0,
                        0.0
                    ],
                    [
                        0.0,
                        0.0,
                        0.0,
                        0.0,
                        0.0,
                        0.0
                    ],
                    [
                        0.6308314538614336,
                        0.976271596249435,
                        0.9540636236787892,
                        0.9900671329508828,
                        -0.5589206435308212,
                        0.0
                    ]
                ]
            },
            "oracle_est_tgt": [
                0,
                4
            ]
        },
        "5": {
            "intv_type": "hard",
            "inode": 5,
            "new_mui": 10,
            "new_vari": 1.0,
            "noise_type": "gaussian",
            "obs_noise_gamma_shape": null,
            "true_params": {
                "Si": [
                    [
                        1.0,
                        -0.8098876494497498,
                        -0.04671754138921336,
                        1.6034992904562486,
                        2.1018470763787005,
                        0.0
                    ],
                    [
                        -0.8098876494497498,
                        1.6559180047312407,
                        -0.8239579721126256,
                        -1.5812332625020864,
                        -1.9383209577787224,
                        0.0
                    ],
                    [
                        -0.04671754138921336,
                        -0.8239579721126256,
                        1.7448713097269217,
                        -0.3812782421155528,
                        -0.3541258826335664,
                        0.0
                    ],
                    [
                        1.6034992904562486,
                        -1.5812332625020864,
                        -0.3812782421155528,
                        3.9534415859100704,
                        4.524999584199694,
                        0.0
                    ],
                    [
                        2.1018470763787005,
                        -1.9383209577787224,
                        -0.3541258826335664,
                        4.524999584199694,
                        6.382366009223454,
                        0.0
                    ],
                    [
                        0.0,
                        0.0,
                        0.0,
                        0.0,
                        0.0,
                        1.0
                    ]
                ],
                "mui": [
                    0.0,
                    0.0,
                    0.0,
                    0.0,
                    0.0,
                    10.0
                ],
                "Ai": [
                    [
                        0.0,
                        0.0,
                        0.0,
                        0.0,
                        0.0,
                        0.0
                    ],
                    [
                        -0.8098876494497498,
                        0.0,
                        0.0,
                        0.0,
                        0.0,
                        0.0
                    ],
                    [
                        -0.7446738032028521,
                        -0.861793931896407,
                        0.0,
                        0.0,
                        0.0,
                        0.0
                    ],
                    [
                        0.9651522178969315,
                        -0.7564721987969814,
                        -0.5498915575954796,
                        0.0,
                        0.0,
                        0.0
                    ],
                    [
                        0.7623150908264196,
                        -0.0,
                        0.0,
                        0.835380466661223,
                        0.0,
                        0.0
                    ],
                    [
                        0.0,
                        0.0,
                        0.0,
                        0.0,
                        0.0,
                        0.0
                    ]
                ]
            },
            "oracle_est_tgt": [
                5
            ]
        },
        "obs": {
            "intv_type": "obs",
            "noise_type": "gaussian",
            "obs_noise_gamma_shape": null,
            "true_params": {
                "Si": [
                    [
                        1.0,
                        -0.8098876494497498,
                        -0.04671754138921336,
                        1.6034992904562486,
                        2.1018470763787005,
                        0.2083958633811014
                    ],
                    [
                        -0.8098876494497498,
                        1.6559180047312407,
                        -0.8239579721126256,
                        -1.5812332625020864,
                        -1.9383209577787224,
                        -0.162544703903505
                    ],
                    [
                        -0.04671754138921336,
                        -0.8239579721126256,
                        1.7448713097269217,
                        -0.3812782421155528,
                        -0.3541258826335664,
                        0.6512777955635675
                    ],
                    [
                        1.6034992904562486,
                        -1.5812332625020864,
                        -0.3812782421155528,
                        3.9534415859100704,
                        4.524999584199694,
                        0.48911786280921854
                    ],
                    [
                        2.1018470763787005,
                        -1.9383209577787224,
                        -0.3541258826335664,
                        4.524999584199694,
                        6.382366009223454,
                        0.008542176476298402
                    ],
                    [
                        0.2083958633811014,
                        -0.162544703903505,
                        0.6512777955635675,
                        0.48911786280921854,
                        0.008542176476298402,
                        2.073620462923853
                    ]
                ],
                "mui": [
                    0.0,
                    0.0,
                    0.0,
                    0.0,
                    0.0,
                    0.0
                ],
                "Ai": [
                    [
                        0.0,
                        0.0,
                        0.0,
                        0.0,
                        0.0,
                        0.0
                    ],
                    [
                        -0.8098876494497498,
                        0.0,
                        0.0,
                        0.0,
                        0.0,
                        0.0
                    ],
                    [
                        -0.7446738032028521,
                        -0.861793931896407,
                        0.0,
                        0.0,
                        0.0,
                        0.0
                    ],
                    [
                        0.9651522178969315,
                        -0.7564721987969814,
                        -0.5498915575954796,
                        0.0,
                        0.0,
                        0.0
                    ],
                    [
                        0.7623150908264196,
                        -0.0,
                        0.0,
                        0.835380466661223,
                        0.0,
                        0.0
                    ],
                    [
                        0.6308314538614336,
                        0.976271596249435,
                        0.9540636236787892,
                        0.9900671329508828,
                        -0.5589206435308212,
                        0.0
                    ]
                ]
            },
            "est_params": {
                "mui": [
                    0.015453957860269369,
                    3.488039583790967,
                    -2.9702099674464666,
                    -1.0349899549697763,
                    2.4671285507789715,
                    -1.8513075379094681
                ],
                "Si": [
                    [
                        0.9901468634839097,
                        -0.09611493144925486,
                        -0.6470708703306625,
                        1.4321018592428192,
                        1.039891362522032,
                        0.7401149222121721
                    ],
                    [
                        -0.09611493144925486,
                        23.649329518832317,
                        -19.610158074032793,
                        -7.701740113968458,
                        -17.020129899018592,
                        6.302568096836931
                    ],
                    [
                        -0.6470708703306625,
                        -19.610158074032793,
                        17.8400138006159,
                        4.803720764830747,
                        13.363986121752447,
                        -5.3257522835891695
                    ],
                    [
                        1.4321018592428192,
                        -7.701740113968458,
                        4.803720764830747,
                        5.719335310112617,
                        7.545858542362019,
                        -0.6318823081364041
                    ],
                    [
                        1.039891362522032,
                        -17.020129899018592,
                        13.363986121752447,
                        7.545858542362019,
                        33.604023749530405,
                        -14.213897341617537
                    ],
                    [
                        0.7401149222121721,
                        6.302568096836932,
                        -5.3257522835891695,
                        -0.6318823081364041,
                        -14.213897341617537,
                        9.682467994711104
                    ]
                ]
            },
            "est_tgt": [
                0,
                1,
                2,
                3,
                4,
                5
            ],
            "oracle_est_tgt": [
                0,
                1,
                2,
                3,
                4,
                5
            ]
        }
    },
    "metric_dict": {
        "param_est_rel_err": 830.6607062290082,
        "est_num_comp": 3,
        "weight_precision_error": 0.19047429550638678,
        "gm_score_dict": {
            "1": -16.003144505247185,
            "2": -13.11991051994753,
            "3": -11.967103038859364,
            "4": -11.56813238692218,
            "5": -11.013031521986452,
            "6": -10.637698478973412,
            "7": -10.345835921720328
        },
        "est_dag": {
            "amat": [
                [
                    0,
                    0,
                    0,
                    0,
                    0,
                    0
                ],
                [
                    1,
                    0,
                    0,
                    0,
                    0,
                    1
                ],
                [
                    0,
                    1,
                    0,
                    0,
                    0,
                    1
                ],
                [
                    0,
                    1,
                    0,
                    0,
                    1,
                    1
                ],
                [
                    1,
                    0,
                    0,
                    0,
                    0,
                    1
                ],
                [
                    1,
                    0,
                    0,
                    0,
                    0,
                    0
                ]
            ],
            "nodes": [
                0,
                1,
                2,
                3,
                4,
                5
            ]
        },
        "oracle_est_dag": {
            "amat": [
                [
                    0,
                    0,
                    0,
                    0,
                    0,
                    0
                ],
                [
                    1,
                    0,
                    0,
                    0,
                    0,
                    1
                ],
                [
                    0,
                    1,
                    0,
                    0,
                    0,
                    1
                ],
                [
                    0,
                    1,
                    0,
                    0,
                    1,
                    1
                ],
                [
                    1,
                    0,
                    0,
                    0,
                    0,
                    1
                ],
                [
                    1,
                    0,
                    0,
                    0,
                    0,
                    0
                ]
            ],
            "nodes": [
                0,
                1,
                2,
                3,
                4,
                5
            ]
        },
        "igsp_dag": null,
        "intv_base_est_dag": null,
        "act_dag": {
            "amat": [
                [
                    0,
                    1,
                    1,
                    1,
                    1,
                    1
                ],
                [
                    0,
                    0,
                    1,
                    1,
                    0,
                    1
                ],
                [
                    0,
                    0,
                    0,
                    1,
                    0,
                    1
                ],
                [
                    0,
                    0,
                    0,
                    0,
                    1,
                    1
                ],
                [
                    0,
                    0,
                    0,
                    0,
                    0,
                    1
                ],
                [
                    0,
                    0,
                    0,
                    0,
                    0,
                    0
                ]
            ],
            "nodes": [
                0,
                1,
                2,
                3,
                4,
                5
            ]
        },
        "shd": 8,
        "oracle_shd": 8,
        "intv_base_shd": null,
        "igsp_shd": null,
        "avg_js": 0.12222222222222223,
        "avg_oracle_js": 0.3619047619047619
    }
}