{
    "expt_args": {
        "save_dir": "all_expt_logs/expt_logs_sim_compsel_backward_cameraready_new_mean_largerange_re",
        "exp_name": "34",
        "num_nodes": 6,
        "num_tgt_prior": 7,
        "obs_noise_mean": 0.0,
        "obs_noise_var": 1.0,
        "obs_noise_gamma_shape": null,
        "noise_type": "gaussian",
        "max_edge_strength": 1.0,
        "graph_sparsity_method": "adj_dense_prop",
        "adj_dense_prop": 0.8,
        "num_parents": null,
        "new_noise_mean": 1000,
        "mix_samples": 2048,
        "stage2_samples": 2048,
        "gmm_tol": 0.001,
        "intv_type": "hard",
        "new_noise_var": 1.0,
        "dtype": "simulation",
        "cutoff_drop_ratio": 0.07,
        "intv_targets": [
            0,
            1,
            2,
            3,
            4,
            5
        ]
    },
    "intv_args_dict": {
        "0": {
            "intv_type": "hard",
            "inode": 0,
            "new_mui": 1000,
            "new_vari": 1.0,
            "noise_type": "gaussian",
            "obs_noise_gamma_shape": null,
            "true_params": {
                "Si": [
                    [
                        1.0,
                        0.0,
                        0.5725160747359495,
                        0.22697011216657792,
                        0.4931771050993832,
                        1.2969037039292166
                    ],
                    [
                        0.0,
                        1.0,
                        -0.8871601215707151,
                        -0.2491667772703734,
                        -0.7186575632563513,
                        -1.5451260608308817
                    ],
                    [
                        0.5725160747359495,
                        -0.8871601215707151,
                        2.1148277371364252,
                        -0.2874838539575171,
                        1.2582060112905553,
                        3.7865800848750806
                    ],
                    [
                        0.22697011216657792,
                        -0.2491667772703734,
                        -0.2874838539575171,
                        1.5212545906970845,
                        -0.45482615392264036,
                        -1.5084892895724202
                    ],
                    [
                        0.4931771050993832,
                        -0.7186575632563513,
                        1.2582060112905553,
                        -0.45482615392264036,
                        2.1548599747542787,
                        3.451274218568268
                    ],
                    [
                        1.2969037039292166,
                        -1.5451260608308817,
                        3.7865800848750806,
                        -1.5084892895724202,
                        3.451274218568268,
                        9.416369072303745
                    ]
                ],
                "mui": [
                    1000.0,
                    0.0,
                    572.5160747359495,
                    226.9701121665779,
                    493.1771050993832,
                    1296.9037039292166
                ],
                "Ai": [
                    [
                        0.0,
                        0.0,
                        0.0,
                        0.0,
                        0.0,
                        0.0
                    ],
                    [
                        -0.0,
                        0.0,
                        0.0,
                        0.0,
                        0.0,
                        0.0
                    ],
                    [
                        0.5725160747359495,
                        -0.8871601215707151,
                        0.0,
                        0.0,
                        0.0,
                        0.0
                    ],
                    [
                        0.5925094427846738,
                        -0.8155996361898276,
                        -0.6384787200720722,
                        0.0,
                        0.0,
                        0.0
                    ],
                    [
                        0.6134343431198808,
                        -0.8506754230308239,
                        -0.0,
                        -0.5298373291204015,
                        0.0,
                        0.0
                    ],
                    [
                        0.6696902897163819,
                        -0.5125616979074352,
                        0.9585495972671503,
                        -0.8322698540406281,
                        0.5420542452316646,
                        0.0
                    ]
                ]
            },
            "est_params": {
                "mui": [
                    1000.0391671376136,
                    -0.02469573321108946,
                    572.6535152946462,
                    226.93094005239286,
                    493.0969706458283,
                    1297.0561227430965
                ],
                "Si": [
                    [
                        0.9661908995113456,
                        0.04573033259762234,
                        0.5755600202710107,
                        0.06987584955594572,
                        0.41077854325451557,
                        1.2554729079769913
                    ],
                    [
                        0.04573033259762234,
                        1.0615722501729747,
                        -0.8261674732001245,
                        -0.3656228349429177,
                        -0.7005994420546098,
                        -1.4114486602746792
                    ],
                    [
                        0.5755600202710107,
                        -0.8261674732001245,
                        2.1316256599083006,
                        -0.39260575974427114,
                        1.1437540776646378,
                        3.7741217549313006
                    ],
                    [
                        0.06987584955594572,
                        -0.3656228349429177,
                        -0.39260575974427114,
                        1.5552149737943335,
                        -0.3650892998347207,
                        -1.5359645195756917
                    ],
                    [
                        0.41077854325451557,
                        -0.7005994420546098,
                        1.1437540776646378,
                        -0.3650892998347207,
                        1.9205426711535774,
                        2.829443890344022
                    ],
                    [
                        1.2554729079769913,
                        -1.4114486602746792,
                        3.7741217549313006,
                        -1.5359645195756917,
                        2.829443890344022,
                        8.640060729847848
                    ]
                ]
            },
            "est_tgt": [
                0,
                5
            ],
            "oracle_est_tgt": [
                0,
                3,
                4
            ]
        },
        "1": {
            "intv_type": "hard",
            "inode": 1,
            "new_mui": 1000,
            "new_vari": 1.0,
            "noise_type": "gaussian",
            "obs_noise_gamma_shape": null,
            "true_params": {
                "Si": [
                    [
                        1.0,
                        0.0,
                        0.5725160747359495,
                        0.22697011216657792,
                        0.4931771050993832,
                        1.2969037039292166
                    ],
                    [
                        0.0,
                        1.0,
                        -0.8871601215707151,
                        -0.2491667772703734,
                        -0.7186575632563513,
                        -1.5451260608308817
                    ],
                    [
                        0.5725160747359495,
                        -0.8871601215707151,
                        2.1148277371364252,
                        -0.2874838539575171,
                        1.2582060112905553,
                        3.7865800848750806
                    ],
                    [
                        0.22697011216657792,
                        -0.2491667772703734,
                        -0.2874838539575171,
                        1.5212545906970845,
                        -0.45482615392264036,
                        -1.5084892895724202
                    ],
                    [
                        0.4931771050993832,
                        -0.7186575632563513,
                        1.2582060112905553,
                        -0.45482615392264036,
                        2.1548599747542787,
                        3.451274218568268
                    ],
                    [
                        1.2969037039292166,
                        -1.5451260608308817,
                        3.7865800848750806,
                        -1.5084892895724202,
                        3.451274218568268,
                        9.416369072303745
                    ]
                ],
                "mui": [
                    0.0,
                    1000.0,
                    -887.1601215707151,
                    -249.1667772703734,
                    -718.6575632563513,
                    -1545.1260608308817
                ],
                "Ai": [
                    [
                        0.0,
                        0.0,
                        0.0,
                        0.0,
                        0.0,
                        0.0
                    ],
                    [
                        0.0,
                        0.0,
                        0.0,
                        0.0,
                        0.0,
                        0.0
                    ],
                    [
                        0.5725160747359495,
                        -0.8871601215707151,
                        0.0,
                        0.0,
                        0.0,
                        0.0
                    ],
                    [
                        0.5925094427846738,
                        -0.8155996361898276,
                        -0.6384787200720722,
                        0.0,
                        0.0,
                        0.0
                    ],
                    [
                        0.6134343431198808,
                        -0.8506754230308239,
                        -0.0,
                        -0.5298373291204015,
                        0.0,
                        0.0
                    ],
                    [
                        0.6696902897163819,
                        -0.5125616979074352,
                        0.9585495972671503,
                        -0.8322698540406281,
                        0.5420542452316646,
                        0.0
                    ]
                ]
            },
            "est_params": {
                "mui": [
                    0.015309082950955464,
                    1000.1028774309467,
                    -887.2094665142226,
                    -249.2983626440145,
                    -718.6909823634688,
                    -1545.1151669110636
                ],
                "Si": [
                    [
                        1.1504888146455072,
                        0.07496769048622615,
                        0.6045059150831756,
                        0.18302260945826368,
                        0.6135512214405598,
                        1.4443483446752992
                    ],
                    [
                        0.07496769048622615,
                        0.9474499855880794,
                        -0.8609306961096729,
                        -0.2077421390575374,
                        -0.6960142046733816,
                        -1.4412408810270672
                    ],
                    [
                        0.6045059150831756,
                        -0.8609306961096729,
                        2.195328419915799,
                        -0.34374716315077564,
                        1.3317635102652978,
                        3.8178555361956654
                    ],
                    [
                        0.18302260945826368,
                        -0.2077421390575374,
                        -0.34374716315077564,
                        1.3800856484857518,
                        -0.467677173689218,
                        -1.434745454457023
                    ],
                    [
                        0.6135512214405598,
                        -0.6960142046733816,
                        1.3317635102652978,
                        -0.467677173689218,
                        2.223238433909678,
                        3.4816958072042747
                    ],
                    [
                        1.4443483446752992,
                        -1.4412408810270672,
                        3.8178555361956654,
                        -1.434745454457023,
                        3.4816958072042747,
                        9.127834509910304
                    ]
                ]
            },
            "est_tgt": [
                1
            ],
            "oracle_est_tgt": [
                1
            ]
        },
        "2": {
            "intv_type": "hard",
            "inode": 2,
            "new_mui": 1000,
            "new_vari": 1.0,
            "noise_type": "gaussian",
            "obs_noise_gamma_shape": null,
            "true_params": {
                "Si": [
                    [
                        1.0,
                        0.0,
                        0.0,
                        0.5925094427846738,
                        0.2995007224762319,
                        0.33890818032047965
                    ],
                    [
                        0.0,
                        1.0,
                        0.0,
                        -0.8155996361898276,
                        -0.4185402901604345,
                        -0.06063424882209423
                    ],
                    [
                        0.0,
                        0.0,
                        1.0,
                        -0.6384787200720722,
                        0.3382898597431992,
                        1.6733076430222065
                    ],
                    [
                        0.5925094427846738,
                        -0.8155996361898276,
                        -0.6384787200720722,
                        2.4239252823268553,
                        -0.22700989120896553,
                        -1.937582181419384
                    ],
                    [
                        0.2995007224762319,
                        -0.4185402901604345,
                        0.3382898597431992,
                        -0.22700989120896553,
                        1.6600442817858796,
                        1.828135595425931
                    ],
                    [
                        0.33890818032047965,
                        -0.06063424882209423,
                        1.6733076430222065,
                        -1.937582181419384,
                        1.828135595425931,
                        5.465530577998025
                    ]
                ],
                "mui": [
                    0.0,
                    0.0,
                    1000.0,
                    -638.4787200720722,
                    338.2898597431992,
                    1673.3076430222065
                ],
                "Ai": [
                    [
                        0.0,
                        0.0,
                        0.0,
                        0.0,
                        0.0,
                        0.0
                    ],
                    [
                        -0.0,
                        0.0,
                        0.0,
                        0.0,
                        0.0,
                        0.0
                    ],
                    [
                        0.0,
                        0.0,
                        0.0,
                        0.0,
                        0.0,
                        0.0
                    ],
                    [
                        0.5925094427846738,
                        -0.8155996361898276,
                        -0.6384787200720722,
                        0.0,
                        0.0,
                        0.0
                    ],
                    [
                        0.6134343431198808,
                        -0.8506754230308239,
                        -0.0,
                        -0.5298373291204015,
                        0.0,
                        0.0
                    ],
                    [
                        0.6696902897163819,
                        -0.5125616979074352,
                        0.9585495972671503,
                        -0.8322698540406281,
                        0.5420542452316646,
                        0.0
                    ]
                ]
            },
            "est_params": {
                "mui": [
                    0.005753811833906244,
                    -0.02398467740391611,
                    1000.0362201880981,
                    -638.4718882621046,
                    338.35076952817013,
                    1673.3887963512796
                ],
                "Si": [
                    [
                        0.96720623514567,
                        -0.09722492709409226,
                        0.04875350598599473,
                        0.6007642182059083,
                        0.2645327436345692,
                        0.4327820910642821
                    ],
                    [
                        -0.09722492709409226,
                        0.9616751506757741,
                        -0.03276721004852749,
                        -0.9125781445358399,
                        -0.36293861849629966,
                        -0.021236063247732306
                    ],
                    [
                        0.04875350598599473,
                        -0.03276721004852749,
                        0.8945006320030697,
                        -0.5577470730806312,
                        0.327149464837566,
                        1.637648110447187
                    ],
                    [
                        0.6007642182059083,
                        -0.9125781445358399,
                        -0.5577470730806312,
                        2.4178922727995844,
                        -0.18718698327728245,
                        -1.84818402510433
                    ],
                    [
                        0.2645327436345692,
                        -0.36293861849629966,
                        0.327149464837566,
                        -0.18718698327728245,
                        1.452540853392632,
                        1.7586048082202685
                    ],
                    [
                        0.4327820910642821,
                        -0.021236063247732306,
                        1.637648110447187,
                        -1.84818402510433,
                        1.7586048082202685,
                        5.873755548534986
                    ]
                ]
            },
            "est_tgt": [
                2
            ],
            "oracle_est_tgt": [
                2,
                3,
                4,
                5
            ]
        },
        "3": {
            "intv_type": "hard",
            "inode": 3,
            "new_mui": 1000,
            "new_vari": 1.0,
            "noise_type": "gaussian",
            "obs_noise_gamma_shape": null,
            "true_params": {
                "Si": [
                    [
                        1.0,
                        0.0,
                        0.5725160747359495,
                        0.0,
                        0.6134343431198808,
                        1.550990032442525
                    ],
                    [
                        0.0,
                        1.0,
                        -0.8871601215707151,
                        0.0,
                        -0.8506754230308239,
                        -1.8240608995186205
                    ],
                    [
                        0.5725160747359495,
                        -0.8871601215707151,
                        2.1148277371364252,
                        0.0,
                        1.105886333944465,
                        3.4647504119650545
                    ],
                    [
                        0.0,
                        0.0,
                        0.0,
                        1.0,
                        -0.5298373291204015,
                        -1.1194704275725484
                    ],
                    [
                        0.6134343431198808,
                        -0.8506754230308239,
                        1.105886333944465,
                        -0.5298373291204015,
                        2.3806779639970315,
                        3.638305795674828
                    ],
                    [
                        1.550990032442525,
                        -1.8240608995186205,
                        3.4647504119650545,
                        -1.1194704275725484,
                        3.638305795674828,
                        9.198622419292894
                    ]
                ],
                "mui": [
                    0.0,
                    0.0,
                    0.0,
                    1000.0,
                    -529.8373291204015,
                    -1119.4704275725485
                ],
                "Ai": [
                    [
                        0.0,
                        0.0,
                        0.0,
                        0.0,
                        0.0,
                        0.0
                    ],
                    [
                        -0.0,
                        0.0,
                        0.0,
                        0.0,
                        0.0,
                        0.0
                    ],
                    [
                        0.5725160747359495,
                        -0.8871601215707151,
                        0.0,
                        0.0,
                        0.0,
                        0.0
                    ],
                    [
                        0.0,
                        0.0,
                        0.0,
                        0.0,
                        0.0,
                        0.0
                    ],
                    [
                        0.6134343431198808,
                        -0.8506754230308239,
                        -0.0,
                        -0.5298373291204015,
                        0.0,
                        0.0
                    ],
                    [
                        0.6696902897163819,
                        -0.5125616979074352,
                        0.9585495972671503,
                        -0.8322698540406281,
                        0.5420542452316646,
                        0.0
                    ]
                ]
            },
            "est_params": {
                "mui": [
                    0.12375550663254406,
                    0.022126099307465612,
                    0.10696713701629655,
                    999.9658066368935,
                    -529.7474344070407,
                    -1119.2887639758383
                ],
                "Si": [
                    [
                        1.0124606133458125,
                        0.12610288326074104,
                        0.39231776156605014,
                        0.01039206171926708,
                        0.35650828495786363,
                        1.2829755085665864
                    ],
                    [
                        0.12610288326074104,
                        0.8992037491222,
                        -0.7344247527307485,
                        -0.00029985234410824036,
                        -0.7247852088358309,
                        -1.4613715383512744
                    ],
                    [
                        0.39231776156605014,
                        -0.7344247527307485,
                        2.1167021398786128,
                        -0.025397162516993373,
                        0.8247959615540835,
                        3.1607538469166943
                    ],
                    [
                        0.01039206171926708,
                        -0.00029985234410824036,
                        -0.025397162516993373,
                        1.0358175511854555,
                        -0.6849753104249404,
                        -1.271557827092871
                    ],
                    [
                        0.35650828495786363,
                        -0.7247852088358309,
                        0.8247959615540835,
                        -0.6849753104249404,
                        2.0996145155264707,
                        3.2478316450684144
                    ],
                    [
                        1.2829755085665864,
                        -1.4613715383512744,
                        3.1607538469166943,
                        -1.271557827092871,
                        3.2478316450684144,
                        8.47252741992692
                    ]
                ]
            },
            "est_tgt": [
                3,
                5
            ],
            "oracle_est_tgt": [
                2,
                3,
                4,
                5
            ]
        },
        "4": {
            "intv_type": "hard",
            "inode": 4,
            "new_mui": 1000,
            "new_vari": 1.0,
            "noise_type": "gaussian",
            "obs_noise_gamma_shape": null,
            "true_params": {
                "Si": [
                    [
                        1.0,
                        0.0,
                        0.5725160747359495,
                        0.22697011216657792,
                        0.0,
                        1.0295749604590332
                    ],
                    [
                        0.0,
                        1.0,
                        -0.8871601215707151,
                        -0.2491667772703734,
                        0.0,
                        -1.155574677799933
                    ],
                    [
                        0.5725160747359495,
                        -0.8871601215707151,
                        2.1148277371364252,
                        -0.2874838539575171,
                        0.0,
                        3.1045641750790356
                    ],
                    [
                        0.22697011216657792,
                        -0.2491667772703734,
                        -0.2874838539575171,
                        1.5212545906970845,
                        0.0,
                        -1.2619488419962626
                    ],
                    [
                        0.0,
                        0.0,
                        0.0,
                        0.0,
                        1.0,
                        0.5420542452316646
                    ],
                    [
                        1.0295749604590332,
                        -1.155574677799933,
                        3.1045641750790356,
                        -1.2619488419962626,
                        0.5420542452316646,
                        6.601783195487185
                    ]
                ],
                "mui": [
                    0.0,
                    0.0,
                    0.0,
                    0.0,
                    1000.0,
                    542.0542452316646
                ],
                "Ai": [
                    [
                        0.0,
                        0.0,
                        0.0,
                        0.0,
                        0.0,
                        0.0
                    ],
                    [
                        -0.0,
                        0.0,
                        0.0,
                        0.0,
                        0.0,
                        0.0
                    ],
                    [
                        0.5725160747359495,
                        -0.8871601215707151,
                        0.0,
                        0.0,
                        0.0,
                        0.0
                    ],
                    [
                        0.5925094427846738,
                        -0.8155996361898276,
                        -0.6384787200720722,
                        0.0,
                        0.0,
                        0.0
                    ],
                    [
                        0.0,
                        0.0,
                        0.0,
                        0.0,
                        0.0,
                        0.0
                    ],
                    [
                        0.6696902897163819,
                        -0.5125616979074352,
                        0.9585495972671503,
                        -0.8322698540406281,
                        0.5420542452316646,
                        0.0
                    ]
                ]
            },
            "est_params": {
                "mui": [
                    -0.07055870464510862,
                    -0.020482992384194813,
                    0.06634877581560886,
                    -0.07935759851600589,
                    999.9725587749925,
                    542.0868592755663
                ],
                "Si": [
                    [
                        0.9848291326407718,
                        0.009948767021807756,
                        0.5828632922392342,
                        0.16322147000432524,
                        0.012817599332314012,
                        1.0463836024251365
                    ],
                    [
                        0.009948767021807756,
                        0.9497499346116272,
                        -0.8706293395367304,
                        -0.22023469721216626,
                        0.013401981476352454,
                        -1.1978069920657461
                    ],
                    [
                        0.5828632922392342,
                        -0.8706293395367304,
                        2.085201292543711,
                        -0.34570855741867895,
                        0.07728970380109489,
                        3.231294518925128
                    ],
                    [
                        0.16322147000432524,
                        -0.22023469721216626,
                        -0.34570855741867895,
                        1.581109672981517,
                        -0.08838446594994483,
                        -1.4197337676826913
                    ],
                    [
                        0.012817599332314012,
                        0.013401981476352454,
                        0.07728970380109489,
                        -0.08838446594994483,
                        1.0729531842686375,
                        0.6589556545590217
                    ],
                    [
                        1.0463836024251365,
                        -1.1978069920657461,
                        3.231294518925128,
                        -1.4197337676826913,
                        0.6589556545590217,
                        6.854705343847401
                    ]
                ]
            },
            "est_tgt": [
                3,
                4,
                5
            ],
            "oracle_est_tgt": [
                4,
                5
            ]
        },
        "5": {
            "intv_type": "hard",
            "inode": 5,
            "new_mui": 1000,
            "new_vari": 1.0,
            "noise_type": "gaussian",
            "obs_noise_gamma_shape": null,
            "true_params": {
                "Si": [
                    [
                        1.0,
                        0.0,
                        0.5725160747359495,
                        0.22697011216657792,
                        0.4931771050993832,
                        0.0
                    ],
                    [
                        0.0,
                        1.0,
                        -0.8871601215707151,
                        -0.2491667772703734,
                        -0.7186575632563513,
                        0.0
                    ],
                    [
                        0.5725160747359495,
                        -0.8871601215707151,
                        2.1148277371364252,
                        -0.2874838539575171,
                        1.2582060112905553,
                        0.0
                    ],
                    [
                        0.22697011216657792,
                        -0.2491667772703734,
                        -0.2874838539575171,
                        1.5212545906970845,
                        -0.45482615392264036,
                        0.0
                    ],
                    [
                        0.4931771050993832,
                        -0.7186575632563513,
                        1.2582060112905553,
                        -0.45482615392264036,
                        2.1548599747542787,
                        0.0
                    ],
                    [
                        0.0,
                        0.0,
                        0.0,
                        0.0,
                        0.0,
                        1.0
                    ]
                ],
                "mui": [
                    0.0,
                    0.0,
                    0.0,
                    0.0,
                    0.0,
                    1000.0
                ],
                "Ai": [
                    [
                        0.0,
                        0.0,
                        0.0,
                        0.0,
                        0.0,
                        0.0
                    ],
                    [
                        -0.0,
                        0.0,
                        0.0,
                        0.0,
                        0.0,
                        0.0
                    ],
                    [
                        0.5725160747359495,
                        -0.8871601215707151,
                        0.0,
                        0.0,
                        0.0,
                        0.0
                    ],
                    [
                        0.5925094427846738,
                        -0.8155996361898276,
                        -0.6384787200720722,
                        0.0,
                        0.0,
                        0.0
                    ],
                    [
                        0.6134343431198808,
                        -0.8506754230308239,
                        -0.0,
                        -0.5298373291204015,
                        0.0,
                        0.0
                    ],
                    [
                        0.0,
                        0.0,
                        0.0,
                        0.0,
                        0.0,
                        0.0
                    ]
                ]
            },
            "est_params": {
                "mui": [
                    -0.07346532485469223,
                    0.09746818858173725,
                    -0.24736201993669024,
                    0.038391766073763815,
                    -0.17621411568017306,
                    999.9526663789078
                ],
                "Si": [
                    [
                        0.997949294840154,
                        0.02176007609103376,
                        0.5696055424640719,
                        0.20583247279509775,
                        0.4797664274377951,
                        0.048643078138023176
                    ],
                    [
                        0.02176007609103376,
                        0.9959671100022035,
                        -0.7741805279094237,
                        -0.3879678729354688,
                        -0.631522890030118,
                        -0.021358626270776532
                    ],
                    [
                        0.5696055424640719,
                        -0.7741805279094237,
                        2.0721870379647918,
                        -0.30935630434824823,
                        1.1739137703512452,
                        0.09463692029060142
                    ],
                    [
                        0.20583247279509775,
                        -0.3879678729354688,
                        -0.30935630434824823,
                        1.734212804203671,
                        -0.520964042005037,
                        0.09582358495803843
                    ],
                    [
                        0.4797664274377951,
                        -0.631522890030118,
                        1.1739137703512452,
                        -0.520964042005037,
                        2.0535284968233283,
                        -0.07537871510475405
                    ],
                    [
                        0.048643078138023176,
                        -0.021358626270776532,
                        0.09463692029060142,
                        0.09582358495803843,
                        -0.07537871510475405,
                        1.0110010371280884
                    ]
                ]
            },
            "est_tgt": [
                3,
                4,
                5
            ],
            "oracle_est_tgt": [
                2,
                4,
                5
            ]
        },
        "obs": {
            "intv_type": "obs",
            "noise_type": "gaussian",
            "obs_noise_gamma_shape": null,
            "true_params": {
                "Si": [
                    [
                        1.0,
                        0.0,
                        0.5725160747359495,
                        0.22697011216657792,
                        0.4931771050993832,
                        1.2969037039292166
                    ],
                    [
                        0.0,
                        1.0,
                        -0.8871601215707151,
                        -0.2491667772703734,
                        -0.7186575632563513,
                        -1.5451260608308817
                    ],
                    [
                        0.5725160747359495,
                        -0.8871601215707151,
                        2.1148277371364252,
                        -0.2874838539575171,
                        1.2582060112905553,
                        3.7865800848750806
                    ],
                    [
                        0.22697011216657792,
                        -0.2491667772703734,
                        -0.2874838539575171,
                        1.5212545906970845,
                        -0.45482615392264036,
                        -1.5084892895724202
                    ],
                    [
                        0.4931771050993832,
                        -0.7186575632563513,
                        1.2582060112905553,
                        -0.45482615392264036,
                        2.1548599747542787,
                        3.451274218568268
                    ],
                    [
                        1.2969037039292166,
                        -1.5451260608308817,
                        3.7865800848750806,
                        -1.5084892895724202,
                        3.451274218568268,
