{
    "expt_args": {
        "save_dir": "all_expt_logs/expt_logs_sim_compsel_backward_cameraready_new_mean_largerange_re",
        "exp_name": "184",
        "num_nodes": 6,
        "num_tgt_prior": 7,
        "obs_noise_mean": 0.0,
        "obs_noise_var": 1.0,
        "obs_noise_gamma_shape": null,
        "noise_type": "gaussian",
        "max_edge_strength": 1.0,
        "graph_sparsity_method": "adj_dense_prop",
        "adj_dense_prop": 0.8,
        "num_parents": null,
        "new_noise_mean": 1.0,
        "mix_samples": 262144,
        "stage2_samples": 262144,
        "gmm_tol": 0.001,
        "intv_type": "hard",
        "new_noise_var": 1.0,
        "dtype": "simulation",
        "cutoff_drop_ratio": 0.07,
        "intv_targets": [
            0,
            1,
            2,
            3,
            4,
            5
        ]
    },
    "intv_args_dict": {
        "0": {
            "intv_type": "hard",
            "inode": 0,
            "new_mui": 1.0,
            "new_vari": 1.0,
            "noise_type": "gaussian",
            "obs_noise_gamma_shape": null,
            "true_params": {
                "Si": [
                    [
                        1.0,
                        0.0,
                        0.5410351882524372,
                        -0.2993400655906532,
                        0.2452297857974767,
                        -1.069545547900426
                    ],
                    [
                        0.0,
                        1.0,
                        0.0,
                        0.9166219562177083,
                        0.31177864202682937,
                        0.11830822835078655
                    ],
                    [
                        0.5410351882524372,
                        0.0,
                        1.2927190749273503,
                        0.7381427029378704,
                        2.0079181493393263,
                        -0.28769546553507486
                    ],
                    [
                        -0.2993400655906532,
                        0.9166219562177083,
                        0.7381427029378704,
                        2.739973475762053,
                        2.8786751428138793,
                        1.0545243404473719
                    ],
                    [
                        0.2452297857974767,
                        0.31177864202682937,
                        2.0079181493393263,
                        2.8786751428138793,
                        5.631140829813586,
                        0.039949583378862785
                    ],
                    [
                        -1.069545547900426,
                        0.11830822835078655,
                        -0.28769546553507486,
                        1.0545243404473719,
                        0.039949583378862785,
                        2.780164289435126
                    ]
                ],
                "mui": [
                    1.0,
                    0.0,
                    0.5410351882524372,
                    -0.2993400655906532,
                    0.2452297857974767,
                    -1.069545547900426
                ],
                "Ai": [
                    [
                        0.0,
                        0.0,
                        0.0,
                        0.0,
                        0.0,
                        0.0
                    ],
                    [
                        -0.0,
                        0.0,
                        0.0,
                        0.0,
                        0.0,
                        0.0
                    ],
                    [
                        0.5410351882524372,
                        0.0,
                        0.0,
                        0.0,
                        0.0,
                        0.0
                    ],
                    [
                        -0.786323788920195,
                        0.9166219562177083,
                        0.9000962116762063,
                        0.0,
                        0.0,
                        0.0
                    ],
                    [
                        -0.0,
                        -0.5850465612257403,
                        0.9945838323514005,
                        0.9784024888004792,
                        0.0,
                        0.0
                    ],
                    [
                        -0.9407271130613182,
                        -0.5877158784602585,
                        0.5963083409505927,
                        0.9867258246974837,
                        -0.6364465749921974,
                        0.0
                    ]
                ]
            },
            "oracle_est_tgt": [
                0
            ]
        },
        "1": {
            "intv_type": "hard",
            "inode": 1,
            "new_mui": 1.0,
            "new_vari": 1.0,
            "noise_type": "gaussian",
            "obs_noise_gamma_shape": null,
            "true_params": {
                "Si": [
                    [
                        1.0,
                        0.0,
                        0.5410351882524372,
                        -0.2993400655906532,
                        0.2452297857974767,
                        -1.069545547900426
                    ],
                    [
                        0.0,
                        1.0,
                        0.0,
                        0.9166219562177083,
                        0.31177864202682937,
                        0.11830822835078655
                    ],
                    [
                        0.5410351882524372,
                        0.0,
                        1.2927190749273503,
                        0.7381427029378704,
                        2.0079181493393263,
                        -0.28769546553507486
                    ],
                    [
                        -0.2993400655906532,
                        0.9166219562177083,
                        0.7381427029378704,
                        2.739973475762053,
                        2.8786751428138793,
                        1.0545243404473719
                    ],
                    [
                        0.2452297857974767,
                        0.31177864202682937,
                        2.0079181493393263,
                        2.8786751428138793,
                        5.631140829813586,
                        0.039949583378862785
                    ],
                    [
                        -1.069545547900426,
                        0.11830822835078655,
                        -0.28769546553507486,
                        1.0545243404473719,
                        0.039949583378862785,
                        2.780164289435126
                    ]
                ],
                "mui": [
                    0.0,
                    1.0,
                    0.0,
                    0.9166219562177083,
                    0.31177864202682937,
                    0.11830822835078655
                ],
                "Ai": [
                    [
                        0.0,
                        0.0,
                        0.0,
                        0.0,
                        0.0,
                        0.0
                    ],
                    [
                        0.0,
                        0.0,
                        0.0,
                        0.0,
                        0.0,
                        0.0
                    ],
                    [
                        0.5410351882524372,
                        0.0,
                        0.0,
                        0.0,
                        0.0,
                        0.0
                    ],
                    [
                        -0.786323788920195,
                        0.9166219562177083,
                        0.9000962116762063,
                        0.0,
                        0.0,
                        0.0
                    ],
                    [
                        -0.0,
                        -0.5850465612257403,
                        0.9945838323514005,
                        0.9784024888004792,
                        0.0,
                        0.0
                    ],
                    [
                        -0.9407271130613182,
                        -0.5877158784602585,
                        0.5963083409505927,
                        0.9867258246974837,
                        -0.6364465749921974,
                        0.0
                    ]
                ]
            },
            "oracle_est_tgt": [
                1
            ]
        },
        "2": {
            "intv_type": "hard",
            "inode": 2,
            "new_mui": 1.0,
            "new_vari": 1.0,
            "noise_type": "gaussian",
            "obs_noise_gamma_shape": null,
            "true_params": {
                "Si": [
                    [
                        1.0,
                        0.0,
                        0.0,
                        -0.786323788920195,
                        -0.7693411520825415,
                        -1.2269685609193628
                    ],
                    [
                        0.0,
                        1.0,
                        0.0,
                        0.9166219562177083,
                        0.31177864202682937,
                        0.11830822835078655
                    ],
                    [
                        0.0,
                        0.0,
                        1.0,
                        0.9000962116762063,
                        1.8752402060152837,
                        0.2909663113177883
                    ],
                    [
                        -0.786323788920195,
                        0.9166219562177083,
                        0.9000962116762063,
                        3.268674101916048,
                        3.55703349265705,
                        1.6991610736947398
                    ],
                    [
                        -0.7693411520825415,
                        0.31177864202682937,
                        1.8752402060152837,
                        3.55703349265705,
                        6.162888990259002,
                        1.24619141521789
                    ],
                    [
                        -1.2269685609193628,
                        0.11830822835078655,
                        0.2909663113177883,
                        1.6991610736947398,
                        1.24619141521789,
                        3.1416884598860357
                    ]
                ],
                "mui": [
                    0.0,
                    0.0,
                    1.0,
                    0.9000962116762063,
                    1.8752402060152837,
                    0.2909663113177883
                ],
                "Ai": [
                    [
                        0.0,
                        0.0,
                        0.0,
                        0.0,
                        0.0,
                        0.0
                    ],
                    [
                        -0.0,
                        0.0,
                        0.0,
                        0.0,
                        0.0,
                        0.0
                    ],
                    [
                        0.0,
                        0.0,
                        0.0,
                        0.0,
                        0.0,
                        0.0
                    ],
                    [
                        -0.786323788920195,
                        0.9166219562177083,
                        0.9000962116762063,
                        0.0,
                        0.0,
                        0.0
                    ],
                    [
                        -0.0,
                        -0.5850465612257403,
                        0.9945838323514005,
                        0.9784024888004792,
                        0.0,
                        0.0
                    ],
                    [
                        -0.9407271130613182,
                        -0.5877158784602585,
                        0.5963083409505927,
                        0.9867258246974837,
                        -0.6364465749921974,
                        0.0
                    ]
                ]
            },
            "oracle_est_tgt": [
                2
            ]
        },
        "3": {
            "intv_type": "hard",
            "inode": 3,
            "new_mui": 1.0,
            "new_vari": 1.0,
            "noise_type": "gaussian",
            "obs_noise_gamma_shape": null,
            "true_params": {
                "Si": [
                    [
                        1.0,
                        0.0,
                        0.5410351882524372,
                        0.0,
                        0.5381048509690705,
                        -0.9605783069445674
                    ],
                    [
                        0.0,
                        1.0,
                        0.0,
                        0.0,
                        -0.5850465612257403,
                        -0.2153649983571732
                    ],
                    [
                        0.5410351882524372,
                        0.0,
                        1.2927190749273503,
                        0.0,
                        1.2857174916950012,
                        -0.5563977978210314
                    ],
                    [
                        0.0,
                        0.0,
                        0.0,
                        1.0,
                        0.9784024888004792,
                        0.36402491173657703
                    ],
                    [
                        0.5381048509690705,
                        -0.5850465612257403,
                        1.2857174916950012,
                        0.9784024888004792,
                        3.5783047391042797,
                        -0.7076693977352253
                    ],
                    [
                        -0.9605783069445674,
                        -0.2153649983571732,
                        -0.5563977978210314,
                        0.36402491173657703,
                        -0.7076693977352253,
                        2.5080173846922253
                    ]
                ],
                "mui": [
                    0.0,
                    0.0,
                    0.0,
                    1.0,
                    0.9784024888004792,
                    0.36402491173657703
                ],
                "Ai": [
                    [
                        0.0,
                        0.0,
                        0.0,
                        0.0,
                        0.0,
                        0.0
                    ],
                    [
                        -0.0,
                        0.0,
                        0.0,
                        0.0,
                        0.0,
                        0.0
                    ],
                    [
                        0.5410351882524372,
                        0.0,
                        0.0,
                        0.0,
                        0.0,
                        0.0
                    ],
                    [
                        0.0,
                        0.0,
                        0.0,
                        0.0,
                        0.0,
                        0.0
                    ],
                    [
                        -0.0,
                        -0.5850465612257403,
                        0.9945838323514005,
                        0.9784024888004792,
                        0.0,
                        0.0
                    ],
                    [
                        -0.9407271130613182,
                        -0.5877158784602585,
                        0.5963083409505927,
                        0.9867258246974837,
                        -0.6364465749921974,
                        0.0
                    ]
                ]
            },
            "oracle_est_tgt": [
                3
            ]
        },
        "4": {
            "intv_type": "hard",
            "inode": 4,
            "new_mui": 1.0,
            "new_vari": 1.0,
            "noise_type": "gaussian",
            "obs_noise_gamma_shape": null,
            "true_params": {
                "Si": [
                    [
                        1.0,
                        0.0,
                        0.5410351882524372,
                        -0.2993400655906532,
                        0.0,
                        -0.9134698906435518
                    ],
                    [
                        0.0,
                        1.0,
                        0.0,
                        0.9166219562177083,
                        0.0,
                        0.31673867722448046
                    ],
                    [
                        0.5410351882524372,
                        0.0,
                        1.2927190749273503,
                        0.7381427029378704,
                        0.0,
                        0.990237163476611
                    ],
                    [
                        -0.2993400655906532,
                        0.9166219562177083,
                        0.7381427029378704,
                        2.739973475762053,
                        0.0,
                        2.88664727560644
                    ],
                    [
                        0.0,
                        0.0,
                        0.0,
                        0.0,
                        1.0,
                        -0.6364465749921974
                    ],
                    [
                        -0.9134698906435518,
                        0.31673867722448046,
                        0.990237163476611,
                        2.88664727560644,
                        -0.6364465749921974,
                        5.517053879719386
                    ]
                ],
                "mui": [
                    0.0,
                    0.0,
                    0.0,
                    0.0,
                    1.0,
                    -0.6364465749921974
                ],
                "Ai": [
                    [
                        0.0,
                        0.0,
                        0.0,
                        0.0,
                        0.0,
                        0.0
                    ],
                    [
                        -0.0,
                        0.0,
                        0.0,
                        0.0,
                        0.0,
                        0.0
                    ],
                    [
                        0.5410351882524372,
                        0.0,
                        0.0,
                        0.0,
                        0.0,
                        0.0
                    ],
                    [
                        -0.786323788920195,
                        0.9166219562177083,
                        0.9000962116762063,
                        0.0,
                        0.0,
                        0.0
                    ],
                    [
                        0.0,
                        0.0,
                        0.0,
                        0.0,
                        0.0,
                        0.0
                    ],
                    [
                        -0.9407271130613182,
                        -0.5877158784602585,
                        0.5963083409505927,
                        0.9867258246974837,
                        -0.6364465749921974,
                        0.0
                    ]
                ]
            },
            "oracle_est_tgt": [
                4
            ]
        },
        "5": {
            "intv_type": "hard",
            "inode": 5,
            "new_mui": 1.0,
            "new_vari": 1.0,
            "noise_type": "gaussian",
            "obs_noise_gamma_shape": null,
            "true_params": {
                "Si": [
                    [
                        1.0,
                        0.0,
                        0.5410351882524372,
                        -0.2993400655906532,
                        0.2452297857974767,
                        0.0
                    ],
                    [
                        0.0,
                        1.0,
                        0.0,
                        0.9166219562177083,
                        0.31177864202682937,
                        0.0
                    ],
                    [
                        0.5410351882524372,
                        0.0,
                        1.2927190749273503,
                        0.7381427029378704,
                        2.0079181493393263,
                        0.0
                    ],
                    [
                        -0.2993400655906532,
                        0.9166219562177083,
                        0.7381427029378704,
                        2.739973475762053,
                        2.8786751428138793,
                        0.0
                    ],
                    [
                        0.2452297857974767,
                        0.31177864202682937,
                        2.0079181493393263,
                        2.8786751428138793,
                        5.631140829813586,
                        0.0
                    ],
                    [
                        0.0,
                        0.0,
                        0.0,
                        0.0,
                        0.0,
                        1.0
                    ]
                ],
                "mui": [
                    0.0,
                    0.0,
                    0.0,
                    0.0,
                    0.0,
                    1.0
                ],
                "Ai": [
                    [
                        0.0,
                        0.0,
                        0.0,
                        0.0,
                        0.0,
                        0.0
                    ],
                    [
                        -0.0,
                        0.0,
                        0.0,
                        0.0,
                        0.0,
                        0.0
                    ],
                    [
                        0.5410351882524372,
                        0.0,
                        0.0,
                        0.0,
                        0.0,
                        0.0
                    ],
                    [
                        -0.786323788920195,
                        0.9166219562177083,
                        0.9000962116762063,
                        0.0,
                        0.0,
                        0.0
                    ],
                    [
                        -0.0,
                        -0.5850465612257403,
                        0.9945838323514005,
                        0.9784024888004792,
                        0.0,
                        0.0
                    ],
                    [
                        0.0,
                        0.0,
                        0.0,
                        0.0,
                        0.0,
                        0.0
                    ]
                ]
            },
            "oracle_est_tgt": [
                5
            ]
        },
        "obs": {
            "intv_type": "obs",
            "noise_type": "gaussian",
            "obs_noise_gamma_shape": null,
            "true_params": {
                "Si": [
                    [
                        1.0,
                        0.0,
                        0.5410351882524372,
                        -0.2993400655906532,
                        0.2452297857974767,
                        -1.069545547900426
                    ],
                    [
                        0.0,
                        1.0,
                        0.0,
                        0.9166219562177083,
                        0.31177864202682937,
                        0.11830822835078655
                    ],
                    [
                        0.5410351882524372,
                        0.0,
                        1.2927190749273503,
                        0.7381427029378704,
                        2.0079181493393263,
                        -0.28769546553507486
                    ],
                    [
                        -0.2993400655906532,
                        0.9166219562177083,
                        0.7381427029378704,
                        2.739973475762053,
                        2.8786751428138793,
                        1.0545243404473719
                    ],
                    [
                        0.2452297857974767,
                        0.31177864202682937,
                        2.0079181493393263,
                        2.8786751428138793,
                        5.631140829813586,
                        0.039949583378862785
                    ],
                    [
                        -1.069545547900426,
                        0.11830822835078655,
                        -0.28769546553507486,
                        1.0545243404473719,
                        0.039949583378862785,
                        2.780164289435126
                    ]
                ],
                "mui": [
                    0.0,
                    0.0,
                    0.0,
                    0.0,
                    0.0,
                    0.0
                ],
                "Ai": [
                    [
                        0.0,
                        0.0,
                        0.0,
                        0.0,
                        0.0,
                        0.0
                    ],
                    [
                        -0.0,
                        0.0,
                        0.0,
                        0.0,
                        0.0,
                        0.0
                    ],
                    [
                        0.5410351882524372,
                        0.0,
                        0.0,
                        0.0,
                        0.0,
                        0.0
                    ],
                    [
                        -0.786323788920195,
                        0.9166219562177083,
                        0.9000962116762063,
                        0.0,
                        0.0,
                        0.0
                    ],
                    [
                        -0.0,
                        -0.5850465612257403,
                        0.9945838323514005,
                        0.9784024888004792,
                        0.0,
                        0.0
                    ],
                    [
                        -0.9407271130613182,
                        -0.5877158784602585,
                        0.5963083409505927,
                        0.9867258246974837,
                        -0.6364465749921974,
                        0.0
                    ]
                ]
            },
            "est_params": {
                "mui": [
                    0.1450544046136245,
                    0.14306149403919124,
                    0.2222385637603913,
                    0.35764797297117773,
                    0.6263476065532814,
                    0.006161707434120192
                ],
                "Si": [
                    [
                        1.1258336341585344,
                        -0.02095191363103017,
                        0.5121004113222472,
                        -0.4181188757170478,
                        0.055548380629514275,
                        -1.0588054504791429
                    ],
                    [
                        -0.02095191363103017,
                        1.1218018792108826,
                        -0.029129045069003455,
                        0.8675559466644301,
                        0.09525715735032497,
                        0.10177409392610356
                    ],
                    [
                        0.5121004113222472,
                        -0.029129045069003455,
                        1.3869937723773085,
                        0.6860082821059817,
                        1.7499729824445265,
                        -0.06450905487107077
                    ],
                    [
                        -0.4181188757170478,
                        0.8675559466644301,
                        0.6860082821059817,
                        2.830664730524593,
                        2.4786369789617098,
                        1.3077173954800188
                    ],
                    [
                        0.055548380629514275,
                        0.09525715735032497,
                        1.7499729824445265,
                        2.4786369789617098,
                        5.168924843321907,
                        -0.0037604819129746733
                    ],
                    [
                        -1.0588054504791429,
                        0.10177409392610356,
                        -0.06450905487107077,
                        1.3077173954800188,
                        -0.0037604819129746733,
                        3.3328341720124386
                    ]
                ]
            },
            "est_tgt": [
                0,
                1,
                2,
                3,
                4,
                5
            ],
            "oracle_est_tgt": [
                0,
                1,
                2,
                3,
                4,
                5
            ]
        }
    },
    "metric_dict": {
        "param_est_rel_err": 6.7690890031580455,
        "est_num_comp": 1,
        "weight_precision_error": 0.0,
        "gm_score_dict": {
            "1": -9.251704474919762,
            "2": -9.152571739964593,
            "3": -9.104468077650537,
            "4": -9.079425847921256,
            "5": -9.069577233424289,
            "6": -9.06260279195559,
            "7": -9.065958987573051
        },
        "est_dag": {
            "amat": [
                [
                    0,
                    0,
                    0,
                    1,
                    0,
                    1
                ],
                [
                    0,
                    0,
                    0,
                    1,
                    1,
                    1
                ],
                [
                    1,
                    0,
                    0,
                    1,
                    1,
                    1
                ],
                [
                    0,
                    0,
                    0,
                    0,
                    1,
                    1
                ],
                [
                    0,
                    0,
                    0,
                    0,
                    0,
                    1
                ],
                [
                    0,
                    0,
                    0,
                    0,
                    0,
                    0
                ]
            ],
            "nodes": [
                0,
                1,
                2,
                3,
                4,
                5
            ]
        },
        "oracle_est_dag": {
            "amat": [
                [
                    0,
                    0,
                    1,
                    1,
                    0,
                    1
                ],
                [
                    0,
                    0,
                    0,
                    1,
                    1,
                    1
                ],
                [
                    0,
                    0,
                    0,
                    1,
                    1,
                    1
                ],
                [
                    0,
                    0,
                    0,
                    0,
                    1,
                    1
                ],
                [
                    0,
                    0,
                    0,
                    0,
                    0,
                    1
                ],
                [
                    0,
                    0,
                    0,
                    0,
                    0,
                    0
                ]
            ],
            "nodes": [
                0,
                1,
                2,
                3,
                4,
                5
            ]
        },
        "igsp_dag": null,
        "intv_base_est_dag": null,
        "act_dag": {
            "amat": [
                [
                    0,
                    0,
                    1,
                    1,
                    0,
                    1
                ],
                [
                    0,
                    0,
                    0,
                    1,
                    1,
                    1
                ],
                [
                    0,
                    0,
                    0,
                    1,
                    1,
                    1
                ],
                [
                    0,
                    0,
                    0,
                    0,
                    1,
                    1
                ],
                [
                    0,
                    0,
                    0,
                    0,
                    0,
                    1
                ],
                [
                    0,
                    0,
                    0,
                    0,
                    0,
                    0
                ]
            ],
            "nodes": [
                0,
                1,
                2,
                3,
                4,
                5
            ]
        },
        "shd": 1,
        "oracle_shd": 0,
        "intv_base_shd": null,
        "igsp_shd": null,
        "avg_js": 0.0,
        "avg_oracle_js": 0.8571428571428571
    }
}