{
    "expt_args": {
        "save_dir": "all_expt_logs/expt_logs_sim_compsel_backward_cameraready_new_mean_largerange_re",
        "exp_name": "304",
        "num_nodes": 6,
        "num_tgt_prior": 7,
        "obs_noise_mean": 0.0,
        "obs_noise_var": 1.0,
        "obs_noise_gamma_shape": null,
        "noise_type": "gaussian",
        "max_edge_strength": 1.0,
        "graph_sparsity_method": "adj_dense_prop",
        "adj_dense_prop": 0.8,
        "num_parents": null,
        "new_noise_mean": 1000,
        "mix_samples": 131072,
        "stage2_samples": 131072,
        "gmm_tol": 0.001,
        "intv_type": "hard",
        "new_noise_var": 1.0,
        "dtype": "simulation",
        "cutoff_drop_ratio": 0.07,
        "intv_targets": [
            0,
            1,
            2,
            3,
            4,
            5
        ]
    },
    "intv_args_dict": {
        "0": {
            "intv_type": "hard",
            "inode": 0,
            "new_mui": 1000,
            "new_vari": 1.0,
            "noise_type": "gaussian",
            "obs_noise_gamma_shape": null,
            "true_params": {
                "Si": [
                    [
                        1.0,
                        -0.6159642044376096,
                        0.3014659654630724,
                        0.7359377881991811,
                        0.966683245443724,
                        0.38033679848326174
                    ],
                    [
                        -0.6159642044376096,
                        1.3794119011484574,
                        0.566246776199386,
                        0.9794514962033603,
                        2.075135376563849,
                        -1.5469245854987674
                    ],
                    [
                        0.3014659654630724,
                        0.566246776199386,
                        1.656294017801588,
                        2.2859833168437405,
                        3.908651160371974,
                        -1.246273509283459
                    ],
                    [
                        0.7359377881991811,
                        0.9794514962033603,
                        2.2859833168437405,
                        4.56813439947019,
                        7.0064723255571915,
                        -2.591876194443447
                    ],
                    [
                        0.966683245443724,
                        2.075135376563849,
                        3.908651160371974,
                        7.0064723255571915,
                        12.43173321288031,
                        -4.9937525072268505
                    ],
                    [
                        0.38033679848326174,
                        -1.5469245854987674,
                        -1.246273509283459,
                        -2.591876194443447,
                        -4.9937525072268505,
                        3.8932595041812665
                    ]
                ],
                "mui": [
                    1000.0,
                    -615.9642044376096,
                    301.4659654630724,
                    735.9377881991811,
                    966.683245443724,
                    380.33679848326176
                ],
                "Ai": [
                    [
                        0.0,
                        0.0,
                        0.0,
                        0.0,
                        0.0,
                        0.0
                    ],
                    [
                        -0.6159642044376096,
                        0.0,
                        0.0,
                        0.0,
                        0.0,
                        0.0
                    ],
                    [
                        0.7646334855679878,
                        0.7519390197808633,
                        0.0,
                        0.0,
                        0.0,
                        0.0
                    ],
                    [
                        0.8639488470029053,
                        0.6907698263304892,
                        0.9867728427137505,
                        0.0,
                        0.0,
                        0.0
                    ],
                    [
                        0.6202122176033589,
                        0.8521093963561485,
                        0.7398538010558122,
                        0.8809157298611439,
                        0.0,
                        0.0
                    ],
                    [
                        0.8331567957077517,
                        -0.0,
                        0.76247343878738,
                        -0.0,
                        -0.7062083591560695,
                        0.0
                    ]
                ]
            },
            "est_params": {
                "mui": [
                    999.9952466895356,
                    -615.9685268295059,
                    301.4625757397309,
                    735.9253852769301,
                    966.6592985345753,
                    380.3392907936082
                ],
                "Si": [
                    [
                        1.0048312255136118,
                        -0.6136315939430235,
                        0.3080394116913947,
                        0.743671006686164,
                        0.9870734620540531,
                        0.3713147668916958
                    ],
                    [
                        -0.6136315939430235,
                        1.3706869911721336,
                        0.5545559105402618,
                        0.9622481223673502,
                        2.054683003575457,
                        -1.543769951595272
                    ],
                    [
                        0.3080394116913947,
                        0.5545559105402618,
                        1.6468766611845294,
                        2.2694237104884794,
                        3.906190944061642,
                        -1.2526979873658526
                    ],
                    [
                        0.743671006686164,
                        0.9622481223673502,
                        2.2694237104884794,
                        4.540509589460689,
                        6.976424409945778,
                        -2.5964103714257836
                    ],
                    [
                        0.9870734620540531,
                        2.054683003575457,
                        3.906190944061642,
                        6.976424409945778,
                        12.459451461616062,
                        -5.018110874785732
                    ],
                    [
                        0.3713147668916958,
                        -1.543769951595272,
                        -1.2526979873658526,
                        -2.5964103714257836,
                        -5.018110874785732,
                        3.895977565897119
                    ]
                ]
            },
            "est_tgt": [
                0
            ],
            "oracle_est_tgt": [
                0
            ]
        },
        "1": {
            "intv_type": "hard",
            "inode": 1,
            "new_mui": 1000,
            "new_vari": 1.0,
            "noise_type": "gaussian",
            "obs_noise_gamma_shape": null,
            "true_params": {
                "Si": [
                    [
                        1.0,
                        0.0,
                        0.7646334855679878,
                        1.6184684051909524,
                        2.6116634847313787,
                        -0.42820906535921366
                    ],
                    [
                        0.0,
                        1.0,
                        0.7519390197808633,
                        1.4327628304270428,
                        2.6705776527867586,
                        -1.3126507320026777
                    ],
                    [
                        0.7646334855679878,
                        0.7519390197808633,
                        2.150076656720856,
                        3.3016582589463366,
                        5.614194415948097,
                        -1.6883550996367753
                    ],
                    [
                        1.6184684051909524,
                        1.4327628304270428,
                        3.3016582589463366,
                        6.645969949972032,
                        10.521948431044772,
                        -3.5648232597902116
                    ],
                    [
                        2.6116634847313787,
                        2.6705776527867586,
                        5.614194415948097,
                        10.521948431044772,
                        18.318042873337948,
                        -6.4797556977759365
                    ],
                    [
                        -0.42820906535921366,
                        -1.3126507320026777,
                        -1.6883550996367753,
                        -3.5648232597902116,
                        -6.4797556977759365,
                        3.931966427556581
                    ]
                ],
                "mui": [
                    0.0,
                    1000.0,
                    751.9390197808633,
                    1432.7628304270427,
                    2670.577652786759,
                    -1312.6507320026776
                ],
                "Ai": [
                    [
                        0.0,
                        0.0,
                        0.0,
                        0.0,
                        0.0,
                        0.0
                    ],
                    [
                        0.0,
                        0.0,
                        0.0,
                        0.0,
                        0.0,
                        0.0
                    ],
                    [
                        0.7646334855679878,
                        0.7519390197808633,
                        0.0,
                        0.0,
                        0.0,
                        0.0
                    ],
                    [
                        0.8639488470029053,
                        0.6907698263304892,
                        0.9867728427137505,
                        0.0,
                        0.0,
                        0.0
                    ],
                    [
                        0.6202122176033589,
                        0.8521093963561485,
                        0.7398538010558122,
                        0.8809157298611439,
                        0.0,
                        0.0
                    ],
                    [
                        0.8331567957077517,
                        -0.0,
                        0.76247343878738,
                        -0.0,
                        -0.7062083591560695,
                        0.0
                    ]
                ]
            },
            "est_params": {
                "mui": [
                    0.0074374921537141885,
                    1000.0013087311613,
                    751.9317894989606,
                    1432.7624437384081,
                    2670.587183451736,
                    -1312.6630218408231
                ],
                "Si": [
                    [
                        0.9959928796631508,
                        -0.0016326558938062655,
                        0.7646749605249588,
                        1.6096776139090774,
                        2.597000707690358,
                        -0.4231707398209118
                    ],
                    [
                        -0.0016326558938062655,
                        0.9951671299816393,
                        0.7405876493122361,
                        1.4119161658532366,
                        2.630576704671746,
                        -1.2881486351977296
                    ],
                    [
                        0.7646749605249588,
                        0.7405876493122361,
                        2.137572418046008,
                        3.2691774287119264,
                        5.5644910121991735,
                        -1.6580598565713995
                    ],
                    [
                        1.6096776139090774,
                        1.4119161658532366,
                        3.2691774287119264,
                        6.5515362145088165,
                        10.378958873256538,
                        -3.4960050392933724
                    ],
                    [
                        2.597000707690358,
                        2.630576704671746,
                        5.5644910121991735,
                        10.378958873256538,
                        18.091486478975092,
                        -6.35273094616304
                    ],
                    [
                        -0.4231707398209118,
                        -1.2881486351977296,
                        -1.6580598565713995,
                        -3.4960050392933724,
                        -6.35273094616304,
                        3.8521287623031353
                    ]
                ]
            },
            "est_tgt": [
                1,
                2,
                4
            ],
            "oracle_est_tgt": [
                1
            ]
        },
        "2": {
            "intv_type": "hard",
            "inode": 2,
            "new_mui": 1000,
            "new_vari": 1.0,
            "noise_type": "gaussian",
            "obs_noise_gamma_shape": null,
            "true_params": {
                "Si": [
                    [
                        1.0,
                        -0.6159642044376096,
                        0.0,
                        0.43845936047773976,
                        0.48158907873273066,
                        0.49305456262842684
                    ],
                    [
                        -0.6159642044376096,
                        1.3794119011484574,
                        0.0,
                        0.4206945551755952,
                        1.1639777683366792,
                        -1.335205592711103
                    ],
                    [
                        0.0,
                        0.0,
                        1.0,
                        0.9867728427137505,
                        1.6091175200021515,
                        -0.37389880470262316
                    ],
                    [
                        0.43845936047773976,
                        0.4206945551755952,
                        0.9867728427137505,
                        2.643130206876579,
                        3.6888582495209796,
                        -1.4874090530438862
                    ],
                    [
                        0.48158907873273066,
                        1.1639777683366792,
                        1.6091175200021515,
                        3.6888582495209796,
                        6.730608794793898,
                        -3.1250636105189384
                    ],
                    [
                        0.49305456262842684,
                        -1.335205592711103,
                        -0.37389880470262316,
                        -1.4874090530438862,
                        -3.1250636105189384,
                        3.332649896771409
                    ]
                ],
                "mui": [
                    0.0,
                    0.0,
                    1000.0,
                    986.7728427137505,
                    1609.1175200021514,
                    -373.8988047026232
                ],
                "Ai": [
                    [
                        0.0,
                        0.0,
                        0.0,
                        0.0,
                        0.0,
                        0.0
                    ],
                    [
                        -0.6159642044376096,
                        0.0,
                        0.0,
                        0.0,
                        0.0,
                        0.0
                    ],
                    [
                        0.0,
                        0.0,
                        0.0,
                        0.0,
                        0.0,
                        0.0
                    ],
                    [
                        0.8639488470029053,
                        0.6907698263304892,
                        0.9867728427137505,
                        0.0,
                        0.0,
                        0.0
                    ],
                    [
                        0.6202122176033589,
                        0.8521093963561485,
                        0.7398538010558122,
                        0.8809157298611439,
                        0.0,
                        0.0
                    ],
                    [
                        0.8331567957077517,
                        -0.0,
                        0.76247343878738,
                        -0.0,
                        -0.7062083591560695,
                        0.0
                    ]
                ]
            },
            "est_params": {
                "mui": [
                    -0.01159628643778415,
                    0.008968843471875335,
                    999.9983943500513,
                    986.7630424222181,
                    1609.111604749427,
                    -373.9166284925981
                ],
                "Si": [
                    [
                        1.0066002797071578,
                        -0.6194068419765398,
                        0.008415454494821043,
                        0.4531153986359326,
                        0.5075829045576372,
                        0.4853589817080468
                    ],
                    [
                        -0.6194068419765398,
                        1.3810457271150693,
                        -0.004752130304080037,
                        0.414889785669907,
                        1.1390521130525493,
                        -1.32784167521981
                    ],
                    [
                        0.008415454494821043,
                        -0.004752130304080037,
                        1.0036558728463987,
                        0.9884986057951896,
                        1.6248354599790213,
                        -0.3764367685766858
                    ],
                    [
                        0.4531153986359326,
                        0.414889785669907,
                        0.9884986057951896,
                        2.6427104729919355,
                        3.698292371045998,
                        -1.472131251959989
                    ],
                    [
                        0.5075829045576372,
                        1.1390521130525493,
                        1.6248354599790213,
                        3.698292371045998,
                        6.731900429341697,
                        -3.0905491060245764
                    ],
                    [
                        0.4853589817080468,
                        -1.32784167521981,
                        -0.3764367685766858,
                        -1.472131251959989,
                        -3.0905491060245764,
                        3.2967695431618123
                    ]
                ]
            },
            "est_tgt": [
                1,
                2,
                4
            ],
            "oracle_est_tgt": [
                2
            ]
        },
        "3": {
            "intv_type": "hard",
            "inode": 3,
            "new_mui": 1000,
            "new_vari": 1.0,
            "noise_type": "gaussian",
            "obs_noise_gamma_shape": null,
            "true_params": {
                "Si": [
                    [
                        1.0,
                        -0.6159642044376096,
                        0.3014659654630724,
                        0.0,
                        0.3183840716198465,
                        0.8381710942716578
                    ],
                    [
                        -0.6159642044376096,
                        1.3794119011484574,
                        0.566246776199386,
                        0.0,
                        1.2123211469222763,
                        -0.9375979641270844
                    ],
                    [
                        0.3014659654630724,
                        0.566246776199386,
                        1.656294017801588,
                        0.0,
                        1.8948924983641717,
                        0.17585969114939323
                    ],
                    [
                        0.0,
                        0.0,
                        0.0,
                        1.0,
                        0.8809157298611439,
                        -0.6221100521400098
                    ],
                    [
                        0.3183840716198465,
                        1.2123211469222763,
                        1.8948924983641717,
                        0.8809157298611439,
                        4.408451872426335,
                        -1.4032165109693855
                    ],
                    [
                        0.8381710942716578,
                        -0.9375979641270844,
                        0.17585969114939323,
                        -0.6221100521400098,
                        -1.4032165109693855,
                        2.823379516365393
                    ]
                ],
                "mui": [
                    0.0,
                    0.0,
                    0.0,
                    1000.0,
                    880.9157298611439,
                    -622.1100521400098
                ],
                "Ai": [
                    [
                        0.0,
                        0.0,
                        0.0,
                        0.0,
                        0.0,
                        0.0
                    ],
                    [
                        -0.6159642044376096,
                        0.0,
                        0.0,
                        0.0,
                        0.0,
                        0.0
                    ],
                    [
                        0.7646334855679878,
                        0.7519390197808633,
                        0.0,
                        0.0,
                        0.0,
                        0.0
                    ],
                    [
                        0.0,
                        0.0,
                        0.0,
                        0.0,
                        0.0,
                        0.0
                    ],
                    [
                        0.6202122176033589,
                        0.8521093963561485,
                        0.7398538010558122,
                        0.8809157298611439,
                        0.0,
                        0.0
                    ],
                    [
                        0.8331567957077517,
                        -0.0,
                        0.76247343878738,
                        -0.0,
                        -0.7062083591560695,
                        0.0
                    ]
                ]
            },
            "est_params": {
                "mui": [
                    0.007508339938490249,
                    0.0004800438867644844,
                    0.0005994552008992202,
                    1000.0000409550078,
                    880.9087087154518,
                    -622.1025476979288
                ],
                "Si": [
                    [
                        1.0008918685574433,
                        -0.6266176195042489,
                        0.29073314828800473,
                        0.0005976472370611948,
                        0.3150341523120208,
                        0.8370794622710619
                    ],
                    [
                        -0.6266176195042489,
                        1.3937166746093823,
                        0.5556833052904436,
                        -0.0047365733554222645,
                        1.2038929010498052,
                        -0.9479398900918703
                    ],
                    [
                        0.29073314828800473,
                        0.5556833052904436,
                        1.623682992940312,
                        -0.010327101164927367,
                        1.8486293054248348,
                        0.1880826255902357
                    ],
                    [
                        0.0005976472370611948,
                        -0.0047365733554222645,
                        -0.010327101164927367,
                        1.0119537225806385,
                        0.8830898915793077,
                        -0.6358327014474586
                    ],
                    [
                        0.3150341523120208,
                        1.2038929010498052,
                        1.8486293054248348,
                        0.8830898915793077,
                        4.373100420476598,
                        -1.4089319977261867
                    ],
                    [
                        0.8370794622710619,
                        -0.9479398900918703,
                        0.1880826255902357,
                        -0.6358327014474586,
                        -1.4089319977261867,
                        2.83575153637909
                    ]
                ]
            },
            "est_tgt": [
                1,
                2,
                3,
                4
            ],
            "oracle_est_tgt": [
                3
            ]
        },
        "4": {
            "intv_type": "hard",
            "inode": 4,
            "new_mui": 1000,
            "new_vari": 1.0,
            "noise_type": "gaussian",
            "obs_noise_gamma_shape": null,
            "true_params": {
                "Si": [
                    [
                        1.0,
                        -0.6159642044376096,
                        0.3014659654630724,
                        0.7359377881991811,
                        0.0,
                        1.063016587071738
                    ],
                    [
                        -0.6159642044376096,
                        1.3794119011484574,
                        0.566246776199386,
                        0.9794514962033603,
                        0.0,
                        -0.08144663618889947
                    ],
                    [
                        0.3014659654630724,
                        0.566246776199386,
                        1.656294017801588,
                        2.2859833168437405,
                        0.0,
                        1.5140486131963
                    ],
                    [
                        0.7359377881991811,
                        0.9794514962033603,
                        2.2859833168437405,
                        4.56813439947019,
                        0.0,
                        2.3561531300607075
                    ],
                    [
                        0.0,
                        0.0,
                        0.0,
                        0.0,
                        1.0,
                        -0.7062083591560695
                    ],
                    [
                        1.063016587071738,
                        -0.08144663618889947,
                        1.5140486131963,
                        2.3561531300607075,
                        -0.7062083591560695,
                        3.538811592605834
                    ]
                ],
                "mui": [
                    0.0,
                    0.0,
                    0.0,
                    0.0,
                    1000.0,
                    -706.2083591560695
                ],
                "Ai": [
                    [
                        0.0,
                        0.0,
                        0.0,
                        0.0,
                        0.0,
                        0.0
                    ],
                    [
                        -0.6159642044376096,
                        0.0,
                        0.0,
                        0.0,
                        0.0,
                        0.0
                    ],
                    [
                        0.7646334855679878,
                        0.7519390197808633,
                        0.0,
                        0.0,
                        0.0,
                        0.0
                    ],
                    [
                        0.8639488470029053,
                        0.6907698263304892,
                        0.9867728427137505,
                        0.0,
                        0.0,
                        0.0
                    ],
                    [
                        0.0,
                        0.0,
                        0.0,
                        0.0,
                        0.0,
                        0.0
                    ],
                    [
                        0.8331567957077517,
                        -0.0,
                        0.76247343878738,
                        -0.0,
                        -0.7062083591560695,
                        0.0
                    ]
                ]
            },
            "est_params": {
                "mui": [
                    -0.0064672136780607676,
                    -0.007824900797214575,
                    -0.0007919980959756789,
                    -0.015390707104199413,
                    999.9998725510708,
                    -706.2163881679571
                ],
                "Si": [
                    [
                        1.0088397213340865,
                        -0.6262206288780084,
                        0.30670845372407685,
                        0.7584190062046409,
                        0.0021411728725926607,
                        1.0774742366416536
                    ],
                    [
                        -0.6262206288780084,
                        1.3983734733820952,
                        0.5699262769598371,
                        0.9744718157357477,
                        -0.005171407916016518,
                        -0.08622067970883422
                    ],
                    [
                        0.30670845372407685,
                        0.5699262769598371,
                        1.655326923912105,
                        2.294783501527229,
                        0.009659459737998059,
                        1.5180431993389365
                    ],
                    [
                        0.7584190062046409,
                        0.9744718157357477,
                        2.294783501527229,
                        4.597378902873924,
                        0.01117103170357315,
                        2.3752420818501037
                    ],
                    [
                        0.0021411728725926607,
                        -0.005171407916016518,
                        0.009659459737998059,
                        0.01117103170357315,
                        1.007486124219344,
                        -0.7166890593744332
                    ],
                    [
                        1.0774742366416536,
                        -0.08622067970883422,
                        1.5180431993389365,
                        2.3752420818501037,
                        -0.7166890593744332,
                        3.5642765847715636
                    ]
                ]
            },
            "est_tgt": [
                1,
                2,
                3,
                4
            ],
            "oracle_est_tgt": [
                4
            ]
        },
        "5": {
            "intv_type": "hard",
            "inode": 5,
            "new_mui": 1000,
            "new_vari": 1.0,
            "noise_type": "gaussian",
            "obs_noise_gamma_shape": null,
            "true_params": {
                "Si": [
                    [
                        1.0,
                        -0.6159642044376096,
                        0.3014659654630724,
                        0.7359377881991811,
                        0.966683245443724,
                        0.0
                    ],
                    [
                        -0.6159642044376096,
                        1.3794119011484574,
                        0.566246776199386,
                        0.9794514962033603,
                        2.075135376563849,
                        0.0
                    ],
                    [
                        0.3014659654630724,
                        0.566246776199386,
                        1.656294017801588,
                        2.2859833168437405,
                        3.908651160371974,
                        0.0
                    ],
                    [
                        0.7359377881991811,
                        0.9794514962033603,
                        2.2859833168437405,
                        4.56813439947019,
                        7.0064723255571915,
                        0.0
                    ],
                    [
                        0.966683245443724,
                        2.075135376563849,
                        3.908651160371974,
                        7.0064723255571915,
                        12.43173321288031,
                        0.0
                    ],
                    [
                        0.0,
                        0.0,
                        0.0,
                        0.0,
                        0.0,
                        1.0
                    ]
                ],
                "mui": [
                    0.0,
                    0.0,
                    0.0,
                    0.0,
                    0.0,
                    1000.0
                ],
                "Ai": [
                    [
                        0.0,
                        0.0,
                        0.0,
                        0.0,
                        0.0,
                        0.0
                    ],
                    [
                        -0.6159642044376096,
                        0.0,
                        0.0,
                        0.0,
                        0.0,
                        0.0
                    ],
                    [
                        0.7646334855679878,
                        0.7519390197808633,
                        0.0,
                        0.0,
                        0.0,
                        0.0
                    ],
                    [
                        0.8639488470029053,
                        0.6907698263304892,
                        0.9867728427137505,
                        0.0,
                        0.0,
                        0.0
                    ],
                    [
                        0.6202122176033589,
                        0.8521093963561485,
                        0.7398538010558122,
                        0.8809157298611439,
                        0.0,
                        0.0
                    ],
                    [
                        0.0,
                        0.0,
                        0.0,
                        0.0,
                        0.0,
                        0.0
                    ]
                ]
            },
            "est_params": {
                "mui": [
                    -0.0021065076294691652,
                    0.002121504082104688,
                    -0.005193126498003598,
                    -0.005341032814981109,
                    0.00580492291828404,
                    999.9974765389162
                ],
                "Si": [
                    [
                        0.9833878852734814,
                        -0.6118760162508698,
                        0.29472465985630797,
                        0.7261156721529772,
                        0.9481306561437095,
                        -0.0036907859777367408
                    ],
                    [
                        -0.6118760162508698,
                        1.3829078837568811,
                        0.5713890293640626,
                        0.9892671397937682,
                        2.0841039017513294,
                        -0.0016939318853574246
                    ],
                    [
                        0.29472465985630797,
                        0.5713890293640626,
                        1.6485635927977484,
                        2.2826323649605356,
                        3.8896726507397315,
                        -0.012446302220621947
                    ],
                    [
                        0.7261156721529772,
                        0.9892671397937682,
                        2.2826323649605356,
                        4.5980112055251645,
                        7.015248846747122,
                        -0.011881786468151379
                    ],
                    [
                        0.9481306561437095,
                        2.0841039017513294,
                        3.8896726507397315,
                        7.015248846747122,
                        12.379542817022658,
                        -0.03369582932710685
                    ],
                    [
                        -0.0036907859777367408,
                        -0.0016939318853574246,
                        -0.012446302220621947,
                        -0.011881786468151379,
                        -0.03369582932710685,
                        0.9884585495330422
                    ]
                ]
            },
            "est_tgt": [
                5
            ],
            "oracle_est_tgt": [
                5
            ]
        },
        "obs": {
            "intv_type": "obs",
            "noise_type": "gaussian",
            "obs_noise_gamma_shape": null,
            "true_params": {
                "Si": [
                    [
                        1.0,
                        -0.6159642044376096,
                        0.3014659654630724,
                        0.7359377881991811,
                        0.966683245443724,
                        0.38033679848326174
                    ],
                    [
                        -0.6159642044376096,
                        1.3794119011484574,
                        0.566246776199386,
                        0.9794514962033603,
                        2.075135376563849,
                        -1.5469245854987674
                    ],
                    [
                        0.3014659654630724,
                        0.566246776199386,
                        1.656294017801588,
                        2.2859833168437405,
                        3.908651160371974,
                        -1.246273509283459
                    ],
                    [
                        0.7359377881991811,
                        0.9794514962033603,
                        2.2859833168437405,
                        4.56813439947019,
                        7.0064723255571915,
                        -2.591876194443447
                    ],
                    [
                        0.966683245443724,
                        2.075135376563849,
                        3.908651160371974,
                        7.0064723255571915,
                        12.43173321288031,
                        -4.9937525072268505
                    ],
                    [
                        0.38033679848326174,
                        -1.5469245854987674,
                        -1.246273509283459,
                        -2.591876194443447,
                        -4.9937525072268505,
