{
    "expt_args": {
        "save_dir": "all_expt_logs/expt_logs_sim_compsel_backward_cameraready_new_mean_largerange_re",
        "exp_name": "398",
        "num_nodes": 6,
        "num_tgt_prior": 7,
        "obs_noise_mean": 0.0,
        "obs_noise_var": 1.0,
        "obs_noise_gamma_shape": null,
        "noise_type": "gaussian",
        "max_edge_strength": 1.0,
        "graph_sparsity_method": "adj_dense_prop",
        "adj_dense_prop": 0.8,
        "num_parents": null,
        "new_noise_mean": 1.0,
        "mix_samples": 4096,
        "stage2_samples": 4096,
        "gmm_tol": 0.001,
        "intv_type": "hard",
        "new_noise_var": 1.0,
        "dtype": "simulation",
        "cutoff_drop_ratio": 0.07,
        "intv_targets": [
            0,
            1,
            2,
            3,
            4,
            5
        ]
    },
    "intv_args_dict": {
        "0": {
            "intv_type": "hard",
            "inode": 0,
            "new_mui": 1.0,
            "new_vari": 1.0,
            "noise_type": "gaussian",
            "obs_noise_gamma_shape": null,
            "true_params": {
                "Si": [
                    [
                        1.0,
                        0.7359156340694333,
                        0.0,
                        0.715622655670631,
                        0.33873860660970795,
                        0.7413128529419479
                    ],
                    [
                        0.7359156340694333,
                        1.5415718204678162,
                        0.0,
                        1.4990627580091647,
                        1.7434576417089223,
                        3.3598856764942475
                    ],
                    [
                        0.0,
                        0.0,
                        1.0,
                        0.0,
                        0.9080527379141026,
                        0.07084570583414063
                    ],
                    [
                        0.715622655670631,
                        1.4990627580091647,
                        0.0,
                        2.457725889000809,
                        2.408063619450814,
                        4.598465027154798
                    ],
                    [
                        0.33873860660970795,
                        1.7434576417089223,
                        0.9080527379141026,
                        2.408063619450814,
                        4.679777102958257,
                        6.366208031115924
                    ],
                    [
                        0.7413128529419479,
                        3.3598856764942475,
                        0.07084570583414063,
                        4.598465027154798,
                        6.366208031115924,
                        12.051691123343428
                    ]
                ],
                "mui": [
                    1.0,
                    0.7359156340694333,
                    0.0,
                    0.715622655670631,
                    0.33873860660970795,
                    0.7413128529419479
                ],
                "Ai": [
                    [
                        0.0,
                        0.0,
                        0.0,
                        0.0,
                        0.0,
                        0.0
                    ],
                    [
                        0.7359156340694333,
                        0.0,
                        0.0,
                        0.0,
                        0.0,
                        0.0
                    ],
                    [
                        0.0,
                        0.0,
                        0.0,
                        0.0,
                        0.0,
                        0.0
                    ],
                    [
                        0.0,
                        0.9724248576068604,
                        -0.0,
                        0.0,
                        0.0,
                        0.0
                    ],
                    [
                        -0.7608478454173615,
                        0.8011448443477243,
                        0.9080527379141026,
                        0.7126820704684228,
                        0.0,
                        0.0
                    ],
                    [
                        -0.6473979048501377,
                        0.801272072840677,
                        -0.7435904424982733,
                        0.6920212647287671,
                        0.89690401705441,
                        0.0
                    ]
                ]
            },
            "est_params": {
                "mui": [
                    0.15514810217623448,
                    0.2468416561703471,
                    0.15450368651197585,
                    0.39588538183484917,
                    0.6266202141910533,
                    0.9943453207635817
                ],
                "Si": [
                    [
                        1.0936296911194532,
                        0.6735836959954914,
                        -0.025045413147519464,
                        0.5401424888073203,
                        0.004158884477838775,
                        0.12178164377903991
                    ],
                    [
                        0.6735836959954914,
                        1.6169035668261176,
                        -0.01243280478556408,
                        1.3309814031965101,
                        1.403946257697878,
                        2.539103338339746
                    ],
                    [
                        -0.025045413147519464,
                        -0.01243280478556408,
                        1.1420780994601278,
                        -0.0426803904610241,
                        0.8490215514584323,
                        -0.10706588973468853
                    ],
                    [
                        0.5401424888073203,
                        1.3309814031965101,
                        -0.0426803904610241,
                        2.3318916142127986,
                        1.827948451846594,
                        3.298001801304734
                    ],
                    [
                        0.004158884477838775,
                        1.403946257697878,
                        0.8490215514584323,
                        1.827948451846594,
                        4.181072397784475,
                        4.519668352941305
                    ],
                    [
                        0.12178164377903991,
                        2.539103338339746,
                        -0.10706588973468853,
                        3.298001801304734,
                        4.519668352941305,
                        9.331572522856996
                    ]
                ]
            },
            "est_tgt": [
                3,
                4,
                5
            ],
            "oracle_est_tgt": [
                0
            ]
        },
        "1": {
            "intv_type": "hard",
            "inode": 1,
            "new_mui": 1.0,
            "new_vari": 1.0,
            "noise_type": "gaussian",
            "obs_noise_gamma_shape": null,
            "true_params": {
                "Si": [
                    [
                        1.0,
                        0.0,
                        0.0,
                        0.0,
                        -0.7608478454173615,
                        -1.329805393772162
                    ],
                    [
                        0.0,
                        1.0,
                        0.0,
                        0.9724248576068604,
                        1.4941746052419427,
                        2.8143419582776534
                    ],
                    [
                        0.0,
                        0.0,
                        1.0,
                        0.0,
                        0.9080527379141026,
                        0.07084570583414063
                    ],
                    [
                        0.0,
                        0.9724248576068604,
                        0.0,
                        1.9456101036917226,
                        2.165654598210606,
                        4.06796475464971
                    ],
                    [
                        -0.7608478454173615,
                        1.4941746052419427,
                        0.9080527379141026,
                        2.165654598210606,
                        5.143922703226612,
                        7.126876316924438
                    ],
                    [
                        -1.329805393772162,
                        2.8143419582776534,
                        0.07084570583414063,
                        4.06796475464971,
                        7.126876316924438,
                        13.270528762712031
                    ]
                ],
                "mui": [
                    0.0,
                    1.0,
                    0.0,
                    0.9724248576068604,
                    1.4941746052419427,
                    2.8143419582776534
                ],
                "Ai": [
                    [
                        0.0,
                        0.0,
                        0.0,
                        0.0,
                        0.0,
                        0.0
                    ],
                    [
                        0.0,
                        0.0,
                        0.0,
                        0.0,
                        0.0,
                        0.0
                    ],
                    [
                        0.0,
                        0.0,
                        0.0,
                        0.0,
                        0.0,
                        0.0
                    ],
                    [
                        0.0,
                        0.9724248576068604,
                        -0.0,
                        0.0,
                        0.0,
                        0.0
                    ],
                    [
                        -0.7608478454173615,
                        0.8011448443477243,
                        0.9080527379141026,
                        0.7126820704684228,
                        0.0,
                        0.0
                    ],
                    [
                        -0.6473979048501377,
                        0.801272072840677,
                        -0.7435904424982733,
                        0.6920212647287671,
                        0.89690401705441,
                        0.0
                    ]
                ]
            },
            "oracle_est_tgt": [
                1
            ]
        },
        "2": {
            "intv_type": "hard",
            "inode": 2,
            "new_mui": 1.0,
            "new_vari": 1.0,
            "noise_type": "gaussian",
            "obs_noise_gamma_shape": null,
            "true_params": {
                "Si": [
                    [
                        1.0,
                        0.7359156340694333,
                        0.0,
                        0.715622655670631,
                        0.33873860660970795,
                        0.7413128529419479
                    ],
                    [
                        0.7359156340694333,
                        1.5415718204678162,
                        0.0,
                        1.4990627580091647,
                        1.7434576417089223,
                        3.3598856764942475
                    ],
                    [
                        0.0,
                        0.0,
                        1.0,
                        0.0,
                        0.9080527379141026,
                        0.07084570583414063
                    ],
                    [
                        0.715622655670631,
                        1.4990627580091647,
                        0.0,
                        2.457725889000809,
                        2.408063619450814,
                        4.598465027154798
                    ],
                    [
                        0.33873860660970795,
                        1.7434576417089223,
                        0.9080527379141026,
                        2.408063619450814,
                        4.679777102958257,
                        6.366208031115924
                    ],
                    [
                        0.7413128529419479,
                        3.3598856764942475,
                        0.07084570583414063,
                        4.598465027154798,
                        6.366208031115924,
                        12.051691123343428
                    ]
                ],
                "mui": [
                    0.0,
                    0.0,
                    1.0,
                    0.0,
                    0.9080527379141026,
                    0.07084570583414063
                ],
                "Ai": [
                    [
                        0.0,
                        0.0,
                        0.0,
                        0.0,
                        0.0,
                        0.0
                    ],
                    [
                        0.7359156340694333,
                        0.0,
                        0.0,
                        0.0,
                        0.0,
                        0.0
                    ],
                    [
                        0.0,
                        0.0,
                        0.0,
                        0.0,
                        0.0,
                        0.0
                    ],
                    [
                        0.0,
                        0.9724248576068604,
                        -0.0,
                        0.0,
                        0.0,
                        0.0
                    ],
                    [
                        -0.7608478454173615,
                        0.8011448443477243,
                        0.9080527379141026,
                        0.7126820704684228,
                        0.0,
                        0.0
                    ],
                    [
                        -0.6473979048501377,
                        0.801272072840677,
                        -0.7435904424982733,
                        0.6920212647287671,
                        0.89690401705441,
                        0.0
                    ]
                ]
            },
            "oracle_est_tgt": [
                2
            ]
        },
        "3": {
            "intv_type": "hard",
            "inode": 3,
            "new_mui": 1.0,
            "new_vari": 1.0,
            "noise_type": "gaussian",
            "obs_noise_gamma_shape": null,
            "true_params": {
                "Si": [
                    [
                        1.0,
                        0.7359156340694333,
                        0.0,
                        0.0,
                        -0.17127282930774856,
                        -0.2113445479218557
                    ],
                    [
                        0.7359156340694333,
                        1.5415718204678162,
                        0.0,
                        0.0,
                        0.6751024915688466,
                        1.364290344987551
                    ],
                    [
                        0.0,
                        0.0,
                        1.0,
                        0.0,
                        0.9080527379141026,
                        0.07084570583414063
                    ],
                    [
                        0.0,
                        0.0,
                        0.0,
                        1.0,
                        0.7126820704684228,
                        1.3312286766145496
                    ],
                    [
                        -0.17127282930774856,
                        0.6751024915688466,
                        0.9080527379141026,
                        0.7126820704684228,
                        3.0036429520844763,
                        3.163773683730359
                    ],
                    [
                        -0.2113445479218557,
                        1.364290344987551,
                        0.07084570583414063,
                        1.3312286766145496,
                        3.163773683730359,
                        5.936151458883287
                    ]
                ],
                "mui": [
                    0.0,
                    0.0,
                    0.0,
                    1.0,
                    0.7126820704684228,
                    1.3312286766145496
                ],
                "Ai": [
                    [
                        0.0,
                        0.0,
                        0.0,
                        0.0,
                        0.0,
                        0.0
                    ],
                    [
                        0.7359156340694333,
                        0.0,
                        0.0,
                        0.0,
                        0.0,
                        0.0
                    ],
                    [
                        0.0,
                        0.0,
                        0.0,
                        0.0,
                        0.0,
                        0.0
                    ],
                    [
                        0.0,
                        0.0,
                        0.0,
                        0.0,
                        0.0,
                        0.0
                    ],
                    [
                        -0.7608478454173615,
                        0.8011448443477243,
                        0.9080527379141026,
                        0.7126820704684228,
                        0.0,
                        0.0
                    ],
                    [
                        -0.6473979048501377,
                        0.801272072840677,
                        -0.7435904424982733,
                        0.6920212647287671,
                        0.89690401705441,
                        0.0
                    ]
                ]
            },
            "oracle_est_tgt": [
                3,
                5
            ]
        },
        "4": {
            "intv_type": "hard",
            "inode": 4,
            "new_mui": 1.0,
            "new_vari": 1.0,
            "noise_type": "gaussian",
            "obs_noise_gamma_shape": null,
            "true_params": {
                "Si": [
                    [
                        1.0,
                        0.7359156340694333,
                        0.0,
                        0.715622655670631,
                        0.0,
                        0.43749683594228733
                    ],
                    [
                        0.7359156340694333,
                        1.5415718204678162,
                        0.0,
                        1.4990627580091647,
                        0.0,
                        1.796171514081307
                    ],
                    [
                        0.0,
                        0.0,
                        1.0,
                        0.0,
                        0.0,
                        -0.7435904424982733
                    ],
                    [
                        0.715622655670631,
                        1.4990627580091647,
                        0.0,
                        2.457725889000809,
                        0.0,
                        2.438663093546781
                    ],
                    [
                        0.0,
                        0.0,
                        0.0,
                        0.0,
                        1.0,
                        0.89690401705441
                    ],
                    [
                        0.43749683594228733,
                        1.796171514081307,
                        -0.7435904424982733,
                        2.438663093546781,
                        0.89690401705441,
                        5.200957817524431
                    ]
                ],
                "mui": [
                    0.0,
                    0.0,
                    0.0,
                    0.0,
                    1.0,
                    0.89690401705441
                ],
                "Ai": [
                    [
                        0.0,
                        0.0,
                        0.0,
                        0.0,
                        0.0,
                        0.0
                    ],
                    [
                        0.7359156340694333,
                        0.0,
                        0.0,
                        0.0,
                        0.0,
                        0.0
                    ],
                    [
                        0.0,
                        0.0,
                        0.0,
                        0.0,
                        0.0,
                        0.0
                    ],
                    [
                        0.0,
                        0.9724248576068604,
                        -0.0,
                        0.0,
                        0.0,
                        0.0
                    ],
                    [
                        0.0,
                        0.0,
                        0.0,
                        0.0,
                        0.0,
                        0.0
                    ],
                    [
                        -0.6473979048501377,
                        0.801272072840677,
                        -0.7435904424982733,
                        0.6920212647287671,
                        0.89690401705441,
                        0.0
                    ]
                ]
            },
            "oracle_est_tgt": [
                3,
                4,
                5
            ]
        },
        "5": {
            "intv_type": "hard",
            "inode": 5,
            "new_mui": 1.0,
            "new_vari": 1.0,
            "noise_type": "gaussian",
            "obs_noise_gamma_shape": null,
            "true_params": {
                "Si": [
                    [
                        1.0,
                        0.7359156340694333,
                        0.0,
                        0.715622655670631,
                        0.33873860660970795,
                        0.0
                    ],
                    [
                        0.7359156340694333,
                        1.5415718204678162,
                        0.0,
                        1.4990627580091647,
                        1.7434576417089223,
                        0.0
                    ],
                    [
                        0.0,
                        0.0,
                        1.0,
                        0.0,
                        0.9080527379141026,
                        0.0
                    ],
                    [
                        0.715622655670631,
                        1.4990627580091647,
                        0.0,
                        2.457725889000809,
                        2.408063619450814,
                        0.0
                    ],
                    [
                        0.33873860660970795,
                        1.7434576417089223,
                        0.9080527379141026,
                        2.408063619450814,
                        4.679777102958257,
                        0.0
                    ],
                    [
                        0.0,
                        0.0,
                        0.0,
                        0.0,
                        0.0,
                        1.0
                    ]
                ],
                "mui": [
                    0.0,
                    0.0,
                    0.0,
                    0.0,
                    0.0,
                    1.0
                ],
                "Ai": [
                    [
                        0.0,
                        0.0,
                        0.0,
                        0.0,
                        0.0,
                        0.0
                    ],
                    [
                        0.7359156340694333,
                        0.0,
                        0.0,
                        0.0,
                        0.0,
                        0.0
                    ],
                    [
                        0.0,
                        0.0,
                        0.0,
                        0.0,
                        0.0,
                        0.0
                    ],
                    [
                        0.0,
                        0.9724248576068604,
                        -0.0,
                        0.0,
                        0.0,
                        0.0
                    ],
                    [
                        -0.7608478454173615,
                        0.8011448443477243,
                        0.9080527379141026,
                        0.7126820704684228,
                        0.0,
                        0.0
                    ],
                    [
                        0.0,
                        0.0,
                        0.0,
                        0.0,
                        0.0,
                        0.0
                    ]
                ]
            },
            "oracle_est_tgt": [
                3,
                4,
                5
            ]
        },
        "obs": {
            "intv_type": "obs",
            "noise_type": "gaussian",
            "obs_noise_gamma_shape": null,
            "true_params": {
                "Si": [
                    [
                        1.0,
                        0.7359156340694333,
                        0.0,
                        0.715622655670631,
                        0.33873860660970795,
                        0.7413128529419479
                    ],
                    [
                        0.7359156340694333,
                        1.5415718204678162,
                        0.0,
                        1.4990627580091647,
                        1.7434576417089223,
                        3.3598856764942475
                    ],
                    [
                        0.0,
                        0.0,
                        1.0,
                        0.0,
                        0.9080527379141026,
                        0.07084570583414063
                    ],
                    [
                        0.715622655670631,
                        1.4990627580091647,
                        0.0,
                        2.457725889000809,
                        2.408063619450814,
                        4.598465027154798
                    ],
                    [
                        0.33873860660970795,
                        1.7434576417089223,
                        0.9080527379141026,
                        2.408063619450814,
                        4.679777102958257,
                        6.366208031115924
                    ],
                    [
                        0.7413128529419479,
                        3.3598856764942475,
                        0.07084570583414063,
                        4.598465027154798,
                        6.366208031115924,
                        12.051691123343428
                    ]
                ],
                "mui": [
                    0.0,
                    0.0,
                    0.0,
                    0.0,
                    0.0,
                    0.0
                ],
                "Ai": [
                    [
                        0.0,
                        0.0,
                        0.0,
                        0.0,
                        0.0,
                        0.0
                    ],
                    [
                        0.7359156340694333,
                        0.0,
                        0.0,
                        0.0,
                        0.0,
                        0.0
                    ],
                    [
                        0.0,
                        0.0,
                        0.0,
                        0.0,
                        0.0,
                        0.0
                    ],
                    [
                        0.0,
                        0.9724248576068604,
                        -0.0,
                        0.0,
                        0.0,
                        0.0
                    ],
                    [
                        -0.7608478454173615,
                        0.8011448443477243,
                        0.9080527379141026,
                        0.7126820704684228,
                        0.0,
                        0.0
                    ],
                    [
                        -0.6473979048501377,
                        0.801272072840677,
                        -0.7435904424982733,
                        0.6920212647287671,
                        0.89690401705441,
                        0.0
                    ]
                ]
            },
            "est_tgt": [
                0,
                1,
                2,
                3,
                4,
                5
            ],
            "oracle_est_tgt": [
                0,
                1,
                2,
                3,
                4,
                5
            ]
        }
    },
    "metric_dict": {
        "param_est_rel_err": 19.133813179375178,
        "est_num_comp": 1,
        "weight_precision_error": 0.0,
        "gm_score_dict": {
            "1": -9.469704251812264,
            "2": -9.21485256516174,
            "3": -9.195728684771835,
            "4": -9.168466701820657,
            "5": -9.180956531350846,
            "6": -9.111260889135561,
            "7": -9.11827094785504
        },
        "est_dag": {
            "amat": [
                [
                    0,
                    1,
                    0,
                    1,
                    0,
                    1
                ],
                [
                    0,
                    0,
                    0,
                    0,
                    0,
                    1
                ],
                [
                    0,
                    0,
                    0,
                    0,
                    1,
                    0
                ],
                [
                    0,
                    0,
                    0,
                    0,
                    0,
                    0
                ],
                [
                    0,
                    0,
                    0,
                    0,
                    0,
                    0
                ],
                [
                    0,
                    0,
                    0,
                    1,
                    1,
                    0
                ]
            ],
            "nodes": [
                0,
                1,
                2,
                3,
                4,
                5
            ]
        },
        "oracle_est_dag": {
            "amat": [
                [
                    0,
                    1,
                    0,
                    1,
                    0,
                    1
                ],
                [
                    0,
                    0,
                    0,
                    0,
                    0,
                    1
                ],
                [
                    0,
                    0,
                    0,
                    0,
                    1,
                    0
                ],
                [
                    0,
                    0,
                    0,
                    0,
                    0,
                    0
                ],
                [
                    0,
                    0,
                    0,
                    0,
                    0,
                    0
                ],
                [
                    0,
                    0,
                    0,
                    1,
                    1,
                    0
                ]
            ],
            "nodes": [
                0,
                1,
                2,
                3,
                4,
                5
            ]
        },
        "igsp_dag": null,
        "intv_base_est_dag": null,
        "act_dag": {
            "amat": [
                [
                    0,
                    1,
                    0,
                    0,
                    1,
                    1
                ],
                [
                    0,
                    0,
                    0,
                    1,
                    1,
                    1
                ],
                [
                    0,
                    0,
                    0,
                    0,
                    1,
                    1
                ],
                [
                    0,
                    0,
                    0,
                    0,
                    1,
                    1
                ],
                [
                    0,
                    0,
                    0,
                    0,
                    0,
                    1
                ],
                [
                    0,
                    0,
                    0,
                    0,
                    0,
                    0
                ]
            ],
            "nodes": [
                0,
                1,
                2,
                3,
                4,
                5
            ]
        },
        "shd": 8,
        "oracle_shd": 8,
        "intv_base_shd": null,
        "igsp_shd": null,
        "avg_js": 0.0,
        "avg_oracle_js": 0.5952380952380952
    }
}