{
    "expt_args": {
        "save_dir": "all_expt_logs/expt_logs_sim_compsel_backward_cameraready_new_mean_largerange_re",
        "exp_name": "275",
        "num_nodes": 6,
        "num_tgt_prior": 7,
        "obs_noise_mean": 0.0,
        "obs_noise_var": 1.0,
        "obs_noise_gamma_shape": null,
        "noise_type": "gaussian",
        "max_edge_strength": 1.0,
        "graph_sparsity_method": "adj_dense_prop",
        "adj_dense_prop": 0.8,
        "num_parents": null,
        "new_noise_mean": 10,
        "mix_samples": 1024,
        "stage2_samples": 1024,
        "gmm_tol": 0.001,
        "intv_type": "hard",
        "new_noise_var": 1.0,
        "dtype": "simulation",
        "cutoff_drop_ratio": 0.07,
        "intv_targets": [
            0,
            1,
            2,
            3,
            4,
            5
        ]
    },
    "intv_args_dict": {
        "0": {
            "intv_type": "hard",
            "inode": 0,
            "new_mui": 10,
            "new_vari": 1.0,
            "noise_type": "gaussian",
            "obs_noise_gamma_shape": null,
            "true_params": {
                "Si": [
                    [
                        1.0,
                        -0.5379978106686046,
                        0.8951621900454261,
                        -0.49974317471213797,
                        -0.7844207088190095,
                        -2.2395387052448994
                    ],
                    [
                        -0.5379978106686046,
                        1.2894416442842118,
                        -1.0291405854262712,
                        0.574539440009116,
                        -0.05907690516430303,
                        2.3436904755661097
                    ],
                    [
                        0.8951621900454261,
                        -1.0291405854262712,
                        2.1011211877902625,
                        -1.1729952231203593,
                        -1.0040110253313625,
                        -4.259373032849426
                    ],
                    [
                        -0.49974317471213797,
                        0.574539440009116,
                        -1.1729952231203593,
                        1.6548493259021515,
                        -0.15692162313961688,
                        2.669535756230945
                    ],
                    [
                        -0.7844207088190095,
                        -0.05907690516430303,
                        -1.0040110253313625,
                        -0.15692162313961688,
                        2.6809804743347856,
                        2.841284532978509
                    ],
                    [
                        -2.2395387052448994,
                        2.3436904755661097,
                        -4.259373032849426,
                        2.669535756230945,
                        2.841284532978509,
                        10.903750116202897
                    ]
                ],
                "mui": [
                    10.0,
                    -5.379978106686046,
                    8.95162190045426,
                    -4.99743174712138,
                    -7.844207088190095,
                    -22.395387052448996
                ],
                "Ai": [
                    [
                        0.0,
                        0.0,
                        0.0,
                        0.0,
                        0.0,
                        0.0
                    ],
                    [
                        -0.5379978106686046,
                        0.0,
                        0.0,
                        0.0,
                        0.0,
                        0.0
                    ],
                    [
                        0.6005840244036903,
                        -0.5475452869885186,
                        0.0,
                        0.0,
                        0.0,
                        0.0
                    ],
                    [
                        -0.0,
                        -0.0,
                        -0.5582710935174529,
                        0.0,
                        0.0,
                        0.0
                    ],
                    [
                        -0.7037691996260595,
                        -0.7905922762280873,
                        -0.9657692828828096,
                        -0.7174319561549357,
                        0.0,
                        0.0
                    ],
                    [
                        0.0,
                        0.9728558381781538,
                        -0.5800188133628119,
                        0.9514790968220843,
                        0.9197083788615665,
                        0.0
                    ]
                ]
            },
            "est_params": {
                "mui": [
                    5.0277347911269,
                    -2.738672301008493,
                    9.473979842972607,
                    -5.394520491944775,
                    -6.677998419963459,
                    -19.51147942994393
                ],
                "Si": [
                    [
                        25.844828958324296,
                        -14.102069083021611,
                        -2.355883676419297,
                        1.1134243749851138,
                        -5.640144191517993,
                        -16.224546182437972
                    ],
                    [
                        -14.102069083021611,
                        8.701627023258418,
                        0.9799676394451551,
                        -0.41427705146052035,
                        2.5466588328604365,
                        9.705676124236096
                    ],
                    [
                        -2.355883676419297,
                        0.9799676394451551,
                        2.0524652021196648,
                        -1.2134747458666884,
                        -0.23174332573216547,
                        -1.542311573317297
                    ],
                    [
                        1.1134243749851138,
                        -0.41427705146052035,
                        -1.2134747458666884,
                        1.7234957506400654,
                        -0.5325753658068013,
                        1.3510306851196923
                    ],
                    [
                        -5.640144191517993,
                        2.5466588328604365,
                        -0.23174332573216547,
                        -0.5325753658068013,
                        3.5615715390930625,
                        5.326130745548132
                    ],
                    [
                        -16.224546182437972,
                        9.705676124236097,
                        -1.542311573317297,
                        1.3510306851196923,
                        5.326130745548132,
                        17.18890168126579
                    ]
                ]
            },
            "est_tgt": [
                0,
                1,
                2,
                3,
                4,
                5
            ],
            "oracle_est_tgt": [
                0,
                1,
                2,
                3,
                4,
                5
            ]
        },
        "1": {
            "intv_type": "hard",
            "inode": 1,
            "new_mui": 10,
            "new_vari": 1.0,
            "noise_type": "gaussian",
            "obs_noise_gamma_shape": null,
            "true_params": {
                "Si": [
                    [
                        1.0,
                        0.0,
                        0.6005840244036903,
                        -0.3352887000529608,
                        -1.0432479742296423,
                        -1.62685412578969
                    ],
                    [
                        0.0,
                        1.0,
                        -0.5475452869885186,
                        0.30567870611740783,
                        -0.4810935291520451,
                        1.138823555236752
                    ],
                    [
                        0.6005840244036903,
                        -0.5475452869885186,
                        1.6605070116722715,
                        -0.927013065199677,
                        -0.9283853325217886,
                        -3.231685258755424
                    ],
                    [
                        -0.3352887000529608,
                        0.30567870611740783,
                        -0.927013065199677,
                        1.5175245976139895,
                        -0.1991412613624327,
                        2.095807378792969
                    ],
                    [
                        -1.0432479742296423,
                        -0.4810935291520451,
                        -0.9283853325217886,
                        -0.1991412613624327,
                        3.1540309616449203,
                        2.781756265479928
                    ],
                    [
                        -1.62685412578969,
                        1.138823555236752,
                        -3.231685258755424,
                        2.095807378792969,
                        2.781756265479928,
                        8.534870850511833
                    ]
                ],
                "mui": [
                    0.0,
                    10.0,
                    -5.475452869885186,
                    3.056787061174078,
                    -4.810935291520451,
                    11.38823555236752
                ],
                "Ai": [
                    [
                        0.0,
                        0.0,
                        0.0,
                        0.0,
                        0.0,
                        0.0
                    ],
                    [
                        0.0,
                        0.0,
                        0.0,
                        0.0,
                        0.0,
                        0.0
                    ],
                    [
                        0.6005840244036903,
                        -0.5475452869885186,
                        0.0,
                        0.0,
                        0.0,
                        0.0
                    ],
                    [
                        -0.0,
                        -0.0,
                        -0.5582710935174529,
                        0.0,
                        0.0,
                        0.0
                    ],
                    [
                        -0.7037691996260595,
                        -0.7905922762280873,
                        -0.9657692828828096,
                        -0.7174319561549357,
                        0.0,
                        0.0
                    ],
                    [
                        0.0,
                        0.9728558381781538,
                        -0.5800188133628119,
                        0.9514790968220843,
                        0.9197083788615665,
                        0.0
                    ]
                ]
            },
            "oracle_est_tgt": [
                0,
                1,
                2,
                3
            ]
        },
        "2": {
            "intv_type": "hard",
            "inode": 2,
            "new_mui": 10,
            "new_vari": 1.0,
            "noise_type": "gaussian",
            "obs_noise_gamma_shape": null,
            "true_params": {
                "Si": [
                    [
                        1.0,
                        -0.5379978106686046,
                        0.0,
                        0.0,
                        -0.2784322858838399,
                        -0.7794708173089637
                    ],
                    [
                        -0.5379978106686046,
                        1.2894416442842118,
                        0.0,
                        0.0,
                        -0.6407963160031264,
                        0.6650950906602342
                    ],
                    [
                        0.0,
                        0.0,
                        1.0,
                        -0.5582710935174529,
                        -0.5652477601958283,
                        -1.6310651903895121
                    ],
                    [
                        0.0,
                        0.0,
                        -0.5582710935174529,
                        1.3116666138571726,
                        -0.40187047096211964,
                        1.202227462920351
                    ],
                    [
                        -0.2784322858838399,
                        -0.6407963160031264,
                        -0.5652477601958283,
                        -0.40187047096211964,
                        2.536774327172707,
                        1.655173149249225
                    ],
                    [
                        -0.7794708173089637,
                        0.6650950906602342,
                        -1.6310651903895121,
                        1.202227462920351,
                        1.655173149249225,
                        5.259261052564911
                    ]
                ],
                "mui": [
                    0.0,
                    0.0,
                    10.0,
                    -5.5827109351745285,
                    -5.652477601958283,
                    -16.31065190389512
                ],
                "Ai": [
                    [
                        0.0,
                        0.0,
                        0.0,
                        0.0,
                        0.0,
                        0.0
                    ],
                    [
                        -0.5379978106686046,
                        0.0,
                        0.0,
                        0.0,
                        0.0,
                        0.0
                    ],
                    [
                        0.0,
                        0.0,
                        0.0,
                        0.0,
                        0.0,
                        0.0
                    ],
                    [
                        -0.0,
                        -0.0,
                        -0.5582710935174529,
                        0.0,
                        0.0,
                        0.0
                    ],
                    [
                        -0.7037691996260595,
                        -0.7905922762280873,
                        -0.9657692828828096,
                        -0.7174319561549357,
                        0.0,
                        0.0
                    ],
                    [
                        0.0,
                        0.9728558381781538,
                        -0.5800188133628119,
                        0.9514790968220843,
                        0.9197083788615665,
                        0.0
                    ]
                ]
            },
            "oracle_est_tgt": [
                0,
                2,
                3
            ]
        },
        "3": {
            "intv_type": "hard",
            "inode": 3,
            "new_mui": 10,
            "new_vari": 1.0,
            "noise_type": "gaussian",
            "obs_noise_gamma_shape": null,
            "true_params": {
                "Si": [
                    [
                        1.0,
                        -0.5379978106686046,
                        0.8951621900454261,
                        0.0,
                        -1.1429524322278164,
                        -2.0937881508335505
                    ],
                    [
                        -0.5379978106686046,
                        1.2894416442842118,
                        -1.0291405854262712,
                        0.0,
                        0.3531160491695985,
                        2.1761255219061617
                    ],
                    [
                        0.8951621900454261,
                        -1.0291405854262712,
                        2.1011211877902625,
                        0.0,
                        -1.8455552828149973,
                        -3.9172679021687817
                    ],
                    [
                        0.0,
                        0.0,
                        0.0,
                        1.0,
                        -0.7174319561549357,
                        0.2916509154833459
                    ],
                    [
                        -1.1429524322278164,
                        0.3531160491695985,
                        -1.8455552828149973,
                        -0.7174319561549357,
                        3.8222931110710845,
                        4.246761286166192
                    ],
                    [
                        -2.0937881508335505,
                        2.1761255219061617,
                        -3.9172679021687817,
                        0.2916509154833459,
                        4.246761286166192,
                        9.572427186398459
                    ]
                ],
                "mui": [
                    0.0,
                    0.0,
                    0.0,
                    10.0,
                    -7.174319561549357,
                    2.9165091548334585
                ],
                "Ai": [
                    [
                        0.0,
                        0.0,
                        0.0,
                        0.0,
                        0.0,
                        0.0
                    ],
                    [
                        -0.5379978106686046,
                        0.0,
                        0.0,
                        0.0,
                        0.0,
                        0.0
                    ],
                    [
                        0.6005840244036903,
                        -0.5475452869885186,
                        0.0,
                        0.0,
                        0.0,
                        0.0
                    ],
                    [
                        0.0,
                        0.0,
                        0.0,
                        0.0,
                        0.0,
                        0.0
                    ],
                    [
                        -0.7037691996260595,
                        -0.7905922762280873,
                        -0.9657692828828096,
                        -0.7174319561549357,
                        0.0,
                        0.0
                    ],
                    [
                        0.0,
                        0.9728558381781538,
                        -0.5800188133628119,
                        0.9514790968220843,
                        0.9197083788615665,
                        0.0
                    ]
                ]
            },
            "oracle_est_tgt": [
                0,
                3,
                5
            ]
        },
        "4": {
            "intv_type": "hard",
            "inode": 4,
            "new_mui": 10,
            "new_vari": 1.0,
            "noise_type": "gaussian",
            "obs_noise_gamma_shape": null,
            "true_params": {
                "Si": [
                    [
                        1.0,
                        -0.5379978106686046,
                        0.8951621900454261,
                        -0.49974317471213797,
                        0.0,
                        -1.5181004067915271
                    ],
                    [
                        -0.5379978106686046,
                        1.2894416442842118,
                        -1.0291405854262712,
                        0.574539440009116,
                        0.0,
                        2.3980240002429287
                    ],
                    [
                        0.8951621900454261,
                        -1.0291405854262712,
                        2.1011211877902625,
                        -1.1729952231203593,
                        0.0,
                        -3.33597568038278
                    ],
                    [
                        -0.49974317471213797,
                        0.574539440009116,
                        -1.1729952231203593,
                        1.6548493259021515,
                        0.0,
                        2.8138578878570075
                    ],
                    [
                        0.0,
                        0.0,
                        0.0,
                        0.0,
                        1.0,
                        0.9197083788615665
                    ],
                    [
                        -1.5181004067915271,
                        2.3980240002429287,
                        -3.33597568038278,
                        2.8138578878570075,
                        0.9197083788615665,
                        8.791050768142536
                    ]
                ],
                "mui": [
                    0.0,
                    0.0,
                    0.0,
                    0.0,
                    10.0,
                    9.197083788615664
                ],
                "Ai": [
                    [
                        0.0,
                        0.0,
                        0.0,
                        0.0,
                        0.0,
                        0.0
                    ],
                    [
                        -0.5379978106686046,
                        0.0,
                        0.0,
                        0.0,
                        0.0,
                        0.0
                    ],
                    [
                        0.6005840244036903,
                        -0.5475452869885186,
                        0.0,
                        0.0,
                        0.0,
                        0.0
                    ],
                    [
                        -0.0,
                        -0.0,
                        -0.5582710935174529,
                        0.0,
                        0.0,
                        0.0
                    ],
                    [
                        0.0,
                        0.0,
                        0.0,
                        0.0,
                        0.0,
                        0.0
                    ],
                    [
                        0.0,
                        0.9728558381781538,
                        -0.5800188133628119,
                        0.9514790968220843,
                        0.9197083788615665,
                        0.0
                    ]
                ]
            },
            "est_params": {
                "mui": [
                    0.010900158585308798,
                    3.338182160370252,
                    -1.8404026705052627,
                    1.0017572231508254,
                    1.7466855136741142,
                    10.208501345839528
                ],
                "Si": [
                    [
                        0.861276758958251,
                        -0.7928295061238868,
                        0.9871186529866237,
                        -0.4847132140275697,
                        -0.16782793967727117,
                        -1.0206845574179273
                    ],
                    [
                        -0.7928295061238868,
                        23.729450686247734,
                        -13.429338419698286,
                        7.347836435067169,
                        -21.608450063440692,
                        5.708820396083242
                    ],
                    [
                        0.9871186529866237,
                        -13.429338419698286,
                        8.959462880783853,
                        -4.829002502039612,
                        11.411883320025623,
                        -4.671513953770279
                    ],
                    [
                        -0.4847132140275697,
                        7.347836435067169,
                        -4.829002502039612,
                        3.6240426473383383,
                        -7.005104569455484,
                        3.0237655979945304
                    ],
                    [
                        -0.16782793967727122,
                        -21.608450063440692,
                        11.411883320025623,
                        -7.005104569455484,
                        40.17149667994735,
                        -4.41232841293374
                    ],
                    [
                        -1.0206845574179273,
                        5.708820396083242,
                        -4.671513953770279,
                        3.0237655979945304,
                        -4.41232841293374,
                        7.587174786839362
                    ]
                ]
            },
            "est_tgt": [
                0,
                1,
                2,
                3,
                4,
                5
            ],
            "oracle_est_tgt": [
                0,
                4,
                5
            ]
        },
        "5": {
            "intv_type": "hard",
            "inode": 5,
            "new_mui": 10,
            "new_vari": 1.0,
            "noise_type": "gaussian",
            "obs_noise_gamma_shape": null,
            "true_params": {
                "Si": [
                    [
                        1.0,
                        -0.5379978106686046,
                        0.8951621900454261,
                        -0.49974317471213797,
                        -0.7844207088190095,
                        0.0
                    ],
                    [
                        -0.5379978106686046,
                        1.2894416442842118,
                        -1.0291405854262712,
                        0.574539440009116,
                        -0.05907690516430303,
                        0.0
                    ],
                    [
                        0.8951621900454261,
                        -1.0291405854262712,
                        2.1011211877902625,
                        -1.1729952231203593,
                        -1.0040110253313625,
                        0.0
                    ],
                    [
                        -0.49974317471213797,
                        0.574539440009116,
                        -1.1729952231203593,
                        1.6548493259021515,
                        -0.15692162313961688,
                        0.0
                    ],
                    [
                        -0.7844207088190095,
                        -0.05907690516430303,
                        -1.0040110253313625,
                        -0.15692162313961688,
                        2.6809804743347856,
                        0.0
                    ],
                    [
                        0.0,
                        0.0,
                        0.0,
                        0.0,
                        0.0,
                        1.0
                    ]
                ],
                "mui": [
                    0.0,
                    0.0,
                    0.0,
                    0.0,
                    0.0,
                    10.0
                ],
                "Ai": [
                    [
                        0.0,
                        0.0,
                        0.0,
                        0.0,
                        0.0,
                        0.0
                    ],
                    [
                        -0.5379978106686046,
                        0.0,
                        0.0,
                        0.0,
                        0.0,
                        0.0
                    ],
                    [
                        0.6005840244036903,
                        -0.5475452869885186,
                        0.0,
                        0.0,
                        0.0,
                        0.0
                    ],
                    [
                        -0.0,
                        -0.0,
                        -0.5582710935174529,
                        0.0,
                        0.0,
                        0.0
                    ],
                    [
                        -0.7037691996260595,
                        -0.7905922762280873,
                        -0.9657692828828096,
                        -0.7174319561549357,
                        0.0,
                        0.0
                    ],
                    [
                        0.0,
                        0.0,
                        0.0,
                        0.0,
                        0.0,
                        0.0
                    ]
                ]
            },
            "oracle_est_tgt": [
                4,
                5
            ]
        },
        "obs": {
            "intv_type": "obs",
            "noise_type": "gaussian",
            "obs_noise_gamma_shape": null,
            "true_params": {
                "Si": [
                    [
                        1.0,
                        -0.5379978106686046,
                        0.8951621900454261,
                        -0.49974317471213797,
                        -0.7844207088190095,
                        -2.2395387052448994
                    ],
                    [
                        -0.5379978106686046,
                        1.2894416442842118,
                        -1.0291405854262712,
                        0.574539440009116,
                        -0.05907690516430303,
                        2.3436904755661097
                    ],
                    [
                        0.8951621900454261,
                        -1.0291405854262712,
                        2.1011211877902625,
                        -1.1729952231203593,
                        -1.0040110253313625,
                        -4.259373032849426
                    ],
                    [
                        -0.49974317471213797,
                        0.574539440009116,
                        -1.1729952231203593,
                        1.6548493259021515,
                        -0.15692162313961688,
                        2.669535756230945
                    ],
                    [
                        -0.7844207088190095,
                        -0.05907690516430303,
                        -1.0040110253313625,
                        -0.15692162313961688,
                        2.6809804743347856,
                        2.841284532978509
                    ],
                    [
                        -2.2395387052448994,
                        2.3436904755661097,
                        -4.259373032849426,
                        2.669535756230945,
                        2.841284532978509,
                        10.903750116202897
                    ]
                ],
                "mui": [
                    0.0,
                    0.0,
                    0.0,
                    0.0,
                    0.0,
                    0.0
                ],
                "Ai": [
                    [
                        0.0,
                        0.0,
                        0.0,
                        0.0,
                        0.0,
                        0.0
                    ],
                    [
                        -0.5379978106686046,
                        0.0,
                        0.0,
                        0.0,
                        0.0,
                        0.0
                    ],
                    [
                        0.6005840244036903,
                        -0.5475452869885186,
                        0.0,
                        0.0,
                        0.0,
                        0.0
                    ],
                    [
                        -0.0,
                        -0.0,
                        -0.5582710935174529,
                        0.0,
                        0.0,
                        0.0
                    ],
                    [
                        -0.7037691996260595,
                        -0.7905922762280873,
                        -0.9657692828828096,
                        -0.7174319561549357,
                        0.0,
                        0.0
                    ],
                    [
                        0.0,
                        0.9728558381781538,
                        -0.5800188133628119,
                        0.9514790968220843,
                        0.9197083788615665,
                        0.0
                    ]
                ]
            },
            "est_params": {
                "mui": [
                    0.02787177948148189,
                    0.028881210381349522,
                    0.028014946730084537,
                    5.0145269586443115,
                    -3.5915906514857965,
                    1.3905450422661656
                ],
                "Si": [
                    [
                        1.105730863303916,
                        -0.6291249133486784,
                        1.0428673903255956,
                        -0.23900550764959438,
                        -1.1024812367919732,
                        -2.4520911864302004
                    ],
                    [
                        -0.6291249133486785,
                        1.4208690352026816,
                        -1.13750135946673,
                        -0.4330011502831347,
                        0.7497553182899589,
                        2.3293133743403502
                    ],
                    [
                        1.0428673903255956,
                        -1.13750135946673,
                        2.2754477401271993,
                        -0.09857987896216065,
                        -1.9791215574580712,
                        -4.391477127191348
                    ],
                    [
                        -0.23900550764959444,
                        -0.43300115028313463,
                        -0.09857987896216065,
                        26.825445891254674,
                        -18.57486729370402,
                        7.90024102510919
                    ],
                    [
                        -1.1024812367919732,
                        0.7497553182899588,
                        -1.9791215574580712,
                        -18.57486729370402,
                        16.3186676329332,
                        -0.6277270314928188
                    ],
                    [
                        -2.4520911864302004,
                        2.3293133743403502,
                        -4.391477127191348,
                        7.90024102510919,
                        -0.6277270314928188,
                        12.8974667579157
                    ]
                ]
            },
            "est_tgt": [
                0,
                1,
                2,
                3,
                4,
                5
            ],
            "oracle_est_tgt": [
                0,
                1,
                2,
                3,
                4,
                5
            ]
        }
    },
    "metric_dict": {
        "param_est_rel_err": 519.2204088319452,
        "est_num_comp": 3,
        "weight_precision_error": 0.19326999130396189,
        "gm_score_dict": {
            "1": -16.047583898606486,
            "2": -13.551482068485932,
            "3": -12.228708925140907,
            "4": -11.642417918650185,
            "5": -11.064008608741467,
            "6": -10.716555278066997,
            "7": -10.44653538315171
        },
        "est_dag": {
            "amat": [
                [
                    0,
                    0,
                    0,
                    0,
                    0,
                    0
                ],
                [
                    1,
                    0,
                    0,
                    0,
                    1,
                    0
                ],
                [
                    0,
                    0,
                    0,
                    0,
                    1,
                    1
                ],
                [
                    0,
                    0,
                    0,
                    0,
                    1,
                    0
                ],
                [
                    1,
                    0,
                    0,
                    0,
                    0,
                    0
                ],
                [
                    0,
                    0,
                    0,
                    0,
                    1,
                    0
                ]
            ],
            "nodes": [
                0,
                1,
                2,
                3,
                4,
                5
            ]
        },
        "oracle_est_dag": {
            "amat": [
                [
                    0,
                    0,
                    0,
                    0,
                    0,
                    0
                ],
                [
                    1,
                    0,
                    0,
                    0,
                    1,
                    0
                ],
                [
                    0,
                    0,
                    0,
                    0,
                    1,
                    1
                ],
                [
                    0,
                    0,
                    0,
                    0,
                    1,
                    0
                ],
                [
                    1,
                    0,
                    0,
                    0,
                    0,
                    0
                ],
                [
                    0,
                    0,
                    0,
                    0,
                    1,
                    0
                ]
            ],
            "nodes": [
                0,
                1,
                2,
                3,
                4,
                5
            ]
        },
        "igsp_dag": null,
        "intv_base_est_dag": null,
        "act_dag": {
            "amat": [
                [
                    0,
                    1,
                    1,
                    0,
                    1,
                    0
                ],
                [
                    0,
                    0,
                    1,
                    0,
                    1,
                    1
                ],
                [
                    0,
                    0,
                    0,
                    1,
                    1,
                    1
                ],
                [
                    0,
                    0,
                    0,
                    0,
                    1,
                    1
                ],
                [
                    0,
                    0,
                    0,
                    0,
                    0,
                    1
                ],
                [
                    0,
                    0,
                    0,
                    0,
                    0,
                    0
                ]
            ],
            "nodes": [
                0,
                1,
                2,
                3,
                4,
                5
            ]
        },
        "shd": 8,
        "oracle_shd": 8,
        "intv_base_shd": null,
        "igsp_shd": null,
        "avg_js": 0.1111111111111111,
        "avg_oracle_js": 0.2738095238095238
    }
}