{
    "expt_args": {
        "save_dir": "all_expt_logs/expt_logs_sim_compsel_backward_cameraready_new_mean_largerange_re",
        "exp_name": "98",
        "num_nodes": 6,
        "num_tgt_prior": 7,
        "obs_noise_mean": 0.0,
        "obs_noise_var": 1.0,
        "obs_noise_gamma_shape": null,
        "noise_type": "gaussian",
        "max_edge_strength": 1.0,
        "graph_sparsity_method": "adj_dense_prop",
        "adj_dense_prop": 0.8,
        "num_parents": null,
        "new_noise_mean": 1.0,
        "mix_samples": 1048576,
        "stage2_samples": 1048576,
        "gmm_tol": 0.001,
        "intv_type": "hard",
        "new_noise_var": 1.0,
        "dtype": "simulation",
        "cutoff_drop_ratio": 0.07,
        "intv_targets": [
            0,
            1,
            2,
            3,
            4,
            5
        ]
    },
    "intv_args_dict": {
        "0": {
            "intv_type": "hard",
            "inode": 0,
            "new_mui": 1.0,
            "new_vari": 1.0,
            "noise_type": "gaussian",
            "obs_noise_gamma_shape": null,
            "true_params": {
                "Si": [
                    [
                        1.0,
                        0.0,
                        0.5725160747359495,
                        0.22697011216657792,
                        0.4931771050993832,
                        1.2969037039292166
                    ],
                    [
                        0.0,
                        1.0,
                        -0.8871601215707151,
                        -0.2491667772703734,
                        -0.7186575632563513,
                        -1.5451260608308817
                    ],
                    [
                        0.5725160747359495,
                        -0.8871601215707151,
                        2.1148277371364252,
                        -0.2874838539575171,
                        1.2582060112905553,
                        3.7865800848750806
                    ],
                    [
                        0.22697011216657792,
                        -0.2491667772703734,
                        -0.2874838539575171,
                        1.5212545906970845,
                        -0.45482615392264036,
                        -1.5084892895724202
                    ],
                    [
                        0.4931771050993832,
                        -0.7186575632563513,
                        1.2582060112905553,
                        -0.45482615392264036,
                        2.1548599747542787,
                        3.451274218568268
                    ],
                    [
                        1.2969037039292166,
                        -1.5451260608308817,
                        3.7865800848750806,
                        -1.5084892895724202,
                        3.451274218568268,
                        9.416369072303745
                    ]
                ],
                "mui": [
                    1.0,
                    0.0,
                    0.5725160747359495,
                    0.22697011216657792,
                    0.4931771050993832,
                    1.2969037039292166
                ],
                "Ai": [
                    [
                        0.0,
                        0.0,
                        0.0,
                        0.0,
                        0.0,
                        0.0
                    ],
                    [
                        -0.0,
                        0.0,
                        0.0,
                        0.0,
                        0.0,
                        0.0
                    ],
                    [
                        0.5725160747359495,
                        -0.8871601215707151,
                        0.0,
                        0.0,
                        0.0,
                        0.0
                    ],
                    [
                        0.5925094427846738,
                        -0.8155996361898276,
                        -0.6384787200720722,
                        0.0,
                        0.0,
                        0.0
                    ],
                    [
                        0.6134343431198808,
                        -0.8506754230308239,
                        -0.0,
                        -0.5298373291204015,
                        0.0,
                        0.0
                    ],
                    [
                        0.6696902897163819,
                        -0.5125616979074352,
                        0.9585495972671503,
                        -0.8322698540406281,
                        0.5420542452316646,
                        0.0
                    ]
                ]
            },
            "oracle_est_tgt": [
                0
            ]
        },
        "1": {
            "intv_type": "hard",
            "inode": 1,
            "new_mui": 1.0,
            "new_vari": 1.0,
            "noise_type": "gaussian",
            "obs_noise_gamma_shape": null,
            "true_params": {
                "Si": [
                    [
                        1.0,
                        0.0,
                        0.5725160747359495,
                        0.22697011216657792,
                        0.4931771050993832,
                        1.2969037039292166
                    ],
                    [
                        0.0,
                        1.0,
                        -0.8871601215707151,
                        -0.2491667772703734,
                        -0.7186575632563513,
                        -1.5451260608308817
                    ],
                    [
                        0.5725160747359495,
                        -0.8871601215707151,
                        2.1148277371364252,
                        -0.2874838539575171,
                        1.2582060112905553,
                        3.7865800848750806
                    ],
                    [
                        0.22697011216657792,
                        -0.2491667772703734,
                        -0.2874838539575171,
                        1.5212545906970845,
                        -0.45482615392264036,
                        -1.5084892895724202
                    ],
                    [
                        0.4931771050993832,
                        -0.7186575632563513,
                        1.2582060112905553,
                        -0.45482615392264036,
                        2.1548599747542787,
                        3.451274218568268
                    ],
                    [
                        1.2969037039292166,
                        -1.5451260608308817,
                        3.7865800848750806,
                        -1.5084892895724202,
                        3.451274218568268,
                        9.416369072303745
                    ]
                ],
                "mui": [
                    0.0,
                    1.0,
                    -0.8871601215707151,
                    -0.2491667772703734,
                    -0.7186575632563513,
                    -1.5451260608308817
                ],
                "Ai": [
                    [
                        0.0,
                        0.0,
                        0.0,
                        0.0,
                        0.0,
                        0.0
                    ],
                    [
                        0.0,
                        0.0,
                        0.0,
                        0.0,
                        0.0,
                        0.0
                    ],
                    [
                        0.5725160747359495,
                        -0.8871601215707151,
                        0.0,
                        0.0,
                        0.0,
                        0.0
                    ],
                    [
                        0.5925094427846738,
                        -0.8155996361898276,
                        -0.6384787200720722,
                        0.0,
                        0.0,
                        0.0
                    ],
                    [
                        0.6134343431198808,
                        -0.8506754230308239,
                        -0.0,
                        -0.5298373291204015,
                        0.0,
                        0.0
                    ],
                    [
                        0.6696902897163819,
                        -0.5125616979074352,
                        0.9585495972671503,
                        -0.8322698540406281,
                        0.5420542452316646,
                        0.0
                    ]
                ]
            },
            "oracle_est_tgt": [
                1
            ]
        },
        "2": {
            "intv_type": "hard",
            "inode": 2,
            "new_mui": 1.0,
            "new_vari": 1.0,
            "noise_type": "gaussian",
            "obs_noise_gamma_shape": null,
            "true_params": {
                "Si": [
                    [
                        1.0,
                        0.0,
                        0.0,
                        0.5925094427846738,
                        0.2995007224762319,
                        0.33890818032047965
                    ],
                    [
                        0.0,
                        1.0,
                        0.0,
                        -0.8155996361898276,
                        -0.4185402901604345,
                        -0.06063424882209423
                    ],
                    [
                        0.0,
                        0.0,
                        1.0,
                        -0.6384787200720722,
                        0.3382898597431992,
                        1.6733076430222065
                    ],
                    [
                        0.5925094427846738,
                        -0.8155996361898276,
                        -0.6384787200720722,
                        2.4239252823268553,
                        -0.22700989120896553,
                        -1.937582181419384
                    ],
                    [
                        0.2995007224762319,
                        -0.4185402901604345,
                        0.3382898597431992,
                        -0.22700989120896553,
                        1.6600442817858796,
                        1.828135595425931
                    ],
                    [
                        0.33890818032047965,
                        -0.06063424882209423,
                        1.6733076430222065,
                        -1.937582181419384,
                        1.828135595425931,
                        5.465530577998025
                    ]
                ],
                "mui": [
                    0.0,
                    0.0,
                    1.0,
                    -0.6384787200720722,
                    0.3382898597431992,
                    1.6733076430222065
                ],
                "Ai": [
                    [
                        0.0,
                        0.0,
                        0.0,
                        0.0,
                        0.0,
                        0.0
                    ],
                    [
                        -0.0,
                        0.0,
                        0.0,
                        0.0,
                        0.0,
                        0.0
                    ],
                    [
                        0.0,
                        0.0,
                        0.0,
                        0.0,
                        0.0,
                        0.0
                    ],
                    [
                        0.5925094427846738,
                        -0.8155996361898276,
                        -0.6384787200720722,
                        0.0,
                        0.0,
                        0.0
                    ],
                    [
                        0.6134343431198808,
                        -0.8506754230308239,
                        -0.0,
                        -0.5298373291204015,
                        0.0,
                        0.0
                    ],
                    [
                        0.6696902897163819,
                        -0.5125616979074352,
                        0.9585495972671503,
                        -0.8322698540406281,
                        0.5420542452316646,
                        0.0
                    ]
                ]
            },
            "oracle_est_tgt": [
                2
            ]
        },
        "3": {
            "intv_type": "hard",
            "inode": 3,
            "new_mui": 1.0,
            "new_vari": 1.0,
            "noise_type": "gaussian",
            "obs_noise_gamma_shape": null,
            "true_params": {
                "Si": [
                    [
                        1.0,
                        0.0,
                        0.5725160747359495,
                        0.0,
                        0.6134343431198808,
                        1.550990032442525
                    ],
                    [
                        0.0,
                        1.0,
                        -0.8871601215707151,
                        0.0,
                        -0.8506754230308239,
                        -1.8240608995186205
                    ],
                    [
                        0.5725160747359495,
                        -0.8871601215707151,
                        2.1148277371364252,
                        0.0,
                        1.105886333944465,
                        3.4647504119650545
                    ],
                    [
                        0.0,
                        0.0,
                        0.0,
                        1.0,
                        -0.5298373291204015,
                        -1.1194704275725484
                    ],
                    [
                        0.6134343431198808,
                        -0.8506754230308239,
                        1.105886333944465,
                        -0.5298373291204015,
                        2.3806779639970315,
                        3.638305795674828
                    ],
                    [
                        1.550990032442525,
                        -1.8240608995186205,
                        3.4647504119650545,
                        -1.1194704275725484,
                        3.638305795674828,
                        9.198622419292894
                    ]
                ],
                "mui": [
                    0.0,
                    0.0,
                    0.0,
                    1.0,
                    -0.5298373291204015,
                    -1.1194704275725484
                ],
                "Ai": [
                    [
                        0.0,
                        0.0,
                        0.0,
                        0.0,
                        0.0,
                        0.0
                    ],
                    [
                        -0.0,
                        0.0,
                        0.0,
                        0.0,
                        0.0,
                        0.0
                    ],
                    [
                        0.5725160747359495,
                        -0.8871601215707151,
                        0.0,
                        0.0,
                        0.0,
                        0.0
                    ],
                    [
                        0.0,
                        0.0,
                        0.0,
                        0.0,
                        0.0,
                        0.0
                    ],
                    [
                        0.6134343431198808,
                        -0.8506754230308239,
                        -0.0,
                        -0.5298373291204015,
                        0.0,
                        0.0
                    ],
                    [
                        0.6696902897163819,
                        -0.5125616979074352,
                        0.9585495972671503,
                        -0.8322698540406281,
                        0.5420542452316646,
                        0.0
                    ]
                ]
            },
            "oracle_est_tgt": [
                3
            ]
        },
        "4": {
            "intv_type": "hard",
            "inode": 4,
            "new_mui": 1.0,
            "new_vari": 1.0,
            "noise_type": "gaussian",
            "obs_noise_gamma_shape": null,
            "true_params": {
                "Si": [
                    [
                        1.0,
                        0.0,
                        0.5725160747359495,
                        0.22697011216657792,
                        0.0,
                        1.0295749604590332
                    ],
                    [
                        0.0,
                        1.0,
                        -0.8871601215707151,
                        -0.2491667772703734,
                        0.0,
                        -1.155574677799933
                    ],
                    [
                        0.5725160747359495,
                        -0.8871601215707151,
                        2.1148277371364252,
                        -0.2874838539575171,
                        0.0,
                        3.1045641750790356
                    ],
                    [
                        0.22697011216657792,
                        -0.2491667772703734,
                        -0.2874838539575171,
                        1.5212545906970845,
                        0.0,
                        -1.2619488419962626
                    ],
                    [
                        0.0,
                        0.0,
                        0.0,
                        0.0,
                        1.0,
                        0.5420542452316646
                    ],
                    [
                        1.0295749604590332,
                        -1.155574677799933,
                        3.1045641750790356,
                        -1.2619488419962626,
                        0.5420542452316646,
                        6.601783195487185
                    ]
                ],
                "mui": [
                    0.0,
                    0.0,
                    0.0,
                    0.0,
                    1.0,
                    0.5420542452316646
                ],
                "Ai": [
                    [
                        0.0,
                        0.0,
                        0.0,
                        0.0,
                        0.0,
                        0.0
                    ],
                    [
                        -0.0,
                        0.0,
                        0.0,
                        0.0,
                        0.0,
                        0.0
                    ],
                    [
                        0.5725160747359495,
                        -0.8871601215707151,
                        0.0,
                        0.0,
                        0.0,
                        0.0
                    ],
                    [
                        0.5925094427846738,
                        -0.8155996361898276,
                        -0.6384787200720722,
                        0.0,
                        0.0,
                        0.0
                    ],
                    [
                        0.0,
                        0.0,
                        0.0,
                        0.0,
                        0.0,
                        0.0
                    ],
                    [
                        0.6696902897163819,
                        -0.5125616979074352,
                        0.9585495972671503,
                        -0.8322698540406281,
                        0.5420542452316646,
                        0.0
                    ]
                ]
            },
            "oracle_est_tgt": [
                4
            ]
        },
        "5": {
            "intv_type": "hard",
            "inode": 5,
            "new_mui": 1.0,
            "new_vari": 1.0,
            "noise_type": "gaussian",
            "obs_noise_gamma_shape": null,
            "true_params": {
                "Si": [
                    [
                        1.0,
                        0.0,
                        0.5725160747359495,
                        0.22697011216657792,
                        0.4931771050993832,
                        0.0
                    ],
                    [
                        0.0,
                        1.0,
                        -0.8871601215707151,
                        -0.2491667772703734,
                        -0.7186575632563513,
                        0.0
                    ],
                    [
                        0.5725160747359495,
                        -0.8871601215707151,
                        2.1148277371364252,
                        -0.2874838539575171,
                        1.2582060112905553,
                        0.0
                    ],
                    [
                        0.22697011216657792,
                        -0.2491667772703734,
                        -0.2874838539575171,
                        1.5212545906970845,
                        -0.45482615392264036,
                        0.0
                    ],
                    [
                        0.4931771050993832,
                        -0.7186575632563513,
                        1.2582060112905553,
                        -0.45482615392264036,
                        2.1548599747542787,
                        0.0
                    ],
                    [
                        0.0,
                        0.0,
                        0.0,
                        0.0,
                        0.0,
                        1.0
                    ]
                ],
                "mui": [
                    0.0,
                    0.0,
                    0.0,
                    0.0,
                    0.0,
                    1.0
                ],
                "Ai": [
                    [
                        0.0,
                        0.0,
                        0.0,
                        0.0,
                        0.0,
                        0.0
                    ],
                    [
                        -0.0,
                        0.0,
                        0.0,
                        0.0,
                        0.0,
                        0.0
                    ],
                    [
                        0.5725160747359495,
                        -0.8871601215707151,
                        0.0,
                        0.0,
                        0.0,
                        0.0
                    ],
                    [
                        0.5925094427846738,
                        -0.8155996361898276,
                        -0.6384787200720722,
                        0.0,
                        0.0,
                        0.0
                    ],
                    [
                        0.6134343431198808,
                        -0.8506754230308239,
                        -0.0,
                        -0.5298373291204015,
                        0.0,
                        0.0
                    ],
                    [
                        0.0,
                        0.0,
                        0.0,
                        0.0,
                        0.0,
                        0.0
                    ]
                ]
            },
            "oracle_est_tgt": [
                5
            ]
        },
        "obs": {
            "intv_type": "obs",
            "noise_type": "gaussian",
            "obs_noise_gamma_shape": null,
            "true_params": {
                "Si": [
                    [
                        1.0,
                        0.0,
                        0.5725160747359495,
                        0.22697011216657792,
                        0.4931771050993832,
                        1.2969037039292166
                    ],
                    [
                        0.0,
                        1.0,
                        -0.8871601215707151,
                        -0.2491667772703734,
                        -0.7186575632563513,
                        -1.5451260608308817
                    ],
                    [
                        0.5725160747359495,
                        -0.8871601215707151,
                        2.1148277371364252,
                        -0.2874838539575171,
                        1.2582060112905553,
                        3.7865800848750806
                    ],
                    [
                        0.22697011216657792,
                        -0.2491667772703734,
                        -0.2874838539575171,
                        1.5212545906970845,
                        -0.45482615392264036,
                        -1.5084892895724202
                    ],
                    [
                        0.4931771050993832,
                        -0.7186575632563513,
                        1.2582060112905553,
                        -0.45482615392264036,
                        2.1548599747542787,
                        3.451274218568268
                    ],
                    [
                        1.2969037039292166,
                        -1.5451260608308817,
                        3.7865800848750806,
                        -1.5084892895724202,
                        3.451274218568268,
                        9.416369072303745
                    ]
                ],
                "mui": [
                    0.0,
                    0.0,
                    0.0,
                    0.0,
                    0.0,
                    0.0
                ],
                "Ai": [
                    [
                        0.0,
                        0.0,
                        0.0,
                        0.0,
                        0.0,
                        0.0
                    ],
                    [
                        -0.0,
                        0.0,
                        0.0,
                        0.0,
                        0.0,
                        0.0
                    ],
                    [
                        0.5725160747359495,
                        -0.8871601215707151,
                        0.0,
                        0.0,
                        0.0,
                        0.0
                    ],
                    [
                        0.5925094427846738,
                        -0.8155996361898276,
                        -0.6384787200720722,
                        0.0,
                        0.0,
                        0.0
                    ],
                    [
                        0.6134343431198808,
                        -0.8506754230308239,
                        -0.0,
                        -0.5298373291204015,
                        0.0,
                        0.0
                    ],
                    [
                        0.6696902897163819,
                        -0.5125616979074352,
                        0.9585495972671503,
                        -0.8322698540406281,
                        0.5420542452316646,
                        0.0
                    ]
                ]
            },
            "est_params": {
                "mui": [
                    0.1418578722594361,
                    0.14183643051301734,
                    0.09832715572237938,
                    0.047050396807602514,
                    0.0837381715361748,
                    0.2644926836035237
                ],
                "Si": [
                    [
                        1.1225190902094373,
                        -0.020878325356299927,
                        0.5586777445024241,
                        0.2719976036414153,
                        0.4689905156318723,
                        1.1214714361773492
                    ],
                    [
                        -0.020878325356299927,
                        1.1211866847576981,
                        -0.9012295925231227,
                        -0.336628152528761,
                        -0.7042798643306513,
                        -1.3543010002644955
                    ],
                    [
                        0.5586777445024241,
                        -0.9012295925231227,
                        2.249110728557755,
                        -0.34316631147633053,
                        1.0954835657661568,
                        3.3192292628028386
                    ],
                    [
                        0.2719976036414153,
                        -0.336628152528761,
                        -0.34316631147633053,
                        1.789966272290541,
                        -0.438456760170041,
                        -1.493165515290637
                    ],
                    [
                        0.4689905156318723,
                        -0.7042798643306513,
                        1.0954835657661568,
                        -0.438456760170041,
                        2.2477292915649674,
                        2.8069227573653075
                    ],
                    [
                        1.1214714361773492,
                        -1.3543010002644955,
                        3.3192292628028386,
                        -1.493165515290637,
                        2.8069227573653075,
                        8.492897208806568
                    ]
                ]
            },
            "est_tgt": [
                0,
                1,
                2,
                3,
                4,
                5
            ],
            "oracle_est_tgt": [
                0,
                1,
                2,
                3,
                4,
                5
            ]
        }
    },
    "metric_dict": {
        "param_est_rel_err": 6.336138267411361,
        "est_num_comp": 1,
        "weight_precision_error": 0.0,
        "gm_score_dict": {
            "1": -9.330201858160292,
            "2": -9.145914539757,
            "3": -9.111384077879514,
            "4": -9.109689092117005,
            "5": -9.098111032409685,
            "6": -9.091559826671947,
            "7": -9.091768717651965
        },
        "est_dag": {
            "amat": [
                [
                    0,
                    0,
                    1,
                    1,
                    1,
                    1
                ],
                [
                    0,
                    0,
                    1,
                    1,
                    1,
                    1
                ],
                [
                    0,
                    0,
                    0,
                    0,
                    0,
                    1
                ],
                [
                    0,
                    0,
                    1,
                    0,
                    0,
                    1
                ],
                [
                    0,
                    0,
                    0,
                    1,
                    0,
                    1
                ],
                [
                    0,
                    0,
                    0,
                    0,
                    0,
                    0
                ]
            ],
            "nodes": [
                0,
                1,
                2,
                3,
                4,
                5
            ]
        },
        "oracle_est_dag": {
            "amat": [
                [
                    0,
                    0,
                    1,
                    1,
                    1,
                    1
                ],
                [
                    0,
                    0,
                    1,
                    1,
                    1,
                    1
                ],
                [
                    0,
                    0,
                    0,
                    1,
                    0,
                    1
                ],
                [
                    0,
                    0,
                    0,
                    0,
                    1,
                    1
                ],
                [
                    0,
                    0,
                    0,
                    0,
                    0,
                    1
                ],
                [
                    0,
                    0,
                    0,
                    0,
                    0,
                    0
                ]
            ],
            "nodes": [
                0,
                1,
                2,
                3,
                4,
                5
            ]
        },
        "igsp_dag": null,
        "intv_base_est_dag": null,
        "act_dag": {
            "amat": [
                [
                    0,
                    0,
                    1,
                    1,
                    1,
                    1
                ],
                [
                    0,
                    0,
                    1,
                    1,
                    1,
                    1
                ],
                [
                    0,
                    0,
                    0,
                    1,
                    0,
                    1
                ],
                [
                    0,
                    0,
                    0,
                    0,
                    1,
                    1
                ],
                [
                    0,
                    0,
                    0,
                    0,
                    0,
                    1
                ],
                [
                    0,
                    0,
                    0,
                    0,
                    0,
                    0
                ]
            ],
            "nodes": [
                0,
                1,
                2,
                3,
                4,
                5
            ]
        },
        "shd": 2,
        "oracle_shd": 0,
        "intv_base_shd": null,
        "igsp_shd": null,
        "avg_js": 0.0,
        "avg_oracle_js": 0.8571428571428571
    }
}