{
    "expt_args": {
        "save_dir": "all_expt_logs/expt_logs_sim_compsel_backward_cameraready_new_mean_largerange_re",
        "exp_name": "289",
        "num_nodes": 6,
        "num_tgt_prior": 7,
        "obs_noise_mean": 0.0,
        "obs_noise_var": 1.0,
        "obs_noise_gamma_shape": null,
        "noise_type": "gaussian",
        "max_edge_strength": 1.0,
        "graph_sparsity_method": "adj_dense_prop",
        "adj_dense_prop": 0.8,
        "num_parents": null,
        "new_noise_mean": 100,
        "mix_samples": 8192,
        "stage2_samples": 8192,
        "gmm_tol": 0.001,
        "intv_type": "hard",
        "new_noise_var": 1.0,
        "dtype": "simulation",
        "cutoff_drop_ratio": 0.07,
        "intv_targets": [
            0,
            1,
            2,
            3,
            4,
            5
        ]
    },
    "intv_args_dict": {
        "0": {
            "intv_type": "hard",
            "inode": 0,
            "new_mui": 100,
            "new_vari": 1.0,
            "noise_type": "gaussian",
            "obs_noise_gamma_shape": null,
            "true_params": {
                "Si": [
                    [
                        1.0,
                        -0.6427380927161433,
                        0.5633423959352152,
                        -0.413543831386962,
                        0.41066925267958543,
                        0.812512903499739
                    ],
                    [
                        -0.6427380927161433,
                        1.4131122558283857,
                        -0.3620816171095427,
                        1.248784606302053,
                        1.312139033969772,
                        0.8441946682568838
                    ],
                    [
                        0.5633423959352152,
                        -0.3620816171095427,
                        1.3173546550580286,
                        -0.8403326102075984,
                        0.4467132839838993,
                        0.8252822404029058
                    ],
                    [
                        -0.413543831386962,
                        1.248784606302053,
                        -0.8403326102075984,
                        2.5061697629858024,
                        2.2196576833804156,
                        2.4101777272831866
                    ],
                    [
                        0.41066925267958543,
                        1.312139033969772,
                        0.4467132839838993,
                        2.2196576833804156,
                        4.64197673534005,
                        4.9004448465577095
                    ],
                    [
                        0.812512903499739,
                        0.8441946682568838,
                        0.8252822404029058,
                        2.4101777272831866,
                        4.9004448465577095,
                        6.876932451672264
                    ]
                ],
                "mui": [
                    100.0,
                    -64.27380927161434,
                    56.33423959352152,
                    -41.3543831386962,
                    41.066925267958545,
                    81.2512903499739
                ],
                "Ai": [
                    [
                        0.0,
                        0.0,
                        0.0,
                        0.0,
                        0.0,
                        0.0
                    ],
                    [
                        -0.6427380927161433,
                        0.0,
                        0.0,
                        0.0,
                        0.0,
                        0.0
                    ],
                    [
                        0.5633423959352152,
                        -0.0,
                        0.0,
                        0.0,
                        0.0,
                        0.0
                    ],
                    [
                        0.5604125056683749,
                        0.9829842328618705,
                        -0.6073658374098386,
                        0.0,
                        0.0,
                        0.0
                    ],
                    [
                        0.7581870636778352,
                        0.621594550177646,
                        0.8051302007289329,
                        0.9710199045793781,
                        0.0,
                        0.0
                    ],
                    [
                        0.0,
                        -0.7013776532828555,
                        0.747520616006518,
                        0.893258695020988,
                        0.7548710663359086,
                        0.0
                    ]
                ]
            },
            "est_params": {
                "mui": [
                    100.01364638157084,
                    -64.30691517964311,
                    56.38949341205798,
                    -41.42077686503489,
                    41.000927552803276,
                    81.22840511237247
                ],
                "Si": [
                    [
                        0.966008843454852,
                        -0.5983371779359862,
                        0.5331264741799974,
                        -0.3572984206378429,
                        0.4459080290832745,
                        0.7574277236234243
                    ],
                    [
                        -0.5983371779359862,
                        1.318199660113632,
                        -0.37896787339459054,
                        1.1977740806580075,
                        1.2641779375833202,
                        0.8363960584006209
                    ],
                    [
                        0.5331264741799974,
                        -0.37896787339459054,
                        1.3127979675313584,
                        -0.8544136484956514,
                        0.3850021632211441,
                        0.7530642611085602
                    ],
                    [
                        -0.3572984206378429,
                        1.1977740806580075,
                        -0.8544136484956514,
                        2.5027599167797727,
                        2.2581239765162184,
                        2.4675294604932354
                    ],
                    [
                        0.4459080290832745,
                        1.2641779375833202,
                        0.3850021632211441,
                        2.2581239765162184,
                        4.671176293790697,
                        4.8438383008071435
                    ],
                    [
                        0.7574277236234243,
                        0.8363960584006209,
                        0.7530642611085602,
                        2.4675294604932354,
                        4.8438383008071435,
                        6.803558585357918
                    ]
                ]
            },
            "est_tgt": [
                0,
                1,
                2,
                4
            ],
            "oracle_est_tgt": [
                0,
                4
            ]
        },
        "1": {
            "intv_type": "hard",
            "inode": 1,
            "new_mui": 100,
            "new_vari": 1.0,
            "noise_type": "gaussian",
            "obs_noise_gamma_shape": null,
            "true_params": {
                "Si": [
                    [
                        1.0,
                        0.0,
                        0.5633423959352152,
                        0.21825757961271802,
                        1.4236834941255405,
                        1.6907680129107547
                    ],
                    [
                        0.0,
                        1.0,
                        0.0,
                        0.9829842328618705,
                        1.5760918061742126,
                        1.366427662159562
                    ],
                    [
                        0.5633423959352152,
                        0.0,
                        1.3173546550580286,
                        -0.4844120895797891,
                        1.0173871538765582,
                        1.3200405779808517
                    ],
                    [
                        0.21825757961271802,
                        0.9829842328618705,
                        -0.4844120895797891,
                        2.3827876335659965,
                        2.7002171331287697,
                        3.1152103606323194
                    ],
                    [
                        1.4236834941255405,
                        1.5760918061742126,
                        1.0173871538765582,
                        2.7002171331287697,
                        6.500202191689149,
                        6.973889292061433
                    ],
                    [
                        1.6907680129107547,
                        1.366427662159562,
                        1.3200405779808517,
                        3.1152103606323194,
                        6.973889292061433,
                        9.07545170680087
                    ]
                ],
                "mui": [
                    0.0,
                    100.0,
                    0.0,
                    98.29842328618706,
                    157.60918061742126,
                    136.6427662159562
                ],
                "Ai": [
                    [
                        0.0,
                        0.0,
                        0.0,
                        0.0,
                        0.0,
                        0.0
                    ],
                    [
                        0.0,
                        0.0,
                        0.0,
                        0.0,
                        0.0,
                        0.0
                    ],
                    [
                        0.5633423959352152,
                        -0.0,
                        0.0,
                        0.0,
                        0.0,
                        0.0
                    ],
                    [
                        0.5604125056683749,
                        0.9829842328618705,
                        -0.6073658374098386,
                        0.0,
                        0.0,
                        0.0
                    ],
                    [
                        0.7581870636778352,
                        0.621594550177646,
                        0.8051302007289329,
                        0.9710199045793781,
                        0.0,
                        0.0
                    ],
                    [
                        0.0,
                        -0.7013776532828555,
                        0.747520616006518,
                        0.893258695020988,
                        0.7548710663359086,
                        0.0
                    ]
                ]
            },
            "est_params": {
                "mui": [
                    0.047028381176321035,
                    100.01516679924077,
                    0.03564070996409953,
                    98.36609057319428,
                    157.74310503756553,
                    136.8020543211993
                ],
                "Si": [
                    [
                        1.0762056255463188,
                        0.041856346543108734,
                        0.6693996729775643,
                        0.26645209027083633,
                        1.6421552060774223,
                        1.9573193456821254
                    ],
                    [
                        0.041856346543108734,
                        0.9420573710851328,
                        -0.0033643716443903186,
                        0.97813819885057,
                        1.6132485680097206,
                        1.4001010975764974
                    ],
                    [
                        0.6693996729775643,
                        -0.0033643716443903186,
                        1.43944828458819,
                        -0.5039531810683645,
                        1.1563709233493158,
                        1.5035681924736537
                    ],
                    [
                        0.26645209027083633,
                        0.97813819885057,
                        -0.5039531810683645,
                        2.5018124159067554,
                        2.9282369370952894,
                        3.366393881760924
                    ],
                    [
                        1.6421552060774223,
                        1.6132485680097206,
                        1.1563709233493158,
                        2.9282369370952894,
                        7.199135683265584,
                        7.731449212786321
                    ],
                    [
                        1.9573193456821254,
                        1.4001010975764974,
                        1.5035681924736537,
                        3.366393881760924,
                        7.731449212786321,
                        10.038522821089352
                    ]
                ]
            },
            "est_tgt": [
                0,
                1,
                3,
                4
            ],
            "oracle_est_tgt": [
                1,
                3,
                4
            ]
        },
        "2": {
            "intv_type": "hard",
            "inode": 2,
            "new_mui": 100,
            "new_vari": 1.0,
            "noise_type": "gaussian",
            "obs_noise_gamma_shape": null,
            "true_params": {
                "Si": [
                    [
                        1.0,
                        -0.6427380927161433,
                        0.0,
                        -0.07138890533130515,
                        0.28934452001107575,
                        0.605451181088741
                    ],
                    [
                        -0.6427380927161433,
                        1.4131122558283857,
                        0.0,
                        1.028868601715607,
                        1.3901190612444259,
                        0.9772811247938482
                    ],
                    [
                        0.0,
                        0.0,
                        1.0,
                        -0.6073658374098386,
                        0.21536588324245734,
                        0.3675592746170845
                    ],
                    [
                        -0.07138890533130515,
                        1.028868601715607,
                        -0.6073658374098386,
                        2.340247638311997,
                        2.3688314310191494,
                        2.702964929398342
                    ],
                    [
                        0.28934452001107575,
                        1.3901190612444259,
                        0.21536588324245734,
                        2.3688314310191494,
                        4.55704775150408,
                        4.741954761067213
                    ],
                    [
                        0.605451181088741,
                        0.9772811247938482,
                        0.3675592746170845,
                        2.702964929398342,
                        4.741954761067213,
                        6.583326366000438
                    ]
                ],
                "mui": [
                    0.0,
                    0.0,
                    100.0,
                    -60.73658374098386,
                    21.536588324245734,
                    36.755927461708445
                ],
                "Ai": [
                    [
                        0.0,
                        0.0,
                        0.0,
                        0.0,
                        0.0,
                        0.0
                    ],
                    [
                        -0.6427380927161433,
                        0.0,
                        0.0,
                        0.0,
                        0.0,
                        0.0
                    ],
                    [
                        0.0,
                        0.0,
                        0.0,
                        0.0,
                        0.0,
                        0.0
                    ],
                    [
                        0.5604125056683749,
                        0.9829842328618705,
                        -0.6073658374098386,
                        0.0,
                        0.0,
                        0.0
                    ],
                    [
                        0.7581870636778352,
                        0.621594550177646,
                        0.8051302007289329,
                        0.9710199045793781,
                        0.0,
                        0.0
                    ],
                    [
                        0.0,
                        -0.7013776532828555,
                        0.747520616006518,
                        0.893258695020988,
                        0.7548710663359086,
                        0.0
                    ]
                ]
            },
            "est_params": {
                "mui": [
                    -0.0600002369574613,
                    0.07295300398828447,
                    99.93454516682911,
                    -60.673260113252994,
                    21.56668186597749,
                    36.70395391281587
                ],
                "Si": [
                    [
                        0.9675690660016265,
                        -0.5932970704454109,
                        -0.008286394704296322,
                        -0.03536179259189055,
                        0.36605008242709003,
                        0.6790649087385574
                    ],
                    [
                        -0.5932970704454109,
                        1.3433279745593392,
                        0.027016779375085048,
                        0.9974147750412541,
                        1.3450917039451884,
                        0.9254472886796876
                    ],
                    [
                        -0.008286394704296322,
                        0.027016779375085048,
                        1.0200774523827092,
                        -0.5544449904797305,
                        0.28672168012686106,
                        0.44181552799699453
                    ],
                    [
                        -0.03536179259189055,
                        0.9974147750412541,
                        -0.5544449904797305,
                        2.3257882606138254,
                        2.341593887738358,
                        2.6508795119914312
                    ],
                    [
                        0.36605008242709003,
                        1.3450917039451884,
                        0.28672168012686106,
                        2.341593887738358,
                        4.575664951378793,
                        4.689852444108073
                    ],
                    [
                        0.6790649087385574,
                        0.9254472886796876,
                        0.44181552799699453,
                        2.6508795119914312,
                        4.689852444108073,
                        6.478375635161395
                    ]
                ]
            },
            "est_tgt": [
                0,
                1,
                2,
                4
            ],
            "oracle_est_tgt": [
                1,
                2,
                5
            ]
        },
        "3": {
            "intv_type": "hard",
            "inode": 3,
            "new_mui": 100,
            "new_vari": 1.0,
            "noise_type": "gaussian",
            "obs_noise_gamma_shape": null,
            "true_params": {
                "Si": [
                    [
                        1.0,
                        -0.6427380927161433,
                        0.5633423959352152,
                        0.0,
                        0.8122285443723437,
                        1.4850400173756408
                    ],
                    [
                        -0.6427380927161433,
                        1.4131122558283857,
                        -0.3620816171095427,
                        0.0,
                        0.09954432471815633,
                        -1.1866457007368343
                    ],
                    [
                        0.5633423959352152,
                        -0.3620816171095427,
                        1.3173546550580286,
                        0.0,
                        1.2626929749626212,
                        2.191876110618079
                    ],
                    [
                        0.0,
                        0.0,
                        0.0,
                        1.0,
                        0.9710199045793781,
                        1.6262535258242155
                    ],
                    [
                        0.8122285443723437,
                        0.09954432471815633,
                        1.2626929749626212,
                        0.9710199045793781,
                        3.637209288318923,
                        4.487066892366871
                    ],
                    [
                        1.4850400173756408,
                        -1.1866457007368343,
                        2.191876110618079,
                        1.6262535258242155,
                        4.487066892366871,
                        8.31058142929274
                    ]
                ],
                "mui": [
                    0.0,
                    0.0,
                    0.0,
                    100.0,
                    97.10199045793782,
                    162.62535258242156
                ],
                "Ai": [
                    [
                        0.0,
                        0.0,
                        0.0,
                        0.0,
                        0.0,
                        0.0
                    ],
                    [
                        -0.6427380927161433,
                        0.0,
                        0.0,
                        0.0,
                        0.0,
                        0.0
                    ],
                    [
                        0.5633423959352152,
                        -0.0,
                        0.0,
                        0.0,
                        0.0,
                        0.0
                    ],
                    [
                        0.0,
                        0.0,
                        0.0,
                        0.0,
                        0.0,
                        0.0
                    ],
                    [
                        0.7581870636778352,
                        0.621594550177646,
                        0.8051302007289329,
                        0.9710199045793781,
                        0.0,
                        0.0
                    ],
                    [
                        0.0,
                        -0.7013776532828555,
                        0.747520616006518,
                        0.893258695020988,
                        0.7548710663359086,
                        0.0
                    ]
                ]
            },
            "est_params": {
                "mui": [
                    0.03611240250496367,
                    -0.03695688112687205,
                    0.05390001106188964,
                    99.96693626287627,
                    97.10253394859623,
                    162.7051384844956
                ],
                "Si": [
                    [
                        1.0394090061201298,
                        -0.695643328121985,
                        0.5302419831635989,
                        -0.04204634444157755,
                        0.7707517174320677,
                        1.373301884452898
                    ],
                    [
                        -0.695643328121985,
                        1.4685376088688988,
                        -0.40818242985475695,
                        0.0296809294839376,
                        0.051993754867150785,
                        -1.219853339116907
                    ],
                    [
                        0.5302419831635989,
                        -0.40818242985475695,
                        1.27448165746674,
                        -0.02134721427509588,
                        1.1778925513748586,
                        2.0821982180741783
                    ],
                    [
                        -0.04204634444157755,
                        0.0296809294839376,
                        -0.02134721427509588,
                        0.9970366848932285,
                        0.9703289610723506,
                        1.6279077611407615
                    ],
                    [
                        0.7707517174320677,
                        0.051993754867150785,
                        1.1778925513748586,
                        0.9703289610723506,
                        3.6219363975649728,
                        4.485122627853742
                    ],
                    [
                        1.373301884452898,
                        -1.219853339116907,
                        2.0821982180741783,
                        1.6279077611407615,
                        4.485122627853742,
                        8.299631957346229
                    ]
                ]
            },
            "est_tgt": [
                0,
                1,
                3,
                4
            ],
            "oracle_est_tgt": [
                1,
                3,
                4,
                5
            ]
        },
        "4": {
            "intv_type": "hard",
            "inode": 4,
            "new_mui": 100,
            "new_vari": 1.0,
            "noise_type": "gaussian",
            "obs_noise_gamma_shape": null,
            "true_params": {
                "Si": [
                    [
                        1.0,
                        -0.6427380927161433,
                        0.5633423959352152,
                        -0.413543831386962,
                        0.0,
                        0.5025105668181297
                    ],
                    [
                        -0.6427380927161433,
                        1.4131122558283857,
                        -0.3620816171095427,
                        1.248784606302053,
                        0.0,
                        -0.14630112349684685
                    ],
                    [
                        0.5633423959352152,
                        -0.3620816171095427,
                        1.3173546550580286,
                        -0.8403326102075984,
                        0.0,
                        0.48807130737556415
                    ],
                    [
                        -0.413543831386962,
                        1.248784606302053,
                        -0.8403326102075984,
                        2.5061697629858024,
                        0.0,
                        0.7346223649291193
                    ],
                    [
                        0.0,
                        0.0,
                        0.0,
                        0.0,
                        1.0,
                        0.7548710663359086
                    ],
                    [
                        0.5025105668181297,
                        -0.14630112349684685,
                        0.48807130737556415,
                        0.7346223649291193,
                        0.7548710663359086,
                        2.693493844836281
                    ]
                ],
                "mui": [
                    0.0,
                    0.0,
                    0.0,
                    0.0,
                    100.0,
                    75.48710663359086
                ],
                "Ai": [
                    [
                        0.0,
                        0.0,
                        0.0,
                        0.0,
                        0.0,
                        0.0
                    ],
                    [
                        -0.6427380927161433,
                        0.0,
                        0.0,
                        0.0,
                        0.0,
                        0.0
                    ],
                    [
                        0.5633423959352152,
                        -0.0,
                        0.0,
                        0.0,
                        0.0,
                        0.0
                    ],
                    [
                        0.5604125056683749,
                        0.9829842328618705,
                        -0.6073658374098386,
                        0.0,
                        0.0,
                        0.0
                    ],
                    [
                        0.0,
                        0.0,
                        0.0,
                        0.0,
                        0.0,
                        0.0
                    ],
                    [
                        0.0,
                        -0.7013776532828555,
                        0.747520616006518,
                        0.893258695020988,
                        0.7548710663359086,
                        0.0
                    ]
                ]
            },
            "est_params": {
                "mui": [
                    0.0012789450492075524,
                    0.050731418175376346,
                    -0.006475365003201976,
                    0.06070573494925089,
                    100.00234003770275,
                    75.4585524177817
                ],
                "Si": [
                    [
                        1.0035136969247083,
                        -0.6051305252213832,
                        0.5165585026594646,
                        -0.341860299311104,
                        -0.00605332383344447,
                        0.4955986809090064
                    ],
                    [
                        -0.6051305252213832,
                        1.4437244039454677,
                        -0.3774512839871061,
                        1.3041901237661784,
                        -0.030095580282478284,
                        -0.13856526599812807
                    ],
                    [
                        0.5165585026594646,
                        -0.3774512839871061,
                        1.1989870420568336,
                        -0.8374106171459936,
                        0.03866228380314656,
                        0.42243552479936197
                    ],
                    [
                        -0.341860299311104,
                        1.3041901237661784,
                        -0.8374106171459936,
                        2.5896833952967473,
                        -0.02056936916680881,
                        0.80705642349904
                    ],
                    [
                        -0.00605332383344447,
                        -0.030095580282478284,
                        0.03866228380314656,
                        -0.02056936916680881,
                        1.034884934464699,
                        0.8647324455270538
                    ],
                    [
                        0.4955986809090064,
                        -0.13856526599812807,
                        0.42243552479936197,
                        0.80705642349904,
                        0.8647324455270538,
                        2.829842487546443
                    ]
                ]
            },
            "est_tgt": [
                0,
                1,
                4
            ],
            "oracle_est_tgt": [
                1,
                3,
                4,
                5
            ]
        },
        "5": {
            "intv_type": "hard",
            "inode": 5,
            "new_mui": 100,
            "new_vari": 1.0,
            "noise_type": "gaussian",
            "obs_noise_gamma_shape": null,
            "true_params": {
                "Si": [
                    [
                        1.0,
                        -0.6427380927161433,
                        0.5633423959352152,
                        -0.413543831386962,
                        0.41066925267958543,
                        0.0
                    ],
                    [
                        -0.6427380927161433,
                        1.4131122558283857,
                        -0.3620816171095427,
                        1.248784606302053,
                        1.312139033969772,
                        0.0
                    ],
                    [
                        0.5633423959352152,
                        -0.3620816171095427,
                        1.3173546550580286,
                        -0.8403326102075984,
                        0.4467132839838993,
                        0.0
                    ],
                    [
                        -0.413543831386962,
                        1.248784606302053,
                        -0.8403326102075984,
                        2.5061697629858024,
                        2.2196576833804156,
                        0.0
                    ],
                    [
                        0.41066925267958543,
                        1.312139033969772,
                        0.4467132839838993,
                        2.2196576833804156,
                        4.64197673534005,
                        0.0
                    ],
                    [
                        0.0,
                        0.0,
                        0.0,
                        0.0,
                        0.0,
                        1.0
                    ]
                ],
                "mui": [
                    0.0,
                    0.0,
                    0.0,
                    0.0,
                    0.0,
                    100.0
                ],
                "Ai": [
                    [
                        0.0,
                        0.0,
                        0.0,
                        0.0,
                        0.0,
                        0.0
                    ],
                    [
                        -0.6427380927161433,
                        0.0,
                        0.0,
                        0.0,
                        0.0,
                        0.0
                    ],
                    [
                        0.5633423959352152,
                        -0.0,
                        0.0,
                        0.0,
                        0.0,
                        0.0
                    ],
                    [
                        0.5604125056683749,
                        0.9829842328618705,
                        -0.6073658374098386,
                        0.0,
                        0.0,
                        0.0
                    ],
                    [
                        0.7581870636778352,
                        0.621594550177646,
                        0.8051302007289329,
                        0.9710199045793781,
                        0.0,
                        0.0
                    ],
                    [
                        0.0,
                        0.0,
                        0.0,
                        0.0,
                        0.0,
                        0.0
                    ]
                ]
            },
            "est_params": {
                "mui": [
                    -0.015339336629282867,
                    -0.01272101611190352,
                    -0.02179854150882082,
                    -0.05375496320303713,
                    -0.05633504147194935,
                    99.96743372661227
                ],
                "Si": [
                    [
                        0.9695573446247665,
                        -0.6431820069257174,
                        0.5651011082660431,
                        -0.4638784745416645,
                        0.30209858148971364,
                        -0.005075524165772554
                    ],
                    [
                        -0.6431820069257174,
                        1.4621533459815617,
                        -0.3894098626996314,
                        1.3432999131076961,
                        1.4722900154064744,
                        0.00870774190171072
                    ],
                    [
                        0.5651011082660431,
                        -0.3894098626996314,
                        1.3333924444149796,
                        -0.9216496124741682,
                        0.3324277161900714,
                        0.019829378594486306
                    ],
                    [
                        -0.4638784745416645,
                        1.3432999131076961,
                        -0.9216496124741682,
                        2.645627267177135,
                        2.3407161737722646,
                        -0.03452198265956672
                    ],
                    [
                        0.30209858148971364,
                        1.4722900154064744,
                        0.3324277161900714,
                        2.3407161737722646,
                        4.6397601128368215,
                        -0.0061659777826412535
                    ],
                    [
                        -0.005075524165772554,
                        0.00870774190171072,
                        0.019829378594486306,
                        -0.03452198265956672,
                        -0.0061659777826412535,
                        1.0359711468463415
                    ]
                ]
            },
            "est_tgt": [
                5
            ],
            "oracle_est_tgt": [
                3,
                5
            ]
        },
        "obs": {
            "intv_type": "obs",
            "noise_type": "gaussian",
            "obs_noise_gamma_shape": null,
            "true_params": {
                "Si": [
                    [
                        1.0,
                        -0.6427380927161433,
                        0.5633423959352152,
                        -0.413543831386962,
                        0.41066925267958543,
                        0.812512903499739
                    ],
                    [
                        -0.6427380927161433,
                        1.4131122558283857,
                        -0.3620816171095427,
                        1.248784606302053,
                        1.312139033969772,
                        0.8441946682568838
                    ],
                    [
                        0.5633423959352152,
                        -0.3620816171095427,
                        1.3173546550580286,
                        -0.8403326102075984,
                        0.4467132839838993,
                        0.8252822404029058
                    ],
                    [
                        -0.413543831386962,
                        1.248784606302053,
                        -0.8403326102075984,
                        2.5061697629858024,
                        2.2196576833804156,
                        2.4101777272831866
                    ],
                    [
                        0.41066925267958543,
                        1.312139033969772,
                        0.4467132839838993,
                        2.2196576833804156,
                        4.64197673534005,
                        4.9004448465577095
                    ],
                    [
