{
    "expt_args": {
        "save_dir": "all_expt_logs/expt_logs_sim_compsel_backward_cameraready_new_mean_largerange_re",
        "exp_name": "367",
        "num_nodes": 6,
        "num_tgt_prior": 7,
        "obs_noise_mean": 0.0,
        "obs_noise_var": 1.0,
        "obs_noise_gamma_shape": null,
        "noise_type": "gaussian",
        "max_edge_strength": 1.0,
        "graph_sparsity_method": "adj_dense_prop",
        "adj_dense_prop": 0.8,
        "num_parents": null,
        "new_noise_mean": 10,
        "mix_samples": 16384,
        "stage2_samples": 16384,
        "gmm_tol": 0.001,
        "intv_type": "hard",
        "new_noise_var": 1.0,
        "dtype": "simulation",
        "cutoff_drop_ratio": 0.07,
        "intv_targets": [
            0,
            1,
            2,
            3,
            4,
            5
        ]
    },
    "intv_args_dict": {
        "0": {
            "intv_type": "hard",
            "inode": 0,
            "new_mui": 10,
            "new_vari": 1.0,
            "noise_type": "gaussian",
            "obs_noise_gamma_shape": null,
            "true_params": {
                "Si": [
                    [
                        1.0,
                        -0.802496036575766,
                        -0.04006485662488346,
                        -0.011852853522979486,
                        -1.0978678609934247,
                        0.03714477918290893
                    ],
                    [
                        -0.802496036575766,
                        1.643999888719813,
                        0.8079617198346906,
                        -0.35074685881230416,
                        1.4381688145969742,
                        -0.42490975263175707
                    ],
                    [
                        -0.04006485662488346,
                        0.8079617198346906,
                        1.6034860869031544,
                        0.44981456163095906,
                        -0.7498800135563489,
                        0.3651491417169137
                    ],
                    [
                        -0.011852853522979486,
                        -0.35074685881230416,
                        0.44981456163095906,
                        1.661122838243302,
                        -2.062231332360363,
                        2.194992147145238
                    ],
                    [
                        -1.0978678609934247,
                        1.4381688145969742,
                        -0.7498800135563489,
                        -2.062231332360363,
                        4.981215803072819,
                        -3.330947292579893
                    ],
                    [
                        0.03714477918290893,
                        -0.42490975263175707,
                        0.3651491417169137,
                        2.194992147145238,
                        -3.330947292579893,
                        4.558940806703541
                    ]
                ],
                "mui": [
                    10.0,
                    -8.024960365757659,
                    -0.4006485662488346,
                    -0.11852853522979487,
                    -10.978678609934247,
                    0.37144779182908927
                ],
                "Ai": [
                    [
                        0.0,
                        0.0,
                        0.0,
                        0.0,
                        0.0,
                        0.0
                    ],
                    [
                        -0.802496036575766,
                        0.0,
                        0.0,
                        0.0,
                        0.0,
                        0.0
                    ],
                    [
                        0.5825194580393949,
                        0.7758098311872452,
                        0.0,
                        0.0,
                        0.0,
                        0.0
                    ],
                    [
                        -0.7255178410478842,
                        -0.9256937117161632,
                        0.7288319407660157,
                        0.0,
                        0.0,
                        0.0
                    ],
                    [
                        -0.6482154196212836,
                        0.6003259757544386,
                        -0.5111748779411955,
                        -0.9809137189435437,
                        0.0,
                        0.0
                    ],
                    [
                        -0.0,
                        0.9564766007160765,
                        -0.8295922035287815,
                        0.8640306148478476,
                        -0.712032134043282,
                        0.0
                    ]
                ]
            },
            "oracle_est_tgt": [
                0,
                2
            ]
        },
        "1": {
            "intv_type": "hard",
            "inode": 1,
            "new_mui": 10,
            "new_vari": 1.0,
            "noise_type": "gaussian",
            "obs_noise_gamma_shape": null,
            "true_params": {
                "Si": [
                    [
                        1.0,
                        0.0,
                        0.5825194580393949,
                        -0.3009590539110644,
                        -0.65076986766131,
                        -0.2799223795461499
                    ],
                    [
                        0.0,
                        1.0,
                        0.7758098311872452,
                        -0.3602587267866083,
                        0.557134207465837,
                        -0.39510121455799063
                    ],
                    [
                        0.5825194580393949,
                        0.7758098311872452,
                        1.9412098131612923,
                        0.2740251737776429,
                        -1.172952042618553,
                        0.20357710914291888
                    ],
                    [
                        -0.3009590539110644,
                        -0.3602587267866083,
                        0.2740251737776429,
                        1.751558700237708,
                        -1.8793891156191287,
                        2.2796775932887794
                    ],
                    [
                        -0.65076986766131,
                        0.557134207465837,
                        -1.172952042618553,
                        -1.8793891156191287,
                        4.19940338352646,
                        -3.1080021834185927
                    ],
                    [
                        -0.2799223795461499,
                        -0.39510121455799063,
                        0.20357710914291888,
                        2.2796775932887794,
                        -3.1080021834185927,
                        4.635917610653772
                    ]
                ],
                "mui": [
                    0.0,
                    10.0,
                    7.758098311872452,
                    -3.602587267866083,
                    5.57134207465837,
                    -3.9510121455799063
                ],
                "Ai": [
                    [
                        0.0,
                        0.0,
                        0.0,
                        0.0,
                        0.0,
                        0.0
                    ],
                    [
                        0.0,
                        0.0,
                        0.0,
                        0.0,
                        0.0,
                        0.0
                    ],
                    [
                        0.5825194580393949,
                        0.7758098311872452,
                        0.0,
                        0.0,
                        0.0,
                        0.0
                    ],
                    [
                        -0.7255178410478842,
                        -0.9256937117161632,
                        0.7288319407660157,
                        0.0,
                        0.0,
                        0.0
                    ],
                    [
                        -0.6482154196212836,
                        0.6003259757544386,
                        -0.5111748779411955,
                        -0.9809137189435437,
                        0.0,
                        0.0
                    ],
                    [
                        -0.0,
                        0.9564766007160765,
                        -0.8295922035287815,
                        0.8640306148478476,
                        -0.712032134043282,
                        0.0
                    ]
                ]
            },
            "oracle_est_tgt": [
                1,
                2,
                3
            ]
        },
        "2": {
            "intv_type": "hard",
            "inode": 2,
            "new_mui": 10,
            "new_vari": 1.0,
            "noise_type": "gaussian",
            "obs_noise_gamma_shape": null,
            "true_params": {
                "Si": [
                    [
                        1.0,
                        -0.802496036575766,
                        0.0,
                        0.017347693687446486,
                        -1.1469912265477464,
                        0.06411486805855704
                    ],
                    [
                        -0.802496036575766,
                        1.643999888719813,
                        0.0,
                        -0.9396151671440695,
                        2.4288075504083357,
                        -0.9687978687452021
                    ],
                    [
                        0.0,
                        0.0,
                        1.0,
                        0.7288319407660157,
                        -1.2260961274428286,
                        0.6731607485373502
                    ],
                    [
                        0.017347693687446486,
                        -0.9396151671440695,
                        0.7288319407660157,
                        2.3884057882678773,
                        -3.2907010170693454,
                        2.9033873726320722
                    ],
                    [
                        -1.1469912265477464,
                        2.4288075504083357,
                        -1.2260961274428286,
                        -3.2907010170693454,
                        7.056216972711764,
                        -4.527262274699741
                    ],
                    [
                        0.06411486805855704,
                        -0.9687978687452021,
                        0.6731607485373502,
                        2.9033873726320722,
                        -4.527262274699741,
                        5.247090394558291
                    ]
                ],
                "mui": [
                    0.0,
                    0.0,
                    10.0,
                    7.288319407660157,
                    -12.260961274428286,
                    6.731607485373502
                ],
                "Ai": [
                    [
                        0.0,
                        0.0,
                        0.0,
                        0.0,
                        0.0,
                        0.0
                    ],
                    [
                        -0.802496036575766,
                        0.0,
                        0.0,
                        0.0,
                        0.0,
                        0.0
                    ],
                    [
                        0.0,
                        0.0,
                        0.0,
                        0.0,
                        0.0,
                        0.0
                    ],
                    [
                        -0.7255178410478842,
                        -0.9256937117161632,
                        0.7288319407660157,
                        0.0,
                        0.0,
                        0.0
                    ],
                    [
                        -0.6482154196212836,
                        0.6003259757544386,
                        -0.5111748779411955,
                        -0.9809137189435437,
                        0.0,
                        0.0
                    ],
                    [
                        -0.0,
                        0.9564766007160765,
                        -0.8295922035287815,
                        0.8640306148478476,
                        -0.712032134043282,
                        0.0
                    ]
                ]
            },
            "est_params": {
                "mui": [
                    4.985269615803775,
                    -3.983100712042276,
                    4.806373152841607,
                    3.571921210558684,
                    -11.585628708745297,
                    3.544908674965166
                ],
                "Si": [
                    [
                        25.85714816097933,
                        -20.805173908882566,
                        -25.9949610022263,
                        -18.51541582475552,
                        2.1904259194859406,
                        -15.866739028632775
                    ],
                    [
                        -20.805173908882566,
                        17.754156786747362,
                        21.322152697503764,
                        14.277030581750518,
                        -0.7540666018079183,
                        12.179428834232205
                    ],
                    [
                        -25.9949610022263,
                        21.322152697503764,
                        28.475200112231967,
                        19.92631573472267,
                        -4.442724168998873,
                        17.107345331997355
                    ],
                    [
                        -18.51541582475552,
                        14.277030581750518,
                        19.92631573472267,
                        15.739721159581176,
                        -5.050406971955477,
                        14.267996105749944
                    ],
                    [
                        2.1904259194859406,
                        -0.7540666018079183,
                        -4.442724168998873,
                        -5.050406971955477,
                        6.371740289906368,
                        -5.879019863611188
                    ],
                    [
                        -15.866739028632775,
                        12.179428834232205,
                        17.107345331997355,
                        14.267996105749944,
                        -5.879019863611188,
                        14.941129293120971
                    ]
                ]
            },
            "est_tgt": [
                0,
                1,
                2
            ],
            "oracle_est_tgt": [
                1,
                2,
                3
            ]
        },
        "3": {
            "intv_type": "hard",
            "inode": 3,
            "new_mui": 10,
            "new_vari": 1.0,
            "noise_type": "gaussian",
            "obs_noise_gamma_shape": null,
            "true_params": {
                "Si": [
                    [
                        1.0,
                        -0.802496036575766,
                        -0.04006485662488346,
                        0.0,
                        -1.1094944876227435,
                        0.05566453927066872
                    ],
                    [
                        -0.802496036575766,
                        1.643999888719813,
                        0.8079617198346906,
                        0.0,
                        1.0941164089116309,
                        0.12312264008664928
                    ],
                    [
                        -0.04006485662488346,
                        0.8079617198346906,
                        1.6034860869031544,
                        0.0,
                        -0.3086507390719649,
                        -0.3376738324500839
                    ],
                    [
                        0.0,
                        0.0,
                        0.0,
                        1.0,
                        -0.9809137189435437,
                        1.5624727034595511
                    ],
                    [
                        -1.1094944876227435,
                        1.0941164089116309,
                        -0.3086507390719649,
                        -0.9809137189435437,
                        3.4959841635139197,
                        -2.034241557888837
                    ],
                    [
                        0.05566453927066872,
                        0.12312264008664928,
                        -0.3376738324500839,
                        1.5624727034595511,
                        -2.034241557888837,
                        4.196365111273795
                    ]
                ],
                "mui": [
                    0.0,
                    0.0,
                    0.0,
                    10.0,
                    -9.809137189435438,
                    15.624727034595512
                ],
                "Ai": [
                    [
                        0.0,
                        0.0,
                        0.0,
                        0.0,
                        0.0,
                        0.0
                    ],
                    [
                        -0.802496036575766,
                        0.0,
                        0.0,
                        0.0,
                        0.0,
                        0.0
                    ],
                    [
                        0.5825194580393949,
                        0.7758098311872452,
                        0.0,
                        0.0,
                        0.0,
                        0.0
                    ],
                    [
                        0.0,
                        0.0,
                        0.0,
                        0.0,
                        0.0,
                        0.0
                    ],
                    [
                        -0.6482154196212836,
                        0.6003259757544386,
                        -0.5111748779411955,
                        -0.9809137189435437,
                        0.0,
                        0.0
                    ],
                    [
                        -0.0,
                        0.9564766007160765,
                        -0.8295922035287815,
                        0.8640306148478476,
                        -0.712032134043282,
                        0.0
                    ]
                ]
            },
            "est_params": {
                "mui": [
                    0.00206445264941083,
                    0.002198843911186984,
                    0.001917495870001241,
                    4.989058007849319,
                    -4.846628685426253,
                    12.785542472259106
                ],
                "Si": [
                    [
                        0.9769510965440469,
                        -0.782554641678758,
                        -0.03177036047594213,
                        0.07205362659184593,
                        -1.153249171625304,
                        0.06924583442132466
                    ],
                    [
                        -0.782554641678758,
                        1.6041930555445039,
                        0.8229792166907923,
                        -0.3790198459484873,
                        1.417300932262143,
                        -0.09682526793497592
                    ],
                    [
                        -0.03177036047594213,
                        0.8229792166907923,
                        1.6432022476328623,
                        0.07420122400380404,
                        -0.37417704941009383,
                        -0.23517874628579816
                    ],
                    [
                        0.07205362659184593,
                        -0.3790198459484873,
                        0.07420122400380404,
                        26.540497588184007,
                        -26.283270386769473,
                        14.839536489244436
                    ],
                    [
                        -1.153249171625304,
                        1.417300932262143,
                        -0.37417704941009383,
                        -26.283270386769473,
                        28.504289614299594,
                        -14.87651085468012
                    ],
                    [
                        0.06924583442132468,
                        -0.09682526793497594,
                        -0.23517874628579816,
                        14.839536489244432,
                        -14.87651085468012,
                        10.400359780510223
                    ]
                ]
            },
            "est_tgt": [
                3,
                4,
                5
            ],
            "oracle_est_tgt": [
                1,
                3
            ]
        },
        "4": {
            "intv_type": "hard",
            "inode": 4,
            "new_mui": 10,
            "new_vari": 1.0,
            "noise_type": "gaussian",
            "obs_noise_gamma_shape": null,
            "true_params": {
                "Si": [
                    [
                        1.0,
                        -0.802496036575766,
                        -0.04006485662488346,
                        -0.011852853522979486,
                        0.0,
                        -0.7445724167777725
                    ],
                    [
                        -0.802496036575766,
                        1.643999888719813,
                        0.8079617198346906,
                        -0.35074685881230416,
                        0.0,
                        0.5991126575402237
                    ],
                    [
                        -0.04006485662488346,
                        0.8079617198346906,
                        1.6034860869031544,
                        0.44981456163095906,
                        0.0,
                        -0.16878952461201868
                    ],
                    [
                        -0.011852853522979486,
                        -0.35074685881230416,
                        0.44981456163095906,
                        1.661122838243302,
                        0.0,
                        0.7266171706737676
                    ],
                    [
                        0.0,
                        0.0,
                        0.0,
                        0.0,
                        1.0,
                        -0.712032134043282
                    ],
                    [
                        -0.7445724167777725,
                        0.5991126575402237,
                        -0.16878952461201868,
                        0.7266171706737676,
                        -0.712032134043282,
                        2.8478729524319975
                    ]
                ],
                "mui": [
                    0.0,
                    0.0,
                    0.0,
                    0.0,
                    10.0,
                    -7.12032134043282
                ],
                "Ai": [
                    [
                        0.0,
                        0.0,
                        0.0,
                        0.0,
                        0.0,
                        0.0
                    ],
                    [
                        -0.802496036575766,
                        0.0,
                        0.0,
                        0.0,
                        0.0,
                        0.0
                    ],
                    [
                        0.5825194580393949,
                        0.7758098311872452,
                        0.0,
                        0.0,
                        0.0,
                        0.0
                    ],
                    [
                        -0.7255178410478842,
                        -0.9256937117161632,
                        0.7288319407660157,
                        0.0,
                        0.0,
                        0.0
                    ],
                    [
                        0.0,
                        0.0,
                        0.0,
                        0.0,
                        0.0,
                        0.0
                    ],
                    [
                        -0.0,
                        0.9564766007160765,
                        -0.8295922035287815,
                        0.8640306148478476,
                        -0.712032134043282,
                        0.0
                    ]
                ]
            },
            "oracle_est_tgt": [
                4
            ]
        },
        "5": {
            "intv_type": "hard",
            "inode": 5,
            "new_mui": 10,
            "new_vari": 1.0,
            "noise_type": "gaussian",
            "obs_noise_gamma_shape": null,
            "true_params": {
                "Si": [
                    [
                        1.0,
                        -0.802496036575766,
                        -0.04006485662488346,
                        -0.011852853522979486,
                        -1.0978678609934247,
                        0.0
                    ],
                    [
                        -0.802496036575766,
                        1.643999888719813,
                        0.8079617198346906,
                        -0.35074685881230416,
                        1.4381688145969742,
                        0.0
                    ],
                    [
                        -0.04006485662488346,
                        0.8079617198346906,
                        1.6034860869031544,
                        0.44981456163095906,
                        -0.7498800135563489,
                        0.0
                    ],
                    [
                        -0.011852853522979486,
                        -0.35074685881230416,
                        0.44981456163095906,
                        1.661122838243302,
                        -2.062231332360363,
                        0.0
                    ],
                    [
                        -1.0978678609934247,
                        1.4381688145969742,
                        -0.7498800135563489,
                        -2.062231332360363,
                        4.981215803072819,
                        0.0
                    ],
                    [
                        0.0,
                        0.0,
                        0.0,
                        0.0,
                        0.0,
                        1.0
                    ]
                ],
                "mui": [
                    0.0,
                    0.0,
                    0.0,
                    0.0,
                    0.0,
                    10.0
                ],
                "Ai": [
                    [
                        0.0,
                        0.0,
                        0.0,
                        0.0,
                        0.0,
                        0.0
                    ],
                    [
                        -0.802496036575766,
                        0.0,
                        0.0,
                        0.0,
                        0.0,
                        0.0
                    ],
                    [
                        0.5825194580393949,
                        0.7758098311872452,
                        0.0,
                        0.0,
                        0.0,
                        0.0
                    ],
                    [
                        -0.7255178410478842,
                        -0.9256937117161632,
                        0.7288319407660157,
                        0.0,
                        0.0,
                        0.0
                    ],
                    [
                        -0.6482154196212836,
                        0.6003259757544386,
                        -0.5111748779411955,
                        -0.9809137189435437,
                        0.0,
                        0.0
                    ],
                    [
                        0.0,
                        0.0,
                        0.0,
                        0.0,
                        0.0,
                        0.0
                    ]
                ]
            },
            "oracle_est_tgt": [
                5
            ]
        },
        "obs": {
            "intv_type": "obs",
            "noise_type": "gaussian",
            "obs_noise_gamma_shape": null,
            "true_params": {
                "Si": [
                    [
                        1.0,
                        -0.802496036575766,
                        -0.04006485662488346,
                        -0.011852853522979486,
                        -1.0978678609934247,
                        0.03714477918290893
                    ],
                    [
                        -0.802496036575766,
                        1.643999888719813,
                        0.8079617198346906,
                        -0.35074685881230416,
                        1.4381688145969742,
                        -0.42490975263175707
                    ],
                    [
                        -0.04006485662488346,
                        0.8079617198346906,
                        1.6034860869031544,
                        0.44981456163095906,
                        -0.7498800135563489,
                        0.3651491417169137
                    ],
                    [
                        -0.011852853522979486,
                        -0.35074685881230416,
                        0.44981456163095906,
                        1.661122838243302,
                        -2.062231332360363,
                        2.194992147145238
                    ],
                    [
                        -1.0978678609934247,
                        1.4381688145969742,
                        -0.7498800135563489,
                        -2.062231332360363,
                        4.981215803072819,
                        -3.330947292579893
                    ],
                    [
                        0.03714477918290893,
                        -0.42490975263175707,
                        0.3651491417169137,
                        2.194992147145238,
                        -3.330947292579893,
                        4.558940806703541
                    ]
                ],
                "mui": [
                    0.0,
                    0.0,
                    0.0,
                    0.0,
                    0.0,
                    0.0
                ],
                "Ai": [
                    [
                        0.0,
                        0.0,
                        0.0,
                        0.0,
                        0.0,
                        0.0
                    ],
                    [
                        -0.802496036575766,
                        0.0,
                        0.0,
                        0.0,
                        0.0,
                        0.0
                    ],
                    [
                        0.5825194580393949,
                        0.7758098311872452,
                        0.0,
                        0.0,
                        0.0,
                        0.0
                    ],
                    [
                        -0.7255178410478842,
                        -0.9256937117161632,
                        0.7288319407660157,
                        0.0,
                        0.0,
                        0.0
                    ],
                    [
                        -0.6482154196212836,
                        0.6003259757544386,
                        -0.5111748779411955,
                        -0.9809137189435437,
                        0.0,
                        0.0
                    ],
                    [
                        -0.0,
                        0.9564766007160765,
                        -0.8295922035287815,
                        0.8640306148478476,
                        -0.712032134043282,
                        0.0
                    ]
                ]
            },
            "est_params": {
                "mui": [
                    0.002217193954966323,
                    3.336363197911673,
                    2.5799978662404435,
                    -1.2090927861216891,
                    5.209024870604584,
                    -3.7003419075470703
                ],
                "Si": [
                    [
                        1.0040522326015193,
                        -0.46166596075261024,
                        0.23878129515257815,
                        -0.12635282763759548,
                        -0.5895504773829695,
                        -0.3128677138782268
                    ],
                    [
                        -0.46166596075261024,
                        23.546052141369618,
                        17.89152437779725,
                        -8.421243306603435,
                        1.8391281528236745,
                        -0.9830897095278299
                    ],
                    [
                        0.23878129515257815,
                        17.89152437779725,
                        14.933485402376112,
                        -5.841460086234527,
                        0.2895034913473324,
                        -0.5714606468061081
                    ],
                    [
                        -0.12635282763759548,
                        -8.421243306603435,
                        -5.841460086234527,
                        4.630386870044892,
                        -1.6301144073912734,
                        1.9804564451646616
                    ],
                    [
                        -0.5895504773829695,
                        1.8391281528236747,
                        0.2895034913473324,
                        -1.6301144073912732,
                        20.05005191436273,
                        -14.149470365839207
                    ],
                    [
                        -0.3128677138782267,
                        -0.9830897095278301,
                        -0.5714606468061082,
                        1.9804564451646616,
                        -14.149470365839205,
                        12.303225351791761
                    ]
                ]
            },
            "est_tgt": [
                0,
                1,
                2,
                3,
                4,
                5
            ],
            "oracle_est_tgt": [
                0,
                1,
                2,
                3,
                4,
                5
            ]
        }
    },
    "metric_dict": {
        "param_est_rel_err": 841.0220690315393,
        "est_num_comp": 3,
        "weight_precision_error": 0.18950969721969624,
        "gm_score_dict": {
            "1": -15.975029532996997,
            "2": -13.277953739010783,
            "3": -12.016004879587268,
            "4": -11.468765289615066,
            "5": -11.085124540285886,
            "6": -10.725946434427627,
            "7": -10.45006663491623
        },
        "est_dag": {
            "amat": [
                [
                    0,
                    1,
                    0,
                    1,
                    0,
                    0
                ],
                [
                    0,
                    0,
                    0,
                    1,
                    1,
                    1
                ],
                [
                    0,
                    1,
                    0,
                    1,
                    1,
                    1
                ],
                [
                    0,
                    0,
                    0,
                    0,
                    0,
                    1
                ],
                [
                    0,
                    0,
                    0,
                    1,
                    0,
                    1
                ],
                [
                    0,
                    0,
                    0,
                    0,
                    0,
                    0
                ]
            ],
            "nodes": [
                0,
                1,
                2,
                3,
                4,
                5
            ]
        },
        "oracle_est_dag": {
            "amat": [
                [
                    0,
                    1,
                    0,
                    0,
                    1,
                    0
                ],
                [
                    0,
                    0,
                    0,
                    0,
                    1,
                    1
                ],
                [
                    0,
                    1,
                    0,
                    1,
                    1,
                    1
                ],
                [
                    0,
                    1,
                    0,
                    0,
                    1,
                    1
                ],
                [
                    0,
                    0,
                    0,
                    0,
                    0,
                    1
                ],
                [
                    0,
                    0,
                    0,
                    0,
                    0,
                    0
                ]
            ],
            "nodes": [
                0,
                1,
                2,
                3,
                4,
                5
            ]
        },
        "igsp_dag": null,
        "intv_base_est_dag": null,
        "act_dag": {
            "amat": [
                [
                    0,
                    1,
                    1,
                    1,
                    1,
                    0
                ],
                [
                    0,
                    0,
                    1,
                    1,
                    1,
                    1
                ],
                [
                    0,
                    0,
                    0,
                    1,
                    1,
                    1
                ],
                [
                    0,
                    0,
                    0,
                    0,
                    1,
                    1
                ],
                [
                    0,
                    0,
                    0,
                    0,
                    0,
                    1
                ],
                [
                    0,
                    0,
                    0,
                    0,
                    0,
                    0
                ]
            ],
            "nodes": [
                0,
                1,
                2,
                3,
                4,
                5
            ]
        },
        "shd": 4,
        "oracle_shd": 4,
        "intv_base_shd": null,
        "igsp_shd": null,
        "avg_js": 0.2222222222222222,
        "avg_oracle_js": 0.5238095238095238
    }
}