{
    "expt_args": {
        "save_dir": "all_expt_logs/expt_logs_sim_compsel_backward_cameraready_new_mean_largerange_re",
        "exp_name": "217",
        "num_nodes": 6,
        "num_tgt_prior": 7,
        "obs_noise_mean": 0.0,
        "obs_noise_var": 1.0,
        "obs_noise_gamma_shape": null,
        "noise_type": "gaussian",
        "max_edge_strength": 1.0,
        "graph_sparsity_method": "adj_dense_prop",
        "adj_dense_prop": 0.8,
        "num_parents": null,
        "new_noise_mean": 1000,
        "mix_samples": 262144,
        "stage2_samples": 262144,
        "gmm_tol": 0.001,
        "intv_type": "hard",
        "new_noise_var": 1.0,
        "dtype": "simulation",
        "cutoff_drop_ratio": 0.07,
        "intv_targets": [
            0,
            1,
            2,
            3,
            4,
            5
        ]
    },
    "intv_args_dict": {
        "0": {
            "intv_type": "hard",
            "inode": 0,
            "new_mui": 1000,
            "new_vari": 1.0,
            "noise_type": "gaussian",
            "obs_noise_gamma_shape": null,
            "true_params": {
                "Si": [
                    [
                        1.0,
                        0.5433701208249966,
                        -0.30213547580812833,
                        -0.41832400373950923,
                        -1.0502381117609558,
                        1.7763924516857128
                    ],
                    [
                        0.5433701208249966,
                        1.2952510882053714,
                        -0.7202113050157304,
                        0.024017504954116975,
                        0.1948268496632688,
                        -0.0034257743237218197
                    ],
                    [
                        -0.30213547580812833,
                        -0.7202113050157304,
                        1.400466232837642,
                        0.947164008716631,
                        0.7067251596482841,
                        -1.734187008439089
                    ],
                    [
                        -0.41832400373950923,
                        0.024017504954116975,
                        0.947164008716631,
                        2.1607540285061084,
                        2.263161756913441,
                        -3.898664428933447
                    ],
                    [
                        -1.0502381117609558,
                        0.1948268496632688,
                        0.7067251596482841,
                        2.263161756913441,
                        4.073351996559066,
                        -5.719504329049271
                    ],
                    [
                        1.7763924516857128,
                        -0.0034257743237218197,
                        -1.734187008439089,
                        -3.898664428933447,
                        -5.719504329049271,
                        10.068049129943011
                    ]
                ],
                "mui": [
                    1000.0,
                    543.3701208249965,
                    -302.1354758081283,
                    -418.32400373950924,
                    -1050.238111760956,
                    1776.3924516857128
                ],
                "Ai": [
                    [
                        0.0,
                        0.0,
                        0.0,
                        0.0,
                        0.0,
                        0.0
                    ],
                    [
                        0.5433701208249966,
                        0.0,
                        0.0,
                        0.0,
                        0.0,
                        0.0
                    ],
                    [
                        -0.0,
                        -0.5560399150203499,
                        0.0,
                        0.0,
                        0.0,
                        0.0
                    ],
                    [
                        -0.5548850156348607,
                        0.78540900580597,
                        0.960518700130319,
                        0.0,
                        0.0,
                        0.0
                    ],
                    [
                        -0.9953325430979567,
                        0.5522331179430698,
                        0.0,
                        0.8485588718555372,
                        0.0,
                        0.0
                    ],
                    [
                        0.97387544365902,
                        -0.6023833984803969,
                        -0.5406675787984476,
                        -0.7004100880758363,
                        -0.6412649969776805,
                        0.0
                    ]
                ]
            },
            "est_params": {
                "mui": [
                    999.9892978339161,
                    543.3644414636464,
                    -302.13914402438917,
                    -418.3285396637894,
                    -1050.237687566268,
                    1776.3894454978192
                ],
                "Si": [
                    [
                        0.9920964770738033,
                        0.5408248438609208,
                        -0.2962115512972068,
                        -0.4112904284233802,
                        -1.0456851559050586,
                        1.7550024439784258
                    ],
                    [
                        0.5408248438609208,
                        1.3025929251341293,
                        -0.7093142330998612,
                        0.04209109424505121,
                        0.2227321627636346,
                        -0.05751850896211831
                    ],
                    [
                        -0.2962115512972068,
                        -0.7093142330998612,
                        1.3765104789227869,
                        0.9215414324689413,
                        0.6787659936635034,
                        -1.6822868463155167
                    ],
                    [
                        -0.4112904284233802,
                        0.04209109424505121,
                        0.9215414324689413,
                        2.131672921300832,
                        2.2388967535737083,
                        -3.8512349386225013
                    ],
                    [
                        -1.0456851559050586,
                        0.2227321627636346,
                        0.6787659936635034,
                        2.2388967535737083,
                        4.077081556627441,
                        -5.7017803350892455
                    ],
                    [
                        1.7550024439784258,
                        -0.05751850896211831,
                        -1.6822868463155167,
                        -3.8512349386225013,
                        -5.7017803350892455,
                        9.994226815713695
                    ]
                ]
            },
            "est_tgt": [
                0,
                1,
                2,
                3,
                5
            ],
            "oracle_est_tgt": [
                0
            ]
        },
        "1": {
            "intv_type": "hard",
            "inode": 1,
            "new_mui": 1000,
            "new_vari": 1.0,
            "noise_type": "gaussian",
            "obs_noise_gamma_shape": null,
            "true_params": {
                "Si": [
                    [
                        1.0,
                        0.0,
                        0.0,
                        -0.5548850156348607,
                        -1.4661851459746162,
                        2.302735719533927
                    ],
                    [
                        0.0,
                        1.0,
                        -0.5560399150203499,
                        0.2513222694100504,
                        0.7654948593458356,
                        -0.9686643554287995
                    ],
                    [
                        0.0,
                        -0.5560399150203499,
                        1.3091803870958378,
                        0.8207734868048331,
                        0.3894109680395575,
                        -1.1974758298270585
                    ],
                    [
                        -0.5548850156348607,
                        0.2513222694100504,
                        0.8207734868048331,
                        2.2936564369775554,
                        2.6373861127695015,
                        -4.433310372068172
                    ],
                    [
                        -1.4661851459746162,
                        0.7654948593458356,
                        0.3894109680395575,
                        2.6373861127695015,
                        5.120050787440455,
                        -7.230106181930267
                    ],
                    [
                        2.302735719533927,
                        -0.9686643554287995,
                        -1.1974758298270585,
                        -4.433310372068172,
                        -7.230106181930267,
                        12.215070781554466
                    ]
                ],
                "mui": [
                    0.0,
                    1000.0,
                    -556.0399150203499,
                    251.32226941005044,
                    765.4948593458356,
                    -968.6643554287995
                ],
                "Ai": [
                    [
                        0.0,
                        0.0,
                        0.0,
                        0.0,
                        0.0,
                        0.0
                    ],
                    [
                        0.0,
                        0.0,
                        0.0,
                        0.0,
                        0.0,
                        0.0
                    ],
                    [
                        -0.0,
                        -0.5560399150203499,
                        0.0,
                        0.0,
                        0.0,
                        0.0
                    ],
                    [
                        -0.5548850156348607,
                        0.78540900580597,
                        0.960518700130319,
                        0.0,
                        0.0,
                        0.0
                    ],
                    [
                        -0.9953325430979567,
                        0.5522331179430698,
                        0.0,
                        0.8485588718555372,
                        0.0,
                        0.0
                    ],
                    [
                        0.97387544365902,
                        -0.6023833984803969,
                        -0.5406675787984476,
                        -0.7004100880758363,
                        -0.6412649969776805,
                        0.0
                    ]
                ]
            },
            "est_params": {
                "mui": [
                    -0.0017579244165077785,
                    999.9994009028911,
                    -556.0491691253221,
                    251.3220404640515,
                    765.4913600129631,
                    -968.656125295827
                ],
                "Si": [
                    [
                        0.9938910469450943,
                        -0.00640081654259058,
                        0.002826677120025163,
                        -0.5475236711985095,
                        -1.463795005636973,
                        2.3007925237740765
                    ],
                    [
                        -0.00640081654259058,
                        0.9996822292303755,
                        -0.549577103177413,
                        0.27183329931915035,
                        0.7871840337879255,
                        -0.9998136003077797
                    ],
                    [
                        0.002826677120025163,
                        -0.549577103177413,
                        1.304900403776345,
                        0.8125352699544497,
                        0.3863411410813105,
                        -1.1886541227820715
                    ],
                    [
                        -0.5475236711985095,
                        0.27183329931915035,
                        0.8125352699544497,
                        2.2910015077812758,
                        2.6409485398650627,
                        -4.437621464759345
                    ],
                    [
                        -1.463795005636973,
                        0.7871840337879255,
                        0.3863411410813105,
                        2.6409485398650627,
                        5.150757832348521,
                        -7.269002334785535
                    ],
                    [
                        2.3007925237740765,
                        -0.9998136003077797,
                        -1.1886541227820715,
                        -4.437621464759345,
                        -7.269002334785535,
                        12.2787969031347
                    ]
                ]
            },
            "est_tgt": [
                0,
                1,
                2,
                3,
                5
            ],
            "oracle_est_tgt": [
                1
            ]
        },
        "2": {
            "intv_type": "hard",
            "inode": 2,
            "new_mui": 1000,
            "new_vari": 1.0,
            "noise_type": "gaussian",
            "obs_noise_gamma_shape": null,
            "true_params": {
                "Si": [
                    [
                        1.0,
                        0.5433701208249966,
                        0.0,
                        -0.12811722925303037,
                        -0.803980578597875,
                        1.251857506773582
                    ],
                    [
                        0.5433701208249966,
                        1.2952510882053714,
                        0.0,
                        0.715793931466987,
                        0.7818398737212848,
                        -1.2537787697509364
                    ],
                    [
                        0.0,
                        0.0,
                        1.0,
                        0.960518700130319,
                        0.8150566645787306,
                        -1.7360918757029302
                    ],
                    [
                        -0.12811722925303037,
                        0.715793931466987,
                        0.960518700130319,
                        2.555877504132633,
                        2.691616893693559,
                        -4.591476011498039
                    ],
                    [
                        -0.803980578597875,
                        0.7818398737212848,
                        0.8150566645787306,
                        2.691616893693559,
                        4.515981299874422,
                        -6.475795376489821
                    ],
                    [
                        1.251857506773582,
                        -1.2537787697509364,
                        -1.7360918757029302,
                        -4.591476011498039,
                        -6.475795376489821,
                        11.28167441222435
                    ]
                ],
                "mui": [
                    0.0,
                    0.0,
                    1000.0,
                    960.5187001303191,
                    815.0566645787306,
                    -1736.09187570293
                ],
                "Ai": [
                    [
                        0.0,
                        0.0,
                        0.0,
                        0.0,
                        0.0,
                        0.0
                    ],
                    [
                        0.5433701208249966,
                        0.0,
                        0.0,
                        0.0,
                        0.0,
                        0.0
                    ],
                    [
                        0.0,
                        0.0,
                        0.0,
                        0.0,
                        0.0,
                        0.0
                    ],
                    [
                        -0.5548850156348607,
                        0.78540900580597,
                        0.960518700130319,
                        0.0,
                        0.0,
                        0.0
                    ],
                    [
                        -0.9953325430979567,
                        0.5522331179430698,
                        0.0,
                        0.8485588718555372,
                        0.0,
                        0.0
                    ],
                    [
                        0.97387544365902,
                        -0.6023833984803969,
                        -0.5406675787984476,
                        -0.7004100880758363,
                        -0.6412649969776805,
                        0.0
                    ]
                ]
            },
            "est_params": {
                "mui": [
                    -0.0021964802960968946,
                    -0.008349684688566223,
                    1000.0063044431965,
                    960.5252986246932,
                    815.0557823378065,
                    -1736.1005046553912
                ],
                "Si": [
                    [
                        1.001664471350414,
                        0.5474152630663508,
                        -0.004703623112002985,
                        -0.12953376248618265,
                        -0.8041348409380491,
                        1.262951141889528
                    ],
                    [
                        0.5474152630663508,
                        1.2988528503890704,
                        -0.005953654942213087,
                        0.7097043846943508,
                        0.7735959878449875,
                        -1.235048689112521
                    ],
                    [
                        -0.004703623112002985,
                        -0.005953654942213087,
                        0.9949626174697285,
                        0.9593731350241211,
                        0.8091988805696594,
                        -1.7297165760191913
                    ],
                    [
                        -0.12953376248618265,
                        0.7097043846943508,
                        0.9593731350241211,
                        2.5524005858400916,
                        2.683875627220317,
                        -4.578661452366591
                    ],
                    [
                        -0.8041348409380491,
                        0.7735959878449875,
                        0.8091988805696594,
                        2.683875627220317,
                        4.504134838005277,
                        -6.45982552985564
                    ],
                    [
                        1.262951141889528,
                        -1.235048689112521,
                        -1.7297165760191913,
                        -4.578661452366591,
                        -6.45982552985564,
                        11.262569126208511
                    ]
                ]
            },
            "est_tgt": [
                2,
                3
            ],
            "oracle_est_tgt": [
                2
            ]
        },
        "3": {
            "intv_type": "hard",
            "inode": 3,
            "new_mui": 1000,
            "new_vari": 1.0,
            "noise_type": "gaussian",
            "obs_noise_gamma_shape": null,
            "true_params": {
                "Si": [
                    [
                        1.0,
                        0.5433701208249966,
                        -0.30213547580812833,
                        0.0,
                        -0.6952655670776663,
                        1.2557626315887973
                    ],
                    [
                        0.5433701208249966,
                        1.2952510882053714,
                        -0.7202113050157304,
                        0.0,
                        0.17444658275461855,
                        0.026465480234132976
                    ],
                    [
                        -0.30213547580812833,
                        -0.7202113050157304,
                        1.400466232837642,
                        0.0,
                        -0.09699926305046855,
                        -0.5553834421788076
                    ],
                    [
                        0.0,
                        0.0,
                        0.0,
                        1.0,
                        0.8485588718555372,
                        -1.2445611904716614
                    ],
                    [
                        -0.6952655670776663,
                        0.17444658275461855,
                        -0.09699926305046855,
                        0.8485588718555372,
                        2.5084077843216956,
                        -2.9326347356786022
                    ],
                    [
                        1.2557626315887973,
                        0.026465480234132976,
                        -0.5553834421788076,
                        -1.2445611904716614,
                        -2.9326347356786022,
                        5.2595910629762725
                    ]
                ],
                "mui": [
                    0.0,
                    0.0,
                    0.0,
                    1000.0,
                    848.5588718555373,
                    -1244.5611904716613
                ],
                "Ai": [
                    [
                        0.0,
                        0.0,
                        0.0,
                        0.0,
                        0.0,
                        0.0
                    ],
                    [
                        0.5433701208249966,
                        0.0,
                        0.0,
                        0.0,
                        0.0,
                        0.0
                    ],
                    [
                        -0.0,
                        -0.5560399150203499,
                        0.0,
                        0.0,
                        0.0,
                        0.0
                    ],
                    [
                        0.0,
                        0.0,
                        0.0,
                        0.0,
                        0.0,
                        0.0
                    ],
                    [
                        -0.9953325430979567,
                        0.5522331179430698,
                        0.0,
                        0.8485588718555372,
                        0.0,
                        0.0
                    ],
                    [
                        0.97387544365902,
                        -0.6023833984803969,
                        -0.5406675787984476,
                        -0.7004100880758363,
                        -0.6412649969776805,
                        0.0
                    ]
                ]
            },
            "est_params": {
                "mui": [
                    -0.0009096388091826546,
                    -0.016947780085720943,
                    0.010156352920380897,
                    999.9944223535417,
                    848.5465379172164,
                    -1244.546383548106
                ],
                "Si": [
                    [
                        1.004972380912922,
                        0.548278883834975,
                        -0.30845689874306004,
                        0.004881190381602322,
                        -0.687231323495349,
                        1.2460843402960302
                    ],
                    [
                        0.548278883834975,
                        1.2942343859563694,
                        -0.718364434183267,
                        0.0020917285013611992,
                        0.16893678572221393,
                        0.03311504611060023
                    ],
                    [
                        -0.30845689874306004,
                        -0.718364434183267,
                        1.391740027708766,
                        -0.008131973854220686,
                        -0.0908750314606911,
                        -0.5522233374544564
                    ],
                    [
                        0.004881190381602322,
                        0.0020917285013611992,
                        -0.008131973854220686,
                        1.004040720222886,
                        0.8421131910429208,
                        -1.230841464382932
                    ],
                    [
                        -0.687231323495349,
                        0.16893678572221393,
                        -0.0908750314606911,
                        0.8421131910429208,
                        2.4840995688674434,
                        -2.9059728051858884
                    ],
                    [
                        1.2460843402960302,
                        0.03311504611060023,
                        -0.5522233374544564,
                        -1.230841464382932,
                        -2.9059728051858884,
                        5.21549006897066
                    ]
                ]
            },
            "est_tgt": [
                0,
                2,
                3,
                5
            ],
            "oracle_est_tgt": [
                3
            ]
        },
        "4": {
            "intv_type": "hard",
            "inode": 4,
            "new_mui": 1000,
            "new_vari": 1.0,
            "noise_type": "gaussian",
            "obs_noise_gamma_shape": null,
            "true_params": {
                "Si": [
                    [
                        1.0,
                        0.5433701208249966,
                        -0.30213547580812833,
                        -0.41832400373950923,
                        0.0,
                        1.1029115121214785
                    ],
                    [
                        0.5433701208249966,
                        1.2952510882053714,
                        -0.7202113050157304,
                        0.024017504954116975,
                        0.0,
                        0.12150986483676518
                    ],
                    [
                        -0.30213547580812833,
                        -0.7202113050157304,
                        1.400466232837642,
                        0.947164008716631,
                        0.0,
                        -1.2809889010731812
                    ],
                    [
                        -0.41832400373950923,
                        0.024017504954116975,
                        0.947164008716631,
                        2.1607540285061084,
                        0.0,
                        -2.447378011726347
                    ],
                    [
                        0.0,
                        0.0,
                        0.0,
                        0.0,
                        1.0,
                        -0.6412649969776805
                    ],
                    [
                        1.1029115121214785,
                        0.12150986483676518,
                        -1.2809889010731812,
                        -2.447378011726347,
                        -0.6412649969776805,
                        4.818881125562502
                    ]
                ],
                "mui": [
                    0.0,
                    0.0,
                    0.0,
                    0.0,
                    1000.0,
                    -641.2649969776804
                ],
                "Ai": [
                    [
                        0.0,
                        0.0,
                        0.0,
                        0.0,
                        0.0,
                        0.0
                    ],
                    [
                        0.5433701208249966,
                        0.0,
                        0.0,
                        0.0,
                        0.0,
                        0.0
                    ],
                    [
                        -0.0,
                        -0.5560399150203499,
                        0.0,
                        0.0,
                        0.0,
                        0.0
                    ],
                    [
                        -0.5548850156348607,
                        0.78540900580597,
                        0.960518700130319,
                        0.0,
                        0.0,
                        0.0
                    ],
                    [
                        0.0,
                        0.0,
                        0.0,
                        0.0,
                        0.0,
                        0.0
                    ],
                    [
                        0.97387544365902,
                        -0.6023833984803969,
                        -0.5406675787984476,
                        -0.7004100880758363,
                        -0.6412649969776805,
                        0.0
                    ]
                ]
            },
            "est_params": {
                "mui": [
                    0.002901459605311873,
                    0.0006311630173654202,
                    0.004054384287716271,
                    0.009427536897813428,
                    999.9990585294967,
                    -641.2791459903461
                ],
                "Si": [
                    [
                        0.9956502609822423,
                        0.5392456635212409,
                        -0.2973556678552775,
                        -0.4111796585614414,
                        -0.005378704087583888,
                        1.094420243598843
                    ],
                    [
                        0.5392456635212409,
                        1.2847425265055226,
                        -0.722173885137701,
                        0.023420900262317714,
                        -0.010359455241899216,
                        0.13771875856660623
                    ],
                    [
                        -0.2973556678552775,
                        -0.722173885137701,
                        1.3984732792944352,
                        0.9375052832156292,
                        0.00819397092550884,
                        -1.2795247470813378
                    ],
                    [
                        -0.4111796585614414,
                        0.023420900262317714,
                        0.9375052832156292,
                        2.1481207493572,
                        0.010818468118815396,
                        -2.436049138318783
                    ],
                    [
                        -0.005378704087583888,
                        -0.010359455241899216,
                        0.00819397092550884,
                        0.010818468118815396,
                        0.9958459506121068,
                        -0.6444260475293379
                    ],
                    [
                        1.094420243598843,
                        0.13771875856660623,
                        -1.2795247470813378,
                        -2.436049138318783,
                        -0.6444260475293379,
                        4.789242382331456
                    ]
                ]
            },
            "est_tgt": [
                0,
                4,
                5
            ],
            "oracle_est_tgt": [
                4
            ]
        },
        "5": {
            "intv_type": "hard",
            "inode": 5,
            "new_mui": 1000,
            "new_vari": 1.0,
            "noise_type": "gaussian",
            "obs_noise_gamma_shape": null,
            "true_params": {
                "Si": [
                    [
                        1.0,
                        0.5433701208249966,
                        -0.30213547580812833,
                        -0.41832400373950923,
                        -1.0502381117609558,
                        0.0
                    ],
                    [
                        0.5433701208249966,
                        1.2952510882053714,
                        -0.7202113050157304,
                        0.024017504954116975,
                        0.1948268496632688,
                        0.0
                    ],
                    [
                        -0.30213547580812833,
                        -0.7202113050157304,
                        1.400466232837642,
                        0.947164008716631,
                        0.7067251596482841,
                        0.0
                    ],
                    [
                        -0.41832400373950923,
                        0.024017504954116975,
                        0.947164008716631,
                        2.1607540285061084,
                        2.263161756913441,
                        0.0
                    ],
                    [
                        -1.0502381117609558,
                        0.1948268496632688,
                        0.7067251596482841,
                        2.263161756913441,
                        4.073351996559066,
                        0.0
                    ],
                    [
                        0.0,
                        0.0,
                        0.0,
                        0.0,
                        0.0,
                        1.0
                    ]
                ],
                "mui": [
                    0.0,
                    0.0,
                    0.0,
                    0.0,
                    0.0,
                    1000.0
                ],
                "Ai": [
                    [
                        0.0,
                        0.0,
                        0.0,
                        0.0,
                        0.0,
                        0.0
                    ],
                    [
                        0.5433701208249966,
                        0.0,
                        0.0,
                        0.0,
                        0.0,
                        0.0
                    ],
                    [
                        -0.0,
                        -0.5560399150203499,
                        0.0,
                        0.0,
                        0.0,
                        0.0
                    ],
                    [
                        -0.5548850156348607,
                        0.78540900580597,
                        0.960518700130319,
                        0.0,
                        0.0,
                        0.0
                    ],
                    [
                        -0.9953325430979567,
                        0.5522331179430698,
                        0.0,
                        0.8485588718555372,
                        0.0,
                        0.0
                    ],
                    [
                        0.0,
                        0.0,
                        0.0,
                        0.0,
                        0.0,
                        0.0
                    ]
                ]
            },
            "est_params": {
                "mui": [
                    -0.0002751964079214168,
                    -0.0022543909633747795,
                    -0.0027937095898060266,
                    0.0041262390768252236,
                    -0.00427004339639026,
                    1000.0029365105405
                ],
                "Si": [
                    [
                        0.996348756516822,
                        0.5442504441765706,
                        -0.3014352826187793,
                        -0.42270678759622343,
                        -1.0571129497927874,
                        0.0007308584475938443
                    ],
                    [
                        0.5442504441765706,
                        1.2942800706235933,
                        -0.7134595265602786,
                        0.014629871416958519,
                        0.17465574162291447,
                        -0.0016722652636733102
                    ],
                    [
                        -0.3014352826187793,
                        -0.7134595265602786,
                        1.3841832549420838,
                        0.9445608329039503,
                        0.7162935988781829,
                        0.0013099605205735784
                    ],
                    [
                        -0.42270678759622343,
                        0.014629871416958519,
                        0.9445608329039503,
                        2.140061928832522,
                        2.2407526769572748,
                        -0.0043168398511737776
                    ],
                    [
                        -1.0571129497927874,
                        0.17465574162291447,
                        0.7162935988781829,
                        2.2407526769572748,
                        4.041777702180205,
                        -0.003687867200831085
                    ],
                    [
                        0.0007308584475938443,
                        -0.0016722652636733102,
                        0.0013099605205735784,
                        -0.0043168398511737776,
                        -0.003687867200831085,
                        0.9915840707748411
                    ]
                ]
            },
            "est_tgt": [
                0,
                4,
                5
            ],
            "oracle_est_tgt": [
                5
            ]
        },
        "obs": {
            "intv_type": "obs",
            "noise_type": "gaussian",
            "obs_noise_gamma_shape": null,
            "true_params": {
                "Si": [
                    [
                        1.0,
                        0.5433701208249966,
                        -0.30213547580812833,
                        -0.41832400373950923,
                        -1.0502381117609558,
                        1.7763924516857128
                    ],
                    [
                        0.5433701208249966,
                        1.2952510882053714,
                        -0.7202113050157304,
                        0.024017504954116975,
                        0.1948268496632688,
                        -0.0034257743237218197
                    ],
                    [
                        -0.30213547580812833,
                        -0.7202113050157304,
                        1.400466232837642,
                        0.947164008716631,
                        0.7067251596482841,
                        -1.734187008439089
                    ],
                    [
                        -0.41832400373950923,
                        0.024017504954116975,
                        0.947164008716631,
                        2.1607540285061084,
                        2.263161756913441,
                        -3.898664428933447
                    ],
                    [
                        -1.0502381117609558,
                        0.1948268496632688,
                        0.7067251596482841,
                        2.263161756913441,
                        4.073351996559066,
                        -5.719504329049271
                    ],
                    [
