{
    "expt_args": {
        "save_dir": "all_expt_logs/expt_logs_sim_compsel_backward_cameraready_new_mean_largerange_re",
        "exp_name": "420",
        "num_nodes": 6,
        "num_tgt_prior": 7,
        "obs_noise_mean": 0.0,
        "obs_noise_var": 1.0,
        "obs_noise_gamma_shape": null,
        "noise_type": "gaussian",
        "max_edge_strength": 1.0,
        "graph_sparsity_method": "adj_dense_prop",
        "adj_dense_prop": 0.8,
        "num_parents": null,
        "new_noise_mean": 100,
        "mix_samples": 4096,
        "stage2_samples": 4096,
        "gmm_tol": 0.001,
        "intv_type": "hard",
        "new_noise_var": 1.0,
        "dtype": "simulation",
        "cutoff_drop_ratio": 0.07,
        "intv_targets": [
            0,
            1,
            2,
            3,
            4,
            5
        ]
    },
    "intv_args_dict": {
        "0": {
            "intv_type": "hard",
            "inode": 0,
            "new_mui": 100,
            "new_vari": 1.0,
            "noise_type": "gaussian",
            "obs_noise_gamma_shape": null,
            "true_params": {
                "Si": [
                    [
                        1.0,
                        0.0,
                        -0.9732517815800684,
                        1.5221443428083894,
                        -0.9676465428941945,
                        -0.7282398127588524
                    ],
                    [
                        0.0,
                        1.0,
                        0.9925261619714238,
                        -1.615695841503596,
                        -0.507289655253962,
                        0.1936679716066031
                    ],
                    [
                        -0.9732517815800684,
                        0.9925261619714238,
                        2.932327212546502,
                        -3.7418487785039938,
                        0.057348997047879324,
                        0.5621045171032534
                    ],
                    [
                        1.5221443428083894,
                        -1.615695841503596,
                        -3.7418487785039938,
                        6.358780975148001,
                        -1.1865289274740707,
                        -1.7487365091828049
                    ],
                    [
                        -0.9676465428941945,
                        -0.507289655253962,
                        0.057348997047879324,
                        -1.1865289274740707,
                        2.952562044180497,
                        1.1663439493233652
                    ],
                    [
                        -0.7282398127588524,
                        0.1936679716066031,
                        0.5621045171032534,
                        -1.7487365091828049,
                        1.1663439493233652,
                        1.9850851409662387
                    ]
                ],
                "mui": [
                    100.0,
                    0.0,
                    -97.32517815800684,
                    152.21443428083893,
                    -96.76465428941945,
                    -72.82398127588525
                ],
                "Ai": [
                    [
                        0.0,
                        0.0,
                        0.0,
                        0.0,
                        0.0,
                        0.0
                    ],
                    [
                        0.0,
                        0.0,
                        0.0,
                        0.0,
                        0.0,
                        0.0
                    ],
                    [
                        -0.9732517815800684,
                        0.9925261619714238,
                        0.0,
                        0.0,
                        0.0,
                        0.0
                    ],
                    [
                        0.8829138451320364,
                        -0.9638059559862397,
                        -0.6567986925629523,
                        0.0,
                        0.0,
                        0.0
                    ],
                    [
                        -0.6466619968972542,
                        -0.8843065852066905,
                        -0.8954804421076102,
                        -0.7834424424217665,
                        0.0,
                        0.0
                    ],
                    [
                        -0.5725240394725366,
                        0.0,
                        -0.7000605796718413,
                        -0.5499156394862879,
                        0.0,
                        0.0
                    ]
                ]
            },
            "est_params": {
                "mui": [
                    99.97538374955288,
                    0.03263665433569613,
                    -97.32086202418662,
                    152.20224253599076,
                    -96.82851666232719,
                    -72.82928138082606
                ],
                "Si": [
                    [
                        1.073656017589167,
                        -0.019087737587165886,
                        -1.0545081662289213,
                        1.675857877923425,
                        -0.9728538088181862,
                        -0.8089694947299652
                    ],
                    [
                        -0.019087737587165886,
                        1.0462419459701462,
                        1.0406900836450186,
                        -1.6870112437135885,
                        -0.3981461342621083,
                        0.21591204207650208
                    ],
                    [
                        -1.0545081662289213,
                        1.0406900836450186,
                        2.9802305759420484,
                        -3.9183707593243713,
                        0.1352896620441326,
                        0.6560397317312797
                    ],
                    [
                        1.675857877923425,
                        -1.6870112437135885,
                        -3.9183707593243713,
                        6.681062062159731,
                        -1.3452397278967552,
                        -1.9034464566746951
                    ],
                    [
                        -0.9728538088181862,
                        -0.3981461342621083,
                        0.1352896620441326,
                        -1.3452397278967552,
                        2.868369485780092,
                        1.1651122652083787
                    ],
                    [
                        -0.8089694947299652,
                        0.21591204207650208,
                        0.6560397317312797,
                        -1.9034464566746951,
                        1.1651122652083787,
                        2.0469195469039985
                    ]
                ]
            },
            "est_tgt": [
                0
            ],
            "oracle_est_tgt": [
                0
            ]
        },
        "1": {
            "intv_type": "hard",
            "inode": 1,
            "new_mui": 100,
            "new_vari": 1.0,
            "noise_type": "gaussian",
            "obs_noise_gamma_shape": null,
            "true_params": {
                "Si": [
                    [
                        1.0,
                        0.0,
                        -0.9732517815800684,
                        1.5221443428083894,
                        -0.9676465428941945,
                        -0.7282398127588524
                    ],
                    [
                        0.0,
                        1.0,
                        0.9925261619714238,
                        -1.615695841503596,
                        -0.507289655253962,
                        0.1936679716066031
                    ],
                    [
                        -0.9732517815800684,
                        0.9925261619714238,
                        2.932327212546502,
                        -3.7418487785039938,
                        0.057348997047879324,
                        0.5621045171032534
                    ],
                    [
                        1.5221443428083894,
                        -1.615695841503596,
                        -3.7418487785039938,
                        6.358780975148001,
                        -1.1865289274740707,
                        -1.7487365091828049
                    ],
                    [
                        -0.9676465428941945,
                        -0.507289655253962,
                        0.057348997047879324,
                        -1.1865289274740707,
                        2.952562044180497,
                        1.1663439493233652
                    ],
                    [
                        -0.7282398127588524,
                        0.1936679716066031,
                        0.5621045171032534,
                        -1.7487365091828049,
                        1.1663439493233652,
                        1.9850851409662387
                    ]
                ],
                "mui": [
                    0.0,
                    100.0,
                    99.25261619714239,
                    -161.5695841503596,
                    -50.7289655253962,
                    19.366797160660308
                ],
                "Ai": [
                    [
                        0.0,
                        0.0,
                        0.0,
                        0.0,
                        0.0,
                        0.0
                    ],
                    [
                        0.0,
                        0.0,
                        0.0,
                        0.0,
                        0.0,
                        0.0
                    ],
                    [
                        -0.9732517815800684,
                        0.9925261619714238,
                        0.0,
                        0.0,
                        0.0,
                        0.0
                    ],
                    [
                        0.8829138451320364,
                        -0.9638059559862397,
                        -0.6567986925629523,
                        0.0,
                        0.0,
                        0.0
                    ],
                    [
                        -0.6466619968972542,
                        -0.8843065852066905,
                        -0.8954804421076102,
                        -0.7834424424217665,
                        0.0,
                        0.0
                    ],
                    [
                        -0.5725240394725366,
                        0.0,
                        -0.7000605796718413,
                        -0.5499156394862879,
                        0.0,
                        0.0
                    ]
                ]
            },
            "est_params": {
                "mui": [
                    0.10678263453688863,
                    100.05523878416498,
                    99.09051923249815,
                    -161.34246877500672,
                    -50.87855796516228,
                    19.318244686540368
                ],
                "Si": [
                    [
                        0.8698865774012383,
                        -0.01751390233183552,
                        -0.9086917425673204,
                        1.3852238758600903,
                        -0.867884161002713,
                        -0.560399080219683
                    ],
                    [
                        -0.01751390233183552,
                        0.9622561025402682,
                        1.019711525323561,
                        -1.596130067521339,
                        -0.4979349998566323,
                        0.22768674789331525
                    ],
                    [
                        -0.9086917425673204,
                        1.019711525323561,
                        2.9521580902099243,
                        -3.753065504884658,
                        -0.021742336267520132,
                        0.4553684622568727
                    ],
                    [
                        1.3852238758600903,
                        -1.596130067521339,
                        -3.753065504884658,
                        6.290738141508745,
                        -1.0853931615987074,
                        -1.4793162313100676
                    ],
                    [
                        -0.867884161002713,
                        -0.4979349998566323,
                        -0.021742336267520132,
                        -1.0853931615987074,
                        3.0006232934488177,
                        0.9198423337609062
                    ],
                    [
                        -0.560399080219683,
                        0.22768674789331525,
                        0.4553684622568727,
                        -1.4793162313100676,
                        0.9198423337609062,
                        1.7684543664517827
                    ]
                ]
            },
            "est_tgt": [
                1
            ],
            "oracle_est_tgt": [
                1
            ]
        },
        "2": {
            "intv_type": "hard",
            "inode": 2,
            "new_mui": 100,
            "new_vari": 1.0,
            "noise_type": "gaussian",
            "obs_noise_gamma_shape": null,
            "true_params": {
                "Si": [
                    [
                        1.0,
                        0.0,
                        0.0,
                        0.8829138451320364,
                        -1.3383741761754901,
                        -1.0580521712296178
                    ],
                    [
                        0.0,
                        1.0,
                        0.0,
                        -0.9638059559862397,
                        -0.1292200930281852,
                        0.5300119686268661
                    ],
                    [
                        0.0,
                        0.0,
                        1.0,
                        -0.6567986925629523,
                        -0.3809164702266679,
                        -0.3388767066373276
                    ],
                    [
                        0.8829138451320364,
                        -0.9638059559862397,
                        -0.6567986925629523,
                        3.1398433012727907,
                        -1.590382997620059,
                        -1.772339464584059
                    ],
                    [
                        -1.3383741761754901,
                        -0.1292200930281852,
                        -0.3809164702266679,
                        -1.590382997620059,
                        3.566822685773362,
                        1.907492477787507
                    ],
                    [
                        -1.0580521712296178,
                        0.5300119686268661,
                        -0.3388767066373276,
                        -1.772339464584059,
                        1.907492477787507,
                        2.8176317167844087
                    ]
                ],
                "mui": [
                    0.0,
                    0.0,
                    100.0,
                    -65.67986925629523,
                    -38.09164702266679,
                    -33.88767066373276
                ],
                "Ai": [
                    [
                        0.0,
                        0.0,
                        0.0,
                        0.0,
                        0.0,
                        0.0
                    ],
                    [
                        0.0,
                        0.0,
                        0.0,
                        0.0,
                        0.0,
                        0.0
                    ],
                    [
                        0.0,
                        0.0,
                        0.0,
                        0.0,
                        0.0,
                        0.0
                    ],
                    [
                        0.8829138451320364,
                        -0.9638059559862397,
                        -0.6567986925629523,
                        0.0,
                        0.0,
                        0.0
                    ],
                    [
                        -0.6466619968972542,
                        -0.8843065852066905,
                        -0.8954804421076102,
                        -0.7834424424217665,
                        0.0,
                        0.0
                    ],
                    [
                        -0.5725240394725366,
                        0.0,
                        -0.7000605796718413,
                        -0.5499156394862879,
                        0.0,
                        0.0
                    ]
                ]
            },
            "est_params": {
                "mui": [
                    0.006132825914030455,
                    0.0033916705798029113,
                    100.0088647165315,
                    -65.70926903531864,
                    -38.095181011057754,
                    -33.88069367659806
                ],
                "Si": [
                    [
                        0.9890537129469805,
                        0.03719584972519544,
                        0.05339623550056453,
                        0.8564117429393546,
                        -1.3063617117594621,
                        -1.1051422160284063
                    ],
                    [
                        0.03719584972519544,
                        1.0969982669423277,
                        -0.05608225264566328,
                        -0.9258141893860383,
                        -0.298293059868199,
                        0.510608188248139
                    ],
                    [
                        0.05339623550056453,
                        -0.05608225264566328,
                        1.0479752736586863,
                        -0.6654015638412168,
                        -0.30382517170259277,
                        -0.42979270997060787
                    ],
                    [
                        0.8564117429393546,
                        -0.9258141893860383,
                        -0.6654015638412168,
                        3.154263416655971,
                        -1.5238420646971789,
                        -1.7652114057698882
                    ],
                    [
                        -1.3063617117594621,
                        -0.298293059868199,
                        -0.30382517170259277,
                        -1.5238420646971789,
                        3.2904372273485714,
                        1.8699610734251777
                    ],
                    [
                        -1.1051422160284063,
                        0.510608188248139,
                        -0.42979270997060787,
                        -1.7652114057698882,
                        1.8699610734251777,
                        2.9901207112098263
                    ]
                ]
            },
            "est_tgt": [
                2,
                3,
                4
            ],
            "oracle_est_tgt": [
                2,
                4
            ]
        },
        "3": {
            "intv_type": "hard",
            "inode": 3,
            "new_mui": 100,
            "new_vari": 1.0,
            "noise_type": "gaussian",
            "obs_noise_gamma_shape": null,
            "true_params": {
                "Si": [
                    [
                        1.0,
                        0.0,
                        -0.9732517815800684,
                        0.0,
                        0.22486593875408475,
                        0.10881116690705839
                    ],
                    [
                        0.0,
                        1.0,
                        0.9925261619714238,
                        0.0,
                        -1.7730943515322306,
                        -0.6948284402891829
                    ],
                    [
                        -0.9732517815800684,
                        0.9925261619714238,
                        2.932327212546502,
                        0.0,
                        -2.874174149156193,
                        -1.4955966467887554
                    ],
                    [
                        0.0,
                        0.0,
                        0.0,
                        1.0,
                        -0.7834424424217665,
                        -0.5499156394862879
                    ],
                    [
                        0.22486593875408475,
                        -1.7730943515322306,
                        -2.874174149156193,
                        -0.7834424424217665,
                        5.6100955526322815,
                        2.3141821170658985
                    ],
                    [
                        0.10881116690705839,
                        -0.6948284402891829,
                        -1.4955966467887554,
                        -0.5499156394862879,
                        2.3141821170658985,
                        2.287118457240462
                    ]
                ],
                "mui": [
                    0.0,
                    0.0,
                    0.0,
                    100.0,
                    -78.34424424217666,
                    -54.99156394862879
                ],
                "Ai": [
                    [
                        0.0,
                        0.0,
                        0.0,
                        0.0,
                        0.0,
                        0.0
                    ],
                    [
                        0.0,
                        0.0,
                        0.0,
                        0.0,
                        0.0,
                        0.0
                    ],
                    [
                        -0.9732517815800684,
                        0.9925261619714238,
                        0.0,
                        0.0,
                        0.0,
                        0.0
                    ],
                    [
                        0.0,
                        0.0,
                        0.0,
                        0.0,
                        0.0,
                        0.0
                    ],
                    [
                        -0.6466619968972542,
                        -0.8843065852066905,
                        -0.8954804421076102,
                        -0.7834424424217665,
                        0.0,
                        0.0
                    ],
                    [
                        -0.5725240394725366,
                        0.0,
                        -0.7000605796718413,
                        -0.5499156394862879,
                        0.0,
                        0.0
                    ]
                ]
            },
            "est_params": {
                "mui": [
                    0.04426113905542251,
                    0.03844483055864813,
                    0.017527447846237068,
                    99.98174639892655,
                    -78.38562804716801,
                    -55.02707974749473
                ],
                "Si": [
                    [
                        1.0170501931816116,
                        0.03300298702985301,
                        -0.9565969747182466,
                        0.001524919955047566,
                        0.15011100478172884,
                        0.09883485013049054
                    ],
                    [
                        0.03300298702985301,
                        1.0417050962212018,
                        1.0758728408784466,
                        0.017452213787868303,
                        -1.894999217981996,
                        -0.844002738772495
                    ],
                    [
                        -0.9565969747182466,
                        1.0758728408784466,
                        3.0392940807227133,
                        0.010930326906675017,
                        -2.9790749395927945,
                        -1.6299407592601327
                    ],
                    [
                        0.001524919955047566,
                        0.017452213787868303,
                        0.010930326906675017,
                        1.0274666550176494,
                        -0.8260947698923267,
                        -0.6435877405299907
                    ],
                    [
                        0.15011100478172884,
                        -1.894999217981996,
                        -2.9790749395927945,
                        -0.8260947698923267,
                        5.802525293691428,
                        2.6325506379017756
                    ],
                    [
                        0.09883485013049054,
                        -0.844002738772495,
                        -1.6299407592601327,
                        -0.6435877405299907,
                        2.6325506379017756,
                        2.5122320367824367
                    ]
                ]
            },
            "est_tgt": [
                3,
                4
            ],
            "oracle_est_tgt": [
                3,
                4
            ]
        },
        "4": {
            "intv_type": "hard",
            "inode": 4,
            "new_mui": 100,
            "new_vari": 1.0,
            "noise_type": "gaussian",
            "obs_noise_gamma_shape": null,
            "true_params": {
                "Si": [
                    [
                        1.0,
                        0.0,
                        -0.9732517815800684,
                        1.5221443428083894,
                        0.0,
                        -0.7282398127588524
                    ],
                    [
                        0.0,
                        1.0,
                        0.9925261619714238,
                        -1.615695841503596,
                        0.0,
                        0.1936679716066031
                    ],
                    [
                        -0.9732517815800684,
                        0.9925261619714238,
                        2.932327212546502,
                        -3.7418487785039938,
                        0.0,
                        0.5621045171032534
                    ],
                    [
                        1.5221443428083894,
                        -1.615695841503596,
                        -3.7418487785039938,
                        6.358780975148001,
                        0.0,
                        -1.7487365091828049
                    ],
                    [
                        0.0,
                        0.0,
                        0.0,
                        0.0,
                        1.0,
                        0.0
                    ],
                    [
                        -0.7282398127588524,
                        0.1936679716066031,
                        0.5621045171032534,
                        -1.7487365091828049,
                        0.0,
                        1.9850851409662387
                    ]
                ],
                "mui": [
                    0.0,
                    0.0,
                    0.0,
                    0.0,
                    100.0,
                    0.0
                ],
                "Ai": [
                    [
                        0.0,
                        0.0,
                        0.0,
                        0.0,
                        0.0,
                        0.0
                    ],
                    [
                        0.0,
                        0.0,
                        0.0,
                        0.0,
                        0.0,
                        0.0
                    ],
                    [
                        -0.9732517815800684,
                        0.9925261619714238,
                        0.0,
                        0.0,
                        0.0,
                        0.0
                    ],
                    [
                        0.8829138451320364,
                        -0.9638059559862397,
                        -0.6567986925629523,
                        0.0,
                        0.0,
                        0.0
                    ],
                    [
                        0.0,
                        0.0,
                        0.0,
                        0.0,
                        0.0,
                        0.0
                    ],
                    [
                        -0.5725240394725366,
                        0.0,
                        -0.7000605796718413,
                        -0.5499156394862879,
                        0.0,
                        0.0
                    ]
                ]
            },
            "est_params": {
                "mui": [
                    0.04342153774127399,
                    -0.044335391333979124,
                    -0.09113942352757946,
                    0.11906290487496346,
                    99.9020129556901,
                    0.028210483365254235
                ],
                "Si": [
                    [
                        1.0688765646847094,
                        -0.03876318696151719,
                        -1.0630287082724177,
                        1.6857620561372426,
                        -0.026991712519077577,
                        -0.7962506156567413
                    ],
                    [
                        -0.03876318696151719,
                        0.9552546177551525,
                        1.0169802746443477,
                        -1.5344258013989425,
                        0.004118781019782128,
                        0.17867569364006106
                    ],
                    [
                        -1.0630287082724177,
                        1.0169802746443477,
                        3.077578140098949,
                        -3.79704924019913,
                        0.015827024003126945,
                        0.527931126004354
                    ],
                    [
                        1.6857620561372426,
                        -1.5344258013989425,
                        -3.79704924019913,
                        6.38532838176527,
                        -0.06062285378517945,
                        -1.8025180565648482
                    ],
                    [
                        -0.026991712519077577,
                        0.004118781019782128,
                        0.015827024003126945,
                        -0.06062285378517945,
                        1.067496388472675,
                        0.001821062062157241
                    ],
                    [
                        -0.7962506156567413,
                        0.17867569364006106,
                        0.527931126004354,
                        -1.8025180565648482,
                        0.001821062062157241,
                        2.1378049141863893
                    ]
                ]
            },
            "est_tgt": [
                3,
                4
            ],
            "oracle_est_tgt": [
                3,
                4
            ]
        },
        "5": {
            "intv_type": "hard",
            "inode": 5,
            "new_mui": 100,
            "new_vari": 1.0,
            "noise_type": "gaussian",
            "obs_noise_gamma_shape": null,
            "true_params": {
                "Si": [
                    [
                        1.0,
                        0.0,
                        -0.9732517815800684,
                        1.5221443428083894,
                        -0.9676465428941945,
                        0.0
                    ],
                    [
                        0.0,
                        1.0,
                        0.9925261619714238,
                        -1.615695841503596,
                        -0.507289655253962,
                        0.0
                    ],
                    [
                        -0.9732517815800684,
                        0.9925261619714238,
                        2.932327212546502,
                        -3.7418487785039938,
                        0.057348997047879324,
                        0.0
                    ],
                    [
                        1.5221443428083894,
                        -1.615695841503596,
                        -3.7418487785039938,
                        6.358780975148001,
                        -1.1865289274740707,
                        0.0
                    ],
                    [
                        -0.9676465428941945,
                        -0.507289655253962,
                        0.057348997047879324,
                        -1.1865289274740707,
                        2.952562044180497,
                        0.0
                    ],
                    [
                        0.0,
                        0.0,
                        0.0,
                        0.0,
                        0.0,
                        1.0
                    ]
                ],
                "mui": [
                    0.0,
                    0.0,
                    0.0,
                    0.0,
                    0.0,
                    100.0
                ],
                "Ai": [
                    [
                        0.0,
                        0.0,
                        0.0,
                        0.0,
                        0.0,
                        0.0
                    ],
                    [
                        0.0,
                        0.0,
                        0.0,
                        0.0,
                        0.0,
                        0.0
                    ],
                    [
                        -0.9732517815800684,
                        0.9925261619714238,
                        0.0,
                        0.0,
                        0.0,
                        0.0
                    ],
                    [
                        0.8829138451320364,
                        -0.9638059559862397,
                        -0.6567986925629523,
                        0.0,
                        0.0,
                        0.0
                    ],
                    [
                        -0.6466619968972542,
                        -0.8843065852066905,
                        -0.8954804421076102,
                        -0.7834424424217665,
                        0.0,
                        0.0
                    ],
                    [
                        0.0,
                        0.0,
                        0.0,
                        0.0,
                        0.0,
                        0.0
                    ]
                ]
            },
            "est_params": {
                "mui": [
                    -0.004362779495917796,
                    0.07080455306798099,
                    0.08690454592303008,
                    -0.10553907607388026,
                    -0.09535364833141569,
                    99.91174246582551
                ],
                "Si": [
                    [
                        0.9096192086610388,
                        0.0039359943158302465,
                        -0.8987702258409787,
                        1.3815390631113682,
                        -0.8534720736815332,
                        0.023077688275759477
                    ],
                    [
                        0.0039359943158302465,
                        0.9479065142763404,
                        0.9180791785530591,
                        -1.4855967624954811,
                        -0.5071424694905414,
                        -0.0129876190599172
                    ],
                    [
                        -0.8987702258409787,
                        0.9180791785530591,
                        2.7494961533134026,
                        -3.34359929141852,
                        -0.12029744512273575,
                        -0.02655442980365209
                    ],
                    [
                        1.3815390631113682,
                        -1.4855967624954811,
                        -3.34359929141852,
                        5.727925835077778,
                        -1.1066053591143716,
                        0.09986812579419323
                    ],
                    [
                        -0.8534720736815332,
                        -0.5071424694905414,
                        -0.12029744512273575,
                        -1.1066053591143716,
                        2.972803632951733,
                        -0.05352581348871382
                    ],
                    [
                        0.023077688275759477,
                        -0.0129876190599172,
                        -0.02655442980365209,
                        0.09986812579419323,
                        -0.05352581348871382,
                        1.0365084151619708
                    ]
                ]
            },
            "est_tgt": [
                5
            ],
            "oracle_est_tgt": [
                5
            ]
        },
        "obs": {
            "intv_type": "obs",
            "noise_type": "gaussian",
            "obs_noise_gamma_shape": null,
            "true_params": {
                "Si": [
                    [
                        1.0,
                        0.0,
                        -0.9732517815800684,
                        1.5221443428083894,
                        -0.9676465428941945,
                        -0.7282398127588524
                    ],
                    [
                        0.0,
                        1.0,
                        0.9925261619714238,
                        -1.615695841503596,
                        -0.507289655253962,
                        0.1936679716066031
                    ],
                    [
                        -0.9732517815800684,
                        0.9925261619714238,
                        2.932327212546502,
                        -3.7418487785039938,
                        0.057348997047879324,
                        0.5621045171032534
                    ],
                    [
                        1.5221443428083894,
                        -1.615695841503596,
                        -3.7418487785039938,
                        6.358780975148001,
                        -1.1865289274740707,
                        -1.7487365091828049
                    ],
                    [
                        -0.9676465428941945,
                        -0.507289655253962,
                        0.057348997047879324,
                        -1.1865289274740707,
                        2.952562044180497,
                        1.1663439493233652
                    ],
                    [
                        -0.7282398127588524,
                        0.1936679716066031,
                        0.5621045171032534,
                        -1.7487365091828049,
                        1.1663439493233652,
                        1.9850851409662387
                    ]
                ],
                "mui": [
                    0.0,
                    0.0,
                    0.0,
                    0.0,
                    0.0,
                    0.0
                ],
                "Ai": [
                    [
