{
    "expt_args": {
        "save_dir": "all_expt_logs/expt_logs_sim_compsel_backward_cameraready_new_mean_largerange_re",
        "exp_name": "119",
        "num_nodes": 6,
        "num_tgt_prior": 7,
        "obs_noise_mean": 0.0,
        "obs_noise_var": 1.0,
        "obs_noise_gamma_shape": null,
        "noise_type": "gaussian",
        "max_edge_strength": 1.0,
        "graph_sparsity_method": "adj_dense_prop",
        "adj_dense_prop": 0.8,
        "num_parents": null,
        "new_noise_mean": 100,
        "mix_samples": 524288,
        "stage2_samples": 524288,
        "gmm_tol": 0.001,
        "intv_type": "hard",
        "new_noise_var": 1.0,
        "dtype": "simulation",
        "cutoff_drop_ratio": 0.07,
        "intv_targets": [
            0,
            1,
            2,
            3,
            4,
            5
        ]
    },
    "intv_args_dict": {
        "0": {
            "intv_type": "hard",
            "inode": 0,
            "new_mui": 100,
            "new_vari": 1.0,
            "noise_type": "gaussian",
            "obs_noise_gamma_shape": null,
            "true_params": {
                "Si": [
                    [
                        1.0,
                        -0.6627499344320028,
                        -1.4906390220556545,
                        -1.5291966756991218,
                        -2.46040053560064,
                        1.1629537490024997
                    ],
                    [
                        -0.6627499344320028,
                        1.439237475589624,
                        1.7299522797522482,
                        1.4331420001214394,
                        1.8335414534640384,
                        -0.02835906753607198
                    ],
                    [
                        -1.4906390220556545,
                        1.7299522797522482,
                        3.7726152416434884,
                        3.156451363143044,
                        4.815616361679624,
                        -1.8020086469561079
                    ],
                    [
                        -1.5291966756991218,
                        1.4331420001214394,
                        3.156451363143044,
                        3.8344266883176905,
                        4.981360938557275,
                        -2.9437819553136952
                    ],
                    [
                        -2.46040053560064,
                        1.8335414534640384,
                        4.815616361679624,
                        4.981360938557275,
                        8.414189227642263,
                        -4.841435412482051
                    ],
                    [
                        1.1629537490024997,
                        -0.02835906753607198,
                        -1.8020086469561079,
                        -2.9437819553136952,
                        -4.841435412482051,
                        5.315528557418164
                    ]
                ],
                "mui": [
                    100.0,
                    -66.27499344320029,
                    -149.06390220556546,
                    -152.91966756991218,
                    -246.04005356006402,
                    116.29537490024997
                ],
                "Ai": [
                    [
                        0.0,
                        0.0,
                        0.0,
                        0.0,
                        0.0,
                        0.0
                    ],
                    [
                        -0.6627499344320028,
                        0.0,
                        0.0,
                        0.0,
                        0.0,
                        0.0
                    ],
                    [
                        -0.9988577831424699,
                        0.7420313656230784,
                        0.0,
                        0.0,
                        0.0,
                        0.0
                    ],
                    [
                        -0.6861433483473123,
                        0.0,
                        0.5655650461834838,
                        0.0,
                        0.0,
                        0.0
                    ],
                    [
                        -0.9387323712518798,
                        -0.5372509311483782,
                        0.6753185110725408,
                        0.5696291867894543,
                        0.0,
                        0.0
                    ],
                    [
                        -0.554522280171748,
                        0.7339184706829784,
                        0.6061892373285862,
                        -0.6304291087270186,
                        -0.8711750997718728,
                        0.0
                    ]
                ]
            },
            "est_params": {
                "mui": [
                    99.99832099259524,
                    -66.27216617539096,
                    -149.06287222080942,
                    -152.92505869553978,
                    -246.0442761762201,
                    116.30970096791984
                ],
                "Si": [
                    [
                        1.0058985235034394,
                        -0.6667570222630846,
                        -1.5019234709417164,
                        -1.5372003024461145,
                        -2.4795322641083897,
                        1.1699154268838283
                    ],
                    [
                        -0.6667570222630846,
                        1.4473771431565639,
                        1.740811911118983,
                        1.4430520226129526,
                        1.844404481103923,
                        -0.028215103722276137
                    ],
                    [
                        -1.5019234709417164,
                        1.740811911118983,
                        3.796736336441543,
                        3.1752231074299324,
                        4.84847292380984,
                        -1.8049025662025548
                    ],
                    [
                        -1.5372003024461145,
                        1.4430520226129526,
                        3.1752231074299324,
                        3.846684204256154,
                        5.007581864261486,
                        -2.9407400702130704
                    ],
                    [
                        -2.4795322641083897,
                        1.844404481103923,
                        4.84847292380984,
                        5.007581864261486,
                        8.473412102975033,
                        -4.85791291977718
                    ],
                    [
                        1.1699154268838283,
                        -0.028215103722276137,
                        -1.8049025662025548,
                        -2.9407400702130704,
                        -4.85791291977718,
                        5.308710598296591
                    ]
                ]
            },
            "est_tgt": [
                0
            ],
            "oracle_est_tgt": [
                0
            ]
        },
        "1": {
            "intv_type": "hard",
            "inode": 1,
            "new_mui": 100,
            "new_vari": 1.0,
            "noise_type": "gaussian",
            "obs_noise_gamma_shape": null,
            "true_params": {
                "Si": [
                    [
                        1.0,
                        0.0,
                        -0.9988577831424699,
                        -1.2510623966010155,
                        -2.3259211777355735,
                        1.6549716477917618
                    ],
                    [
                        0.0,
                        1.0,
                        0.7420313656230784,
                        0.41966700356820985,
                        0.20291115981824964,
                        0.7423884533627866
                    ],
                    [
                        -0.9988577831424699,
                        0.7420313656230784,
                        2.54832741851274,
                        2.1266045379899436,
                        3.4713117847837553,
                        -1.7215457191239842
                    ],
                    [
                        -1.2510623966010155,
                        0.41966700356820985,
                        2.1266045379899436,
                        3.0611413355375223,
                        4.128797141551361,
                        -3.2358697443403357
                    ],
                    [
                        -2.3259211777355735,
                        0.20291115981824964,
                        3.4713117847837553,
                        4.128797141551361,
                        7.770527757097183,
                        -5.8294369897083245
                    ],
                    [
                        1.6549716477917618,
                        0.7423884533627866,
                        -1.7215457191239842,
                        -3.2358697443403357,
                        -5.8294369897083245,
                        6.701998290093774
                    ]
                ],
                "mui": [
                    0.0,
                    100.0,
                    74.20313656230783,
                    41.966700356820986,
                    20.291115981824966,
                    74.23884533627866
                ],
                "Ai": [
                    [
                        0.0,
                        0.0,
                        0.0,
                        0.0,
                        0.0,
                        0.0
                    ],
                    [
                        0.0,
                        0.0,
                        0.0,
                        0.0,
                        0.0,
                        0.0
                    ],
                    [
                        -0.9988577831424699,
                        0.7420313656230784,
                        0.0,
                        0.0,
                        0.0,
                        0.0
                    ],
                    [
                        -0.6861433483473123,
                        0.0,
                        0.5655650461834838,
                        0.0,
                        0.0,
                        0.0
                    ],
                    [
                        -0.9387323712518798,
                        -0.5372509311483782,
                        0.6753185110725408,
                        0.5696291867894543,
                        0.0,
                        0.0
                    ],
                    [
                        -0.554522280171748,
                        0.7339184706829784,
                        0.6061892373285862,
                        -0.6304291087270186,
                        -0.8711750997718728,
                        0.0
                    ]
                ]
            },
            "est_params": {
                "mui": [
                    -0.004947568775512629,
                    99.99518275293897,
                    74.20797435868363,
                    41.968746329371534,
                    20.305823808790134,
                    74.2304991620447
                ],
                "Si": [
                    [
                        0.9967199279209034,
                        -0.0024591312622530676,
                        -0.9937970967776406,
                        -1.247817567319746,
                        -2.316834761052256,
                        1.6439610136334852
                    ],
                    [
                        -0.0024591312622530676,
                        0.9961564338054888,
                        0.7410496259611525,
                        0.42108163047292935,
                        0.20811953093790733,
                        0.7337141495502859
                    ],
                    [
                        -0.9937970967776406,
                        0.7410496259611525,
                        2.539246944081489,
                        2.119641220043276,
                        3.4575744761649054,
                        -1.7100339121935326
                    ],
                    [
                        -1.247817567319746,
                        0.42108163047292935,
                        2.119641220043276,
                        3.048022747398402,
                        4.112235380919295,
                        -3.2088221484271053
                    ],
                    [
                        -2.316834761052256,
                        0.20811953093790733,
                        3.4575744761649054,
                        4.112235380919295,
                        7.729677916768647,
                        -5.780629627102149
                    ],
                    [
                        1.6439610136334852,
                        0.7337141495502859,
                        -1.7100339121935326,
                        -3.2088221484271053,
                        -5.780629627102149,
                        6.634701593030657
                    ]
                ]
            },
            "est_tgt": [
                1,
                3,
                5
            ],
            "oracle_est_tgt": [
                1
            ]
        },
        "2": {
            "intv_type": "hard",
            "inode": 2,
            "new_mui": 100,
            "new_vari": 1.0,
            "noise_type": "gaussian",
            "obs_noise_gamma_shape": null,
            "true_params": {
                "Si": [
                    [
                        1.0,
                        -0.6627499344320028,
                        0.0,
                        -0.6861433483473123,
                        -0.9735166293998324,
                        0.2397414878092169
                    ],
                    [
                        -0.6627499344320028,
                        1.439237475589624,
                        0.0,
                        0.45474145912813607,
                        0.10794715115482512,
                        1.0430694489025092
                    ],
                    [
                        0.0,
                        0.0,
                        1.0,
                        0.5655650461834838,
                        0.9974808684065789,
                        -0.6193399257186583
                    ],
                    [
                        -0.6861433483473123,
                        0.45474145912813607,
                        0.5655650461834838,
                        1.7906565159457872,
                        1.8017414599651531,
                        -1.641449913236823
                    ],
                    [
                        -0.9735166293998324,
                        0.10794715115482512,
                        0.9974808684065789,
                        1.8017414599651531,
                        3.555818684017368,
                        -3.009887723502586
                    ],
                    [
                        0.2397414878092169,
                        1.0430694489025092,
                        -0.6193399257186583,
                        -1.641449913236823,
                        -3.009887723502586,
                        4.914105784710828
                    ]
                ],
                "mui": [
                    0.0,
                    0.0,
                    100.0,
                    56.55650461834838,
                    99.74808684065789,
                    -61.93399257186583
                ],
                "Ai": [
                    [
                        0.0,
                        0.0,
                        0.0,
                        0.0,
                        0.0,
                        0.0
                    ],
                    [
                        -0.6627499344320028,
                        0.0,
                        0.0,
                        0.0,
                        0.0,
                        0.0
                    ],
                    [
                        0.0,
                        0.0,
                        0.0,
                        0.0,
                        0.0,
                        0.0
                    ],
                    [
                        -0.6861433483473123,
                        0.0,
                        0.5655650461834838,
                        0.0,
                        0.0,
                        0.0
                    ],
                    [
                        -0.9387323712518798,
                        -0.5372509311483782,
                        0.6753185110725408,
                        0.5696291867894543,
                        0.0,
                        0.0
                    ],
                    [
                        -0.554522280171748,
                        0.7339184706829784,
                        0.6061892373285862,
                        -0.6304291087270186,
                        -0.8711750997718728,
                        0.0
                    ]
                ]
            },
            "est_params": {
                "mui": [
                    0.0023411194517016995,
                    0.0014693063093123317,
                    99.99978843682291,
                    56.54880670641155,
                    99.74030451096766,
                    -61.91802670487917
                ],
                "Si": [
                    [
                        0.9989916410714373,
                        -0.6577458180965315,
                        -8.202893537532329e-05,
                        -0.6944453685711466,
                        -0.9824059112820693,
                        0.25439695005935653
                    ],
                    [
                        -0.6577458180965315,
                        1.4370050722166363,
                        0.0033870624047974943,
                        0.451225564003118,
                        0.10502249268477108,
                        1.0463976597524203
                    ],
                    [
                        -8.202893537532329e-05,
                        0.0033870624047974943,
                        0.9940808879019631,
                        0.5628265795853279,
                        0.9909377781015768,
                        -0.6210352635163984
                    ],
                    [
                        -0.6944453685711466,
                        0.451225564003118,
                        0.5628265795853279,
                        1.8118899842824472,
                        1.8209483473733517,
                        -1.6803006699102596
                    ],
                    [
                        -0.9824059112820693,
                        0.10502249268477108,
                        0.9909377781015768,
                        1.8209483473733517,
                        3.5795495688479857,
                        -3.051207835272285
                    ],
                    [
                        0.25439695005935653,
                        1.0463976597524203,
                        -0.6210352635163984,
                        -1.6803006699102596,
                        -3.051207835272285,
                        4.968295185610556
                    ]
                ]
            },
            "est_tgt": [
                1,
                2,
                3,
                5
            ],
            "oracle_est_tgt": [
                2,
                5
            ]
        },
        "3": {
            "intv_type": "hard",
            "inode": 3,
            "new_mui": 100,
            "new_vari": 1.0,
            "noise_type": "gaussian",
            "obs_noise_gamma_shape": null,
            "true_params": {
                "Si": [
                    [
                        1.0,
                        -0.6627499344320028,
                        -1.4906390220556545,
                        0.0,
                        -1.5893254767810125,
                        -0.5599552496027966
                    ],
                    [
                        -0.6627499344320028,
                        1.439237475589624,
                        1.7299522797522482,
                        0.0,
                        1.017181941381051,
                        1.586327445668358
                    ],
                    [
                        -1.4906390220556545,
                        1.7299522797522482,
                        3.7726152416434884,
                        0.0,
                        3.017609538551987,
                        1.754288946179072
                    ],
                    [
                        0.0,
                        0.0,
                        0.0,
                        1.0,
                        0.5696291867894543,
                        -1.1266758723612922
                    ],
                    [
                        -1.5893254767810125,
                        1.017181941381051,
                        3.017609538551987,
                        0.5696291867894543,
                        4.30779431937102,
                        -0.6548665396326492
                    ],
                    [
                        -0.5599552496027966,
                        1.586327445668358,
                        1.754288946179072,
                        -1.1266758723612922,
                        -0.6548665396326492,
                        4.8189664421082
                    ]
                ],
                "mui": [
                    0.0,
                    0.0,
                    0.0,
                    100.0,
                    56.96291867894543,
                    -112.66758723612922
                ],
                "Ai": [
                    [
                        0.0,
                        0.0,
                        0.0,
                        0.0,
                        0.0,
                        0.0
                    ],
                    [
                        -0.6627499344320028,
                        0.0,
                        0.0,
                        0.0,
                        0.0,
                        0.0
                    ],
                    [
                        -0.9988577831424699,
                        0.7420313656230784,
                        0.0,
                        0.0,
                        0.0,
                        0.0
                    ],
                    [
                        0.0,
                        0.0,
                        0.0,
                        0.0,
                        0.0,
                        0.0
                    ],
                    [
                        -0.9387323712518798,
                        -0.5372509311483782,
                        0.6753185110725408,
                        0.5696291867894543,
                        0.0,
                        0.0
                    ],
                    [
                        -0.554522280171748,
                        0.7339184706829784,
                        0.6061892373285862,
                        -0.6304291087270186,
                        -0.8711750997718728,
                        0.0
                    ]
                ]
            },
            "est_params": {
                "mui": [
                    -0.0014090015501927431,
                    -0.003213280976973338,
                    8.640146450884022e-05,
                    99.99767711359662,
                    56.95752469659376,
                    -112.65860615633706
                ],
                "Si": [
                    [
                        1.0023068257174144,
                        -0.668994471990786,
                        -1.5003228798042774,
                        -0.0027462653302608494,
                        -1.602120154513062,
                        -0.5640503755659096
                    ],
                    [
                        -0.668994471990786,
                        1.4481381337256383,
                        1.7402339486306924,
                        0.004963053934975746,
                        1.0403940716295046,
                        1.5809523649610324
                    ],
                    [
                        -1.5003228798042774,
                        1.7402339486306924,
                        3.7982915410226155,
                        0.0046571637290653695,
                        3.0584614903906933,
                        1.7543955322675242
                    ],
                    [
                        -0.0027462653302608494,
                        0.004963053934975746,
                        0.0046571637290653695,
                        1.0010669107267292,
                        0.5724015376035695,
                        -1.1204642315424285
                    ],
                    [
                        -1.602120154513062,
                        1.0403940716295046,
                        3.0584614903906933,
                        0.5724015376035695,
                        4.344542252511903,
                        -0.6298666449445093
                    ],
                    [
                        -0.5640503755659096,
                        1.5809523649610324,
                        1.7543955322675242,
                        -1.1204642315424285,
                        -0.6298666449445093,
                        4.795622576592872
                    ]
                ]
            },
            "est_tgt": [
                1,
                2,
                3,
                4,
                5
            ],
            "oracle_est_tgt": [
                3,
                4
            ]
        },
        "4": {
            "intv_type": "hard",
            "inode": 4,
            "new_mui": 100,
            "new_vari": 1.0,
            "noise_type": "gaussian",
            "obs_noise_gamma_shape": null,
            "true_params": {
                "Si": [
                    [
                        1.0,
                        -0.6627499344320028,
                        -1.4906390220556545,
                        -1.5291966756991218,
                        0.0,
                        -0.9804859330781575
                    ],
                    [
                        -0.6627499344320028,
                        1.439237475589624,
                        1.7299522797522482,
                        1.4331420001214394,
                        0.0,
                        1.5689765911213267
                    ],
                    [
                        -1.4906390220556545,
                        1.7299522797522482,
                        3.7726152416434884,
                        3.156451363143044,
                        0.0,
                        2.393236417393202
                    ],
                    [
                        -1.5291966756991218,
                        1.4331420001214394,
                        3.156451363143044,
                        3.8344266883176905,
                        0.0,
                        1.3958556573336487
                    ],
                    [
                        0.0,
                        0.0,
                        0.0,
                        0.0,
                        1.0,
                        -0.8711750997718728
                    ],
                    [
                        -0.9804859330781575,
                        1.5689765911213267,
                        2.393236417393202,
                        1.3958556573336487,
                        -0.8711750997718728,
                        4.0249143706846775
                    ]
                ],
                "mui": [
                    0.0,
                    0.0,
                    0.0,
                    0.0,
                    100.0,
                    -87.11750997718728
                ],
                "Ai": [
                    [
                        0.0,
                        0.0,
                        0.0,
                        0.0,
                        0.0,
                        0.0
                    ],
                    [
                        -0.6627499344320028,
                        0.0,
                        0.0,
                        0.0,
                        0.0,
                        0.0
                    ],
                    [
                        -0.9988577831424699,
                        0.7420313656230784,
                        0.0,
                        0.0,
                        0.0,
                        0.0
                    ],
                    [
                        -0.6861433483473123,
                        0.0,
                        0.5655650461834838,
                        0.0,
                        0.0,
                        0.0
                    ],
                    [
                        0.0,
                        0.0,
                        0.0,
                        0.0,
                        0.0,
                        0.0
                    ],
                    [
                        -0.554522280171748,
                        0.7339184706829784,
                        0.6061892373285862,
                        -0.6304291087270186,
                        -0.8711750997718728,
                        0.0
                    ]
                ]
            },
            "est_params": {
                "mui": [
                    0.003618794456831626,
                    -0.0025968773649208267,
                    -0.005629857492930673,
                    -0.008508861115848814,
                    100.00402703798592,
                    -87.1243096644614
                ],
                "Si": [
                    [
                        0.9971131521371248,
                        -0.6667877272440546,
                        -1.4956030515944625,
                        -1.5211739102197759,
                        -0.003359273729613755,
                        -0.9913492785142054
                    ],
                    [
                        -0.6667877272440546,
                        1.4447221384719897,
                        1.7352399278034494,
                        1.4300880480469476,
                        0.004684706370617214,
                        1.5807352472024432
                    ],
                    [
                        -1.4956030515944625,
                        1.7352399278034494,
                        3.778865039412105,
                        3.150630886425417,
                        0.0040688323152166675,
                        2.416930452728115
                    ],
                    [
                        -1.5211739102197759,
                        1.4300880480469476,
                        3.150630886425417,
                        3.810398973368858,
                        0.005693187272520523,
                        1.4125809733620802
                    ],
                    [
                        -0.003359273729613755,
                        0.004684706370617214,
                        0.0040688323152166675,
                        0.005693187272520523,
                        0.9989515815691759,
                        -0.8658957579522547
                    ],
                    [
                        -0.9913492785142054,
                        1.5807352472024432,
                        2.416930452728115,
                        1.4125809733620802,
                        -0.8658957579522547,
                        4.046721189902832
                    ]
                ]
            },
            "est_tgt": [
                1,
                4,
                5
            ],
            "oracle_est_tgt": [
                4,
                5
            ]
        },
        "5": {
            "intv_type": "hard",
            "inode": 5,
            "new_mui": 100,
            "new_vari": 1.0,
            "noise_type": "gaussian",
            "obs_noise_gamma_shape": null,
            "true_params": {
                "Si": [
                    [
                        1.0,
                        -0.6627499344320028,
                        -1.4906390220556545,
                        -1.5291966756991218,
                        -2.46040053560064,
                        0.0
                    ],
                    [
                        -0.6627499344320028,
                        1.439237475589624,
                        1.7299522797522482,
                        1.4331420001214394,
                        1.8335414534640384,
                        0.0
                    ],
                    [
                        -1.4906390220556545,
                        1.7299522797522482,
                        3.7726152416434884,
                        3.156451363143044,
                        4.815616361679624,
                        0.0
                    ],
                    [
                        -1.5291966756991218,
                        1.4331420001214394,
                        3.156451363143044,
                        3.8344266883176905,
                        4.981360938557275,
                        0.0
                    ],
                    [
                        -2.46040053560064,
                        1.8335414534640384,
                        4.815616361679624,
                        4.981360938557275,
                        8.414189227642263,
                        0.0
                    ],
                    [
                        0.0,
                        0.0,
                        0.0,
                        0.0,
                        0.0,
                        1.0
                    ]
                ],
                "mui": [
                    0.0,
                    0.0,
                    0.0,
                    0.0,
                    0.0,
                    100.0
                ],
                "Ai": [
                    [
                        0.0,
                        0.0,
                        0.0,
                        0.0,
                        0.0,
                        0.0
                    ],
                    [
                        -0.6627499344320028,
                        0.0,
                        0.0,
                        0.0,
                        0.0,
                        0.0
                    ],
                    [
                        -0.9988577831424699,
                        0.7420313656230784,
                        0.0,
                        0.0,
                        0.0,
                        0.0
                    ],
                    [
                        -0.6861433483473123,
                        0.0,
                        0.5655650461834838,
                        0.0,
                        0.0,
                        0.0
                    ],
                    [
                        -0.9387323712518798,
                        -0.5372509311483782,
                        0.6753185110725408,
                        0.5696291867894543,
                        0.0,
                        0.0
                    ],
                    [
                        0.0,
                        0.0,
                        0.0,
                        0.0,
                        0.0,
                        0.0
                    ]
                ]
            },
            "est_params": {
                "mui": [
                    -0.009625731847355845,
                    0.002238562794143595,
                    0.012128768261809265,
                    0.015625739385055622,
                    0.028771388465040987,
                    100.00305452774691
                ],
                "Si": [
                    [
                        1.0031260948922636,
                        -0.6611186645158726,
                        -1.4891964015131973,
                        -1.5305354673899214,
                        -2.4630696775600613,
                        -0.0006327761759672467
                    ],
                    [
                        -0.6611186645158726,
                        1.4303868949669276,
                        1.7174315021681745,
                        1.4233474283724619,
                        1.829961409518476,
                        -0.0005502286805876063
                    ],
                    [
                        -1.4891964015131973,
                        1.7174315021681745,
                        3.758021299747074,
                        3.152663530417298,
                        4.8107227508332615,
                        -0.00043697040071280887
                    ],
                    [
                        -1.5305354673899214,
                        1.4233474283724619,
                        3.152663530417298,
                        3.852092798695232,
                        4.997178992499295,
                        -0.004635594501260149
                    ],
                    [
                        -2.4630696775600613,
                        1.829961409518476,
                        4.8107227508332615,
                        4.997178992499295,
                        8.416396421673443,
                        -0.008372876558930415
                    ],
                    [
                        -0.0006327761759672467,
                        -0.0005502286805876063,
                        -0.00043697040071280887,
                        -0.004635594501260149,
                        -0.008372876558930415,
                        0.9979473655237726
                    ]
                ]
            },
            "est_tgt": [
                1,
                4,
                5
            ],
            "oracle_est_tgt": [
                4,
                5
            ]
        },
        "obs": {
            "intv_type": "obs",
            "noise_type": "gaussian",
            "obs_noise_gamma_shape": null,
            "true_params": {
                "Si": [
                    [
                        1.0,
                        -0.6627499344320028,
                        -1.4906390220556545,
                        -1.5291966756991218,
                        -2.46040053560064,
                        1.1629537490024997
                    ],
                    [
                        -0.6627499344320028,
                        1.439237475589624,
                        1.7299522797522482,
                        1.4331420001214394,
                        1.8335414534640384,
                        -0.02835906753607198
                    ],
                    [
                        -1.4906390220556545,
                        1.7299522797522482,
                        3.7726152416434884,
                        3.156451363143044,
                        4.815616361679624,
                        -1.8020086469561079
                    ],
                    [
                        -1.5291966756991218,
                        1.4331420001214394,
                        3.156451363143044,
                        3.8344266883176905,
                        4.981360938557275,
                        -2.9437819553136952
                    ],
                    [
                        -2.46040053560064,
                        1.8335414534640384,
                        4.815616361679624,
                        4.981360938557275,
                        8.414189227642263,
                        -4.841435412482051
