{
    "expt_args": {
        "save_dir": "all_expt_logs/expt_logs_11.05.24-sparsity_n6",
        "exp_name": "500",
        "num_nodes": 6,
        "obs_noise_mean": 0.0,
        "obs_noise_var": 1.0,
        "max_edge_strength": 1.0,
        "graph_sparsity_method": "adj_dense_prop",
        "adj_dense_prop": 0.95,
        "num_parents": null,
        "new_noise_mean": 1.0,
        "mix_samples": 16384,
        "stage2_samples": 16384,
        "gmm_tol": 0.001,
        "intv_type": "do",
        "new_noise_sigma": 0.0,
        "intv_targets": [
            0,
            1,
            2,
            3,
            4,
            5
        ]
    },
    "intv_args_dict": {
        "0": {
            "intv_type": "do",
            "inode": 0,
            "new_mui": 1.0,
            "new_sigmai": 0.0,
            "true_params": {
                "Si": [
                    [
                        1e-09,
                        7.643131079069063e-10,
                        -8.925565011162516e-10,
                        8.444479645058965e-10,
                        -1.1900886186481394e-09,
                        -2.5830438423689038e-09
                    ],
                    [
                        7.643131079069063e-10,
                        1.0000000005841745,
                        -6.821926333506763e-10,
                        0.9471937845118732,
                        -1.507177061124254,
                        -3.0238467538925065
                    ],
                    [
                        -8.925565011162516e-10,
                        -6.821926333506764e-10,
                        1.0000000007966572,
                        -0.6965260978102693,
                        1.2134950116834147,
                        0.9409430403715093
                    ],
                    [
                        8.444479645058965e-10,
                        0.9471937845118732,
                        -0.6965260978102693,
                        2.3823246687891695,
                        -3.087562849387517,
                        -4.99575768877685
                    ],
                    [
                        -1.1900886186481394e-09,
                        -1.507177061124254,
                        1.2134950116834147,
                        -3.087562849387517,
                        5.407959253433103,
                        7.89057480486597
                    ],
                    [
                        -2.5830438423689038e-09,
                        -3.0238467538925065,
                        0.9409430403715093,
                        -4.99575768877685,
                        7.89057480486597,
                        14.185414757492971
                    ]
                ],
                "mui": [
                    1.0,
                    0.7643131079069063,
                    -0.8925565011162515,
                    0.8444479645058964,
                    -1.1900886186481392,
                    -2.5830438423689035
                ],
                "Ai": [
                    [
                        0.0,
                        0.0,
                        0.0,
                        0.0,
                        0.0,
                        0.0
                    ],
                    [
                        0.7643131079069063,
                        0.0,
                        0.0,
                        0.0,
                        0.0,
                        0.0
                    ],
                    [
                        -0.8925565011162515,
                        0.0,
                        0.0,
                        0.0,
                        0.0,
                        0.0
                    ],
                    [
                        -0.5011935563561274,
                        0.9471937838664506,
                        -0.6965260970565518,
                        0.0,
                        0.0,
                        0.0
                    ],
                    [
                        0.6366354022249545,
                        -0.7354574015163995,
                        0.6460051357396905,
                        -0.8147431622155394,
                        0.0,
                        0.0
                    ],
                    [
                        -0.8012404466622853,
                        -0.8985646368829707,
                        -0.7258759591455335,
                        -0.6707823906036993,
                        0.9885508767736846,
                        0.0
                    ]
                ]
            },
            "est_params": {
                "mui": [
                    1.0000026749979838,
                    0.7520357167396619,
                    -0.9024579239522496,
                    0.8675865377029003,
                    -1.1996751210031877,
                    -2.6047195754275836
                ],
                "Si": [
                    [
                        1.012527309055419e-06,
                        3.163884643980008e-06,
                        2.1786149433553217e-06,
                        2.8611192035662656e-06,
                        -4.86370028832949e-07,
                        -3.2790725510499704e-06
                    ],
                    [
                        3.1638846439800084e-06,
                        0.9988708010612333,
                        0.013982529888901566,
                        0.9374527618862222,
                        -1.4831562578008768,
                        -3.0160265490422837
                    ],
                    [
                        2.1786149433553217e-06,
                        0.013982529888901566,
                        0.9885529287738323,
                        -0.6867984144583716,
                        1.2294740210489747,
                        0.9648716086750893
                    ],
                    [
                        2.8611192035662656e-06,
                        0.9374527618862222,
                        -0.6867984144583716,
                        2.371782142784089,
                        -3.114866498567204,
                        -5.025663832348657
                    ],
                    [
                        -4.863700288329494e-07,
                        -1.4831562578008768,
                        1.2294740210489747,
                        -3.1148664985672045,
                        5.553557483375486,
                        8.04699232168502
                    ],
                    [
                        -3.279072551049971e-06,
                        -3.0160265490422837,
                        0.9648716086750893,
                        -5.025663832348657,
                        8.04699232168502,
                        14.366156860188118
                    ]
                ]
            },
            "est_tgt": [
                0
            ],
            "oracle_est_tgt": [
                0
            ]
        },
        "1": {
            "intv_type": "do",
            "inode": 1,
            "new_mui": 1.0,
            "new_sigmai": 0.0,
            "true_params": {
                "Si": [
                    [
                        1.0,
                        0.0,
                        -0.8925565011162515,
                        0.12049533976882709,
                        -0.038133435589482824,
                        -0.2718781335760597
                    ],
                    [
                        0.0,
                        1e-09,
                        0.0,
                        9.471937838664506e-10,
                        -1.5071770602146539e-09,
                        -3.0238467519182524e-09
                    ],
                    [
                        -0.8925565011162515,
                        0.0,
                        1.7966571076848852,
                        -0.80407499592143,
                        1.247531256466484,
                        1.1836096337006614
                    ],
                    [
                        0.12049533976882709,
                        9.471937838664506e-10,
                        -0.80407499592143,
                        1.4996677316840141,
                        -1.6645690084666143,
                        -2.164348890759009
                    ],
                    [
                        -0.038133435589482824,
                        -1.5071770602146539e-09,
                        1.247531256466484,
                        -1.6645690084666143,
                        3.1378307223609467,
                        3.3434699955485216
                    ],
                    [
                        -0.2718781335760597,
                        -3.0238467519182524e-09,
                        1.1836096337006614,
                        -2.164348890759009,
                        3.3434699955485216,
                        5.115683300394743
                    ]
                ],
                "mui": [
                    0.0,
                    1.0,
                    0.0,
                    0.9471937838664506,
                    -1.5071770602146537,
                    -3.0238467519182524
                ],
                "Ai": [
                    [
                        0.0,
                        0.0,
                        0.0,
                        0.0,
                        0.0,
                        0.0
                    ],
                    [
                        0.0,
                        0.0,
                        0.0,
                        0.0,
                        0.0,
                        0.0
                    ],
                    [
                        -0.8925565011162515,
                        0.0,
                        0.0,
                        0.0,
                        0.0,
                        0.0
                    ],
                    [
                        -0.5011935563561274,
                        0.9471937838664506,
                        -0.6965260970565518,
                        0.0,
                        0.0,
                        0.0
                    ],
                    [
                        0.6366354022249545,
                        -0.7354574015163995,
                        0.6460051357396905,
                        -0.8147431622155394,
                        0.0,
                        0.0
                    ],
                    [
                        -0.8012404466622853,
                        -0.8985646368829707,
                        -0.7258759591455335,
                        -0.6707823906036993,
                        0.9885508767736846,
                        0.0
                    ]
                ]
            },
            "est_params": {
                "mui": [
                    -0.022076486289967664,
                    1.0000002559323624,
                    0.01729484618841571,
                    0.9518183863372016,
                    -1.5511597198188773,
                    -3.050270462077146
                ],
                "Si": [
                    [
                        0.9654369217629148,
                        1.8072739758439989e-06,
                        -0.8996139400321167,
                        0.12420585241416884,
                        -0.07735662459978992,
                        -0.28372404715641175
                    ],
                    [
                        1.8072739758439993e-06,
                        1.007769381261752e-06,
                        -9.910216962409737e-07,
                        -3.532631171643037e-06,
                        2.9605626928873533e-06,
                        4.48020479043413e-06
                    ],
                    [
                        -0.8996139400321169,
                        -9.910216962409737e-07,
                        1.846707454952313,
                        -0.7969089011662844,
                        1.2946831300385815,
                        1.1934525202036494
                    ],
                    [
                        0.1242058524141688,
                        -3.532631171643037e-06,
                        -0.7969089011662844,
                        1.484551210451931,
                        -1.6630786955876373,
                        -2.1499573496330235
                    ],
                    [
                        -0.07735662459978991,
                        2.960562692887353e-06,
                        1.2946831300385815,
                        -1.663078695587637,
                        3.1553894705748684,
                        3.356387743685583
                    ],
                    [
                        -0.28372404715641175,
                        4.480204790434131e-06,
                        1.1934525202036494,
                        -2.1499573496330235,
                        3.356387743685583,
                        5.100540496090326
                    ]
                ]
            },
            "est_tgt": [
                1
            ],
            "oracle_est_tgt": [
                1
            ]
        },
        "2": {
            "intv_type": "do",
            "inode": 2,
            "new_mui": 1.0,
            "new_sigmai": 0.0,
            "true_params": {
                "Si": [
                    [
                        1.0,
                        0.7643131079069063,
                        0.0,
                        0.22275906838094195,
                        -0.10697575784605848,
                        -1.7431990165630211
                    ],
                    [
                        0.7643131079069063,
                        1.5841745269183143,
                        0.0,
                        1.1174514597351355,
                        -1.5889400341646713,
                        -4.356196609967798
                    ],
                    [
                        0.0,
                        0.0,
                        1e-09,
                        -6.965260970565518e-10,
                        1.2134950106211933e-09,
                        9.409430380659969e-10
                    ],
                    [
                        0.22275906838094195,
                        1.1174514597351355,
                        -6.965260970565518e-10,
                        1.946797667226338,
                        -2.2661617258393347,
                        -4.728679694326505
                    ],
                    [
                        -0.10697575784605848,
                        -1.5889400341646713,
                        1.2134950106211933e-09,
                        -2.2661617258393347,
                        3.9468329254535712,
                        6.935225156835247
                    ],
                    [
                        -1.7431990165630211,
                        -4.356196609967798,
                        9.409430380659969e-10,
                        -4.728679694326505,
                        6.935225156835247,
                        16.338783762167647
                    ]
                ],
                "mui": [
                    0.0,
                    0.0,
                    1.0,
                    -0.6965260970565518,
                    1.2134950106211932,
                    0.9409430380659968
                ],
                "Ai": [
                    [
                        0.0,
                        0.0,
                        0.0,
                        0.0,
                        0.0,
                        0.0
                    ],
                    [
                        0.7643131079069063,
                        0.0,
                        0.0,
                        0.0,
                        0.0,
                        0.0
                    ],
                    [
                        0.0,
                        0.0,
                        0.0,
                        0.0,
                        0.0,
                        0.0
                    ],
                    [
                        -0.5011935563561274,
                        0.9471937838664506,
                        -0.6965260970565518,
                        0.0,
                        0.0,
                        0.0
                    ],
                    [
                        0.6366354022249545,
                        -0.7354574015163995,
                        0.6460051357396905,
                        -0.8147431622155394,
                        0.0,
                        0.0
                    ],
                    [
                        -0.8012404466622853,
                        -0.8985646368829707,
                        -0.7258759591455335,
                        -0.6707823906036993,
                        0.9885508767736846,
                        0.0
                    ]
                ]
            },
            "est_params": {
                "mui": [
                    -0.03153934508267594,
                    -0.01252306364505498,
                    0.9999976414794765,
                    -0.701084926413874,
                    1.1956111766226123,
                    0.9330910481118392
                ],
                "Si": [
                    [
                        1.003876325661106,
                        0.8131410943749423,
                        4.21670143837832e-06,
                        0.27003707812736766,
                        -0.16804492654431785,
                        -1.9039710196174915
                    ],
                    [
                        0.8131410943749423,
                        1.682264021115272,
                        3.159265805243797e-06,
                        1.1824240235354453,
                        -1.671437179302005,
                        -4.623071627299404
                    ],
                    [
                        4.21670143837832e-06,
                        3.159265805243797e-06,
                        1.0077636144644515e-06,
                        -7.184181195639869e-07,
                        1.894186519752473e-06,
                        -4.049377821875236e-06
                    ],
                    [
                        0.27003707812736766,
                        1.1824240235354453,
                        -7.184181195639866e-07,
                        1.9372764780989646,
                        -2.269230299694184,
                        -4.828396575638958
                    ],
                    [
                        -0.16804492654431782,
                        -1.6714371793020055,
                        1.894186519752473e-06,
                        -2.269230299694184,
                        3.969111562202601,
                        7.108401862870047
                    ],
                    [
                        -1.9039710196174917,
                        -4.623071627299404,
                        -4.049377821875236e-06,
                        -4.828396575638958,
                        7.108401862870047,
                        17.002396929852196
                    ]
                ]
            },
            "est_tgt": [
                2,
                3
            ],
            "oracle_est_tgt": [
                2
            ]
        },
        "3": {
            "intv_type": "do",
            "inode": 3,
            "new_mui": 1.0,
            "new_sigmai": 0.0,
            "true_params": {
                "Si": [
                    [
                        1.0,
                        0.7643131079069063,
                        -0.8925565011162515,
                        0.0,
                        -0.5020804137201296,
                        -1.3364719037881374
                    ],
                    [
                        0.7643131079069063,
                        1.5841745269183143,
                        -0.6821926333506763,
                        0.0,
                        -1.119204042946017,
                        -2.6470846903962744
                    ],
                    [
                        -0.8925565011162515,
                        -0.6821926333506763,
                        1.7966571076848852,
                        0.0,
                        1.0941402730887293,
                        1.1056096704755562
                    ],
                    [
                        0.0,
                        0.0,
                        0.0,
                        1e-09,
                        -8.147431622155395e-10,
                        -1.4761974579572353e-09
                    ],
                    [
                        -0.5020804137201296,
                        -1.119204042946017,
                        1.0941402730887293,
                        -8.147431622155395e-10,
                        2.210304967352493,
                        2.7987531031892576
                    ],
                    [
                        -1.3364719037881374,
                        -2.6470846903962744,
                        1.1056096704755562,
                        -1.4761974579572353e-09,
                        2.7987531031892576,
                        6.413586393791198
                    ]
                ],
                "mui": [
                    0.0,
                    0.0,
                    0.0,
                    1.0,
                    -0.8147431622155394,
                    -1.4761974579572352
                ],
                "Ai": [
                    [
                        0.0,
                        0.0,
                        0.0,
                        0.0,
                        0.0,
                        0.0
                    ],
                    [
                        0.7643131079069063,
                        0.0,
                        0.0,
                        0.0,
                        0.0,
                        0.0
                    ],
                    [
                        -0.8925565011162515,
                        0.0,
                        0.0,
                        0.0,
                        0.0,
                        0.0
                    ],
                    [
                        0.0,
                        0.0,
                        0.0,
                        0.0,
                        0.0,
                        0.0
                    ],
                    [
                        0.6366354022249545,
                        -0.7354574015163995,
                        0.6460051357396905,
                        -0.8147431622155394,
                        0.0,
                        0.0
                    ],
                    [
                        -0.8012404466622853,
                        -0.8985646368829707,
                        -0.7258759591455335,
                        -0.6707823906036993,
                        0.9885508767736846,
                        0.0
                    ]
                ]
            },
            "est_params": {
                "mui": [
                    -0.0017042533681314168,
                    0.018001861671474873,
                    0.032395418753303075,
                    0.9999980514088431,
                    -0.8330135140550621,
                    -1.5346404487406435
                ],
                "Si": [
                    [
                        1.0003017042836309,
                        0.7604290772758351,
                        -0.8761937420407813,
                        -1.0151871010426197e-06,
                        -0.48281028430167483,
                        -1.3323669209003033
                    ],
                    [
                        0.7604290772758351,
                        1.5999350739594802,
                        -0.6910545539143084,
                        -4.38898175150586e-06,
                        -1.1341110521875093,
                        -2.677307282207989
                    ],
                    [
                        -0.8761937420407813,
                        -0.6910545539143084,
                        1.7676176922139748,
                        3.1801363093256873e-06,
                        1.0536597695796692,
                        1.0845822453693954
                    ],
                    [
                        -1.0151871010426197e-06,
                        -4.38898175150586e-06,
                        3.1801363093256873e-06,
                        1.0195185010874488e-06,
                        5.256995111756615e-06,
                        5.336069968326249e-06
                    ],
                    [
                        -0.48281028430167483,
                        -1.1341110521875093,
                        1.0536597695796692,
                        5.256995111756614e-06,
                        2.1726905745306846,
                        2.7832694843779504
                    ],
                    [
                        -1.3323669209003033,
                        -2.6773072822079884,
                        1.0845822453693954,
                        5.336069968326248e-06,
                        2.7832694843779504,
                        6.456008008251548
                    ]
                ]
            },
            "est_tgt": [
                2,
                3
            ],
            "oracle_est_tgt": [
                3
            ]
        },
        "4": {
            "intv_type": "do",
            "inode": 4,
            "new_mui": 1.0,
            "new_sigmai": 0.0,
            "true_params": {
                "Si": [
                    [
                        1.0,
                        0.7643131079069063,
                        -0.8925565011162515,
                        0.8444479645058964,
                        0.0,
                        -1.406580694965902
                    ],
                    [
                        0.7643131079069063,
                        1.5841745269183143,
                        -0.6821926333506763,
                        1.5926164320836134,
                        0.0,
                        -2.608993610081117
                    ],
                    [
                        -0.8925565011162515,
                        -0.6821926333506763,
                        1.7966571076848852,
                        -1.4502436176306752,
                        0.0,
                        0.9967942249923557
                    ],
                    [
                        0.8444479645058964,
                        1.5926164320836134,
                        -1.4502436176306752,
                        3.095417032834229,
                        0.0,
                        -3.1313289305104255
                    ],
                    [
                        0.0,
                        0.0,
                        0.0,
                        0.0,
                        1e-09,
                        9.885508767736846e-10
                    ],
                    [
                        -1.406580694965902,
                        -2.608993610081117,
                        0.9967942249923557,
                        -3.1313289305104255,
                        9.885508767736846e-10,
                        5.848250082788042
                    ]
                ],
                "mui": [
                    0.0,
                    0.0,
                    0.0,
                    0.0,
                    1.0,
                    0.9885508767736846
                ],
                "Ai": [
                    [
                        0.0,
                        0.0,
                        0.0,
                        0.0,
                        0.0,
                        0.0
                    ],
                    [
                        0.7643131079069063,
                        0.0,
                        0.0,
                        0.0,
                        0.0,
                        0.0
                    ],
                    [
                        -0.8925565011162515,
                        0.0,
                        0.0,
                        0.0,
                        0.0,
                        0.0
                    ],
                    [
                        -0.5011935563561274,
                        0.9471937838664506,
                        -0.6965260970565518,
                        0.0,
                        0.0,
                        0.0
                    ],
                    [
                        0.0,
                        0.0,
                        0.0,
                        0.0,
                        0.0,
                        0.0
                    ],
                    [
                        -0.8012404466622853,
                        -0.8985646368829707,
                        -0.7258759591455335,
                        -0.6707823906036993,
                        0.9885508767736846,
                        0.0
                    ]
                ]
            },
            "est_params": {
                "mui": [
                    0.026016873347172557,
                    0.011529295129485568,
                    -0.03290981150028437,
                    0.02275370522229503,
                    0.9999994734709425,
                    0.9664087854633424
                ],
                "Si": [
                    [
                        0.999790682705671,
                        0.768883285305105,
                        -0.8771799399388525,
                        0.8388933417938147,
                        6.148113790713641e-07,
                        -1.406857906201127
                    ],
                    [
                        0.768883285305105,
                        1.5742074097619383,
                        -0.6909569285317888,
                        1.596572239082272,
                        3.3165666582480216e-07,
                        -2.5875456150916785
                    ],
                    [
                        -0.8771799399388526,
                        -0.6909569285317888,
                        1.8044002297015662,
                        -1.5001289119929404,
                        -4.113108008668366e-07,
                        0.9924052422258027
                    ],
                    [
                        0.8388933417938147,
                        1.596572239082272,
                        -1.5001289119929404,
                        3.135693917531684,
                        -6.514713695856476e-08,
                        -3.059434215372452
                    ],
                    [
                        6.14811379071364e-07,
                        3.316566658248022e-07,
                        -4.113108008668366e-07,
                        -6.51471369585648e-08,
                        1.0040892040170813e-06,
                        3.2798012251964526e-07
                    ],
                    [
                        -1.406857906201127,
                        -2.5875456150916785,
                        0.9924052422258027,
                        -3.059434215372452,
                        3.279801225196453e-07,
                        5.816492156927816
                    ]
                ]
            },
            "est_tgt": [
                2,
                4,
                5
            ],
            "oracle_est_tgt": [
                4,
                5
            ]
        },
        "5": {
            "intv_type": "do",
            "inode": 5,
            "new_mui": 1.0,
            "new_sigmai": 0.0,
            "true_params": {
                "Si": [
                    [
                        1.0,
                        0.7643131079069063,
                        -0.8925565011162515,
                        0.8444479645058964,
                        -1.1900886186481392,
                        0.0
                    ],
                    [
                        0.7643131079069063,
                        1.5841745269183143,
                        -0.6821926333506763,
                        1.5926164320836134,
                        -2.41677739101825,
                        0.0
                    ],
                    [
                        -0.8925565011162515,
                        -0.6821926333506763,
                        1.7966571076848852,
                        -1.4502436176306752,
                        2.2757163441000494,
                        0.0
                    ],
                    [
                        0.8444479645058964,
                        1.5926164320836134,
                        -1.4502436176306752,
                        3.095417032834229,
                        -4.092530759981604,
                        0.0
                    ],
                    [
                        -1.1900886186481392,
                        -2.41677739101825,
                        2.2757163441000494,
                        -4.092530759981604,
                        6.824270172252629,
                        0.0
                    ],
                    [
                        0.0,
                        0.0,
                        0.0,
                        0.0,
                        0.0,
                        1e-09
                    ]
                ],
                "mui": [
                    0.0,
                    0.0,
                    0.0,
                    0.0,
                    0.0,
                    1.0
                ],
                "Ai": [
                    [
                        0.0,
                        0.0,
                        0.0,
                        0.0,
                        0.0,
                        0.0
                    ],
                    [
                        0.7643131079069063,
                        0.0,
                        0.0,
                        0.0,
                        0.0,
                        0.0
                    ],
                    [
                        -0.8925565011162515,
                        0.0,
                        0.0,
                        0.0,
                        0.0,
                        0.0
                    ],
                    [
                        -0.5011935563561274,
                        0.9471937838664506,
                        -0.6965260970565518,
                        0.0,
                        0.0,
                        0.0
                    ],
                    [
                        0.6366354022249545,
                        -0.7354574015163995,
                        0.6460051357396905,
                        -0.8147431622155394,
                        0.0,
                        0.0
                    ],
                    [
                        0.0,
                        0.0,
                        0.0,
                        0.0,
                        0.0,
                        0.0
                    ]
                ]
            },
            "est_params": {
                "mui": [
                    -0.007944421995820846,
                    -0.0005014852389897508,
                    0.031234148801142874,
                    -0.023708251159523425,
                    -0.004764650730017858,
                    0.9999997014424438
                ],
                "Si": [
                    [
                        1.0087590922612053,
                        0.7770034795058017,
                        -0.8958286919852668,
                        0.8786724996073247,
                        -1.2158972999972284,
                        1.6466145527962212e-07
                    ],
                    [
                        0.7770034795058017,
                        1.6178876381877698,
                        -0.6985016205195558,
                        1.6487818468473845,
                        -2.47257034717276,
                        1.3095422718240442e-08
                    ],
                    [
                        -0.8958286919852668,
                        -0.6985016205195557,
                        1.793608332324172,
                        -1.5137116663932564,
                        2.3282630857068916,
                        -4.073833119191599e-07
                    ],
                    [
                        0.8786724996073246,
                        1.6487818468473845,
                        -1.5137116663932564,
                        3.1791719008748025,
                        -4.207476417652324,
                        1.6660431394359017e-07
                    ],
                    [
                        -1.2158972999972284,
                        -2.4725703471727605,
                        2.3282630857068916,
                        -4.207476417652324,
                        6.932064974493056,
                        -3.644308541234752e-07
                    ],
                    [
                        1.6466145527962212e-07,
                        1.3095422718240434e-08,
                        -4.0738331191915985e-07,
                        1.6660431394359023e-07,
                        -3.644308541234753e-07,
                        1.0008083219618964e-06
                    ]
                ]
            },
            "est_tgt": [
                2,
                4,
                5
            ],
            "oracle_est_tgt": [
                4,
                5
            ]
        },
        "obs": {
            "intv_type": "obs",
            "true_params": {
                "Si": [
                    [
                        1.0,
                        0.7643131079069063,
                        -0.8925565011162515,
                        0.8444479645058964,
                        -1.1900886186481392,
                        -2.5830438423689035
                    ],
                    [
                        0.7643131079069063,
                        1.5841745269183143,
                        -0.6821926333506763,
                        1.5926164320836134,
                        -2.41677739101825,
                        -4.9981010189390265
                    ],
                    [
                        -0.8925565011162515,
                        -0.6821926333506763,
                        1.7966571076848852,
                        -1.4502436176306752,
                        2.2757163441000494,
                        3.2464556122406636
                    ],
                    [
                        0.8444479645058964,
                        1.5926164320836134,
                        -1.4502436176306752,
                        3.095417032834229,
                        -4.092530759981604,
                        -7.177003801513514
                    ],
                    [
                        -1.1900886186481392,
                        -2.41677739101825,
                        2.2757163441000494,
                        -4.092530759981604,
                        6.824270172252629,
                        10.96462588006431
                    ],
                    [
                        -2.5830438423689035,
                        -4.9981010189390265,
                        3.2464556122406636,
                        -7.177003801513514,
                        10.96462588006431,
                        20.857530242420765
                    ]
                ],
                "mui": [
                    0.0,
                    0.0,
                    0.0,
                    0.0,
                    0.0,
                    0.0
                ],
                "Ai": [
                    [
                        0.0,
                        0.0,
                        0.0,
