{
    "expt_args": {
        "save_dir": "all_expt_logs/expt_logs_11.05.24-sparsity_n6",
        "exp_name": "302",
        "num_nodes": 6,
        "obs_noise_mean": 0.0,
        "obs_noise_var": 1.0,
        "max_edge_strength": 1.0,
        "graph_sparsity_method": "adj_dense_prop",
        "adj_dense_prop": 0.9,
        "num_parents": null,
        "new_noise_mean": 1.0,
        "mix_samples": 65536,
        "stage2_samples": 65536,
        "gmm_tol": 0.001,
        "intv_type": "do",
        "new_noise_sigma": 0.0,
        "intv_targets": [
            0,
            1,
            2,
            3,
            4,
            5
        ]
    },
    "intv_args_dict": {
        "0": {
            "intv_type": "do",
            "inode": 0,
            "new_mui": 1.0,
            "new_sigmai": 0.0,
            "true_params": {
                "Si": [
                    [
                        1e-09,
                        7.406278115662602e-10,
                        -1.1182908272895543e-10,
                        5.115235098267282e-10,
                        1.0156270383599022e-09,
                        -1.7656817061447209e-09
                    ],
                    [
                        7.406278115662602e-10,
                        1.0000000005485297,
                        -0.8721430559484656,
                        -0.5403981064601595,
                        -0.44352203267695767,
                        -0.5805015169656725
                    ],
                    [
                        -1.1182908272895543e-10,
                        -0.8721430559484656,
                        1.760633509907166,
                        1.0909254039638625,
                        0.21356509790695094,
                        0.45779627129479367
                    ],
                    [
                        5.115235098267282e-10,
                        -0.5403981064601595,
                        1.0909254039638625,
                        1.6759602330131793,
                        1.00836661200161,
                        0.56590615685039
                    ],
                    [
                        1.0156270383599022e-09,
                        -0.44352203267695767,
                        0.21356509790695094,
                        1.00836661200161,
                        1.9941683875566807,
                        -0.11790781052298882
                    ],
                    [
                        -1.7656817061447209e-09,
                        -0.5805015169656725,
                        0.45779627129479367,
                        0.56590615685039,
                        -0.11790781052298882,
                        1.8171954759267732
                    ]
                ],
                "mui": [
                    1.0,
                    0.7406278115662601,
                    -0.11182908272895542,
                    0.5115235098267282,
                    1.0156270383599022,
                    -1.7656817061447208
                ],
                "Ai": [
                    [
                        0.0,
                        0.0,
                        0.0,
                        0.0,
                        0.0,
                        0.0
                    ],
                    [
                        0.7406278115662601,
                        0.0,
                        0.0,
                        0.0,
                        0.0,
                        0.0
                    ],
                    [
                        0.5341043201095255,
                        -0.8721430558656419,
                        0.0,
                        0.0,
                        0.0,
                        0.0
                    ],
                    [
                        0.5808151520519691,
                        0.0,
                        0.6196209477384856,
                        0.0,
                        0.0,
                        0.0
                    ],
                    [
                        0.9278294504249841,
                        -0.5946204372181293,
                        -0.7160605655616443,
                        0.876037203042751,
                        0.0,
                        0.0
                    ],
                    [
                        -0.8882943067147502,
                        -0.9980104307829798,
                        -0.6752259455140388,
                        0.8350525120474694,
                        -0.6310308646051789,
                        0.0
                    ]
                ]
            },
            "est_params": {
                "mui": [
                    0.9999994691293914,
                    0.7520041132037856,
                    -0.10719936139161532,
                    0.519331029754886,
                    1.0019544478629274,
                    -1.755512587396732
                ],
                "Si": [
                    [
                        1.0121766186225958e-06,
                        -3.432391632361406e-07,
                        1.6541825931577614e-06,
                        9.396423350906535e-07,
                        -1.3474682149842221e-06,
                        1.695923728093858e-06
                    ],
                    [
                        -3.432391632361406e-07,
                        1.009837427224079,
                        -0.8958924776182337,
                        -0.5416949404946445,
                        -0.43957400835769106,
                        -0.5773218030667285
                    ],
                    [
                        1.6541825931577614e-06,
                        -0.8958924776182337,
                        1.7829416596856844,
                        1.107439678509682,
                        0.22853620629813737,
                        0.4885342190464167
                    ],
                    [
                        9.396423350906535e-07,
                        -0.5416949404946444,
                        1.1074396785096818,
                        1.7035091426235125,
                        1.0227447622759918,
                        0.5722807206352165
                    ],
                    [
                        -1.3474682149842221e-06,
                        -0.43957400835769106,
                        0.22853620629813737,
                        1.0227447622759918,
                        1.9964617492482415,
                        -0.13523016739605886
                    ],
                    [
                        1.6959237280938576e-06,
                        -0.5773218030667286,
                        0.4885342190464167,
                        0.5722807206352165,
                        -0.13523016739605886,
                        1.8187502136973692
                    ]
                ]
            },
            "est_tgt": [
                0
            ],
            "oracle_est_tgt": [
                0
            ]
        },
        "1": {
            "intv_type": "do",
            "inode": 1,
            "new_mui": 1.0,
            "new_sigmai": 0.0,
            "true_params": {
                "Si": [
                    [
                        1.0,
                        0.0,
                        0.5341043201095255,
                        0.9117573770694527,
                        1.344111791359958,
                        -1.3357461389920693
                    ],
                    [
                        0.0,
                        1e-09,
                        -8.721430558656419e-10,
                        -5.40398106839008e-10,
                        -4.435220334291593e-10,
                        -5.805015156579597e-10
                    ],
                    [
                        0.5341043201095255,
                        -8.721430558656419e-10,
                        1.285267425520292,
                        1.1065945021943144,
                        0.5446463513041986,
                        -0.761911877602233
                    ],
                    [
                        0.9117573770694527,
                        -5.40398106839008e-10,
                        1.1065945021943144,
                        2.215231633808937,
                        1.9941919858937454,
                        -0.9656721581295141
                    ],
                    [
                        1.344111791359958,
                        -4.435220334291593e-10,
                        0.5446463513041986,
                        1.9941919858937454,
                        3.604093100257633,
                        -2.1707651567883546
                    ],
                    [
                        -1.3357461389920693,
                        -5.805015156579597e-10,
                        -0.761911877602233,
                        -0.9656721581295141,
                        -2.1707651567883546,
                        3.2644312112971554
                    ]
                ],
                "mui": [
                    0.0,
                    1.0,
                    -0.8721430558656419,
                    -0.540398106839008,
                    -0.4435220334291593,
                    -0.5805015156579596
                ],
                "Ai": [
                    [
                        0.0,
                        0.0,
                        0.0,
                        0.0,
                        0.0,
                        0.0
                    ],
                    [
                        0.0,
                        0.0,
                        0.0,
                        0.0,
                        0.0,
                        0.0
                    ],
                    [
                        0.5341043201095255,
                        -0.8721430558656419,
                        0.0,
                        0.0,
                        0.0,
                        0.0
                    ],
                    [
                        0.5808151520519691,
                        0.0,
                        0.6196209477384856,
                        0.0,
                        0.0,
                        0.0
                    ],
                    [
                        0.9278294504249841,
                        -0.5946204372181293,
                        -0.7160605655616443,
                        0.876037203042751,
                        0.0,
                        0.0
                    ],
                    [
                        -0.8882943067147502,
                        -0.9980104307829798,
                        -0.6752259455140388,
                        0.8350525120474694,
                        -0.6310308646051789,
                        0.0
                    ]
                ]
            },
            "est_params": {
                "mui": [
                    -0.004023275007637449,
                    0.999999955096815,
                    -0.8762939873816967,
                    -0.5339754104646736,
                    -0.4426372751966205,
                    -0.5631218742736974
                ],
                "Si": [
                    [
                        0.9991458938064165,
                        3.781522435001932e-07,
                        0.5305629378429955,
                        0.9053006295476925,
                        1.3420807989965928,
                        -1.3355303048108638
                    ],
                    [
                        3.781522435001933e-07,
                        1.0110329822032078e-06,
                        1.3123443479904263e-06,
                        1.856023795292666e-06,
                        1.186603313189426e-06,
                        -1.9487806226006587e-06
                    ],
                    [
                        0.5305629378429955,
                        1.3123443479904263e-06,
                        1.2867173470139872,
                        1.0935799017670313,
                        0.5414866863747212,
                        -0.7774829109374638
                    ],
                    [
                        0.9053006295476925,
                        1.856023795292666e-06,
                        1.0935799017670313,
                        2.1784679006923344,
                        1.9688952849838957,
                        -0.952453933041863
                    ],
                    [
                        1.3420807989965926,
                        1.1866033131894263e-06,
                        0.5414866863747212,
                        1.9688952849838957,
                        3.548734388701288,
                        -2.1331562305055956
                    ],
                    [
                        -1.3355303048108638,
                        -1.948780622600659e-06,
                        -0.7774829109374637,
                        -0.952453933041863,
                        -2.1331562305055956,
                        3.252593063889931
                    ]
                ]
            },
            "est_tgt": [
                1
            ],
            "oracle_est_tgt": [
                1
            ]
        },
        "2": {
            "intv_type": "do",
            "inode": 2,
            "new_mui": 1.0,
            "new_sigmai": 0.0,
            "true_params": {
                "Si": [
                    [
                        1.0,
                        0.7406278115662601,
                        0.0,
                        0.5808151520519691,
                        0.9962526985840053,
                        -1.771103637982327
                    ],
                    [
                        0.7406278115662601,
                        1.5485295552654277,
                        0.0,
                        0.43016785498877447,
                        0.14323201870112356,
                        -1.934515193629207
                    ],
                    [
                        0.0,
                        0.0,
                        1e-09,
                        6.196209477384857e-10,
                        -1.7324956355812278e-10,
                        -4.8484094703230494e-11
                    ],
                    [
                        0.5808151520519691,
                        0.43016785498877447,
                        6.196209477384857e-10,
                        1.337346241237082,
                        1.4546758655456555,
                        -0.7464378304394429
                    ],
                    [
                        0.9962526985840053,
                        0.14323201870112356,
                        -1.7324956355812278e-10,
                        1.4546758655456555,
                        3.1135340849383737,
                        -1.7779180186278496
                    ],
                    [
                        -1.771103637982327,
                        -1.934515193629207,
                        -4.8484094703230494e-11,
                        -0.7464378304394429,
                        -1.7779180186278496,
                        5.0025339791004635
                    ]
                ],
                "mui": [
                    0.0,
                    0.0,
                    1.0,
                    0.6196209477384856,
                    -0.17324956355812277,
                    -0.04848409470323049
                ],
                "Ai": [
                    [
                        0.0,
                        0.0,
                        0.0,
                        0.0,
                        0.0,
                        0.0
                    ],
                    [
                        0.7406278115662601,
                        0.0,
                        0.0,
                        0.0,
                        0.0,
                        0.0
                    ],
                    [
                        0.0,
                        0.0,
                        0.0,
                        0.0,
                        0.0,
                        0.0
                    ],
                    [
                        0.5808151520519691,
                        0.0,
                        0.6196209477384856,
                        0.0,
                        0.0,
                        0.0
                    ],
                    [
                        0.9278294504249841,
                        -0.5946204372181293,
                        -0.7160605655616443,
                        0.876037203042751,
                        0.0,
                        0.0
                    ],
                    [
                        -0.8882943067147502,
                        -0.9980104307829798,
                        -0.6752259455140388,
                        0.8350525120474694,
                        -0.6310308646051789,
                        0.0
                    ]
                ]
            },
            "est_params": {
                "mui": [
                    0.0006035304359584925,
                    0.0009990056375548731,
                    1.0000013368068081,
                    0.6130309394985077,
                    -0.17635774231780474,
                    -0.04267077176619149
                ],
                "Si": [
                    [
                        1.0139498430253722,
                        0.7461105898708308,
                        -2.4483436180742033e-07,
                        0.588483719970411,
                        1.0057246967313136,
                        -1.773666179796822
                    ],
                    [
                        0.7461105898708308,
                        1.53838210184019,
                        -5.642285753932244e-07,
                        0.43149938087639295,
                        0.12829978811512674,
                        -1.9005893227812931
                    ],
                    [
                        -2.448343618074205e-07,
                        -5.642285753932244e-07,
                        1.0148496308959123e-06,
                        1.6777700132093813e-06,
                        1.0848097761689723e-06,
                        2.5225647497328674e-06
                    ],
                    [
                        0.588483719970411,
                        0.4314993808763929,
                        1.6777700132093804e-06,
                        1.3214066881935416,
                        1.4477430513045229,
                        -0.7547418510884443
                    ],
                    [
                        1.0057246967313136,
                        0.1282997881151267,
                        1.0848097761689726e-06,
                        1.4477430513045229,
                        3.143464387870712,
                        -1.7902373738113206
                    ],
                    [
                        -1.773666179796822,
                        -1.9005893227812931,
                        2.5225647497328657e-06,
                        -0.7547418510884443,
                        -1.7902373738113206,
                        4.966073267625068
                    ]
                ]
            },
            "est_tgt": [
                2
            ],
            "oracle_est_tgt": [
                2
            ]
        },
        "3": {
            "intv_type": "do",
            "inode": 3,
            "new_mui": 1.0,
            "new_sigmai": 0.0,
            "true_params": {
                "Si": [
                    [
                        1.0,
                        0.7406278115662601,
                        -0.11182908272895542,
                        0.0,
                        0.567513413520684,
                        -1.910057169873216
                    ],
                    [
                        0.7406278115662601,
                        1.5485295552654277,
                        -0.9549667846766504,
                        0.0,
                        0.45020303010600515,
                        -1.8426177741574103
                    ],
                    [
                        -0.11182908272895542,
                        -0.9549667846766504,
                        1.7731392536386599,
                        0.0,
                        -0.8055906461167663,
                        0.36348688254253164
                    ],
                    [
                        0.0,
                        0.0,
                        0.0,
                        1e-09,
                        8.76037203042751e-10,
                        2.822459983850997e-10
                    ],
                    [
                        0.567513413520684,
                        0.45020303010600515,
                        -0.8055906461167663,
                        8.76037203042751e-10,
                        1.835707430414127,
                        -1.567858594753956
                    ],
                    [
                        -1.910057169873216,
                        -1.8426177741574103,
                        0.36348688254253164,
                        2.822459983850997e-10,
                        -1.567858594753956,
                        5.2795760589684875
                    ]
                ],
                "mui": [
                    0.0,
                    0.0,
                    0.0,
                    1.0,
                    0.876037203042751,
                    0.2822459983850997
                ],
                "Ai": [
                    [
                        0.0,
                        0.0,
                        0.0,
                        0.0,
                        0.0,
                        0.0
                    ],
                    [
                        0.7406278115662601,
                        0.0,
                        0.0,
                        0.0,
                        0.0,
                        0.0
                    ],
                    [
                        0.5341043201095255,
                        -0.8721430558656419,
                        0.0,
                        0.0,
                        0.0,
                        0.0
                    ],
                    [
                        0.0,
                        0.0,
                        0.0,
                        0.0,
                        0.0,
                        0.0
                    ],
                    [
                        0.9278294504249841,
                        -0.5946204372181293,
                        -0.7160605655616443,
                        0.876037203042751,
                        0.0,
                        0.0
                    ],
                    [
                        -0.8882943067147502,
                        -0.9980104307829798,
                        -0.6752259455140388,
                        0.8350525120474694,
                        -0.6310308646051789,
                        0.0
                    ]
                ]
            },
            "est_params": {
                "mui": [
                    -0.0013674543696411004,
                    -0.006819060571360701,
                    0.0061143694134781525,
                    0.9999995636602476,
                    0.8752154151332187,
                    0.29000138795062425
                ],
                "Si": [
                    [
                        0.9906088146550232,
                        0.7266165746557831,
                        -0.1040127243943346,
                        4.9530068491985425e-08,
                        0.5577323814386059,
                        -1.8774529588065045
                    ],
                    [
                        0.7266165746557832,
                        1.544969533282623,
                        -0.9678513639634295,
                        -6.729871230602382e-07,
                        0.45439731578167325,
                        -1.8175000398241583
                    ],
                    [
                        -0.10401272439433458,
                        -0.9678513639634295,
                        1.7966753542635199,
                        1.2178623618355344e-06,
                        -0.81321227960123,
                        0.3677765498276737
                    ],
                    [
                        4.95300684919855e-08,
                        -6.729871230602382e-07,
                        1.2178623618355344e-06,
                        1.0097510568476942e-06,
                        1.700222350277062e-07,
                        -4.59300524632119e-07
                    ],
                    [
                        0.5577323814386059,
                        0.45439731578167325,
                        -0.8132122796012299,
                        1.700222350277062e-07,
                        1.8438982894309381,
                        -1.559410711974546
                    ],
                    [
                        -1.8774529588065048,
                        -1.8175000398241583,
                        0.36777654982767377,
                        -4.593005246321189e-07,
                        -1.559410711974546,
                        5.183587057309388
                    ]
                ]
            },
            "est_tgt": [
                3
            ],
            "oracle_est_tgt": [
                3
            ]
        },
        "4": {
            "intv_type": "do",
            "inode": 4,
            "new_mui": 1.0,
            "new_sigmai": 0.0,
            "true_params": {
                "Si": [
                    [
                        1.0,
                        0.7406278115662601,
                        -0.11182908272895542,
                        0.5115235098267282,
                        0.0,
                        -1.1247896980120746
                    ],
                    [
                        0.7406278115662601,
                        1.5485295552654277,
                        -0.9549667846766504,
                        -0.16154956919134594,
                        0.0,
                        -1.6934281403951665
                    ],
                    [
                        -0.11182908272895542,
                        -0.9549667846766504,
                        1.7731392536386599,
                        1.033722199122847,
                        0.0,
                        0.7183466397423914
                    ],
                    [
                        0.5115235098267282,
                        -0.16154956919134594,
                        1.033722199122847,
                        1.937616533856978,
                        0.0,
                        0.626860238292035
                    ],
                    [
                        0.0,
                        0.0,
                        0.0,
                        0.0,
                        1e-09,
                        -6.310308646051789e-10
                    ],
                    [
                        -1.1247896980120746,
                        -1.6934281403951665,
                        0.7183466397423914,
                        0.626860238292035,
                        -6.310308646051789e-10,
                        3.7276181609510797
                    ]
                ],
                "mui": [
                    0.0,
                    0.0,
                    0.0,
                    0.0,
                    1.0,
                    -0.6310308646051789
                ],
                "Ai": [
                    [
                        0.0,
                        0.0,
                        0.0,
                        0.0,
                        0.0,
                        0.0
                    ],
                    [
                        0.7406278115662601,
                        0.0,
                        0.0,
                        0.0,
                        0.0,
                        0.0
                    ],
                    [
                        0.5341043201095255,
                        -0.8721430558656419,
                        0.0,
                        0.0,
                        0.0,
                        0.0
                    ],
                    [
                        0.5808151520519691,
                        0.0,
                        0.6196209477384856,
                        0.0,
                        0.0,
                        0.0
                    ],
                    [
                        0.0,
                        0.0,
                        0.0,
                        0.0,
                        0.0,
                        0.0
                    ],
                    [
                        -0.8882943067147502,
                        -0.9980104307829798,
                        -0.6752259455140388,
                        0.8350525120474694,
                        -0.6310308646051789,
                        0.0
                    ]
                ]
            },
            "est_params": {
                "mui": [
                    -0.007538515578100302,
                    -0.012764246857672778,
                    0.0057367893954934305,
                    -0.03158610335363265,
                    1.0000000171252308,
                    -0.6341041619196246
                ],
                "Si": [
                    [
                        0.9980073593956623,
                        0.7291984596545458,
                        -0.09632775353854921,
                        0.5197857369546471,
                        -5.167321891216581e-07,
                        -1.1183960504411634
                    ],
                    [
                        0.7291984596545457,
                        1.5016983286023073,
                        -0.9177569698366985,
                        -0.1422664654460668,
                        -9.61817046295727e-07,
                        -1.6514141008536107
                    ],
                    [
                        -0.09632775353854921,
                        -0.9177569698366985,
                        1.7534042937046708,
                        1.0252403779466375,
                        -1.6585542847502372e-07,
                        0.6864116909732785
                    ],
                    [
                        0.5197857369546472,
                        -0.1422664654460668,
                        1.0252403779466375,
                        1.936020553036678,
                        -1.836876071070951e-06,
                        0.5967610681038262
                    ],
                    [
                        -5.167321891216578e-07,
                        -9.618170462957272e-07,
                        -1.658554284750238e-07,
                        -1.836876071070951e-06,
                        1.0111369066367015e-06,
                        1.2347889092002063e-06
                    ],
                    [
                        -1.1183960504411634,
                        -1.651414100853611,
                        0.6864116909732786,
                        0.5967610681038262,
                        1.2347889092002063e-06,
                        3.668009802148352
                    ]
                ]
            },
            "est_tgt": [
                4
            ],
            "oracle_est_tgt": [
                4
            ]
        },
        "5": {
            "intv_type": "do",
            "inode": 5,
            "new_mui": 1.0,
            "new_sigmai": 0.0,
            "true_params": {
                "Si": [
                    [
                        1.0,
                        0.7406278115662601,
                        -0.11182908272895542,
                        0.5115235098267282,
                        1.0156270383599022,
                        0.0
                    ],
                    [
                        0.7406278115662601,
                        1.5485295552654277,
                        -0.9549667846766504,
                        -0.16154956919134594,
                        0.3086795973588572,
                        0.0
                    ],
                    [
                        -0.11182908272895542,
                        -0.9549667846766504,
                        1.7731392536386599,
                        1.033722199122847,
                        0.09998845792601413,
                        0.0
                    ],
                    [
                        0.5115235098267282,
                        -0.16154956919134594,
                        1.033722199122847,
                        1.937616533856978,
                        1.5278837188188752,
                        0.0
                    ],
                    [
                        1.0156270383599022,
                        0.3086795973588572,
                        0.09998845792601413,
                        1.5278837188188752,
                        3.0256666675728887,
                        0.0
                    ],
                    [
                        0.0,
                        0.0,
                        0.0,
                        0.0,
                        0.0,
                        1e-09
                    ]
                ],
                "mui": [
                    0.0,
                    0.0,
                    0.0,
                    0.0,
                    0.0,
                    1.0
                ],
                "Ai": [
                    [
                        0.0,
                        0.0,
                        0.0,
                        0.0,
                        0.0,
                        0.0
                    ],
                    [
                        0.7406278115662601,
                        0.0,
                        0.0,
                        0.0,
                        0.0,
                        0.0
                    ],
                    [
                        0.5341043201095255,
                        -0.8721430558656419,
                        0.0,
                        0.0,
                        0.0,
                        0.0
                    ],
                    [
                        0.5808151520519691,
                        0.0,
                        0.6196209477384856,
                        0.0,
                        0.0,
                        0.0
                    ],
                    [
                        0.9278294504249841,
                        -0.5946204372181293,
                        -0.7160605655616443,
                        0.876037203042751,
                        0.0,
                        0.0
                    ],
                    [
                        0.0,
                        0.0,
                        0.0,
                        0.0,
                        0.0,
                        0.0
                    ]
                ]
            },
            "est_params": {
                "mui": [
                    0.010463790058908098,
                    -0.01115411103519663,
                    0.019157401963857814,
                    0.024129840601525853,
                    0.04445547601725321,
                    1.0000000218266074
                ],
                "Si": [
                    [
                        1.0044107719493776,
                        0.7410577735025635,
                        -0.11745939039791746,
                        0.5038468162687971,
                        1.0419122615070902,
                        -8.038488225274723e-07
                    ],
                    [
                        0.7410577735025635,
                        1.5455698760147825,
                        -0.9696211204805174,
                        -0.15908349382544448,
                        0.35514820835115696,
                        -3.0955660719131515e-07
                    ],
                    [
                        -0.11745939039791749,
                        -0.9696211204805174,
                        1.7942603281767122,
                        1.036300555342125,
                        0.08802229481081313,
                        -9.090332224151407e-08
                    ],
                    [
                        0.5038468162687972,
                        -0.15908349382544448,
                        1.036300555342125,
                        1.9001913494827478,
                        1.5087804883133287,
                        -7.402024141744302e-07
                    ],
                    [
                        1.0419122615070902,
                        0.35514820835115696,
                        0.08802229481081313,
                        1.5087804883133287,
                        3.0735917542086235,
                        -1.953581964993634e-06
                    ],
                    [
                        -8.038488225274723e-07,
                        -3.09556607191315e-07,
                        -9.090332224151421e-08,
                        -7.402024141744302e-07,
                        -1.953581964993634e-06,
                        1.0115843745116617e-06
                    ]
                ]
            },
            "est_tgt": [
                5
            ],
            "oracle_est_tgt": [
                5
            ]
        },
        "obs": {
            "intv_type": "obs",
            "true_params": {
                "Si": [
                    [
                        1.0,
                        0.7406278115662601,
                        -0.11182908272895542,
                        0.5115235098267282,
                        1.0156270383599022,
                        -1.7656817061447208
                    ],
                    [
                        0.7406278115662601,
                        1.5485295552654277,
                        -0.9549667846766504,
                        -0.16154956919134594,
                        0.3086795973588572,
                        -1.8882144936025045
                    ],
                    [
                        -0.11182908272895542,
                        -0.9549667846766504,
                        1.7731392536386599,
                        1.033722199122847,
                        0.09998845792601413,
                        0.6552508366868003
                    ],
                    [
                        0.5115235098267282,
                        -0.16154956919134594,
                        1.033722199122847,
                        1.937616533856978,
                        1.5278837188188752,
                        -0.3372815458104158
                    ],
                    [
                        1.0156270383599022,
                        0.3086795973588572,
                        0.09998845792601413,
                        1.5278837188188752,
                        3.0256666675728887,
                        -1.9111818906277365
                    ],
                    [
                        -1.7656817061447208,
                        -1.8882144936025045,
                        0.6552508366868003,
                        -0.3372815458104158,
                        -1.9111818906277365,
                        4.934827360223274
                    ]
                ],
                "mui": [
                    0.0,
                    0.0,
                    0.0,
                    0.0,
                    0.0,
                    0.0
                ],
                "Ai": [
                    [
                        0.0,
                        0.0,
                        0.0,
                        0.0,
                        0.0,
