{
    "expt_args": {
        "save_dir": "all_expt_logs/expt_logs_11.05.24-sparsity_n6",
        "exp_name": "88",
        "num_nodes": 6,
        "obs_noise_mean": 0.0,
        "obs_noise_var": 1.0,
        "max_edge_strength": 1.0,
        "graph_sparsity_method": "adj_dense_prop",
        "adj_dense_prop": 0.6,
        "num_parents": null,
        "new_noise_mean": 1.0,
        "mix_samples": 1024,
        "stage2_samples": 1024,
        "gmm_tol": 0.001,
        "intv_type": "do",
        "new_noise_sigma": 0.0,
        "intv_targets": [
            0,
            1,
            2,
            3,
            4,
            5
        ]
    },
    "intv_args_dict": {
        "0": {
            "intv_type": "do",
            "inode": 0,
            "new_mui": 1.0,
            "new_sigmai": 0.0,
            "true_params": {
                "Si": [
                    [
                        1e-09,
                        -8.76142821616341e-10,
                        -1.3047546521949212e-09,
                        1.2594741715520497e-10,
                        9.551338682583927e-11,
                        -1.3134293014086543e-09
                    ],
                    [
                        -8.76142821616341e-10,
                        1.0000000007676262,
                        0.6350597571612759,
                        0.3194592669867021,
                        0.2422648850765969,
                        -0.3816360431425359
                    ],
                    [
                        -1.3047546521949212e-09,
                        0.6350597571612759,
                        1.4033008954161845,
                        -0.339435347037296,
                        -0.2574139298464877,
                        0.6812900715792447
                    ],
                    [
                        1.2594741715520497e-10,
                        0.3194592669867021,
                        -0.339435347037296,
                        1.3961555211804604,
                        1.058787431894784,
                        -0.6228237481058255
                    ],
                    [
                        9.551338682583927e-11,
                        0.2422648850765969,
                        -0.2574139298464877,
                        1.058787431894784,
                        1.8029412260537505,
                        -0.47232414066771805
                    ],
                    [
                        -1.3134293014086543e-09,
                        -0.3816360431425359,
                        0.6812900715792447,
                        -0.6228237481058255,
                        -0.47232414066771805,
                        1.9987786513998134
                    ]
                ],
                "mui": [
                    1.0,
                    -0.8761428216163409,
                    -1.3047546521949211,
                    0.12594741715520497,
                    0.09551338682583926,
                    -1.3134293014086542
                ],
                "Ai": [
                    [
                        0.0,
                        0.0,
                        0.0,
                        0.0,
                        0.0,
                        0.0
                    ],
                    [
                        -0.8761428216163409,
                        0.0,
                        0.0,
                        0.0,
                        0.0,
                        0.0
                    ],
                    [
                        -0.7483516056622164,
                        0.6350597560181245,
                        0.0,
                        0.0,
                        0.0,
                        0.0
                    ],
                    [
                        0.0,
                        0.6638592035915187,
                        -0.542311071093347,
                        0.0,
                        0.0,
                        0.0
                    ],
                    [
                        -0.0,
                        -0.0,
                        0.0,
                        0.7583592342202472,
                        0.0,
                        0.0
                    ],
                    [
                        -0.9565807021409372,
                        -0.9682101075765516,
                        0.923651763042159,
                        -0.0,
                        0.0,
                        0.0
                    ]
                ]
            },
            "est_params": {
                "mui": [
                    0.9999999967905475,
                    -1.060323634014566,
                    -1.498216951662942,
                    0.15206230953520103,
                    0.13692806240763286,
                    -1.3676992722888615
                ],
                "Si": [
                    [
                        1.00001315815523e-06,
                        -4.510583044517044e-09,
                        -7.87918212572453e-09,
                        1.2970102644895238e-09,
                        4.948792768959795e-10,
                        -3.6319822230932205e-09
                    ],
                    [
                        -4.510583044517044e-09,
                        0.85642320005746,
                        0.4146650629168294,
                        0.28107270221094305,
                        0.17160162815730948,
                        -0.44832430582509
                    ],
                    [
                        -7.87918212572453e-09,
                        0.4146650629168294,
                        1.348273245374478,
                        -0.46571682519913693,
                        -0.41834176534075657,
                        0.9487992412210724
                    ],
                    [
                        1.297010264489524e-09,
                        0.28107270221094305,
                        -0.46571682519913693,
                        1.2509945877519568,
                        1.1615432959901857,
                        -0.5932639432353699
                    ],
                    [
                        4.948792768959795e-10,
                        0.17160162815730948,
                        -0.4183417653407567,
                        1.161543295990186,
                        1.9978957954788137,
                        -0.2702453843796223
                    ],
                    [
                        -3.6319822230932213e-09,
                        -0.44832430582509,
                        0.9487992412210724,
                        -0.5932639432353698,
                        -0.27024538437962237,
                        2.415853982245814
                    ]
                ]
            },
            "est_tgt": [
                0
            ],
            "oracle_est_tgt": [
                0
            ]
        },
        "1": {
            "intv_type": "do",
            "inode": 1,
            "new_mui": 1.0,
            "new_sigmai": 0.0,
            "true_params": {
                "Si": [
                    [
                        1.0,
                        0.0,
                        -0.7483516056622164,
                        0.40583936082110256,
                        0.3077720268887259,
                        -1.647796982086274
                    ],
                    [
                        0.0,
                        1e-09,
                        6.350597560181245e-10,
                        3.1945926709705e-10,
                        2.422648851602803e-10,
                        -3.816360442932876e-10
                    ],
                    [
                        -0.7483516056622164,
                        6.350597560181245e-10,
                        1.5600301261005183,
                        -0.846021608201871,
                        -0.6415882989297528,
                        2.1567832801494147
                    ],
                    [
                        0.40583936082110256,
                        3.1945926709705e-10,
                        -0.846021608201871,
                        1.4588068847241487,
                        1.1062996719746296,
                        -1.169647451027404
                    ],
                    [
                        0.3077720268887259,
                        2.422648851602803e-10,
                        -0.6415882989297528,
                        1.1062996719746296,
                        1.8389725720567909,
                        -0.8870129452688061
                    ],
                    [
                        -1.647796982086274,
                        -3.816360442932876e-10,
                        2.1567832801494147,
                        -1.169647451027404,
                        -0.8870129452688061,
                        4.568367473689166
                    ]
                ],
                "mui": [
                    0.0,
                    1.0,
                    0.6350597560181245,
                    0.31945926709705,
                    0.24226488516028027,
                    -0.38163604429328757
                ],
                "Ai": [
                    [
                        0.0,
                        0.0,
                        0.0,
                        0.0,
                        0.0,
                        0.0
                    ],
                    [
                        0.0,
                        0.0,
                        0.0,
                        0.0,
                        0.0,
                        0.0
                    ],
                    [
                        -0.7483516056622164,
                        0.6350597560181245,
                        0.0,
                        0.0,
                        0.0,
                        0.0
                    ],
                    [
                        0.0,
                        0.6638592035915187,
                        -0.542311071093347,
                        0.0,
                        0.0,
                        0.0
                    ],
                    [
                        -0.0,
                        -0.0,
                        0.0,
                        0.7583592342202472,
                        0.0,
                        0.0
                    ],
                    [
                        -0.9565807021409372,
                        -0.9682101075765516,
                        0.923651763042159,
                        -0.0,
                        0.0,
                        0.0
                    ]
                ]
            },
            "est_params": {
                "mui": [
                    -0.06202232111639049,
                    1.0000059479567316,
                    0.6522594190125691,
                    0.2636743269715562,
                    0.31970701713453575,
                    -0.3616206211807
                ],
                "Si": [
                    [
                        0.8244573202428398,
                        -9.18538336134064e-07,
                        -0.4972140143840537,
                        0.13160505471637965,
                        -0.017342973015058195,
                        -1.1539905454114672
                    ],
                    [
                        -9.18538336134064e-07,
                        1.0083446708574095e-06,
                        3.1206124807656625e-07,
                        6.118107031945031e-06,
                        1.0025363885556459e-05,
                        6.149828298011402e-06
                    ],
                    [
                        -0.4972140143840537,
                        3.1206124807656604e-07,
                        1.2319308821498405,
                        -0.5389225307487485,
                        -0.3237844183572322,
                        1.5531795943833253
                    ],
                    [
                        0.13160505471637965,
                        6.118107031945031e-06,
                        -0.5389225307487485,
                        1.2445048397638112,
                        0.9803298583272991,
                        -0.6433531642216924
                    ],
                    [
                        -0.01734297301505822,
                        1.0025363885556459e-05,
                        -0.3237844183572322,
                        0.9803298583272991,
                        1.7802498419665835,
                        -0.3457875668939814
                    ],
                    [
                        -1.1539905454114672,
                        6.149828298011402e-06,
                        1.5531795943833255,
                        -0.6433531642216924,
                        -0.3457875668939815,
                        3.3314884982433193
                    ]
                ]
            },
            "est_tgt": [
                1
            ],
            "oracle_est_tgt": [
                1
            ]
        },
        "2": {
            "intv_type": "do",
            "inode": 2,
            "new_mui": 1.0,
            "new_sigmai": 0.0,
            "true_params": {
                "Si": [
                    [
                        1.0,
                        -0.8761428216163409,
                        0.0,
                        -0.5816354757906501,
                        -0.4410886340159266,
                        -0.10829036657135627
                    ],
                    [
                        -0.8761428216163409,
                        1.7676262438698433,
                        0.0,
                        1.1734549505029017,
                        0.8899003976553388,
                        -0.8733322802548557
                    ],
                    [
                        0.0,
                        0.0,
                        1e-09,
                        -5.42311071093347e-10,
                        -4.1126660858351267e-10,
                        9.23651763042159e-10
                    ],
                    [
                        -0.5816354757906501,
                        1.1734549505029017,
                        -5.42311071093347e-10,
                        1.7790088691854828,
                        1.3491278037065308,
                        -0.57976967254166
                    ],
                    [
                        -0.4410886340159266,
                        0.8899003976553388,
                        -4.1126660858351267e-10,
                        1.3491278037065308,
                        2.0231235280841284,
                        -0.43967368489281683
                    ],
                    [
                        -0.10829036657135627,
                        -0.8733322802548557,
                        9.23651763042159e-10,
                        -0.57976967254166,
                        -0.43967368489281683,
                        1.9491576167586888
                    ]
                ],
                "mui": [
                    0.0,
                    0.0,
                    1.0,
                    -0.542311071093347,
                    -0.41126660858351266,
                    0.923651763042159
                ],
                "Ai": [
                    [
                        0.0,
                        0.0,
                        0.0,
                        0.0,
                        0.0,
                        0.0
                    ],
                    [
                        -0.8761428216163409,
                        0.0,
                        0.0,
                        0.0,
                        0.0,
                        0.0
                    ],
                    [
                        0.0,
                        0.0,
                        0.0,
                        0.0,
                        0.0,
                        0.0
                    ],
                    [
                        0.0,
                        0.6638592035915187,
                        -0.542311071093347,
                        0.0,
                        0.0,
                        0.0
                    ],
                    [
                        -0.0,
                        -0.0,
                        0.0,
                        0.7583592342202472,
                        0.0,
                        0.0
                    ],
                    [
                        -0.9565807021409372,
                        -0.9682101075765516,
                        0.923651763042159,
                        -0.0,
                        0.0,
                        0.0
                    ]
                ]
            },
            "est_params": {
                "mui": [
                    -0.045022080585095915,
                    -0.06318542213521135,
                    0.999999999883233,
                    -0.6148919796128003,
                    -0.4846409815068904,
                    0.7959401694483439
                ],
                "Si": [
                    [
                        0.7930003622045679,
                        -0.7180251311342851,
                        -4.2406316514916666e-11,
                        -0.3772122133612355,
                        -0.3513687427090835,
                        -0.07309773064937318
                    ],
                    [
                        -0.7180251311342852,
                        1.5873802587877717,
                        4.958278843201187e-11,
                        0.9855981859569594,
                        0.8060084851019921,
                        -0.7450722743751271
                    ],
                    [
                        -4.2406316514916666e-11,
                        4.958278843201186e-11,
                        1.0000000021373087e-06,
                        1.188664684228099e-10,
                        1.973515243511704e-10,
                        7.51650138433273e-11
                    ],
                    [
                        -0.3772122133612355,
                        0.9855981859569596,
                        1.1886646842280993e-10,
                        1.6195578972450724,
                        1.2669293534678467,
                        -0.6910167527754683
                    ],
                    [
                        -0.3513687427090836,
                        0.8060084851019922,
                        1.9735152435117045e-10,
                        1.2669293534678467,
                        2.0432986341987758,
                        -0.5478723186737291
                    ],
                    [
                        -0.07309773064937318,
                        -0.7450722743751271,
                        7.51650138433273e-11,
                        -0.6910167527754683,
                        -0.547872318673729,
                        1.701541994490225
                    ]
                ]
            },
            "est_tgt": [
                2,
                5
            ],
            "oracle_est_tgt": [
                2,
                5
            ]
        },
        "3": {
            "intv_type": "do",
            "inode": 3,
            "new_mui": 1.0,
            "new_sigmai": 0.0,
            "true_params": {
                "Si": [
                    [
                        1.0,
                        -0.8761428216163409,
                        -1.3047546521949211,
                        0.0,
                        0.0,
                        -1.3134293014086542
                    ],
                    [
                        -0.8761428216163409,
                        1.7676262438698433,
                        1.7782111785092303,
                        0.0,
                        0.0,
                        0.7691156098364702
                    ],
                    [
                        -1.3047546521949211,
                        1.7782111785092303,
                        3.1056855961380894,
                        0.0,
                        0.0,
                        2.3949930612076087
                    ],
                    [
                        0.0,
                        0.0,
                        0.0,
                        1e-09,
                        7.583592342202473e-10,
                        0.0
                    ],
                    [
                        0.0,
                        0.0,
                        0.0,
                        7.583592342202473e-10,
                        1.0000000005751086,
                        0.0
                    ],
                    [
                        -1.3134293014086542,
                        0.7691156098364702,
                        2.3949930612076087,
                        0.0,
                        0.0,
                        3.7238751794735423
                    ]
                ],
                "mui": [
                    0.0,
                    0.0,
                    0.0,
                    1.0,
                    0.7583592342202472,
                    0.0
                ],
                "Ai": [
                    [
                        0.0,
                        0.0,
                        0.0,
                        0.0,
                        0.0,
                        0.0
                    ],
                    [
                        -0.8761428216163409,
                        0.0,
                        0.0,
                        0.0,
                        0.0,
                        0.0
                    ],
                    [
                        -0.7483516056622164,
                        0.6350597560181245,
                        0.0,
                        0.0,
                        0.0,
                        0.0
                    ],
                    [
                        0.0,
                        0.0,
                        0.0,
                        0.0,
                        0.0,
                        0.0
                    ],
                    [
                        -0.0,
                        -0.0,
                        0.0,
                        0.7583592342202472,
                        0.0,
                        0.0
                    ],
                    [
                        -0.9565807021409372,
                        -0.9682101075765516,
                        0.923651763042159,
                        -0.0,
                        0.0,
                        0.0
                    ]
                ]
            },
            "est_params": {
                "mui": [
                    0.03306296469978086,
                    0.01621372383685737,
                    0.03987095068295348,
                    0.9999999998368874,
                    0.8692773526647765,
                    -0.0033170897743332027
                ],
                "Si": [
                    [
                        1.0883209722975564,
                        -1.0092622769646415,
                        -1.3963490789061066,
                        3.5947246579481503e-11,
                        -5.9583889562099284e-05,
                        -1.2476476743605336
                    ],
                    [
                        -1.0092622769646415,
                        1.9254721448424819,
                        2.0433068185979693,
                        -1.2095230236956365e-10,
                        0.02747748337369373,
                        0.7648165336988672
                    ],
                    [
                        -1.3963490789061066,
                        2.0433068185979693,
                        3.39803679280525,
                        -1.5712343360339101e-10,
                        -0.11511027849676242,
                        2.169568853703167
                    ],
                    [
                        3.594724657948151e-11,
                        -1.2095230236956365e-10,
                        -1.5712343360339101e-10,
                        1.0000000077692337e-06,
                        8.294071869894258e-11,
                        -1.629724408436348e-10
                    ],
                    [
                        -5.958388956207494e-05,
                        0.027477483373693705,
                        -0.11511027849676245,
                        8.294071869894256e-11,
                        0.7107149019540676,
                        -0.11940316961804803
                    ],
                    [
                        -1.2476476743605336,
                        0.7648165336988672,
                        2.169568853703167,
                        -1.6297244084363478e-10,
                        -0.11940316961804805,
                        3.3511111820916826
                    ]
                ]
            },
            "est_tgt": [
                3,
                4
            ],
            "oracle_est_tgt": [
                3
            ]
        },
        "4": {
            "intv_type": "do",
            "inode": 4,
            "new_mui": 1.0,
            "new_sigmai": 0.0,
            "true_params": {
                "Si": [
                    [
                        1.0,
                        -0.8761428216163409,
                        -1.3047546521949211,
                        0.12594741715520497,
                        0.0,
                        -1.3134293014086542
                    ],
                    [
                        -0.8761428216163409,
                        1.7676262438698433,
                        1.7782111785092303,
                        0.2091113416553984,
                        0.0,
                        0.7691156098364702
                    ],
                    [
                        -1.3047546521949211,
                        1.7782111785092303,
                        3.1056855961380894,
                        -0.5037658253381536,
                        0.0,
                        2.3949930612076087
                    ],
                    [
                        0.12594741715520497,
                        0.2091113416553984,
                        -0.5037658253381536,
                        1.4120182730526647,
                        0.0,
                        -0.7882467760687878
                    ],
                    [
                        0.0,
                        0.0,
                        0.0,
                        0.0,
                        1e-09,
                        0.0
                    ],
                    [
                        -1.3134293014086542,
                        0.7691156098364702,
                        2.3949930612076087,
                        -0.7882467760687878,
                        0.0,
                        3.7238751794735423
                    ]
                ],
                "mui": [
                    0.0,
                    0.0,
                    0.0,
                    0.0,
                    1.0,
                    0.0
                ],
                "Ai": [
                    [
                        0.0,
                        0.0,
                        0.0,
                        0.0,
                        0.0,
                        0.0
                    ],
                    [
                        -0.8761428216163409,
                        0.0,
                        0.0,
                        0.0,
                        0.0,
                        0.0
                    ],
                    [
                        -0.7483516056622164,
                        0.6350597560181245,
                        0.0,
                        0.0,
                        0.0,
                        0.0
                    ],
                    [
                        0.0,
                        0.6638592035915187,
                        -0.542311071093347,
                        0.0,
                        0.0,
                        0.0
                    ],
                    [
                        0.0,
                        0.0,
                        0.0,
                        0.0,
                        0.0,
                        0.0
                    ],
                    [
                        -0.9565807021409372,
                        -0.9682101075765516,
                        0.923651763042159,
                        -0.0,
                        0.0,
                        0.0
                    ]
                ]
            },
            "est_params": {
                "mui": [
                    -0.035016006271336754,
                    0.21796206270894855,
                    0.19340662974315534,
                    -0.10786345176616953,
                    1.0000000097081456,
                    -0.13679227804518773
                ],
                "Si": [
                    [
                        0.8375064065786678,
                        -0.8270816665008416,
                        -1.2027427766964172,
                        0.09266085353540576,
                        7.304796585015763e-09,
                        -1.072340161453284
                    ],
                    [
                        -0.8270816665008416,
                        1.8738259057381101,
                        1.7555292915333556,
                        0.2939525715839427,
                        8.05016383337191e-09,
                        0.6548811585302889
                    ],
                    [
                        -1.2027427766964172,
                        1.7555292915333556,
                        2.9721128314320917,
                        -0.5155783795390625,
                        1.320427671210729e-08,
                        2.2662109756710853
                    ],
                    [
                        0.09266085353540576,
                        0.29395257158394267,
                        -0.5155783795390624,
                        1.551025979313919,
                        -4.48555459605032e-09,
                        -0.8264790700765101
                    ],
                    [
                        7.3047965850157626e-09,
                        8.05016383337191e-09,
                        1.320427671210729e-08,
                        -4.485554596050321e-09,
                        1.0000564119739112e-06,
                        1.0214504188247062e-08
                    ],
                    [
                        -1.072340161453284,
                        0.6548811585302892,
                        2.2662109756710853,
                        -0.82647907007651,
                        1.0214504188247064e-08,
                        3.319952227810478
                    ]
                ]
            },
            "est_tgt": [
                4
            ],
            "oracle_est_tgt": [
                4
            ]
        },
        "5": {
            "intv_type": "do",
            "inode": 5,
            "new_mui": 1.0,
            "new_sigmai": 0.0,
            "true_params": {
                "Si": [
                    [
                        1.0,
                        -0.8761428216163409,
                        -1.3047546521949211,
                        0.12594741715520497,
                        0.09551338682583926,
                        0.0
                    ],
                    [
                        -0.8761428216163409,
                        1.7676262438698433,
                        1.7782111785092303,
                        0.2091113416553984,
                        0.1585815169245564,
                        0.0
                    ],
                    [
                        -1.3047546521949211,
                        1.7782111785092303,
                        3.1056855961380894,
                        -0.5037658253381536,
                        -0.382035465529773,
                        0.0
                    ],
                    [
                        0.12594741715520497,
                        0.2091113416553984,
                        -0.5037658253381536,
                        1.4120182730526647,
                        1.0708170962572148,
                        0.0
                    ],
                    [
                        0.09551338682583926,
                        0.1585815169245564,
                        -0.382035465529773,
                        1.0708170962572148,
                        1.8120640331075701,
                        0.0
                    ],
                    [
                        0.0,
                        0.0,
                        0.0,
                        0.0,
                        0.0,
                        1e-09
                    ]
                ],
                "mui": [
                    0.0,
                    0.0,
                    0.0,
                    0.0,
                    0.0,
                    1.0
                ],
                "Ai": [
                    [
                        0.0,
                        0.0,
                        0.0,
                        0.0,
                        0.0,
                        0.0
                    ],
                    [
                        -0.8761428216163409,
                        0.0,
                        0.0,
                        0.0,
                        0.0,
                        0.0
                    ],
                    [
                        -0.7483516056622164,
                        0.6350597560181245,
                        0.0,
                        0.0,
                        0.0,
                        0.0
                    ],
                    [
                        0.0,
                        0.6638592035915187,
                        -0.542311071093347,
                        0.0,
                        0.0,
                        0.0
                    ],
                    [
                        -0.0,
                        -0.0,
                        0.0,
                        0.7583592342202472,
                        0.0,
                        0.0
                    ],
                    [
                        0.0,
                        0.0,
                        0.0,
                        0.0,
                        0.0,
                        0.0
                    ]
                ]
            },
            "est_params": {
                "mui": [
                    0.07144013088216823,
                    -0.02465924314546456,
                    0.011698466545724935,
                    0.003949674422784283,
                    0.026301617750036657,
                    0.9999986161860448
                ],
                "Si": [
                    [
                        1.1972091282956334,
                        -1.1063516925123171,
                        -1.5571459793053934,
                        0.15122025920061077,
                        0.2689438407749555,
                        6.544839240930699e-07
                    ],
                    [
                        -1.1063516925123174,
                        2.0692666644112636,
                        2.1220382086134877,
                        -0.014900406378954914,
                        -0.13658454221706662,
                        -1.8780097377467052e-06
                    ],
                    [
                        -1.5571459793053934,
                        2.1220382086134877,
                        3.3567543188213373,
                        -0.6628305323500938,
                        -0.6346251917749604,
                        -5.253492929106152e-07
                    ],
                    [
                        0.1512202592006108,
                        -0.014900406378954841,
                        -0.6628305323500937,
                        1.4155523400932355,
                        1.098518538326143,
                        -3.2425562043276995e-07
                    ],
                    [
                        0.2689438407749555,
                        -0.13658454221706662,
                        -0.6346251917749604,
                        1.098518538326143,
                        1.896912255143549,
                        2.104534230203839e-06
                    ],
                    [
                        6.544839240930699e-07,
                        -1.8780097377467056e-06,
                        -5.253492929106151e-07,
                        -3.2425562043276995e-07,
                        2.10453423020384e-06,
                        1.000756019434329e-06
                    ]
                ]
            },
            "est_tgt": [
                2,
                5
            ],
            "oracle_est_tgt": [
                2,
                5
            ]
        },
        "obs": {
            "intv_type": "obs",
            "true_params": {
                "Si": [
                    [
                        1.0,
                        -0.8761428216163409,
                        -1.3047546521949211,
                        0.12594741715520497,
                        0.09551338682583926,
                        -1.3134293014086542
                    ],
                    [
                        -0.8761428216163409,
                        1.7676262438698433,
                        1.7782111785092303,
                        0.2091113416553984,
                        0.1585815169245564,
                        0.7691156098364702
                    ],
                    [
                        -1.3047546521949211,
                        1.7782111785092303,
                        3.1056855961380894,
                        -0.5037658253381536,
                        -0.382035465529773,
                        2.3949930612076087
                    ],
                    [
                        0.12594741715520497,
                        0.2091113416553984,
                        -0.5037658253381536,
                        1.4120182730526647,
                        1.0708170962572148,
                        -0.7882467760687878
                    ],
                    [
                        0.09551338682583926,
                        0.1585815169245564,
                        -0.382035465529773,
                        1.0708170962572148,
                        1.8120640331075701,
                        -0.5977742214761046
                    ],
                    [
                        -1.3134293014086542,
                        0.7691156098364702,
                        2.3949930612076087,
                        -0.7882467760687878,
                        -0.5977742214761046,
                        3.7238751794735423
                    ]
                ],
                "mui": [
                    0.0,
                    0.0,
                    0.0,
                    0.0,
                    0.0,
                    0.0
                ],
                "Ai": [
                    [
                        0.0,
                        0.0,
                        0.0,
                        0.0,
                        0.0,
                        0.0
                    ],
                    [
                        -0.8761428216163409,
                        0.0,
                        0.0,
                        0.0,
                        0.0,
                        0.0
                    ],
                    [
                        -0.7483516056622164,
                        0.6350597560181245,
                        0.0,
                        0.0,
                        0.0,
                        0.0
