{
    "expt_args": {
        "save_dir": "all_expt_logs/expt_logs_11.05.24-sparsity_n6",
        "exp_name": "186",
        "num_nodes": 6,
        "obs_noise_mean": 0.0,
        "obs_noise_var": 1.0,
        "max_edge_strength": 1.0,
        "graph_sparsity_method": "adj_dense_prop",
        "adj_dense_prop": 1.0,
        "num_parents": null,
        "new_noise_mean": 1.0,
        "mix_samples": 4096,
        "stage2_samples": 4096,
        "gmm_tol": 0.001,
        "intv_type": "do",
        "new_noise_sigma": 0.0,
        "intv_targets": [
            0,
            1,
            2,
            3,
            4,
            5
        ]
    },
    "intv_args_dict": {
        "0": {
            "intv_type": "do",
            "inode": 0,
            "new_mui": 1.0,
            "new_sigmai": 0.0,
            "true_params": {
                "Si": [
                    [
                        1e-09,
                        6.352228935332564e-10,
                        3.0084509609764114e-10,
                        -2.0630454060311482e-10,
                        -1.1277457835827072e-09,
                        -6.500173747975213e-10
                    ],
                    [
                        6.352228935332564e-10,
                        1.0000000004035081,
                        -0.6995694333597785,
                        -0.2560555918097259,
                        -1.6086605587575544,
                        -0.8687490123903564
                    ],
                    [
                        3.0084509609764114e-10,
                        -0.6995694333597785,
                        1.4893973924492099,
                        -0.768449165164322,
                        0.8796141938852996,
                        0.32246668606131973
                    ],
                    [
                        -2.0630454060311482e-10,
                        -0.2560555918097259,
                        -0.768449165164322,
                        1.9634682106062304,
                        1.534395849309956,
                        0.31360431622292506
                    ],
                    [
                        -1.1277457835827072e-09,
                        -1.6086605587575544,
                        0.8796141938852996,
                        1.534395849309956,
                        4.439602633002281,
                        1.8583015391646354
                    ],
                    [
                        -6.500173747975213e-10,
                        -0.8687490123903564,
                        0.32246668606131973,
                        0.31360431622292506,
                        1.8583015391646354,
                        2.170784349741637
                    ]
                ],
                "mui": [
                    1.0,
                    0.6352228935332564,
                    0.3008450960976411,
                    -0.20630454060311482,
                    -1.1277457835827072,
                    -0.6500173747975212
                ],
                "Ai": [
                    [
                        0.0,
                        0.0,
                        0.0,
                        0.0,
                        0.0,
                        0.0
                    ],
                    [
                        0.6352228935332564,
                        0.0,
                        0.0,
                        0.0,
                        0.0,
                        0.0
                    ],
                    [
                        0.7452276159052537,
                        -0.6995694335508822,
                        0.0,
                        0.0,
                        0.0,
                        0.0
                    ],
                    [
                        0.6625090006302139,
                        -0.9189520776883192,
                        -0.9475778303304441,
                        0.0,
                        0.0,
                        0.0
                    ],
                    [
                        -0.5121230731671071,
                        -0.9630684331015171,
                        0.5972255928658794,
                        0.8896167966612853,
                        0.0,
                        0.0
                    ],
                    [
                        0.5148365605598451,
                        -0.7032262122125882,
                        -0.7835752451197253,
                        -0.6685180739898737,
                        0.5500637637306169,
                        0.0
                    ]
                ]
            },
            "est_params": {
                "mui": [
                    0.9999994687321646,
                    0.6930902497351951,
                    0.2928335330163032,
                    -0.25161038972238964,
                    -1.2362312227371572,
                    -0.6764230215760095
                ],
                "Si": [
                    [
                        1.00257909425963e-06,
                        9.690388830388736e-07,
                        -1.1704197811946657e-06,
                        -1.3224073858348575e-06,
                        -2.6436019894597897e-06,
                        -8.040385513752447e-07
                    ],
                    [
                        9.690388830388736e-07,
                        0.9837089161890135,
                        -0.7442573670410597,
                        -0.12884141500435803,
                        -1.5343681256582449,
                        -0.881066462567771
                    ],
                    [
                        -1.1704197811946657e-06,
                        -0.7442573670410597,
                        1.4854833444536786,
                        -0.8025220332049154,
                        0.9200571829729365,
                        0.4198664282932188
                    ],
                    [
                        -1.3224073858348573e-06,
                        -0.128841415004358,
                        -0.8025220332049154,
                        1.8342448758933023,
                        1.300854516041959,
                        0.2458863703505443
                    ],
                    [
                        -2.6436019894597897e-06,
                        -1.5343681256582449,
                        0.9200571829729363,
                        1.300854516041959,
                        4.35404676768562,
                        1.9166581126160047
                    ],
                    [
                        -8.040385513752447e-07,
                        -0.881066462567771,
                        0.4198664282932189,
                        0.24588637035054425,
                        1.9166581126160047,
                        2.1872018833411855
                    ]
                ]
            },
            "est_tgt": [
                0
            ],
            "oracle_est_tgt": [
                0
            ]
        },
        "1": {
            "intv_type": "do",
            "inode": 1,
            "new_mui": 1.0,
            "new_sigmai": 0.0,
            "true_params": {
                "Si": [
                    [
                        1.0,
                        0.0,
                        0.7452276159052537,
                        -0.04365216675161587,
                        -0.10588776919096296,
                        -0.09816811365504749
                    ],
                    [
                        0.0,
                        1e-09,
                        -6.995694335508822e-10,
                        -2.5605559167867655e-10,
                        -1.6086605580411847e-09,
                        -8.687490119774505e-10
                    ],
                    [
                        0.7452276159052537,
                        -6.995694335508822e-10,
                        1.5553641999972256,
                        -0.9801086303087206,
                        -0.32466604980227853,
                        -0.3584411566393961
                    ],
                    [
                        -0.04365216675161587,
                        -2.5605559167867655e-10,
                        -0.9801086303087206,
                        1.899809256261427,
                        1.1271115490474988,
                        0.09544152489608154
                    ],
                    [
                        -0.10588776919096296,
                        -1.6086605580411847e-09,
                        -0.32466604980227853,
                        1.1271115490474988,
                        1.8630260629851216,
                        0.47117407198434796
                    ],
                    [
                        -0.09816811365504749,
                        -8.687490119774505e-10,
                        -0.3584411566393961,
                        0.09544152489608154,
                        0.47117407198434796,
                        1.425696482800633
                    ]
                ],
                "mui": [
                    0.0,
                    1.0,
                    -0.6995694335508822,
                    -0.25605559167867653,
                    -1.6086605580411846,
                    -0.8687490119774505
                ],
                "Ai": [
                    [
                        0.0,
                        0.0,
                        0.0,
                        0.0,
                        0.0,
                        0.0
                    ],
                    [
                        0.0,
                        0.0,
                        0.0,
                        0.0,
                        0.0,
                        0.0
                    ],
                    [
                        0.7452276159052537,
                        -0.6995694335508822,
                        0.0,
                        0.0,
                        0.0,
                        0.0
                    ],
                    [
                        0.6625090006302139,
                        -0.9189520776883192,
                        -0.9475778303304441,
                        0.0,
                        0.0,
                        0.0
                    ],
                    [
                        -0.5121230731671071,
                        -0.9630684331015171,
                        0.5972255928658794,
                        0.8896167966612853,
                        0.0,
                        0.0
                    ],
                    [
                        0.5148365605598451,
                        -0.7032262122125882,
                        -0.7835752451197253,
                        -0.6685180739898737,
                        0.5500637637306169,
                        0.0
                    ]
                ]
            },
            "est_params": {
                "mui": [
                    0.01382504193592579,
                    1.0000019588192766,
                    -0.658509478120969,
                    -0.3121855133557327,
                    -1.552050573136363,
                    -0.8904358777098604
                ],
                "Si": [
                    [
                        1.021250367911483,
                        -6.465093696232567e-07,
                        0.7331862118056423,
                        0.01081467607245067,
                        -0.03402554558500418,
                        -0.03142815465374049
                    ],
                    [
                        -6.465093696232563e-07,
                        1.0051163615512381e-06,
                        2.8439514874525232e-06,
                        -6.812136567032969e-06,
                        -3.831870642203343e-06,
                        1.3629717951463057e-06
                    ],
                    [
                        0.7331862118056425,
                        2.843951487452523e-06,
                        1.4435384968185585,
                        -0.9400378445450188,
                        -0.35914060371897655,
                        -0.27850435440152443
                    ],
                    [
                        0.010814676072450655,
                        -6.812136567032969e-06,
                        -0.9400378445450188,
                        1.9016395456083022,
                        1.1410589657394712,
                        0.06861439686549571
                    ],
                    [
                        -0.03402554558500417,
                        -3.831870642203343e-06,
                        -0.35914060371897655,
                        1.1410589657394712,
                        1.8629684252720151,
                        0.4678953146003509
                    ],
                    [
                        -0.03142815465374047,
                        1.3629717951463059e-06,
                        -0.2785043544015244,
                        0.06861439686549568,
                        0.4678953146003509,
                        1.3899198307201877
                    ]
                ]
            },
            "est_tgt": [
                1,
                4
            ],
            "oracle_est_tgt": [
                1
            ]
        },
        "2": {
            "intv_type": "do",
            "inode": 2,
            "new_mui": 1.0,
            "new_sigmai": 0.0,
            "true_params": {
                "Si": [
                    [
                        1.0,
                        0.6352228935332564,
                        0.0,
                        0.0787696028226419,
                        -1.0538114281750317,
                        -0.5641912123825016
                    ],
                    [
                        0.6352228935332564,
                        1.4035081244687628,
                        0.0,
                        -0.8689158226608553,
                        -2.449988781383589,
                        -1.4267118504453107
                    ],
                    [
                        0.0,
                        0.0,
                        1e-09,
                        -9.475778303304442e-10,
                        -2.4575556113994123e-10,
                        -2.852835679500793e-10
                    ],
                    [
                        0.0787696028226419,
                        -0.8689158226608553,
                        -9.475778303304442e-10,
                        1.850677572314419,
                        2.4428795217267423,
                        0.7581259526793213
                    ],
                    [
                        -1.0538114281750317,
                        -2.449988781383589,
                        -2.4575556113994123e-10,
                        2.4428795217267423,
                        6.07241465854023,
                        2.887461828883535
                    ],
                    [
                        -0.5641912123825016,
                        -1.4267118504453107,
                        -2.852835679500793e-10,
                        0.7581259526793213,
                        2.887461828883535,
                        2.7943021269471635
                    ]
                ],
                "mui": [
                    0.0,
                    0.0,
                    1.0,
                    -0.9475778303304441,
                    -0.2457555611399412,
                    -0.2852835679500793
                ],
                "Ai": [
                    [
                        0.0,
                        0.0,
                        0.0,
                        0.0,
                        0.0,
                        0.0
                    ],
                    [
                        0.6352228935332564,
                        0.0,
                        0.0,
                        0.0,
                        0.0,
                        0.0
                    ],
                    [
                        0.0,
                        0.0,
                        0.0,
                        0.0,
                        0.0,
                        0.0
                    ],
                    [
                        0.6625090006302139,
                        -0.9189520776883192,
                        -0.9475778303304441,
                        0.0,
                        0.0,
                        0.0
                    ],
                    [
                        -0.5121230731671071,
                        -0.9630684331015171,
                        0.5972255928658794,
                        0.8896167966612853,
                        0.0,
                        0.0
                    ],
                    [
                        0.5148365605598451,
                        -0.7032262122125882,
                        -0.7835752451197253,
                        -0.6685180739898737,
                        0.5500637637306169,
                        0.0
                    ]
                ]
            },
            "est_params": {
                "mui": [
                    -0.007634842692454076,
                    -0.05454914965045239,
                    0.9999993348109676,
                    -0.9592297151186259,
                    -0.2580470918739882,
                    -0.2790181413906023
                ],
                "Si": [
                    [
                        0.9559628052466246,
                        0.6636695285090903,
                        -8.639503907673428e-07,
                        -0.03448965923573015,
                        -1.1028853541872115,
                        -0.5747527941080111
                    ],
                    [
                        0.6636695285090903,
                        1.3579257573326875,
                        -6.334660317146384e-07,
                        -0.8583823755050323,
                        -2.370020798602505,
                        -1.3721953577184747
                    ],
                    [
                        -8.639503907673428e-07,
                        -6.334660317146384e-07,
                        1.0027679927993925e-06,
                        -2.2757331902638554e-07,
                        1.1671250040465704e-06,
                        -9.268713077560979e-08
                    ],
                    [
                        -0.03448965923573016,
                        -0.8583823755050323,
                        -2.2757331902638554e-07,
                        1.7401776996767475,
                        2.3586890711532167,
                        0.7879953144931341
                    ],
                    [
                        -1.1028853541872115,
                        -2.370020798602505,
                        1.1671250040465708e-06,
                        2.358689071153217,
                        5.999835414216151,
                        2.9378546279964675
                    ],
                    [
                        -0.5747527941080112,
                        -1.3721953577184747,
                        -9.268713077560974e-08,
                        0.7879953144931341,
                        2.9378546279964675,
                        2.7891027977166405
                    ]
                ]
            },
            "est_tgt": [
                2,
                3,
                4,
                5
            ],
            "oracle_est_tgt": [
                2,
                3,
                4,
                5
            ]
        },
        "3": {
            "intv_type": "do",
            "inode": 3,
            "new_mui": 1.0,
            "new_sigmai": 0.0,
            "true_params": {
                "Si": [
                    [
                        1.0,
                        0.6352228935332564,
                        0.3008450960976411,
                        0.0,
                        -0.944213799034686,
                        -0.6869813947514473
                    ],
                    [
                        0.6352228935332564,
                        1.4035081244687628,
                        -0.508465741102448,
                        0.0,
                        -1.980655424341632,
                        -1.3510133421317143
                    ],
                    [
                        0.3008450960976411,
                        -0.508465741102448,
                        1.579905164204701,
                        0.0,
                        1.2791773877725758,
                        -0.021892956218790005
                    ],
                    [
                        0.0,
                        0.0,
                        0.0,
                        1e-09,
                        8.896167966612854e-10,
                        -1.7917211054039219e-10
                    ],
                    [
                        -0.944213799034686,
                        -1.980655424341632,
                        1.2791773877725758,
                        8.896167966612854e-10,
                        4.15501786310767,
                        2.1899260554086393
                    ],
                    [
                        -0.6869813947514473,
                        -1.3510133421317143,
                        -0.021892956218790005,
                        -1.7917211054039219e-10,
                        2.1899260554086393,
                        2.8181386037786478
                    ]
                ],
                "mui": [
                    0.0,
                    0.0,
                    0.0,
                    1.0,
                    0.8896167966612853,
                    -0.17917211054039217
                ],
                "Ai": [
                    [
                        0.0,
                        0.0,
                        0.0,
                        0.0,
                        0.0,
                        0.0
                    ],
                    [
                        0.6352228935332564,
                        0.0,
                        0.0,
                        0.0,
                        0.0,
                        0.0
                    ],
                    [
                        0.7452276159052537,
                        -0.6995694335508822,
                        0.0,
                        0.0,
                        0.0,
                        0.0
                    ],
                    [
                        0.0,
                        0.0,
                        0.0,
                        0.0,
                        0.0,
                        0.0
                    ],
                    [
                        -0.5121230731671071,
                        -0.9630684331015171,
                        0.5972255928658794,
                        0.8896167966612853,
                        0.0,
                        0.0
                    ],
                    [
                        0.5148365605598451,
                        -0.7032262122125882,
                        -0.7835752451197253,
                        -0.6685180739898737,
                        0.5500637637306169,
                        0.0
                    ]
                ]
            },
            "est_params": {
                "mui": [
                    0.051538933613319585,
                    0.00021234581301803973,
                    0.10767188995147252,
                    0.9999999638484781,
                    0.8653822844999969,
                    -0.19081574254800884
                ],
                "Si": [
                    [
                        1.0590252657728554,
                        0.7515535088333833,
                        0.1895817244817058,
                        -5.9516950106384e-07,
                        -1.1602900443390756,
                        -0.7882338737178579
                    ],
                    [
                        0.7515535088333833,
                        1.5084526698281837,
                        -0.5248277575699675,
                        1.5799073866669023e-06,
                        -2.194339264721612,
                        -1.4767246813966275
                    ],
                    [
                        0.1895817244817058,
                        -0.5248277575699675,
                        1.47238565714771,
                        -3.517391194480843e-06,
                        1.2311182268138225,
                        -0.036478263962233505
                    ],
                    [
                        -5.951695010638401e-07,
                        1.579907386666902e-06,
                        -3.517391194480843e-06,
                        1.002980328126562e-06,
                        -3.4308198729735694e-06,
                        -2.1288788616419615e-06
                    ],
                    [
                        -1.1602900443390758,
                        -2.194339264721612,
                        1.2311182268138225,
                        -3.4308198729735694e-06,
                        4.582998235542702,
                        2.4655330477477975
                    ],
                    [
                        -0.7882338737178578,
                        -1.4767246813966275,
                        -0.03647826396223351,
                        -2.1288788616419615e-06,
                        2.4655330477477975,
                        3.07027473923667
                    ]
                ]
            },
            "est_tgt": [
                2,
                3,
                4,
                5
            ],
            "oracle_est_tgt": [
                2,
                3,
                4,
                5
            ]
        },
        "4": {
            "intv_type": "do",
            "inode": 4,
            "new_mui": 1.0,
            "new_sigmai": 0.0,
            "true_params": {
                "Si": [
                    [
                        1.0,
                        0.6352228935332564,
                        0.3008450960976411,
                        -0.20630454060311482,
                        0.0,
                        -0.029685284548683483
                    ],
                    [
                        0.6352228935332564,
                        1.4035081244687628,
                        -0.508465741102448,
                        -0.3871049589096363,
                        0.0,
                        -0.0027399032026946997
                    ],
                    [
                        0.3008450960976411,
                        -0.508465741102448,
                        1.579905164204701,
                        -0.8305148744453801,
                        0.0,
                        -0.17030788033190458
                    ],
                    [
                        -0.20630454060311482,
                        -0.3871049589096363,
                        -0.8305148744453801,
                        2.006029774037131,
                        0.0,
                        -0.5242870307157813
                    ],
                    [
                        0.0,
                        0.0,
                        0.0,
                        0.0,
                        1e-09,
                        5.50063763730617e-10
                    ],
                    [
                        -0.029685284548683483,
                        -0.0027399032026946997,
                        -0.17030788033190458,
                        -0.5242870307157813,
                        5.50063763730617e-10,
                        1.4705880973262226
                    ]
                ],
                "mui": [
                    0.0,
                    0.0,
                    0.0,
                    0.0,
                    1.0,
                    0.5500637637306169
                ],
                "Ai": [
                    [
                        0.0,
                        0.0,
                        0.0,
                        0.0,
                        0.0,
                        0.0
                    ],
                    [
                        0.6352228935332564,
                        0.0,
                        0.0,
                        0.0,
                        0.0,
                        0.0
                    ],
                    [
                        0.7452276159052537,
                        -0.6995694335508822,
                        0.0,
                        0.0,
                        0.0,
                        0.0
                    ],
                    [
                        0.6625090006302139,
                        -0.9189520776883192,
                        -0.9475778303304441,
                        0.0,
                        0.0,
                        0.0
                    ],
                    [
                        0.0,
                        0.0,
                        0.0,
                        0.0,
                        0.0,
                        0.0
                    ],
                    [
                        0.5148365605598451,
                        -0.7032262122125882,
                        -0.7835752451197253,
                        -0.6685180739898737,
                        0.5500637637306169,
                        0.0
                    ]
                ]
            },
            "est_params": {
                "mui": [
                    0.04980890725560699,
                    0.05313340546307963,
                    -0.01676762511734893,
                    0.0018395290103875427,
                    0.9999998491003155,
                    0.47853475024278125
                ],
                "Si": [
                    [
                        1.0114216698277325,
                        0.6152224017439303,
                        0.4113706118399344,
                        -0.23207553061399003,
                        1.2570176016205513e-08,
                        0.026262642539232
                    ],
                    [
                        0.6152224017439302,
                        1.3115338744938616,
                        -0.39774331662673573,
                        -0.4758443702767735,
                        -1.5210116171888734e-07,
                        0.040162487388296135
                    ],
                    [
                        0.4113706118399344,
                        -0.3977433166267357,
                        1.7060672651342985,
                        -0.9126666132908514,
                        1.4390408976051072e-07,
                        -0.15515216298855242
                    ],
                    [
                        -0.23207553061399003,
                        -0.4758443702767734,
                        -0.9126666132908514,
                        2.1593624700745653,
                        -2.0374370345191043e-07,
                        -0.5307284895423048
                    ],
                    [
                        1.2570176016205511e-08,
                        -1.5210116171888729e-07,
                        1.4390408976051075e-07,
                        -2.0374370345191043e-07,
                        1.0004471828635755e-06,
                        6.965558429325699e-08
                    ],
                    [
                        0.026262642539232,
                        0.04016248738829615,
                        -0.15515216298855242,
                        -0.5307284895423048,
                        6.965558429325699e-08,
                        1.3584762858209538
                    ]
                ]
            },
            "est_tgt": [
                2,
                3,
                4,
                5
            ],
            "oracle_est_tgt": [
                2,
                4
            ]
        },
        "5": {
            "intv_type": "do",
            "inode": 5,
            "new_mui": 1.0,
            "new_sigmai": 0.0,
            "true_params": {
                "Si": [
                    [
                        1.0,
                        0.6352228935332564,
                        0.3008450960976411,
                        -0.20630454060311482,
                        -1.1277457835827072,
                        0.0
                    ],
                    [
                        0.6352228935332564,
                        1.4035081244687628,
                        -0.508465741102448,
                        -0.3871049589096363,
                        -2.3250304978585214,
                        0.0
                    ],
                    [
                        0.3008450960976411,
                        -0.508465741102448,
                        1.579905164204701,
                        -0.8305148744453801,
                        0.5403374055889272,
                        0.0
                    ],
                    [
                        -0.20630454060311482,
                        -0.3871049589096363,
                        -0.8305148744453801,
                        2.006029774037131,
                        1.7670549248764273,
                        0.0
                    ],
                    [
                        -1.1277457835827072,
                        -2.3250304978585214,
                        0.5403374055889272,
                        1.7670549248764273,
                        5.711413184119044,
                        0.0
                    ],
                    [
                        0.0,
                        0.0,
                        0.0,
                        0.0,
                        0.0,
                        1e-09
                    ]
                ],
                "mui": [
                    0.0,
                    0.0,
                    0.0,
                    0.0,
                    0.0,
                    1.0
                ],
                "Ai": [
                    [
                        0.0,
                        0.0,
                        0.0,
                        0.0,
                        0.0,
                        0.0
                    ],
                    [
                        0.6352228935332564,
                        0.0,
                        0.0,
                        0.0,
                        0.0,
                        0.0
                    ],
                    [
                        0.7452276159052537,
                        -0.6995694335508822,
                        0.0,
                        0.0,
                        0.0,
                        0.0
                    ],
                    [
                        0.6625090006302139,
                        -0.9189520776883192,
                        -0.9475778303304441,
                        0.0,
                        0.0,
                        0.0
                    ],
                    [
                        -0.5121230731671071,
                        -0.9630684331015171,
                        0.5972255928658794,
                        0.8896167966612853,
                        0.0,
                        0.0
                    ],
                    [
                        0.0,
                        0.0,
                        0.0,
                        0.0,
                        0.0,
                        0.0
                    ]
                ]
            },
            "est_params": {
                "mui": [
                    0.015848109709814616,
                    -0.03929630119053592,
                    0.05870814817753867,
                    0.04409876847805611,
                    0.13465010856248152,
                    1.0000020564862235
                ],
                "Si": [
                    [
                        1.0079420756374902,
                        0.642304103184304,
                        0.2992414340329293,
                        -0.25845143674552296,
                        -1.2174561101168802,
                        1.232642401821624e-06
                    ],
                    [
                        0.642304103184304,
                        1.3786288819864025,
                        -0.4541438964376544,
                        -0.4980704583394431,
                        -2.4382049694440537,
                        1.6509764197911983e-06
                    ],
                    [
                        0.2992414340329293,
                        -0.4541438964376543,
                        1.4719690584848304,
                        -0.8048386756286691,
                        0.46594243303257243,
                        9.31314768715046e-07
                    ],
                    [
                        -0.25845143674552296,
                        -0.4980704583394431,
                        -0.8048386756286691,
                        2.0791235652340196,
                        2.008921269088333,
                        -1.6098781922085773e-06
                    ],
                    [
                        -1.2174561101168802,
                        -2.4382049694440537,
                        0.46594243303257243,
                        2.008921269088333,
                        6.0137985946468016,
                        -1.2244818721271356e-06
                    ],
                    [
                        1.232642401821624e-06,
                        1.650976419791198e-06,
                        9.313147687150459e-07,
                        -1.6098781922085775e-06,
                        -1.2244818721271354e-06,
                        1.0031938638462474e-06
                    ]
                ]
            },
            "est_tgt": [
                2,
                4,
                5
            ],
            "oracle_est_tgt": [
                2,
                5
            ]
        },
        "obs": {
            "intv_type": "obs",
            "true_params": {
                "Si": [
                    [
                        1.0,
                        0.6352228935332564,
                        0.3008450960976411,
                        -0.20630454060311482,
                        -1.1277457835827072,
                        -0.6500173747975212
                    ],
                    [
                        0.6352228935332564,
                        1.4035081244687628,
                        -0.508465741102448,
                        -0.3871049589096363,
                        -2.3250304978585214,
                        -1.2816549296432231
                    ],
                    [
                        0.3008450960976411,
                        -0.508465741102448,
                        1.579905164204701,
                        -0.8305148744453801,
                        0.5403374055889272,
                        0.12691214667077766
                    ],
                    [
                        -0.20630454060311482,
                        -0.3871049589096363,
                        -0.8305148744453801,
                        2.006029774037131,
                        1.7670549248764273,
                        0.44770585198046875
                    ],
                    [
                        -1.1277457835827072,
                        -2.3250304978585214,
                        0.5403374055889272,
                        1.7670549248764273,
                        5.711413184119044,
                        2.5913558921149855
                    ],
                    [
                        -0.6500173747975212,
                        -1.2816549296432231,
                        0.12691214667077766,
                        0.44770585198046875,
