{
    "expt_args": {
        "save_dir": "all_expt_logs/expt_logs_11.05.24-sparsity_n6",
        "exp_name": "273",
        "num_nodes": 6,
        "obs_noise_mean": 0.0,
        "obs_noise_var": 1.0,
        "max_edge_strength": 1.0,
        "graph_sparsity_method": "adj_dense_prop",
        "adj_dense_prop": 0.4,
        "num_parents": null,
        "new_noise_mean": 1.0,
        "mix_samples": 2048,
        "stage2_samples": 2048,
        "gmm_tol": 0.001,
        "intv_type": "do",
        "new_noise_sigma": 0.0,
        "intv_targets": [
            0,
            1,
            2,
            3,
            4,
            5
        ]
    },
    "intv_args_dict": {
        "0": {
            "intv_type": "do",
            "inode": 0,
            "new_mui": 1.0,
            "new_sigmai": 0.0,
            "true_params": {
                "Si": [
                    [
                        1e-09,
                        -8.996016709477682e-10,
                        4.816509351627036e-10,
                        -1.146270517588138e-09,
                        6.866439863269241e-10,
                        1.101310522465851e-09
                    ],
                    [
                        -8.996016709477682e-10,
                        1.000000000809283,
                        -0.5354046697635144,
                        0.512967421685463,
                        -0.3072799918321789,
                        -0.49284737809802315
                    ],
                    [
                        4.816509351627036e-10,
                        -0.5354046697635144,
                        1.2866581601725904,
                        -1.2327380683656886,
                        0.7384401573378895,
                        1.1843865695786517
                    ],
                    [
                        -1.146270517588138e-09,
                        0.512967421685463,
                        -1.2327380683656886,
                        2.1810776108531527,
                        -1.3065186639849686,
                        -2.095529533640439
                    ],
                    [
                        6.866439863269241e-10,
                        -0.3072799918321789,
                        0.7384401573378895,
                        -1.3065186639849686,
                        1.7826365328986888,
                        1.2552732800562796
                    ],
                    [
                        1.101310522465851e-09,
                        -0.49284737809802315,
                        1.1843865695786517,
                        -2.095529533640439,
                        1.2552732800562796,
                        3.0133368957199247
                    ]
                ],
                "mui": [
                    1.0,
                    -0.8996016709477681,
                    0.4816509351627036,
                    -1.146270517588138,
                    0.6866439863269241,
                    1.101310522465851
                ],
                "Ai": [
                    [
                        0.0,
                        0.0,
                        0.0,
                        0.0,
                        0.0,
                        0.0
                    ],
                    [
                        -0.8996016709477681,
                        0.0,
                        0.0,
                        0.0,
                        0.0,
                        0.0
                    ],
                    [
                        0.0,
                        -0.5354046693302205,
                        0.0,
                        0.0,
                        0.0,
                        0.0
                    ],
                    [
                        -0.6848041688257847,
                        0.0,
                        -0.9580929155810075,
                        0.0,
                        0.0,
                        0.0
                    ],
                    [
                        0.0,
                        0.0,
                        0.0,
                        -0.5990243801887954,
                        0.0,
                        0.0
                    ],
                    [
                        -0.0,
                        0.0,
                        0.0,
                        -0.9607771512636588,
                        -0.0,
                        0.0
                    ]
                ]
            },
            "est_params": {
                "mui": [
                    0.999999358277359,
                    -0.8538885399483405,
                    0.4775136727482999,
                    -1.227924339993872,
                    0.759065199929159,
                    1.1960565360836184
                ],
                "Si": [
                    [
                        1.0001860994854755e-06,
                        5.910537886153674e-07,
                        -1.6221273071499947e-06,
                        1.5007068717104977e-06,
                        -8.192738827165385e-07,
                        -9.451072183525485e-07
                    ],
                    [
                        5.910537886153674e-07,
                        0.971063423306207,
                        -0.47633639331563005,
                        0.42418925221862697,
                        -0.22897325407618901,
                        -0.3726554316092332
                    ],
                    [
                        -1.6221273071499949e-06,
                        -0.47633639331563005,
                        1.2197009480824414,
                        -1.1611728978915956,
                        0.7633570825751103,
                        1.0829205155179251
                    ],
                    [
                        1.5007068717104977e-06,
                        0.424189252218627,
                        -1.1611728978915956,
                        2.1476649320239343,
                        -1.3910918004786392,
                        -2.0338867611252303
                    ],
                    [
                        -8.192738827165384e-07,
                        -0.22897325407618901,
                        0.76335708257511,
                        -1.3910918004786392,
                        1.719356233075051,
                        1.2721905389131485
                    ],
                    [
                        -9.451072183525485e-07,
                        -0.3726554316092332,
                        1.0829205155179251,
                        -2.0338867611252303,
                        1.2721905389131485,
                        3.040764843380986
                    ]
                ]
            },
            "est_tgt": [
                0
            ],
            "oracle_est_tgt": [
                0
            ]
        },
        "1": {
            "intv_type": "do",
            "inode": 1,
            "new_mui": 1.0,
            "new_sigmai": 0.0,
            "true_params": {
                "Si": [
                    [
                        1.0,
                        0.0,
                        0.0,
                        -0.6848041688257847,
                        0.4102143927815689,
                        0.6579441984979151
                    ],
                    [
                        0.0,
                        1e-09,
                        -5.354046693302205e-10,
                        5.129674206542762e-10,
                        -3.072799912144729e-10,
                        -4.928473771072824e-10
                    ],
                    [
                        0.0,
                        -5.354046693302205e-10,
                        1.0000000002866583,
                        -0.9580929158556527,
                        0.5739210150837081,
                        0.9205137823416863
                    ],
                    [
                        -0.6848041688257847,
                        5.129674206542762e-10,
                        -0.9580929158556527,
                        2.3868987847908247,
                        -1.4298105651327129,
                        -2.293277814806018
                    ],
                    [
                        0.4102143927815689,
                        -3.072799912144729e-10,
                        0.5739210150837081,
                        -1.4298105651327129,
                        1.8564913875660147,
                        1.37372932161489
                    ],
                    [
                        0.6579441984979151,
                        -4.928473771072824e-10,
                        0.9205137823416863,
                        -2.293277814806018,
                        1.37372932161489,
                        3.2033289259654745
                    ]
                ],
                "mui": [
                    0.0,
                    1.0,
                    -0.5354046693302205,
                    0.5129674206542761,
                    -0.30727999121447286,
                    -0.4928473771072824
                ],
                "Ai": [
                    [
                        0.0,
                        0.0,
                        0.0,
                        0.0,
                        0.0,
                        0.0
                    ],
                    [
                        0.0,
                        0.0,
                        0.0,
                        0.0,
                        0.0,
                        0.0
                    ],
                    [
                        0.0,
                        -0.5354046693302205,
                        0.0,
                        0.0,
                        0.0,
                        0.0
                    ],
                    [
                        -0.6848041688257847,
                        0.0,
                        -0.9580929155810075,
                        0.0,
                        0.0,
                        0.0
                    ],
                    [
                        0.0,
                        0.0,
                        0.0,
                        -0.5990243801887954,
                        0.0,
                        0.0
                    ],
                    [
                        -0.0,
                        0.0,
                        0.0,
                        -0.9607771512636588,
                        -0.0,
                        0.0
                    ]
                ]
            },
            "est_params": {
                "mui": [
                    -0.006220995130193701,
                    0.9999984092515831,
                    -0.6015552260975694,
                    0.47488706927616503,
                    -0.30645408857778705,
                    -0.5681921626483413
                ],
                "Si": [
                    [
                        1.023253127819043,
                        4.772094981585868e-07,
                        -0.12470315154118176,
                        -0.6353785780978637,
                        0.471697988761331,
                        0.6520871912907646
                    ],
                    [
                        4.772094981585868e-07,
                        1.0015311801202985e-06,
                        1.3274087563410311e-06,
                        -7.855055341040012e-07,
                        2.1284339362651574e-06,
                        9.722575271747204e-07
                    ],
                    [
                        -0.12470315154118176,
                        1.327408756341031e-06,
                        0.9446944226601776,
                        -0.8376488149605771,
                        0.491169959233242,
                        0.8911298529414658
                    ],
                    [
                        -0.6353785780978636,
                        -7.855055341040012e-07,
                        -0.8376488149605771,
                        2.418421881877709,
                        -1.4873101242667919,
                        -2.427353177360018
                    ],
                    [
                        0.471697988761331,
                        2.1284339362651574e-06,
                        0.491169959233242,
                        -1.4873101242667919,
                        1.8175868457360465,
                        1.4540557684894955
                    ],
                    [
                        0.6520871912907649,
                        9.722575271747204e-07,
                        0.8911298529414656,
                        -2.427353177360018,
                        1.4540557684894955,
                        3.262245155563788
                    ]
                ]
            },
            "est_tgt": [
                1
            ],
            "oracle_est_tgt": [
                1
            ]
        },
        "2": {
            "intv_type": "do",
            "inode": 2,
            "new_mui": 1.0,
            "new_sigmai": 0.0,
            "true_params": {
                "Si": [
                    [
                        1.0,
                        -0.8996016709477681,
                        0.0,
                        -0.6848041688257847,
                        0.4102143927815689,
                        0.6579441984979151
                    ],
                    [
                        -0.8996016709477681,
                        1.8092831663720164,
                        0.0,
                        0.6160509745476733,
                        -0.36902955319312347,
                        -0.5918877003591144
                    ],
                    [
                        0.0,
                        0.0,
                        1e-09,
                        -9.580929155810075e-10,
                        5.739210149191889e-10,
                        9.205137820778136e-10
                    ],
                    [
                        -0.6848041688257847,
                        0.6160509745476733,
                        -9.580929155810075e-10,
                        1.468956750559116,
                        -0.8799409070278214,
                        -1.4113400821317084
                    ],
                    [
                        0.4102143927815689,
                        -0.36902955319312347,
                        5.739210149191889e-10,
                        -0.8799409070278214,
                        1.527106056435107,
                        0.8454271179345502
                    ],
                    [
                        0.6579441984979151,
                        -0.5918877003591144,
                        9.205137820778136e-10,
                        -1.4113400821317084,
                        0.8454271179345502,
                        2.355983303574721
                    ]
                ],
                "mui": [
                    0.0,
                    0.0,
                    1.0,
                    -0.9580929155810075,
                    0.5739210149191889,
                    0.9205137820778135
                ],
                "Ai": [
                    [
                        0.0,
                        0.0,
                        0.0,
                        0.0,
                        0.0,
                        0.0
                    ],
                    [
                        -0.8996016709477681,
                        0.0,
                        0.0,
                        0.0,
                        0.0,
                        0.0
                    ],
                    [
                        0.0,
                        0.0,
                        0.0,
                        0.0,
                        0.0,
                        0.0
                    ],
                    [
                        -0.6848041688257847,
                        0.0,
                        -0.9580929155810075,
                        0.0,
                        0.0,
                        0.0
                    ],
                    [
                        0.0,
                        0.0,
                        0.0,
                        -0.5990243801887954,
                        0.0,
                        0.0
                    ],
                    [
                        -0.0,
                        0.0,
                        0.0,
                        -0.9607771512636588,
                        -0.0,
                        0.0
                    ]
                ]
            },
            "est_params": {
                "mui": [
                    -0.07674118326667258,
                    0.13568271130612422,
                    1.0000019372398907,
                    -0.8709376830930611,
                    0.4936286266441735,
                    0.9293499922704822
                ],
                "Si": [
                    [
                        1.1768011963176814,
                        -1.0304597870266998,
                        -1.4368377656244625e-07,
                        -0.8070477869135567,
                        0.5053719646316462,
                        0.8054516866155592
                    ],
                    [
                        -1.0304597870266998,
                        1.6993410764843035,
                        1.2105184444182412e-06,
                        0.6798606397800921,
                        -0.38548614369608547,
                        -0.6708811986161426
                    ],
                    [
                        -1.4368377656244625e-07,
                        1.2105184444182415e-06,
                        1.003839767372065e-06,
                        -1.1256460321663896e-06,
                        3.72754377088049e-06,
                        -4.337034451633113e-07
                    ],
                    [
                        -0.8070477869135567,
                        0.6798606397800921,
                        -1.1256460321663896e-06,
                        1.560396578530639,
                        -0.8719321749818517,
                        -1.5232475604263342
                    ],
                    [
                        0.5053719646316461,
                        -0.38548614369608547,
                        3.727543770880489e-06,
                        -0.8719321749818517,
                        1.5716253458104945,
                        0.7925804072511783
                    ],
                    [
                        0.8054516866155591,
                        -0.6708811986161425,
                        -4.3370344516331153e-07,
                        -1.5232475604263342,
                        0.7925804072511783,
                        2.3921251200133526
                    ]
                ]
            },
            "est_tgt": [
                2
            ],
            "oracle_est_tgt": [
                2
            ]
        },
        "3": {
            "intv_type": "do",
            "inode": 3,
            "new_mui": 1.0,
            "new_sigmai": 0.0,
            "true_params": {
                "Si": [
                    [
                        1.0,
                        -0.8996016709477681,
                        0.4816509351627036,
                        0.0,
                        0.0,
                        0.0
                    ],
                    [
                        -0.8996016709477681,
                        1.8092831663720164,
                        -0.9686986554161436,
                        0.0,
                        0.0,
                        0.0
                    ],
                    [
                        0.4816509351627036,
                        -0.9686986554161436,
                        1.5186457832837097,
                        0.0,
                        0.0,
                        0.0
                    ],
                    [
                        0.0,
                        0.0,
                        0.0,
                        1e-09,
                        -5.990243801887955e-10,
                        -9.607771512636588e-10
                    ],
                    [
                        0.0,
                        0.0,
                        0.0,
                        -5.990243801887955e-10,
                        1.0000000003588303,
                        5.755289375352699e-10
                    ],
                    [
                        0.0,
                        0.0,
                        0.0,
                        -9.607771512636588e-10,
                        5.755289375352698e-10,
                        1.0000000009230927
                    ]
                ],
                "mui": [
                    0.0,
                    0.0,
                    0.0,
                    1.0,
                    -0.5990243801887954,
                    -0.9607771512636588
                ],
                "Ai": [
                    [
                        0.0,
                        0.0,
                        0.0,
                        0.0,
                        0.0,
                        0.0
                    ],
                    [
                        -0.8996016709477681,
                        0.0,
                        0.0,
                        0.0,
                        0.0,
                        0.0
                    ],
                    [
                        0.0,
                        -0.5354046693302205,
                        0.0,
                        0.0,
                        0.0,
                        0.0
                    ],
                    [
                        0.0,
                        0.0,
                        0.0,
                        0.0,
                        0.0,
                        0.0
                    ],
                    [
                        0.0,
                        0.0,
                        0.0,
                        -0.5990243801887954,
                        0.0,
                        0.0
                    ],
                    [
                        -0.0,
                        0.0,
                        0.0,
                        -0.9607771512636588,
                        -0.0,
                        0.0
                    ]
                ]
            },
            "est_params": {
                "mui": [
                    -0.005175229556263907,
                    -0.08585093770630488,
                    0.10954186546721212,
                    1.0000001797069105,
                    -0.67201364973907,
                    -1.0748992391468832
                ],
                "Si": [
                    [
                        1.0302612959758428,
                        -0.8940230646121416,
                        0.5557587297817858,
                        1.0278078287513777e-07,
                        -0.03476987583740582,
                        -0.09562163883915861
                    ],
                    [
                        -0.8940230646121416,
                        1.772322442784584,
                        -1.0152942229728936,
                        5.4008331021321744e-08,
                        -0.006682582354707629,
                        0.11223555409820268
                    ],
                    [
                        0.5557587297817858,
                        -1.0152942229728936,
                        1.7237899982735398,
                        -2.257352240591129e-07,
                        -0.07385519281845525,
                        -0.15076817234946038
                    ],
                    [
                        1.0278078287513777e-07,
                        5.400833102132173e-08,
                        -2.257352240591129e-07,
                        1.0003599134787667e-06,
                        3.295211474391764e-08,
                        2.4868567630579284e-07
                    ],
                    [
                        -0.03476987583740582,
                        -0.006682582354707629,
                        -0.07385519281845526,
                        3.2952114743917624e-08,
                        1.042983458689019,
                        0.005570543159068047
                    ],
                    [
                        -0.09562163883915863,
                        0.11223555409820268,
                        -0.15076817234946036,
                        2.4868567630579284e-07,
                        0.005570543159068047,
                        1.0376157808776
                    ]
                ]
            },
            "est_tgt": [
                3
            ],
            "oracle_est_tgt": [
                3
            ]
        },
        "4": {
            "intv_type": "do",
            "inode": 4,
            "new_mui": 1.0,
            "new_sigmai": 0.0,
            "true_params": {
                "Si": [
                    [
                        1.0,
                        -0.8996016709477681,
                        0.4816509351627036,
                        -1.146270517588138,
                        0.0,
                        1.101310522465851
                    ],
                    [
                        -0.8996016709477681,
                        1.8092831663720164,
                        -0.9686986554161436,
                        1.5441542936347283,
                        0.0,
                        -1.4835881633499215
                    ],
                    [
                        0.4816509351627036,
                        -0.9686986554161436,
                        1.5186457832837097,
                        -1.784840334559349,
                        0.0,
                        1.7148338120984072
                    ],
                    [
                        -1.146270517588138,
                        1.5441542936347283,
                        -1.784840334559349,
                        3.4950137090309945,
                        0.0,
                        -3.357929314990233
                    ],
                    [
                        0.0,
                        0.0,
                        0.0,
                        0.0,
                        1e-09,
                        0.0
                    ],
                    [
                        1.101310522465851,
                        -1.4835881633499215,
                        1.7148338120984072,
                        -3.357929314990233,
                        0.0,
                        4.226221761401046
                    ]
                ],
                "mui": [
                    0.0,
                    0.0,
                    0.0,
                    0.0,
                    1.0,
                    0.0
                ],
                "Ai": [
                    [
                        0.0,
                        0.0,
                        0.0,
                        0.0,
                        0.0,
                        0.0
                    ],
                    [
                        -0.8996016709477681,
                        0.0,
                        0.0,
                        0.0,
                        0.0,
                        0.0
                    ],
                    [
                        0.0,
                        -0.5354046693302205,
                        0.0,
                        0.0,
                        0.0,
                        0.0
                    ],
                    [
                        -0.6848041688257847,
                        0.0,
                        -0.9580929155810075,
                        0.0,
                        0.0,
                        0.0
                    ],
                    [
                        0.0,
                        0.0,
                        0.0,
                        0.0,
                        0.0,
                        0.0
                    ],
                    [
                        -0.0,
                        0.0,
                        0.0,
                        -0.9607771512636588,
                        -0.0,
                        0.0
                    ]
                ]
            },
            "est_params": {
                "mui": [
                    0.0021203369561770403,
                    0.08218060876070289,
                    0.07754269141027963,
                    -0.07926499663323053,
                    0.9999998889296643,
                    -0.022203834415639487
                ],
                "Si": [
                    [
                        0.8634642289891453,
                        -0.846094241840698,
                        0.523963271800793,
                        -1.0250588750577059,
                        6.55972932839384e-09,
                        0.961885046910169
                    ],
                    [
                        -0.846094241840698,
                        1.765941769060922,
                        -1.0171558807987406,
                        1.4510794217975924,
                        -2.4269815856499297e-08,
                        -1.36352050193414
                    ],
                    [
                        0.523963271800793,
                        -1.0171558807987406,
                        1.5299180050021028,
                        -1.7845064278588818,
                        -1.0265472401113575e-07,
                        1.7067841457292379
                    ],
                    [
                        -1.0250588750577059,
                        1.4510794217975926,
                        -1.7845064278588818,
                        3.2332845781883974,
                        -3.840298899722882e-08,
                        -3.1149602664003364
                    ],
                    [
                        6.559729328393838e-09,
                        -2.4269815856499294e-08,
                        -1.0265472401113572e-07,
                        -3.840298899722882e-08,
                        1.0003394362985455e-06,
                        1.1584620983882821e-07
                    ],
                    [
                        0.961885046910169,
                        -1.3635205019341399,
                        1.7067841457292379,
                        -3.1149602664003364,
                        1.1584620983882821e-07,
                        3.9356403506120174
                    ]
                ]
            },
            "est_tgt": [
                4
            ],
            "oracle_est_tgt": [
                4
            ]
        },
        "5": {
            "intv_type": "do",
            "inode": 5,
            "new_mui": 1.0,
            "new_sigmai": 0.0,
            "true_params": {
                "Si": [
                    [
                        1.0,
                        -0.8996016709477681,
                        0.4816509351627036,
                        -1.146270517588138,
                        0.6866439863269241,
                        0.0
                    ],
                    [
                        -0.8996016709477681,
                        1.8092831663720164,
                        -0.9686986554161436,
                        1.5441542936347283,
                        -0.9249860686604103,
                        0.0
                    ],
                    [
                        0.4816509351627036,
                        -0.9686986554161436,
                        1.5186457832837097,
                        -1.784840334559349,
                        1.0691628751453766,
                        0.0
                    ],
                    [
                        -1.146270517588138,
                        1.5441542936347283,
                        -1.784840334559349,
                        3.4950137090309945,
                        -2.0935984208036347,
                        0.0
                    ],
                    [
                        0.6866439863269241,
                        -0.9249860686604103,
                        1.0691628751453766,
                        -2.0935984208036347,
                        2.254116496386138,
                        0.0
                    ],
                    [
                        0.0,
                        0.0,
                        0.0,
                        0.0,
                        0.0,
                        1e-09
                    ]
                ],
                "mui": [
                    0.0,
                    0.0,
                    0.0,
                    0.0,
                    0.0,
                    1.0
                ],
                "Ai": [
                    [
                        0.0,
                        0.0,
                        0.0,
                        0.0,
                        0.0,
                        0.0
                    ],
                    [
                        -0.8996016709477681,
                        0.0,
                        0.0,
                        0.0,
                        0.0,
                        0.0
                    ],
                    [
                        0.0,
                        -0.5354046693302205,
                        0.0,
                        0.0,
                        0.0,
                        0.0
                    ],
                    [
                        -0.6848041688257847,
                        0.0,
                        -0.9580929155810075,
                        0.0,
                        0.0,
                        0.0
                    ],
                    [
                        0.0,
                        0.0,
                        0.0,
                        -0.5990243801887954,
                        0.0,
                        0.0
                    ],
                    [
                        0.0,
                        0.0,
                        0.0,
                        0.0,
                        0.0,
                        0.0
                    ]
                ]
            },
            "est_params": {
                "mui": [
                    -0.1414275065443729,
                    0.1473884455350546,
                    -0.20015238239175157,
                    0.30386269470342614,
                    -0.23004962069717105,
                    1.0000005329865667
                ],
                "Si": [
                    [
                        1.069137352940021,
                        -0.966820447666408,
                        0.5323652123600173,
                        -1.2180929647025034,
                        0.6068947136486548,
                        -4.715639765578371e-07
                    ],
                    [
                        -0.966820447666408,
                        1.7376643774672569,
                        -0.9524492191741186,
                        1.6286134216872024,
                        -0.8314890528714659,
                        5.930300259028166e-08
                    ],
                    [
                        0.5323652123600172,
                        -0.9524492191741184,
                        1.5451262831853487,
                        -1.8543369990134193,
                        0.925233127907187,
                        -7.873068735512808e-07
                    ],
                    [
                        -1.2180929647025034,
                        1.6286134216872024,
                        -1.8543369990134193,
                        3.644932255876619,
                        -2.0951431228195916,
                        1.7266417236235464e-07
                    ],
                    [
                        0.6068947136486549,
                        -0.831489052871466,
                        0.925233127907187,
                        -2.0951431228195916,
                        2.3050850417572804,
                        9.011046089451841e-07
                    ],
                    [
                        -4.715639765578371e-07,
                        5.930300259028161e-08,
                        -7.873068735512807e-07,
                        1.7266417236235472e-07,
                        9.011046089451841e-07,
                        1.0009983305594086e-06
                    ]
                ]
            },
            "est_tgt": [
                5
            ],
            "oracle_est_tgt": [
                5
            ]
        },
        "obs": {
            "intv_type": "obs",
            "true_params": {
                "Si": [
                    [
                        1.0,
                        -0.8996016709477681,
                        0.4816509351627036,
                        -1.146270517588138,
                        0.6866439863269241,
                        1.101310522465851
                    ],
                    [
                        -0.8996016709477681,
                        1.8092831663720164,
                        -0.9686986554161436,
                        1.5441542936347283,
                        -0.9249860686604103,
                        -1.4835881633499215
                    ],
                    [
                        0.4816509351627036,
                        -0.9686986554161436,
                        1.5186457832837097,
                        -1.784840334559349,
                        1.0691628751453766,
                        1.7148338120984072
                    ],
                    [
                        -1.146270517588138,
                        1.5441542936347283,
                        -1.784840334559349,
                        3.4950137090309945,
                        -2.0935984208036347,
                        -3.357929314990233
                    ],
                    [
                        0.6866439863269241,
                        -0.9249860686604103,
                        1.0691628751453766,
                        -2.0935984208036347,
                        2.254116496386138,
                        2.0114815266298107
                    ],
                    [
                        1.101310522465851,
                        -1.4835881633499215,
                        1.7148338120984072,
                        -3.357929314990233,
                        2.0114815266298107,
                        4.226221761401046
                    ]
                ],
                "mui": [
                    0.0,
                    0.0,
                    0.0,
                    0.0,
                    0.0,
                    0.0
                ],
                "Ai": [
                    [
                        0.0,
                        0.0,
                        0.0,
                        0.0,
                        0.0,
                        0.0
                    ],
                    [
                        -0.8996016709477681,
                        0.0,
                        0.0,
                        0.0,
                        0.0,
                        0.0
                    ],
                    [
                        0.0,
                        -0.5354046693302205,
                        0.0,
                        0.0,
                        0.0,
                        0.0
                    ],
                    [
                        -0.6848041688257847,
                        0.0,
                        -0.9580929155810075,
                        0.0,
                        0.0,
                        0.0
                    ],
                    [
                        0.0,
                        0.0,
                        0.0,
