{
    "expt_args": {
        "save_dir": "all_expt_logs/expt_logs_11.05.24-sparsity_n6",
        "exp_name": "400",
        "num_nodes": 6,
        "obs_noise_mean": 0.0,
        "obs_noise_var": 1.0,
        "max_edge_strength": 1.0,
        "graph_sparsity_method": "adj_dense_prop",
        "adj_dense_prop": 0.4,
        "num_parents": null,
        "new_noise_mean": 1.0,
        "mix_samples": 1024,
        "stage2_samples": 1024,
        "gmm_tol": 0.001,
        "intv_type": "do",
        "new_noise_sigma": 0.0,
        "intv_targets": [
            0,
            1,
            2,
            3,
            4,
            5
        ]
    },
    "intv_args_dict": {
        "0": {
            "intv_type": "do",
            "inode": 0,
            "new_mui": 1.0,
            "new_sigmai": 0.0,
            "true_params": {
                "Si": [
                    [
                        1e-09,
                        -5.431195203473161e-10,
                        0.0,
                        3.503523809408818e-10,
                        -5.227187707307965e-10,
                        -3.570268430258382e-10
                    ],
                    [
                        -5.431195203473161e-10,
                        1.0000000002949787,
                        0.0,
                        -0.6450741833403147,
                        0.9624378268538708,
                        0.6573633054154282
                    ],
                    [
                        0.0,
                        0.0,
                        1.0,
                        0.0,
                        0.786116596020364,
                        0.4417504681507505
                    ],
                    [
                        3.503523809408818e-10,
                        -0.6450741833403147,
                        0.0,
                        1.4161207018894273,
                        -0.6208437949904522,
                        -1.128970950468318
                    ],
                    [
                        -5.227187707307965e-10,
                        0.9624378268538708,
                        0.786116596020364,
                        -0.6208437949904522,
                        2.5442658728246106,
                        0.30381703589066233
                    ],
                    [
                        -3.570268430258382e-10,
                        0.6573633054154282,
                        0.4417504681507505,
                        -1.128970950468318,
                        0.30381703589066233,
                        2.5813267049709383
                    ]
                ],
                "mui": [
                    1.0,
                    -0.543119520347316,
                    0.0,
                    0.3503523809408818,
                    -0.5227187707307965,
                    -0.3570268430258382
                ],
                "Ai": [
                    [
                        0.0,
                        0.0,
                        0.0,
                        0.0,
                        0.0,
                        0.0
                    ],
                    [
                        -0.543119520347316,
                        0.0,
                        0.0,
                        0.0,
                        0.0,
                        0.0
                    ],
                    [
                        0.0,
                        -0.0,
                        0.0,
                        0.0,
                        0.0,
                        0.0
                    ],
                    [
                        -0.0,
                        -0.6450741831500315,
                        -0.0,
                        0.0,
                        0.0,
                        0.0
                    ],
                    [
                        0.0,
                        0.962437826569972,
                        0.786116596020364,
                        -0.0,
                        0.0,
                        0.0
                    ],
                    [
                        -0.0,
                        0.8533608222136684,
                        0.9732609176360293,
                        -0.7049228531946561,
                        -0.6761216493532853,
                        0.0
                    ]
                ]
            },
            "est_params": {
                "mui": [
                    0.9999993414431909,
                    -0.6938715900725558,
                    0.09733720420793684,
                    0.4736450619270636,
                    -0.5068850531555275,
                    -0.5283185747142275
                ],
                "Si": [
                    [
                        1.0003220933728603e-06,
                        -1.362930865248672e-06,
                        -3.5515797649551494e-07,
                        8.0445439402776e-07,
                        -1.0511569300477405e-06,
                        -1.0676827226750374e-06
                    ],
                    [
                        -1.362930865248672e-06,
                        1.0694207176373456,
                        -0.013157008380104609,
                        -0.7691346334383214,
                        1.0186375767218858,
                        0.7593809577569876
                    ],
                    [
                        -3.5515797649551504e-07,
                        -0.013157008380104624,
                        1.1293120316680691,
                        0.03831977687203512,
                        0.9939012246395292,
                        0.259313194329523
                    ],
                    [
                        8.0445439402776e-07,
                        -0.7691346334383214,
                        0.03831977687203512,
                        1.4211292766590267,
                        -0.8668580113367315,
                        -1.0109929944216933
                    ],
                    [
                        -1.0511569300477407e-06,
                        1.0186375767218858,
                        0.9939012246395292,
                        -0.8668580113367315,
                        2.941155095663433,
                        0.20064443114264668
                    ],
                    [
                        -1.0676827226750374e-06,
                        0.7593809577569876,
                        0.259313194329523,
                        -1.0109929944216933,
                        0.20064443114264668,
                        2.330887515982072
                    ]
                ]
            },
            "est_tgt": [
                0
            ],
            "oracle_est_tgt": [
                0
            ]
        },
        "1": {
            "intv_type": "do",
            "inode": 1,
            "new_mui": 1.0,
            "new_sigmai": 0.0,
            "true_params": {
                "Si": [
                    [
                        1.0,
                        0.0,
                        0.0,
                        0.0,
                        0.0,
                        0.0
                    ],
                    [
                        0.0,
                        1e-09,
                        0.0,
                        -6.450741831500315e-10,
                        9.62437826569972e-10,
                        6.5736330522152e-10
                    ],
                    [
                        0.0,
                        0.0,
                        1.0,
                        0.0,
                        0.786116596020364,
                        0.4417504681507505
                    ],
                    [
                        0.0,
                        -6.450741831500315e-10,
                        0.0,
                        1.0000000004161207,
                        -6.208437948073164e-10,
                        -0.7049228536187042
                    ],
                    [
                        0.0,
                        9.62437826569972e-10,
                        0.786116596020364,
                        -6.208437948073164e-10,
                        1.6179793034649306,
                        -0.32885427440754383
                    ],
                    [
                        0.0,
                        6.5736330522152e-10,
                        0.4417504681507505,
                        -0.7049228536187042,
                        -0.32885427440754383,
                        2.1492001902238353
                    ]
                ],
                "mui": [
                    0.0,
                    1.0,
                    0.0,
                    -0.6450741831500315,
                    0.962437826569972,
                    0.65736330522152
                ],
                "Ai": [
                    [
                        0.0,
                        0.0,
                        0.0,
                        0.0,
                        0.0,
                        0.0
                    ],
                    [
                        0.0,
                        0.0,
                        0.0,
                        0.0,
                        0.0,
                        0.0
                    ],
                    [
                        0.0,
                        -0.0,
                        0.0,
                        0.0,
                        0.0,
                        0.0
                    ],
                    [
                        -0.0,
                        -0.6450741831500315,
                        -0.0,
                        0.0,
                        0.0,
                        0.0
                    ],
                    [
                        0.0,
                        0.962437826569972,
                        0.786116596020364,
                        -0.0,
                        0.0,
                        0.0
                    ],
                    [
                        -0.0,
                        0.8533608222136684,
                        0.9732609176360293,
                        -0.7049228531946561,
                        -0.6761216493532853,
                        0.0
                    ]
                ]
            },
            "est_params": {
                "mui": [
                    -0.034228059022174705,
                    0.9999958944052972,
                    0.04672292481550755,
                    -0.7605821710104129,
                    1.0558192783388,
                    0.7244690768777081
                ],
                "Si": [
                    [
                        1.0089900800164138,
                        -4.246186448501946e-06,
                        -0.014703839520209063,
                        -0.1462686859578823,
                        0.05692168840674196,
                        0.0715235070547202
                    ],
                    [
                        -4.246186448501945e-06,
                        1.0071409361005152e-06,
                        -1.7533150725635e-06,
                        -1.4145762389818283e-06,
                        -5.821356047817135e-07,
                        2.243834334263755e-06
                    ],
                    [
                        -0.014703839520209067,
                        -1.7533150725635004e-06,
                        0.8124905591306765,
                        -0.021050583845745673,
                        0.6867083301245261,
                        0.3772322604390226
                    ],
                    [
                        -0.14626868595788234,
                        -1.4145762389818283e-06,
                        -0.02105058384574566,
                        0.8938683844314047,
                        -0.12363700126609248,
                        -0.5286857189671564
                    ],
                    [
                        0.05692168840674196,
                        -5.821356047817131e-07,
                        0.6867083301245264,
                        -0.12363700126609248,
                        1.4624426458743756,
                        -0.079476806761686
                    ],
                    [
                        0.07152350705472019,
                        2.243834334263755e-06,
                        0.3772322604390226,
                        -0.5286857189671565,
                        -0.079476806761686,
                        1.628841909372245
                    ]
                ]
            },
            "est_tgt": [
                1
            ],
            "oracle_est_tgt": [
                1
            ]
        },
        "2": {
            "intv_type": "do",
            "inode": 2,
            "new_mui": 1.0,
            "new_sigmai": 0.0,
            "true_params": {
                "Si": [
                    [
                        1.0,
                        -0.543119520347316,
                        0.0,
                        0.3503523809408818,
                        -0.5227187707307965,
                        -0.3570268430258382
                    ],
                    [
                        -0.543119520347316,
                        1.2949788133822986,
                        0.0,
                        -0.8353574002391834,
                        1.246336594605821,
                        0.8512715529568298
                    ],
                    [
                        0.0,
                        0.0,
                        1e-09,
                        0.0,
                        7.86116596020364e-10,
                        4.417504681507505e-10
                    ],
                    [
                        0.3503523809408818,
                        -0.8353574002391834,
                        0.0,
                        1.5388674925976251,
                        -0.8039795606953418,
                        -1.2540561548571418
                    ],
                    [
                        -0.5227187707307965,
                        1.246336594605821,
                        7.86116596020364e-10,
                        -0.8039795606953418,
                        2.199521483905026,
                        0.14317429424259798
                    ],
                    [
                        -0.3570268430258382,
                        0.8512715529568298,
                        4.417504681507505e-10,
                        -1.2540561548571418,
                        0.14317429424259798,
                        2.5136513955682025
                    ]
                ],
                "mui": [
                    0.0,
                    0.0,
                    1.0,
                    0.0,
                    0.786116596020364,
                    0.4417504681507505
                ],
                "Ai": [
                    [
                        0.0,
                        0.0,
                        0.0,
                        0.0,
                        0.0,
                        0.0
                    ],
                    [
                        -0.543119520347316,
                        0.0,
                        0.0,
                        0.0,
                        0.0,
                        0.0
                    ],
                    [
                        0.0,
                        0.0,
                        0.0,
                        0.0,
                        0.0,
                        0.0
                    ],
                    [
                        -0.0,
                        -0.6450741831500315,
                        -0.0,
                        0.0,
                        0.0,
                        0.0
                    ],
                    [
                        0.0,
                        0.962437826569972,
                        0.786116596020364,
                        -0.0,
                        0.0,
                        0.0
                    ],
                    [
                        -0.0,
                        0.8533608222136684,
                        0.9732609176360293,
                        -0.7049228531946561,
                        -0.6761216493532853,
                        0.0
                    ]
                ]
            },
            "est_params": {
                "mui": [
                    -0.047243097911441316,
                    0.122535882853512,
                    1.000000000081724,
                    -0.0832315728759709,
                    0.7847628969372821,
                    0.5875664909293421
                ],
                "Si": [
                    [
                        1.0725783100240598,
                        -0.6602052022292361,
                        -4.7406924030580114e-11,
                        0.43066037331115004,
                        -0.6337600930855172,
                        -0.2601532385264324
                    ],
                    [
                        -0.6602052022292361,
                        1.4963223816168807,
                        1.213765474784154e-10,
                        -0.9008757895027226,
                        1.3879983111152077,
                        0.8689810628462348
                    ],
                    [
                        -4.740692403058011e-11,
                        1.213765474784154e-10,
                        1.0000000240328215e-06,
                        2.313454738713921e-12,
                        8.298281795494243e-11,
                        5.1036875838933e-11
                    ],
                    [
                        0.43066037331115004,
                        -0.9008757895027225,
                        2.313454738713936e-12,
                        1.6329394495112046,
                        -0.895541628453359,
                        -1.2330423782045243
                    ],
                    [
                        -0.6337600930855172,
                        1.3879983111152074,
                        8.298281795494246e-11,
                        -0.895541628453359,
                        2.2510741570731336,
                        0.09301241113002938
                    ],
                    [
                        -0.26015323852643246,
                        0.8689810628462348,
                        5.103687583893303e-11,
                        -1.2330423782045246,
                        0.09301241113002935,
                        2.6574596863862814
                    ]
                ]
            },
            "est_tgt": [
                2
            ],
            "oracle_est_tgt": [
                2,
                4
            ]
        },
        "3": {
            "intv_type": "do",
            "inode": 3,
            "new_mui": 1.0,
            "new_sigmai": 0.0,
            "true_params": {
                "Si": [
                    [
                        1.0,
                        -0.543119520347316,
                        0.0,
                        0.0,
                        -0.5227187707307965,
                        -0.1100554430294508
                    ],
                    [
                        -0.543119520347316,
                        1.2949788133822986,
                        0.0,
                        0.0,
                        1.246336594605821,
                        0.26240903094295437
                    ],
                    [
                        0.0,
                        0.0,
                        1.0,
                        0.0,
                        0.786116596020364,
                        0.4417504681507505
                    ],
                    [
                        0.0,
                        0.0,
                        0.0,
                        1e-09,
                        0.0,
                        -7.049228531946562e-10
                    ],
                    [
                        -0.5227187707307965,
                        1.246336594605821,
                        0.786116596020364,
                        0.0,
                        2.8175007858256906,
                        -0.07630189762714568
                    ],
                    [
                        -0.1100554430294508,
                        0.26240903094295437,
                        0.4417504681507505,
                        -7.049228531946562e-10,
                        -0.07630189762714568,
                        1.7054574177696837
                    ]
                ],
                "mui": [
                    0.0,
                    0.0,
                    0.0,
                    1.0,
                    0.0,
                    -0.7049228531946561
                ],
                "Ai": [
                    [
                        0.0,
                        0.0,
                        0.0,
                        0.0,
                        0.0,
                        0.0
                    ],
                    [
                        -0.543119520347316,
                        0.0,
                        0.0,
                        0.0,
                        0.0,
                        0.0
                    ],
                    [
                        0.0,
                        -0.0,
                        0.0,
                        0.0,
                        0.0,
                        0.0
                    ],
                    [
                        0.0,
                        0.0,
                        0.0,
                        0.0,
                        0.0,
                        0.0
                    ],
                    [
                        0.0,
                        0.962437826569972,
                        0.786116596020364,
                        -0.0,
                        0.0,
                        0.0
                    ],
                    [
                        -0.0,
                        0.8533608222136684,
                        0.9732609176360293,
                        -0.7049228531946561,
                        -0.6761216493532853,
                        0.0
                    ]
                ]
            },
            "est_params": {
                "mui": [
                    -0.08508151494623804,
                    -0.06296114069119223,
                    -0.08675162719939943,
                    1.0000000000341698,
                    -0.1888952733478224,
                    -0.794535892560568
                ],
                "Si": [
                    [
                        1.031632134760295,
                        -0.42275290379593455,
                        0.08212710532770251,
                        -2.9154967866896774e-11,
                        -0.2589031000615055,
                        -0.19366753634354417
                    ],
                    [
                        -0.42275290379593455,
                        1.0534306925403973,
                        -0.028014992028724678,
                        9.986376744244242e-11,
                        0.7067228774657526,
                        0.21256782755507336
                    ],
                    [
                        0.08212710532770251,
                        -0.028014992028724674,
                        1.0038310931371923,
                        7.06292526753403e-11,
                        0.7136775613574002,
                        0.46301196766738295
                    ],
                    [
                        -2.915496786689679e-11,
                        9.98637674424424e-11,
                        7.062925267534032e-11,
                        1.0000001510204977e-06,
                        1.2661211780708363e-10,
                        4.4330289260815904e-11
                    ],
                    [
                        -0.2589031000615055,
                        0.7067228774657527,
                        0.7136775613574003,
                        1.2661211780708358e-10,
                        2.1146296618747518,
                        -0.23584008121935024
                    ],
                    [
                        -0.19366753634354414,
                        0.21256782755507334,
                        0.46301196766738295,
                        4.4330289260815904e-11,
                        -0.23584008121935024,
                        1.6555385682323522
                    ]
                ]
            },
            "est_tgt": [
                3,
                5
            ],
            "oracle_est_tgt": [
                3,
                5
            ]
        },
        "4": {
            "intv_type": "do",
            "inode": 4,
            "new_mui": 1.0,
            "new_sigmai": 0.0,
            "true_params": {
                "Si": [
                    [
                        1.0,
                        -0.543119520347316,
                        0.0,
                        0.3503523809408818,
                        0.0,
                        -0.7104483204402662
                    ],
                    [
                        -0.543119520347316,
                        1.2949788133822986,
                        0.0,
                        -0.8353574002391834,
                        0.0,
                        1.6939467069510743
                    ],
                    [
                        0.0,
                        0.0,
                        1.0,
                        0.0,
                        0.0,
                        0.9732609176360293
                    ],
                    [
                        0.3503523809408818,
                        -0.8353574002391834,
                        0.0,
                        1.5388674925976251,
                        0.0,
                        -1.7976441414808062
                    ],
                    [
                        0.0,
                        0.0,
                        0.0,
                        0.0,
                        1e-09,
                        -6.761216493532854e-10
                    ],
                    [
                        -0.7104483204402662,
                        1.6939467069510743,
                        0.9732609176360293,
                        -1.7976441414808062,
                        -6.761216493532854e-10,
                        4.659985006126079
                    ]
                ],
                "mui": [
                    0.0,
                    0.0,
                    0.0,
                    0.0,
                    1.0,
                    -0.6761216493532853
                ],
                "Ai": [
                    [
                        0.0,
                        0.0,
                        0.0,
                        0.0,
                        0.0,
                        0.0
                    ],
                    [
                        -0.543119520347316,
                        0.0,
                        0.0,
                        0.0,
                        0.0,
                        0.0
                    ],
                    [
                        0.0,
                        -0.0,
                        0.0,
                        0.0,
                        0.0,
                        0.0
                    ],
                    [
                        -0.0,
                        -0.6450741831500315,
                        -0.0,
                        0.0,
                        0.0,
                        0.0
                    ],
                    [
                        0.0,
                        0.0,
                        0.0,
                        0.0,
                        0.0,
                        0.0
                    ],
                    [
                        -0.0,
                        0.8533608222136684,
                        0.9732609176360293,
                        -0.7049228531946561,
                        -0.6761216493532853,
                        0.0
                    ]
                ]
            },
            "est_params": {
                "mui": [
                    -0.06589419131966333,
                    0.1391820234885114,
                    -0.09102940374010353,
                    0.15780138116541903,
                    0.9999963937541434,
                    -0.7176822243444901
                ],
                "Si": [
                    [
                        0.9212834643975429,
                        -0.4517794365616878,
                        0.06705210170160623,
                        0.2493514159508168,
                        1.4670351798659215e-06,
                        -0.5673396529086152
                    ],
                    [
                        -0.4517794365616878,
                        1.2447312062672595,
                        -0.16339101622459304,
                        -0.8262696068815535,
                        1.0598575578119744e-07,
                        1.542553361011047
                    ],
                    [
                        0.06705210170160623,
                        -0.16339101622459307,
                        1.2562707846532135,
                        0.22738114243135557,
                        -3.934533835013044e-06,
                        0.8715605245162455
                    ],
                    [
                        0.2493514159508168,
                        -0.8262696068815536,
                        0.22738114243135563,
                        1.6030662205091935,
                        -6.595950085957489e-06,
                        -1.6637931719639265
                    ],
                    [
                        1.4670351798659215e-06,
                        1.0598575578119748e-07,
                        -3.934533835013044e-06,
                        -6.595950085957489e-06,
                        1.0050705493932693e-06,
                        -7.444704303227774e-06
                    ],
                    [
                        -0.5673396529086152,
                        1.542553361011047,
                        0.8715605245162458,
                        -1.6637931719639265,
                        -7.444704303227774e-06,
                        4.4403484461757845
                    ]
                ]
            },
            "est_tgt": [
                4
            ],
            "oracle_est_tgt": [
                2,
                4,
                5
            ]
        },
        "5": {
            "intv_type": "do",
            "inode": 5,
            "new_mui": 1.0,
            "new_sigmai": 0.0,
            "true_params": {
                "Si": [
                    [
                        1.0,
                        -0.543119520347316,
                        0.0,
                        0.3503523809408818,
                        -0.5227187707307965,
                        0.0
                    ],
                    [
                        -0.543119520347316,
                        1.2949788133822986,
                        0.0,
                        -0.8353574002391834,
                        1.246336594605821,
                        0.0
                    ],
                    [
                        0.0,
                        0.0,
                        1.0,
                        0.0,
                        0.786116596020364,
                        0.0
                    ],
                    [
                        0.3503523809408818,
                        -0.8353574002391834,
                        0.0,
                        1.5388674925976251,
                        -0.8039795606953418,
                        0.0
                    ],
                    [
                        -0.5227187707307965,
                        1.246336594605821,
                        0.786116596020364,
                        -0.8039795606953418,
                        2.8175007858256906,
                        0.0
                    ],
                    [
                        0.0,
                        0.0,
                        0.0,
                        0.0,
                        0.0,
                        1e-09
                    ]
                ],
                "mui": [
                    0.0,
                    0.0,
                    0.0,
                    0.0,
                    0.0,
                    1.0
                ],
                "Ai": [
                    [
                        0.0,
                        0.0,
                        0.0,
                        0.0,
                        0.0,
                        0.0
                    ],
                    [
                        -0.543119520347316,
                        0.0,
                        0.0,
                        0.0,
                        0.0,
                        0.0
                    ],
                    [
                        0.0,
                        -0.0,
                        0.0,
                        0.0,
                        0.0,
                        0.0
                    ],
                    [
                        -0.0,
                        -0.6450741831500315,
                        -0.0,
                        0.0,
                        0.0,
                        0.0
                    ],
                    [
                        0.0,
                        0.962437826569972,
                        0.786116596020364,
                        -0.0,
                        0.0,
                        0.0
                    ],
                    [
                        0.0,
                        0.0,
                        0.0,
                        0.0,
                        0.0,
                        0.0
                    ]
                ]
            },
            "est_params": {
                "mui": [
                    0.012722525451376896,
                    -0.038989465993142375,
                    -0.11377142849567565,
                    0.07977631144021338,
                    -0.017281425133985097,
                    1.0000009870706301
                ],
                "Si": [
                    [
                        0.8700854387825172,
                        -0.5233409401975403,
                        -0.18451906710835128,
                        0.400262557585743,
                        -0.6338195122650805,
                        -2.7409833005599515e-07
                    ],
                    [
                        -0.5233409401975403,
                        1.577031961385174,
                        0.10544787333524999,
                        -1.03960850437091,
                        1.631254338885751,
                        1.0249555308610843e-06
                    ],
                    [
                        -0.18451906710835128,
                        0.10544787333524996,
                        0.9360634250313009,
                        -0.25951301624877193,
                        0.927808883953406,
                        7.926525968351815e-07
                    ],
                    [
                        0.4002625575857431,
                        -1.03960850437091,
                        -0.25951301624877193,
                        1.6964711299859245,
                        -1.3022059356256326,
                        4.3593785764893185e-08
                    ],
                    [
                        -0.6338195122650805,
                        1.631254338885751,
                        0.927808883953406,
                        -1.3022059356256326,
                        3.3864352650969045,
                        1.1794932925770953e-06
                    ],
                    [
                        -2.7409833005599515e-07,
                        1.0249555308610841e-06,
                        7.926525968351815e-07,
                        4.359378576489317e-08,
                        1.1794932925770953e-06,
                        1.0018347188998688e-06
                    ]
                ]
            },
            "est_tgt": [
                1,
                3,
                5
            ],
            "oracle_est_tgt": [
                3,
                5
            ]
        },
        "obs": {
            "intv_type": "obs",
            "true_params": {
                "Si": [
                    [
                        1.0,
                        -0.543119520347316,
                        0.0,
                        0.3503523809408818,
                        -0.5227187707307965,
                        -0.3570268430258382
                    ],
                    [
                        -0.543119520347316,
                        1.2949788133822986,
                        0.0,
                        -0.8353574002391834,
                        1.246336594605821,
                        0.8512715529568298
                    ],
                    [
                        0.0,
                        0.0,
                        1.0,
                        0.0,
                        0.786116596020364,
                        0.4417504681507505
                    ],
                    [
                        0.3503523809408818,
                        -0.8353574002391834,
                        0.0,
                        1.5388674925976251,
                        -0.8039795606953418,
                        -1.2540561548571418
                    ],
                    [
                        -0.5227187707307965,
                        1.246336594605821,
                        0.786116596020364,
                        -0.8039795606953418,
                        2.8175007858256906,
                        0.49044166820840074
                    ],
                    [
                        -0.3570268430258382,
                        0.8512715529568298,
                        0.4417504681507505,
                        -1.2540561548571418,
                        0.49044166820840074,
                        2.7087948714844665
                    ]
                ],
                "mui": [
                    0.0,
                    0.0,
                    0.0,
                    0.0,
                    0.0,
                    0.0
                ],
                "Ai": [
                    [
                        0.0,
                        0.0,
                        0.0,
                        0.0,
                        0.0,
                        0.0
                    ],
                    [
                        -0.543119520347316,
                        0.0,
                        0.0,
                        0.0,
                        0.0,
                        0.0
                    ],
                    [
                        0.0,
                        -0.0,
                        0.0,
                        0.0,
                        0.0,
                        0.0
                    ],
                    [
                        -0.0,
                        -0.6450741831500315,
                        -0.0,
                        0.0,
                        0.0,
                        0.0
                    ],
                    [
                        0.0,
                        0.962437826569972,
                        0.786116596020364,
                        -0.0,
                        0.0,
                        0.0
                    ],
                    [
                        -0.0,
                        0.8533608222136684,
                        0.9732609176360293,
                        -0.7049228531946561,
