{
    "expt_args": {
        "save_dir": "all_expt_logs/expt_logs_11.05.24-sparsity_n6",
        "exp_name": "477",
        "num_nodes": 6,
        "obs_noise_mean": 0.0,
        "obs_noise_var": 1.0,
        "max_edge_strength": 1.0,
        "graph_sparsity_method": "adj_dense_prop",
        "adj_dense_prop": 0.6,
        "num_parents": null,
        "new_noise_mean": 1.0,
        "mix_samples": 32768,
        "stage2_samples": 32768,
        "gmm_tol": 0.001,
        "intv_type": "do",
        "new_noise_sigma": 0.0,
        "intv_targets": [
            0,
            1,
            2,
            3,
            4,
            5
        ]
    },
    "intv_args_dict": {
        "0": {
            "intv_type": "do",
            "inode": 0,
            "new_mui": 1.0,
            "new_sigmai": 0.0,
            "true_params": {
                "Si": [
                    [
                        1e-09,
                        -9.612485365805438e-10,
                        -3.25619701304945e-10,
                        -1.9384755763661638e-10,
                        3.62269833434017e-10,
                        -1.0082777695500058e-09
                    ],
                    [
                        -9.612485365805438e-10,
                        1.0000000009239987,
                        0.9423474409809486,
                        0.5609972281996508,
                        -1.0484133764419616,
                        -0.03443213380684248
                    ],
                    [
                        -3.25619701304945e-10,
                        0.9423474409809486,
                        1.888018699039458,
                        1.1239731874771017,
                        -2.1005246822605166,
                        -0.8138601497544521
                    ],
                    [
                        -1.9384755763661638e-10,
                        0.5609972281996508,
                        1.1239731874771017,
                        1.669122465158929,
                        -2.018422028903303,
                        -1.0238759574188627
                    ],
                    [
                        3.62269833434017e-10,
                        -1.0484133764419616,
                        -2.1005246822605166,
                        -2.018422028903303,
                        3.9266811494887417,
                        2.02202680173373
                    ],
                    [
                        -1.0082777695500058e-09,
                        -0.03443213380684248,
                        -0.8138601497544521,
                        -1.0238759574188627,
                        2.02202680173373,
                        2.3960199110282265
                    ]
                ],
                "mui": [
                    1.0,
                    -0.9612485365805437,
                    -0.325619701304945,
                    -0.19384755763661637,
                    0.362269833434017,
                    -1.0082777695500058
                ],
                "Ai": [
                    [
                        0.0,
                        0.0,
                        0.0,
                        0.0,
                        0.0,
                        0.0
                    ],
                    [
                        -0.9612485365805437,
                        0.0,
                        0.0,
                        0.0,
                        0.0,
                        0.0
                    ],
                    [
                        0.5802103969875398,
                        0.9423474406679471,
                        0.0,
                        0.0,
                        0.0,
                        0.0
                    ],
                    [
                        0.0,
                        -0.0,
                        0.5953188853738209,
                        0.0,
                        0.0,
                        0.0
                    ],
                    [
                        -0.0,
                        -0.0,
                        -0.655385825845332,
                        -0.7679400163597732,
                        0.0,
                        0.0
                    ],
                    [
                        -0.5879915944692973,
                        0.7019305151907524,
                        0.0,
                        -0.0,
                        0.7023590758736831,
                        0.0
                    ]
                ]
            },
            "est_params": {
                "mui": [
                    0.9999988687729601,
                    -0.96251509038241,
                    -0.33503661711197147,
                    -0.19728888914113996,
                    0.3459387504327206,
                    -1.0039711614892164
                ],
                "Si": [
                    [
                        1.018197524095494e-06,
                        -9.200961519682696e-07,
                        -1.292312330737899e-06,
                        -1.072324390454558e-06,
                        1.8596955267488854e-06,
                        1.9409652503573057e-06
                    ],
                    [
                        -9.200961519682694e-07,
                        0.9620244495272294,
                        0.9199097277343211,
                        0.5545524756756983,
                        -1.033559728970408,
                        -0.04999921418138699
                    ],
                    [
                        -1.292312330737899e-06,
                        0.9199097277343211,
                        1.8568008034982912,
                        1.093989729662087,
                        -2.046541965611708,
                        -0.7792652762180102
                    ],
                    [
                        -1.0723243904545586e-06,
                        0.5545524756756982,
                        1.093989729662087,
                        1.6159987466759267,
                        -1.9446868654907845,
                        -0.9840756302461132
                    ],
                    [
                        1.8596955267488854e-06,
                        -1.0335597289704082,
                        -2.046541965611708,
                        -1.9446868654907845,
                        3.8364828809716824,
                        1.9629701877735242
                    ],
                    [
                        1.9409652503573057e-06,
                        -0.04999921418138699,
                        -0.7792652762180102,
                        -0.9840756302461132,
                        1.9629701877735242,
                        2.3593199568873673
                    ]
                ]
            },
            "est_tgt": [
                0
            ],
            "oracle_est_tgt": [
                0
            ]
        },
        "1": {
            "intv_type": "do",
            "inode": 1,
            "new_mui": 1.0,
            "new_sigmai": 0.0,
            "true_params": {
                "Si": [
                    [
                        1.0,
                        0.0,
                        0.5802103969875398,
                        0.34541020681692436,
                        -0.6455159900675482,
                        -1.041375608714826
                    ],
                    [
                        0.0,
                        1e-09,
                        9.42347440667947e-10,
                        5.609972280133151e-10,
                        -1.0484133760937302e-09,
                        -3.443213477604801e-11
                    ],
                    [
                        0.5802103969875398,
                        9.42347440667947e-10,
                        1.3366441056604574,
                        0.7957294791232712,
                        -1.4870901102654526,
                        -1.3856300713778418
                    ],
                    [
                        0.34541020681692436,
                        5.609972280133151e-10,
                        0.7957294791232712,
                        1.4737127865707569,
                        -1.6532328432534347,
                        -1.3642613898499758
                    ],
                    [
                        -0.6455159900675482,
                        -1.0484133760937302e-09,
                        -1.4870901102654526,
                        -1.6532328432534347,
                        3.244201436717306,
                        2.6581522985601733
                    ],
                    [
                        -1.041375608714826,
                        -3.443213477604801e-11,
                        -1.3856300713778418,
                        -1.3642613898499758,
                        2.6581522985601733,
                        3.4792974965337264
                    ]
                ],
                "mui": [
                    0.0,
                    1.0,
                    0.9423474406679471,
                    0.5609972280133151,
                    -1.0484133760937302,
                    -0.03443213477604801
                ],
                "Ai": [
                    [
                        0.0,
                        0.0,
                        0.0,
                        0.0,
                        0.0,
                        0.0
                    ],
                    [
                        0.0,
                        0.0,
                        0.0,
                        0.0,
                        0.0,
                        0.0
                    ],
                    [
                        0.5802103969875398,
                        0.9423474406679471,
                        0.0,
                        0.0,
                        0.0,
                        0.0
                    ],
                    [
                        0.0,
                        -0.0,
                        0.5953188853738209,
                        0.0,
                        0.0,
                        0.0
                    ],
                    [
                        -0.0,
                        -0.0,
                        -0.655385825845332,
                        -0.7679400163597732,
                        0.0,
                        0.0
                    ],
                    [
                        -0.5879915944692973,
                        0.7019305151907524,
                        0.0,
                        -0.0,
                        0.7023590758736831,
                        0.0
                    ]
                ]
            },
            "est_params": {
                "mui": [
                    -0.008393753346204848,
                    1.0000003473567434,
                    0.9387197615039891,
                    0.5667594632695911,
                    -1.0601958216189622,
                    -0.03231491505215648
                ],
                "Si": [
                    [
                        1.0097423607545557,
                        1.2950022851162748e-06,
                        0.5929244916008491,
                        0.34410311189820825,
                        -0.6655888504710636,
                        -1.0569716895843793
                    ],
                    [
                        1.295002285116275e-06,
                        1.0143080871750988e-06,
                        1.4637903598115814e-06,
                        -1.8435867386805986e-06,
                        2.8733152260252535e-06,
                        1.0763397122333601e-06
                    ],
                    [
                        0.592924491600849,
                        1.4637903598115814e-06,
                        1.3750363002789026,
                        0.8156452212209301,
                        -1.5357990832195736,
                        -1.416492770330611
                    ],
                    [
                        0.34410311189820825,
                        -1.8435867386805986e-06,
                        0.81564522122093,
                        1.4748054663700776,
                        -1.6876904429349302,
                        -1.3913566656225584
                    ],
                    [
                        -0.6655888504710638,
                        2.8733152260252535e-06,
                        -1.5357990832195736,
                        -1.6876904429349302,
                        3.3366978249968673,
                        2.7418654082607676
                    ],
                    [
                        -1.0569716895843793,
                        1.07633971223336e-06,
                        -1.416492770330611,
                        -1.3913566656225584,
                        2.741865408260767,
                        3.5294924429030807
                    ]
                ]
            },
            "est_tgt": [
                1
            ],
            "oracle_est_tgt": [
                1
            ]
        },
        "2": {
            "intv_type": "do",
            "inode": 2,
            "new_mui": 1.0,
            "new_sigmai": 0.0,
            "true_params": {
                "Si": [
                    [
                        1.0,
                        -0.9612485365805437,
                        0.0,
                        0.0,
                        0.0,
                        -1.262721274977635
                    ],
                    [
                        -0.9612485365805437,
                        1.9239987490782369,
                        0.0,
                        0.0,
                        0.0,
                        1.9157194928721224
                    ],
                    [
                        0.0,
                        0.0,
                        1e-09,
                        5.95318885373821e-10,
                        -1.112555020418586e-09,
                        -7.814131159998246e-10
                    ],
                    [
                        0.0,
                        0.0,
                        5.95318885373821e-10,
                        1.0000000003544045,
                        -0.7679400170220981,
                        -0.5393696406820613
                    ],
                    [
                        0.0,
                        0.0,
                        -1.112555020418586e-09,
                        -0.7679400170220981,
                        1.5897318699644274,
                        1.1165626070751573
                    ],
                    [
                        -1.262721274977635,
                        1.9157194928721224,
                        -7.814131159998246e-10,
                        -0.5393696406820613,
                        1.1165626070751573,
                        3.8713993472975177
                    ]
                ],
                "mui": [
                    0.0,
                    0.0,
                    1.0,
                    0.5953188853738209,
                    -1.112555020418586,
                    -0.7814131159998245
                ],
                "Ai": [
                    [
                        0.0,
                        0.0,
                        0.0,
                        0.0,
                        0.0,
                        0.0
                    ],
                    [
                        -0.9612485365805437,
                        0.0,
                        0.0,
                        0.0,
                        0.0,
                        0.0
                    ],
                    [
                        0.0,
                        0.0,
                        0.0,
                        0.0,
                        0.0,
                        0.0
                    ],
                    [
                        0.0,
                        -0.0,
                        0.5953188853738209,
                        0.0,
                        0.0,
                        0.0
                    ],
                    [
                        -0.0,
                        -0.0,
                        -0.655385825845332,
                        -0.7679400163597732,
                        0.0,
                        0.0
                    ],
                    [
                        -0.5879915944692973,
                        0.7019305151907524,
                        0.0,
                        -0.0,
                        0.7023590758736831,
                        0.0
                    ]
                ]
            },
            "est_params": {
                "mui": [
                    0.018276312256135324,
                    -0.024663169205070612,
                    0.9999986204125383,
                    0.5856313986460192,
                    -1.0854370741320896,
                    -0.7701595670245912
                ],
                "Si": [
                    [
                        0.9755894161333997,
                        -0.9392589390676823,
                        2.3864210540391393e-06,
                        -0.003815504980321877,
                        0.020510762373875252,
                        -1.2104446801600948
                    ],
                    [
                        -0.9392589390676823,
                        1.9113304371565296,
                        -1.5107310039592861e-06,
                        -0.008846873119322054,
                        -0.0008953223929967274,
                        1.8947381363749063
                    ],
                    [
                        2.38642105403914e-06,
                        -1.510731003959287e-06,
                        1.00851982324762e-06,
                        4.821910553547737e-07,
                        -9.710687419998423e-07,
                        -4.390227291292013e-06
                    ],
                    [
                        -0.0038155049803218753,
                        -0.008846873119322052,
                        4.821910553547738e-07,
                        0.9871274797996968,
                        -0.7647995912084423,
                        -0.5457631000419085
                    ],
                    [
                        0.020510762373875245,
                        -0.0008953223929967305,
                        -9.710687419998423e-07,
                        -0.7647995912084423,
                        1.6067941125426144,
                        1.110857720115169
                    ],
                    [
                        -1.2104446801600948,
                        1.8947381363749063,
                        -4.390227291292013e-06,
                        -0.5457631000419085,
                        1.1108577201151693,
                        3.8013848173304097
                    ]
                ]
            },
            "est_tgt": [
                2
            ],
            "oracle_est_tgt": [
                2
            ]
        },
        "3": {
            "intv_type": "do",
            "inode": 3,
            "new_mui": 1.0,
            "new_sigmai": 0.0,
            "true_params": {
                "Si": [
                    [
                        1.0,
                        -0.9612485365805437,
                        -0.325619701304945,
                        0.0,
                        0.21340653685125172,
                        -1.1128332569693868
                    ],
                    [
                        -0.9612485365805437,
                        1.9239987490782369,
                        1.255348902029119,
                        0.0,
                        -0.8227378768803851,
                        1.3378620779801391
                    ],
                    [
                        -0.325619701304945,
                        1.255348902029119,
                        1.9940468888113516,
                        0.0,
                        -1.3068700669979427,
                        0.15473729636270267
                    ],
                    [
                        0.0,
                        0.0,
                        0.0,
                        1e-09,
                        -7.679400163597732e-10,
                        -5.393696402168713e-10
                    ],
                    [
                        0.21340653685125172,
                        -0.8227378768803851,
                        -1.3068700669979427,
                        -7.679400163597732e-10,
                        1.8565041187217228,
                        0.6009464455221428
                    ],
                    [
                        -1.1128332569693868,
                        1.3378620779801391,
                        0.15473729636270267,
                        -5.393696402168713e-10,
                        0.6009464455221428,
                        3.015503008921167
                    ]
                ],
                "mui": [
                    0.0,
                    0.0,
                    0.0,
                    1.0,
                    -0.7679400163597732,
                    -0.5393696402168713
                ],
                "Ai": [
                    [
                        0.0,
                        0.0,
                        0.0,
                        0.0,
                        0.0,
                        0.0
                    ],
                    [
                        -0.9612485365805437,
                        0.0,
                        0.0,
                        0.0,
                        0.0,
                        0.0
                    ],
                    [
                        0.5802103969875398,
                        0.9423474406679471,
                        0.0,
                        0.0,
                        0.0,
                        0.0
                    ],
                    [
                        0.0,
                        0.0,
                        0.0,
                        0.0,
                        0.0,
                        0.0
                    ],
                    [
                        -0.0,
                        -0.0,
                        -0.655385825845332,
                        -0.7679400163597732,
                        0.0,
                        0.0
                    ],
                    [
                        -0.5879915944692973,
                        0.7019305151907524,
                        0.0,
                        -0.0,
                        0.7023590758736831,
                        0.0
                    ]
                ]
            },
            "est_params": {
                "mui": [
                    -0.026794667215096525,
                    0.012955022007967174,
                    -0.00043426428265716814,
                    1.0000025849527414,
                    -0.7636423164616891,
                    -0.4833327206848323
                ],
                "Si": [
                    [
                        1.0105478818020805,
                        -0.9751948785046562,
                        -0.31585089234368025,
                        -3.206215715599884e-06,
                        0.16956450195667255,
                        -1.1536509581380299
                    ],
                    [
                        -0.9751948785046562,
                        1.8903264845899261,
                        1.1937398969265824,
                        3.598890294988385e-06,
                        -0.7473800764426664,
                        1.3738611521124169
                    ],
                    [
                        -0.3158508923436802,
                        1.1937398969265824,
                        1.9213810660086281,
                        2.9928920559948858e-06,
                        -1.2660964198650377,
                        0.15342208270804644
                    ],
                    [
                        -3.206215715599884e-06,
                        3.598890294988385e-06,
                        2.992892055994885e-06,
                        1.014117838638654e-06,
                        -1.3682093310706878e-06,
                        5.081213091185128e-06
                    ],
                    [
                        0.16956450195667258,
                        -0.7473800764426664,
                        -1.266096419865038,
                        -1.3682093310706882e-06,
                        1.83909689618847,
                        0.660562019114919
                    ],
                    [
                        -1.1536509581380299,
                        1.3738611521124169,
                        0.15342208270804644,
                        5.081213091185127e-06,
                        0.660562019114919,
                        3.0681581319366837
                    ]
                ]
            },
            "est_tgt": [
                1,
                3
            ],
            "oracle_est_tgt": [
                3
            ]
        },
        "4": {
            "intv_type": "do",
            "inode": 4,
            "new_mui": 1.0,
            "new_sigmai": 0.0,
            "true_params": {
                "Si": [
                    [
                        1.0,
                        -0.9612485365805437,
                        -0.325619701304945,
                        -0.19384755763661637,
                        0.0,
                        -1.262721274977635
                    ],
                    [
                        -0.9612485365805437,
                        1.9239987490782369,
                        1.255348902029119,
                        0.7473329091112252,
                        0.0,
                        1.9157194928721224
                    ],
                    [
                        -0.325619701304945,
                        1.255348902029119,
                        1.9940468888113516,
                        1.1870937712303093,
                        0.0,
                        1.0726293489063559
                    ],
                    [
                        -0.19384755763661637,
                        0.7473329091112252,
                        1.1870937712303093,
                        1.7066993407230333,
                        0.0,
                        0.6385565084101791
                    ],
                    [
                        0.0,
                        0.0,
                        0.0,
                        0.0,
                        1e-09,
                        7.023590758736831e-10
                    ],
                    [
                        -1.262721274977635,
                        1.9157194928721224,
                        1.0726293489063559,
                        0.6385565084101791,
                        7.023590758736831e-10,
                        3.087171466930408
                    ]
                ],
                "mui": [
                    0.0,
                    0.0,
                    0.0,
                    0.0,
                    1.0,
                    0.7023590758736831
                ],
                "Ai": [
                    [
                        0.0,
                        0.0,
                        0.0,
                        0.0,
                        0.0,
                        0.0
                    ],
                    [
                        -0.9612485365805437,
                        0.0,
                        0.0,
                        0.0,
                        0.0,
                        0.0
                    ],
                    [
                        0.5802103969875398,
                        0.9423474406679471,
                        0.0,
                        0.0,
                        0.0,
                        0.0
                    ],
                    [
                        0.0,
                        -0.0,
                        0.5953188853738209,
                        0.0,
                        0.0,
                        0.0
                    ],
                    [
                        0.0,
                        0.0,
                        0.0,
                        0.0,
                        0.0,
                        0.0
                    ],
                    [
                        -0.5879915944692973,
                        0.7019305151907524,
                        0.0,
                        -0.0,
                        0.7023590758736831,
                        0.0
                    ]
                ]
            },
            "est_params": {
                "mui": [
                    -0.01083411065786941,
                    -0.0064788486593535515,
                    -0.017252869366566875,
                    -0.02687370801363608,
                    1.0000018760769747,
                    0.6916122569739637
                ],
                "Si": [
                    [
                        0.9891438284352156,
                        -0.9593532512841915,
                        -0.3189373941556864,
                        -0.17046366499686616,
                        2.8042264029746136e-07,
                        -1.254648997201132
                    ],
                    [
                        -0.9593532512841915,
                        1.9148754494635913,
                        1.2167941366096118,
                        0.7090700645265614,
                        -8.664389572149424e-07,
                        1.8996242543284763
                    ],
                    [
                        -0.3189373941556864,
                        1.2167941366096118,
                        1.9604372353609971,
                        1.195731169699844,
                        -4.868077712774534e-07,
                        1.0063850813975586
                    ],
                    [
                        -0.17046366499686616,
                        0.7090700645265614,
                        1.195731169699844,
                        1.746211432388815,
                        -1.2933254589893857e-06,
                        0.5680323326721716
                    ],
                    [
                        2.804226402974613e-07,
                        -8.664389572149424e-07,
                        -4.868077712774535e-07,
                        -1.2933254589893861e-06,
                        1.0084569318697583e-06,
                        2.7488788074704837e-07
                    ],
                    [
                        -1.254648997201132,
                        1.8996242543284763,
                        1.0063850813975586,
                        0.5680323326721716,
                        2.748878807470483e-07,
                        3.1002182307162296
                    ]
                ]
            },
            "est_tgt": [
                4
            ],
            "oracle_est_tgt": [
                4
            ]
        },
        "5": {
            "intv_type": "do",
            "inode": 5,
            "new_mui": 1.0,
            "new_sigmai": 0.0,
            "true_params": {
                "Si": [
                    [
                        1.0,
                        -0.9612485365805437,
                        -0.325619701304945,
                        -0.19384755763661637,
                        0.362269833434017,
                        0.0
                    ],
                    [
                        -0.9612485365805437,
                        1.9239987490782369,
                        1.255348902029119,
                        0.7473329091112252,
                        -1.3966447233294563,
                        0.0
                    ],
                    [
                        -0.325619701304945,
                        1.255348902029119,
                        1.9940468888113516,
                        1.1870937712303093,
                        -2.2184868770971313,
                        0.0
                    ],
                    [
                        -0.19384755763661637,
                        0.7473329091112252,
                        1.1870937712303093,
                        1.7066993407230333,
                        -2.088647151249686,
                        0.0
                    ],
                    [
                        0.362269833434017,
                        -1.3966447233294563,
                        -2.2184868770971313,
                        -2.088647151249686,
                        4.057920581573812,
                        0.0
                    ],
                    [
                        0.0,
                        0.0,
                        0.0,
                        0.0,
                        0.0,
                        1e-09
                    ]
                ],
                "mui": [
                    0.0,
                    0.0,
                    0.0,
                    0.0,
                    0.0,
                    1.0
                ],
                "Ai": [
                    [
                        0.0,
                        0.0,
                        0.0,
                        0.0,
                        0.0,
                        0.0
                    ],
                    [
                        -0.9612485365805437,
                        0.0,
                        0.0,
                        0.0,
                        0.0,
                        0.0
                    ],
                    [
                        0.5802103969875398,
                        0.9423474406679471,
                        0.0,
                        0.0,
                        0.0,
                        0.0
                    ],
                    [
                        0.0,
                        -0.0,
                        0.5953188853738209,
                        0.0,
                        0.0,
                        0.0
                    ],
                    [
                        -0.0,
                        -0.0,
                        -0.655385825845332,
                        -0.7679400163597732,
                        0.0,
                        0.0
                    ],
                    [
                        0.0,
                        0.0,
                        0.0,
                        0.0,
                        0.0,
                        0.0
                    ]
                ]
            },
            "est_params": {
                "mui": [
                    0.02152621052349841,
                    -0.019701612811750993,
                    -0.004609846687504289,
                    0.010529441625901364,
                    0.008022923353809247,
                    0.9999983537337547
                ],
                "Si": [
                    [
                        0.9957724861813468,
                        -0.9468317641667913,
                        -0.3248481632066688,
                        -0.1893493551148916,
                        0.3632829747037911,
                        7.007598057558905e-07
                    ],
                    [
                        -0.9468317641667913,
                        1.9031188495310354,
                        1.241639240057938,
                        0.7455717850042141,
                        -1.3714530232264077,
                        -7.515096849515079e-07
                    ],
                    [
                        -0.3248481632066688,
                        1.2416392400579381,
                        1.991464410139146,
                        1.1953866181506,
                        -2.1881871043603316,
                        -1.2684128960569812e-06
                    ],
                    [
                        -0.1893493551148916,
                        0.7455717850042141,
                        1.1953866181506,
                        1.6761416964860958,
                        -2.03519504309244,
                        -1.8723617033866307e-06
                    ],
                    [
                        0.36328297470379123,
                        -1.3714530232264077,
                        -2.1881871043603316,
                        -2.03519504309244,
                        3.9942823358393618,
                        1.0851110420260598e-06
                    ],
                    [
                        7.007598057558903e-07,
                        -7.51509684951508e-07,
                        -1.2684128960569812e-06,
                        -1.8723617033866307e-06,
                        1.0851110420260598e-06,
                        1.010315348576918e-06
                    ]
                ]
            },
            "est_tgt": [
                5
            ],
            "oracle_est_tgt": [
                5
            ]
        },
        "obs": {
            "intv_type": "obs",
            "true_params": {
                "Si": [
                    [
                        1.0,
                        -0.9612485365805437,
                        -0.325619701304945,
                        -0.19384755763661637,
                        0.362269833434017,
                        -1.0082777695500058
                    ],
                    [
                        -0.9612485365805437,
                        1.9239987490782369,
                        1.255348902029119,
                        0.7473329091112252,
                        -1.3966447233294563,
                        0.9347733956705897
                    ],
                    [
                        -0.325619701304945,
                        1.255348902029119,
                        1.9940468888113516,
                        1.1870937712303093,
                        -2.2184868770971313,
                        -0.4855450439294781
                    ],
                    [
                        -0.19384755763661637,
                        0.7473329091112252,
                        1.1870937712303093,
                        1.7066993407230333,
                        -2.088647151249686,
                        -0.8284237745677512
                    ],
                    [
                        0.362269833434017,
                        -1.3966447233294563,
                        -2.2184868770971313,
                        -2.088647151249686,
                        4.057920581573812,
                        1.656758182468896
                    ],
                    [
                        -1.0082777695500058,
                        0.9347733956705897,
                        -0.4855450439294781,
                        -0.8284237745677512,
                        1.656758182468896,
                        3.412643970580337
                    ]
                ],
                "mui": [
                    0.0,
                    0.0,
                    0.0,
                    0.0,
                    0.0,
                    0.0
                ],
                "Ai": [
                    [
                        0.0,
                        0.0,
                        0.0,
                        0.0,
                        0.0,
                        0.0
                    ],
                    [
                        -0.9612485365805437,
                        0.0,
                        0.0,
                        0.0,
                        0.0,
                        0.0
                    ],
                    [
                        0.5802103969875398,
                        0.9423474406679471,
                        0.0,
                        0.0,
                        0.0,
