{
    "expt_args": {
        "save_dir": "all_expt_logs/expt_logs_11.05.24-sparsity_n6",
        "exp_name": "476",
        "num_nodes": 6,
        "obs_noise_mean": 0.0,
        "obs_noise_var": 1.0,
        "max_edge_strength": 1.0,
        "graph_sparsity_method": "adj_dense_prop",
        "adj_dense_prop": 0.6,
        "num_parents": null,
        "new_noise_mean": 1.0,
        "mix_samples": 16384,
        "stage2_samples": 16384,
        "gmm_tol": 0.001,
        "intv_type": "do",
        "new_noise_sigma": 0.0,
        "intv_targets": [
            0,
            1,
            2,
            3,
            4,
            5
        ]
    },
    "intv_args_dict": {
        "0": {
            "intv_type": "do",
            "inode": 0,
            "new_mui": 1.0,
            "new_sigmai": 0.0,
            "true_params": {
                "Si": [
                    [
                        1e-09,
                        6.255428484547556e-10,
                        5.380176971423388e-10,
                        -7.215271911982718e-11,
                        2.9922580176210167e-10,
                        1.9671016190943814e-10
                    ],
                    [
                        6.255428484547556e-10,
                        1.0000000003913039,
                        0.8600812856895462,
                        0.798422573131625,
                        -0.5047958633669402,
                        -0.18021674481918293
                    ],
                    [
                        5.380176971423388e-10,
                        0.8600812856895462,
                        1.7397398177039198,
                        0.6867083129538921,
                        -1.0210819352874505,
                        0.41919057208016197
                    ],
                    [
                        -7.215271911982718e-11,
                        0.798422573131625,
                        0.6867083129538921,
                        1.637478605363404,
                        -0.40304041232945387,
                        -0.14388911724051107
                    ],
                    [
                        2.9922580176210167e-10,
                        -0.5047958633669402,
                        -1.0210819352874505,
                        -0.40304041232945387,
                        1.599289795300765,
                        0.2571325021947001
                    ],
                    [
                        1.9671016190943814e-10,
                        -0.18021674481918293,
                        0.41919057208016197,
                        -0.14388911724051107,
                        0.2571325021947001,
                        1.615346442791879
                    ]
                ],
                "mui": [
                    1.0,
                    0.6255428484547555,
                    0.5380176971423387,
                    -0.07215271911982718,
                    0.2992258017621017,
                    0.19671016190943813
                ],
                "Ai": [
                    [
                        0.0,
                        0.0,
                        0.0,
                        0.0,
                        0.0,
                        0.0
                    ],
                    [
                        0.6255428484547555,
                        0.0,
                        0.0,
                        0.0,
                        0.0,
                        0.0
                    ],
                    [
                        0.0,
                        0.8600812853529931,
                        0.0,
                        0.0,
                        0.0,
                        0.0
                    ],
                    [
                        -0.5716002498153928,
                        0.7984225731767596,
                        -0.0,
                        0.0,
                        0.0,
                        0.0
                    ],
                    [
                        0.6149972441379232,
                        0.0,
                        -0.5869164602819387,
                        0.0,
                        0.0,
                        0.0
                    ],
                    [
                        0.0,
                        -0.6740682128923658,
                        0.869505886324468,
                        -0.0,
                        0.5031623488225734,
                        0.0
                    ]
                ]
            },
            "est_params": {
                "mui": [
                    0.9999987354570967,
                    0.6358581755683074,
                    0.5305005843535959,
                    -0.04174353632392818,
                    0.30748141157309333,
                    0.21227316713949765
                ],
                "Si": [
                    [
                        1.0120291307986814e-06,
                        -1.9853878485806106e-06,
                        -4.909541715761235e-06,
                        -3.175341124016754e-06,
                        2.74283017524885e-06,
                        -3.7988491721873027e-06
                    ],
                    [
                        -1.9853878485806106e-06,
                        0.9928452574037485,
                        0.8742452750941054,
                        0.7563565854576626,
                        -0.5069056438305228,
                        -0.17153724440473575
                    ],
                    [
                        -4.909541715761237e-06,
                        0.8742452750941054,
                        1.7955772771479517,
                        0.6686000733453195,
                        -1.058402755058816,
                        0.4068883941231797
                    ],
                    [
                        -3.175341124016754e-06,
                        0.7563565854576626,
                        0.6686000733453195,
                        1.5695936140560156,
                        -0.4162526201392462,
                        -0.16939022924899066
                    ],
                    [
                        2.74283017524885e-06,
                        -0.5069056438305228,
                        -1.058402755058816,
                        -0.41625262013924613,
                        1.627392450340893,
                        0.23324862555544376
                    ],
                    [
                        -3.7988491721873023e-06,
                        -0.17153724440473575,
                        0.4068883941231798,
                        -0.16939022924899066,
                        0.23324862555544376,
                        1.5372332192389473
                    ]
                ]
            },
            "est_tgt": [
                0
            ],
            "oracle_est_tgt": [
                0
            ]
        },
        "1": {
            "intv_type": "do",
            "inode": 1,
            "new_mui": 1.0,
            "new_sigmai": 0.0,
            "true_params": {
                "Si": [
                    [
                        1.0,
                        0.0,
                        0.0,
                        -0.5716002498153928,
                        0.6149972441379232,
                        0.30944345787984706
                    ],
                    [
                        0.0,
                        1e-09,
                        8.600812853529932e-10,
                        7.984225731767596e-10,
                        -5.047958635541188e-10,
                        -1.8021674494223356e-10
                    ],
                    [
                        0.0,
                        8.600812853529932e-10,
                        1.0000000007397398,
                        6.867083129927116e-10,
                        -0.5869164607161041,
                        0.5741916214513761
                    ],
                    [
                        -0.5716002498153928,
                        7.984225731767596e-10,
                        6.867083129927117e-10,
                        1.326726846226498,
                        -0.3515325787880555,
                        -0.17687795797174868
                    ],
                    [
                        0.6149972441379232,
                        -5.047958635541188e-10,
                        -0.5869164607161041,
                        -0.3515325787880555,
                        1.7226925419019397,
                        0.35646670864940033
                    ],
                    [
                        0.30944345787984706,
                        -1.8021674494223356e-10,
                        0.5741916214513761,
                        -0.17687795797174868,
                        0.35646670864940033,
                        1.6786236212527248
                    ]
                ],
                "mui": [
                    0.0,
                    1.0,
                    0.8600812853529931,
                    0.7984225731767596,
                    -0.5047958635541188,
                    -0.18021674494223355
                ],
                "Ai": [
                    [
                        0.0,
                        0.0,
                        0.0,
                        0.0,
                        0.0,
                        0.0
                    ],
                    [
                        0.0,
                        0.0,
                        0.0,
                        0.0,
                        0.0,
                        0.0
                    ],
                    [
                        0.0,
                        0.8600812853529931,
                        0.0,
                        0.0,
                        0.0,
                        0.0
                    ],
                    [
                        -0.5716002498153928,
                        0.7984225731767596,
                        -0.0,
                        0.0,
                        0.0,
                        0.0
                    ],
                    [
                        0.6149972441379232,
                        0.0,
                        -0.5869164602819387,
                        0.0,
                        0.0,
                        0.0
                    ],
                    [
                        0.0,
                        -0.6740682128923658,
                        0.869505886324468,
                        -0.0,
                        0.5031623488225734,
                        0.0
                    ]
                ]
            },
            "est_params": {
                "mui": [
                    0.011773936495548053,
                    0.9999997225861009,
                    0.8473206951556523,
                    0.7758024931747214,
                    -0.49895011031977365,
                    -0.15487132041822976
                ],
                "Si": [
                    [
                        0.9893726284469618,
                        1.3885926249607423e-07,
                        -0.04177152083232983,
                        -0.552190818292268,
                        0.6445225240300988,
                        0.26464837166705407
                    ],
                    [
                        1.3885926249607378e-07,
                        1.0130914376247438e-06,
                        1.1959017645215407e-06,
                        -1.262854485022541e-06,
                        -3.435952815580949e-06,
                        2.1299084167136187e-06
                    ],
                    [
                        -0.04177152083232982,
                        1.1959017645215407e-06,
                        1.006964709320127,
                        0.020183937241023093,
                        -0.6088618434440326,
                        0.5444611002783925
                    ],
                    [
                        -0.552190818292268,
                        -1.262854485022541e-06,
                        0.020183937241023093,
                        1.2676865579373244,
                        -0.3645330562871516,
                        -0.1599151382889119
                    ],
                    [
                        0.6445225240300988,
                        -3.4359528155809497e-06,
                        -0.6088618434440327,
                        -0.36453305628715155,
                        1.7908074618730287,
                        0.37742890712483096
                    ],
                    [
                        0.26464837166705407,
                        2.1299084167136182e-06,
                        0.5444611002783925,
                        -0.15991513828891188,
                        0.37742890712483096,
                        1.6399022916326411
                    ]
                ]
            },
            "est_tgt": [
                1,
                3
            ],
            "oracle_est_tgt": [
                1,
                3
            ]
        },
        "2": {
            "intv_type": "do",
            "inode": 2,
            "new_mui": 1.0,
            "new_sigmai": 0.0,
            "true_params": {
                "Si": [
                    [
                        1.0,
                        0.6255428484547555,
                        0.0,
                        -0.07215271911982718,
                        0.6149972441379232,
                        -0.11221509206565
                    ],
                    [
                        0.6255428484547555,
                        1.3913038552528891,
                        0.0,
                        0.753287955734787,
                        0.38470712788986117,
                        -0.7442635612227252
                    ],
                    [
                        0.0,
                        0.0,
                        1e-09,
                        0.0,
                        -5.869164602819387e-10,
                        5.741916216063772e-10
                    ],
                    [
                        -0.07215271911982718,
                        0.753287955734787,
                        0.0,
                        1.6426846202345828,
                        -0.04437372341575136,
                        -0.5300946530153642
                    ],
                    [
                        0.6149972441379232,
                        0.38470712788986117,
                        -5.869164602819387e-10,
                        -0.04437372341575136,
                        1.3782216106417113,
                        0.4341503761145128
                    ],
                    [
                        -0.11221509206565,
                        -0.7442635612227252,
                        5.741916216063772e-10,
                        -0.5300946530153642,
                        0.4341503761145128,
                        1.7201325321215553
                    ]
                ],
                "mui": [
                    0.0,
                    0.0,
                    1.0,
                    0.0,
                    -0.5869164602819387,
                    0.5741916216063772
                ],
                "Ai": [
                    [
                        0.0,
                        0.0,
                        0.0,
                        0.0,
                        0.0,
                        0.0
                    ],
                    [
                        0.6255428484547555,
                        0.0,
                        0.0,
                        0.0,
                        0.0,
                        0.0
                    ],
                    [
                        0.0,
                        0.0,
                        0.0,
                        0.0,
                        0.0,
                        0.0
                    ],
                    [
                        -0.5716002498153928,
                        0.7984225731767596,
                        -0.0,
                        0.0,
                        0.0,
                        0.0
                    ],
                    [
                        0.6149972441379232,
                        0.0,
                        -0.5869164602819387,
                        0.0,
                        0.0,
                        0.0
                    ],
                    [
                        0.0,
                        -0.6740682128923658,
                        0.869505886324468,
                        -0.0,
                        0.5031623488225734,
                        0.0
                    ]
                ]
            },
            "est_params": {
                "mui": [
                    -0.01635591766488474,
                    -0.02583550609534211,
                    0.9999989155471871,
                    -0.035980626421755355,
                    -0.6145083930808111,
                    0.5808420854094921
                ],
                "Si": [
                    [
                        1.0544395335021048,
                        0.7072332513309769,
                        1.680625100300752e-07,
                        -0.016001952443393506,
                        0.6847363130213333,
                        -0.13607574731704541
                    ],
                    [
                        0.7072332513309769,
                        1.456450117360603,
                        -1.1444876475201737e-06,
                        0.812025000898455,
                        0.48547783482571943,
                        -0.7466727711572156
                    ],
                    [
                        1.680625100300755e-07,
                        -1.1444876475201737e-06,
                        1.009163442719382e-06,
                        -1.7913923791365577e-06,
                        -2.1437418444540097e-06,
                        4.3437669185524924e-07
                    ],
                    [
                        -0.016001952443393513,
                        0.812025000898455,
                        -1.7913923791365577e-06,
                        1.668445487927781,
                        -0.024967987127495872,
                        -0.549737734135584
                    ],
                    [
                        0.6847363130213333,
                        0.48547783482571943,
                        -2.1437418444540097e-06,
                        -0.02496798712749588,
                        1.442336619019179,
                        0.41361866919515844
                    ],
                    [
                        -0.13607574731704541,
                        -0.7466727711572156,
                        4.3437669185524924e-07,
                        -0.549737734135584,
                        0.41361866919515855,
                        1.7131173716071797
                    ]
                ]
            },
            "est_tgt": [
                2
            ],
            "oracle_est_tgt": [
                2
            ]
        },
        "3": {
            "intv_type": "do",
            "inode": 3,
            "new_mui": 1.0,
            "new_sigmai": 0.0,
            "true_params": {
                "Si": [
                    [
                        1.0,
                        0.6255428484547555,
                        0.5380176971423387,
                        0.0,
                        0.2992258017621017,
                        0.19671016190943813
                    ],
                    [
                        0.6255428484547555,
                        1.3913038552528891,
                        1.1966344081424796,
                        0.0,
                        -0.3176173031886957,
                        -0.057166109941407486
                    ],
                    [
                        0.5380176971423387,
                        1.1966344081424796,
                        2.029202859852802,
                        0.0,
                        -0.8600931586588234,
                        0.5250241202893409
                    ],
                    [
                        0.0,
                        0.0,
                        0.0,
                        1e-09,
                        0.0,
                        0.0
                    ],
                    [
                        0.2992258017621017,
                        -0.3176173031886957,
                        -0.8600931586588234,
                        0.0,
                        1.6888258756514016,
                        0.31599325804794376
                    ],
                    [
                        0.19671016190943813,
                        -0.057166109941407486,
                        0.5250241202893409,
                        0.0,
                        0.31599325804794376,
                        1.6540413305516215
                    ]
                ],
                "mui": [
                    0.0,
                    0.0,
                    0.0,
                    1.0,
                    0.0,
                    0.0
                ],
                "Ai": [
                    [
                        0.0,
                        0.0,
                        0.0,
                        0.0,
                        0.0,
                        0.0
                    ],
                    [
                        0.6255428484547555,
                        0.0,
                        0.0,
                        0.0,
                        0.0,
                        0.0
                    ],
                    [
                        0.0,
                        0.8600812853529931,
                        0.0,
                        0.0,
                        0.0,
                        0.0
                    ],
                    [
                        0.0,
                        0.0,
                        0.0,
                        0.0,
                        0.0,
                        0.0
                    ],
                    [
                        0.6149972441379232,
                        0.0,
                        -0.5869164602819387,
                        0.0,
                        0.0,
                        0.0
                    ],
                    [
                        0.0,
                        -0.6740682128923658,
                        0.869505886324468,
                        -0.0,
                        0.5031623488225734,
                        0.0
                    ]
                ]
            },
            "est_params": {
                "mui": [
                    0.01891131759479971,
                    0.02354894996233426,
                    -0.010706364946344612,
                    0.9999986359342213,
                    0.0087376587920437,
                    -0.022583642359779433
                ],
                "Si": [
                    [
                        0.9925723032998498,
                        0.638102006093003,
                        0.5985583786786813,
                        8.443130207863735e-07,
                        0.2716768339662197,
                        0.19292435795679763
                    ],
                    [
                        0.638102006093003,
                        1.4210502095023307,
                        1.2541988975240224,
                        1.413827547615186e-06,
                        -0.3159229393053956,
                        -0.019808096803074392
                    ],
                    [
                        0.5985583786786814,
                        1.2541988975240224,
                        2.1655857866157033,
                        1.1666800985883023e-06,
                        -0.8709738277895266,
                        0.6094791601068645
                    ],
                    [
                        8.443130207863733e-07,
                        1.413827547615186e-06,
                        1.1666800985883023e-06,
                        1.0152280501108554e-06,
                        -2.473755087184538e-06,
                        -4.545820046349695e-06
                    ],
                    [
                        0.27167683396621967,
                        -0.3159229393053956,
                        -0.8709738277895266,
                        -2.4737550871845386e-06,
                        1.6730948246618063,
                        0.28512400002382227
                    ],
                    [
                        0.19292435795679763,
                        -0.01980809680307438,
                        0.6094791601068645,
                        -4.5458200463496965e-06,
                        0.2851240000238223,
                        1.7796622083737978
                    ]
                ]
            },
            "est_tgt": [
                1,
                3
            ],
            "oracle_est_tgt": [
                1,
                3
            ]
        },
        "4": {
            "intv_type": "do",
            "inode": 4,
            "new_mui": 1.0,
            "new_sigmai": 0.0,
            "true_params": {
                "Si": [
                    [
                        1.0,
                        0.6255428484547555,
                        0.5380176971423387,
                        -0.07215271911982718,
                        0.0,
                        0.04615100466650136
                    ],
                    [
                        0.6255428484547555,
                        1.3913038552528891,
                        1.1966344081424796,
                        0.753287955734787,
                        0.0,
                        0.10264695835770808
                    ],
                    [
                        0.5380176971423387,
                        1.1966344081424796,
                        2.029202859852802,
                        0.6478888732093041,
                        0.0,
                        0.9577906142063407
                    ],
                    [
                        -0.07215271911982718,
                        0.753287955734787,
                        0.6478888732093041,
                        1.6426846202345828,
                        0.0,
                        0.055575722824125436
                    ],
                    [
                        0.0,
                        0.0,
                        0.0,
                        0.0,
                        1e-09,
                        5.031623488225734e-10
                    ],
                    [
                        0.04615100466650136,
                        0.10264695835770808,
                        0.9577906142063407,
                        0.055575722824125436,
                        5.031623488225734e-10,
                        1.763613525392896
                    ]
                ],
                "mui": [
                    0.0,
                    0.0,
                    0.0,
                    0.0,
                    1.0,
                    0.5031623488225734
                ],
                "Ai": [
                    [
                        0.0,
                        0.0,
                        0.0,
                        0.0,
                        0.0,
                        0.0
                    ],
                    [
                        0.6255428484547555,
                        0.0,
                        0.0,
                        0.0,
                        0.0,
                        0.0
                    ],
                    [
                        0.0,
                        0.8600812853529931,
                        0.0,
                        0.0,
                        0.0,
                        0.0
                    ],
                    [
                        -0.5716002498153928,
                        0.7984225731767596,
                        -0.0,
                        0.0,
                        0.0,
                        0.0
                    ],
                    [
                        0.0,
                        0.0,
                        0.0,
                        0.0,
                        0.0,
                        0.0
                    ],
                    [
                        0.0,
                        -0.6740682128923658,
                        0.869505886324468,
                        -0.0,
                        0.5031623488225734,
                        0.0
                    ]
                ]
            },
            "est_params": {
                "mui": [
                    0.014619560718177483,
                    -0.01768940789892683,
                    -0.01560085565265207,
                    -0.012082982436268255,
                    1.000000454212625,
                    0.4888947185452415
                ],
                "Si": [
                    [
                        1.03399824534004,
                        0.6697790520679717,
                        0.5833510919652611,
                        -0.04000498073095347,
                        1.1224914410962325e-06,
                        0.06519746030938944
                    ],
                    [
                        0.6697790520679717,
                        1.4218608955315555,
                        1.2580965551172636,
                        0.7791188248605784,
                        -1.647283098609919e-07,
                        0.12416652670422396
                    ],
                    [
                        0.5833510919652611,
                        1.2580965551172636,
                        2.1257013961183624,
                        0.7285453476260868,
                        9.879096001312376e-07,
                        1.038287637667947
                    ],
                    [
                        -0.04000498073095347,
                        0.7791188248605784,
                        0.7285453476260868,
                        1.693816714935911,
                        -1.0163541509358198e-06,
                        0.11147242787076385
                    ],
                    [
                        1.122491441096233e-06,
                        -1.6472830986099213e-07,
                        9.87909600131238e-07,
                        -1.0163541509358198e-06,
                        1.0104876036513435e-06,
                        3.2842832600580356e-06
                    ],
                    [
                        0.06519746030938946,
                        0.12416652670422396,
                        1.038287637667947,
                        0.11147242787076385,
                        3.284283260058036e-06,
                        1.9040936580301535
                    ]
                ]
            },
            "est_tgt": [
                4
            ],
            "oracle_est_tgt": [
                4
            ]
        },
        "5": {
            "intv_type": "do",
            "inode": 5,
            "new_mui": 1.0,
            "new_sigmai": 0.0,
            "true_params": {
                "Si": [
                    [
                        1.0,
                        0.6255428484547555,
                        0.5380176971423387,
                        -0.07215271911982718,
                        0.2992258017621017,
                        0.0
                    ],
                    [
                        0.6255428484547555,
                        1.3913038552528891,
                        1.1966344081424796,
                        0.753287955734787,
                        -0.3176173031886957,
                        0.0
                    ],
                    [
                        0.5380176971423387,
                        1.1966344081424796,
                        2.029202859852802,
                        0.6478888732093041,
                        -0.8600931586588234,
                        0.0
                    ],
                    [
                        -0.07215271911982718,
                        0.753287955734787,
                        0.6478888732093041,
                        1.6426846202345828,
                        -0.42463036753580996,
                        0.0
                    ],
                    [
                        0.2992258017621017,
                        -0.3176173031886957,
                        -0.8600931586588234,
                        -0.42463036753580996,
                        1.6888258756514016,
                        0.0
                    ],
                    [
                        0.0,
                        0.0,
                        0.0,
                        0.0,
                        0.0,
                        1e-09
                    ]
                ],
                "mui": [
                    0.0,
                    0.0,
                    0.0,
                    0.0,
                    0.0,
                    1.0
                ],
                "Ai": [
                    [
                        0.0,
                        0.0,
                        0.0,
                        0.0,
                        0.0,
                        0.0
                    ],
                    [
                        0.6255428484547555,
                        0.0,
                        0.0,
                        0.0,
                        0.0,
                        0.0
                    ],
                    [
                        0.0,
                        0.8600812853529931,
                        0.0,
                        0.0,
                        0.0,
                        0.0
                    ],
                    [
                        -0.5716002498153928,
                        0.7984225731767596,
                        -0.0,
                        0.0,
                        0.0,
                        0.0
                    ],
                    [
                        0.6149972441379232,
                        0.0,
                        -0.5869164602819387,
                        0.0,
                        0.0,
                        0.0
                    ],
                    [
                        0.0,
                        0.0,
                        0.0,
                        0.0,
                        0.0,
                        0.0
                    ]
                ]
            },
            "est_params": {
                "mui": [
                    -0.006090165869169111,
                    -0.01378755675822766,
                    -0.03155404606020811,
                    -0.0031189321862342407,
                    0.004808658480859344,
                    1.000000155103608
                ],
                "Si": [
                    [
                        0.9997967331012318,
                        0.6039076760510734,
                        0.5111859080625409,
                        -0.08584611383056374,
                        0.31876791290799045,
                        -5.912843483416419e-07
                    ],
                    [
                        0.6039076760510734,
                        1.343943061926041,
                        1.1602811160684956,
                        0.7480207809100687,
                        -0.3130507402217238,
                        1.1251902206423529e-06
                    ],
                    [
                        0.5111859080625409,
                        1.1602811160684956,
                        1.995255036122932,
                        0.6592403507308239,
                        -0.8842327985650204,
                        2.7709350712925912e-08
                    ],
                    [
                        -0.08584611383056374,
                        0.7480207809100687,
                        0.6592403507308241,
                        1.6304291722973228,
                        -0.4195307784039061,
                        5.0429256330170835e-06
                    ],
                    [
                        0.31876791290799045,
                        -0.31305074022172374,
                        -0.8842327985650204,
                        -0.4195307784039062,
                        1.6998055794347515,
                        -8.058377599318793e-07
                    ],
                    [
                        -5.912843483416421e-07,
                        1.1251902206423529e-06,
                        2.770935071292582e-08,
                        5.0429256330170835e-06,
                        -8.058377599318795e-07,
                        1.0106667826837863e-06
                    ]
                ]
            },
            "est_tgt": [
                5
            ],
            "oracle_est_tgt": [
                5
            ]
        },
        "obs": {
            "intv_type": "obs",
            "true_params": {
                "Si": [
                    [
                        1.0,
                        0.6255428484547555,
                        0.5380176971423387,
                        -0.07215271911982718,
                        0.2992258017621017,
                        0.19671016190943813
                    ],
                    [
                        0.6255428484547555,
                        1.3913038552528891,
                        1.1966344081424796,
                        0.753287955734787,
                        -0.3176173031886957,
                        -0.057166109941407486
                    ],
                    [
                        0.5380176971423387,
                        1.1966344081424796,
                        2.029202859852802,
                        0.6478888732093041,
                        -0.8600931586588234,
                        0.5250241202893409
                    ],
                    [
                        -0.07215271911982718,
                        0.753287955734787,
                        0.6478888732093041,
                        1.6426846202345828,
                        -0.42463036753580996,
                        -0.1580822902865853
                    ],
                    [
                        0.2992258017621017,
                        -0.3176173031886957,
                        -0.8600931586588234,
                        -0.42463036753580996,
                        1.6888258756514016,
                        0.31599325804794376
                    ],
                    [
                        0.19671016190943813,
                        -0.057166109941407486,
                        0.5250241202893409,
                        -0.1580822902865853,
                        0.31599325804794376,
                        1.6540413305516215
                    ]
                ],
                "mui": [
                    0.0,
                    0.0,
                    0.0,
                    0.0,
                    0.0,
                    0.0
                ],
                "Ai": [
                    [
                        0.0,
                        0.0,
                        0.0,
                        0.0,
                        0.0,
                        0.0
                    ],
                    [
                        0.6255428484547555,
                        0.0,
                        0.0,
                        0.0,
                        0.0,
                        0.0
                    ],
                    [
                        0.0,
                        0.8600812853529931,
                        0.0,
                        0.0,
