{
    "expt_args": {
        "save_dir": "all_expt_logs/expt_logs_11.05.24-sparsity_n6",
        "exp_name": "438",
        "num_nodes": 6,
        "obs_noise_mean": 0.0,
        "obs_noise_var": 1.0,
        "max_edge_strength": 1.0,
        "graph_sparsity_method": "adj_dense_prop",
        "adj_dense_prop": 0.95,
        "num_parents": null,
        "new_noise_mean": 1.0,
        "mix_samples": 65536,
        "stage2_samples": 65536,
        "gmm_tol": 0.001,
        "intv_type": "do",
        "new_noise_sigma": 0.0,
        "intv_targets": [
            0,
            1,
            2,
            3,
            4,
            5
        ]
    },
    "intv_args_dict": {
        "0": {
            "intv_type": "do",
            "inode": 0,
            "new_mui": 1.0,
            "new_sigmai": 0.0,
            "true_params": {
                "Si": [
                    [
                        1e-09,
                        -9.192732636796409e-10,
                        1.196552007780687e-10,
                        3.007044242041441e-10,
                        -3.814830849276913e-11,
                        -1.2141659605735447e-11
                    ],
                    [
                        -9.192732636796409e-10,
                        1.0000000008450634,
                        0.6869358556825342,
                        1.470131481333718,
                        0.334517111750834,
                        -2.4264785462629153
                    ],
                    [
                        1.196552007780687e-10,
                        0.6869358556825342,
                        1.471880869987733,
                        1.904691170649688,
                        0.45250809628097255,
                        -2.886331944439195
                    ],
                    [
                        3.007044242041441e-10,
                        1.470131481333718,
                        1.904691170649688,
                        3.9619628175485344,
                        -0.006634865944515345,
                        -4.8796498758290126
                    ],
                    [
                        -3.814830849276913e-11,
                        0.334517111750834,
                        0.45250809628097255,
                        -0.006634865944515345,
                        1.64829887516121,
                        -1.4808801531688265
                    ],
                    [
                        -1.2141659605735447e-11,
                        -2.4264785462629153,
                        -2.886331944439195,
                        -4.8796498758290126,
                        -1.4808801531688265,
                        8.728501803475638
                    ]
                ],
                "mui": [
                    1.0,
                    -0.9192732636796408,
                    0.11965520077806868,
                    0.3007044242041441,
                    -0.03814830849276913,
                    -0.012141659605735447
                ],
                "Ai": [
                    [
                        0.0,
                        0.0,
                        0.0,
                        0.0,
                        0.0,
                        0.0
                    ],
                    [
                        -0.9192732636796408,
                        0.0,
                        0.0,
                        0.0,
                        0.0,
                        0.0
                    ],
                    [
                        0.7511369668710348,
                        0.68693585579253,
                        0.0,
                        0.0,
                        0.0,
                        0.0
                    ],
                    [
                        0.9800357681635534,
                        0.8554577448216478,
                        0.8948051431663004,
                        0.0,
                        0.0,
                        0.0
                    ],
                    [
                        0.7858513977519743,
                        0.7783838941578767,
                        0.847027834121693,
                        -0.6977066918063539,
                        0.0,
                        0.0
                    ],
                    [
                        -0.6762313929496846,
                        -0.9699419409176084,
                        -0.5540876354026887,
                        -0.6062660909589211,
                        -0.5519092098119738,
                        0.0
                    ]
                ]
            },
            "est_params": {
                "mui": [
                    0.9999996900284949,
                    -0.9092930663819458,
                    0.13383230862444612,
                    0.33537821382977123,
                    -0.06024244719386038,
                    -0.02178480230418991
                ],
                "Si": [
                    [
                        1.0115091509181633e-06,
                        -2.9399991551691395e-07,
                        8.792140886525703e-07,
                        -9.639161917425656e-07,
                        1.3935938619804355e-06,
                        -9.455710459046261e-07
                    ],
                    [
                        -2.93999915516914e-07,
                        0.987908039951474,
                        0.7016039885950669,
                        1.4803104117107868,
                        0.32346280197208555,
                        -2.4198305139122565
                    ],
                    [
                        8.792140886525703e-07,
                        0.7016039885950669,
                        1.4831174169512904,
                        1.929965335421575,
                        0.45314718740605014,
                        -2.9168205059449313
                    ],
                    [
                        -9.639161917425656e-07,
                        1.4803104117107868,
                        1.929965335421575,
                        4.002015152567542,
                        -0.033940522998470286,
                        -4.879405458538972
                    ],
                    [
                        1.393593861980435e-06,
                        0.32346280197208555,
                        0.45314718740605014,
                        -0.033940522998470286,
                        1.6648969585075843,
                        -1.4862619712375853
                    ],
                    [
                        -9.455710459046261e-07,
                        -2.4198305139122565,
                        -2.9168205059449313,
                        -4.879405458538972,
                        -1.4862619712375853,
                        8.750316280801435
                    ]
                ]
            },
            "est_tgt": [
                0
            ],
            "oracle_est_tgt": [
                0
            ]
        },
        "1": {
            "intv_type": "do",
            "inode": 1,
            "new_mui": 1.0,
            "new_sigmai": 0.0,
            "true_params": {
                "Si": [
                    [
                        1.0,
                        0.0,
                        0.7511369668710348,
                        1.6521569893420904,
                        0.2693643285508694,
                        -2.2427385120877363
                    ],
                    [
                        0.0,
                        1e-09,
                        6.869358557925301e-10,
                        1.4701314816101477e-09,
                        3.3451711171576527e-10,
                        -2.4264785462740766e-09
                    ],
                    [
                        0.7511369668710348,
                        6.869358557925301e-10,
                        1.564206743472099,
                        2.135801333945385,
                        0.4250458028325674,
                        -2.9041006328120202
                    ],
                    [
                        1.6521569893420904,
                        1.4701314816101477e-09,
                        2.135801333945385,
                        4.53029896383007,
                        -0.05338684441714703,
                        -5.017763487075892
                    ],
                    [
                        0.2693643285508694,
                        3.3451711171576527e-10,
                        0.4250458028325674,
                        -0.05338684441714703,
                        1.6089543187366595,
                        -1.2732953124648043
                    ],
                    [
                        -2.2427385120877363,
                        -2.4264785462740766e-09,
                        -2.9041006328120202,
                        -5.017763487075892,
                        -1.2732953124648043,
                        7.8705797074364465
                    ]
                ],
                "mui": [
                    0.0,
                    1.0,
                    0.68693585579253,
                    1.4701314816101476,
                    0.33451711171576526,
                    -2.4264785462740766
                ],
                "Ai": [
                    [
                        0.0,
                        0.0,
                        0.0,
                        0.0,
                        0.0,
                        0.0
                    ],
                    [
                        0.0,
                        0.0,
                        0.0,
                        0.0,
                        0.0,
                        0.0
                    ],
                    [
                        0.7511369668710348,
                        0.68693585579253,
                        0.0,
                        0.0,
                        0.0,
                        0.0
                    ],
                    [
                        0.9800357681635534,
                        0.8554577448216478,
                        0.8948051431663004,
                        0.0,
                        0.0,
                        0.0
                    ],
                    [
                        0.7858513977519743,
                        0.7783838941578767,
                        0.847027834121693,
                        -0.6977066918063539,
                        0.0,
                        0.0
                    ],
                    [
                        -0.6762313929496846,
                        -0.9699419409176084,
                        -0.5540876354026887,
                        -0.6062660909589211,
                        -0.5519092098119738,
                        0.0
                    ]
                ]
            },
            "est_params": {
                "mui": [
                    -0.012387379430188052,
                    1.0000003953670964,
                    0.6794640911838923,
                    1.459278025902361,
                    0.3509683186277032,
                    -2.4153780170202825
                ],
                "Si": [
                    [
                        1.000812617478079,
                        -9.019254884504236e-07,
                        0.7645350464693194,
                        1.6754424607371186,
                        0.2646672623225683,
                        -2.2691805941815697
                    ],
                    [
                        -9.019254884504238e-07,
                        1.0114994671330272e-06,
                        1.5903418793831782e-06,
                        8.683889366588036e-07,
                        -1.303113685223888e-06,
                        -2.945457156079438e-07
                    ],
                    [
                        0.7645350464693194,
                        1.590341879383178e-06,
                        1.6079762191329368,
                        2.181429192018905,
                        0.4259059489804295,
                        -2.987553247807056
                    ],
                    [
                        1.6754424607371188,
                        8.683889366588043e-07,
                        2.1814291920189044,
                        4.597391408837338,
                        -0.05752694794312601,
                        -5.124898029820346
                    ],
                    [
                        0.2646672623225683,
                        -1.3031136852238882e-06,
                        0.42590594898042944,
                        -0.057526947943125996,
                        1.6142206668649484,
                        -1.2795352916439469
                    ],
                    [
                        -2.2691805941815697,
                        -2.945457156079437e-07,
                        -2.987553247807056,
                        -5.124898029820346,
                        -1.279535291643947,
                        8.056051448765118
                    ]
                ]
            },
            "est_tgt": [
                1,
                2,
                3,
                4
            ],
            "oracle_est_tgt": [
                1,
                2,
                3,
                4
            ]
        },
        "2": {
            "intv_type": "do",
            "inode": 2,
            "new_mui": 1.0,
            "new_sigmai": 0.0,
            "true_params": {
                "Si": [
                    [
                        1.0,
                        -0.9192732636796408,
                        0.0,
                        0.19363633514133194,
                        -0.0647974718311702,
                        0.13377747815981852
                    ],
                    [
                        -0.9192732636796408,
                        1.8450633333162183,
                        0.0,
                        0.6774530390493109,
                        0.2410918844466701,
                        -1.7117405082628674
                    ],
                    [
                        0.0,
                        0.0,
                        1e-09,
                        8.948051431663005e-10,
                        2.2271629787182265e-10,
                        -1.2194968276907453e-09
                    ],
                    [
                        0.19363633514133194,
                        0.6774530390493109,
                        8.948051431663005e-10,
                        1.769302984262982,
                        -0.5549666119246336,
                        -1.5544103044418351
                    ],
                    [
                        -0.0647974718311702,
                        0.2410918844466701,
                        2.2271629787182265e-10,
                        -0.5549666119246336,
                        1.5239447751137043,
                        -0.6946487640329075
                    ],
                    [
                        0.13377747815981852,
                        -1.7117405082628674,
                        -1.2194968276907453e-09,
                        -1.5544103044418351,
                        -0.6946487640329075,
                        3.8955936906806614
                    ]
                ],
                "mui": [
                    0.0,
                    0.0,
                    1.0,
                    0.8948051431663004,
                    0.22271629787182265,
                    -1.2194968276907452
                ],
                "Ai": [
                    [
                        0.0,
                        0.0,
                        0.0,
                        0.0,
                        0.0,
                        0.0
                    ],
                    [
                        -0.9192732636796408,
                        0.0,
                        0.0,
                        0.0,
                        0.0,
                        0.0
                    ],
                    [
                        0.0,
                        0.0,
                        0.0,
                        0.0,
                        0.0,
                        0.0
                    ],
                    [
                        0.9800357681635534,
                        0.8554577448216478,
                        0.8948051431663004,
                        0.0,
                        0.0,
                        0.0
                    ],
                    [
                        0.7858513977519743,
                        0.7783838941578767,
                        0.847027834121693,
                        -0.6977066918063539,
                        0.0,
                        0.0
                    ],
                    [
                        -0.6762313929496846,
                        -0.9699419409176084,
                        -0.5540876354026887,
                        -0.6062660909589211,
                        -0.5519092098119738,
                        0.0
                    ]
                ]
            },
            "est_params": {
                "mui": [
                    -0.00012798819185484003,
                    0.010949270636122593,
                    1.0000010953571876,
                    0.903557078910085,
                    0.22982856744998895,
                    -1.2385186572315736
                ],
                "Si": [
                    [
                        1.001325559951158,
                        -0.9089499631285914,
                        -7.450231966949058e-07,
                        0.21427071774997528,
                        -0.07949767209747895,
                        0.09631214756240786
                    ],
                    [
                        -0.9089499631285914,
                        1.851857782916213,
                        1.2134275629486444e-06,
                        0.6570352529914126,
                        0.2615453773301485,
                        -1.695666004715513
                    ],
                    [
                        -7.450231966949061e-07,
                        1.2134275629486444e-06,
                        1.0116669297808202e-06,
                        -1.1653838818283747e-06,
                        6.828138987798963e-07,
                        1.5126180888101227e-06
                    ],
                    [
                        0.21427071774997528,
                        0.6570352529914127,
                        -1.1653838818283745e-06,
                        1.7706019985534918,
                        -0.574271955170201,
                        -1.5536050915809256
                    ],
                    [
                        -0.07949767209747893,
                        0.2615453773301485,
                        6.828138987798963e-07,
                        -0.5742719551702011,
                        1.5416617879985406,
                        -0.6751393857773423
                    ],
                    [
                        0.09631214756240786,
                        -1.695666004715513,
                        1.5126180888101227e-06,
                        -1.5536050915809256,
                        -0.6751393857773426,
                        3.868620408019018
                    ]
                ]
            },
            "est_tgt": [
                1,
                2,
                3,
                4
            ],
            "oracle_est_tgt": [
                1,
                2,
                3,
                4
            ]
        },
        "3": {
            "intv_type": "do",
            "inode": 3,
            "new_mui": 1.0,
            "new_sigmai": 0.0,
            "true_params": {
                "Si": [
                    [
                        1.0,
                        -0.9192732636796408,
                        0.11965520077806868,
                        0.0,
                        0.17165518053023876,
                        0.05437275834808081
                    ],
                    [
                        -0.9192732636796408,
                        1.8450633333162183,
                        0.5769400288570321,
                        0.0,
                        1.2024396662368044,
                        -2.151275733431039
                    ],
                    [
                        0.11965520077806868,
                        0.5769400288570321,
                        1.4861982370466555,
                        0.0,
                        1.80196330693814,
                        -2.458517146225704
                    ],
                    [
                        0.0,
                        0.0,
                        0.0,
                        1e-09,
                        -6.97706691806354e-10,
                        -2.2119534200355004e-10
                    ],
                    [
                        0.17165518053023876,
                        1.2024396662368044,
                        1.80196330693814,
                        -6.97706691806354e-10,
                        3.597168210975728,
                        -4.266131137824173
                    ],
                    [
                        0.05437275834808081,
                        -2.151275733431039,
                        -2.458517146225704,
                        -2.2119534200355004e-10,
                        -4.266131137824173,
                        6.76659501173088
                    ]
                ],
                "mui": [
                    0.0,
                    0.0,
                    0.0,
                    1.0,
                    -0.6977066918063539,
                    -0.22119534200355
                ],
                "Ai": [
                    [
                        0.0,
                        0.0,
                        0.0,
                        0.0,
                        0.0,
                        0.0
                    ],
                    [
                        -0.9192732636796408,
                        0.0,
                        0.0,
                        0.0,
                        0.0,
                        0.0
                    ],
                    [
                        0.7511369668710348,
                        0.68693585579253,
                        0.0,
                        0.0,
                        0.0,
                        0.0
                    ],
                    [
                        0.0,
                        0.0,
                        0.0,
                        0.0,
                        0.0,
                        0.0
                    ],
                    [
                        0.7858513977519743,
                        0.7783838941578767,
                        0.847027834121693,
                        -0.6977066918063539,
                        0.0,
                        0.0
                    ],
                    [
                        -0.6762313929496846,
                        -0.9699419409176084,
                        -0.5540876354026887,
                        -0.6062660909589211,
                        -0.5519092098119738,
                        0.0
                    ]
                ]
            },
            "est_params": {
                "mui": [
                    0.003295853538391956,
                    0.0206280144065292,
                    -0.0026186924341966666,
                    1.0000002339926362,
                    -0.6739301538122646,
                    -0.2460672862665253
                ],
                "Si": [
                    [
                        0.984554298442275,
                        -0.9023024362552836,
                        0.1383451877452291,
                        1.40602274999184e-07,
                        0.22277864549599607,
                        -0.011155367002855344
                    ],
                    [
                        -0.9023024362552836,
                        1.8448145933676858,
                        0.5896816982261706,
                        1.573375673213986e-08,
                        1.1872968242598498,
                        -2.137797536257182
                    ],
                    [
                        0.1383451877452291,
                        0.5896816982261706,
                        1.490678203933623,
                        2.81673630756645e-07,
                        1.8298817242495589,
                        -2.5031337402549396
                    ],
                    [
                        1.4060227499918399e-07,
                        1.573375673213985e-08,
                        2.8167363075664494e-07,
                        1.0057399452582116e-06,
                        3.408945751936975e-07,
                        -6.774202525651478e-07
                    ],
                    [
                        0.22277864549599602,
                        1.1872968242598498,
                        1.8298817242495589,
                        3.408945751936977e-07,
                        3.6490514720156884,
                        -4.3209773554405455
                    ],
                    [
                        -0.011155367002855342,
                        -2.137797536257182,
                        -2.5031337402549396,
                        -6.77420252565148e-07,
                        -4.3209773554405455,
                        6.843938836011815
                    ]
                ]
            },
            "est_tgt": [
                1,
                2,
                3,
                4
            ],
            "oracle_est_tgt": [
                1,
                2,
                3,
                4
            ]
        },
        "4": {
            "intv_type": "do",
            "inode": 4,
            "new_mui": 1.0,
            "new_sigmai": 0.0,
            "true_params": {
                "Si": [
                    [
                        1.0,
                        -0.9192732636796408,
                        0.11965520077806868,
                        0.3007044242041441,
                        0.0,
                        -0.033196062401643064
                    ],
                    [
                        -0.9192732636796408,
                        1.8450633333162183,
                        0.5769400288570321,
                        1.1937019441690968,
                        0.0,
                        -2.2113392188531735
                    ],
                    [
                        0.11965520077806868,
                        0.5769400288570321,
                        1.4861982370466555,
                        1.9406720188667077,
                        0.0,
                        -2.640560640094981
                    ],
                    [
                        0.3007044242041441,
                        1.1937019441690968,
                        1.9406720188667077,
                        4.0523859681940575,
                        0.0,
                        -4.893293922270008
                    ],
                    [
                        0.0,
                        0.0,
                        0.0,
                        0.0,
                        1e-09,
                        -5.519092098119738e-10
                    ],
                    [
                        -0.033196062401643064,
                        -2.2113392188531735,
                        -2.640560640094981,
                        -4.893293922270008,
                        -5.519092098119738e-10,
                        7.597059053159908
                    ]
                ],
                "mui": [
                    0.0,
                    0.0,
                    0.0,
                    0.0,
                    1.0,
                    -0.5519092098119738
                ],
                "Ai": [
                    [
                        0.0,
                        0.0,
                        0.0,
                        0.0,
                        0.0,
                        0.0
                    ],
                    [
                        -0.9192732636796408,
                        0.0,
                        0.0,
                        0.0,
                        0.0,
                        0.0
                    ],
                    [
                        0.7511369668710348,
                        0.68693585579253,
                        0.0,
                        0.0,
                        0.0,
                        0.0
                    ],
                    [
                        0.9800357681635534,
                        0.8554577448216478,
                        0.8948051431663004,
                        0.0,
                        0.0,
                        0.0
                    ],
                    [
                        0.0,
                        0.0,
                        0.0,
                        0.0,
                        0.0,
                        0.0
                    ],
                    [
                        -0.6762313929496846,
                        -0.9699419409176084,
                        -0.5540876354026887,
                        -0.6062660909589211,
                        -0.5519092098119738,
                        0.0
                    ]
                ]
            },
            "est_params": {
                "mui": [
                    -0.015506533469528986,
                    0.0034967108934629673,
                    -0.0028148011342495013,
                    0.00014263088140962585,
                    0.9999997411313768,
                    -0.5432332274405909
                ],
                "Si": [
                    [
                        0.9973241198406608,
                        -0.9268248977206999,
                        0.09733341803123817,
                        0.26359009174241943,
                        -8.496444610096732e-07,
                        0.014711787425149992
                    ],
                    [
                        -0.9268248977207001,
                        1.8510648653251862,
                        0.6081055937629257,
                        1.2395409233875039,
                        8.457644427763185e-07,
                        -2.2611838263351576
                    ],
                    [
                        0.09733341803123817,
                        0.6081055937629257,
                        1.5226532987533123,
                        1.9866055182480196,
                        2.8721719534723215e-07,
                        -2.7207052720535803
                    ],
                    [
                        0.2635900917424195,
                        1.2395409233875039,
                        1.9866055182480191,
                        4.134349087109655,
                        6.548964431599601e-07,
                        -5.0195592647707805
                    ],
                    [
                        -8.496444610096732e-07,
                        8.457644427763181e-07,
                        2.872171953472319e-07,
                        6.548964431599602e-07,
                        1.0117048171526264e-06,
                        7.823801984294265e-07
                    ],
                    [
                        0.01471178742514998,
                        -2.2611838263351576,
                        -2.7207052720535803,
                        -5.0195592647707805,
                        7.823801984294264e-07,
                        7.786550903524392
                    ]
                ]
            },
            "est_tgt": [
                1,
                2,
                4
            ],
            "oracle_est_tgt": [
                1,
                2,
                4
            ]
        },
        "5": {
            "intv_type": "do",
            "inode": 5,
            "new_mui": 1.0,
            "new_sigmai": 0.0,
            "true_params": {
                "Si": [
                    [
                        1.0,
                        -0.9192732636796408,
                        0.11965520077806868,
                        0.3007044242041441,
                        -0.03814830849276913,
                        0.0
                    ],
                    [
                        -0.9192732636796408,
                        1.8450633333162183,
                        0.5769400288570321,
                        1.1937019441690968,
                        0.3695858317677709,
                        0.0
                    ],
                    [
                        0.11965520077806868,
                        0.5769400288570321,
                        1.4861982370466555,
                        1.9406720188667077,
                        0.44794345277349124,
                        0.0
                    ],
                    [
                        0.3007044242041441,
                        1.1937019441690968,
                        1.9406720188667077,
                        4.0523859681940575,
                        -0.018106231072724133,
                        0.0
                    ],
                    [
                        -0.03814830849276913,
                        0.3695858317677709,
                        0.44794345277349124,
                        -0.018106231072724133,
                        1.649754168600614,
                        0.0
                    ],
                    [
                        0.0,
                        0.0,
                        0.0,
                        0.0,
                        0.0,
                        1e-09
                    ]
                ],
                "mui": [
                    0.0,
                    0.0,
                    0.0,
                    0.0,
                    0.0,
                    1.0
                ],
                "Ai": [
                    [
                        0.0,
                        0.0,
                        0.0,
                        0.0,
                        0.0,
                        0.0
                    ],
                    [
                        -0.9192732636796408,
                        0.0,
                        0.0,
                        0.0,
                        0.0,
                        0.0
                    ],
                    [
                        0.7511369668710348,
                        0.68693585579253,
                        0.0,
                        0.0,
                        0.0,
                        0.0
                    ],
                    [
                        0.9800357681635534,
                        0.8554577448216478,
                        0.8948051431663004,
                        0.0,
                        0.0,
                        0.0
                    ],
                    [
                        0.7858513977519743,
                        0.7783838941578767,
                        0.847027834121693,
                        -0.6977066918063539,
                        0.0,
                        0.0
                    ],
                    [
                        0.0,
                        0.0,
                        0.0,
                        0.0,
                        0.0,
                        0.0
                    ]
                ]
            },
            "est_params": {
                "mui": [
                    -0.007780105355815835,
                    0.00396779309132319,
                    -0.001615583482194421,
                    -0.02365179817930212,
                    0.018194898187402317,
                    0.9999995616561816
                ],
                "Si": [
                    [
                        0.9983301949133717,
                        -0.9193708887460368,
                        0.10371382965972081,
                        0.28557009521015764,
                        -0.046886462642887566,
                        -1.7202545131754768e-06
                    ],
                    [
                        -0.9193708887460368,
                        1.8471453958139186,
                        0.5924979350212167,
                        1.2167620224318372,
                        0.3748483259913557,
                        1.4446165021338315e-06
                    ],
                    [
                        0.10371382965972081,
                        0.5924979350212167,
                        1.4622026725768096,
                        1.9001815444101142,
                        0.4529688786810919,
                        -1.0270512320311629e-07
                    ],
                    [
                        0.2855700952101577,
                        1.2167620224318372,
                        1.9001815444101142,
                        4.010841527236997,
                        -0.027556593304131266,
                        -1.2832172716826943e-06
                    ],
                    [
                        -0.04688646264288756,
                        0.37484832599135565,
                        0.4529688786810919,
                        -0.02755659330413126,
                        1.6656454397810396,
                        9.974967141276006e-07
                    ],
                    [
                        -1.7202545131754763e-06,
                        1.4446165021338315e-06,
                        -1.0270512320311625e-07,
                        -1.2832172716826943e-06,
                        9.97496714127601e-07,
                        1.0078658062049739e-06
                    ]
                ]
            },
            "est_tgt": [
                1,
                5
            ],
            "oracle_est_tgt": [
                5
            ]
        },
        "obs": {
            "intv_type": "obs",
            "true_params": {
                "Si": [
                    [
                        1.0,
                        -0.9192732636796408,
                        0.11965520077806868,
                        0.3007044242041441,
                        -0.03814830849276913,
                        -0.012141659605735447
                    ],
                    [
                        -0.9192732636796408,
                        1.8450633333162183,
                        0.5769400288570321,
                        1.1937019441690968,
                        0.3695858317677709,
                        -2.4153170432218247
                    ],
                    [
                        0.11965520077806868,
                        0.5769400288570321,
                        1.4861982370466555,
                        1.9406720188667077,
                        0.44794345277349124,
                        -2.8877847571556456
                    ],
                    [
                        0.3007044242041441,
                        1.1937019441690968,
                        1.9406720188667077,
                        4.0523859681940575,
                        -0.018106231072724133,
                        -4.883300926585987
                    ],
                    [
                        -0.03814830849276913,
                        0.3695858317677709,
                        0.44794345277349124,
                        -0.018106231072724133,
                        1.649754168600614,
                        -1.4804169693930358
                    ],
                    [
                        -0.012141659605735447,
                        -2.4153170432218247,
                        -2.8877847571556456,
                        -4.883300926585987,
