{
    "expt_args": {
        "save_dir": "all_expt_logs/expt_logs_11.05.24-sparsity_n6",
        "exp_name": "319",
        "num_nodes": 6,
        "obs_noise_mean": 0.0,
        "obs_noise_var": 1.0,
        "max_edge_strength": 1.0,
        "graph_sparsity_method": "adj_dense_prop",
        "adj_dense_prop": 1.0,
        "num_parents": null,
        "new_noise_mean": 1.0,
        "mix_samples": 131072,
        "stage2_samples": 131072,
        "gmm_tol": 0.001,
        "intv_type": "do",
        "new_noise_sigma": 0.0,
        "intv_targets": [
            0,
            1,
            2,
            3,
            4,
            5
        ]
    },
    "intv_args_dict": {
        "0": {
            "intv_type": "do",
            "inode": 0,
            "new_mui": 1.0,
            "new_sigmai": 0.0,
            "true_params": {
                "Si": [
                    [
                        1e-09,
                        -6.97101167047116e-10,
                        -1.2711287803892744e-09,
                        1.2538270020915935e-09,
                        -5.255363436085686e-10,
                        2.3905191886383818e-09
                    ],
                    [
                        -6.97101167047116e-10,
                        1.00000000048595,
                        0.9961419348010159,
                        0.10290673887351733,
                        -0.09074042567128297,
                        0.18458177715953045
                    ],
                    [
                        -1.2711287803892744e-09,
                        0.9961419348010159,
                        1.9922987541195063,
                        -0.692991637544771,
                        1.149745937935981,
                        -1.9216887491935628
                    ],
                    [
                        1.2538270020915935e-09,
                        0.10290673887351733,
                        -0.692991637544771,
                        1.6434122039807413,
                        -1.8080384972519554,
                        2.9226273069309627
                    ],
                    [
                        -5.255363436085686e-10,
                        -0.09074042567128297,
                        1.149745937935981,
                        -1.8080384972519554,
                        3.205792909765497,
                        -4.1701579608149295
                    ],
                    [
                        2.3905191886383818e-09,
                        0.18458177715953045,
                        -1.9216887491935628,
                        2.9226273069309627,
                        -4.1701579608149295,
                        7.273363694632115
                    ]
                ],
                "mui": [
                    1.0,
                    -0.697101167047116,
                    -1.2711287803892743,
                    1.2538270020915934,
                    -0.5255363436085685,
                    2.3905191886383816
                ],
                "Ai": [
                    [
                        0.0,
                        0.0,
                        0.0,
                        0.0,
                        0.0,
                        0.0
                    ],
                    [
                        -0.697101167047116,
                        0.0,
                        0.0,
                        0.0,
                        0.0,
                        0.0
                    ],
                    [
                        -0.5767170757126192,
                        0.9961419339149105,
                        0.0,
                        0.0,
                        0.0,
                        0.0
                    ],
                    [
                        0.8667841954609228,
                        0.8953389976463759,
                        -0.7955013546960098,
                        0.0,
                        0.0,
                        0.0
                    ],
                    [
                        0.8303928122501363,
                        -0.5989241646923893,
                        0.5940534651419063,
                        -0.8121706038455897,
                        0.0,
                        0.0
                    ],
                    [
                        0.6919225328263106,
                        0.8559271872075396,
                        -0.8047864778520557,
                        0.786553269689664,
                        -0.5443496310289102,
                        0.0
                    ]
                ]
            },
            "est_params": {
                "mui": [
                    1.0000009174438391,
                    -0.6922040229822866,
                    -1.2688581128434384,
                    1.2562531297417905,
                    -0.5271919297292027,
                    2.3922956881184096
                ],
                "Si": [
                    [
                        1.008828120106175e-06,
                        -1.0436810989111687e-06,
                        -1.6697742182179638e-06,
                        7.611005553566753e-07,
                        -9.065870729184379e-07,
                        1.7180387885383862e-06
                    ],
                    [
                        -1.043681098911169e-06,
                        1.0135675907735162,
                        1.0141651298149217,
                        0.0937692827010458,
                        -0.07264505974128761,
                        0.1708428996723094
                    ],
                    [
                        -1.6697742182179638e-06,
                        1.0141651298149217,
                        2.0390005702660496,
                        -0.7164803125845753,
                        1.2039890402616087,
                        -1.9935244352754056
                    ],
                    [
                        7.611005553566753e-07,
                        0.0937692827010458,
                        -0.7164803125845752,
                        1.65027395527037,
                        -1.8230012732738554,
                        2.9552515009202045
                    ],
                    [
                        -9.065870729184379e-07,
                        -0.07264505974128761,
                        1.2039890402616085,
                        -1.8230012732738554,
                        3.249193585819656,
                        -4.245112791921324
                    ],
                    [
                        1.7180387885383866e-06,
                        0.17084289967230934,
                        -1.9935244352754056,
                        2.9552515009202045,
                        -4.245112791921324,
                        7.405096997642045
                    ]
                ]
            },
            "est_tgt": [
                0,
                2,
                3,
                4,
                5
            ],
            "oracle_est_tgt": [
                0,
                2,
                3,
                4,
                5
            ]
        },
        "1": {
            "intv_type": "do",
            "inode": 1,
            "new_mui": 1.0,
            "new_sigmai": 0.0,
            "true_params": {
                "Si": [
                    [
                        1.0,
                        0.0,
                        -0.5767170757126192,
                        1.3255634104666325,
                        -0.5887916004977565,
                        2.5191913620735935
                    ],
                    [
                        0.0,
                        1e-09,
                        9.961419339149105e-10,
                        1.029067397475616e-10,
                        -9.074042603763499e-11,
                        1.8458177882596417e-10
                    ],
                    [
                        -0.5767170757126192,
                        9.961419339149105e-10,
                        1.3326025864108137,
                        -1.5599764083494627,
                        1.5797024506981776,
                        -3.5584190715917585
                    ],
                    [
                        1.3255634104666325,
                        1.029067397475616e-10,
                        -1.5599764083494627,
                        3.3899407605017067,
                        -2.579181297205437,
                        6.2429804884052285
                    ],
                    [
                        -0.5887916004977565,
                        -9.074042603763499e-11,
                        1.5797024506981776,
                        -2.579181297205437,
                        3.5442346333967603,
                        -5.636687644361356
                    ],
                    [
                        2.5191913620735935,
                        1.8458177882596417e-10,
                        -3.5584190715917585,
                        6.2429804884052285,
                        -5.636687644361356,
                        13.585618374623254
                    ]
                ],
                "mui": [
                    0.0,
                    1.0,
                    0.9961419339149105,
                    0.10290673974756159,
                    -0.09074042603763498,
                    0.18458177882596416
                ],
                "Ai": [
                    [
                        0.0,
                        0.0,
                        0.0,
                        0.0,
                        0.0,
                        0.0
                    ],
                    [
                        0.0,
                        0.0,
                        0.0,
                        0.0,
                        0.0,
                        0.0
                    ],
                    [
                        -0.5767170757126192,
                        0.9961419339149105,
                        0.0,
                        0.0,
                        0.0,
                        0.0
                    ],
                    [
                        0.8667841954609228,
                        0.8953389976463759,
                        -0.7955013546960098,
                        0.0,
                        0.0,
                        0.0
                    ],
                    [
                        0.8303928122501363,
                        -0.5989241646923893,
                        0.5940534651419063,
                        -0.8121706038455897,
                        0.0,
                        0.0
                    ],
                    [
                        0.6919225328263106,
                        0.8559271872075396,
                        -0.8047864778520557,
                        0.786553269689664,
                        -0.5443496310289102,
                        0.0
                    ]
                ]
            },
            "est_params": {
                "mui": [
                    0.00811383035436822,
                    1.0000000297160165,
                    0.9905285963772389,
                    0.1057154205297146,
                    -0.08922640679968413,
                    0.19529974450640922
                ],
                "Si": [
                    [
                        0.9861881045350476,
                        6.133027159469962e-07,
                        -0.5752907094186503,
                        1.293777519086748,
                        -0.5744857828185793,
                        2.4739561136291934
                    ],
                    [
                        6.133027159469965e-07,
                        1.0099198906768801e-06,
                        -5.389622639379799e-08,
                        9.307734084630772e-07,
                        -5.404192639892732e-07,
                        1.85877220020275e-06
                    ],
                    [
                        -0.5752907094186503,
                        -5.3896226393798224e-08,
                        1.3462180864337727,
                        -1.5620634657692942,
                        1.5911613371774298,
                        -3.574400243358296
                    ],
                    [
                        1.2937775190867482,
                        9.307734084630776e-07,
                        -1.5620634657692942,
                        3.324643002478254,
                        -2.560826617078046,
                        6.160263775926497
                    ],
                    [
                        -0.5744857828185792,
                        -5.40419263989273e-07,
                        1.5911613371774298,
                        -2.560826617078046,
                        3.5591289419162986,
                        -5.622643840386977
                    ],
                    [
                        2.473956113629193,
                        1.858772200202751e-06,
                        -3.574400243358296,
                        6.160263775926497,
                        -5.622643840386977,
                        13.484735996889624
                    ]
                ]
            },
            "est_tgt": [
                0,
                1,
                2,
                4,
                5
            ],
            "oracle_est_tgt": [
                0,
                1,
                2,
                3
            ]
        },
        "2": {
            "intv_type": "do",
            "inode": 2,
            "new_mui": 1.0,
            "new_sigmai": 0.0,
            "true_params": {
                "Si": [
                    [
                        1.0,
                        -0.697101167047116,
                        0.0,
                        0.24264233529883905,
                        1.0508365744517578,
                        -0.2859166876634813
                    ],
                    [
                        -0.697101167047116,
                        1.485950037098451,
                        0.0,
                        0.7261927425345176,
                        -2.0586315814834655,
                        2.481329648315614
                    ],
                    [
                        0.0,
                        0.0,
                        1e-09,
                        -7.955013546960098e-10,
                        1.240136280745349e-09,
                        -2.1055583962800553e-09
                    ],
                    [
                        0.24264233529883905,
                        0.7261927425345176,
                        -7.955013546960098e-10,
                        1.8605072242185137,
                        -1.7444952067736204,
                        3.2024611739684063
                    ],
                    [
                        1.0508365744517578,
                        -2.0586315814834655,
                        1.240136280745349e-09,
                        -1.7444952067736204,
                        4.522399064851427,
                        -4.868845907015713
                    ],
                    [
                        -0.2859166876634813,
                        2.481329648315614,
                        -2.1055583962800553e-09,
                        3.2024611739684063,
                        -4.868845907015713,
                        8.09526608986623
                    ]
                ],
                "mui": [
                    0.0,
                    0.0,
                    1.0,
                    -0.7955013546960098,
                    1.240136280745349,
                    -2.1055583962800553
                ],
                "Ai": [
                    [
                        0.0,
                        0.0,
                        0.0,
                        0.0,
                        0.0,
                        0.0
                    ],
                    [
                        -0.697101167047116,
                        0.0,
                        0.0,
                        0.0,
                        0.0,
                        0.0
                    ],
                    [
                        0.0,
                        0.0,
                        0.0,
                        0.0,
                        0.0,
                        0.0
                    ],
                    [
                        0.8667841954609228,
                        0.8953389976463759,
                        -0.7955013546960098,
                        0.0,
                        0.0,
                        0.0
                    ],
                    [
                        0.8303928122501363,
                        -0.5989241646923893,
                        0.5940534651419063,
                        -0.8121706038455897,
                        0.0,
                        0.0
                    ],
                    [
                        0.6919225328263106,
                        0.8559271872075396,
                        -0.8047864778520557,
                        0.786553269689664,
                        -0.5443496310289102,
                        0.0
                    ]
                ]
            },
            "est_params": {
                "mui": [
                    -0.0018686358068431958,
                    0.013236550713213899,
                    1.0000005325355785,
                    -0.791841965484957,
                    1.2261447743136797,
                    -2.0803506241794296
                ],
                "Si": [
                    [
                        0.9870487594346733,
                        -0.6780017258530239,
                        -9.567667806810285e-07,
                        0.25241172045975574,
                        1.0214010980793982,
                        -0.25578891136599385
                    ],
                    [
                        -0.6780017258530239,
                        1.4530919432601477,
                        3.2563988413336163e-07,
                        0.7197491146485314,
                        -2.0184835646636183,
                        2.443401305920311
                    ],
                    [
                        -9.567667806810285e-07,
                        3.2563988413336163e-07,
                        1.009608570695544e-06,
                        3.587359694969893e-07,
                        -9.272954526104328e-07,
                        1.3992314804818512e-07
                    ],
                    [
                        0.25241172045975574,
                        0.7197491146485314,
                        3.5873596949698926e-07,
                        1.856391515069685,
                        -1.7245366791461991,
                        3.2047574685203055
                    ],
                    [
                        1.0214010980793982,
                        -2.0184835646636183,
                        -9.27295452610433e-07,
                        -1.7245366791461991,
                        4.469295969055924,
                        -4.827497094121174
                    ],
                    [
                        -0.25578891136599385,
                        2.443401305920311,
                        1.3992314804818512e-07,
                        3.2047574685203055,
                        -4.827497094121175,
                        8.093563176944404
                    ]
                ]
            },
            "est_tgt": [
                0,
                1,
                2,
                3,
                4,
                5
            ],
            "oracle_est_tgt": [
                0,
                1,
                2,
                3,
                4,
                5
            ]
        },
        "3": {
            "intv_type": "do",
            "inode": 3,
            "new_mui": 1.0,
            "new_sigmai": 0.0,
            "true_params": {
                "Si": [
                    [
                        1.0,
                        -0.697101167047116,
                        -1.2711287803892743,
                        0.0,
                        0.49278508979806634,
                        0.8499945639743168
                    ],
                    [
                        -0.697101167047116,
                        1.485950037098451,
                        1.8822472901914509,
                        0.0,
                        -0.35068365827872683,
                        -0.5343876166826617
                    ],
                    [
                        -1.2711287803892743,
                        1.8822472901914509,
                        3.608067128837662,
                        0.0,
                        -0.03947480835134154,
                        -2.150691555662835
                    ],
                    [
                        0.0,
                        0.0,
                        0.0,
                        1e-09,
                        -8.121706038455897e-10,
                        1.2286580382255379e-09
                    ],
                    [
                        0.49278508979806634,
                        -0.35068365827872683,
                        -0.03947480835134154,
                        -8.121706038455897e-10,
                        1.595787967630904,
                        -0.7960883698001533
                    ],
                    [
                        0.8499945639743168,
                        -0.5343876166826617,
                        -2.150691555662835,
                        1.2286580382255379e-09,
                        -0.7960883698001533,
                        3.29493139532955
                    ]
                ],
                "mui": [
                    0.0,
                    0.0,
                    0.0,
                    1.0,
                    -0.8121706038455897,
                    1.2286580382255379
                ],
                "Ai": [
                    [
                        0.0,
                        0.0,
                        0.0,
                        0.0,
                        0.0,
                        0.0
                    ],
                    [
                        -0.697101167047116,
                        0.0,
                        0.0,
                        0.0,
                        0.0,
                        0.0
                    ],
                    [
                        -0.5767170757126192,
                        0.9961419339149105,
                        0.0,
                        0.0,
                        0.0,
                        0.0
                    ],
                    [
                        0.0,
                        0.0,
                        0.0,
                        0.0,
                        0.0,
                        0.0
                    ],
                    [
                        0.8303928122501363,
                        -0.5989241646923893,
                        0.5940534651419063,
                        -0.8121706038455897,
                        0.0,
                        0.0
                    ],
                    [
                        0.6919225328263106,
                        0.8559271872075396,
                        -0.8047864778520557,
                        0.786553269689664,
                        -0.5443496310289102,
                        0.0
                    ]
                ]
            },
            "est_params": {
                "mui": [
                    0.013527570252180137,
                    -0.00824817319230995,
                    -0.009377368358681665,
                    0.9999991141041605,
                    -0.7958684788382901,
                    1.2374233200606317
                ],
                "Si": [
                    [
                        0.9877839085818797,
                        -0.6998053530329422,
                        -1.2698761450795546,
                        -5.143505472133416e-07,
                        0.48722319617199783,
                        0.8539716672247272
                    ],
                    [
                        -0.6998053530329422,
                        1.5001533886073197,
                        1.8964946251101975,
                        1.0452196077329578e-06,
                        -0.35499401351236276,
                        -0.540629832946893
                    ],
                    [
                        -1.2698761450795546,
                        1.8964946251101975,
                        3.6338416516679697,
                        1.797594538000486e-06,
                        -0.028585402725391014,
                        -2.183021818737799
                    ],
                    [
                        -5.143505472133414e-07,
                        1.0452196077329578e-06,
                        1.797594538000486e-06,
                        1.0098019853028219e-06,
                        -2.1336446946194002e-07,
                        -7.89393925581292e-07
                    ],
                    [
                        0.48722319617199783,
                        -0.35499401351236276,
                        -0.028585402725391028,
                        -2.133644694619399e-07,
                        1.5859072597232386,
                        -0.7986125539661482
                    ],
                    [
                        0.8539716672247272,
                        -0.540629832946893,
                        -2.183021818737799,
                        -7.89393925581292e-07,
                        -0.7986125539661482,
                        3.3058043157244352
                    ]
                ]
            },
            "est_tgt": [
                0,
                1,
                3,
                4,
                5
            ],
            "oracle_est_tgt": [
                0,
                1,
                2,
                3,
                4,
                5
            ]
        },
        "4": {
            "intv_type": "do",
            "inode": 4,
            "new_mui": 1.0,
            "new_sigmai": 0.0,
            "true_params": {
                "Si": [
                    [
                        1.0,
                        -0.697101167047116,
                        -1.2711287803892743,
                        1.2538270020915934,
                        0.0,
                        2.1044436739027748
                    ],
                    [
                        -0.697101167047116,
                        1.485950037098451,
                        1.8822472901914509,
                        -0.7711375266856749,
                        0.0,
                        -1.3318228796695732
                    ],
                    [
                        -1.2711287803892743,
                        1.8822472901914509,
                        3.608067128837662,
                        -2.286767223938823,
                        0.0,
                        -3.9708438900320617
                    ],
                    [
                        1.2538270020915934,
                        -0.7711375266856749,
                        -2.286767223938823,
                        3.2154943535826517,
                        0.0,
                        4.577030518147322
                    ],
                    [
                        0.0,
                        0.0,
                        0.0,
                        0.0,
                        1e-09,
                        -5.443496310289102e-10
                    ],
                    [
                        2.1044436739027748,
                        -1.3318228796695732,
                        -3.9708438900320617,
                        4.577030518147322,
                        -5.443496310289102e-10,
                        8.11192837395662
                    ]
                ],
                "mui": [
                    0.0,
                    0.0,
                    0.0,
                    0.0,
                    1.0,
                    -0.5443496310289102
                ],
                "Ai": [
                    [
                        0.0,
                        0.0,
                        0.0,
                        0.0,
                        0.0,
                        0.0
                    ],
                    [
                        -0.697101167047116,
                        0.0,
                        0.0,
                        0.0,
                        0.0,
                        0.0
                    ],
                    [
                        -0.5767170757126192,
                        0.9961419339149105,
                        0.0,
                        0.0,
                        0.0,
                        0.0
                    ],
                    [
                        0.8667841954609228,
                        0.8953389976463759,
                        -0.7955013546960098,
                        0.0,
                        0.0,
                        0.0
                    ],
                    [
                        0.0,
                        0.0,
                        0.0,
                        0.0,
                        0.0,
                        0.0
                    ],
                    [
                        0.6919225328263106,
                        0.8559271872075396,
                        -0.8047864778520557,
                        0.786553269689664,
                        -0.5443496310289102,
                        0.0
                    ]
                ]
            },
            "est_params": {
                "mui": [
                    -0.001149740198427099,
                    -0.009735670963867007,
                    -0.021466711054456678,
                    0.003847553065626375,
                    1.0000003035606688,
                    -0.5354316016595527
                ],
                "Si": [
                    [
                        0.9854253945104625,
                        -0.6904924605371171,
                        -1.2486328271713638,
                        1.2353439876737413,
                        5.114731640323544e-07,
                        2.0703297162539114
                    ],
                    [
                        -0.6904924605371171,
                        1.4712239432945327,
                        1.8585734790122705,
                        -0.765027784125274,
                        -7.400555090573891e-07,
                        -1.3145866559833697
                    ],
                    [
                        -1.2486328271713638,
                        1.8585734790122705,
                        3.5641057840674892,
                        -2.258333223288735,
                        -1.2506487288468975e-06,
                        -3.9024983366328065
                    ],
                    [
                        1.2353439876737413,
                        -0.765027784125274,
                        -2.2583332232887345,
                        3.177372895229074,
                        6.082734951184035e-07,
                        4.514176820771943
                    ],
                    [
                        5.114731640323545e-07,
                        -7.40055509057389e-07,
                        -1.2506487288468973e-06,
                        6.082734951184035e-07,
                        1.0085156533421339e-06,
                        1.1188795413954661e-06
                    ],
                    [
                        2.0703297162539114,
                        -1.3145866559833697,
                        -3.9024983366328065,
                        4.514176820771943,
                        1.1188795413954663e-06,
                        7.974968424621841
                    ]
                ]
            },
            "est_tgt": [
                0,
                1,
                3,
                4,
                5
            ],
            "oracle_est_tgt": [
                0,
                1,
                2,
                4,
                5
            ]
        },
        "5": {
            "intv_type": "do",
            "inode": 5,
            "new_mui": 1.0,
            "new_sigmai": 0.0,
            "true_params": {
                "Si": [
                    [
                        1.0,
                        -0.697101167047116,
                        -1.2711287803892743,
                        1.2538270020915934,
                        -0.5255363436085685,
                        0.0
                    ],
                    [
                        -0.697101167047116,
                        1.485950037098451,
                        1.8822472901914509,
                        -0.7711375266856749,
                        0.2756115724175723,
                        0.0
                    ],
                    [
                        -1.2711287803892743,
                        1.8822472901914509,
                        3.608067128837662,
                        -2.286767223938823,
                        1.8177703087693549,
                        0.0
                    ],
                    [
                        1.2538270020915934,
                        -0.7711375266856749,
                        -2.286767223938823,
                        3.2154943535826517,
                        -2.4669701547899328,
                        0.0
                    ],
                    [
                        -0.5255363436085685,
                        0.2756115724175723,
                        1.8177703087693549,
                        -2.4669701547899328,
                        3.481981357942772,
                        0.0
                    ],
                    [
                        0.0,
                        0.0,
                        0.0,
                        0.0,
                        0.0,
                        1e-09
                    ]
                ],
                "mui": [
                    0.0,
                    0.0,
                    0.0,
                    0.0,
                    0.0,
                    1.0
                ],
                "Ai": [
                    [
                        0.0,
                        0.0,
                        0.0,
                        0.0,
                        0.0,
                        0.0
                    ],
                    [
                        -0.697101167047116,
                        0.0,
                        0.0,
                        0.0,
                        0.0,
                        0.0
                    ],
                    [
                        -0.5767170757126192,
                        0.9961419339149105,
                        0.0,
                        0.0,
                        0.0,
                        0.0
                    ],
                    [
                        0.8667841954609228,
                        0.8953389976463759,
                        -0.7955013546960098,
                        0.0,
                        0.0,
                        0.0
                    ],
                    [
                        0.8303928122501363,
                        -0.5989241646923893,
                        0.5940534651419063,
                        -0.8121706038455897,
                        0.0,
                        0.0
                    ],
                    [
                        0.0,
                        0.0,
                        0.0,
                        0.0,
                        0.0,
                        0.0
                    ]
                ]
            },
            "est_params": {
                "mui": [
                    0.016554404274870434,
                    -0.007013874899624237,
                    -0.017229742163668113,
                    0.022047763325457898,
                    -0.01257514428006116,
                    0.9999991969850498
                ],
                "Si": [
                    [
                        1.0095083420150053,
                        -0.7134785206960244,
                        -1.2957022872118198,
                        1.2729225938524469,
                        -0.5323952648596102,
                        2.3089265040210332e-07
                    ],
                    [
                        -0.7134785206960244,
                        1.4969216546432516,
                        1.9114062675168735,
                        -0.8256764357126574,
                        0.3126390665512997,
                        -3.5339427251584825e-07
                    ],
                    [
                        -1.29570228721182,
                        1.9114062675168735,
                        3.63432595299753,
                        -2.3401560445918252,
                        1.82659574837247,
                        -2.100083115292e-07
                    ],
                    [
                        1.2729225938524469,
                        -0.8256764357126574,
                        -2.3401560445918252,
                        3.2398807150599693,
                        -2.464443538576493,
                        -4.811024315941497e-07
                    ],
                    [
                        -0.5323952648596102,
                        0.3126390665512998,
                        1.82659574837247,
                        -2.464443538576493,
                        3.4329305978397344,
                        3.7774318828155435e-07
                    ],
                    [
                        2.3089265040210332e-07,
                        -3.533942725158483e-07,
                        -2.1000831152919998e-07,
                        -4.811024315941497e-07,
                        3.7774318828155435e-07,
                        1.006333471383128e-06
                    ]
                ]
            },
            "est_tgt": [
                0,
                1,
                3,
                5
            ],
            "oracle_est_tgt": [
                0,
                1,
                2,
                4,
                5
            ]
        },
        "obs": {
            "intv_type": "obs",
            "true_params": {
                "Si": [
                    [
                        1.0,
                        -0.697101167047116,
                        -1.2711287803892743,
                        1.2538270020915934,
                        -0.5255363436085685,
                        2.3905191886383816
                    ],
                    [
                        -0.697101167047116,
                        1.485950037098451,
                        1.8822472901914509,
                        -0.7711375266856749,
                        0.2756115724175723,
                        -1.4818519374223764
                    ],
                    [
                        -1.2711287803892743,
                        1.8822472901914509,
                        3.608067128837662,
                        -2.286767223938823,
                        1.8177703087693549,
                        -4.960346486905969
                    ],
                    [
                        1.2538270020915934,
                        -0.7711375266856749,
                        -2.286767223938823,
                        3.2154943535826517,
                        -2.4669701547899328,
                        5.919924811666555
                    ],
                    [
                        -0.5255363436085685,
