{
    "expt_args": {
        "save_dir": "all_expt_logs/expt_logs_11.05.24-sparsity_n6",
        "exp_name": "39",
        "num_nodes": 6,
        "obs_noise_mean": 0.0,
        "obs_noise_var": 1.0,
        "max_edge_strength": 1.0,
        "graph_sparsity_method": "adj_dense_prop",
        "adj_dense_prop": 0.8,
        "num_parents": null,
        "new_noise_mean": 1.0,
        "mix_samples": 131072,
        "stage2_samples": 131072,
        "gmm_tol": 0.001,
        "intv_type": "do",
        "new_noise_sigma": 0.0,
        "intv_targets": [
            0,
            1,
            2,
            3,
            4,
            5
        ]
    },
    "intv_args_dict": {
        "0": {
            "intv_type": "do",
            "inode": 0,
            "new_mui": 1.0,
            "new_sigmai": 0.0,
            "true_params": {
                "Si": [
                    [
                        1e-09,
                        6.352228935332564e-10,
                        -4.443825198076126e-10,
                        7.87696028226419e-11,
                        -1.389282803763727e-09,
                        -4.005147179775355e-10
                    ],
                    [
                        6.352228935332564e-10,
                        1.0000000004035081,
                        -0.6995694338331642,
                        -0.9189520776382829,
                        -1.3808692036872945,
                        -0.30029095994341587
                    ],
                    [
                        -4.443825198076126e-10,
                        -0.6995694338331642,
                        1.489397392556178,
                        0.64287078441382,
                        1.5632394794972577,
                        -0.24498871096360447
                    ],
                    [
                        7.87696028226419e-11,
                        -0.9189520776382829,
                        0.64287078441382,
                        1.8444729210938833,
                        1.2689526228238417,
                        -0.39256507270419644
                    ],
                    [
                        -1.389282803763727e-09,
                        -1.3808692036872945,
                        1.5632394794972577,
                        1.2689526228238417,
                        3.2634781659588445,
                        0.6929509800522995
                    ],
                    [
                        -4.005147179775355e-10,
                        -0.30029095994341587,
                        -0.24498871096360447,
                        -0.39256507270419644,
                        0.6929509800522995,
                        2.0467436338496543
                    ]
                ],
                "mui": [
                    1.0,
                    0.6352228935332564,
                    -0.44438251980761256,
                    0.0787696028226419,
                    -1.389282803763727,
                    -0.4005147179775355
                ],
                "Ai": [
                    [
                        0.0,
                        0.0,
                        0.0,
                        0.0,
                        0.0,
                        0.0
                    ],
                    [
                        0.6352228935332564,
                        0.0,
                        0.0,
                        0.0,
                        0.0,
                        0.0
                    ],
                    [
                        0.0,
                        -0.6995694335508822,
                        0.0,
                        0.0,
                        0.0,
                        0.0
                    ],
                    [
                        0.6625090006302139,
                        -0.9189520776883192,
                        -0.0,
                        0.0,
                        0.0,
                        0.0
                    ],
                    [
                        -0.5121230731671071,
                        -0.9630684331015171,
                        0.5972255928658794,
                        0.0,
                        0.0,
                        0.0
                    ],
                    [
                        0.5148365605598451,
                        -0.7032262122125882,
                        -0.7835752451197253,
                        -0.6685180739898737,
                        0.5500637637306169,
                        0.0
                    ]
                ]
            },
            "est_params": {
                "mui": [
                    1.0000003808688536,
                    0.6349456023568667,
                    -0.4355780088550813,
                    0.07834284685999852,
                    -1.3850132870275926,
                    -0.39636070726073747
                ],
                "Si": [
                    [
                        1.0138142493048879e-06,
                        -8.990540738821097e-07,
                        1.6501604400971241e-06,
                        -2.1758875979018683e-08,
                        1.5707479117172462e-06,
                        -5.226750943205971e-07
                    ],
                    [
                        -8.990540738821101e-07,
                        0.9733958240470164,
                        -0.6799867427619004,
                        -0.8985194246245838,
                        -1.352770606050241,
                        -0.2885950681759248
                    ],
                    [
                        1.650160440097124e-06,
                        -0.6799867427619004,
                        1.4589161714168501,
                        0.6148314303568272,
                        1.5227990942093688,
                        -0.22375047543728432
                    ],
                    [
                        -2.175887597901859e-08,
                        -0.8985194246245838,
                        0.6148314303568272,
                        1.8098222177342722,
                        1.2381328935928724,
                        -0.3802067486360593
                    ],
                    [
                        1.570747911717246e-06,
                        -1.352770606050241,
                        1.5227990942093688,
                        1.2381328935928724,
                        3.2146638783310615,
                        0.7043338466217216
                    ],
                    [
                        -5.226750943205974e-07,
                        -0.28859506817592473,
                        -0.22375047543728432,
                        -0.3802067486360593,
                        0.7043338466217216,
                        2.0226958935908397
                    ]
                ]
            },
            "est_tgt": [
                0
            ],
            "oracle_est_tgt": [
                0
            ]
        },
        "1": {
            "intv_type": "do",
            "inode": 1,
            "new_mui": 1.0,
            "new_sigmai": 0.0,
            "true_params": {
                "Si": [
                    [
                        1.0,
                        0.0,
                        0.0,
                        0.6625090006302139,
                        -0.5121230731671071,
                        -0.20976302566201066
                    ],
                    [
                        0.0,
                        1e-09,
                        -6.995694335508822e-10,
                        -9.189520776883193e-10,
                        -1.3808692028047903e-09,
                        -3.002909596889998e-10
                    ],
                    [
                        0.0,
                        -6.995694335508822e-10,
                        1.0000000004893974,
                        6.428707844488238e-10,
                        0.5972255938318933,
                        -0.4550630875015962
                    ],
                    [
                        0.6625090006302139,
                        -9.189520776883193e-10,
                        6.428707844488238e-10,
                        1.4389181767605177,
                        -0.33928614413466146,
                        -0.8074879662144293
                    ],
                    [
                        -0.5121230731671071,
                        -1.3808692028047903e-09,
                        0.5972255938318933,
                        -0.33928614413466146,
                        1.618948452750923,
                        0.385712927134159
                    ],
                    [
                        -0.20976302566201066,
                        -3.002909596889998e-10,
                        -0.4550630875015962,
                        -0.8074879662144293,
                        0.385712927134159,
                        2.000569500243358
                    ]
                ],
                "mui": [
                    0.0,
                    1.0,
                    -0.6995694335508822,
                    -0.9189520776883192,
                    -1.3808692028047902,
                    -0.30029095968899977
                ],
                "Ai": [
                    [
                        0.0,
                        0.0,
                        0.0,
                        0.0,
                        0.0,
                        0.0
                    ],
                    [
                        0.0,
                        0.0,
                        0.0,
                        0.0,
                        0.0,
                        0.0
                    ],
                    [
                        0.0,
                        -0.6995694335508822,
                        0.0,
                        0.0,
                        0.0,
                        0.0
                    ],
                    [
                        0.6625090006302139,
                        -0.9189520776883192,
                        -0.0,
                        0.0,
                        0.0,
                        0.0
                    ],
                    [
                        -0.5121230731671071,
                        -0.9630684331015171,
                        0.5972255928658794,
                        0.0,
                        0.0,
                        0.0
                    ],
                    [
                        0.5148365605598451,
                        -0.7032262122125882,
                        -0.7835752451197253,
                        -0.6685180739898737,
                        0.5500637637306169,
                        0.0
                    ]
                ]
            },
            "est_params": {
                "mui": [
                    -0.0006133594496105881,
                    0.9999997646952308,
                    -0.7091179878879559,
                    -0.928855137301886,
                    -1.3888574623889267,
                    -0.2949037470969428
                ],
                "Si": [
                    [
                        1.023217880636504,
                        1.918709350457819e-07,
                        0.008810765431372783,
                        0.6887612268500727,
                        -0.5142910368283916,
                        -0.21499618650513788
                    ],
                    [
                        1.9187093504578188e-07,
                        1.0093880692898463e-06,
                        -9.382786594603314e-08,
                        1.1205947721742313e-06,
                        -2.278868695151113e-07,
                        1.13211156996453e-06
                    ],
                    [
                        0.008810765431372788,
                        -9.382786594603314e-08,
                        0.9859913765545693,
                        0.014848767912292265,
                        0.5859204962974939,
                        -0.45940812056694813
                    ],
                    [
                        0.6887612268500728,
                        1.120594772174231e-06,
                        0.014848767912292268,
                        1.4546709802820506,
                        -0.34347012646197805,
                        -0.7959717884690601
                    ],
                    [
                        -0.5142910368283916,
                        -2.2788686951511134e-07,
                        0.5859204962974939,
                        -0.3434701264619781,
                        1.6110694187027388,
                        0.36488105946557836
                    ],
                    [
                        -0.21499618650513788,
                        1.13211156996453e-06,
                        -0.45940812056694813,
                        -0.7959717884690602,
                        0.36488105946557836,
                        1.981419299242939
                    ]
                ]
            },
            "est_tgt": [
                1
            ],
            "oracle_est_tgt": [
                1
            ]
        },
        "2": {
            "intv_type": "do",
            "inode": 2,
            "new_mui": 1.0,
            "new_sigmai": 0.0,
            "true_params": {
                "Si": [
                    [
                        1.0,
                        0.6352228935332564,
                        0.0,
                        0.0787696028226419,
                        -1.1238861899123922,
                        -0.6027367995662803
                    ],
                    [
                        0.6352228935332564,
                        1.4035081244687628,
                        0.0,
                        -0.8689158226608553,
                        -1.6769866706597338,
                        -1.0015114000488357
                    ],
                    [
                        0.0,
                        0.0,
                        1e-09,
                        0.0,
                        5.972255928658794e-10,
                        -4.5506308771167064e-10
                    ],
                    [
                        0.0787696028226419,
                        -0.8689158226608553,
                        0.0,
                        1.8506775714165156,
                        0.7964856687574218,
                        -0.1474956468101688
                    ],
                    [
                        -1.1238861899123922,
                        -1.6769866706597338,
                        5.972255928658794e-10,
                        0.7964856687574218,
                        3.1906209750690833,
                        1.8232632003419706
                    ],
                    [
                        -0.6027367995662803,
                        -1.0015114000488357,
                        -4.5506308771167064e-10,
                        -0.1474956468101688,
                        1.8232632003419706,
                        2.495492651868151
                    ]
                ],
                "mui": [
                    0.0,
                    0.0,
                    1.0,
                    0.0,
                    0.5972255928658794,
                    -0.4550630877116706
                ],
                "Ai": [
                    [
                        0.0,
                        0.0,
                        0.0,
                        0.0,
                        0.0,
                        0.0
                    ],
                    [
                        0.6352228935332564,
                        0.0,
                        0.0,
                        0.0,
                        0.0,
                        0.0
                    ],
                    [
                        0.0,
                        0.0,
                        0.0,
                        0.0,
                        0.0,
                        0.0
                    ],
                    [
                        0.6625090006302139,
                        -0.9189520776883192,
                        -0.0,
                        0.0,
                        0.0,
                        0.0
                    ],
                    [
                        -0.5121230731671071,
                        -0.9630684331015171,
                        0.5972255928658794,
                        0.0,
                        0.0,
                        0.0
                    ],
                    [
                        0.5148365605598451,
                        -0.7032262122125882,
                        -0.7835752451197253,
                        -0.6685180739898737,
                        0.5500637637306169,
                        0.0
                    ]
                ]
            },
            "est_params": {
                "mui": [
                    0.0019324353049508056,
                    -0.0021763804874849577,
                    0.9999990216580845,
                    -0.0023838872395434947,
                    0.5913105362786312,
                    -0.45331722147049697
                ],
                "Si": [
                    [
                        1.012319657830006,
                        0.6444723778150595,
                        4.809942475741407e-07,
                        0.07659798109803242,
                        -1.1551212039443224,
                        -0.6171138095343842
                    ],
                    [
                        0.6444723778150596,
                        1.4045221484288788,
                        1.2798983338981923e-06,
                        -0.8558981872789825,
                        -1.6837321979424604,
                        -1.003634100749335
                    ],
                    [
                        4.809942475741406e-07,
                        1.2798983338981923e-06,
                        1.0109894143171919e-06,
                        -1.3450659474647181e-06,
                        -1.8925117395335992e-06,
                        -1.4030312702385072e-06
                    ],
                    [
                        0.07659798109803241,
                        -0.8558981872789825,
                        -1.3450659474647181e-06,
                        1.8285740482988113,
                        0.7842133138398925,
                        -0.15177200224745807
                    ],
                    [
                        -1.1551212039443224,
                        -1.6837321979424602,
                        -1.8925117395335992e-06,
                        0.7842133138398923,
                        3.2206857018739057,
                        1.8255416992662004
                    ],
                    [
                        -0.617113809534384,
                        -1.003634100749335,
                        -1.4030312702385072e-06,
                        -0.15177200224745815,
                        1.8255416992662004,
                        2.4794893111533693
                    ]
                ]
            },
            "est_tgt": [
                2
            ],
            "oracle_est_tgt": [
                2
            ]
        },
        "3": {
            "intv_type": "do",
            "inode": 3,
            "new_mui": 1.0,
            "new_sigmai": 0.0,
            "true_params": {
                "Si": [
                    [
                        1.0,
                        0.6352228935332564,
                        -0.44438251980761256,
                        0.0,
                        -1.389282803763727,
                        -0.34785581480959565
                    ],
                    [
                        0.6352228935332564,
                        1.4035081244687628,
                        -0.9818513836186735,
                        0.0,
                        -2.2633734453475802,
                        -1.1355930099699076
                    ],
                    [
                        -0.44438251980761256,
                        -0.9818513836186735,
                        1.6868732162692655,
                        0.0,
                        2.180612471941795,
                        0.339363071017319
                    ],
                    [
                        0.0,
                        0.0,
                        0.0,
                        1e-09,
                        0.0,
                        -6.685180739898738e-10
                    ],
                    [
                        -1.389282803763727,
                        -2.2633734453475802,
                        2.180612471941795,
                        0.0,
                        5.19358487286234,
                        2.0245388446678136
                    ],
                    [
                        -0.34785581480959565,
                        -1.1355930099699076,
                        0.339363071017319,
                        -6.685180739898738e-10,
                        2.0245388446678136,
                        2.4671988353556653
                    ]
                ],
                "mui": [
                    0.0,
                    0.0,
                    0.0,
                    1.0,
                    0.0,
                    -0.6685180739898737
                ],
                "Ai": [
                    [
                        0.0,
                        0.0,
                        0.0,
                        0.0,
                        0.0,
                        0.0
                    ],
                    [
                        0.6352228935332564,
                        0.0,
                        0.0,
                        0.0,
                        0.0,
                        0.0
                    ],
                    [
                        0.0,
                        -0.6995694335508822,
                        0.0,
                        0.0,
                        0.0,
                        0.0
                    ],
                    [
                        0.0,
                        0.0,
                        0.0,
                        0.0,
                        0.0,
                        0.0
                    ],
                    [
                        -0.5121230731671071,
                        -0.9630684331015171,
                        0.5972255928658794,
                        0.0,
                        0.0,
                        0.0
                    ],
                    [
                        0.5148365605598451,
                        -0.7032262122125882,
                        -0.7835752451197253,
                        -0.6685180739898737,
                        0.5500637637306169,
                        0.0
                    ]
                ]
            },
            "est_params": {
                "mui": [
                    -0.014830103879028503,
                    -0.009892647236840992,
                    0.013242954644346576,
                    0.9999991838306933,
                    0.02122055660199918,
                    -0.6756015372464776
                ],
                "Si": [
                    [
                        0.9827884765688254,
                        0.634048594145823,
                        -0.4343801454648033,
                        1.1741372147667801e-07,
                        -1.3786946849294208,
                        -0.35763899839090274
                    ],
                    [
                        0.634048594145823,
                        1.4022091855934335,
                        -0.976738948493189,
                        -3.709306100635171e-07,
                        -2.2601622824396865,
                        -1.1328038917670111
                    ],
                    [
                        -0.4343801454648033,
                        -0.976738948493189,
                        1.6713221344171936,
                        2.245012765792162e-06,
                        2.1577756561080697,
                        0.3434824898713364
                    ],
                    [
                        1.1741372147667779e-07,
                        -3.7093061006351703e-07,
                        2.245012765792162e-06,
                        1.0110518520713712e-06,
                        2.479410790826054e-07,
                        -1.361217505799789e-06
                    ],
                    [
                        -1.3786946849294208,
                        -2.2601622824396865,
                        2.1577756561080697,
                        2.479410790826054e-07,
                        5.175085788879551,
                        2.0330846780965803
                    ],
                    [
                        -0.3576389983909028,
                        -1.1328038917670114,
                        0.3434824898713364,
                        -1.361217505799789e-06,
                        2.03308467809658,
                        2.4543321808902245
                    ]
                ]
            },
            "est_tgt": [
                3
            ],
            "oracle_est_tgt": [
                3
            ]
        },
        "4": {
            "intv_type": "do",
            "inode": 4,
            "new_mui": 1.0,
            "new_sigmai": 0.0,
            "true_params": {
                "Si": [
                    [
                        1.0,
                        0.6352228935332564,
                        -0.44438251980761256,
                        0.0787696028226419,
                        0.0,
                        0.3636794099469643
                    ],
                    [
                        0.6352228935332564,
                        1.4035081244687628,
                        -0.9818513836186735,
                        -0.8689158226608553,
                        0.0,
                        0.6902926383304777
                    ],
                    [
                        -0.44438251980761256,
                        -0.9818513836186735,
                        1.6868732162692655,
                        0.6078669498622533,
                        0.0,
                        -1.2664828751009216
                    ],
                    [
                        0.0787696028226419,
                        -0.8689158226608553,
                        0.6078669498622533,
                        1.8506775714165156,
                        0.0,
                        -1.0619230457628686
                    ],
                    [
                        0.0,
                        0.0,
                        0.0,
                        0.0,
                        1e-09,
                        5.50063763730617e-10
                    ],
                    [
                        0.3636794099469643,
                        0.6902926383304777,
                        -1.2664828751009216,
                        -1.0619230457628686,
                        5.50063763730617e-10,
                        2.404102958070716
                    ]
                ],
                "mui": [
                    0.0,
                    0.0,
                    0.0,
                    0.0,
                    1.0,
                    0.5500637637306169
                ],
                "Ai": [
                    [
                        0.0,
                        0.0,
                        0.0,
                        0.0,
                        0.0,
                        0.0
                    ],
                    [
                        0.6352228935332564,
                        0.0,
                        0.0,
                        0.0,
                        0.0,
                        0.0
                    ],
                    [
                        0.0,
                        -0.6995694335508822,
                        0.0,
                        0.0,
                        0.0,
                        0.0
                    ],
                    [
                        0.6625090006302139,
                        -0.9189520776883192,
                        -0.0,
                        0.0,
                        0.0,
                        0.0
                    ],
                    [
                        0.0,
                        0.0,
                        0.0,
                        0.0,
                        0.0,
                        0.0
                    ],
                    [
                        0.5148365605598451,
                        -0.7032262122125882,
                        -0.7835752451197253,
                        -0.6685180739898737,
                        0.5500637637306169,
                        0.0
                    ]
                ]
            },
            "est_params": {
                "mui": [
                    -0.012267087800065772,
                    -0.0093274846883055,
                    0.008569263553005059,
                    0.0032230824689053424,
                    0.9999998073874462,
                    0.5421520048023694
                ],
                "Si": [
                    [
                        0.9980533984246683,
                        0.6446271917747312,
                        -0.44017370302684694,
                        0.0675450047835703,
                        4.560348473780338e-07,
                        0.36322514829159946
                    ],
                    [
                        0.6446271917747312,
                        1.4085644287362311,
                        -0.9863835983872483,
                        -0.8704464710831059,
                        8.33412279100569e-08,
                        0.6982360158909231
                    ],
                    [
                        -0.44017370302684694,
                        -0.9863835983872483,
                        1.6807449904677658,
                        0.6139019667968881,
                        -5.287320515363035e-07,
                        -1.247610329584506
                    ],
                    [
                        0.06754500478357028,
                        -0.8704464710831059,
                        0.6139019667968881,
                        1.8250124493284154,
                        4.5611700959610493e-07,
                        -1.0423411869068875
                    ],
                    [
                        4.560348473780337e-07,
                        8.334122791005694e-08,
                        -5.287320515363035e-07,
                        4.5611700959610493e-07,
                        1.0047791173279344e-06,
                        6.961644403933369e-07
                    ],
                    [
                        0.36322514829159946,
                        0.698236015890923,
                        -1.2476103295845058,
                        -1.0423411869068875,
                        6.961644403933369e-07,
                        2.362824590038514
                    ]
                ]
            },
            "est_tgt": [
                4
            ],
            "oracle_est_tgt": [
                4
            ]
        },
        "5": {
            "intv_type": "do",
            "inode": 5,
            "new_mui": 1.0,
            "new_sigmai": 0.0,
            "true_params": {
                "Si": [
                    [
                        1.0,
                        0.6352228935332564,
                        -0.44438251980761256,
                        0.0787696028226419,
                        -1.389282803763727,
                        0.0
                    ],
                    [
                        0.6352228935332564,
                        1.4035081244687628,
                        -0.9818513836186735,
                        -0.8689158226608553,
                        -2.2633734453475802,
                        0.0
                    ],
                    [
                        -0.44438251980761256,
                        -0.9818513836186735,
                        1.6868732162692655,
                        0.6078669498622533,
                        2.180612471941795,
                        0.0
                    ],
                    [
                        0.0787696028226419,
                        -0.8689158226608553,
                        0.6078669498622533,
                        1.8506775714165156,
                        1.1595193682724798,
                        0.0
                    ],
                    [
                        -1.389282803763727,
                        -2.2633734453475802,
                        2.180612471941795,
                        1.1595193682724798,
                        5.19358487286234,
                        0.0
                    ],
                    [
                        0.0,
                        0.0,
                        0.0,
                        0.0,
                        0.0,
                        1e-09
                    ]
                ],
                "mui": [
                    0.0,
                    0.0,
                    0.0,
                    0.0,
                    0.0,
                    1.0
                ],
                "Ai": [
                    [
                        0.0,
                        0.0,
                        0.0,
                        0.0,
                        0.0,
                        0.0
                    ],
                    [
                        0.6352228935332564,
                        0.0,
                        0.0,
                        0.0,
                        0.0,
                        0.0
                    ],
                    [
                        0.0,
                        -0.6995694335508822,
                        0.0,
                        0.0,
                        0.0,
                        0.0
                    ],
                    [
                        0.6625090006302139,
                        -0.9189520776883192,
                        -0.0,
                        0.0,
                        0.0,
                        0.0
                    ],
                    [
                        -0.5121230731671071,
                        -0.9630684331015171,
                        0.5972255928658794,
                        0.0,
                        0.0,
                        0.0
                    ],
                    [
                        0.0,
                        0.0,
                        0.0,
                        0.0,
                        0.0,
                        0.0
                    ]
                ]
            },
            "est_params": {
                "mui": [
                    -0.010182505993330997,
                    0.0015422971666864927,
                    0.0031312372186563086,
                    -0.003804318542507702,
                    0.008985093015129113,
                    0.9999997509781053
                ],
                "Si": [
                    [
                        1.009432399336989,
                        0.6510343080637427,
                        -0.4559103730116996,
                        0.08168202653559212,
                        -1.4116053409028915,
                        -3.752022068150994e-07
                    ],
                    [
                        0.6510343080637427,
                        1.4164430587954526,
                        -0.9788885944764646,
                        -0.8804628051508399,
                        -2.268173613639367,
                        -7.449175491129961e-08
                    ],
                    [
                        -0.4559103730116996,
                        -0.9788885944764646,
                        1.674170805826275,
                        0.6130551880412932,
                        2.1660646244587336,
                        8.284330490256683e-07
                    ],
                    [
                        0.08168202653559212,
                        -0.8804628051508399,
                        0.6130551880412932,
                        1.8864235532910063,
                        1.1579430420597487,
                        2.489842437237153e-07
                    ],
                    [
                        -1.4116053409028915,
                        -2.268173613639367,
                        2.1660646244587336,
                        1.1579430420597487,
                        5.170097899560598,
                        1.3576999588658906e-06
                    ],
                    [
                        -3.752022068150994e-07,
                        -7.449175491129976e-08,
                        8.284330490256681e-07,
                        2.489842437237153e-07,
                        1.3576999588658909e-06,
                        1.0088326090537135e-06
                    ]
                ]
            },
            "est_tgt": [
                5
            ],
            "oracle_est_tgt": [
                5
            ]
        },
        "obs": {
            "intv_type": "obs",
            "true_params": {
                "Si": [
                    [
                        1.0,
                        0.6352228935332564,
                        -0.44438251980761256,
                        0.0787696028226419,
                        -1.389282803763727,
                        -0.4005147179775355
                    ],
                    [
                        0.6352228935332564,
                        1.4035081244687628,
                        -0.9818513836186735,
                        -0.8689158226608553,
                        -2.2633734453475802,
                        -0.554707077745346
                    ],
                    [
                        -0.44438251980761256,
                        -0.9818513836186735,
                        1.6868732162692655,
                        0.6078669498622533,
                        2.180612471941795,
                        -0.06700697154669372
                    ],
                    [
                        0.0787696028226419,
                        -0.8689158226608553,
                        0.6078669498622533,
                        1.8506775714165156,
                        1.1595193682724798,
                        -0.424113457932361
                    ],
                    [
                        -1.389282803763727,
                        -2.2633734453475802,
                        2.180612471941795,
                        1.1595193682724798,
                        5.19358487286234,
                        1.2493791898363402
                    ],
                    [
                        -0.4005147179775355,
                        -0.554707077745346,
                        -0.06700697154669372,
                        -0.424113457932361,
                        1.2493791898363402,
                        2.2071556730058672
                    ]
                ],
                "mui": [
                    0.0,
                    0.0,
                    0.0,
                    0.0,
                    0.0,
                    0.0
                ],
                "Ai": [
                    [
                        0.0,
                        0.0,
                        0.0,
                        0.0,
                        0.0,
                        0.0
                    ],
                    [
                        0.6352228935332564,
                        0.0,
                        0.0,
                        0.0,
                        0.0,
