{
    "expt_args": {
        "save_dir": "all_expt_logs/expt_logs_11.05.24-sparsity_n6",
        "exp_name": "276",
        "num_nodes": 6,
        "obs_noise_mean": 0.0,
        "obs_noise_var": 1.0,
        "max_edge_strength": 1.0,
        "graph_sparsity_method": "adj_dense_prop",
        "adj_dense_prop": 0.4,
        "num_parents": null,
        "new_noise_mean": 1.0,
        "mix_samples": 16384,
        "stage2_samples": 16384,
        "gmm_tol": 0.001,
        "intv_type": "do",
        "new_noise_sigma": 0.0,
        "intv_targets": [
            0,
            1,
            2,
            3,
            4,
            5
        ]
    },
    "intv_args_dict": {
        "0": {
            "intv_type": "do",
            "inode": 0,
            "new_mui": 1.0,
            "new_sigmai": 0.0,
            "true_params": {
                "Si": [
                    [
                        1e-09,
                        0.0,
                        7.292632480559148e-10,
                        7.976620069320731e-10,
                        -1.4813493736009765e-09,
                        5.038100820758929e-10
                    ],
                    [
                        0.0,
                        1.0,
                        0.6838674249430043,
                        0.6146524288816976,
                        -0.6248494256941614,
                        0.4808945523241766
                    ],
                    [
                        7.292632480559148e-10,
                        0.6838674249430043,
                        1.4676746554300006,
                        0.4203407743559952,
                        -1.3410138171652366,
                        1.0320666267074818
                    ],
                    [
                        7.976620069320731e-10,
                        0.6146524288816976,
                        0.4203407743559952,
                        1.377797608966435,
                        -0.3840652183698662,
                        0.2955830050239019
                    ],
                    [
                        -1.4813493736009765e-09,
                        -0.6248494256941614,
                        -1.3410138171652366,
                        -0.3840652183698662,
                        2.225283854394913,
                        -1.712615613234648
                    ],
                    [
                        5.038100820758929e-10,
                        0.4808945523241766,
                        1.0320666267074818,
                        0.2955830050239019,
                        -1.712615613234648,
                        2.318057574454243
                    ]
                ],
                "mui": [
                    1.0,
                    0.0,
                    0.7292632480559147,
                    0.797662006932073,
                    -1.4813493736009764,
                    0.5038100820758928
                ],
                "Ai": [
                    [
                        0.0,
                        0.0,
                        0.0,
                        0.0,
                        0.0,
                        0.0
                    ],
                    [
                        -0.0,
                        0.0,
                        0.0,
                        0.0,
                        0.0,
                        0.0
                    ],
                    [
                        0.7292632480559147,
                        0.6838674249430043,
                        0.0,
                        0.0,
                        0.0,
                        0.0
                    ],
                    [
                        0.797662006932073,
                        0.6146524288816976,
                        -0.0,
                        0.0,
                        0.0,
                        0.0
                    ],
                    [
                        -0.8150218002916105,
                        0.0,
                        -0.9136996483583617,
                        -0.0,
                        0.0,
                        0.0
                    ],
                    [
                        -0.6362611327806267,
                        -0.0,
                        -0.0,
                        -0.0,
                        -0.7696166989190051,
                        0.0
                    ]
                ]
            },
            "est_params": {
                "mui": [
                    0.9999984581992054,
                    -0.023796798695974498,
                    0.686563724399035,
                    0.8051716346127513,
                    -1.439682540985861,
                    0.4492926269238643
                ],
                "Si": [
                    [
                        1.0054924930644428e-06,
                        -9.667763564924063e-07,
                        -1.2738915245890223e-07,
                        -1.6334232352192263e-06,
                        -1.4132983181058637e-07,
                        2.725960657391065e-07
                    ],
                    [
                        -9.667763564924063e-07,
                        0.9895961629987859,
                        0.675698660097053,
                        0.5899086074999499,
                        -0.6553831735584225,
                        0.505046340052405
                    ],
                    [
                        -1.2738915245890223e-07,
                        0.675698660097053,
                        1.4815177563558852,
                        0.41024220616573526,
                        -1.3749463372886794,
                        1.055462798337886
                    ],
                    [
                        -1.6334232352192265e-06,
                        0.5899086074999499,
                        0.4102422061657353,
                        1.2799051196565092,
                        -0.3709994696895519,
                        0.23872465585849603
                    ],
                    [
                        -1.4132983181058618e-07,
                        -0.6553831735584225,
                        -1.3749463372886792,
                        -0.3709994696895519,
                        2.2875839849185153,
                        -1.761314102539975
                    ],
                    [
                        2.72596065739106e-07,
                        0.505046340052405,
                        1.055462798337886,
                        0.23872465585849592,
                        -1.761314102539975,
                        2.377880171679339
                    ]
                ]
            },
            "est_tgt": [
                0
            ],
            "oracle_est_tgt": [
                0
            ]
        },
        "1": {
            "intv_type": "do",
            "inode": 1,
            "new_mui": 1.0,
            "new_sigmai": 0.0,
            "true_params": {
                "Si": [
                    [
                        1.0,
                        0.0,
                        0.7292632480559147,
                        0.797662006932073,
                        -1.4813493736009764,
                        0.5038100820758928
                    ],
                    [
                        0.0,
                        1e-09,
                        6.838674249430044e-10,
                        6.146524288816976e-10,
                        -6.248494256941614e-10,
                        4.808945523241766e-10
                    ],
                    [
                        0.7292632480559147,
                        6.838674249430044e-10,
                        1.5318248854327372,
                        0.5817055864464239,
                        -1.9939933044835185,
                        1.0706086843598688
                    ],
                    [
                        0.797662006932073,
                        6.146524288816976e-10,
                        0.5817055864464239,
                        1.6362646776807002,
                        -1.1816161146981892,
                        0.4018701614768521
                    ],
                    [
                        -1.4813493736009764,
                        -6.248494256941614e-10,
                        -1.9939933044835185,
                        -1.1816161146981892,
                        4.029243014468636,
                        -2.1584476774465835
                    ],
                    [
                        0.5038100820758928,
                        4.808945523241766e-10,
                        1.0706086843598688,
                        0.4018701614768521,
                        -2.1584476774465835,
                        2.340622602777925
                    ]
                ],
                "mui": [
                    0.0,
                    1.0,
                    0.6838674249430043,
                    0.6146524288816976,
                    -0.6248494256941614,
                    0.4808945523241766
                ],
                "Ai": [
                    [
                        0.0,
                        0.0,
                        0.0,
                        0.0,
                        0.0,
                        0.0
                    ],
                    [
                        0.0,
                        0.0,
                        0.0,
                        0.0,
                        0.0,
                        0.0
                    ],
                    [
                        0.7292632480559147,
                        0.6838674249430043,
                        0.0,
                        0.0,
                        0.0,
                        0.0
                    ],
                    [
                        0.797662006932073,
                        0.6146524288816976,
                        -0.0,
                        0.0,
                        0.0,
                        0.0
                    ],
                    [
                        -0.8150218002916105,
                        0.0,
                        -0.9136996483583617,
                        -0.0,
                        0.0,
                        0.0
                    ],
                    [
                        -0.6362611327806267,
                        -0.0,
                        -0.0,
                        -0.0,
                        -0.7696166989190051,
                        0.0
                    ]
                ]
            },
            "est_params": {
                "mui": [
                    -0.0018614731967536702,
                    1.0000003763512637,
                    0.6844588909408158,
                    0.6179184663717007,
                    -0.6128631880027195,
                    0.45403136278104855
                ],
                "Si": [
                    [
                        0.995829916781465,
                        7.60951199764293e-07,
                        0.7288867419684004,
                        0.8213127377199574,
                        -1.4775762998876372,
                        0.4991362262489056
                    ],
                    [
                        7.60951199764293e-07,
                        1.0137423761146498e-06,
                        1.2414939463654491e-06,
                        7.920391909413732e-07,
                        2.9053184176648177e-06,
                        2.1200630154392192e-06
                    ],
                    [
                        0.7288867419684004,
                        1.2414939463654496e-06,
                        1.5625938962371737,
                        0.6627068812475436,
                        -2.0174873080886067,
                        1.1285709502814079
                    ],
                    [
                        0.8213127377199574,
                        7.920391909413736e-07,
                        0.6627068812475436,
                        1.6710316461698214,
                        -1.282161660091057,
                        0.45634728648451367
                    ],
                    [
                        -1.4775762998876374,
                        2.9053184176648177e-06,
                        -2.0174873080886067,
                        -1.282161660091057,
                        4.047600200677804,
                        -2.196836691066473
                    ],
                    [
                        0.49913622624890547,
                        2.12006301543922e-06,
                        1.1285709502814079,
                        0.45634728648451367,
                        -2.196836691066473,
                        2.362514205103739
                    ]
                ]
            },
            "est_tgt": [
                1
            ],
            "oracle_est_tgt": [
                1
            ]
        },
        "2": {
            "intv_type": "do",
            "inode": 2,
            "new_mui": 1.0,
            "new_sigmai": 0.0,
            "true_params": {
                "Si": [
                    [
                        1.0,
                        0.0,
                        0.0,
                        0.797662006932073,
                        -0.8150218002916105,
                        -0.009006745293172802
                    ],
                    [
                        0.0,
                        1.0,
                        0.0,
                        0.6146524288816976,
                        0.0,
                        0.0
                    ],
                    [
                        0.0,
                        0.0,
                        1e-09,
                        0.0,
                        -9.136996483583618e-10,
                        7.031985071730181e-10
                    ],
                    [
                        0.797662006932073,
                        0.6146524288816976,
                        0.0,
                        2.0140622856330728,
                        -0.6501119249139973,
                        -0.00718433852647822
                    ],
                    [
                        -0.8150218002916105,
                        0.0,
                        -9.136996483583618e-10,
                        -0.6501119249139973,
                        1.664260535785425,
                        -0.7622760057979077
                    ],
                    [
                        -0.009006745293172802,
                        0.0,
                        7.031985071730181e-10,
                        -0.00718433852647822,
                        -0.7622760057979077,
                        1.5923909852102507
                    ]
                ],
                "mui": [
                    0.0,
                    0.0,
                    1.0,
                    0.0,
                    -0.9136996483583617,
                    0.7031985071730181
                ],
                "Ai": [
                    [
                        0.0,
                        0.0,
                        0.0,
                        0.0,
                        0.0,
                        0.0
                    ],
                    [
                        -0.0,
                        0.0,
                        0.0,
                        0.0,
                        0.0,
                        0.0
                    ],
                    [
                        0.0,
                        0.0,
                        0.0,
                        0.0,
                        0.0,
                        0.0
                    ],
                    [
                        0.797662006932073,
                        0.6146524288816976,
                        -0.0,
                        0.0,
                        0.0,
                        0.0
                    ],
                    [
                        -0.8150218002916105,
                        0.0,
                        -0.9136996483583617,
                        -0.0,
                        0.0,
                        0.0
                    ],
                    [
                        -0.6362611327806267,
                        -0.0,
                        -0.0,
                        -0.0,
                        -0.7696166989190051,
                        0.0
                    ]
                ]
            },
            "est_params": {
                "mui": [
                    0.008102659259545465,
                    -0.04567968546028545,
                    1.000001306970369,
                    -0.05644077080593929,
                    -0.927101432995287,
                    0.6883360927867246
                ],
                "Si": [
                    [
                        0.9776943927415558,
                        -0.027378652755591953,
                        1.531990880994242e-06,
                        0.7541298721527292,
                        -0.8003106907290702,
                        -0.00901726649219554
                    ],
                    [
                        -0.02737865275559196,
                        1.0036125365485473,
                        2.073380482257202e-06,
                        0.5916430846022538,
                        0.04063534731775624,
                        -0.05023321048511629
                    ],
                    [
                        1.531990880994242e-06,
                        2.073380482257202e-06,
                        1.0063435225879261e-06,
                        2.7329452918621823e-06,
                        -2.8818909382832265e-06,
                        6.327337741579469e-07
                    ],
                    [
                        0.7541298721527292,
                        0.5916430846022538,
                        2.7329452918621823e-06,
                        1.9520977807072553,
                        -0.6159030057251689,
                        -0.027521150553696208
                    ],
                    [
                        -0.8003106907290702,
                        0.04063534731775624,
                        -2.8818909382832265e-06,
                        -0.6159030057251689,
                        1.6106151012148433,
                        -0.7412677523667988
                    ],
                    [
                        -0.009017266492195534,
                        -0.0502332104851163,
                        6.327337741579471e-07,
                        -0.027521150553696198,
                        -0.7412677523667988,
                        1.604862730404695
                    ]
                ]
            },
            "est_tgt": [
                2
            ],
            "oracle_est_tgt": [
                2
            ]
        },
        "3": {
            "intv_type": "do",
            "inode": 3,
            "new_mui": 1.0,
            "new_sigmai": 0.0,
            "true_params": {
                "Si": [
                    [
                        1.0,
                        0.0,
                        0.7292632480559147,
                        0.0,
                        -1.4813493736009764,
                        0.5038100820758928
                    ],
                    [
                        0.0,
                        1.0,
                        0.6838674249430043,
                        0.0,
                        -0.6248494256941614,
                        0.4808945523241766
                    ],
                    [
                        0.7292632480559147,
                        0.6838674249430043,
                        1.9994995398632383,
                        0.0,
                        -2.421307471782786,
                        1.3994768031980542
                    ],
                    [
                        0.0,
                        0.0,
                        0.0,
                        1e-09,
                        0.0,
                        0.0
                    ],
                    [
                        -1.4813493736009764,
                        -0.6248494256941614,
                        -2.421307471782786,
                        0.0,
                        4.419679818868522,
                        -2.4589343619853095
                    ],
                    [
                        0.5038100820758928,
                        0.4808945523241766,
                        1.3994768031980542,
                        0.0,
                        -2.4589343619853095,
                        2.571882173001736
                    ]
                ],
                "mui": [
                    0.0,
                    0.0,
                    0.0,
                    1.0,
                    0.0,
                    0.0
                ],
                "Ai": [
                    [
                        0.0,
                        0.0,
                        0.0,
                        0.0,
                        0.0,
                        0.0
                    ],
                    [
                        -0.0,
                        0.0,
                        0.0,
                        0.0,
                        0.0,
                        0.0
                    ],
                    [
                        0.7292632480559147,
                        0.6838674249430043,
                        0.0,
                        0.0,
                        0.0,
                        0.0
                    ],
                    [
                        0.0,
                        0.0,
                        0.0,
                        0.0,
                        0.0,
                        0.0
                    ],
                    [
                        -0.8150218002916105,
                        0.0,
                        -0.9136996483583617,
                        -0.0,
                        0.0,
                        0.0
                    ],
                    [
                        -0.6362611327806267,
                        -0.0,
                        -0.0,
                        -0.0,
                        -0.7696166989190051,
                        0.0
                    ]
                ]
            },
            "est_params": {
                "mui": [
                    -0.025292835610921747,
                    0.009322979014591745,
                    0.0022428433708189767,
                    1.0000009604015923,
                    0.051211755655802084,
                    -0.004648510764756344
                ],
                "Si": [
                    [
                        0.9760038870581715,
                        -0.03281907468873903,
                        0.6877939810210386,
                        -1.0536312317302492e-06,
                        -1.4021779774552787,
                        0.44600736337591584
                    ],
                    [
                        -0.03281907468873903,
                        0.9545375243908899,
                        0.6432093831482958,
                        -7.01254019780816e-08,
                        -0.5581734999555261,
                        0.4755151182090766
                    ],
                    [
                        0.6877939810210386,
                        0.6432093831482958,
                        1.9860038696013647,
                        -1.371758072714411e-06,
                        -2.334027781996315,
                        1.36079201581098
                    ],
                    [
                        -1.0536312317302492e-06,
                        -7.01254019780815e-08,
                        -1.371758072714411e-06,
                        1.018505474690775e-06,
                        8.781784090864399e-07,
                        4.347407570078301e-07
                    ],
                    [
                        -1.4021779774552787,
                        -0.5581734999555262,
                        -2.334027781996315,
                        8.781784090864391e-07,
                        4.168344660783065,
                        -2.3100495915420436
                    ],
                    [
                        0.44600736337591584,
                        0.4755151182090766,
                        1.36079201581098,
                        4.3474075700783027e-07,
                        -2.3100495915420436,
                        2.464688260628458
                    ]
                ]
            },
            "est_tgt": [
                3
            ],
            "oracle_est_tgt": [
                3
            ]
        },
        "4": {
            "intv_type": "do",
            "inode": 4,
            "new_mui": 1.0,
            "new_sigmai": 0.0,
            "true_params": {
                "Si": [
                    [
                        1.0,
                        0.0,
                        0.7292632480559147,
                        0.797662006932073,
                        0.0,
                        -0.6362611327806267
                    ],
                    [
                        0.0,
                        1.0,
                        0.6838674249430043,
                        0.6146524288816976,
                        0.0,
                        0.0
                    ],
                    [
                        0.7292632480559147,
                        0.6838674249430043,
                        1.9994995398632383,
                        1.0020463598003728,
                        0.0,
                        -0.46400186030333546
                    ],
                    [
                        0.797662006932073,
                        0.6146524288816976,
                        1.0020463598003728,
                        2.0140622856330728,
                        0.0,
                        -0.5075213321066688
                    ],
                    [
                        0.0,
                        0.0,
                        0.0,
                        0.0,
                        1e-09,
                        -7.696166989190052e-10
                    ],
                    [
                        -0.6362611327806267,
                        0.0,
                        -0.46400186030333546,
                        -0.5075213321066688,
                        -7.696166989190052e-10,
                        1.4048282296795962
                    ]
                ],
                "mui": [
                    0.0,
                    0.0,
                    0.0,
                    0.0,
                    1.0,
                    -0.7696166989190051
                ],
                "Ai": [
                    [
                        0.0,
                        0.0,
                        0.0,
                        0.0,
                        0.0,
                        0.0
                    ],
                    [
                        -0.0,
                        0.0,
                        0.0,
                        0.0,
                        0.0,
                        0.0
                    ],
                    [
                        0.7292632480559147,
                        0.6838674249430043,
                        0.0,
                        0.0,
                        0.0,
                        0.0
                    ],
                    [
                        0.797662006932073,
                        0.6146524288816976,
                        -0.0,
                        0.0,
                        0.0,
                        0.0
                    ],
                    [
                        0.0,
                        0.0,
                        0.0,
                        0.0,
                        0.0,
                        0.0
                    ],
                    [
                        -0.6362611327806267,
                        -0.0,
                        -0.0,
                        -0.0,
                        -0.7696166989190051,
                        0.0
                    ]
                ]
            },
            "est_params": {
                "mui": [
                    0.021083562039054697,
                    -0.0070630137361986775,
                    0.008260229634515507,
                    -0.014943876372873158,
                    0.9999994560167306,
                    -0.7578674806145528
                ],
                "Si": [
                    [
                        0.9674187018229661,
                        0.014684308537478357,
                        0.7164683547034771,
                        0.7881651056375067,
                        8.587586008518807e-07,
                        -0.6090761132157503
                    ],
                    [
                        0.014684308537478345,
                        0.9910106675378357,
                        0.7114018242128389,
                        0.6061331781052588,
                        -1.1347817579266823e-06,
                        0.013687501154774781
                    ],
                    [
                        0.7164683547034771,
                        0.7114018242128389,
                        2.0353013036083873,
                        1.0339863534492773,
                        8.681033259662603e-07,
                        -0.397809221397491
                    ],
                    [
                        0.7881651056375069,
                        0.6061331781052587,
                        1.0339863534492773,
                        1.9385913753702413,
                        1.6569344537188672e-06,
                        -0.510461704628265
                    ],
                    [
                        8.587586008518805e-07,
                        -1.1347817579266823e-06,
                        8.681033259662596e-07,
                        1.6569344537188672e-06,
                        1.0111057888688582e-06,
                        1.0093356127298181e-07
                    ],
                    [
                        -0.6090761132157501,
                        0.013687501154774781,
                        -0.3978092213974911,
                        -0.510461704628265,
                        1.0093356127298144e-07,
                        1.4008923544078948
                    ]
                ]
            },
            "est_tgt": [
                4
            ],
            "oracle_est_tgt": [
                4
            ]
        },
        "5": {
            "intv_type": "do",
            "inode": 5,
            "new_mui": 1.0,
            "new_sigmai": 0.0,
            "true_params": {
                "Si": [
                    [
                        1.0,
                        0.0,
                        0.7292632480559147,
                        0.797662006932073,
                        -1.4813493736009764,
                        0.0
                    ],
                    [
                        0.0,
                        1.0,
                        0.6838674249430043,
                        0.6146524288816976,
                        -0.6248494256941614,
                        0.0
                    ],
                    [
                        0.7292632480559147,
                        0.6838674249430043,
                        1.9994995398632383,
                        1.0020463598003728,
                        -2.421307471782786,
                        0.0
                    ],
                    [
                        0.797662006932073,
                        0.6146524288816976,
                        1.0020463598003728,
                        2.0140622856330728,
                        -1.565681331502374,
                        0.0
                    ],
                    [
                        -1.4813493736009764,
                        -0.6248494256941614,
                        -2.421307471782786,
                        -1.565681331502374,
                        4.419679818868522,
                        0.0
                    ],
                    [
                        0.0,
                        0.0,
                        0.0,
                        0.0,
                        0.0,
                        1e-09
                    ]
                ],
                "mui": [
                    0.0,
                    0.0,
                    0.0,
                    0.0,
                    0.0,
                    1.0
                ],
                "Ai": [
                    [
                        0.0,
                        0.0,
                        0.0,
                        0.0,
                        0.0,
                        0.0
                    ],
                    [
                        -0.0,
                        0.0,
                        0.0,
                        0.0,
                        0.0,
                        0.0
                    ],
                    [
                        0.7292632480559147,
                        0.6838674249430043,
                        0.0,
                        0.0,
                        0.0,
                        0.0
                    ],
                    [
                        0.797662006932073,
                        0.6146524288816976,
                        -0.0,
                        0.0,
                        0.0,
                        0.0
                    ],
                    [
                        -0.8150218002916105,
                        0.0,
                        -0.9136996483583617,
                        -0.0,
                        0.0,
                        0.0
                    ],
                    [
                        0.0,
                        0.0,
                        0.0,
                        0.0,
                        0.0,
                        0.0
                    ]
                ]
            },
            "est_params": {
                "mui": [
                    0.01084502328528747,
                    0.021776164610559718,
                    0.028696346522990697,
                    0.03998875549794265,
                    -0.02455070341472483,
                    0.9999994745311663
                ],
                "Si": [
                    [
                        1.0292261046569082,
                        0.02957609064708004,
                        0.728286788452618,
                        0.849767314680275,
                        -1.4958439256699847,
                        2.6089518281336583e-07
                    ],
                    [
                        0.02957609064708005,
                        0.9843827311305107,
                        0.653320463861144,
                        0.6503127866968974,
                        -0.6294386316814137,
                        4.142079770157691e-06
                    ],
                    [
                        0.728286788452618,
                        0.653320463861144,
                        1.912867823786154,
                        1.010893605215925,
                        -2.3665784556600635,
                        1.5329165917950778e-06
                    ],
                    [
                        0.849767314680275,
                        0.6503127866968973,
                        1.010893605215925,
                        2.101253661533339,
                        -1.649602135185706,
                        1.0751248143257982e-06
                    ],
                    [
                        -1.4958439256699847,
                        -0.6294386316814137,
                        -2.3665784556600635,
                        -1.649602135185706,
                        4.429646556664409,
                        -3.0426366801616863e-06
                    ],
                    [
                        2.608951828133658e-07,
                        4.142079770157691e-06,
                        1.5329165917950778e-06,
                        1.0751248143257982e-06,
                        -3.042636680161686e-06,
                        1.0116590663381668e-06
                    ]
                ]
            },
            "est_tgt": [
                5
            ],
            "oracle_est_tgt": [
                5
            ]
        },
        "obs": {
            "intv_type": "obs",
            "true_params": {
                "Si": [
                    [
                        1.0,
                        0.0,
                        0.7292632480559147,
                        0.797662006932073,
                        -1.4813493736009764,
                        0.5038100820758928
                    ],
                    [
                        0.0,
                        1.0,
                        0.6838674249430043,
                        0.6146524288816976,
                        -0.6248494256941614,
                        0.4808945523241766
                    ],
                    [
                        0.7292632480559147,
                        0.6838674249430043,
                        1.9994995398632383,
                        1.0020463598003728,
                        -2.421307471782786,
                        1.3994768031980542
                    ],
                    [
                        0.797662006932073,
                        0.6146524288816976,
                        1.0020463598003728,
                        2.0140622856330728,
                        -1.565681331502374,
                        0.6974531658033009
                    ],
                    [
                        -1.4813493736009764,
                        -0.6248494256941614,
                        -2.421307471782786,
                        -1.565681331502374,
                        4.419679818868522,
                        -2.4589343619853095
                    ],
                    [
                        0.5038100820758928,
                        0.4808945523241766,
                        1.3994768031980542,
                        0.6974531658033009,
                        -2.4589343619853095,
                        2.571882173001736
                    ]
                ],
                "mui": [
                    0.0,
                    0.0,
                    0.0,
                    0.0,
                    0.0,
                    0.0
                ],
                "Ai": [
                    [
                        0.0,
                        0.0,
                        0.0,
                        0.0,
                        0.0,
                        0.0
                    ],
                    [
                        -0.0,
                        0.0,
                        0.0,
                        0.0,
                        0.0,
                        0.0
                    ],
                    [
                        0.7292632480559147,
                        0.6838674249430043,
                        0.0,
                        0.0,
                        0.0,
                        0.0
                    ],
                    [
                        0.797662006932073,
                        0.6146524288816976,
                        -0.0,
                        0.0,
                        0.0,
                        0.0
                    ],
                    [
                        -0.8150218002916105,
                        0.0,
                        -0.9136996483583617,
                        -0.0,
                        0.0,
                        0.0
                    ],
                    [
