{
    "expt_args": {
        "save_dir": "all_expt_logs/expt_logs_11.05.24-sparsity_n6",
        "exp_name": "431",
        "num_nodes": 6,
        "obs_noise_mean": 0.0,
        "obs_noise_var": 1.0,
        "max_edge_strength": 1.0,
        "graph_sparsity_method": "adj_dense_prop",
        "adj_dense_prop": 0.9,
        "num_parents": null,
        "new_noise_mean": 1.0,
        "mix_samples": 131072,
        "stage2_samples": 131072,
        "gmm_tol": 0.001,
        "intv_type": "do",
        "new_noise_sigma": 0.0,
        "intv_targets": [
            0,
            1,
            2,
            3,
            4,
            5
        ]
    },
    "intv_args_dict": {
        "0": {
            "intv_type": "do",
            "inode": 0,
            "new_mui": 1.0,
            "new_sigmai": 0.0,
            "true_params": {
                "Si": [
                    [
                        1e-09,
                        0.0,
                        6.341095915181326e-10,
                        5.433652891206587e-10,
                        5.158256005168486e-10,
                        1.0950828545459153e-10
                    ],
                    [
                        0.0,
                        1.0,
                        -0.7798560568224,
                        0.909983604087669,
                        -1.2318948433026975,
                        -1.5689502761772247
                    ],
                    [
                        6.341095915181326e-10,
                        -0.7798560568224,
                        1.6081754697646775,
                        -1.2274262243829384,
                        1.3640396006414377,
                        1.7409173267145757
                    ],
                    [
                        5.433652891206587e-10,
                        0.909983604087669,
                        -1.2274262243829384,
                        2.0961559323554617,
                        -2.1088334128602644,
                        -2.694805435493689
                    ],
                    [
                        5.158256005168486e-10,
                        -1.2318948433026975,
                        1.3640396006414377,
                        -2.1088334128602644,
                        3.2870765223948206,
                        2.9198325615892284
                    ],
                    [
                        1.0950828545459153e-10,
                        -1.5689502761772247,
                        1.7409173267145757,
                        -2.694805435493689,
                        2.9198325615892284,
                        4.72769280156997
                    ]
                ],
                "mui": [
                    1.0,
                    0.0,
                    0.6341095915181325,
                    0.5433652891206586,
                    0.5158256005168486,
                    0.10950828545459153
                ],
                "Ai": [
                    [
                        0.0,
                        0.0,
                        0.0,
                        0.0,
                        0.0,
                        0.0
                    ],
                    [
                        0.0,
                        0.0,
                        0.0,
                        0.0,
                        0.0,
                        0.0
                    ],
                    [
                        0.6341095915181325,
                        -0.7798560568224,
                        0.0,
                        0.0,
                        0.0,
                        0.0
                    ],
                    [
                        0.8716882119853335,
                        0.5061975339595549,
                        -0.5177699994706458,
                        0.0,
                        0.0,
                        0.0
                    ],
                    [
                        0.9391030845407038,
                        -0.523024442205624,
                        -0.0,
                        -0.7789924982305285,
                        0.0,
                        0.0
                    ],
                    [
                        0.6524453546676479,
                        -0.6596838196561452,
                        0.0,
                        -0.999211911551628,
                        -0.0,
                        0.0
                    ]
                ]
            },
            "est_params": {
                "mui": [
                    0.9999996086368719,
                    0.00428360812553256,
                    0.6203289016267036,
                    0.5570157412735653,
                    0.5173391534021263,
                    0.10561953449419312
                ],
                "Si": [
                    [
                        1.0229325556508017e-06,
                        -4.0119252891795885e-07,
                        8.556021353190668e-07,
                        -9.488236537695692e-07,
                        2.749879558224644e-07,
                        2.6753105007058122e-06
                    ],
                    [
                        -4.0119252891795874e-07,
                        0.9905017710688302,
                        -0.7772963067369103,
                        0.8966039027265069,
                        -1.201891143041856,
                        -1.5480483504950853
                    ],
                    [
                        8.55602135319067e-07,
                        -0.7772963067369103,
                        1.6172604728935844,
                        -1.2315315525476431,
                        1.3616985203575036,
                        1.736897637694634
                    ],
                    [
                        -9.488236537695694e-07,
                        0.8966039027265069,
                        -1.2315315525476431,
                        2.073030390274803,
                        -2.0735140783061774,
                        -2.6560485676935057
                    ],
                    [
                        2.7498795582246465e-07,
                        -1.2018911430418562,
                        1.3616985203575038,
                        -2.0735140783061774,
                        3.2250612099492195,
                        2.8570601545530403
                    ],
                    [
                        2.6753105007058122e-06,
                        -1.5480483504950853,
                        1.7368976376946337,
                        -2.6560485676935057,
                        2.8570601545530403,
                        4.6734309147346424
                    ]
                ]
            },
            "est_tgt": [
                0
            ],
            "oracle_est_tgt": [
                0
            ]
        },
        "1": {
            "intv_type": "do",
            "inode": 1,
            "new_mui": 1.0,
            "new_sigmai": 0.0,
            "true_params": {
                "Si": [
                    [
                        1.0,
                        0.0,
                        0.6341095915181325,
                        0.5433652891206586,
                        0.5158256005168486,
                        0.10950828545459153
                    ],
                    [
                        0.0,
                        1e-09,
                        -7.798560568224e-10,
                        9.09983604087669e-10,
                        -1.2318948433026975e-09,
                        -1.5689502761772248e-09
                    ],
                    [
                        0.6341095915181325,
                        -7.798560568224e-10,
                        1.4020949746634683,
                        -0.17321685865086928,
                        0.7304289071954927,
                        0.586802206296167
                    ],
                    [
                        0.5433652891206586,
                        9.09983604087669e-10,
                        -0.17321685865086928,
                        1.5633316106010797,
                        -0.7075475783352727,
                        -1.2075834088436745
                    ],
                    [
                        0.5158256005168486,
                        -1.2318948433026975e-09,
                        0.7304289071954927,
                        -0.7075475783352727,
                        2.0355876688390993,
                        1.043537985950642
                    ],
                    [
                        0.10950828545459153,
                        -1.5689502761772248e-09,
                        0.586802206296167,
                        -1.2075834088436745,
                        1.043537985950642,
                        2.2780798994861975
                    ]
                ],
                "mui": [
                    0.0,
                    1.0,
                    -0.7798560568224,
                    0.909983604087669,
                    -1.2318948433026975,
                    -1.5689502761772247
                ],
                "Ai": [
                    [
                        0.0,
                        0.0,
                        0.0,
                        0.0,
                        0.0,
                        0.0
                    ],
                    [
                        0.0,
                        0.0,
                        0.0,
                        0.0,
                        0.0,
                        0.0
                    ],
                    [
                        0.6341095915181325,
                        -0.7798560568224,
                        0.0,
                        0.0,
                        0.0,
                        0.0
                    ],
                    [
                        0.8716882119853335,
                        0.5061975339595549,
                        -0.5177699994706458,
                        0.0,
                        0.0,
                        0.0
                    ],
                    [
                        0.9391030845407038,
                        -0.523024442205624,
                        -0.0,
                        -0.7789924982305285,
                        0.0,
                        0.0
                    ],
                    [
                        0.6524453546676479,
                        -0.6596838196561452,
                        0.0,
                        -0.999211911551628,
                        -0.0,
                        0.0
                    ]
                ]
            },
            "est_params": {
                "mui": [
                    -0.004584560110929236,
                    0.999999581356047,
                    -0.7852108202648137,
                    0.9074067141919507,
                    -1.2512271383748947,
                    -1.5676473706801755
                ],
                "Si": [
                    [
                        0.9941301576088898,
                        -1.2291023666797676e-07,
                        0.6384513811316948,
                        0.5252399065771519,
                        0.5206766599514302,
                        0.11127896073162262
                    ],
                    [
                        -1.2291023666797676e-07,
                        1.0187425689616794e-06,
                        -9.842100130869552e-07,
                        4.800318507918782e-07,
                        -5.400028155705349e-07,
                        -5.472613533594817e-07
                    ],
                    [
                        0.6384513811316948,
                        -9.842100130869556e-07,
                        1.4080634821563782,
                        -0.1901915474449644,
                        0.7458470301274923,
                        0.6045218210233089
                    ],
                    [
                        0.5252399065771519,
                        4.800318507918783e-07,
                        -0.1901915474449644,
                        1.5483957270221382,
                        -0.7182254247698818,
                        -1.2160474771973477
                    ],
                    [
                        0.5206766599514302,
                        -5.400028155705346e-07,
                        0.7458470301274923,
                        -0.7182254247698818,
                        2.048743114099998,
                        1.0424714009632186
                    ],
                    [
                        0.11127896073162262,
                        -5.472613533594817e-07,
                        0.604521821023309,
                        -1.2160474771973477,
                        1.0424714009632186,
                        2.287381164809803
                    ]
                ]
            },
            "est_tgt": [
                1,
                3
            ],
            "oracle_est_tgt": [
                1,
                3
            ]
        },
        "2": {
            "intv_type": "do",
            "inode": 2,
            "new_mui": 1.0,
            "new_sigmai": 0.0,
            "true_params": {
                "Si": [
                    [
                        1.0,
                        0.0,
                        0.0,
                        0.8716882119853335,
                        0.2600645066081463,
                        -0.218555889907238
                    ],
                    [
                        0.0,
                        1.0,
                        0.0,
                        0.5061975339595549,
                        -0.9173485237829105,
                        -1.1654824251865923
                    ],
                    [
                        0.0,
                        0.0,
                        1e-09,
                        -5.177699994706458e-10,
                        4.033389453964578e-10,
                        5.173619509151495e-10
                    ],
                    [
                        0.8716882119853335,
                        0.5061975339595549,
                        -5.177699994706458e-10,
                        2.016076282569008,
                        -1.0166568941936098,
                        -1.7796888342142607
                    ],
                    [
                        0.2600645066081463,
                        -0.9173485237829105,
                        4.033389453964578e-10,
                        -1.0166568941936098,
                        2.515991174146146,
                        1.7906935360147935
                    ],
                    [
                        -0.218555889907238,
                        -1.1654824251865923,
                        5.173619509151495e-10,
                        -1.7796888342142607,
                        1.7906935360147935,
                        3.4045404048862875
                    ]
                ],
                "mui": [
                    0.0,
                    0.0,
                    1.0,
                    -0.5177699994706458,
                    0.4033389453964578,
                    0.5173619509151495
                ],
                "Ai": [
                    [
                        0.0,
                        0.0,
                        0.0,
                        0.0,
                        0.0,
                        0.0
                    ],
                    [
                        0.0,
                        0.0,
                        0.0,
                        0.0,
                        0.0,
                        0.0
                    ],
                    [
                        0.0,
                        0.0,
                        0.0,
                        0.0,
                        0.0,
                        0.0
                    ],
                    [
                        0.8716882119853335,
                        0.5061975339595549,
                        -0.5177699994706458,
                        0.0,
                        0.0,
                        0.0
                    ],
                    [
                        0.9391030845407038,
                        -0.523024442205624,
                        -0.0,
                        -0.7789924982305285,
                        0.0,
                        0.0
                    ],
                    [
                        0.6524453546676479,
                        -0.6596838196561452,
                        0.0,
                        -0.999211911551628,
                        -0.0,
                        0.0
                    ]
                ]
            },
            "est_params": {
                "mui": [
                    0.29225199773242977,
                    -0.5133177109322951,
                    1.1326778257930323,
                    -0.7828564912278483,
                    1.10880518768478,
                    1.3259370686182328
                ],
                "Si": [
                    [
                        0.9631227853855785,
                        0.0898017354621443,
                        0.18343925750465565,
                        0.8448747116062149,
                        0.10354648999425653,
                        -0.2658950395013537
                    ],
                    [
                        0.0898017354621443,
                        0.8354247911776439,
                        -0.2170056024717378,
                        0.5445045963189696,
                        -0.541672949301447,
                        -1.0343906488689047
                    ],
                    [
                        0.18343925750465565,
                        -0.21700560247173786,
                        0.5544105396364025,
                        -0.20021596220122578,
                        0.21709934891225435,
                        0.45704832899520453
                    ],
                    [
                        0.8448747116062149,
                        0.5445045963189696,
                        -0.20021596220122578,
                        2.102078952797918,
                        -0.8541487135576026,
                        -1.9083434845222322
                    ],
                    [
                        0.10354648999425653,
                        -0.541672949301447,
                        0.21709934891225435,
                        -0.8541487135576029,
                        1.8323355565549204,
                        1.2939067425358188
                    ],
                    [
                        -0.2658950395013537,
                        -1.0343906488689047,
                        0.4570483289952045,
                        -1.9083434845222322,
                        1.2939067425358188,
                        3.440724760037521
                    ]
                ]
            },
            "est_tgt": [
                0,
                1,
                2,
                3,
                4,
                5
            ],
            "oracle_est_tgt": [
                2,
                3,
                5
            ]
        },
        "3": {
            "intv_type": "do",
            "inode": 3,
            "new_mui": 1.0,
            "new_sigmai": 0.0,
            "true_params": {
                "Si": [
                    [
                        1.0,
                        0.0,
                        0.6341095915181325,
                        0.0,
                        0.9391030845407038,
                        0.6524453546676479
                    ],
                    [
                        0.0,
                        1.0,
                        -0.7798560568224,
                        0.0,
                        -0.523024442205624,
                        -0.6596838196561452
                    ],
                    [
                        0.6341095915181325,
                        -0.7798560568224,
                        2.010270443417875,
                        0.0,
                        1.003378052451737,
                        0.9281802796827859
                    ],
                    [
                        0.0,
                        0.0,
                        0.0,
                        1e-09,
                        -7.789924982305286e-10,
                        -9.99211911551628e-10
                    ],
                    [
                        0.9391030845407038,
                        -0.523024442205624,
                        1.003378052451737,
                        -7.789924982305286e-10,
                        2.1554691711451976,
                        0.957744207648751
                    ],
                    [
                        0.6524453546676479,
                        -0.6596838196561452,
                        0.9281802796827859,
                        -9.99211911551628e-10,
                        0.957744207648751,
                        1.860867683741939
                    ]
                ],
                "mui": [
                    0.0,
                    0.0,
                    0.0,
                    1.0,
                    -0.7789924982305285,
                    -0.999211911551628
                ],
                "Ai": [
                    [
                        0.0,
                        0.0,
                        0.0,
                        0.0,
                        0.0,
                        0.0
                    ],
                    [
                        0.0,
                        0.0,
                        0.0,
                        0.0,
                        0.0,
                        0.0
                    ],
                    [
                        0.6341095915181325,
                        -0.7798560568224,
                        0.0,
                        0.0,
                        0.0,
                        0.0
                    ],
                    [
                        0.0,
                        0.0,
                        0.0,
                        0.0,
                        0.0,
                        0.0
                    ],
                    [
                        0.9391030845407038,
                        -0.523024442205624,
                        -0.0,
                        -0.7789924982305285,
                        0.0,
                        0.0
                    ],
                    [
                        0.6524453546676479,
                        -0.6596838196561452,
                        0.0,
                        -0.999211911551628,
                        -0.0,
                        0.0
                    ]
                ]
            },
            "est_params": {
                "mui": [
                    -0.004476722830999858,
                    -0.001885590464656556,
                    -0.004459189934516492,
                    0.9999995305355729,
                    -0.7839722513045195,
                    -1.0087347714293755
                ],
                "Si": [
                    [
                        1.000763630621773,
                        -0.0095818062073916,
                        0.6363059153096807,
                        -3.1109690903780423e-07,
                        0.942363527411634,
                        0.6535956675308711
                    ],
                    [
                        -0.009581806207391602,
                        1.012903355477416,
                        -0.7878131365385953,
                        -2.945027349543473e-07,
                        -0.5213015233277263,
                        -0.6780964079166819
                    ],
                    [
                        0.6363059153096807,
                        -0.7878131365385952,
                        2.012190173058097,
                        -3.8860488307951813e-08,
                        0.9905116778296982,
                        0.9370688623857777
                    ],
                    [
                        -3.110969090378043e-07,
                        -2.945027349543473e-07,
                        -3.886048830795186e-08,
                        1.0163107362620033e-06,
                        -3.502752990687881e-08,
                        -2.3112379404948183e-07
                    ],
                    [
                        0.942363527411634,
                        -0.5213015233277262,
                        0.9905116778296982,
                        -3.502752990687805e-08,
                        2.1484105010686,
                        0.9576089531540712
                    ],
                    [
                        0.6535956675308711,
                        -0.6780964079166819,
                        0.9370688623857777,
                        -2.311237940494815e-07,
                        0.9576089531540712,
                        1.883965585893936
                    ]
                ]
            },
            "est_tgt": [
                2,
                3,
                5
            ],
            "oracle_est_tgt": [
                2,
                3,
                5
            ]
        },
        "4": {
            "intv_type": "do",
            "inode": 4,
            "new_mui": 1.0,
            "new_sigmai": 0.0,
            "true_params": {
                "Si": [
                    [
                        1.0,
                        0.0,
                        0.6341095915181325,
                        0.5433652891206586,
                        0.0,
                        0.10950828545459153
                    ],
                    [
                        0.0,
                        1.0,
                        -0.7798560568224,
                        0.909983604087669,
                        0.0,
                        -1.5689502761772247
                    ],
                    [
                        0.6341095915181325,
                        -0.7798560568224,
                        2.010270443417875,
                        -0.8828730831980586,
                        0.0,
                        1.8103575808025976
                    ],
                    [
                        0.5433652891206586,
                        0.909983604087669,
                        -0.8828730831980586,
                        2.3914017694813934,
                        0.0,
                        -2.63530243436605
                    ],
                    [
                        0.0,
                        0.0,
                        0.0,
                        0.0,
                        1e-09,
                        0.0
                    ],
                    [
                        0.10950828545459153,
                        -1.5689502761772247,
                        1.8103575808025976,
                        -2.63530243436605,
                        0.0,
                        4.739684866141182
                    ]
                ],
                "mui": [
                    0.0,
                    0.0,
                    0.0,
                    0.0,
                    1.0,
                    0.0
                ],
                "Ai": [
                    [
                        0.0,
                        0.0,
                        0.0,
                        0.0,
                        0.0,
                        0.0
                    ],
                    [
                        0.0,
                        0.0,
                        0.0,
                        0.0,
                        0.0,
                        0.0
                    ],
                    [
                        0.6341095915181325,
                        -0.7798560568224,
                        0.0,
                        0.0,
                        0.0,
                        0.0
                    ],
                    [
                        0.8716882119853335,
                        0.5061975339595549,
                        -0.5177699994706458,
                        0.0,
                        0.0,
                        0.0
                    ],
                    [
                        0.0,
                        0.0,
                        0.0,
                        0.0,
                        0.0,
                        0.0
                    ],
                    [
                        0.6524453546676479,
                        -0.6596838196561452,
                        0.0,
                        -0.999211911551628,
                        -0.0,
                        0.0
                    ]
                ]
            },
            "est_params": {
                "mui": [
                    -0.14693177341817354,
                    0.06059069821207123,
                    0.35578878416798293,
                    -0.3640214042492013,
                    0.504096223067178,
                    0.21301266006138822
                ],
                "Si": [
                    [
                        0.8890858742697777,
                        0.1076559377870198,
                        0.12237595773761815,
                        0.7789497227397382,
                        0.17040440413184185,
                        -0.2720711342110969
                    ],
                    [
                        0.10765593778701978,
                        0.7485734425203928,
                        0.04147093650777388,
                        0.3067661109016523,
                        -0.3439568139348791,
                        -0.7183294915346665
                    ],
                    [
                        0.12237595773761817,
                        0.041470936507773885,
                        0.7512646034881882,
                        -0.020600057534845714,
                        -0.17934173947987608,
                        0.07765956271886328
                    ],
                    [
                        0.7789497227397382,
                        0.3067661109016523,
                        -0.02060005753484572,
                        1.5327514062619993,
                        -0.11571739784274611,
                        -1.2243474481156926
                    ],
                    [
                        0.17040440413184185,
                        -0.3439568139348791,
                        -0.17934173947987608,
                        -0.11571739784274611,
                        0.9039336964293799,
                        0.4449231799626584
                    ],
                    [
                        -0.2720711342110969,
                        -0.7183294915346665,
                        0.07765956271886326,
                        -1.2243474481156926,
                        0.4449231799626584,
                        2.503463455168603
                    ]
                ]
            },
            "est_tgt": [
                0,
                1,
                2,
                3,
                4,
                5
            ],
            "oracle_est_tgt": [
                4
            ]
        },
        "5": {
            "intv_type": "do",
            "inode": 5,
            "new_mui": 1.0,
            "new_sigmai": 0.0,
            "true_params": {
                "Si": [
                    [
                        1.0,
                        0.0,
                        0.6341095915181325,
                        0.5433652891206586,
                        0.5158256005168486,
                        0.0
                    ],
                    [
                        0.0,
                        1.0,
                        -0.7798560568224,
                        0.909983604087669,
                        -1.2318948433026975,
                        0.0
                    ],
                    [
                        0.6341095915181325,
                        -0.7798560568224,
                        2.010270443417875,
                        -0.8828730831980586,
                        1.691129561152682,
                        0.0
                    ],
                    [
                        0.5433652891206586,
                        0.909983604087669,
                        -0.8828730831980586,
                        2.3914017694813934,
                        -1.8285516865798714,
                        0.0
                    ],
                    [
                        0.5158256005168486,
                        -1.2318948433026975,
                        1.691129561152682,
                        -1.8285516865798714,
                        3.553152572277312,
                        0.0
                    ],
                    [
                        0.0,
                        0.0,
                        0.0,
                        0.0,
                        0.0,
                        1e-09
                    ]
                ],
                "mui": [
                    0.0,
                    0.0,
                    0.0,
                    0.0,
                    0.0,
                    1.0
                ],
                "Ai": [
                    [
                        0.0,
                        0.0,
                        0.0,
                        0.0,
                        0.0,
                        0.0
                    ],
                    [
                        0.0,
                        0.0,
                        0.0,
                        0.0,
                        0.0,
                        0.0
                    ],
                    [
                        0.6341095915181325,
                        -0.7798560568224,
                        0.0,
                        0.0,
                        0.0,
                        0.0
                    ],
                    [
                        0.8716882119853335,
                        0.5061975339595549,
                        -0.5177699994706458,
                        0.0,
                        0.0,
                        0.0
                    ],
                    [
                        0.9391030845407038,
                        -0.523024442205624,
                        -0.0,
                        -0.7789924982305285,
                        0.0,
                        0.0
                    ],
                    [
                        0.0,
                        0.0,
                        0.0,
                        0.0,
                        0.0,
                        0.0
                    ]
                ]
            },
            "est_params": {
                "mui": [
                    -0.013373038342131013,
                    0.008994351434375651,
                    -0.026484905526975865,
                    0.012071292496141089,
                    -0.03115793138550627,
                    0.999999941110465
                ],
                "Si": [
                    [
                        0.9970377011228038,
                        -0.0010492735360500833,
                        0.6397639148934045,
                        0.5229262632999104,
                        0.528966234725423,
                        -1.3139980220801681e-06
                    ],
                    [
                        -0.0010492735360500811,
                        1.0055685033089197,
                        -0.796961640267282,
                        0.9199765781422162,
                        -1.2446034596817517,
                        -5.042303468694403e-07
                    ],
                    [
                        0.6397639148934045,
                        -0.796961640267282,
                        2.049177072527157,
                        -0.9085924477333169,
                        1.7188090857871352,
                        -8.248672147294295e-07
                    ],
                    [
                        0.5229262632999104,
                        0.9199765781422162,
                        -0.9085924477333169,
                        2.3795869599492923,
                        -1.8420954033642107,
                        -8.92559901922879e-07
                    ],
                    [
                        0.528966234725423,
                        -1.2446034596817512,
                        1.7188090857871352,
                        -1.8420954033642107,
                        3.584275623305328,
                        -6.348544991248754e-07
                    ],
                    [
                        -1.3139980220801686e-06,
                        -5.042303468694406e-07,
                        -8.248672147294291e-07,
                        -8.925599019228791e-07,
                        -6.348544991248756e-07,
                        1.014039190933978e-06
                    ]
                ]
            },
            "est_tgt": [
                3,
                5
            ],
            "oracle_est_tgt": [
                3,
                5
            ]
        },
        "obs": {
            "intv_type": "obs",
            "true_params": {
                "Si": [
                    [
                        1.0,
                        0.0,
                        0.6341095915181325,
                        0.5433652891206586,
                        0.5158256005168486,
                        0.10950828545459153
                    ],
                    [
                        0.0,
                        1.0,
                        -0.7798560568224,
                        0.909983604087669,
                        -1.2318948433026975,
                        -1.5689502761772247
                    ],
                    [
                        0.6341095915181325,
                        -0.7798560568224,
                        2.010270443417875,
                        -0.8828730831980586,
                        1.691129561152682,
                        1.8103575808025976
                    ],
                    [
                        0.5433652891206586,
                        0.909983604087669,
                        -0.8828730831980586,
                        2.3914017694813934,
                        -1.8285516865798714,
                        -2.63530243436605
                    ],
                    [
                        0.5158256005168486,
                        -1.2318948433026975,
                        1.691129561152682,
                        -1.8285516865798714,
                        3.553152572277312,
                        2.976319738638926
                    ],
                    [
                        0.10950828545459153,
                        -1.5689502761772247,
                        1.8103575808025976,
                        -2.63530243436605,
                        2.976319738638926,
                        4.739684866141182
                    ]
                ],
                "mui": [
                    0.0,
                    0.0,
                    0.0,
                    0.0,
                    0.0,
                    0.0
                ],
                "Ai": [
                    [
                        0.0,
                        0.0,
                        0.0,
                        0.0,
                        0.0,
                        0.0
                    ],
                    [
                        0.0,
                        0.0,
                        0.0,
                        0.0,
                        0.0,
                        0.0
                    ],
                    [
                        0.6341095915181325,
                        -0.7798560568224,
