{
    "expt_args": {
        "save_dir": "all_expt_logs/expt_logs_11.05.24-sparsity_n6",
        "exp_name": "58",
        "num_nodes": 6,
        "obs_noise_mean": 0.0,
        "obs_noise_var": 1.0,
        "max_edge_strength": 1.0,
        "graph_sparsity_method": "adj_dense_prop",
        "adj_dense_prop": 1.0,
        "num_parents": null,
        "new_noise_mean": 1.0,
        "mix_samples": 4096,
        "stage2_samples": 4096,
        "gmm_tol": 0.001,
        "intv_type": "do",
        "new_noise_sigma": 0.0,
        "intv_targets": [
            0,
            1,
            2,
            3,
            4,
            5
        ]
    },
    "intv_args_dict": {
        "0": {
            "intv_type": "do",
            "inode": 0,
            "new_mui": 1.0,
            "new_sigmai": 0.0,
            "true_params": {
                "Si": [
                    [
                        1e-09,
                        -6.344238727373439e-10,
                        1.5153799226356102e-10,
                        1.3412777567926627e-09,
                        -1.1120335789342348e-09,
                        2.597280832893182e-09
                    ],
                    [
                        -6.344238727373439e-10,
                        1.0000000004024936,
                        0.579643990677566,
                        -1.1783809622684214,
                        1.4100312132394406,
                        -1.3919011820943408
                    ],
                    [
                        1.5153799226356102e-10,
                        0.579643990677566,
                        1.3359871560630312,
                        -1.3910059368807894,
                        0.6781846155659752,
                        -0.6004238865162171
                    ],
                    [
                        1.3412777567926627e-09,
                        -1.1783809622684214,
                        -1.3910059368807894,
                        2.8897954167329583,
                        -2.4370941959870764,
                        3.107485457490899
                    ],
                    [
                        -1.1120335789342348e-09,
                        1.4100312132394406,
                        0.6781846155659752,
                        -2.4370941959870764,
                        3.771492257922711,
                        -4.346965004593288
                    ],
                    [
                        2.597280832893182e-09,
                        -1.3919011820943408,
                        -0.6004238865162171,
                        3.107485457490899,
                        -4.346965004593288,
                        6.476929583393566
                    ]
                ],
                "mui": [
                    1.0,
                    -0.6344238727373438,
                    0.15153799226356102,
                    1.3412777567926626,
                    -1.1120335789342348,
                    2.597280832893182
                ],
                "Ai": [
                    [
                        0.0,
                        0.0,
                        0.0,
                        0.0,
                        0.0,
                        0.0
                    ],
                    [
                        -0.6344238727373438,
                        0.0,
                        0.0,
                        0.0,
                        0.0,
                        0.0
                    ],
                    [
                        0.5192779776991443,
                        0.5796439907737053,
                        0.0,
                        0.0,
                        0.0,
                        0.0
                    ],
                    [
                        0.9613151143946328,
                        -0.7680135968145902,
                        -0.7079644939562586,
                        0.0,
                        0.0,
                        0.0
                    ],
                    [
                        0.6950000785982227,
                        0.8194030233479791,
                        -0.7579210892154485,
                        -0.874040423049113,
                        0.0,
                        0.0
                    ],
                    [
                        0.7131450238356674,
                        0.5022878403467802,
                        0.6320474014089952,
                        0.7870522362566703,
                        -0.9454429917637023,
                        0.0
                    ]
                ]
            },
            "est_params": {
                "mui": [
                    0.9999969918885402,
                    -0.6684420189306569,
                    0.11463374598077562,
                    1.3469412046979967,
                    -1.1021659567048754,
                    2.602645474947809
                ],
                "Si": [
                    [
                        1.0066656740876618e-06,
                        -2.4684437478657388e-06,
                        4.685791004476062e-06,
                        -1.6529802251779026e-06,
                        1.3026869138146199e-06,
                        -1.5022184370154425e-06
                    ],
                    [
                        -2.4684437478657388e-06,
                        0.9652722620720812,
                        0.5331650845764412,
                        -1.087435549628997,
                        1.3085229765454618,
                        -1.3064989985960203
                    ],
                    [
                        4.685791004476063e-06,
                        0.5331650845764412,
                        1.215190259341424,
                        -1.277006277076702,
                        0.5512702338248305,
                        -0.5286099004162294
                    ],
                    [
                        -1.6529802251779026e-06,
                        -1.0874355496289971,
                        -1.277006277076702,
                        2.761941206315399,
                        -2.2913727914385618,
                        3.0594175407856894
                    ],
                    [
                        1.3026869138146199e-06,
                        1.3085229765454618,
                        0.5512702338248305,
                        -2.2913727914385618,
                        3.6998398283583693,
                        -4.299648211285413
                    ],
                    [
                        -1.5022184370154427e-06,
                        -1.30649899859602,
                        -0.5286099004162295,
                        3.0594175407856894,
                        -4.299648211285413,
                        6.495971646646886
                    ]
                ]
            },
            "est_tgt": [
                0
            ],
            "oracle_est_tgt": [
                0
            ]
        },
        "1": {
            "intv_type": "do",
            "inode": 1,
            "new_mui": 1.0,
            "new_sigmai": 0.0,
            "true_params": {
                "Si": [
                    [
                        1.0,
                        0.0,
                        0.5192779776991443,
                        0.5936847436902288,
                        -0.21747611639792,
                        1.714225495526593
                    ],
                    [
                        0.0,
                        1e-09,
                        5.796439907737053e-10,
                        -1.1783809614174827e-09,
                        1.4100312125339402e-09,
                        -1.3919011804465638e-09
                    ],
                    [
                        0.5192779776991443,
                        5.796439907737053e-10,
                        1.2696496184593002,
                        -0.3996770815450032,
                        -0.2520620605178286,
                        1.096542815917429
                    ],
                    [
                        0.5936847436902288,
                        -1.1783809614174827e-09,
                        -0.3996770815450032,
                        1.8536753009818558,
                        -0.9046525127251267,
                        2.485005128373624
                    ],
                    [
                        -0.21747611639792,
                        1.4100312125339402e-09,
                        -0.2520620605178286,
                        -0.9046525127251267,
                        1.830600099557869,
                        -2.7571439978725816
                    ],
                    [
                        1.714225495526593,
                        -1.3919011804465638e-09,
                        1.096542815917429,
                        2.485005128373624,
                        -2.7571439978725816,
                        7.478109731969942
                    ]
                ],
                "mui": [
                    0.0,
                    1.0,
                    0.5796439907737053,
                    -1.1783809614174827,
                    1.41003121253394,
                    -1.3919011804465637
                ],
                "Ai": [
                    [
                        0.0,
                        0.0,
                        0.0,
                        0.0,
                        0.0,
                        0.0
                    ],
                    [
                        0.0,
                        0.0,
                        0.0,
                        0.0,
                        0.0,
                        0.0
                    ],
                    [
                        0.5192779776991443,
                        0.5796439907737053,
                        0.0,
                        0.0,
                        0.0,
                        0.0
                    ],
                    [
                        0.9613151143946328,
                        -0.7680135968145902,
                        -0.7079644939562586,
                        0.0,
                        0.0,
                        0.0
                    ],
                    [
                        0.6950000785982227,
                        0.8194030233479791,
                        -0.7579210892154485,
                        -0.874040423049113,
                        0.0,
                        0.0
                    ],
                    [
                        0.7131450238356674,
                        0.5022878403467802,
                        0.6320474014089952,
                        0.7870522362566703,
                        -0.9454429917637023,
                        0.0
                    ]
                ]
            },
            "est_params": {
                "mui": [
                    0.051580044249634395,
                    1.0000049761828564,
                    0.5731854813784414,
                    -1.163771853469724,
                    1.4108511124531782,
                    -1.395983278062109
                ],
                "Si": [
                    [
                        0.9358177310222726,
                        -2.3447775885361397e-06,
                        0.45735643672452225,
                        0.5906267998034053,
                        -0.18964277548684377,
                        1.6400039437048943
                    ],
                    [
                        -2.3447775885361397e-06,
                        1.012910174763682e-06,
                        3.2455454184498366e-06,
                        -2.1112051019117763e-06,
                        -4.197615896152641e-06,
                        7.236596193381018e-06
                    ],
                    [
                        0.45735643672452214,
                        3.2455454184498366e-06,
                        1.1930742051166054,
                        -0.400759468742764,
                        -0.25028641394061746,
                        1.1012884171592818
                    ],
                    [
                        0.5906267998034052,
                        -2.1112051019117767e-06,
                        -0.400759468742764,
                        1.849655204503149,
                        -0.8888240631261406,
                        2.4073731335352107
                    ],
                    [
                        -0.18964277548684377,
                        -4.197615896152641e-06,
                        -0.25028641394061746,
                        -0.8888240631261406,
                        1.8398998662013797,
                        -2.714690795977273
                    ],
                    [
                        1.6400039437048943,
                        7.236596193381018e-06,
                        1.1012884171592818,
                        2.4073731335352107,
                        -2.714690795977273,
                        7.402040161880641
                    ]
                ]
            },
            "est_tgt": [
                1,
                3,
                5
            ],
            "oracle_est_tgt": [
                1,
                3,
                5
            ]
        },
        "2": {
            "intv_type": "do",
            "inode": 2,
            "new_mui": 1.0,
            "new_sigmai": 0.0,
            "true_params": {
                "Si": [
                    [
                        1.0,
                        -0.6344238727373438,
                        0.0,
                        1.448561274800682,
                        -1.0909498702462408,
                        2.566005926810505
                    ],
                    [
                        -0.6344238727373438,
                        1.4024936502990495,
                        0.0,
                        -1.6870154506709825,
                        2.182802594059197,
                        -3.1394654191434563
                    ],
                    [
                        0.0,
                        0.0,
                        1e-09,
                        -7.079644939562586e-10,
                        -1.3913150341416908e-10,
                        2.0638326808687368e-10
                    ],
                    [
                        1.448561274800682,
                        -1.6870154506709825,
                        -7.079644939562586e-10,
                        3.6881746522454746,
                        -3.5992090936648093,
                        6.49130003830106
                    ],
                    [
                        -1.0909498702462408,
                        2.182802594059197,
                        -1.3913150341416908e-10,
                        -3.5992090936648093,
                        5.176239038350515,
                        -7.40821475886128
                    ],
                    [
                        2.566005926810505,
                        -3.1394654191434563,
                        2.0638326808687368e-10,
                        6.49130003830106,
                        -7.40821475886128,
                        13.366055989346899
                    ]
                ],
                "mui": [
                    0.0,
                    0.0,
                    1.0,
                    -0.7079644939562586,
                    -0.13913150341416908,
                    0.20638326808687366
                ],
                "Ai": [
                    [
                        0.0,
                        0.0,
                        0.0,
                        0.0,
                        0.0,
                        0.0
                    ],
                    [
                        -0.6344238727373438,
                        0.0,
                        0.0,
                        0.0,
                        0.0,
                        0.0
                    ],
                    [
                        0.0,
                        0.0,
                        0.0,
                        0.0,
                        0.0,
                        0.0
                    ],
                    [
                        0.9613151143946328,
                        -0.7680135968145902,
                        -0.7079644939562586,
                        0.0,
                        0.0,
                        0.0
                    ],
                    [
                        0.6950000785982227,
                        0.8194030233479791,
                        -0.7579210892154485,
                        -0.874040423049113,
                        0.0,
                        0.0
                    ],
                    [
                        0.7131450238356674,
                        0.5022878403467802,
                        0.6320474014089952,
                        0.7870522362566703,
                        -0.9454429917637023,
                        0.0
                    ]
                ]
            },
            "est_params": {
                "mui": [
                    -0.0658757676600068,
                    0.08829630271163608,
                    0.99999535360656,
                    -0.790161654503126,
                    -0.05382196533638283,
                    9.116431899856554e-05
                ],
                "Si": [
                    [
                        1.030609306302307,
                        -0.6276293276073573,
                        9.89534300675214e-07,
                        1.457689220691153,
                        -1.012367719874942,
                        2.595389993734843
                    ],
                    [
                        -0.6276293276073573,
                        1.3235275785579312,
                        -2.311410397622747e-06,
                        -1.6902086686982856,
                        2.0921691928679347,
                        -3.1543315405422154
                    ],
                    [
                        9.895343006752137e-07,
                        -2.311410397622747e-06,
                        1.0124630185254664e-06,
                        -1.4701606132270513e-07,
                        -6.748886396173673e-06,
                        7.767492510659689e-06
                    ],
                    [
                        1.457689220691153,
                        -1.6902086686982856,
                        -1.4701606132270503e-07,
                        3.59017464049412,
                        -3.4147157251044415,
                        6.348000234941715
                    ],
                    [
                        -1.012367719874942,
                        2.0921691928679342,
                        -6.7488863961736715e-06,
                        -3.4147157251044415,
                        4.889470379543936,
                        -7.1494172123334385
                    ],
                    [
                        2.595389993734843,
                        -3.1543315405422154,
                        7.767492510659689e-06,
                        6.348000234941715,
                        -7.14941721233344,
                        13.272853354241478
                    ]
                ]
            },
            "est_tgt": [
                1,
                2,
                3
            ],
            "oracle_est_tgt": [
                1,
                2,
                3
            ]
        },
        "3": {
            "intv_type": "do",
            "inode": 3,
            "new_mui": 1.0,
            "new_sigmai": 0.0,
            "true_params": {
                "Si": [
                    [
                        1.0,
                        -0.6344238727373438,
                        0.15153799226356102,
                        0.0,
                        0.060297399039189244,
                        0.4332530678157257
                    ],
                    [
                        -0.6344238727373438,
                        1.4024936502990495,
                        0.4835046708550153,
                        0.0,
                        0.3418245090891515,
                        0.2344415631152102
                    ],
                    [
                        0.15153799226356102,
                        0.4835046708550153,
                        1.3589509191393385,
                        0.0,
                        -0.5284734551891616,
                        1.7094900036522789
                    ],
                    [
                        0.0,
                        0.0,
                        0.0,
                        1e-09,
                        -8.740404230491131e-10,
                        1.6134076287466358e-09
                    ],
                    [
                        0.060297399039189244,
                        0.3418245090891515,
                        -0.5284734551891616,
                        -8.740404230491131e-10,
                        1.722539910815962,
                        -1.7478884769450624
                    ],
                    [
                        0.4332530678157257,
                        0.2344415631152102,
                        1.7094900036522789,
                        1.6134076287466358e-09,
                        -1.7478884769450624,
                        4.159737042524137
                    ]
                ],
                "mui": [
                    0.0,
                    0.0,
                    0.0,
                    1.0,
                    -0.874040423049113,
                    1.6134076287466357
                ],
                "Ai": [
                    [
                        0.0,
                        0.0,
                        0.0,
                        0.0,
                        0.0,
                        0.0
                    ],
                    [
                        -0.6344238727373438,
                        0.0,
                        0.0,
                        0.0,
                        0.0,
                        0.0
                    ],
                    [
                        0.5192779776991443,
                        0.5796439907737053,
                        0.0,
                        0.0,
                        0.0,
                        0.0
                    ],
                    [
                        0.0,
                        0.0,
                        0.0,
                        0.0,
                        0.0,
                        0.0
                    ],
                    [
                        0.6950000785982227,
                        0.8194030233479791,
                        -0.7579210892154485,
                        -0.874040423049113,
                        0.0,
                        0.0
                    ],
                    [
                        0.7131450238356674,
                        0.5022878403467802,
                        0.6320474014089952,
                        0.7870522362566703,
                        -0.9454429917637023,
                        0.0
                    ]
                ]
            },
            "est_params": {
                "mui": [
                    0.005735694366086719,
                    -0.03573206303201092,
                    -0.034299734700298685,
                    0.9999954121814147,
                    -0.9092348499611226,
                    1.6387419027400847
                ],
                "Si": [
                    [
                        1.0862379863470664,
                        -0.6446271527521218,
                        0.20791693329616484,
                        -6.418332780458834e-06,
                        0.03109204656891328,
                        0.6332378220827373
                    ],
                    [
                        -0.6446271527521218,
                        1.297887791580178,
                        0.48900169932862325,
                        2.420689821189752e-06,
                        0.35699228896606766,
                        0.11485043361127867
                    ],
                    [
                        0.20791693329616487,
                        0.48900169932862325,
                        1.4220763625294388,
                        1.9875169297195027e-06,
                        -0.43022763730947844,
                        1.7483060725113369
                    ],
                    [
                        -6.4183327804588334e-06,
                        2.420689821189752e-06,
                        1.9875169297195023e-06,
                        1.0126425964614705e-06,
                        2.764197816157923e-06,
                        -3.125020144909185e-06
                    ],
                    [
                        0.03109204656891326,
                        0.3569922889660677,
                        -0.43022763730947844,
                        2.7641978161579232e-06,
                        1.6023733793721364,
                        -1.5639399773787805
                    ],
                    [
                        0.6332378220827373,
                        0.11485043361127863,
                        1.7483060725113369,
                        -3.125020144909185e-06,
                        -1.5639399773787805,
                        4.366242479878805
                    ]
                ]
            },
            "est_tgt": [
                1,
                2,
                3,
                5
            ],
            "oracle_est_tgt": [
                1,
                2,
                3,
                5
            ]
        },
        "4": {
            "intv_type": "do",
            "inode": 4,
            "new_mui": 1.0,
            "new_sigmai": 0.0,
            "true_params": {
                "Si": [
                    [
                        1.0,
                        -0.6344238727373438,
                        0.15153799226356102,
                        1.3412777567926626,
                        0.0,
                        1.545916479083902
                    ],
                    [
                        -0.6344238727373438,
                        1.4024936502990495,
                        0.4835046708550153,
                        -2.029319590298341,
                        0.0,
                        -1.0395633719771629
                    ],
                    [
                        0.15153799226356102,
                        0.4835046708550153,
                        1.3589509191393385,
                        -1.187751398751911,
                        0.0,
                        0.27502608460585753
                    ],
                    [
                        1.3412777567926626,
                        -2.029319590298341,
                        -1.187751398751911,
                        4.688821435800689,
                        0.0,
                        2.876855214807887
                    ],
                    [
                        0.0,
                        0.0,
                        0.0,
                        0.0,
                        1e-09,
                        -9.454429917637024e-10
                    ],
                    [
                        1.545916479083902,
                        -1.0395633719771629,
                        0.27502608460585753,
                        2.876855214807887,
                        -9.454429917637024e-10,
                        4.01836745650011
                    ]
                ],
                "mui": [
                    0.0,
                    0.0,
                    0.0,
                    0.0,
                    1.0,
                    -0.9454429917637023
                ],
                "Ai": [
                    [
                        0.0,
                        0.0,
                        0.0,
                        0.0,
                        0.0,
                        0.0
                    ],
                    [
                        -0.6344238727373438,
                        0.0,
                        0.0,
                        0.0,
                        0.0,
                        0.0
                    ],
                    [
                        0.5192779776991443,
                        0.5796439907737053,
                        0.0,
                        0.0,
                        0.0,
                        0.0
                    ],
                    [
                        0.9613151143946328,
                        -0.7680135968145902,
                        -0.7079644939562586,
                        0.0,
                        0.0,
                        0.0
                    ],
                    [
                        0.0,
                        0.0,
                        0.0,
                        0.0,
                        0.0,
                        0.0
                    ],
                    [
                        0.7131450238356674,
                        0.5022878403467802,
                        0.6320474014089952,
                        0.7870522362566703,
                        -0.9454429917637023,
                        0.0
                    ]
                ]
            },
            "est_params": {
                "mui": [
                    -0.03302483559776298,
                    0.11384508264538325,
                    0.022202023419964027,
                    -0.128396358020763,
                    1.00000414222078,
                    -1.0087107344752746
                ],
                "Si": [
                    [
                        0.9350986888684645,
                        -0.6433102344093548,
                        0.10474595119186629,
                        1.327555377130996,
                        1.9133649211447383e-06,
                        1.4280004519746468
                    ],
                    [
                        -0.6433102344093548,
                        1.381207199062399,
                        0.4731174295626982,
                        -1.998498132805614,
                        1.8701857299059484e-06,
                        -0.9733029439216919
                    ],
                    [
                        0.10474595119186629,
                        0.4731174295626982,
                        1.3858443588396976,
                        -1.2317594446765738,
                        1.5449118003042318e-06,
                        0.23935785785009656
                    ],
                    [
                        1.327555377130996,
                        -1.998498132805614,
                        -1.2317594446765738,
                        4.766887905892789,
                        -5.221043048928738e-06,
                        2.8464592162995617
                    ],
                    [
                        1.9133649211447388e-06,
                        1.8701857299059484e-06,
                        1.5449118003042316e-06,
                        -5.221043048928738e-06,
                        1.0085936709969047e-06,
                        -4.4719917487333305e-06
                    ],
                    [
                        1.428000451974647,
                        -0.9733029439216919,
                        0.23935785785009656,
                        2.8464592162995617,
                        -4.47199174873333e-06,
                        3.89997217486938
                    ]
                ]
            },
            "est_tgt": [
                2,
                3,
                4,
                5
            ],
            "oracle_est_tgt": [
                2,
                3,
                4,
                5
            ]
        },
        "5": {
            "intv_type": "do",
            "inode": 5,
            "new_mui": 1.0,
            "new_sigmai": 0.0,
            "true_params": {
                "Si": [
                    [
                        1.0,
                        -0.6344238727373438,
                        0.15153799226356102,
                        1.3412777567926626,
                        -1.1120335789342348,
                        0.0
                    ],
                    [
                        -0.6344238727373438,
                        1.4024936502990495,
                        0.4835046708550153,
                        -2.029319590298341,
                        2.115531862295366,
                        0.0
                    ],
                    [
                        0.15153799226356102,
                        0.4835046708550153,
                        1.3589509191393385,
                        -1.187751398751911,
                        0.5096692798531344,
                        0.0
                    ],
                    [
                        1.3412777567926626,
                        -2.029319590298341,
                        -1.187751398751911,
                        4.688821435800689,
                        -3.9286400987265577,
                        0.0
                    ],
                    [
                        -1.1120335789342348,
                        2.115531862295366,
                        0.5096692798531344,
                        -3.9286400987265577,
                        5.008110937363376,
                        0.0
                    ],
                    [
                        0.0,
                        0.0,
                        0.0,
                        0.0,
                        0.0,
                        1e-09
                    ]
                ],
                "mui": [
                    0.0,
                    0.0,
                    0.0,
                    0.0,
                    0.0,
                    1.0
                ],
                "Ai": [
                    [
                        0.0,
                        0.0,
                        0.0,
                        0.0,
                        0.0,
                        0.0
                    ],
                    [
                        -0.6344238727373438,
                        0.0,
                        0.0,
                        0.0,
                        0.0,
                        0.0
                    ],
                    [
                        0.5192779776991443,
                        0.5796439907737053,
                        0.0,
                        0.0,
                        0.0,
                        0.0
                    ],
                    [
                        0.9613151143946328,
                        -0.7680135968145902,
                        -0.7079644939562586,
                        0.0,
                        0.0,
                        0.0
                    ],
                    [
                        0.6950000785982227,
                        0.8194030233479791,
                        -0.7579210892154485,
                        -0.874040423049113,
                        0.0,
                        0.0
                    ],
                    [
                        0.0,
                        0.0,
                        0.0,
                        0.0,
                        0.0,
                        0.0
                    ]
                ]
            },
            "est_params": {
                "mui": [
                    0.06403226973875804,
                    -0.017681015728846745,
                    0.012958367747916668,
                    0.10115367080192378,
                    -0.08923060064961484,
                    1.0000010811637972
                ],
                "Si": [
                    [
                        1.0013596071784383,
                        -0.6503051122521654,
                        0.1026269187969353,
                        1.3734426914216955,
                        -1.1780712872644716,
                        -6.673753216878523e-08
                    ],
                    [
                        -0.6503051122521654,
                        1.381389693457406,
                        0.37554214339600794,
                        -1.9690288568182268,
                        2.1785739365901122,
                        4.080090272325392e-07
                    ],
                    [
                        0.10262691879693531,
                        0.37554214339600794,
                        1.3331480487280063,
                        -1.1761763488137633,
                        0.410114181343379,
                        -2.4285012710602207e-07
                    ],
                    [
                        1.3734426914216955,
                        -1.9690288568182273,
                        -1.1761763488137635,
                        4.613928624410491,
                        -3.8574541197007854,
                        1.1604322675757306e-07
                    ],
                    [
                        -1.1780712872644716,
                        2.1785739365901122,
                        0.4101141813433791,
                        -3.8574541197007854,
                        5.080573679380526,
                        1.177711675765287e-06
                    ],
                    [
                        -6.673753216878514e-08,
                        4.0800902723253927e-07,
                        -2.4285012710602197e-07,
                        1.1604322675757302e-07,
                        1.1777116757652865e-06,
                        1.0021234086602038e-06
                    ]
                ]
            },
            "est_tgt": [
                2,
                3,
                4,
                5
            ],
            "oracle_est_tgt": [
                2,
                3,
                4,
                5
            ]
        },
        "obs": {
            "intv_type": "obs",
            "true_params": {
                "Si": [
                    [
                        1.0,
                        -0.6344238727373438,
                        0.15153799226356102,
                        1.3412777567926626,
                        -1.1120335789342348,
                        2.597280832893182
                    ],
                    [
                        -0.6344238727373438,
                        1.4024936502990495,
                        0.4835046708550153,
                        -2.029319590298341,
                        2.115531862295366,
                        -3.03967814503713
                    ],
                    [
                        0.15153799226356102,
                        0.4835046708550153,
                        1.3589509191393385,
                        -1.187751398751911,
                        0.5096692798531344,
                        -0.20683716414854156
                    ],
                    [
                        1.3412777567926626,
                        -2.029319590298341,
                        -1.187751398751911,
                        4.688821435800689,
                        -3.9286400987265577,
                        6.59116046331077
                    ],
                    [
                        -1.1120335789342348,
                        2.115531862295366,
                        0.5096692798531344,
                        -3.9286400987265577,
                        5.008110937363376,
                        -7.23522850180452
                    ],
                    [
                        2.597280832893182,
                        -3.03967814503713,
                        -0.20683716414854156,
                        6.59116046331077,
