{
    "expt_args": {
        "save_dir": "all_expt_logs/expt_logs_11.05.24-sparsity_n6",
        "exp_name": "529",
        "num_nodes": 6,
        "obs_noise_mean": 0.0,
        "obs_noise_var": 1.0,
        "max_edge_strength": 1.0,
        "graph_sparsity_method": "adj_dense_prop",
        "adj_dense_prop": 0.4,
        "num_parents": null,
        "new_noise_mean": 1.0,
        "mix_samples": 2048,
        "stage2_samples": 2048,
        "gmm_tol": 0.001,
        "intv_type": "do",
        "new_noise_sigma": 0.0,
        "intv_targets": [
            0,
            1,
            2,
            3,
            4,
            5
        ]
    },
    "intv_args_dict": {
        "0": {
            "intv_type": "do",
            "inode": 0,
            "new_mui": 1.0,
            "new_sigmai": 0.0,
            "true_params": {
                "Si": [
                    [
                        1e-09,
                        -5.535619325578631e-10,
                        1.1352668719140245e-09,
                        5.253174086782627e-10,
                        3.282858288031567e-10,
                        -5.93767387080819e-10
                    ],
                    [
                        -5.535619325578631e-10,
                        1.0000000003064309,
                        -0.526179510359089,
                        0.6752320428640197,
                        -1.788982623321379,
                        1.2363793953319415
                    ],
                    [
                        1.1352668719140245e-09,
                        -0.526179510359089,
                        1.2768648777492166,
                        -0.3552932648252495,
                        1.6150047799070193,
                        -1.259835173985354
                    ],
                    [
                        5.253174086782627e-10,
                        0.6752320428640197,
                        -0.3552932648252495,
                        1.4559383123789849,
                        -2.0176529482837733,
                        1.0020013675837878
                    ],
                    [
                        3.282858288031567e-10,
                        -1.788982623321379,
                        1.6150047799070193,
                        -2.0176529482837733,
                        5.309874812301689,
                        -3.662066410921504
                    ],
                    [
                        -5.93767387080819e-10,
                        1.2363793953319415,
                        -1.259835173985354,
                        1.0020013675837878,
                        -3.662066410921504,
                        3.745741501505246
                    ]
                ],
                "mui": [
                    1.0,
                    -0.5535619325578631,
                    1.1352668719140244,
                    0.5253174086782627,
                    0.3282858288031567,
                    -0.593767387080819
                ],
                "Ai": [
                    [
                        0.0,
                        0.0,
                        0.0,
                        0.0,
                        0.0,
                        0.0
                    ],
                    [
                        -0.5535619325578631,
                        0.0,
                        0.0,
                        0.0,
                        0.0,
                        0.0
                    ],
                    [
                        0.8439939256351776,
                        -0.5261795097306485,
                        0.0,
                        0.0,
                        0.0,
                        0.0
                    ],
                    [
                        0.8991001634120368,
                        0.6752320431548154,
                        0.0,
                        0.0,
                        0.0,
                        0.0
                    ],
                    [
                        -0.5026291212936543,
                        -0.8877884477894644,
                        0.6736787799740556,
                        -0.8096745566651786,
                        0.0,
                        0.0
                    ],
                    [
                        -0.0,
                        -0.0,
                        -0.0,
                        -0.5651143879404785,
                        -0.9044038309041668,
                        0.0
                    ]
                ]
            },
            "est_params": {
                "mui": [
                    0.47541053959231755,
                    -1.0854526063701226,
                    1.4155374038027373,
                    -0.4734419454448963,
                    2.5344705262566647,
                    -1.3483143011674468
                ],
                "Si": [
                    [
                        0.8009746269500905,
                        -0.4343786250867816,
                        0.7894103272234334,
                        0.5062553540352814,
                        0.07298467039007457,
                        -0.435837248068376
                    ],
                    [
                        -0.43437862508678166,
                        0.9083547711823262,
                        -0.5151694913499942,
                        0.06508128624205971,
                        -0.756717955243642,
                        0.37348742370330185
                    ],
                    [
                        0.7894103272234334,
                        -0.5151694913499942,
                        1.6044028855381192,
                        0.4736011845387371,
                        0.6532747055453273,
                        -0.8293362358374299
                    ],
                    [
                        0.5062553540352814,
                        0.06508128624205974,
                        0.4736011845387371,
                        1.6514456282672547,
                        -1.1393458158885146,
                        -0.3720115957635713
                    ],
                    [
                        0.07298467039007457,
                        -0.756717955243642,
                        0.6532747055453274,
                        -1.1393458158885146,
                        2.447615599956792,
                        -0.7650458287213246
                    ],
                    [
                        -0.435837248068376,
                        0.37348742370330196,
                        -0.8293362358374299,
                        -0.3720115957635713,
                        -0.7650458287213246,
                        3.4508634496711634
                    ]
                ]
            },
            "est_tgt": [
                2,
                4,
                5
            ],
            "oracle_est_tgt": [
                0
            ]
        },
        "1": {
            "intv_type": "do",
            "inode": 1,
            "new_mui": 1.0,
            "new_sigmai": 0.0,
            "true_params": {
                "Si": [
                    [
                        1.0,
                        0.0,
                        0.8439939256351776,
                        0.8991001634120368,
                        -0.6620268493744647,
                        0.09064518019190415
                    ],
                    [
                        0.0,
                        1e-09,
                        -5.261795097306486e-10,
                        6.752320431548155e-10,
                        -1.7889826231396526e-09,
                        1.2363793950032545e-09
                    ],
                    [
                        0.8439939256351776,
                        -5.261795097306486e-10,
                        1.7123257467859427,
                        0.7588350761020614,
                        0.11493214143593877,
                        -0.5327736885878654
                    ],
                    [
                        0.8991001634120368,
                        6.752320431548155e-10,
                        0.7588350761020614,
                        1.8083811043034896,
                        -1.404903006328894,
                        0.24865748005103944
                    ],
                    [
                        -0.6620268493744647,
                        -1.7889826231396526e-09,
                        0.11493214143593877,
                        -1.404903006328894,
                        2.5476955387914244,
                        -1.5102147027231283
                    ],
                    [
                        0.09064518019190415,
                        1.2363793950032545e-09,
                        -0.5327736885878654,
                        0.24865748005103944,
                        -1.5102147027231283,
                        2.2253240429847296
                    ]
                ],
                "mui": [
                    0.0,
                    1.0,
                    -0.5261795097306485,
                    0.6752320431548154,
                    -1.7889826231396524,
                    1.2363793950032544
                ],
                "Ai": [
                    [
                        0.0,
                        0.0,
                        0.0,
                        0.0,
                        0.0,
                        0.0
                    ],
                    [
                        0.0,
                        0.0,
                        0.0,
                        0.0,
                        0.0,
                        0.0
                    ],
                    [
                        0.8439939256351776,
                        -0.5261795097306485,
                        0.0,
                        0.0,
                        0.0,
                        0.0
                    ],
                    [
                        0.8991001634120368,
                        0.6752320431548154,
                        0.0,
                        0.0,
                        0.0,
                        0.0
                    ],
                    [
                        -0.5026291212936543,
                        -0.8877884477894644,
                        0.6736787799740556,
                        -0.8096745566651786,
                        0.0,
                        0.0
                    ],
                    [
                        -0.0,
                        -0.0,
                        -0.0,
                        -0.5651143879404785,
                        -0.9044038309041668,
                        0.0
                    ]
                ]
            },
            "est_params": {
                "mui": [
                    -0.05743164990899411,
                    1.000000003239557,
                    -0.6112766150434469,
                    0.5626451901337687,
                    -1.7644400614656173,
                    1.2951479559662051
                ],
                "Si": [
                    [
                        1.0315925743668506,
                        -3.1853964232974173e-09,
                        0.8969040399867015,
                        0.9746426537423263,
                        -0.7293439991636519,
                        0.10032621139470368
                    ],
                    [
                        -3.185396423297417e-09,
                        1.0000125462028474e-06,
                        5.352863428874204e-09,
                        3.6646787387991574e-10,
                        4.344284556064179e-09,
                        -3.1827670342359853e-09
                    ],
                    [
                        0.8969040399867015,
                        5.3528634288742045e-09,
                        1.868670145924422,
                        0.887640677205586,
                        0.06252994072619797,
                        -0.631988584099142
                    ],
                    [
                        0.9746426537423263,
                        3.6646787387991574e-10,
                        0.887640677205586,
                        2.055302553088522,
                        -1.4968431669686804,
                        0.117831220296384
                    ],
                    [
                        -0.729343999163652,
                        4.344284556064179e-09,
                        0.06252994072619797,
                        -1.49684316696868,
                        2.645898748058874,
                        -1.510650360121975
                    ],
                    [
                        0.10032621139470368,
                        -3.1827670342359844e-09,
                        -0.631988584099142,
                        0.11783122029638403,
                        -1.510650360121975,
                        2.15329772682884
                    ]
                ]
            },
            "est_tgt": [
                1,
                4
            ],
            "oracle_est_tgt": [
                1,
                2,
                3,
                4
            ]
        },
        "2": {
            "intv_type": "do",
            "inode": 2,
            "new_mui": 1.0,
            "new_sigmai": 0.0,
            "true_params": {
                "Si": [
                    [
                        1.0,
                        -0.5535619325578631,
                        0.0,
                        0.5253174086782627,
                        -0.43651937241284566,
                        0.09792536679436564
                    ],
                    [
                        -0.5535619325578631,
                        1.3064308131771962,
                        0.0,
                        0.38443632320058757,
                        -1.192866145585162,
                        0.86158221433552
                    ],
                    [
                        0.0,
                        0.0,
                        1e-09,
                        0.0,
                        6.736787799740556e-10,
                        -6.092776694073812e-10
                    ],
                    [
                        0.5253174086782627,
                        0.38443632320058757,
                        0.0,
                        1.7318966919634713,
                        -2.0076106404277665,
                        0.836971015111763
                    ],
                    [
                        -0.43651937241284566,
                        -1.192866145585162,
                        6.736787799740556e-10,
                        -2.0076106404277665,
                        3.903931388091668,
                        -2.3962008446889973
                    ],
                    [
                        0.09792536679436564,
                        0.86158221433552,
                        -6.092776694073812e-10,
                        0.836971015111763,
                        -2.3962008446889973,
                        2.6941488606237245
                    ]
                ],
                "mui": [
                    0.0,
                    0.0,
                    1.0,
                    0.0,
                    0.6736787799740556,
                    -0.6092776694073812
                ],
                "Ai": [
                    [
                        0.0,
                        0.0,
                        0.0,
                        0.0,
                        0.0,
                        0.0
                    ],
                    [
                        -0.5535619325578631,
                        0.0,
                        0.0,
                        0.0,
                        0.0,
                        0.0
                    ],
                    [
                        0.0,
                        0.0,
                        0.0,
                        0.0,
                        0.0,
                        0.0
                    ],
                    [
                        0.8991001634120368,
                        0.6752320431548154,
                        0.0,
                        0.0,
                        0.0,
                        0.0
                    ],
                    [
                        -0.5026291212936543,
                        -0.8877884477894644,
                        0.6736787799740556,
                        -0.8096745566651786,
                        0.0,
                        0.0
                    ],
                    [
                        -0.0,
                        -0.0,
                        -0.0,
                        -0.5651143879404785,
                        -0.9044038309041668,
                        0.0
                    ]
                ]
            },
            "est_params": {
                "mui": [
                    -0.008839904429083797,
                    0.008685273887148482,
                    0.9999961818286979,
                    -0.09204347365544656,
                    0.7232295987666572,
                    -0.6257966189292176
                ],
                "Si": [
                    [
                        0.9408598769022115,
                        -0.49384660040903045,
                        -4.953068695563159e-07,
                        0.47036116195482586,
                        -0.49552264364374843,
                        0.22323531748221886
                    ],
                    [
                        -0.49384660040903045,
                        1.122789536619356,
                        3.696047603148397e-06,
                        0.22063806299405894,
                        -0.8235419362036057,
                        0.5257871536214079
                    ],
                    [
                        -4.95306869556316e-07,
                        3.6960476031483975e-06,
                        1.0058202494757926e-06,
                        2.7721180932040375e-06,
                        1.798530476515048e-07,
                        -3.8000480460722443e-06
                    ],
                    [
                        0.47036116195482586,
                        0.22063806299405894,
                        2.772118093204037e-06,
                        1.3921966414977764,
                        -1.6518275275258816,
                        0.6531218428697438
                    ],
                    [
                        -0.49552264364374843,
                        -0.8235419362036057,
                        1.7985304765150524e-07,
                        -1.6518275275258816,
                        3.3428510279700485,
                        -1.9961383153239018
                    ],
                    [
                        0.22323531748221886,
                        0.5257871536214079,
                        -3.8000480460722443e-06,
                        0.6531218428697438,
                        -1.9961383153239018,
                        2.430685776342212
                    ]
                ]
            },
            "est_tgt": [
                0,
                1,
                2
            ],
            "oracle_est_tgt": [
                1,
                2
            ]
        },
        "3": {
            "intv_type": "do",
            "inode": 3,
            "new_mui": 1.0,
            "new_sigmai": 0.0,
            "true_params": {
                "Si": [
                    [
                        1.0,
                        -0.5535619325578631,
                        1.1352668719140244,
                        0.0,
                        0.7536219687832295,
                        -0.6815785956210931
                    ],
                    [
                        -0.5535619325578631,
                        1.3064308131771962,
                        -1.154620033316296,
                        0.0,
                        -1.6594408514098606,
                        1.50080466317395
                    ],
                    [
                        1.1352668719140244,
                        -1.154620033316296,
                        2.5656957469258392,
                        0.0,
                        2.182894917474175,
                        -1.974218525824879
                    ],
                    [
                        0.0,
                        0.0,
                        0.0,
                        1e-09,
                        -8.096745566651787e-10,
                        1.6715838289314189e-10
                    ],
                    [
                        0.7536219687832295,
                        -1.6594408514098606,
                        2.182894917474175,
                        -8.096745566651787e-10,
                        3.565010055185621,
                        -3.2242087506641917
                    ],
                    [
                        -0.6815785956210931,
                        1.50080466317395,
                        -1.974218525824879,
                        1.6715838289314189e-10,
                        -3.2242087506641917,
                        3.915986745640969
                    ]
                ],
                "mui": [
                    0.0,
                    0.0,
                    0.0,
                    1.0,
                    -0.8096745566651786,
                    0.1671583828931419
                ],
                "Ai": [
                    [
                        0.0,
                        0.0,
                        0.0,
                        0.0,
                        0.0,
                        0.0
                    ],
                    [
                        -0.5535619325578631,
                        0.0,
                        0.0,
                        0.0,
                        0.0,
                        0.0
                    ],
                    [
                        0.8439939256351776,
                        -0.5261795097306485,
                        0.0,
                        0.0,
                        0.0,
                        0.0
                    ],
                    [
                        0.0,
                        0.0,
                        0.0,
                        0.0,
                        0.0,
                        0.0
                    ],
                    [
                        -0.5026291212936543,
                        -0.8877884477894644,
                        0.6736787799740556,
                        -0.8096745566651786,
                        0.0,
                        0.0
                    ],
                    [
                        -0.0,
                        -0.0,
                        -0.0,
                        -0.5651143879404785,
                        -0.9044038309041668,
                        0.0
                    ]
                ]
            },
            "est_params": {
                "mui": [
                    -0.001465892788634942,
                    -0.013283477042798728,
                    -0.010006511301267756,
                    0.9999947850125521,
                    -0.753058153072433,
                    0.14036549843336973
                ],
                "Si": [
                    [
                        0.9859250468552322,
                        -0.5036421584876694,
                        1.1321516118445207,
                        -3.2342420739475672e-06,
                        0.6430813415007307,
                        -0.6389309467716096
                    ],
                    [
                        -0.5036421584876694,
                        1.2458752478055997,
                        -1.1678810783263194,
                        -6.214769931868937e-06,
                        -1.5966432770259296,
                        1.455046475095068
                    ],
                    [
                        1.1321516118445207,
                        -1.1678810783263194,
                        2.5637275036860814,
                        -3.2397773187037135e-07,
                        2.1697446167641097,
                        -2.0453356412287533
                    ],
                    [
                        -3.2342420739475676e-06,
                        -6.214769931868936e-06,
                        -3.2397773187037135e-07,
                        1.031779170070313e-06,
                        1.1424072276016365e-05,
                        -4.904032893303695e-06
                    ],
                    [
                        0.6430813415007307,
                        -1.5966432770259296,
                        2.1697446167641097,
                        1.1424072276016365e-05,
                        3.431688398917805,
                        -3.143665272496177
                    ],
                    [
                        -0.6389309467716097,
                        1.455046475095068,
                        -2.0453356412287533,
                        -4.904032893303696e-06,
                        -3.143665272496177,
                        3.7709463729159793
                    ]
                ]
            },
            "est_tgt": [
                0,
                1,
                3,
                4
            ],
            "oracle_est_tgt": [
                1,
                3,
                4
            ]
        },
        "4": {
            "intv_type": "do",
            "inode": 4,
            "new_mui": 1.0,
            "new_sigmai": 0.0,
            "true_params": {
                "Si": [
                    [
                        1.0,
                        -0.5535619325578631,
                        1.1352668719140244,
                        0.5253174086782627,
                        0.0,
                        -0.29686442587969464
                    ],
                    [
                        -0.5535619325578631,
                        1.3064308131771962,
                        -1.154620033316296,
                        0.38443632320058757,
                        0.0,
                        -0.21725049748758804
                    ],
                    [
                        1.1352668719140244,
                        -1.154620033316296,
                        2.5656957469258392,
                        0.24108218589052763,
                        0.0,
                        -0.13623901192287816
                    ],
                    [
                        0.5253174086782627,
                        0.38443632320058757,
                        0.24108218589052763,
                        1.7318966919634713,
                        0.0,
                        -0.9787197390550766
                    ],
                    [
                        0.0,
                        0.0,
                        0.0,
                        0.0,
                        1e-09,
                        -9.044038309041668e-10
                    ],
                    [
                        -0.29686442587969464,
                        -0.21725049748758804,
                        -0.13623901192287816,
                        -0.9787197390550766,
                        -9.044038309041668e-10,
                        1.5530886071193208
                    ]
                ],
                "mui": [
                    0.0,
                    0.0,
                    0.0,
                    0.0,
                    1.0,
                    -0.9044038309041668
                ],
                "Ai": [
                    [
                        0.0,
                        0.0,
                        0.0,
                        0.0,
                        0.0,
                        0.0
                    ],
                    [
                        -0.5535619325578631,
                        0.0,
                        0.0,
                        0.0,
                        0.0,
                        0.0
                    ],
                    [
                        0.8439939256351776,
                        -0.5261795097306485,
                        0.0,
                        0.0,
                        0.0,
                        0.0
                    ],
                    [
                        0.8991001634120368,
                        0.6752320431548154,
                        0.0,
                        0.0,
                        0.0,
                        0.0
                    ],
                    [
                        0.0,
                        0.0,
                        0.0,
                        0.0,
                        0.0,
                        0.0
                    ],
                    [
                        -0.0,
                        -0.0,
                        -0.0,
                        -0.5651143879404785,
                        -0.9044038309041668,
                        0.0
                    ]
                ]
            },
            "est_params": {
                "mui": [
                    -0.04049222564998236,
                    0.1148597879095347,
                    -0.20942206415101544,
                    0.054058038650042405,
                    1.0000079027728326,
                    -0.8537449328868589
                ],
                "Si": [
                    [
                        1.0545928054433074,
                        -0.6250595892311479,
                        1.2467461972664553,
                        0.551858917651821,
                        -1.9307338461719927e-05,
                        -0.3427225808181248
                    ],
                    [
                        -0.6250595892311479,
                        1.3655234926937976,
                        -1.224889636941194,
                        0.3647133141020793,
                        -3.879559053042871e-06,
                        -0.2560695703409951
                    ],
                    [
                        1.2467461972664553,
                        -1.2248896369411935,
                        2.5435373291437324,
                        0.34994647172061794,
                        -7.982572552165632e-06,
                        -0.19217762317427273
                    ],
                    [
                        0.551858917651821,
                        0.3647133141020793,
                        0.34994647172061794,
                        1.8981902935221437,
                        -3.101299794908026e-05,
                        -1.1459420111012621
                    ],
                    [
                        -1.9307338461719927e-05,
                        -3.8795590530428706e-06,
                        -7.982572552165634e-06,
                        -3.101299794908026e-05,
                        1.0490731746101154e-06,
                        -3.540111927791236e-07
                    ],
                    [
                        -0.3427225808181248,
                        -0.2560695703409951,
                        -0.19217762317427275,
                        -1.145942011101262,
                        -3.5401119277912506e-07,
                        1.7002603143173418
                    ]
                ]
            },
            "est_tgt": [
                1,
                3,
                4
            ],
            "oracle_est_tgt": [
                1,
                4
            ]
        },
        "5": {
            "intv_type": "do",
            "inode": 5,
            "new_mui": 1.0,
            "new_sigmai": 0.0,
            "true_params": {
                "Si": [
                    [
                        1.0,
                        -0.5535619325578631,
                        1.1352668719140244,
                        0.5253174086782627,
                        0.3282858288031567,
                        0.0
                    ],
                    [
                        -0.5535619325578631,
                        1.3064308131771962,
                        -1.154620033316296,
                        0.38443632320058757,
                        -1.9707091609632876,
                        0.0
                    ],
                    [
                        1.1352668719140244,
                        -1.154620033316296,
                        2.5656957469258392,
                        0.24108218589052763,
                        1.9876968054933901,
                        0.0
                    ],
                    [
                        0.5253174086782627,
                        0.38443632320058757,
                        0.24108218589052763,
                        1.7318966919634713,
                        -1.8451986875635573,
                        0.0
                    ],
                    [
                        0.3282858288031567,
                        -1.9707091609632876,
                        1.9876968054933901,
                        -1.8451986875635573,
                        5.417646397586893,
                        0.0
                    ],
                    [
                        0.0,
                        0.0,
                        0.0,
                        0.0,
                        0.0,
                        1e-09
                    ]
                ],
                "mui": [
                    0.0,
                    0.0,
                    0.0,
                    0.0,
                    0.0,
                    1.0
                ],
                "Ai": [
                    [
                        0.0,
                        0.0,
                        0.0,
                        0.0,
                        0.0,
                        0.0
                    ],
                    [
                        -0.5535619325578631,
                        0.0,
                        0.0,
                        0.0,
                        0.0,
                        0.0
                    ],
                    [
                        0.8439939256351776,
                        -0.5261795097306485,
                        0.0,
                        0.0,
                        0.0,
                        0.0
                    ],
                    [
                        0.8991001634120368,
                        0.6752320431548154,
                        0.0,
                        0.0,
                        0.0,
                        0.0
                    ],
                    [
                        -0.5026291212936543,
                        -0.8877884477894644,
                        0.6736787799740556,
                        -0.8096745566651786,
                        0.0,
                        0.0
                    ],
                    [
                        0.0,
                        0.0,
                        0.0,
                        0.0,
                        0.0,
                        0.0
                    ]
                ]
            },
            "est_params": {
                "mui": [
                    0.4453918976787072,
                    0.17555685422936673,
                    0.11915550732799189,
                    0.6958141309198645,
                    -1.1227223137529643,
                    0.7627172655494724
                ],
                "Si": [
                    [
                        0.6783708674708885,
                        -0.3757939663509603,
                        0.7507648182170492,
                        0.2888102730036462,
                        0.27766467772359193,
                        -0.2499099786033229
                    ],
                    [
                        -0.3757939663509603,
                        0.953537041729347,
                        -0.6944590913742096,
                        0.2280115738205892,
                        -1.101147932258854,
                        0.5432081466042445
                    ],
                    [
                        0.7507648182170492,
                        -0.6944590913742097,
                        1.9905340286567983,
                        0.2649470150985603,
                        1.180260126312154,
                        -0.6672916539008826
                    ],
                    [
                        0.2888102730036462,
                        0.2280115738205892,
                        0.26494701509856033,
                        1.21932821023253,
                        -1.0258676565786364,
                        0.12819390617004667
                    ],
                    [
                        0.27766467772359193,
                        -1.101147932258854,
                        1.1802601263121544,
                        -1.0258676565786364,
                        2.896570192631409,
                        -1.1668757854370293
                    ],
                    [
                        -0.2499099786033229,
                        0.5432081466042445,
                        -0.6672916539008826,
                        0.1281939061700467,
                        -1.1668757854370293,
                        1.3655331488190183
                    ]
                ]
            },
            "est_tgt": [
                4,
                5
            ],
            "oracle_est_tgt": [
                5
            ]
        },
        "obs": {
            "intv_type": "obs",
            "true_params": {
                "Si": [
                    [
                        1.0,
                        -0.5535619325578631,
                        1.1352668719140244,
                        0.5253174086782627,
                        0.3282858288031567,
                        -0.593767387080819
                    ],
                    [
                        -0.5535619325578631,
                        1.3064308131771962,
                        -1.154620033316296,
                        0.38443632320058757,
                        -1.9707091609632876,
                        1.5650664172855453
                    ],
                    [
                        1.1352668719140244,
                        -1.154620033316296,
                        2.5656957469258392,
                        0.24108218589052763,
                        1.9876968054933901,
                        -1.9339196174870745
                    ],
                    [
                        0.5253174086782627,
                        0.38443632320058757,
                        0.24108218589052763,
                        1.7318966919634713,
                        -1.8451986875635573,
                        0.6900850227567452
                    ],
                    [
                        0.3282858288031567,
                        -1.9707091609632876,
                        1.9876968054933901,
                        -1.8451986875635573,
                        5.417646397586893,
                        -3.85699182951069
                    ],
                    [
                        -0.593767387080819,
                        1.5650664172855453,
                        -1.9339196174870745,
                        0.6900850227567452,
                        -3.85699182951069,
                        4.098301211113469
                    ]
                ],
                "mui": [
                    0.0,
                    0.0,
                    0.0,
                    0.0,
                    0.0,
                    0.0
                ],
                "Ai": [
                    [
                        0.0,
                        0.0,
                        0.0,
                        0.0,
                        0.0,
