{
    "expt_args": {
        "save_dir": "all_expt_logs/expt_logs_11.05.24-sparsity_n6",
        "exp_name": "619",
        "num_nodes": 6,
        "obs_noise_mean": 0.0,
        "obs_noise_var": 1.0,
        "max_edge_strength": 1.0,
        "graph_sparsity_method": "adj_dense_prop",
        "adj_dense_prop": 0.9,
        "num_parents": null,
        "new_noise_mean": 1.0,
        "mix_samples": 8192,
        "stage2_samples": 8192,
        "gmm_tol": 0.001,
        "intv_type": "do",
        "new_noise_sigma": 0.0,
        "intv_targets": [
            0,
            1,
            2,
            3,
            4,
            5
        ]
    },
    "intv_args_dict": {
        "0": {
            "intv_type": "do",
            "inode": 0,
            "new_mui": 1.0,
            "new_sigmai": 0.0,
            "true_params": {
                "Si": [
                    [
                        1e-09,
                        -6.745974338486125e-10,
                        -6.725809000445782e-11,
                        1.3848646540391322e-09,
                        -1.8049305409988587e-09,
                        -1.860502804549011e-09
                    ],
                    [
                        -6.745974338486125e-10,
                        1.0000000004550818,
                        -0.6420068875890133,
                        -0.3782784873835653,
                        -0.8119919439901409,
                        1.7562412507924516
                    ],
                    [
                        -6.725809000445782e-11,
                        -0.6420068875890133,
                        1.412172843774514,
                        -0.33534711803644013,
                        1.7785126911915259,
                        -1.7776409124296675
                    ],
                    [
                        1.3848646540391322e-09,
                        -0.3782784873835653,
                        -0.33534711803644013,
                        1.477415072564245,
                        -1.3390598832988123,
                        -0.8121795459652753
                    ],
                    [
                        -1.8049305409988587e-09,
                        -0.8119919439901409,
                        1.7785126911915259,
                        -1.3390598832988123,
                        4.085007718827823,
                        -1.76192548159798
                    ],
                    [
                        -1.860502804549011e-09,
                        1.7562412507924516,
                        -1.7776409124296675,
                        -0.8121795459652753,
                        -1.76192548159798,
                        4.781339892018202
                    ]
                ],
                "mui": [
                    1.0,
                    -0.6745974338486125,
                    -0.06725809000445782,
                    1.384864654039132,
                    -1.8049305409988585,
                    -1.8605028045490108
                ],
                "Ai": [
                    [
                        0.0,
                        0.0,
                        0.0,
                        0.0,
                        0.0,
                        0.0
                    ],
                    [
                        -0.6745974338486125,
                        0.0,
                        0.0,
                        0.0,
                        0.0,
                        0.0
                    ],
                    [
                        -0.5003542889157487,
                        -0.6420068876343854,
                        0.0,
                        0.0,
                        0.0,
                        0.0
                    ],
                    [
                        0.8403718505069023,
                        -0.7494897654141082,
                        -0.578204511687683,
                        0.0,
                        0.0,
                        0.0
                    ],
                    [
                        -0.9510986374696373,
                        -0.6938581240714929,
                        0.7256674804861989,
                        -0.9192954712605725,
                        0.0,
                        0.0
                    ],
                    [
                        -0.5609063658444026,
                        0.9463246948641101,
                        -0.9529476987729364,
                        -0.52373469706219,
                        0.0,
                        0.0
                    ]
                ]
            },
            "est_params": {
                "mui": [
                    1.000000020781933,
                    -0.6819269745824195,
                    -0.027135179830179296,
                    1.3544545043116845,
                    -1.7694558767250672,
                    -1.9273266281591315
                ],
                "Si": [
                    [
                        1.0022029342308776e-06,
                        3.641173863743305e-07,
                        2.8858123510321713e-08,
                        -9.191267077005393e-07,
                        -5.82372571026182e-07,
                        1.688447495541998e-06
                    ],
                    [
                        3.641173863743305e-07,
                        0.9215252066018803,
                        -0.6069026829823955,
                        -0.3629300313997958,
                        -0.7934142127940144,
                        1.6777819774184903
                    ],
                    [
                        2.885812351032176e-08,
                        -0.6069026829823955,
                        1.474724547405728,
                        -0.37778305837435905,
                        1.8230068770814376,
                        -1.8079623878226956
                    ],
                    [
                        -9.191267077005393e-07,
                        -0.3629300313997958,
                        -0.37778305837435905,
                        1.4848721814513681,
                        -1.3275279915410625,
                        -0.7903952727984389
                    ],
                    [
                        -5.823725710261818e-07,
                        -0.7934142127940144,
                        1.8230068770814376,
                        -1.3275279915410625,
                        4.014944967293286,
                        -1.8164934527748422
                    ],
                    [
                        1.688447495541998e-06,
                        1.6777819774184903,
                        -1.8079623878226956,
                        -0.7903952727984391,
                        -1.8164934527748422,
                        4.861955894341448
                    ]
                ]
            },
            "est_tgt": [
                0,
                3
            ],
            "oracle_est_tgt": [
                0,
                1,
                3,
                4,
                5
            ]
        },
        "1": {
            "intv_type": "do",
            "inode": 1,
            "new_mui": 1.0,
            "new_sigmai": 0.0,
            "true_params": {
                "Si": [
                    [
                        1.0,
                        0.0,
                        -0.5003542889157487,
                        1.1296789578002708,
                        -2.352698223541745,
                        -0.6757469643920262
                    ],
                    [
                        0.0,
                        1e-09,
                        -6.420068876343854e-10,
                        -3.7827848644933917e-10,
                        -8.119919452077424e-10,
                        1.7562412495373613e-09
                    ],
                    [
                        -0.5003542889157487,
                        -6.420068876343854e-10,
                        1.2503544148485575,
                        -1.1434442230780641,
                        2.4343909167379962,
                        -0.3120090432763671
                    ],
                    [
                        1.1296789578002708,
                        -3.7827848644933917e-10,
                        -1.1434442230780641,
                        2.6104950051757925,
                        -4.304012641723495,
                        -0.9112083888092708
                    ],
                    [
                        -2.352698223541745,
                        -8.119919452077424e-10,
                        2.4343909167379962,
                        -4.304012641723495,
                        8.96086572820361,
                        1.2539569447726526
                    ],
                    [
                        -0.6757469643920262,
                        1.7562412495373613e-09,
                        -0.3120090432763671,
                        -0.9112083888092708,
                        1.2539569447726526,
                        2.153590524949602
                    ]
                ],
                "mui": [
                    0.0,
                    1.0,
                    -0.6420068876343854,
                    -0.37827848644933915,
                    -0.8119919452077423,
                    1.7562412495373612
                ],
                "Ai": [
                    [
                        0.0,
                        0.0,
                        0.0,
                        0.0,
                        0.0,
                        0.0
                    ],
                    [
                        0.0,
                        0.0,
                        0.0,
                        0.0,
                        0.0,
                        0.0
                    ],
                    [
                        -0.5003542889157487,
                        -0.6420068876343854,
                        0.0,
                        0.0,
                        0.0,
                        0.0
                    ],
                    [
                        0.8403718505069023,
                        -0.7494897654141082,
                        -0.578204511687683,
                        0.0,
                        0.0,
                        0.0
                    ],
                    [
                        -0.9510986374696373,
                        -0.6938581240714929,
                        0.7256674804861989,
                        -0.9192954712605725,
                        0.0,
                        0.0
                    ],
                    [
                        -0.5609063658444026,
                        0.9463246948641101,
                        -0.9529476987729364,
                        -0.52373469706219,
                        0.0,
                        0.0
                    ]
                ]
            },
            "est_params": {
                "mui": [
                    0.028360065253331037,
                    1.0000030875810626,
                    -0.6368246266202465,
                    -0.3563598130215266,
                    -0.8728418195101331,
                    1.7205590823932826
                ],
                "Si": [
                    [
                        1.0615556078674702,
                        2.5096292336080665e-06,
                        -0.5176475486276703,
                        1.1632718722519608,
                        -2.4740536225792042,
                        -0.7230405050944737
                    ],
                    [
                        2.5096292336080665e-06,
                        1.0112729014521316e-06,
                        6.033569577883242e-07,
                        3.337505099022566e-06,
                        -8.529920337839602e-06,
                        1.8807857688930128e-06
                    ],
                    [
                        -0.5176475486276703,
                        6.033569577883243e-07,
                        1.1971231736043506,
                        -1.060853533586951,
                        2.3532306264650473,
                        -0.2851728977449331
                    ],
                    [
                        1.1632718722519608,
                        3.337505099022565e-06,
                        -1.060853533586951,
                        2.5584071896042206,
                        -4.326917193573408,
                        -0.9928952503208968
                    ],
                    [
                        -2.474053622579204,
                        -8.529920337839602e-06,
                        2.3532306264650478,
                        -4.326917193573408,
                        9.131253831248412,
                        1.4215673548672738
                    ],
                    [
                        -0.7230405050944737,
                        1.8807857688930128e-06,
                        -0.28517289774493315,
                        -0.9928952503208968,
                        1.4215673548672738,
                        2.188097111178277
                    ]
                ]
            },
            "est_tgt": [
                1,
                5
            ],
            "oracle_est_tgt": [
                0,
                1,
                2,
                3,
                4
            ]
        },
        "2": {
            "intv_type": "do",
            "inode": 2,
            "new_mui": 1.0,
            "new_sigmai": 0.0,
            "true_params": {
                "Si": [
                    [
                        1.0,
                        -0.6745974338486125,
                        0.0,
                        1.3459757229510583,
                        -1.720373114051579,
                        -1.9042287641001372
                    ],
                    [
                        -0.6745974338486125,
                        1.455081697755133,
                        0.0,
                        -1.6574815341394231,
                        1.1557037110311872,
                        2.623446327827147
                    ],
                    [
                        0.0,
                        0.0,
                        1e-09,
                        -5.782045116876831e-10,
                        1.2572082695431167e-09,
                        -6.501219340041962e-10
                    ],
                    [
                        1.3459757229510583,
                        -1.6574815341394231,
                        -5.782045116876831e-10,
                        3.3733855555684396,
                        -3.231236712674322,
                        -4.090241119781263
                    ],
                    [
                        -1.720373114051579,
                        1.1557037110311872,
                        1.2572082695431167e-09,
                        -3.231236712674322,
                        4.804811393240012,
                        3.7509499726446562
                    ],
                    [
                        -1.9042287641001372,
                        2.623446327827147,
                        -6.501219340041962e-10,
                        -4.090241119781263,
                        3.7509499726446562,
                        6.692927275880665
                    ]
                ],
                "mui": [
                    0.0,
                    0.0,
                    1.0,
                    -0.578204511687683,
                    1.2572082695431166,
                    -0.6501219340041962
                ],
                "Ai": [
                    [
                        0.0,
                        0.0,
                        0.0,
                        0.0,
                        0.0,
                        0.0
                    ],
                    [
                        -0.6745974338486125,
                        0.0,
                        0.0,
                        0.0,
                        0.0,
                        0.0
                    ],
                    [
                        0.0,
                        0.0,
                        0.0,
                        0.0,
                        0.0,
                        0.0
                    ],
                    [
                        0.8403718505069023,
                        -0.7494897654141082,
                        -0.578204511687683,
                        0.0,
                        0.0,
                        0.0
                    ],
                    [
                        -0.9510986374696373,
                        -0.6938581240714929,
                        0.7256674804861989,
                        -0.9192954712605725,
                        0.0,
                        0.0
                    ],
                    [
                        -0.5609063658444026,
                        0.9463246948641101,
                        -0.9529476987729364,
                        -0.52373469706219,
                        0.0,
                        0.0
                    ]
                ]
            },
            "est_params": {
                "mui": [
                    0.023387190212726467,
                    -0.019292419252793336,
                    1.000002183918773,
                    -0.5352266779820805,
                    1.1945910553099925,
                    -0.7035878636678389
                ],
                "Si": [
                    [
                        0.9937571224127573,
                        -0.662069046273125,
                        6.107164349279045e-07,
                        1.3334480790058416,
                        -1.721589598702853,
                        -1.8914715563299953
                    ],
                    [
                        -0.6620690462731248,
                        1.4439910736650872,
                        2.596723383717852e-06,
                        -1.6140625223158225,
                        1.1072225573892738,
                        2.5852945465862134
                    ],
                    [
                        6.107164349279047e-07,
                        2.596723383717852e-06,
                        1.0037786002258716e-06,
                        -3.756685740665767e-06,
                        1.8907982318099916e-06,
                        4.512221366944484e-06
                    ],
                    [
                        1.3334480790058416,
                        -1.6140625223158225,
                        -3.756685740665767e-06,
                        3.28904597358784,
                        -3.189643836958084,
                        -4.006743213260577
                    ],
                    [
                        -1.721589598702853,
                        1.107222557389274,
                        1.8907982318099916e-06,
                        -3.189643836958084,
                        4.795545613815729,
                        3.6924678275265967
                    ],
                    [
                        -1.8914715563299953,
                        2.5852945465862134,
                        4.512221366944484e-06,
                        -4.006743213260577,
                        3.6924678275265967,
                        6.606826909815299
                    ]
                ]
            },
            "est_tgt": [
                1,
                2,
                3,
                4,
                5
            ],
            "oracle_est_tgt": [
                0,
                2,
                3,
                4,
                5
            ]
        },
        "3": {
            "intv_type": "do",
            "inode": 3,
            "new_mui": 1.0,
            "new_sigmai": 0.0,
            "true_params": {
                "Si": [
                    [
                        1.0,
                        -0.6745974338486125,
                        -0.06725809000445782,
                        0.0,
                        -0.5318307362318448,
                        -1.1352011344936914
                    ],
                    [
                        -0.6745974338486125,
                        1.455081697755133,
                        -0.5966347527118192,
                        0.0,
                        -0.8009699947721028,
                        2.323927453263151
                    ],
                    [
                        -0.06725809000445782,
                        -0.5966347527118192,
                        1.416696494441038,
                        0.0,
                        1.5059995237691903,
                        -1.876922373704573
                    ],
                    [
                        0.0,
                        0.0,
                        0.0,
                        1e-09,
                        -9.192954712605726e-10,
                        -5.2373469706219e-10
                    ],
                    [
                        -0.5318307362318448,
                        -0.8009699947721028,
                        1.5059995237691903,
                        -9.192954712605726e-10,
                        3.1544379074768143,
                        -1.8948092204413822
                    ],
                    [
                        -1.1352011344936914,
                        2.323927453263151,
                        -1.876922373704573,
                        -5.2373469706219e-10,
                        -1.8948092204413822,
                        5.624540338018387
                    ]
                ],
                "mui": [
                    0.0,
                    0.0,
                    0.0,
                    1.0,
                    -0.9192954712605725,
                    -0.52373469706219
                ],
                "Ai": [
                    [
                        0.0,
                        0.0,
                        0.0,
                        0.0,
                        0.0,
                        0.0
                    ],
                    [
                        -0.6745974338486125,
                        0.0,
                        0.0,
                        0.0,
                        0.0,
                        0.0
                    ],
                    [
                        -0.5003542889157487,
                        -0.6420068876343854,
                        0.0,
                        0.0,
                        0.0,
                        0.0
                    ],
                    [
                        0.0,
                        0.0,
                        0.0,
                        0.0,
                        0.0,
                        0.0
                    ],
                    [
                        -0.9510986374696373,
                        -0.6938581240714929,
                        0.7256674804861989,
                        -0.9192954712605725,
                        0.0,
                        0.0
                    ],
                    [
                        -0.5609063658444026,
                        0.9463246948641101,
                        -0.9529476987729364,
                        -0.52373469706219,
                        0.0,
                        0.0
                    ]
                ]
            },
            "est_params": {
                "mui": [
                    -0.0019299423455064854,
                    0.0059283431556444765,
                    0.047975913593561556,
                    0.9999983062715782,
                    -0.8899878941200214,
                    -0.5751507038429752
                ],
                "Si": [
                    [
                        0.976328100637382,
                        -0.6548115505715293,
                        -0.10871649128776478,
                        3.72502848707402e-07,
                        -0.5388132957457314,
                        -1.0460548819579805
                    ],
                    [
                        -0.6548115505715294,
                        1.456114261946194,
                        -0.5328102380337748,
                        -2.185394991982945e-07,
                        -0.8065356844359062,
                        2.2553026021751954
                    ],
                    [
                        -0.10871649128776478,
                        -0.5328102380337748,
                        1.4107765887273445,
                        1.2983709387023254e-06,
                        1.4863261045803262,
                        -1.8294826109889244
                    ],
                    [
                        3.725028487074022e-07,
                        -2.185394991982945e-07,
                        1.2983709387023254e-06,
                        1.007547925161574e-06,
                        -3.348861852028422e-07,
                        -2.285841890162578e-06
                    ],
                    [
                        -0.5388132957457314,
                        -0.8065356844359062,
                        1.4863261045803258,
                        -3.3488618520284224e-07,
                        3.1796257210296095,
                        -1.9347357207370495
                    ],
                    [
                        -1.0460548819579805,
                        2.255302602175196,
                        -1.829482610988924,
                        -2.285841890162578e-06,
                        -1.9347357207370492,
                        5.490553066273937
                    ]
                ]
            },
            "est_tgt": [
                1,
                2,
                3,
                4,
                5
            ],
            "oracle_est_tgt": [
                0,
                2,
                3,
                4,
                5
            ]
        },
        "4": {
            "intv_type": "do",
            "inode": 4,
            "new_mui": 1.0,
            "new_sigmai": 0.0,
            "true_params": {
                "Si": [
                    [
                        1.0,
                        -0.6745974338486125,
                        -0.06725809000445782,
                        1.384864654039132,
                        0.0,
                        -1.8605028045490108
                    ],
                    [
                        -0.6745974338486125,
                        1.455081697755133,
                        -0.5966347527118192,
                        -1.312504628291784,
                        0.0,
                        3.0113316671542707
                    ],
                    [
                        -0.06725809000445782,
                        -0.5966347527118192,
                        1.416696494441038,
                        -0.4284904694886531,
                        0.0,
                        -1.6525070474728978
                    ],
                    [
                        1.384864654039132,
                        -1.312504628291784,
                        -0.4284904694886531,
                        3.39526518065332,
                        0.0,
                        -3.3887241161493318
                    ],
                    [
                        0.0,
                        0.0,
                        0.0,
                        0.0,
                        1e-09,
                        0.0
                    ],
                    [
                        -1.8605028045490108,
                        3.0113316671542707,
                        -1.6525070474728978,
                        -3.3887241161493318,
                        0.0,
                        8.242810574291466
                    ]
                ],
                "mui": [
                    0.0,
                    0.0,
                    0.0,
                    0.0,
                    1.0,
                    0.0
                ],
                "Ai": [
                    [
                        0.0,
                        0.0,
                        0.0,
                        0.0,
                        0.0,
                        0.0
                    ],
                    [
                        -0.6745974338486125,
                        0.0,
                        0.0,
                        0.0,
                        0.0,
                        0.0
                    ],
                    [
                        -0.5003542889157487,
                        -0.6420068876343854,
                        0.0,
                        0.0,
                        0.0,
                        0.0
                    ],
                    [
                        0.8403718505069023,
                        -0.7494897654141082,
                        -0.578204511687683,
                        0.0,
                        0.0,
                        0.0
                    ],
                    [
                        0.0,
                        0.0,
                        0.0,
                        0.0,
                        0.0,
                        0.0
                    ],
                    [
                        -0.5609063658444026,
                        0.9463246948641101,
                        -0.9529476987729364,
                        -0.52373469706219,
                        0.0,
                        0.0
                    ]
                ]
            },
            "est_params": {
                "mui": [
                    -0.025989597785700046,
                    0.0262348730524968,
                    0.007389192347228982,
                    -0.05642849170499667,
                    1.0000033270167616,
                    0.11127116134907418
                ],
                "Si": [
                    [
                        1.088910107298055,
                        -0.7587706792110334,
                        -0.02442984581757177,
                        1.4252980489629985,
                        -2.944102800306992e-07,
                        -2.0382655883409257
                    ],
                    [
                        -0.7587706792110334,
                        1.5056828879674802,
                        -0.605178722515543,
                        -1.3453944467980539,
                        1.057473807193432e-06,
                        3.131908831199023
                    ],
                    [
                        -0.024429845817571773,
                        -0.605178722515543,
                        1.397957044924641,
                        -0.40522677153767234,
                        4.825403771969988e-07,
                        -1.6659440624657937
                    ],
                    [
                        1.4252980489629985,
                        -1.345394446798054,
                        -0.40522677153767234,
                        3.3663542132669346,
                        -3.1106194145574966e-06,
                        -3.4580164874772685
                    ],
                    [
                        -2.944102800306993e-07,
                        1.0574738071934323e-06,
                        4.825403771969987e-07,
                        -3.1106194145574974e-06,
                        1.0054884726658588e-06,
                        1.6806456185829126e-06
                    ],
                    [
                        -2.0382655883409257,
                        3.131908831199023,
                        -1.6659440624657937,
                        -3.4580164874772685,
                        1.6806456185829121e-06,
                        8.524771789879813
                    ]
                ]
            },
            "est_tgt": [
                2,
                3,
                4
            ],
            "oracle_est_tgt": [
                0,
                2,
                4
            ]
        },
        "5": {
            "intv_type": "do",
            "inode": 5,
            "new_mui": 1.0,
            "new_sigmai": 0.0,
            "true_params": {
                "Si": [
                    [
                        1.0,
                        -0.6745974338486125,
                        -0.06725809000445782,
                        1.384864654039132,
                        -1.8049305409988585,
                        0.0
                    ],
                    [
                        -0.6745974338486125,
                        1.455081697755133,
                        -0.5966347527118192,
                        -1.312504628291784,
                        0.4056095660250755,
                        0.0
                    ],
                    [
                        -0.06725809000445782,
                        -0.5966347527118192,
                        1.416696494441038,
                        -0.4284904694886531,
                        1.8999088718484256,
                        0.0
                    ],
                    [
                        1.384864654039132,
                        -1.312504628291784,
                        -0.4284904694886531,
                        3.39526518065332,
                        -3.8386443900242755,
                        0.0
                    ],
                    [
                        -1.8049305409988585,
                        0.4056095660250755,
                        1.8999088718484256,
                        -3.8386443900242755,
                        7.3427819734004816,
                        0.0
                    ],
                    [
                        0.0,
                        0.0,
                        0.0,
                        0.0,
                        0.0,
                        1e-09
                    ]
                ],
                "mui": [
                    0.0,
                    0.0,
                    0.0,
                    0.0,
                    0.0,
                    1.0
                ],
                "Ai": [
                    [
                        0.0,
                        0.0,
                        0.0,
                        0.0,
                        0.0,
                        0.0
                    ],
                    [
                        -0.6745974338486125,
                        0.0,
                        0.0,
                        0.0,
                        0.0,
                        0.0
                    ],
                    [
                        -0.5003542889157487,
                        -0.6420068876343854,
                        0.0,
                        0.0,
                        0.0,
                        0.0
                    ],
                    [
                        0.8403718505069023,
                        -0.7494897654141082,
                        -0.578204511687683,
                        0.0,
                        0.0,
                        0.0
                    ],
                    [
                        -0.9510986374696373,
                        -0.6938581240714929,
                        0.7256674804861989,
                        -0.9192954712605725,
                        0.0,
                        0.0
                    ],
                    [
                        0.0,
                        0.0,
                        0.0,
                        0.0,
                        0.0,
                        0.0
                    ]
                ]
            },
            "est_params": {
                "mui": [
                    -0.02478588737522929,
                    -0.0591619750751567,
                    0.021243197494500293,
                    0.063075173474593,
                    0.03384443080303715,
                    0.9999987724336267
                ],
                "Si": [
                    [
                        0.9362072336439095,
                        -0.5721990609720422,
                        -0.09753676433117967,
                        1.310660136254308,
                        -1.7602186913811593,
                        -3.874920061941138e-06
                    ],
                    [
                        -0.5721990609720422,
                        1.4296935146576402,
                        -0.6226041005873546,
                        -1.226992955893306,
                        0.15736399183201613,
                        5.385609567883718e-07
                    ],
                    [
                        -0.09753676433117967,
                        -0.6226041005873546,
                        1.4349742765720381,
                        -0.445789084134155,
                        2.049332461906521,
                        6.597309594990425e-06
                    ],
                    [
                        1.310660136254308,
                        -1.226992955893306,
                        -0.4457890841341549,
                        3.3466702832733453,
                        -3.7517482526463057,
                        -1.9021753136235127e-06
                    ],
                    [
                        -1.7602186913811593,
                        0.15736399183201616,
                        2.049332461906521,
                        -3.7517482526463057,
                        7.569639931342487,
                        7.768344533128409e-06
                    ],
                    [
                        -3.874920061941138e-06,
                        5.385609567883714e-07,
                        6.597309594990425e-06,
                        -1.9021753136235127e-06,
                        7.768344533128409e-06,
                        1.013216606395143e-06
                    ]
                ]
            },
            "est_tgt": [
                1,
                2,
                3,
                4,
                5
            ],
            "oracle_est_tgt": [
                0,
                2,
                3,
                4,
                5
            ]
        },
        "obs": {
            "intv_type": "obs",
            "true_params": {
                "Si": [
                    [
                        1.0,
                        -0.6745974338486125,
                        -0.06725809000445782,
                        1.384864654039132,
                        -1.8049305409988585,
                        -1.8605028045490108
                    ],
                    [
                        -0.6745974338486125,
                        1.455081697755133,
                        -0.5966347527118192,
                        -1.312504628291784,
                        0.4056095660250755,
                        3.0113316671542707
                    ],
                    [
                        -0.06725809000445782,
                        -0.5966347527118192,
                        1.416696494441038,
                        -0.4284904694886531,
                        1.8999088718484256,
                        -1.6525070474728978
                    ],
                    [
                        1.384864654039132,
                        -1.312504628291784,
                        -0.4284904694886531,
                        3.39526518065332,
                        -3.8386443900242755,
                        -3.3887241161493318
                    ],
                    [
                        -1.8049305409988585,
                        0.4056095660250755,
                        1.8999088718484256,
                        -3.8386443900242755,
                        7.3427819734004816,
                        1.5961528485884815
                    ],
                    [
                        -1.8605028045490108,
