{
    "expt_args": {
        "save_dir": "all_expt_logs/expt_logs_11.05.24-sparsity_n6",
        "exp_name": "625",
        "num_nodes": 6,
        "obs_noise_mean": 0.0,
        "obs_noise_var": 1.0,
        "max_edge_strength": 1.0,
        "graph_sparsity_method": "adj_dense_prop",
        "adj_dense_prop": 0.95,
        "num_parents": null,
        "new_noise_mean": 1.0,
        "mix_samples": 2048,
        "stage2_samples": 2048,
        "gmm_tol": 0.001,
        "intv_type": "do",
        "new_noise_sigma": 0.0,
        "intv_targets": [
            0,
            1,
            2,
            3,
            4,
            5
        ]
    },
    "intv_args_dict": {
        "0": {
            "intv_type": "do",
            "inode": 0,
            "new_mui": 1.0,
            "new_sigmai": 0.0,
            "true_params": {
                "Si": [
                    [
                        1e-09,
                        7.188945941693968e-10,
                        1.1722890252040687e-10,
                        1.4790958705397968e-09,
                        -8.719700629164982e-10,
                        -4.5858727152944894e-10
                    ],
                    [
                        7.188945941693968e-10,
                        1.0000000005168095,
                        -0.851978122226855,
                        0.059807031946753,
                        -0.2765082515883628,
                        0.205657909713629
                    ],
                    [
                        1.1722890252040687e-10,
                        -0.851978122226855,
                        1.7258667209105418,
                        0.5636052466308854,
                        -0.2429021086655162,
                        -1.033343199041467
                    ],
                    [
                        1.4790958705397968e-09,
                        0.059807031946753,
                        0.5636052466308854,
                        1.3812602969927084,
                        0.1902427612901933,
                        -1.9310117597759535
                    ],
                    [
                        -8.719700629164982e-10,
                        -0.2765082515883628,
                        -0.2429021086655162,
                        0.1902427612901933,
                        1.556236675875239,
                        -1.2249619197504626
                    ],
                    [
                        -4.5858727152944894e-10,
                        0.205657909713629,
                        -1.033343199041467,
                        -1.9310117597759535,
                        -1.2249619197504626,
                        4.539667807432835
                    ]
                ],
                "mui": [
                    1.0,
                    0.7188945941693967,
                    0.11722890252040685,
                    1.4790958705397967,
                    -0.8719700629164981,
                    -0.4585872715294489
                ],
                "Ai": [
                    [
                        0.0,
                        0.0,
                        0.0,
                        0.0,
                        0.0,
                        0.0
                    ],
                    [
                        0.7188945941693967,
                        0.0,
                        0.0,
                        0.0,
                        0.0,
                        0.0
                    ],
                    [
                        0.7297113690004715,
                        -0.8519781223111302,
                        0.0,
                        0.0,
                        0.0,
                        0.0
                    ],
                    [
                        0.987649844593987,
                        0.5833983038789308,
                        0.6145595283305687,
                        0.0,
                        0.0,
                        0.0
                    ],
                    [
                        -0.8186863077784676,
                        -0.9763499675443563,
                        -0.7862740180551258,
                        0.5008350124685541,
                        0.0,
                        0.0
                    ],
                    [
                        0.7063248933891789,
                        -0.5483656650008462,
                        -0.6716439787537649,
                        -0.98044503041205,
                        -0.8695404370077175,
                        0.0
                    ]
                ]
            },
            "est_params": {
                "mui": [
                    1.0000028765857103,
                    0.7490385403188498,
                    0.020617244024722228,
                    1.34177579385564,
                    -0.8439800922872347,
                    -0.36299045279909686
                ],
                "Si": [
                    [
                        1.0026619457049873e-06,
                        5.127280431625244e-07,
                        2.4264330133869128e-06,
                        -1.4407699835455217e-06,
                        -3.0531764428257196e-06,
                        1.891846099075942e-06
                    ],
                    [
                        5.127280431625245e-07,
                        0.8915512252224701,
                        -0.7508974720907564,
                        0.09805088362056857,
                        -0.24970850642537304,
                        0.09284198837654964
                    ],
                    [
                        2.4264330133869128e-06,
                        -0.7508974720907563,
                        1.6024863760736505,
                        0.5944523037437907,
                        -0.13042764986936123,
                        -1.0370587808357887
                    ],
                    [
                        -1.4407699835455217e-06,
                        0.09805088362056855,
                        0.5944523037437907,
                        1.592940615148319,
                        0.27192545774784654,
                        -2.2059484463551717
                    ],
                    [
                        -3.05317644282572e-06,
                        -0.24970850642537304,
                        -0.13042764986936123,
                        0.27192545774784654,
                        1.4530272503837693,
                        -1.2450058445749488
                    ],
                    [
                        1.8918460990759425e-06,
                        0.09284198837654964,
                        -1.0370587808357887,
                        -2.2059484463551717,
                        -1.2450058445749488,
                        4.656195781088944
                    ]
                ]
            },
            "est_tgt": [
                0,
                1,
                3
            ],
            "oracle_est_tgt": [
                0,
                1,
                3,
                4,
                5
            ]
        },
        "1": {
            "intv_type": "do",
            "inode": 1,
            "new_mui": 1.0,
            "new_sigmai": 0.0,
            "true_params": {
                "Si": [
                    [
                        1.0,
                        0.0,
                        0.7297113690004715,
                        1.4361009193443703,
                        -0.6731897760570352,
                        -0.6064336313077566
                    ],
                    [
                        0.0,
                        1e-09,
                        -8.519781223111303e-10,
                        5.980703088343898e-11,
                        -2.7650825096150825e-10,
                        2.056579100433049e-10
                    ],
                    [
                        0.7297113690004715,
                        -8.519781223111303e-10,
                        1.532478682774409,
                        1.6624986961572306,
                        -0.9697153218691377,
                        -1.3006486744353074
                    ],
                    [
                        1.4361009193443703,
                        5.980703088343898e-11,
                        1.6624986961572306,
                        3.4400692644072137,
                        -0.759988556220575,
                        -2.8142114435051564
                    ],
                    [
                        -0.6731897760570352,
                        -2.7650825096150825e-10,
                        -0.9697153218691377,
                        -0.759988556220575,
                        1.9329643369292928,
                        -0.7598508907512064
                    ],
                    [
                        -0.6064336313077566,
                        2.056579100433049e-10,
                        -1.3006486744353074,
                        -2.8142114435051564,
                        -0.7598508907512064,
                        4.86513438048256
                    ]
                ],
                "mui": [
                    0.0,
                    1.0,
                    -0.8519781223111302,
                    0.05980703088343897,
                    -0.2765082509615082,
                    0.2056579100433049
                ],
                "Ai": [
                    [
                        0.0,
                        0.0,
                        0.0,
                        0.0,
                        0.0,
                        0.0
                    ],
                    [
                        0.0,
                        0.0,
                        0.0,
                        0.0,
                        0.0,
                        0.0
                    ],
                    [
                        0.7297113690004715,
                        -0.8519781223111302,
                        0.0,
                        0.0,
                        0.0,
                        0.0
                    ],
                    [
                        0.987649844593987,
                        0.5833983038789308,
                        0.6145595283305687,
                        0.0,
                        0.0,
                        0.0
                    ],
                    [
                        -0.8186863077784676,
                        -0.9763499675443563,
                        -0.7862740180551258,
                        0.5008350124685541,
                        0.0,
                        0.0
                    ],
                    [
                        0.7063248933891789,
                        -0.5483656650008462,
                        -0.6716439787537649,
                        -0.98044503041205,
                        -0.8695404370077175,
                        0.0
                    ]
                ]
            },
            "est_params": {
                "mui": [
                    -0.027702890846029157,
                    0.9999904593841837,
                    -0.8768946668010442,
                    -0.06802220910412247,
                    -0.4173193202337939,
                    0.5805519271239366
                ],
                "Si": [
                    [
                        1.0439019065738293,
                        -1.4579681318824015e-05,
                        0.751275472806111,
                        1.554280440411944,
                        -0.6224807088656865,
                        -0.7383177056158886
                    ],
                    [
                        -1.4579681318824015e-05,
                        1.0336830469736954e-06,
                        -1.2831647461231687e-05,
                        -1.7106193143501537e-05,
                        1.695973069987317e-05,
                        -3.025005120483175e-06
                    ],
                    [
                        0.751275472806111,
                        -1.283164746123169e-05,
                        1.5599307519450207,
                        1.7607226959480735,
                        -1.0219720730041757,
                        -1.1768350872165398
                    ],
                    [
                        1.554280440411944,
                        -1.710619314350154e-05,
                        1.7607226959480735,
                        3.9311494504756186,
                        -0.5927645870000976,
                        -3.4212677925183312
                    ],
                    [
                        -0.6224807088656865,
                        1.695973069987317e-05,
                        -1.0219720730041757,
                        -0.5927645870000976,
                        2.139747193962417,
                        -1.18986320032104
                    ],
                    [
                        -0.7383177056158886,
                        -3.025005120483175e-06,
                        -1.1768350872165398,
                        -3.4212677925183304,
                        -1.18986320032104,
                        5.791827359174217
                    ]
                ]
            },
            "est_tgt": [
                1,
                5
            ],
            "oracle_est_tgt": [
                0,
                1,
                3
            ]
        },
        "2": {
            "intv_type": "do",
            "inode": 2,
            "new_mui": 1.0,
            "new_sigmai": 0.0,
            "true_params": {
                "Si": [
                    [
                        1.0,
                        0.7188945941693967,
                        0.0,
                        1.4070517315001454,
                        -0.8158782499737953,
                        -0.35798996646271763
                    ],
                    [
                        0.7188945941693967,
                        1.5168094375259815,
                        0.0,
                        1.5949201873710748,
                        -1.270694134153568,
                        -0.7828047072005273
                    ],
                    [
                        0.0,
                        0.0,
                        1e-09,
                        6.145595283305688e-10,
                        -4.784810890210167e-10,
                        -8.581271589505811e-10
                    ],
                    [
                        1.4070517315001454,
                        1.5949201873710748,
                        6.145595283305688e-10,
                        3.320148156464054,
                        -1.046287817233832,
                        -2.2261969997424327
                    ],
                    [
                        -0.8158782499737953,
                        -1.270694134153568,
                        -4.784810890210167e-10,
                        -1.046287817233832,
                        2.384572957093659,
                        -0.9271250041225496
                    ],
                    [
                        -0.35798996646271763,
                        -0.7828047072005273,
                        -8.581271589505811e-10,
                        -2.2261969997424327,
                        -0.9271250041225496,
                        4.165242465871179
                    ]
                ],
                "mui": [
                    0.0,
                    0.0,
                    1.0,
                    0.6145595283305687,
                    -0.47848108902101666,
                    -0.858127158950581
                ],
                "Ai": [
                    [
                        0.0,
                        0.0,
                        0.0,
                        0.0,
                        0.0,
                        0.0
                    ],
                    [
                        0.7188945941693967,
                        0.0,
                        0.0,
                        0.0,
                        0.0,
                        0.0
                    ],
                    [
                        0.0,
                        0.0,
                        0.0,
                        0.0,
                        0.0,
                        0.0
                    ],
                    [
                        0.987649844593987,
                        0.5833983038789308,
                        0.6145595283305687,
                        0.0,
                        0.0,
                        0.0
                    ],
                    [
                        -0.8186863077784676,
                        -0.9763499675443563,
                        -0.7862740180551258,
                        0.5008350124685541,
                        0.0,
                        0.0
                    ],
                    [
                        0.7063248933891789,
                        -0.5483656650008462,
                        -0.6716439787537649,
                        -0.98044503041205,
                        -0.8695404370077175,
                        0.0
                    ]
                ]
            },
            "est_params": {
                "mui": [
                    -0.010345983114964074,
                    -0.03511441686482762,
                    1.0000003686051806,
                    0.5063017287694086,
                    -0.45464245562286965,
                    -0.7125841171138451
                ],
                "Si": [
                    [
                        1.0457559246359283,
                        0.7553892138930884,
                        6.788634882659569e-07,
                        1.6079335774736758,
                        -0.7485511314036327,
                        -0.7249372625196352
                    ],
                    [
                        0.7553892138930884,
                        1.5959039636207968,
                        8.06642598875305e-07,
                        1.851989222722124,
                        -1.1543963413196243,
                        -1.1889983686600676
                    ],
                    [
                        6.78863488265957e-07,
                        8.06642598875305e-07,
                        1.001240895781137e-06,
                        7.827195907091667e-07,
                        -1.6146704081691302e-06,
                        2.3133972118389485e-07
                    ],
                    [
                        1.6079335774736758,
                        1.851989222722124,
                        7.827195907091667e-07,
                        3.842543191475466,
                        -1.1050982838011947,
                        -2.8662316681313746
                    ],
                    [
                        -0.7485511314036327,
                        -1.1543963413196245,
                        -1.6146704081691302e-06,
                        -1.1050982838011947,
                        2.027608334989189,
                        -0.5958338985519361
                    ],
                    [
                        -0.7249372625196352,
                        -1.1889983686600676,
                        2.3133972118389482e-07,
                        -2.866231668131375,
                        -0.5958338985519362,
                        4.567055186049503
                    ]
                ]
            },
            "est_tgt": [
                2,
                4
            ],
            "oracle_est_tgt": [
                2,
                3,
                4,
                5
            ]
        },
        "3": {
            "intv_type": "do",
            "inode": 3,
            "new_mui": 1.0,
            "new_sigmai": 0.0,
            "true_params": {
                "Si": [
                    [
                        1.0,
                        0.7188945941693967,
                        0.11722890252040685,
                        0.0,
                        -1.6127530616804842,
                        1.6357256967174036
                    ],
                    [
                        0.7188945941693967,
                        1.5168094375259815,
                        -0.7677028980087985,
                        0.0,
                        -1.4658611637919663,
                        1.466255517571995
                    ],
                    [
                        0.11722890252040685,
                        -0.7677028980087985,
                        1.7396093364829381,
                        0.0,
                        -0.7142366206574061,
                        -0.04355691071471288
                    ],
                    [
                        0.0,
                        0.0,
                        0.0,
                        1e-09,
                        5.008350124685542e-10,
                        -1.4159413260227224e-09
                    ],
                    [
                        -1.6127530616804842,
                        -1.4658611637919663,
                        -0.7142366206574061,
                        5.008350124685542e-10,
                        4.313118046935682,
                        -3.6060175286922282
                    ],
                    [
                        1.6357256967174036,
                        1.466255517571995,
                        -0.04355691071471288,
                        -1.4159413260227224e-09,
                        -3.6060175286922282,
                        4.516142392352768
                    ]
                ],
                "mui": [
                    0.0,
                    0.0,
                    0.0,
                    1.0,
                    0.5008350124685541,
                    -1.4159413260227223
                ],
                "Ai": [
                    [
                        0.0,
                        0.0,
                        0.0,
                        0.0,
                        0.0,
                        0.0
                    ],
                    [
                        0.7188945941693967,
                        0.0,
                        0.0,
                        0.0,
                        0.0,
                        0.0
                    ],
                    [
                        0.7297113690004715,
                        -0.8519781223111302,
                        0.0,
                        0.0,
                        0.0,
                        0.0
                    ],
                    [
                        0.0,
                        0.0,
                        0.0,
                        0.0,
                        0.0,
                        0.0
                    ],
                    [
                        -0.8186863077784676,
                        -0.9763499675443563,
                        -0.7862740180551258,
                        0.5008350124685541,
                        0.0,
                        0.0
                    ],
                    [
                        0.7063248933891789,
                        -0.5483656650008462,
                        -0.6716439787537649,
                        -0.98044503041205,
                        -0.8695404370077175,
                        0.0
                    ]
                ]
            },
            "est_params": {
                "mui": [
                    -0.045077653614110515,
                    -0.04434727828048939,
                    -0.02160053806134991,
                    1.000000406117753,
                    0.6285209795698412,
                    -1.4505107919742783
                ],
                "Si": [
                    [
                        0.9034086049920924,
                        0.6589623839983779,
                        0.08153105288787392,
                        1.8892202825258194e-07,
                        -1.4475825738268002,
                        1.5580100423437568
                    ],
                    [
                        0.6589623839983778,
                        1.4301437799314676,
                        -0.7591859733236067,
                        3.14099477669989e-07,
                        -1.3600906497957495,
                        1.5012140235899265
                    ],
                    [
                        0.08153105288787393,
                        -0.7591859733236067,
                        1.6588939198496258,
                        7.173760093562373e-08,
                        -0.5812326720794674,
                        -0.1623154872684098
                    ],
                    [
                        1.889220282525819e-07,
                        3.1409947766998903e-07,
                        7.173760093562373e-08,
                        1.0010109498114754e-06,
                        -3.535526954013532e-07,
                        8.646789358737616e-08
                    ],
                    [
                        -1.4475825738268002,
                        -1.3600906497957495,
                        -0.5812326720794674,
                        -3.535526954013532e-07,
                        3.8955080441404335,
                        -3.4215993640781526
                    ],
                    [
                        1.5580100423437568,
                        1.5012140235899265,
                        -0.16231548726840977,
                        8.646789358737619e-08,
                        -3.421599364078153,
                        4.536999465899254
                    ]
                ]
            },
            "est_tgt": [
                0,
                3,
                5
            ],
            "oracle_est_tgt": [
                0,
                3,
                4
            ]
        },
        "4": {
            "intv_type": "do",
            "inode": 4,
            "new_mui": 1.0,
            "new_sigmai": 0.0,
            "true_params": {
                "Si": [
                    [
                        1.0,
                        0.7188945941693967,
                        0.11722890252040685,
                        1.4790958705397967,
                        0.0,
                        -1.2168005010955076
                    ],
                    [
                        0.7188945941693967,
                        1.5168094375259815,
                        -0.7677028980087985,
                        1.1231210564727765,
                        0.0,
                        -0.9095284977541781
                    ],
                    [
                        0.11722890252040685,
                        -0.7677028980087985,
                        1.7396093364829381,
                        0.7369980320833387,
                        0.0,
                        -1.3872005919476391
                    ],
                    [
                        1.4790958705397967,
                        1.1231210564727765,
                        0.7369980320833387,
                        3.568984889052863,
                        0.0,
                        -3.56535258062748
                    ],
                    [
                        0.0,
                        0.0,
                        0.0,
                        0.0,
                        1e-09,
                        -8.695404370077176e-10
                    ],
                    [
                        -1.2168005010955076,
                        -0.9095284977541781,
                        -1.3872005919476391,
                        -3.56535258062748,
                        -8.695404370077176e-10,
                        5.066634860300388
                    ]
                ],
                "mui": [
                    0.0,
                    0.0,
                    0.0,
                    0.0,
                    1.0,
                    -0.8695404370077175
                ],
                "Ai": [
                    [
                        0.0,
                        0.0,
                        0.0,
                        0.0,
                        0.0,
                        0.0
                    ],
                    [
                        0.7188945941693967,
                        0.0,
                        0.0,
                        0.0,
                        0.0,
                        0.0
                    ],
                    [
                        0.7297113690004715,
                        -0.8519781223111302,
                        0.0,
                        0.0,
                        0.0,
                        0.0
                    ],
                    [
                        0.987649844593987,
                        0.5833983038789308,
                        0.6145595283305687,
                        0.0,
                        0.0,
                        0.0
                    ],
                    [
                        0.0,
                        0.0,
                        0.0,
                        0.0,
                        0.0,
                        0.0
                    ],
                    [
                        0.7063248933891789,
                        -0.5483656650008462,
                        -0.6716439787537649,
                        -0.98044503041205,
                        -0.8695404370077175,
                        0.0
                    ]
                ]
            },
            "est_params": {
                "mui": [
                    0.01479548850455318,
                    -0.03565853719922992,
                    -0.05483633819261408,
                    0.020525018428996244,
                    0.9999988998866928,
                    -0.7767203035125955
                ],
                "Si": [
                    [
                        0.9705431739648523,
                        0.6766782897275019,
                        0.14521712960905248,
                        1.3464762298818398,
                        5.863971540300435e-07,
                        -1.09548124239502
                    ],
                    [
                        0.6766782897275019,
                        1.5890800498391524,
                        -0.8454930773730348,
                        0.903055620084821,
                        -1.2899844521564926e-06,
                        -0.6941637387720483
                    ],
                    [
                        0.1452171296090525,
                        -0.8454930773730348,
                        1.8008651277813978,
                        0.8496741120388838,
                        1.2692068324716992e-06,
                        -1.4325505947437278
                    ],
                    [
                        1.3464762298818396,
                        0.903055620084821,
                        0.8496741120388837,
                        3.139643727630972,
                        4.77338069888765e-07,
                        -3.1767370465567573
                    ],
                    [
                        5.863971540300434e-07,
                        -1.2899844521564926e-06,
                        1.2692068324716992e-06,
                        4.77338069888765e-07,
                        1.0028515867651495e-06,
                        8.85020892141421e-07
                    ],
                    [
                        -1.0954812423950198,
                        -0.6941637387720483,
                        -1.4325505947437278,
                        -3.1767370465567573,
                        8.850208921414212e-07,
                        4.676985007788306
                    ]
                ]
            },
            "est_tgt": [
                0,
                2,
                3,
                4
            ],
            "oracle_est_tgt": [
                0,
                2,
                4
            ]
        },
        "5": {
            "intv_type": "do",
            "inode": 5,
            "new_mui": 1.0,
            "new_sigmai": 0.0,
            "true_params": {
                "Si": [
                    [
                        1.0,
                        0.7188945941693967,
                        0.11722890252040685,
                        1.4790958705397967,
                        -0.8719700629164981,
                        0.0
                    ],
                    [
                        0.7188945941693967,
                        1.5168094375259815,
                        -0.7677028980087985,
                        1.1231210564727765,
                        -0.9033628154697275,
                        0.0
                    ],
                    [
                        0.11722890252040685,
                        -0.7677028980087985,
                        1.7396093364829381,
                        0.7369980320833387,
                        -0.3451222020696473,
                        0.0
                    ],
                    [
                        1.4790958705397967,
                        1.1231210564727765,
                        0.7369980320833387,
                        3.568984889052863,
                        -1.0994845567141986,
                        0.0
                    ],
                    [
                        -0.8719700629164981,
                        -0.9033628154697275,
                        -0.3451222020696473,
                        -1.0994845567141986,
                        2.316568465737509,
                        0.0
                    ],
                    [
                        0.0,
                        0.0,
                        0.0,
                        0.0,
                        0.0,
                        1e-09
                    ]
                ],
                "mui": [
                    0.0,
                    0.0,
                    0.0,
                    0.0,
                    0.0,
                    1.0
                ],
                "Ai": [
                    [
                        0.0,
                        0.0,
                        0.0,
                        0.0,
                        0.0,
                        0.0
                    ],
                    [
                        0.7188945941693967,
                        0.0,
                        0.0,
                        0.0,
                        0.0,
                        0.0
                    ],
                    [
                        0.7297113690004715,
                        -0.8519781223111302,
                        0.0,
                        0.0,
                        0.0,
                        0.0
                    ],
                    [
                        0.987649844593987,
                        0.5833983038789308,
                        0.6145595283305687,
                        0.0,
                        0.0,
                        0.0
                    ],
                    [
                        -0.8186863077784676,
                        -0.9763499675443563,
                        -0.7862740180551258,
                        0.5008350124685541,
                        0.0,
                        0.0
                    ],
                    [
                        0.0,
                        0.0,
                        0.0,
                        0.0,
                        0.0,
                        0.0
                    ]
                ]
            },
            "est_params": {
                "mui": [
                    -0.03763198219202718,
                    -0.0014574153134701891,
                    -0.009467865165641938,
                    -0.0329066855003221,
                    0.025732437301910726,
                    1.0000003387685406
                ],
                "Si": [
                    [
                        0.9183689327322292,
                        0.6223217983717025,
                        0.12063445454051398,
                        1.3223571458255816,
                        -0.8098278643404626,
                        1.031511901429841e-08
                    ],
                    [
                        0.6223217983717025,
                        1.37734775034311,
                        -0.7626365242365637,
                        0.9489173689692003,
                        -0.7481873026819075,
                        -1.1975140886270801e-06
                    ],
                    [
                        0.12063445454051398,
                        -0.7626365242365637,
                        1.7512376876755251,
                        0.7834571765671177,
                        -0.3132664295248105,
                        4.821526381415819e-07
                    ],
                    [
                        1.3223571458255816,
                        0.9489173689692003,
                        0.7834571765671177,
                        3.2755899023507506,
                        -0.9697992935295078,
                        1.8054894591941122e-07
                    ],
                    [
                        -0.8098278643404627,
                        -0.7481873026819073,
                        -0.31326642952481043,
                        -0.9697992935295078,
                        2.1007688041159254,
                        6.136183858503901e-07
                    ],
                    [
                        1.0315119014298498e-08,
                        -1.1975140886270801e-06,
                        4.821526381415819e-07,
                        1.805489459194112e-07,
                        6.136183858503901e-07,
                        1.0017482352421032e-06
                    ]
                ]
            },
            "est_tgt": [
                0,
                2,
                3,
                4,
                5
            ],
            "oracle_est_tgt": [
                0,
                2,
                5
            ]
        },
        "obs": {
            "intv_type": "obs",
            "true_params": {
                "Si": [
                    [
                        1.0,
                        0.7188945941693967,
                        0.11722890252040685,
                        1.4790958705397967,
                        -0.8719700629164981,
                        -0.4585872715294489
                    ],
                    [
                        0.7188945941693967,
                        1.5168094375259815,
                        -0.7677028980087985,
                        1.1231210564727765,
                        -0.9033628154697275,
                        -0.12401800041410924
                    ],
                    [
                        0.11722890252040685,
                        -0.7677028980087985,
                        1.7396093364829381,
                        0.7369980320833387,
                        -0.3451222020696473,
                        -1.0871028815389323
                    ],
                    [
                        1.4790958705397967,
                        1.1231210564727765,
                        0.7369980320833387,
                        3.568984889052863,
                        -1.0994845567141986,
                        -2.6093062986989795
                    ],
                    [
                        -0.8719700629164981,
                        -0.9033628154697275,
                        -0.3451222020696473,
                        -1.0994845567141986,
                        2.316568465737509,
                        -0.8250875481420983
                    ],
                    [
                        -0.4585872715294489,
                        -0.12401800041410924,
