{
    "expt_args": {
        "save_dir": "all_expt_logs/expt_logs_11.05.24-main_plus_oracle_donoisepert2",
        "exp_name": "136",
        "num_nodes": 8,
        "obs_noise_mean": 0.0,
        "obs_noise_var": 1.0,
        "max_edge_strength": 1.0,
        "graph_sparsity_method": "adj_dense_prop",
        "adj_dense_prop": 0.8,
        "num_parents": null,
        "new_noise_mean": 1.0,
        "mix_samples": 1024,
        "stage2_samples": 1024,
        "gmm_tol": 0.001,
        "intv_type": "do",
        "new_noise_sigma": 0.0,
        "intv_targets": [
            0,
            1,
            2,
            3,
            4,
            5,
            6,
            7
        ]
    },
    "intv_args_dict": {
        "0": {
            "intv_type": "do",
            "inode": 0,
            "new_mui": 1.0,
            "new_sigmai": 0.0,
            "true_params": {
                "Si": [
                    [
                        1e-09,
                        -9.029566878030409e-10,
                        4.866692283391548e-10,
                        5.851527705177599e-10,
                        -4.0757537051808994e-11,
                        1.8683679400009266e-09,
                        -2.9863017594556894e-09,
                        -2.553211664587574e-09
                    ],
                    [
                        -9.029566878030409e-10,
                        1.0000000008153307,
                        -0.5389729488798104,
                        0.389030046761587,
                        -0.06786795470320138,
                        -0.10239757125259233,
                        1.0528057939587743,
                        1.7358403663706652
                    ],
                    [
                        4.866692283391548e-10,
                        -0.5389729488798104,
                        1.2904918393873517,
                        -0.9314755082074023,
                        -1.106446881249389,
                        -0.4513345023142047,
                        -0.34631185438153245,
                        -0.2899267239931198
                    ],
                    [
                        5.851527705177599e-10,
                        0.389030046761587,
                        -0.9314755082074023,
                        1.6723379389471993,
                        1.6403389932651828,
                        1.7142794288615382,
                        -1.5789520123584282,
                        -0.8301734682608897
                    ],
                    [
                        -4.0757537051808994e-11,
                        -0.06786795470320138,
                        -1.106446881249389,
                        1.6403389932651828,
                        3.019584746861271,
                        2.303523949225741,
                        -2.236344152432078,
                        -2.3597229069748478
                    ],
                    [
                        1.8683679400009266e-09,
                        -0.10239757125259233,
                        -0.4513345023142047,
                        1.7142794288615382,
                        2.303523949225741,
                        3.496281497598034,
                        -3.642925703686389,
                        -1.9452822761013082
                    ],
                    [
                        -2.9863017594556894e-09,
                        1.0528057939587743,
                        -0.34631185438153245,
                        -1.5789520123584282,
                        -2.236344152432078,
                        -3.642925703686389,
                        6.102295836533794,
                        4.808959412681151
                    ],
                    [
                        -2.553211664587574e-09,
                        1.7358403663706652,
                        -0.2899267239931198,
                        -0.8301734682608897,
                        -2.3597229069748478,
                        -1.9452822761013082,
                        4.808959412681151,
                        6.909922545131781
                    ]
                ],
                "mui": [
                    1.0,
                    -0.9029566878030408,
                    0.4866692283391548,
                    0.5851527705177598,
                    -0.04075753705180899,
                    1.8683679400009263,
                    -2.986301759455689,
                    -2.553211664587574
                ],
                "Ai": [
                    [
                        0.0,
                        0.0,
                        0.0,
                        0.0,
                        0.0,
                        0.0,
                        0.0,
                        0.0
                    ],
                    [
                        -0.9029566878030408,
                        0.0,
                        0.0,
                        0.0,
                        0.0,
                        0.0,
                        0.0,
                        0.0
                    ],
                    [
                        -0.0,
                        -0.5389729484403691,
                        0.0,
                        0.0,
                        0.0,
                        0.0,
                        0.0,
                        0.0
                    ],
                    [
                        0.9364300534745575,
                        0.0,
                        -0.7217988368724151,
                        0.0,
                        0.0,
                        0.0,
                        0.0,
                        0.0
                    ],
                    [
                        -0.8902390180475157,
                        -0.683927979600754,
                        -0.5354827960778589,
                        0.8417069213564293,
                        0.0,
                        0.0,
                        0.0,
                        0.0
                    ],
                    [
                        0.9643100649578916,
                        -0.0,
                        0.7896189410067724,
                        0.9265033197575678,
                        0.5488886651889027,
                        0.0,
                        0.0,
                        0.0
                    ],
                    [
                        -0.0,
                        0.9170640730130578,
                        -0.7623794372305308,
                        -0.8860358846752678,
                        -0.0,
                        -0.6790630631724042,
                        0.0,
                        0.0
                    ],
                    [
                        -0.9080489195971979,
                        0.7920240269983798,
                        -0.0,
                        0.0,
                        -0.8200524965893757,
                        0.9860233170417695,
                        0.9395155789920113,
                        0.0
                    ]
                ]
            },
            "est_params": {
                "mui": [
                    0.8406645946701311,
                    -1.424867773713292,
                    0.917744261014143,
                    0.9715125431289393,
                    1.0569956045950737,
                    2.642391625805864,
                    -5.159830989477141,
                    -5.333756087419774
                ],
                "Si": [
                    [
                        0.5468358267185192,
                        -0.32254168626460544,
                        0.1185655077902442,
                        0.060835481867551,
                        -0.305660648411378,
                        0.5628731071447116,
                        -0.7147106454490122,
                        -0.7232962000600865
                    ],
                    [
                        -0.32254168626460544,
                        0.9079296322901563,
                        -0.44933743303205537,
                        0.40621863922165996,
                        0.24144579798101265,
                        -0.37191419060211117,
                        1.0995003972956297,
                        1.4937452319646338
                    ],
                    [
                        0.11856550779024425,
                        -0.44933743303205537,
                        1.5351166560908023,
                        -1.0893318488807149,
                        -1.194722155522412,
                        -0.16491108996512704,
                        -0.6761769165464467,
                        -0.39370682591712486
                    ],
                    [
                        0.060835481867551014,
                        0.40621863922166,
                        -1.0893318488807149,
                        1.639964009768578,
                        0.714876560229187,
                        0.9647706492037765,
                        -0.5895649096683065,
                        0.25037009958064577
                    ],
                    [
                        -0.3056606484113781,
                        0.24144579798101268,
                        -1.194722155522412,
                        0.714876560229187,
                        2.082292439057405,
                        0.6810351706903168,
                        0.08452501921232433,
                        -0.09440160096542928
                    ],
                    [
                        0.5628731071447116,
                        -0.37191419060211117,
                        -0.16491108996512704,
                        0.9647706492037765,
                        0.6810351706903168,
                        2.7669584861300263,
                        -2.806880091220092,
                        -1.1360838303597347
                    ],
                    [
                        -0.7147106454490121,
                        1.0995003972956297,
                        -0.6761769165464465,
                        -0.5895649096683065,
                        0.08452501921232436,
                        -2.806880091220092,
                        4.586173409160023,
                        2.8455129232424383
                    ],
                    [
                        -0.7232962000600865,
                        1.4937452319646338,
                        -0.3937068259171249,
                        0.25037009958064577,
                        -0.09440160096542927,
                        -1.1360838303597345,
                        2.8455129232424383,
                        4.191666383005013
                    ]
                ]
            },
            "est_tgt": [
                1,
                2,
                3,
                4,
                6,
                7
            ],
            "oracle_est_tgt": [
                0,
                1,
                2,
                3,
                5,
                6
            ]
        },
        "1": {
            "intv_type": "do",
            "inode": 1,
            "new_mui": 1.0,
            "new_sigmai": 0.0,
            "true_params": {
                "Si": [
                    [
                        1.0,
                        0.0,
                        0.0,
                        0.9364300534745575,
                        -0.1020393606718094,
                        1.7759073697469476,
                        -2.0356637292776476,
                        -0.9858229988964137
                    ],
                    [
                        0.0,
                        1e-09,
                        -5.389729484403692e-10,
                        3.8903004728995465e-10,
                        -6.786795474000369e-11,
                        -1.02397569565537e-10,
                        1.0528057912622731e-09,
                        1.7358403640652257e-09
                    ],
                    [
                        0.0,
                        -5.389729484403692e-10,
                        1.0000000002904919,
                        -0.7217988370820918,
                        -1.1430258728638119,
                        -0.5065240231501577,
                        0.22112198795609797,
                        0.6456442753559172
                    ],
                    [
                        0.9364300534745575,
                        3.8903004728995465e-10,
                        -0.7217988370820918,
                        2.3978948061120784,
                        1.5711889429341936,
                        3.4171281922768744,
                        -3.894781791826997,
                        -2.428621808584701
                    ],
                    [
                        -0.1020393606718094,
                        -6.786795474000369e-11,
                        -1.1430258728638119,
                        1.5711889429341936,
                        3.0253907187099363,
                        2.115361983070747,
                        -1.9571745513555603,
                        -2.1413222233895124
                    ],
                    [
                        1.7759073697469476,
                        -1.02397569565537e-10,
                        -0.5065240231501577,
                        3.4171281922768744,
                        2.115361983070747,
                        6.639643217786314,
                        -7.150271163115636,
                        -3.518266766080857
                    ],
                    [
                        -2.0356637292776476,
                        1.0528057912622731e-09,
                        0.22112198795609797,
                        -3.894781791826997,
                        -1.9571745513555603,
                        -7.150271163115636,
                        9.137822613305394,
                        4.9882607412304605
                    ],
                    [
                        -0.9858229988964137,
                        1.7358403640652257e-09,
                        0.6456442753559172,
                        -2.428621808584701,
                        -2.1413222233895124,
                        -3.518266766080857,
                        4.9882607412304605,
                        4.8686277572610575
                    ]
                ],
                "mui": [
                    0.0,
                    1.0,
                    -0.5389729484403691,
                    0.3890300472899546,
                    -0.06786795474000368,
                    -0.102397569565537,
                    1.052805791262273,
                    1.7358403640652256
                ],
                "Ai": [
                    [
                        0.0,
                        0.0,
                        0.0,
                        0.0,
                        0.0,
                        0.0,
                        0.0,
                        0.0
                    ],
                    [
                        0.0,
                        0.0,
                        0.0,
                        0.0,
                        0.0,
                        0.0,
                        0.0,
                        0.0
                    ],
                    [
                        -0.0,
                        -0.5389729484403691,
                        0.0,
                        0.0,
                        0.0,
                        0.0,
                        0.0,
                        0.0
                    ],
                    [
                        0.9364300534745575,
                        0.0,
                        -0.7217988368724151,
                        0.0,
                        0.0,
                        0.0,
                        0.0,
                        0.0
                    ],
                    [
                        -0.8902390180475157,
                        -0.683927979600754,
                        -0.5354827960778589,
                        0.8417069213564293,
                        0.0,
                        0.0,
                        0.0,
                        0.0
                    ],
                    [
                        0.9643100649578916,
                        -0.0,
                        0.7896189410067724,
                        0.9265033197575678,
                        0.5488886651889027,
                        0.0,
                        0.0,
                        0.0
                    ],
                    [
                        -0.0,
                        0.9170640730130578,
                        -0.7623794372305308,
                        -0.8860358846752678,
                        -0.0,
                        -0.6790630631724042,
                        0.0,
                        0.0
                    ],
                    [
                        -0.9080489195971979,
                        0.7920240269983798,
                        -0.0,
                        0.0,
                        -0.8200524965893757,
                        0.9860233170417695,
                        0.9395155789920113,
                        0.0
                    ]
                ]
            },
            "est_params": {
                "mui": [
                    -0.6799867859686214,
                    1.0280213681507289,
                    -0.5297188577645553,
                    -0.6577852487363879,
                    -0.3169824760738714,
                    -2.305829788139854,
                    3.765972111588926,
                    2.9813663323745003
                ],
                "Si": [
                    [
                        0.7923337868049227,
                        -0.15583165717785702,
                        0.18258760153661813,
                        -0.31282424414876964,
                        -1.1969115652981859,
                        -0.35324163159723443,
                        0.5149718741282413,
                        0.1711969638159377
                    ],
                    [
                        -0.15583165717785702,
                        0.2863289123993278,
                        -0.20132186201313454,
                        0.3415800069403566,
                        0.38529451553839217,
                        0.1846481474537426,
                        -0.023222558202719942,
                        0.18044452225729463
                    ],
                    [
                        0.18258760153661813,
                        -0.20132186201313454,
                        0.5393491573573598,
                        -0.530399505925516,
                        -0.745817200813575,
                        -0.1738127181403009,
                        0.07220869197491481,
                        -0.013893375908417554
                    ],
                    [
                        -0.3128242441487697,
                        0.3415800069403566,
                        -0.5303995059255159,
                        1.2318358181458056,
                        1.2963046320997502,
                        0.8891775059948326,
                        -0.7343001142896874,
                        0.013795306929245422
                    ],
                    [
                        -1.196911565298186,
                        0.3852945155383922,
                        -0.7458172008135749,
                        1.2963046320997502,
                        2.836737328238448,
                        1.1525590726882444,
                        -1.0945283885089818,
                        -0.48338579202953635
                    ],
                    [
                        -0.3532416315972345,
                        0.18464814745374264,
                        -0.1738127181403009,
                        0.8891775059948324,
                        1.1525590726882444,
                        1.9733567153897522,
                        -1.505905727318578,
                        0.4436433994923136
                    ],
                    [
                        0.5149718741282413,
                        -0.02322255820271995,
                        0.07220869197491481,
                        -0.7343001142896874,
                        -1.0945283885089818,
                        -1.505905727318578,
                        1.712152095360648,
                        -0.017852353770362674
                    ],
                    [
                        0.1711969638159377,
                        0.18044452225729463,
                        -0.013893375908417584,
                        0.01379530692924544,
                        -0.48338579202953635,
                        0.4436433994923136,
                        -0.017852353770362674,
                        1.7494470668289108
                    ]
                ]
            },
            "est_tgt": [
                0,
                1,
                2,
                3,
                6,
                7
            ],
            "oracle_est_tgt": [
                1,
                2,
                3,
                6,
                7
            ]
        },
        "2": {
            "intv_type": "do",
            "inode": 2,
            "new_mui": 1.0,
            "new_sigmai": 0.0,
            "true_params": {
                "Si": [
                    [
                        1.0,
                        -0.9029566878030408,
                        0.0,
                        0.9364300534745575,
                        0.5155179824843131,
                        2.1148775955095167,
                        -3.0939150269792557,
                        -2.8674268663119444
                    ],
                    [
                        -0.9029566878030408,
                        1.8153307800482381,
                        0.0,
                        -0.8455557794446109,
                        -1.1494183895676955,
                        -2.2850431845585333,
                        3.965655826487043,
                        4.672987429024184
                    ],
                    [
                        0.0,
                        0.0,
                        1e-09,
                        -7.217988368724151e-10,
                        -1.1430258729003909e-09,
                        -5.065240232053473e-10,
                        2.2112198852353183e-10,
                        6.456442762914881e-10
                    ],
                    [
                        0.9364300534745575,
                        -0.8455557794446109,
                        -7.217988368724151e-10,
                        1.8769012455713563,
                        1.3244534540863455,
                        3.368941648521888,
                        -4.726154517569212,
                        -3.7245869322473517
                    ],
                    [
                        0.5155179824843131,
                        -1.1494183895676955,
                        -1.1430258729003909e-09,
                        1.3244534540863455,
                        2.441986814311292,
                        3.064608583265457,
                        -4.3086660889409325,
                        -4.40732330688202
                    ],
                    [
                        2.1148775955095167,
                        -2.2850431845585333,
                        -5.065240232053473e-10,
                        3.368941648521888,
                        3.064608583265457,
                        7.8428622871239035,
                        -10.406332292156945,
                        -8.287027561555444
                    ],
                    [
                        -3.0939150269792557,
                        3.965655826487043,
                        2.2112198852353183e-10,
                        -4.726154517569212,
                        -4.3086660889409325,
                        -10.406332292156945,
                        15.890858866026043,
                        14.152476461407225
                    ],
                    [
                        -2.8674268663119444,
                        4.672987429024184,
                        6.456442762914881e-10,
                        -3.7245869322473517,
                        -4.40732330688202,
                        -8.287027561555444,
                        14.152476461407225,
                        16.044388382860582
                    ]
                ],
                "mui": [
                    0.0,
                    0.0,
                    1.0,
                    -0.7217988368724151,
                    -1.1430258729003908,
                    -0.5065240232053472,
                    0.22112198852353182,
                    0.6456442762914881
                ],
                "Ai": [
                    [
                        0.0,
                        0.0,
                        0.0,
                        0.0,
                        0.0,
                        0.0,
                        0.0,
                        0.0
                    ],
                    [
                        -0.9029566878030408,
                        0.0,
                        0.0,
                        0.0,
                        0.0,
                        0.0,
                        0.0,
                        0.0
                    ],
                    [
                        0.0,
                        0.0,
                        0.0,
                        0.0,
                        0.0,
                        0.0,
                        0.0,
                        0.0
                    ],
                    [
                        0.9364300534745575,
                        0.0,
                        -0.7217988368724151,
                        0.0,
                        0.0,
                        0.0,
                        0.0,
                        0.0
                    ],
                    [
                        -0.8902390180475157,
                        -0.683927979600754,
                        -0.5354827960778589,
                        0.8417069213564293,
                        0.0,
                        0.0,
                        0.0,
                        0.0
                    ],
                    [
                        0.9643100649578916,
                        -0.0,
                        0.7896189410067724,
                        0.9265033197575678,
                        0.5488886651889027,
                        0.0,
                        0.0,
                        0.0
                    ],
                    [
                        -0.0,
                        0.9170640730130578,
                        -0.7623794372305308,
                        -0.8860358846752678,
                        -0.0,
                        -0.6790630631724042,
                        0.0,
                        0.0
                    ],
                    [
                        -0.9080489195971979,
                        0.7920240269983798,
                        -0.0,
                        0.0,
                        -0.8200524965893757,
                        0.9860233170417695,
                        0.9395155789920113,
                        0.0
                    ]
                ]
            },
            "est_params": {
                "mui": [
                    -0.24148407376580305,
                    0.5429369125457776,
                    0.9109634006055524,
                    -1.012024887506956,
                    -1.2001584866993968,
                    -1.1143151815965813,
                    1.5435931555059907,
                    1.8862955931576442
                ],
                "Si": [
                    [
                        1.0179330170278098,
                        -0.4771487314489755,
                        0.028407895078572054,
                        1.3204876178460576,
                        0.7906292753612033,
                        2.6074952238975406,
                        -3.4889561581759323,
                        -2.728616773236841
                    ],
                    [
                        -0.47714873144897557,
                        0.9299139635908349,
                        -0.010031133984572184,
                        -0.38088142940840464,
                        -0.7162030063217886,
                        -1.3120386975059801,
                        2.0641602102139407,
                        2.454679844861642
                    ],
                    [
                        0.028407895078572058,
                        -0.010031133984572184,
                        0.08718001593466031,
                        0.0019591389714821764,
                        0.03727840238143169,
                        0.16870971126833775,
                        -0.1528049983684975,
                        -0.07393804626560885
                    ],
                    [
                        1.3204876178460576,
                        -0.38088142940840464,
                        0.00195913897148218,
                        2.6515417458751176,
                        1.5462303041691763,
                        4.359644514859762,
                        -5.75506565530395,
                        -4.205757350525995
                    ],
                    [
                        0.7906292753612033,
                        -0.7162030063217885,
                        0.03727840238143169,
                        1.5462303041691763,
                        2.855423692496705,
                        3.6881950977456675,
                        -4.3471710454703825,
                        -4.461992721247795
                    ],
                    [
                        2.6074952238975406,
                        -1.3120386975059806,
                        0.16870971126833775,
                        4.359644514859761,
                        3.6881950977456675,
                        9.582388078101168,
                        -11.609561857774478,
                        -8.533837035206114
                    ],
                    [
                        -3.4889561581759323,
                        2.0641602102139407,
                        -0.1528049983684975,
                        -5.755065655303951,
                        -4.3471710454703825,
                        -11.609561857774478,
                        15.980723689131894,
                        12.65428510307099
                    ],
                    [
                        -2.728616773236841,
                        2.454679844861642,
                        -0.07393804626560888,
                        -4.205757350525995,
                        -4.461992721247795,
                        -8.533837035206114,
                        12.65428510307099,
                        12.794233338966333
                    ]
                ]
            },
            "est_tgt": [
                2,
                3
            ],
            "oracle_est_tgt": [
                2,
                4
            ]
        },
        "3": {
            "intv_type": "do",
            "inode": 3,
            "new_mui": 1.0,
            "new_sigmai": 0.0,
            "true_params": {
                "Si": [
                    [
                        1.0,
                        -0.9029566878030408,
                        0.4866692283391548,
                        0.0,
                        -0.5332846740474978,
                        1.0558793927560082,
                        -1.9161044450751712,
                        -1.9449791592132166
                    ],
                    [
                        -0.9029566878030408,
                        1.8153307800482381,
                        -0.9784141829171542,
                        0.0,
                        0.08621572477447537,
                        -1.5959817591608072,
                        3.494469755310778,
                        3.8964465665289403
                    ],
                    [
                        0.4866692283391548,
                        -0.9784141829171542,
                        1.5273387769627331,
                        0.0,
                        -0.5819507394614812,
                        1.3558894982279224,
                        -2.982414648910911,
                        -2.2047032165145186
                    ],
                    [
                        0.0,
                        0.0,
                        0.0,
                        1e-09,
                        8.417069213564294e-10,
                        1.3885067083011592e-09,
                        -1.8289195032496849e-09,
                        -1.0394422380264494e-09
                    ],
                    [
                        -0.5332846740474978,
                        0.08621572477447537,
                        -0.5819507394614812,
                        8.417069213564294e-10,
                        1.7274100879638943,
                        -0.025615287087282557,
                        0.5401270155337365,
                        -0.38183298224780027
                    ],
                    [
                        1.0558793927560082,
                        -1.5959817591608072,
                        1.3558894982279224,
                        1.3885067083011592e-09,
                        -0.025615287087282557,
                        3.0747712160778686,
                        -4.5852833668907875,
                        -3.477989205261942
                    ],
                    [
                        -1.9161044450751712,
                        3.494469755310778,
                        -2.982414648910911,
                        -1.8289195032496849e-09,
                        0.5401270155337365,
                        -4.5852833668907875,
                        9.59208083870586,
                        8.555401139364179
                    ],
                    [
                        -1.9449791592132166,
                        3.8964465665289403,
                        -2.2047032165145186,
                        -1.0394422380264494e-09,
                        -0.38183298224780027,
                        -3.477989205261942,
                        8.555401139364179,
                        10.77389281729217
                    ]
                ],
                "mui": [
                    0.0,
                    0.0,
                    0.0,
                    1.0,
                    0.8417069213564293,
                    1.388506708301159,
                    -1.8289195032496848,
                    -1.0394422380264492
                ],
                "Ai": [
                    [
                        0.0,
                        0.0,
                        0.0,
                        0.0,
                        0.0,
                        0.0,
                        0.0,
                        0.0
                    ],
                    [
                        -0.9029566878030408,
                        0.0,
                        0.0,
                        0.0,
                        0.0,
                        0.0,
                        0.0,
                        0.0
                    ],
                    [
                        -0.0,
                        -0.5389729484403691,
                        0.0,
                        0.0,
                        0.0,
                        0.0,
                        0.0,
                        0.0
                    ],
                    [
                        0.0,
                        0.0,
                        0.0,
                        0.0,
                        0.0,
                        0.0,
                        0.0,
                        0.0
                    ],
                    [
                        -0.8902390180475157,
                        -0.683927979600754,
                        -0.5354827960778589,
                        0.8417069213564293,
                        0.0,
                        0.0,
                        0.0,
                        0.0
                    ],
                    [
                        0.9643100649578916,
                        -0.0,
                        0.7896189410067724,
                        0.9265033197575678,
                        0.5488886651889027,
                        0.0,
                        0.0,
                        0.0
                    ],
                    [
                        -0.0,
                        0.9170640730130578,
                        -0.7623794372305308,
                        -0.8860358846752678,
                        -0.0,
                        -0.6790630631724042,
                        0.0,
                        0.0
                    ],
                    [
                        -0.9080489195971979,
                        0.7920240269983798,
                        -0.0,
                        0.0,
                        -0.8200524965893757,
                        0.9860233170417695,
                        0.9395155789920113,
                        0.0
                    ]
                ]
            },
            "est_params": {
                "mui": [
                    0.05577730556298846,
                    0.4984871919623761,
                    -0.15160253657438205,
                    0.3875030218513714,
                    -0.18445825079229264,
                    0.302990376670283,
                    0.03451558586087347,
                    0.8443367607028842
                ],
                "Si": [
                    [
                        0.6725903270692466,
                        -0.21753881162707786,
                        0.2652976686973674,
                        -0.12982264287704717,
                        -0.7863197306216665,
                        0.22935616922470478,
                        -0.22979173849308274,
                        -0.198814297704171
                    ],
                    [
                        -0.2175388116270779,
                        0.7578868292742033,
                        -0.4606854985989165,
                        0.42291395416316013,
                        0.39155090704686996,
                        0.20718891524825112,
                        0.13702515155251538,
                        0.8735967267905359
                    ],
                    [
                        0.2652976686973674,
                        -0.4606854985989165,
                        1.0592438022365562,
                        -0.45837634974543895,
                        -0.9009069489899543,
                        0.1915481729805929,
                        -0.5354603953887294,
                        0.062083593759828797
                    ],
                    [
                        -0.12982264287704715,
                        0.42291395416316013,
                        -0.45837634974543906,
                        0.7427933383724982,
                        0.540007799784143,
                        0.5837239352810777,
                        -0.4384593645398605,
                        0.05137075026018397
                    ],
                    [
                        -0.7863197306216665,
                        0.39155090704687,
                        -0.9009069489899543,
                        0.540007799784143,
                        2.2108966548120024,
                        0.28881361461512467,
                        0.051215219918537634,
                        -0.6106607094927146
                    ],
                    [
