{
    "expt_args": {
        "save_dir": "all_expt_logs/expt_logs_11.05.24-main_plus_oracle_donoisepert2",
        "exp_name": "182",
        "num_nodes": 6,
        "obs_noise_mean": 0.0,
        "obs_noise_var": 1.0,
        "max_edge_strength": 1.0,
        "graph_sparsity_method": "adj_dense_prop",
        "adj_dense_prop": 0.8,
        "num_parents": null,
        "new_noise_mean": 1.0,
        "mix_samples": 65536,
        "stage2_samples": 65536,
        "gmm_tol": 0.001,
        "intv_type": "do",
        "new_noise_sigma": 0.0,
        "intv_targets": [
            0,
            1,
            2,
            3,
            4,
            5
        ]
    },
    "intv_args_dict": {
        "0": {
            "intv_type": "do",
            "inode": 0,
            "new_mui": 1.0,
            "new_sigmai": 0.0,
            "true_params": {
                "Si": [
                    [
                        1e-09,
                        0.0,
                        -9.841962128672297e-10,
                        1.46999365379155e-09,
                        -6.589032308105756e-10,
                        -1.0258579559167652e-09
                    ],
                    [
                        0.0,
                        1.0,
                        0.6544327666014589,
                        -0.3351921420472882,
                        -1.2975768100393015,
                        1.9309471465405337
                    ],
                    [
                        -9.841962128672297e-10,
                        0.6544327666014589,
                        1.4282822469702818,
                        -0.7315480074728011,
                        -1.3655146020850268,
                        3.0298580120660277
                    ],
                    [
                        1.46999365379155e-09,
                        -0.3351921420472882,
                        -0.7315480074728011,
                        1.3746895893337372,
                        0.03382458803545019,
                        -1.9676243849383717
                    ],
                    [
                        -6.589032308105756e-10,
                        -1.2975768100393015,
                        -1.3655146020850268,
                        0.03382458803545019,
                        3.3932999095753265,
                        -3.9484474943468286
                    ],
                    [
                        -1.0258579559167652e-09,
                        1.9309471465405337,
                        3.0298580120660277,
                        -1.9676243849383717,
                        -3.9484474943468286,
                        8.673160586658739
                    ]
                ],
                "mui": [
                    1.0,
                    0.0,
                    -0.9841962128672296,
                    1.46999365379155,
                    -0.6589032308105756,
                    -1.025857955916765
                ],
                "Ai": [
                    [
                        0.0,
                        0.0,
                        0.0,
                        0.0,
                        0.0,
                        0.0
                    ],
                    [
                        0.0,
                        0.0,
                        0.0,
                        0.0,
                        0.0,
                        0.0
                    ],
                    [
                        -0.9841962128672296,
                        0.6544327666014589,
                        0.0,
                        0.0,
                        0.0,
                        0.0
                    ],
                    [
                        0.9659008674554138,
                        -0.0,
                        -0.512187285162963,
                        0.0,
                        0.0,
                        0.0
                    ],
                    [
                        -0.5242018481050945,
                        -0.9596684213009887,
                        -0.8572366829631708,
                        -0.6655746282204282,
                        0.0,
                        0.0
                    ],
                    [
                        0.6906206757209656,
                        -0.0,
                        0.8608632855594724,
                        -0.9533369110117813,
                        -0.8076739315183197,
                        0.0
                    ]
                ]
            },
            "est_params": {
                "mui": [
                    -1.475197216329522,
                    0.019967158733557686,
                    1.3705622202377892,
                    -2.109706631421379,
                    1.16422311223614,
                    1.3032334677810296
                ],
                "Si": [
                    [
                        0.7633152362448439,
                        0.09607840246686664,
                        -0.5584521275018538,
                        1.0712745555625192,
                        -0.864871954829906,
                        -0.18434992132837494
                    ],
                    [
                        0.09607840246686664,
                        0.5884686499164167,
                        -0.03784128643346636,
                        0.29428536383948783,
                        -0.6204996221887699,
                        0.11902757089257421
                    ],
                    [
                        -0.5584521275018538,
                        -0.03784128643346636,
                        0.8594273103038311,
                        -0.8620889199375191,
                        0.5806062072495719,
                        0.3585327268058968
                    ],
                    [
                        1.0712745555625192,
                        0.29428536383948783,
                        -0.8620889199375191,
                        2.183629419563764,
                        -1.7363315458314819,
                        -0.3582556877915231
                    ],
                    [
                        -0.864871954829906,
                        -0.6204996221887699,
                        0.580606207249572,
                        -1.7363315458314819,
                        2.30913708106683,
                        -0.0648705811630353
                    ],
                    [
                        -0.18434992132837494,
                        0.11902757089257421,
                        0.3585327268058968,
                        -0.3582556877915231,
                        -0.06487058116303533,
                        0.6335629485535476
                    ]
                ]
            },
            "est_tgt": [
                0,
                1,
                2,
                3,
                4,
                5
            ],
            "oracle_est_tgt": [
                0
            ]
        },
        "1": {
            "intv_type": "do",
            "inode": 1,
            "new_mui": 1.0,
            "new_sigmai": 0.0,
            "true_params": {
                "Si": [
                    [
                        1.0,
                        0.0,
                        -0.9841962128672296,
                        1.46999365379155,
                        -0.6589032308105756,
                        -1.025857955916765
                    ],
                    [
                        0.0,
                        1e-09,
                        6.544327666014589e-10,
                        -3.3519214204728823e-10,
                        -1.2975768100393015e-09,
                        1.930947146540534e-09
                    ],
                    [
                        -0.9841962128672296,
                        6.544327666014589e-10,
                        1.9686421858504795,
                        -1.9589494723828285,
                        0.1321522424989725,
                        2.775828444201341
                    ],
                    [
                        1.46999365379155,
                        -3.3519214204728823e-10,
                        -1.9589494723828285,
                        3.4232171573823913,
                        -1.3696965287432843,
                        -2.828390758737801
                    ],
                    [
                        -0.6589032308105756,
                        -1.2975768100393015e-09,
                        0.1321522424989725,
                        -1.3696965287432843,
                        2.1437478004457233,
                        -0.7669541372594754
                    ],
                    [
                        -1.025857955916765,
                        1.930947146540534e-09,
                        2.775828444201341,
                        -2.828390758737801,
                        -0.7669541372594754,
                        5.996988252319606
                    ]
                ],
                "mui": [
                    0.0,
                    1.0,
                    0.6544327666014589,
                    -0.3351921420472882,
                    -1.2975768100393015,
                    1.9309471465405337
                ],
                "Ai": [
                    [
                        0.0,
                        0.0,
                        0.0,
                        0.0,
                        0.0,
                        0.0
                    ],
                    [
                        0.0,
                        0.0,
                        0.0,
                        0.0,
                        0.0,
                        0.0
                    ],
                    [
                        -0.9841962128672296,
                        0.6544327666014589,
                        0.0,
                        0.0,
                        0.0,
                        0.0
                    ],
                    [
                        0.9659008674554138,
                        -0.0,
                        -0.512187285162963,
                        0.0,
                        0.0,
                        0.0
                    ],
                    [
                        -0.5242018481050945,
                        -0.9596684213009887,
                        -0.8572366829631708,
                        -0.6655746282204282,
                        0.0,
                        0.0
                    ],
                    [
                        0.6906206757209656,
                        -0.0,
                        0.8608632855594724,
                        -0.9533369110117813,
                        -0.8076739315183197,
                        0.0
                    ]
                ]
            },
            "est_params": {
                "mui": [
                    -0.008073314674039276,
                    0.9999978913148049,
                    0.6528492127034445,
                    -0.35130273185326255,
                    -1.2844184431012884,
                    1.920025624252824
                ],
                "Si": [
                    [
                        1.0177701579355136,
                        6.876237134403234e-07,
                        -0.9932726166625457,
                        1.471514460888271,
                        -0.6560058551893977,
                        -1.0025578237873585
                    ],
                    [
                        6.876237134403235e-07,
                        1.0192208704096493e-06,
                        -1.091330231829383e-06,
                        3.041229565275836e-06,
                        -1.4607686775095823e-06,
                        -1.0942194309362236e-06
                    ],
                    [
                        -0.993272616662546,
                        -1.0913302318293832e-06,
                        1.9909967435377218,
                        -1.9643900248034487,
                        0.11827264713664026,
                        2.7911017301899954
                    ],
                    [
                        1.4715144608882706,
                        3.041229565275836e-06,
                        -1.9643900248034492,
                        3.3800151191666843,
                        -1.3343258812480836,
                        -2.80159299934657
                    ],
                    [
                        -0.6560058551893977,
                        -1.4607686775095823e-06,
                        0.11827264713664026,
                        -1.3343258812480836,
                        2.1141537839209206,
                        -0.7989766754923142
                    ],
                    [
                        -1.0025578237873585,
                        -1.0942194309362238e-06,
                        2.7911017301899954,
                        -2.80159299934657,
                        -0.7989766754923142,
                        6.013866274253073
                    ]
                ]
            },
            "est_tgt": [
                1
            ],
            "oracle_est_tgt": [
                1
            ]
        },
        "2": {
            "intv_type": "do",
            "inode": 2,
            "new_mui": 1.0,
            "new_sigmai": 0.0,
            "true_params": {
                "Si": [
                    [
                        1.0,
                        0.0,
                        0.0,
                        0.9659008674554138,
                        -1.1670809588595208,
                        0.7124125928396609
                    ],
                    [
                        0.0,
                        1.0,
                        0.0,
                        0.0,
                        -0.9596684213009887,
                        0.7750991667861488
                    ],
                    [
                        0.0,
                        0.0,
                        1e-09,
                        -5.12187285162963e-10,
                        -5.163378210616013e-10,
                        1.7661829277846683e-09
                    ],
                    [
                        0.9659008674554138,
                        0.0,
                        -5.12187285162963e-10,
                        1.9329644860134567,
                        -1.792859138509074,
                        0.27235030618722844
                    ],
                    [
                        -1.1670809588595208,
                        -0.9596684213009887,
                        -5.163378210616013e-10,
                        -1.792859138509074,
                        3.7260310293721566,
                        -2.1062295783399083
                    ],
                    [
                        0.7124125928396609,
                        0.7750991667861488,
                        1.7661829277846683e-09,
                        0.27235030618722844,
                        -2.1062295783399083,
                        2.9335119923838153
                    ]
                ],
                "mui": [
                    0.0,
                    0.0,
                    1.0,
                    -0.512187285162963,
                    -0.5163378210616013,
                    1.7661829277846681
                ],
                "Ai": [
                    [
                        0.0,
                        0.0,
                        0.0,
                        0.0,
                        0.0,
                        0.0
                    ],
                    [
                        0.0,
                        0.0,
                        0.0,
                        0.0,
                        0.0,
                        0.0
                    ],
                    [
                        0.0,
                        0.0,
                        0.0,
                        0.0,
                        0.0,
                        0.0
                    ],
                    [
                        0.9659008674554138,
                        -0.0,
                        -0.512187285162963,
                        0.0,
                        0.0,
                        0.0
                    ],
                    [
                        -0.5242018481050945,
                        -0.9596684213009887,
                        -0.8572366829631708,
                        -0.6655746282204282,
                        0.0,
                        0.0
                    ],
                    [
                        0.6906206757209656,
                        -0.0,
                        0.8608632855594724,
                        -0.9533369110117813,
                        -0.8076739315183197,
                        0.0
                    ]
                ]
            },
            "est_params": {
                "mui": [
                    0.004762480532589697,
                    0.008214270979173882,
                    1.0000006126467862,
                    -0.5171657823038083,
                    -0.5126786202982002,
                    1.7723584223583133
                ],
                "Si": [
                    [
                        0.9848413005659398,
                        0.008968238268890052,
                        1.2624153050771267e-06,
                        0.9540654555614524,
                        -1.1729855331005499,
                        0.7052883733019208
                    ],
                    [
                        0.008968238268890049,
                        0.9937505485729579,
                        -3.11670883717372e-07,
                        0.015580596083992192,
                        -0.9624075139663124,
                        0.7761323794818064
                    ],
                    [
                        1.2624153050771267e-06,
                        -3.1167088371737207e-07,
                        1.0063392186983386e-06,
                        1.2404394184734572e-06,
                        -1.4178239971429715e-06,
                        1.8717635489940128e-06
                    ],
                    [
                        0.9540654555614524,
                        0.015580596083992185,
                        1.240439418473457e-06,
                        1.9458545287276876,
                        -1.8144633190262325,
                        0.2495416945212456
                    ],
                    [
                        -1.1729855331005499,
                        -0.9624075139663124,
                        -1.417823997142971e-06,
                        -1.8144633190262325,
                        3.7642860733892984,
                        -2.1078398915862677
                    ],
                    [
                        0.7052883733019208,
                        0.7761323794818064,
                        1.8717635489940132e-06,
                        0.2495416945212456,
                        -2.1078398915862677,
                        2.95865122099185
                    ]
                ]
            },
            "est_tgt": [
                2
            ],
            "oracle_est_tgt": [
                2
            ]
        },
        "3": {
            "intv_type": "do",
            "inode": 3,
            "new_mui": 1.0,
            "new_sigmai": 0.0,
            "true_params": {
                "Si": [
                    [
                        1.0,
                        0.0,
                        -0.9841962128672296,
                        0.0,
                        0.3194872487981241,
                        -0.41467923202986
                    ],
                    [
                        0.0,
                        1.0,
                        0.6544327666014589,
                        0.0,
                        -1.5206721953648343,
                        1.7915844322152172
                    ],
                    [
                        -0.9841962128672296,
                        0.6544327666014589,
                        2.3969244314238365,
                        0.0,
                        -2.1668525351961776,
                        3.133828293823248
                    ],
                    [
                        0.0,
                        0.0,
                        0.0,
                        1e-09,
                        -6.655746282204283e-10,
                        -4.157696343181441e-10
                    ],
                    [
                        0.3194872487981241,
                        -1.5206721953648343,
                        -2.1668525351961776,
                        -6.655746282204283e-10,
                        4.149370758960989,
                        -4.99605788670532
                    ],
                    [
                        -0.41467923202986,
                        1.7915844322152172,
                        3.133828293823248,
                        -4.157696343181441e-10,
                        -4.99605788670532,
                        7.446597385812766
                    ]
                ],
                "mui": [
                    0.0,
                    0.0,
                    0.0,
                    1.0,
                    -0.6655746282204282,
                    -0.41576963431814407
                ],
                "Ai": [
                    [
                        0.0,
                        0.0,
                        0.0,
                        0.0,
                        0.0,
                        0.0
                    ],
                    [
                        0.0,
                        0.0,
                        0.0,
                        0.0,
                        0.0,
                        0.0
                    ],
                    [
                        -0.9841962128672296,
                        0.6544327666014589,
                        0.0,
                        0.0,
                        0.0,
                        0.0
                    ],
                    [
                        0.0,
                        0.0,
                        0.0,
                        0.0,
                        0.0,
                        0.0
                    ],
                    [
                        -0.5242018481050945,
                        -0.9596684213009887,
                        -0.8572366829631708,
                        -0.6655746282204282,
                        0.0,
                        0.0
                    ],
                    [
                        0.6906206757209656,
                        -0.0,
                        0.8608632855594724,
                        -0.9533369110117813,
                        -0.8076739315183197,
                        0.0
                    ]
                ]
            },
            "est_params": {
                "mui": [
                    0.00396972807004343,
                    0.000821015302144479,
                    -0.014719033699117796,
                    1.0000015628573404,
                    -0.6621275541167558,
                    -0.4416134798877281
                ],
                "Si": [
                    [
                        0.9660079249555051,
                        -0.006033437991298677,
                        -0.9539164220671237,
                        3.646105186848521e-07,
                        0.3057677961313591,
                        -0.392084846671172
                    ],
                    [
                        -0.0060334379912986786,
                        0.9783331546638421,
                        0.6327573098373908,
                        1.642215943226191e-07,
                        -1.4690483849150369,
                        1.718506485495421
                    ],
                    [
                        -0.9539164220671235,
                        0.6327573098373908,
                        2.34894394048185,
                        -6.360468658973767e-07,
                        -2.098070806008141,
                        3.0324390364351035
                    ],
                    [
                        3.646105186848521e-07,
                        1.6422159432261922e-07,
                        -6.360468658973767e-07,
                        1.0133974631437092e-06,
                        9.057521200834912e-07,
                        -3.244355760063135e-09
                    ],
                    [
                        0.3057677961313591,
                        -1.4690483849150369,
                        -2.098070806008141,
                        9.057521200834912e-07,
                        4.023010103655694,
                        -4.8269953329287105
                    ],
                    [
                        -0.39208484667117194,
                        1.718506485495421,
                        3.0324390364351035,
                        -3.244355760063505e-09,
                        -4.8269953329287105,
                        7.208486824308259
                    ]
                ]
            },
            "est_tgt": [
                3
            ],
            "oracle_est_tgt": [
                3
            ]
        },
        "4": {
            "intv_type": "do",
            "inode": 4,
            "new_mui": 1.0,
            "new_sigmai": 0.0,
            "true_params": {
                "Si": [
                    [
                        1.0,
                        0.0,
                        -0.9841962128672296,
                        1.46999365379155,
                        0.0,
                        -1.5580369188356655
                    ],
                    [
                        0.0,
                        1.0,
                        0.6544327666014589,
                        -0.3351921420472882,
                        0.0,
                        0.8829281829290913
                    ],
                    [
                        -0.9841962128672296,
                        0.6544327666014589,
                        2.3969244314238365,
                        -2.178310193026544,
                        0.0,
                        3.4603814983463153
                    ],
                    [
                        1.46999365379155,
                        -0.3351921420472882,
                        -2.178310193026544,
                        3.535570929360287,
                        0.0,
                        -4.2306095277088565
                    ],
                    [
                        0.0,
                        0.0,
                        0.0,
                        0.0,
                        1e-09,
                        -8.076739315183197e-10
                    ],
                    [
                        -1.5580369188356655,
                        0.8829281829290913,
                        3.4603814983463153,
                        -4.2306095277088565,
                        -8.076739315183197e-10,
                        6.936099095766429
                    ]
                ],
                "mui": [
                    0.0,
                    0.0,
                    0.0,
                    0.0,
                    1.0,
                    -0.8076739315183197
                ],
                "Ai": [
                    [
                        0.0,
                        0.0,
                        0.0,
                        0.0,
                        0.0,
                        0.0
                    ],
                    [
                        0.0,
                        0.0,
                        0.0,
                        0.0,
                        0.0,
                        0.0
                    ],
                    [
                        -0.9841962128672296,
                        0.6544327666014589,
                        0.0,
                        0.0,
                        0.0,
                        0.0
                    ],
                    [
                        0.9659008674554138,
                        -0.0,
                        -0.512187285162963,
                        0.0,
                        0.0,
                        0.0
                    ],
                    [
                        0.0,
                        0.0,
                        0.0,
                        0.0,
                        0.0,
                        0.0
                    ],
                    [
                        0.6906206757209656,
                        -0.0,
                        0.8608632855594724,
                        -0.9533369110117813,
                        -0.8076739315183197,
                        0.0
                    ]
                ]
            },
            "est_params": {
                "mui": [
                    -0.011709903790654742,
                    0.010791734779766476,
                    0.010413896645378104,
                    -0.026967305389711427,
                    0.9999994106586688,
                    -0.7815077612893957
                ],
                "Si": [
                    [
                        1.018536666551932,
                        -0.0014399476731679945,
                        -1.0139709090574986,
                        1.4996731931104665,
                        1.1275213788026752e-06,
                        -1.605359130351473
                    ],
                    [
                        -0.0014399476731679938,
                        0.9993161353611679,
                        0.6587202196376015,
                        -0.335948595338884,
                        -1.9450018282991658e-07,
                        0.880689684372353
                    ],
                    [
                        -1.0139709090574986,
                        0.6587202196376016,
                        2.449145473148886,
                        -2.2270872738442096,
                        -6.817532482556446e-08,
                        3.5317590871224747
                    ],
                    [
                        1.4996731931104665,
                        -0.335948595338884,
                        -2.2270872738442096,
                        3.5761606384330227,
                        2.435999341851189e-06,
                        -4.306281635224738
                    ],
                    [
                        1.1275213788026752e-06,
                        -1.9450018282991648e-07,
                        -6.81753248255644e-08,
                        2.4359993418511894e-06,
                        1.0119453526790373e-06,
                        -2.7094997208639972e-06
                    ],
                    [
                        -1.605359130351473,
                        0.880689684372353,
                        3.5317590871224747,
                        -4.306281635224738,
                        -2.709499720863999e-06,
                        7.023022433827777
                    ]
                ]
            },
            "est_tgt": [
                4
            ],
            "oracle_est_tgt": [
                4
            ]
        },
        "5": {
            "intv_type": "do",
            "inode": 5,
            "new_mui": 1.0,
            "new_sigmai": 0.0,
            "true_params": {
                "Si": [
                    [
                        1.0,
                        0.0,
                        -0.9841962128672296,
                        1.46999365379155,
                        -0.6589032308105756,
                        0.0
                    ],
                    [
                        0.0,
                        1.0,
                        0.6544327666014589,
                        -0.3351921420472882,
                        -1.2975768100393015,
                        0.0
                    ],
                    [
                        -0.9841962128672296,
                        0.6544327666014589,
                        2.3969244314238365,
                        -2.178310193026544,
                        -0.7170245383237666,
                        0.0
                    ],
                    [
                        1.46999365379155,
                        -0.3351921420472882,
                        -2.178310193026544,
                        3.535570929360287,
                        -0.934758978750261,
                        0.0
                    ],
                    [
                        -0.6589032308105756,
                        -1.2975768100393015,
                        -0.7170245383237666,
                        -0.934758978750261,
                        3.8274533767137875,
                        0.0
                    ],
                    [
                        0.0,
                        0.0,
                        0.0,
                        0.0,
                        0.0,
                        1e-09
                    ]
                ],
                "mui": [
                    0.0,
                    0.0,
                    0.0,
                    0.0,
                    0.0,
                    1.0
                ],
                "Ai": [
                    [
                        0.0,
                        0.0,
                        0.0,
                        0.0,
                        0.0,
                        0.0
                    ],
                    [
                        0.0,
                        0.0,
                        0.0,
                        0.0,
                        0.0,
                        0.0
                    ],
                    [
                        -0.9841962128672296,
                        0.6544327666014589,
                        0.0,
                        0.0,
                        0.0,
                        0.0
                    ],
                    [
                        0.9659008674554138,
                        -0.0,
                        -0.512187285162963,
                        0.0,
                        0.0,
                        0.0
                    ],
                    [
                        -0.5242018481050945,
                        -0.9596684213009887,
                        -0.8572366829631708,
                        -0.6655746282204282,
                        0.0,
                        0.0
                    ],
                    [
                        0.0,
                        0.0,
                        0.0,
                        0.0,
                        0.0,
                        0.0
                    ]
                ]
            },
            "est_params": {
                "mui": [
                    -0.005582167050613086,
                    -0.0004428768771135449,
                    0.005570766514384093,
                    -0.0017401225648701743,
                    -0.0011017814681993311,
                    0.999999825741373
                ],
                "Si": [
                    [
                        1.000044963805397,
                        0.009665707172346081,
                        -0.9688860951903852,
                        1.4505782062350983,
                        -0.6600249163590794,
                        -7.026459118248757e-07
                    ],
                    [
                        0.009665707172346081,
                        1.002149787931396,
                        0.6398387230839225,
                        -0.33867299207638113,
                        -1.279318799173379,
                        -3.887442160084491e-07
                    ],
                    [
                        -0.9688860951903852,
                        0.6398387230839225,
                        2.3702086573138725,
                        -2.1346358369560763,
                        -0.6896077496540486,
                        9.711914858613493e-07
                    ],
                    [
                        1.450578206235098,
                        -0.33867299207638113,
                        -2.1346358369560763,
                        3.465277714334757,
                        -0.9239325758657808,
                        -2.9103095841015904e-07
                    ],
                    [
                        -0.6600249163590796,
                        -1.279318799173379,
                        -0.6896077496540486,
                        -0.9239325758657808,
                        3.7538343124205213,
                        -1.495920823779689e-07
                    ],
                    [
                        -7.026459118248758e-07,
                        -3.887442160084491e-07,
                        9.711914858613493e-07,
                        -2.9103095841015904e-07,
                        -1.4959208237796872e-07,
                        1.0075140725841032e-06
                    ]
                ]
            },
            "est_tgt": [
                5
            ],
            "oracle_est_tgt": [
                5
            ]
        },
        "obs": {
            "intv_type": "obs",
            "true_params": {
                "Si": [
                    [
                        1.0,
                        0.0,
                        -0.9841962128672296,
                        1.46999365379155,
                        -0.6589032308105756,
                        -1.025857955916765
                    ],
                    [
                        0.0,
                        1.0,
                        0.6544327666014589,
                        -0.3351921420472882,
                        -1.2975768100393015,
                        1.9309471465405337
                    ],
                    [
                        -0.9841962128672296,
                        0.6544327666014589,
                        2.3969244314238365,
                        -2.178310193026544,
                        -0.7170245383237666,
                        4.03950352620938
                    ],
                    [
                        1.46999365379155,
                        -0.3351921420472882,
                        -2.178310193026544,
                        3.535570929360287,
                        -0.934758978750261,
                        -3.4756290683195834
                    ],
                    [
                        -0.6589032308105756,
                        -1.2975768100393015,
                        -0.7170245383237666,
                        -0.934758978750261,
                        3.8274533767137875,
                        -3.2725063735164803
                    ],
                    [
                        -1.025857955916765,
                        1.9309471465405337,
                        4.03950352620938,
                        -3.4756290683195834,
                        -3.2725063735164803,
                        9.725545131324077
                    ]
                ],
                "mui": [
                    0.0,
                    0.0,
                    0.0,
                    0.0,
                    0.0,
                    0.0
                ],
                "Ai": [
                    [
                        0.0,
                        0.0,
                        0.0,
                        0.0,
                        0.0,
                        0.0
                    ],
                    [
                        0.0,
                        0.0,
                        0.0,
                        0.0,
                        0.0,
                        0.0
                    ],
                    [
                        -0.9841962128672296,
                        0.6544327666014589,
                        0.0,
