{
    "expt_args": {
        "save_dir": "all_expt_logs/expt_logs_11.05.24-main_plus_oracle_donoisepert2",
        "exp_name": "166",
        "num_nodes": 8,
        "obs_noise_mean": 0.0,
        "obs_noise_var": 1.0,
        "max_edge_strength": 1.0,
        "graph_sparsity_method": "adj_dense_prop",
        "adj_dense_prop": 0.8,
        "num_parents": null,
        "new_noise_mean": 1.0,
        "mix_samples": 65536,
        "stage2_samples": 65536,
        "gmm_tol": 0.001,
        "intv_type": "do",
        "new_noise_sigma": 0.0,
        "intv_targets": [
            0,
            1,
            2,
            3,
            4,
            5,
            6,
            7
        ]
    },
    "intv_args_dict": {
        "0": {
            "intv_type": "do",
            "inode": 0,
            "new_mui": 1.0,
            "new_sigmai": 0.0,
            "true_params": {
                "Si": [
                    [
                        1e-09,
                        -5.136649895055903e-10,
                        3.933343756487823e-10,
                        2.3474985631113836e-10,
                        -4.697500222439674e-10,
                        1.3179142473540636e-10,
                        -1.3596540217393616e-09,
                        -1.9910842796362673e-09
                    ],
                    [
                        -5.136649895055903e-10,
                        1.0000000002638518,
                        -0.7657410642900815,
                        0.6691161818907093,
                        -1.0684129938504214,
                        0.5779240508469616,
                        1.9658268144349018,
                        0.9636425851194074
                    ],
                    [
                        3.933343756487823e-10,
                        -0.7657410642900815,
                        1.5863593773853948,
                        -1.3861849383562141,
                        0.9089176118804977,
                        -0.6672413195867382,
                        -2.4137063221346886,
                        -1.1113172813639847
                    ],
                    [
                        2.3474985631113836e-10,
                        0.6691161818907093,
                        -1.3861849383562141,
                        2.211269470996804,
                        -1.4733687759523613,
                        0.29032551514819427,
                        1.828641607783433,
                        1.6144340118111278
                    ],
                    [
                        -4.697500222439674e-10,
                        -1.0684129938504214,
                        0.9089176118804977,
                        -1.4733687759523613,
                        2.610984008291034,
                        -1.3947451871569911,
                        -2.908051862073825,
                        -0.5442903351458487
                    ],
                    [
                        1.3179142473540636e-10,
                        0.5779240508469616,
                        -0.6672413195867382,
                        0.29032551514819427,
                        -1.3947451871569911,
                        2.3834994795965434,
                        3.255718929693435,
                        -0.9025744992767081
                    ],
                    [
                        -1.3596540217393616e-09,
                        1.9658268144349018,
                        -2.4137063221346886,
                        1.828641607783433,
                        -2.908051862073825,
                        3.255718929693435,
                        7.525134261197735,
                        1.3192135376558105
                    ],
                    [
                        -1.9910842796362673e-09,
                        0.9636425851194074,
                        -1.1113172813639847,
                        1.6144340118111278,
                        -0.5442903351458487,
                        -0.9025744992767081,
                        1.3192135376558105,
                        3.909600787919584
                    ]
                ],
                "mui": [
                    1.0,
                    -0.5136649895055903,
                    0.39333437564878226,
                    0.23474985631113837,
                    -0.4697500222439674,
                    0.13179142473540634,
                    -1.3596540217393616,
                    -1.991084279636267
                ],
                "Ai": [
                    [
                        0.0,
                        0.0,
                        0.0,
                        0.0,
                        0.0,
                        0.0,
                        0.0,
                        0.0
                    ],
                    [
                        -0.5136649895055903,
                        0.0,
                        0.0,
                        0.0,
                        0.0,
                        0.0,
                        0.0,
                        0.0
                    ],
                    [
                        -0.0,
                        -0.7657410640880394,
                        0.0,
                        0.0,
                        0.0,
                        0.0,
                        0.0,
                        0.0
                    ],
                    [
                        0.5784514129219893,
                        0.0,
                        -0.8738152012366962,
                        0.0,
                        0.0,
                        0.0,
                        0.0,
                        0.0
                    ],
                    [
                        -0.6257052884744432,
                        -0.9988914325012861,
                        -0.5026553494552408,
                        -0.6791427497476992,
                        0.0,
                        0.0,
                        0.0,
                        0.0
                    ],
                    [
                        0.0,
                        -0.54876115691155,
                        -0.9608629548343108,
                        -0.9417644271953671,
                        -0.9556817540352471,
                        0.0,
                        0.0,
                        0.0
                    ],
                    [
                        -0.7606214378165849,
                        0.8813275043825171,
                        -0.6930777874594594,
                        0.0,
                        -0.0,
                        0.9582248498094852,
                        0.0,
                        0.0
                    ],
                    [
                        -0.8405769774536267,
                        0.892987388710328,
                        0.6365648778054003,
                        0.8770416401256478,
                        0.534324685793625,
                        -0.9823241719709352,
                        0.5645688129594273,
                        0.0
                    ]
                ]
            },
            "est_params": {
                "mui": [
                    0.9999998965044894,
                    -0.5320606373742635,
                    0.4112561391820351,
                    0.2467981049284799,
                    -0.4704550132628554,
                    0.11504591095425089,
                    -1.406715967089367,
                    -2.011688960874308
                ],
                "Si": [
                    [
                        1.009911003090013e-06,
                        3.06291664845599e-07,
                        -3.484035449559555e-07,
                        7.629895180372043e-07,
                        -1.4573519859507792e-06,
                        -1.1108513487488677e-06,
                        -1.367079706485558e-06,
                        5.712521681439266e-07
                    ],
                    [
                        3.0629166484559905e-07,
                        1.0158403817903288,
                        -0.7902299739518943,
                        0.6824845781086364,
                        -1.0768981967759164,
                        0.6037716825551279,
                        2.01188851235228,
                        0.977160091270039
                    ],
                    [
                        -3.4840354495595547e-07,
                        -0.7902299739518943,
                        1.6355615833345927,
                        -1.3999766217273932,
                        0.9073002783907043,
                        -0.7169170429611217,
                        -2.5029277200961815,
                        -1.1215635054880522
                    ],
                    [
                        7.629895180372042e-07,
                        0.6824845781086364,
                        -1.3999766217273932,
                        2.1919431899870516,
                        -1.4404760843604534,
                        0.3038947643251353,
                        1.8562617391811493,
                        1.6304679566426434
                    ],
                    [
                        -1.4573519859507788e-06,
                        -1.0768981967759164,
                        0.9073002783907045,
                        -1.4404760843604534,
                        2.596596608744734,
                        -1.4219425666567282,
                        -2.922049209703894,
                        -0.5086231956719873
                    ],
                    [
                        -1.1108513487488685e-06,
                        0.6037716825551279,
                        -0.7169170429611217,
                        0.3038947643251353,
                        -1.4219425666567278,
                        2.4519990009499657,
                        3.368244938607224,
                        -0.9425751659703361
                    ],
                    [
                        -1.3670797064855585e-06,
                        2.01188851235228,
                        -2.5029277200961815,
                        1.8562617391811493,
                        -2.922049209703894,
                        3.368244938607224,
                        7.735570292017376,
                        1.325944701474021
                    ],
                    [
                        5.712521681439268e-07,
                        0.9771600912700389,
                        -1.1215635054880522,
                        1.6304679566426437,
                        -0.5086231956719874,
                        -0.9425751659703362,
                        1.3259447014740209,
                        4.039836409075101
                    ]
                ]
            },
            "est_tgt": [
                0,
                1,
                2,
                3,
                6,
                7
            ],
            "oracle_est_tgt": [
                0
            ]
        },
        "1": {
            "intv_type": "do",
            "inode": 1,
            "new_mui": 1.0,
            "new_sigmai": 0.0,
            "true_params": {
                "Si": [
                    [
                        1.0,
                        0.0,
                        0.0,
                        0.5784514129219893,
                        -1.0185563716417247,
                        0.42865077628351256,
                        -0.3498776120915968,
                        -1.4960948217891181
                    ],
                    [
                        0.0,
                        1e-09,
                        -7.657410640880394e-10,
                        6.691161820112921e-10,
                        -1.0684129940917156e-09,
                        5.779240509146583e-10,
                        1.9658268137364953e-09,
                        9.636425840966572e-10
                    ],
                    [
                        0.0,
                        -7.657410640880394e-10,
                        1.0000000005863594,
                        -0.8738152017490659,
                        0.09078990990211584,
                        -0.22470114237165573,
                        -0.9083920069418202,
                        -0.3734165835720013
                    ],
                    [
                        0.5784514129219893,
                        6.691161820112921e-10,
                        -0.8738152017490659,
                        2.0981590434714903,
                        -1.3476617254559287,
                        0.15158082825474423,
                        0.31088787825103525,
                        0.10422700269988561
                    ],
                    [
                        -1.0185563716417247,
                        -1.0684129940917156e-09,
                        0.09078990990211584,
                        -1.3476617254559287,
                        2.5069347654798064,
                        -1.213888601509944,
                        -0.45136688179216355,
                        2.0091348347117552
                    ],
                    [
                        0.42865077628351256,
                        5.779240509146583e-10,
                        -0.22470114237165573,
                        0.15158082825474423,
                        -1.213888601509944,
                        2.23324475929602,
                        1.9696450253901885,
                        -2.100788931046046
                    ],
                    [
                        -0.3498776120915968,
                        1.9658268137364953e-09,
                        -0.9083920069418202,
                        0.31088787825103525,
                        -0.45136688179216355,
                        1.9696450253901885,
                        3.7830735450510886,
                        -0.05169081012237531
                    ],
                    [
                        -1.4960948217891181,
                        9.636425840966572e-10,
                        -0.3734165835720013,
                        0.10422700269988561,
                        2.0091348347117552,
                        -2.100788931046046,
                        -0.05169081012237531,
                        5.219293470783505
                    ]
                ],
                "mui": [
                    0.0,
                    1.0,
                    -0.7657410640880394,
                    0.6691161820112921,
                    -1.0684129940917155,
                    0.5779240509146583,
                    1.9658268137364951,
                    0.963642584096657
                ],
                "Ai": [
                    [
                        0.0,
                        0.0,
                        0.0,
                        0.0,
                        0.0,
                        0.0,
                        0.0,
                        0.0
                    ],
                    [
                        0.0,
                        0.0,
                        0.0,
                        0.0,
                        0.0,
                        0.0,
                        0.0,
                        0.0
                    ],
                    [
                        -0.0,
                        -0.7657410640880394,
                        0.0,
                        0.0,
                        0.0,
                        0.0,
                        0.0,
                        0.0
                    ],
                    [
                        0.5784514129219893,
                        0.0,
                        -0.8738152012366962,
                        0.0,
                        0.0,
                        0.0,
                        0.0,
                        0.0
                    ],
                    [
                        -0.6257052884744432,
                        -0.9988914325012861,
                        -0.5026553494552408,
                        -0.6791427497476992,
                        0.0,
                        0.0,
                        0.0,
                        0.0
                    ],
                    [
                        0.0,
                        -0.54876115691155,
                        -0.9608629548343108,
                        -0.9417644271953671,
                        -0.9556817540352471,
                        0.0,
                        0.0,
                        0.0
                    ],
                    [
                        -0.7606214378165849,
                        0.8813275043825171,
                        -0.6930777874594594,
                        0.0,
                        -0.0,
                        0.9582248498094852,
                        0.0,
                        0.0
                    ],
                    [
                        -0.8405769774536267,
                        0.892987388710328,
                        0.6365648778054003,
                        0.8770416401256478,
                        0.534324685793625,
                        -0.9823241719709352,
                        0.5645688129594273,
                        0.0
                    ]
                ]
            },
            "est_params": {
                "mui": [
                    0.007301298989977255,
                    1.000001488483774,
                    -0.7789399106572782,
                    0.6969533230937376,
                    -1.058527788894168,
                    0.554977065465861,
                    1.9531772712737094,
                    1.0191971591363067
                ],
                "Si": [
                    [
                        1.0397073999628461,
                        8.967847125673562e-07,
                        -0.0032805816741160966,
                        0.6205016578317206,
                        -1.0484026985688881,
                        0.41048969196022606,
                        -0.39403265303348706,
                        -1.5098155097773371
                    ],
                    [
                        8.967847125673562e-07,
                        1.0151945536191532e-06,
                        -9.284928034773549e-07,
                        -1.1030103895197364e-06,
                        1.1083204760191427e-06,
                        2.6537288468188394e-06,
                        4.422253147266595e-06,
                        -1.983876921403142e-07
                    ],
                    [
                        -0.0032805816741160957,
                        -9.284928034773549e-07,
                        1.037704240842611,
                        -0.9188445624234607,
                        0.09891777940697241,
                        -0.22839959644131427,
                        -0.9467844916294527,
                        -0.4002023625568733
                    ],
                    [
                        0.6205016578317208,
                        -1.1030103895197362e-06,
                        -0.9188445624234607,
                        2.149331892522104,
                        -1.3547438408180756,
                        0.16240415155138166,
                        0.32430780833194445,
                        0.09261976457258503
                    ],
                    [
                        -1.0484026985688881,
                        1.1083204760191427e-06,
                        0.0989177794069724,
                        -1.3547438408180756,
                        2.532855088433601,
                        -1.2074790532897166,
                        -0.4344197370650926,
                        2.0149314920013435
                    ],
                    [
                        0.410489691960226,
                        2.6537288468188394e-06,
                        -0.22839959644131425,
                        0.16240415155138166,
                        -1.2074790532897166,
                        2.166344979952044,
                        1.9237457687353177,
                        -2.01325895693794
                    ],
                    [
                        -0.39403265303348706,
                        4.422253147266595e-06,
                        -0.9467844916294527,
                        0.32430780833194445,
                        -0.4344197370650926,
                        1.9237457687353179,
                        3.79322863232934,
                        0.04353643382865444
                    ],
                    [
                        -1.509815509777337,
                        -1.983876921403142e-07,
                        -0.4002023625568733,
                        0.09261976457258506,
                        2.0149314920013435,
                        -2.0132589569379404,
                        0.04353643382865445,
                        5.146726486623743
                    ]
                ]
            },
            "est_tgt": [
                0,
                1,
                2,
                3,
                7
            ],
            "oracle_est_tgt": [
                1
            ]
        },
        "2": {
            "intv_type": "do",
            "inode": 2,
            "new_mui": 1.0,
            "new_sigmai": 0.0,
            "true_params": {
                "Si": [
                    [
                        1.0,
                        -0.5136649895055903,
                        0.0,
                        0.5784514129219893,
                        -0.5054608144487276,
                        0.22017410810366345,
                        -1.0023522194366483,
                        -1.8442067011703145
                    ],
                    [
                        -0.5136649895055903,
                        1.263851721443778,
                        0.0,
                        -0.2971302389480675,
                        -0.7392539085519934,
                        0.2927654284635887,
                        1.785106995162308,
                        1.625006588411942
                    ],
                    [
                        0.0,
                        0.0,
                        1e-09,
                        -8.738152012366962e-10,
                        9.078990908398814e-11,
                        -2.2470114192911557e-10,
                        -9.083920054365059e-10,
                        -3.7341658283410064e-10
                    ],
                    [
                        0.5784514129219893,
                        -0.2971302389480675,
                        -8.738152012366962e-10,
                        1.3346060378749987,
                        -0.9715272721215987,
                        -0.16536006875841486,
                        -0.8603037238173362,
                        -0.42343589257588743
                    ],
                    [
                        -0.5054608144487276,
                        -0.7392539085519934,
                        9.078990908398814e-11,
                        -0.9715272721215987,
                        2.714509603410751,
                        -1.2735836441776942,
                        -1.4874399671081289,
                        0.7744037071784431
                    ],
                    [
                        0.22017410810366345,
                        0.2927654284635887,
                        -2.2470114192911557e-10,
                        -0.16536006875841486,
                        -1.2735836441776942,
                        2.2122125864021185,
                        2.2103501512690586,
                        -1.6743874334347977
                    ],
                    [
                        -1.0023522194366483,
                        1.785106995162308,
                        -9.083920054365059e-10,
                        -0.8603037238173362,
                        -1.4874399671081289,
                        2.2103501512690586,
                        5.453686921804472,
                        1.795035320137676
                    ],
                    [
                        -1.8442067011703145,
                        1.625006588411942,
                        -3.7341658283410064e-10,
                        -0.42343589257588743,
                        0.7744037071784431,
                        -1.6743874334347977,
                        1.795035320137676,
                        6.701932401275288
                    ]
                ],
                "mui": [
                    0.0,
                    0.0,
                    1.0,
                    -0.8738152012366962,
                    0.09078990908398814,
                    -0.22470114192911556,
                    -0.9083920054365059,
                    -0.3734165828341006
                ],
                "Ai": [
                    [
                        0.0,
                        0.0,
                        0.0,
                        0.0,
                        0.0,
                        0.0,
                        0.0,
                        0.0
                    ],
                    [
                        -0.5136649895055903,
                        0.0,
                        0.0,
                        0.0,
                        0.0,
                        0.0,
                        0.0,
                        0.0
                    ],
                    [
                        0.0,
                        0.0,
                        0.0,
                        0.0,
                        0.0,
                        0.0,
                        0.0,
                        0.0
                    ],
                    [
                        0.5784514129219893,
                        0.0,
                        -0.8738152012366962,
                        0.0,
                        0.0,
                        0.0,
                        0.0,
                        0.0
                    ],
                    [
                        -0.6257052884744432,
                        -0.9988914325012861,
                        -0.5026553494552408,
                        -0.6791427497476992,
                        0.0,
                        0.0,
                        0.0,
                        0.0
                    ],
                    [
                        0.0,
                        -0.54876115691155,
                        -0.9608629548343108,
                        -0.9417644271953671,
                        -0.9556817540352471,
                        0.0,
                        0.0,
                        0.0
                    ],
                    [
                        -0.7606214378165849,
                        0.8813275043825171,
                        -0.6930777874594594,
                        0.0,
                        -0.0,
                        0.9582248498094852,
                        0.0,
                        0.0
                    ],
                    [
                        -0.8405769774536267,
                        0.892987388710328,
                        0.6365648778054003,
                        0.8770416401256478,
                        0.534324685793625,
                        -0.9823241719709352,
                        0.5645688129594273,
                        0.0
                    ]
                ]
            },
            "est_params": {
                "mui": [
                    0.008362250151640601,
                    0.01011541953636424,
                    0.9999989768595224,
                    -0.8669930960607791,
                    0.08561651364569171,
                    -0.24120886119219276,
                    -0.8926473624600156,
                    -0.3494596281043377
                ],
                "Si": [
                    [
                        0.9623242833321093,
                        -0.47951767185842026,
                        1.1486930852797459e-06,
                        0.5775466104132143,
                        -0.5144946592691414,
                        0.20964441877498052,
                        -0.953195432744847,
                        -1.7300519011608946
                    ],
                    [
                        -0.47951767185842026,
                        1.253067034653445,
                        -3.366697628975198e-07,
                        -0.2738605008725425,
                        -0.7516276308420323,
                        0.2783725229144067,
                        1.7276243195725753,
                        1.568736937496926
                    ],
                    [
                        1.1486930852797459e-06,
                        -3.3666976289751986e-07,
                        1.0091210187151235e-06,
                        1.126718674738772e-06,
                        -1.4197188724321746e-06,
                        1.7127797106314205e-06,
                        5.988481445399391e-07,
                        -1.1256019475122102e-06
                    ],
                    [
                        0.5775466104132143,
                        -0.2738605008725425,
                        1.1267186747387723e-06,
                        1.343618358644618,
                        -0.9874774289851134,
                        -0.17411612510390195,
                        -0.8412847332257948,
                        -0.3713557968948048
                    ],
                    [
                        -0.5144946592691414,
                        -0.7516276308420323,
                        -1.4197188724321746e-06,
                        -0.9874774289851134,
                        2.7269376010720823,
                        -1.2312082380876332,
                        -1.4486201244527601,
                        0.7341212871233208
                    ],
                    [
                        0.20964441877498055,
                        0.2783725229144066,
                        1.71277971063142e-06,
                        -0.17411612510390195,
                        -1.2312082380876332,
                        2.158651657946009,
                        2.159485451440203,
                        -1.6257523905918554
                    ],
                    [
                        -0.953195432744847,
                        1.7276243195725753,
                        5.988481445399394e-07,
                        -0.8412847332257949,
                        -1.4486201244527603,
                        2.159485451440203,
                        5.323673303391938,
                        1.6884828997134442
                    ],
                    [
                        -1.7300519011608946,
                        1.5687369374969262,
                        -1.1256019475122102e-06,
                        -0.3713557968948048,
                        0.734121287123321,
                        -1.6257523905918554,
                        1.6884828997134442,
                        6.402887108753381
                    ]
                ]
            },
            "est_tgt": [
                2,
                6,
                7
            ],
            "oracle_est_tgt": [
                2
            ]
        },
        "3": {
            "intv_type": "do",
            "inode": 3,
            "new_mui": 1.0,
            "new_sigmai": 0.0,
            "true_params": {
                "Si": [
                    [
                        1.0,
                        -0.5136649895055903,
                        0.39333437564878226,
                        0.0,
                        -0.3103213593259436,
                        0.20050742447746922,
                        -1.2938086432070148,
                        -2.142110148765383
                    ],
                    [
                        -0.5136649895055903,
                        1.263851721443778,
                        -0.9677831620278591,
                        0.0,
                        -0.45458637255836337,
                        0.6707941577679366,
                        2.818092530202425,
                        1.6334949607836737
                    ],
                    [
                        0.39333437564878226,
                        -0.9677831620278591,
                        1.7410713082977003,
                        0.0,
                        -0.15455989681247773,
                        -0.9941390409449861,
                        -3.3114190606854708,
                        -1.0620834210743078
                    ],
                    [
                        0.0,
                        0.0,
                        0.0,
                        1e-09,
                        -6.791427497476992e-10,
                        -2.927200928761651e-10,
                        -2.804916670324819e-10,
                        6.433480791099849e-10
                    ],
                    [
                        -0.3103213593259436,
                        -0.45458637255836337,
                        -0.15455989681247773,
                        -6.791427497476992e-10,
                        1.7259425079424846,
                        -1.251481539843399,
                        -1.2566810739804968,
                        1.1986130034756823
                    ],
                    [
                        0.20050742447746922,
                        0.6707941577679366,
                        -0.9941390409449861,
                        -2.927200928761651e-10,
                        -1.251481539843399,
                        2.7831436717482507,
                        3.794572209305441,
                        -1.4627148543775896
                    ],
                    [
                        -1.2938086432070148,
                        2.818092530202425,
                        -3.3114190606854708,
                        -2.804916670324819e-10,
                        -1.2566810739804968,
                        3.794572209305441,
                        10.39888542850188,
                        2.96804445740923
                    ],
                    [
                        -2.142110148765383,
                        1.6334949607836737,
                        -1.0620834210743078,
                        6.433480791099849e-10,
                        1.1986130034756823,
                        -1.4627148543775896,
                        2.96804445740923,
                        7.3361878818892565
                    ]
                ],
                "mui": [
                    0.0,
                    0.0,
                    0.0,
                    1.0,
                    -0.6791427497476992,
                    -0.29272009287616507,
                    -0.28049166703248185,
                    0.6433480791099848
                ],
                "Ai": [
                    [
                        0.0,
                        0.0,
                        0.0,
                        0.0,
                        0.0,
                        0.0,
                        0.0,
                        0.0
                    ],
                    [
                        -0.5136649895055903,
                        0.0,
                        0.0,
                        0.0,
                        0.0,
                        0.0,
                        0.0,
                        0.0
                    ],
                    [
                        -0.0,
                        -0.7657410640880394,
                        0.0,
                        0.0,
                        0.0,
                        0.0,
                        0.0,
                        0.0
                    ],
                    [
                        0.0,
                        0.0,
                        0.0,
                        0.0,
                        0.0,
                        0.0,
                        0.0,
                        0.0
                    ],
                    [
                        -0.6257052884744432,
                        -0.9988914325012861,
                        -0.5026553494552408,
                        -0.6791427497476992,
                        0.0,
                        0.0,
                        0.0,
                        0.0
                    ],
                    [
                        0.0,
                        -0.54876115691155,
                        -0.9608629548343108,
                        -0.9417644271953671,
                        -0.9556817540352471,
                        0.0,
                        0.0,
                        0.0
                    ],
                    [
                        -0.7606214378165849,
                        0.8813275043825171,
                        -0.6930777874594594,
                        0.0,
                        -0.0,
                        0.9582248498094852,
                        0.0,
                        0.0
                    ],
                    [
                        -0.8405769774536267,
                        0.892987388710328,
                        0.6365648778054003,
                        0.8770416401256478,
                        0.534324685793625,
                        -0.9823241719709352,
                        0.5645688129594273,
                        0.0
                    ]
                ]
            },
            "est_params": {
                "mui": [
                    0.006557220391347109,
                    -0.0018526349817915837,
                    0.01604557566553551,
                    1.0000001900208468,
                    -0.7041181749171719,
                    -0.2793982314695095,
                    -0.2873821385288586,
                    0.6056450640724381
                ],
                "Si": [
                    [
                        1.012734958606684,
                        -0.5155080830124222,
                        0.3974901585127233,
                        6.518183237966728e-07,
                        -0.31967852112069617,
                        0.20318839887093337,
                        -1.2930664308062776,
                        -2.1626648066813114
                    ],
                    [
                        -0.5155080830124222,
                        1.2762111789366126,
                        -0.9746999420044257,
                        -8.924593557356604e-07,
                        -0.44943273948620277,
                        0.6602162457967953,
                        2.818169095067695,
                        1.666895503716513
                    ],
                    [
                        0.3974901585127233,
                        -0.9746999420044257,
                        1.758390482381308,
                        -1.7257708034461396e-06,
                        -0.1799461529248357,
                        -0.989217696946075,
                        -3.3081784218483206,
                        -1.0821862920490004
                    ],
                    [
                        6.51818323796673e-07,
                        -8.924593557356604e-07,
                        -1.7257708034461396e-06,
                        1.0079530570104244e-06,
                        1.084391930183988e-06,
                        -1.7521810503506752e-07,
                        -1.2929205000879706e-07,
                        -1.5626591109481636e-06
                    ],
                    [
                        -0.31967852112069617,
                        -0.44943273948620277,
                        -0.17994615292483565,
                        1.084391930183988e-06,
                        1.7221922567451564,
                        -1.196174960619376,
