{
    "expt_args": {
        "save_dir": "all_expt_logs/expt_logs_11.05.24-main_plus_oracle_donoisepert2",
        "exp_name": "198",
        "num_nodes": 4,
        "obs_noise_mean": 0.0,
        "obs_noise_var": 1.0,
        "max_edge_strength": 1.0,
        "graph_sparsity_method": "adj_dense_prop",
        "adj_dense_prop": 0.8,
        "num_parents": null,
        "new_noise_mean": 1.0,
        "mix_samples": 65536,
        "stage2_samples": 65536,
        "gmm_tol": 0.001,
        "intv_type": "do",
        "new_noise_sigma": 0.0,
        "intv_targets": [
            0,
            1,
            2,
            3
        ]
    },
    "intv_args_dict": {
        "0": {
            "intv_type": "do",
            "inode": 0,
            "new_mui": 1.0,
            "new_sigmai": 0.0,
            "true_params": {
                "Si": [
                    [
                        1e-09,
                        5.380171296491913e-10,
                        4.568796357469074e-10,
                        6.982262177484112e-10
                    ],
                    [
                        5.380171296491913e-10,
                        1.0000000002894625,
                        0.8491916162168679,
                        -0.07541636771125598
                    ],
                    [
                        4.568796357469074e-10,
                        0.8491916162168679,
                        1.7211264008442773,
                        -0.849986536765571
                    ],
                    [
                        6.982262177484112e-10,
                        -0.07541636771125598,
                        -0.849986536765571,
                        1.6233949550934161
                    ]
                ],
                "mui": [
                    1.0,
                    0.5380171296491912,
                    0.4568796357469074,
                    0.6982262177484111
                ],
                "Ai": [
                    [
                        0.0,
                        0.0,
                        0.0,
                        0.0
                    ],
                    [
                        0.5380171296491912,
                        0.0,
                        0.0,
                        0.0
                    ],
                    [
                        -0.0,
                        0.8491916159710589,
                        0.0,
                        0.0
                    ],
                    [
                        0.7388015156350993,
                        0.5920003388260611,
                        -0.7859435895981819,
                        0.0
                    ]
                ]
            },
            "est_params": {
                "mui": [
                    1.000000768195992,
                    0.5314285154662727,
                    0.4468048744709887,
                    0.7027611418022535
                ],
                "Si": [
                    [
                        1.0086922586339415e-06,
                        1.497715738029764e-07,
                        -4.7034086992818674e-07,
                        2.618446809252556e-07
                    ],
                    [
                        1.4977157380297634e-07,
                        1.0049252439600354,
                        0.8561995259118603,
                        -0.07447971912325446
                    ],
                    [
                        -4.7034086992818674e-07,
                        0.8561995259118603,
                        1.721000472501172,
                        -0.8315131370415906
                    ],
                    [
                        2.618446809252555e-07,
                        -0.07447971912325448,
                        -0.8315131370415906,
                        1.590723408051538
                    ]
                ]
            },
            "est_tgt": [
                0
            ],
            "oracle_est_tgt": [
                0
            ]
        },
        "1": {
            "intv_type": "do",
            "inode": 1,
            "new_mui": 1.0,
            "new_sigmai": 0.0,
            "true_params": {
                "Si": [
                    [
                        1.0,
                        0.0,
                        0.0,
                        0.7388015156350993
                    ],
                    [
                        0.0,
                        1e-09,
                        8.49191615971059e-10,
                        -7.541636808691366e-11
                    ],
                    [
                        0.0,
                        8.49191615971059e-10,
                        1.0000000007211265,
                        -0.7859435896622249
                    ],
                    [
                        0.7388015156350993,
                        -7.541636808691366e-11,
                        -0.7859435896622249,
                        2.163535005540883
                    ]
                ],
                "mui": [
                    0.0,
                    1.0,
                    0.8491916159710589,
                    -0.07541636808691365
                ],
                "Ai": [
                    [
                        0.0,
                        0.0,
                        0.0,
                        0.0
                    ],
                    [
                        0.0,
                        0.0,
                        0.0,
                        0.0
                    ],
                    [
                        -0.0,
                        0.8491916159710589,
                        0.0,
                        0.0
                    ],
                    [
                        0.7388015156350993,
                        0.5920003388260611,
                        -0.7859435895981819,
                        0.0
                    ]
                ]
            },
            "est_params": {
                "mui": [
                    0.011613103241842842,
                    1.0000000838650331,
                    0.8603394582019038,
                    -0.0876592064970052
                ],
                "Si": [
                    [
                        1.0084788519805639,
                        1.3274366779881905e-06,
                        -0.018034093632638186,
                        0.7486411993692981
                    ],
                    [
                        1.327436677988191e-06,
                        1.0102686825168305e-06,
                        1.5295463105363487e-06,
                        -5.573752466987663e-07
                    ],
                    [
                        -0.01803409363263819,
                        1.5295463105363487e-06,
                        1.0101090542978306,
                        -0.8003719792908921
                    ],
                    [
                        0.7486411993692981,
                        -5.573752466987663e-07,
                        -0.8003719792908921,
                        2.1798859240820856
                    ]
                ]
            },
            "est_tgt": [
                1
            ],
            "oracle_est_tgt": [
                1
            ]
        },
        "2": {
            "intv_type": "do",
            "inode": 2,
            "new_mui": 1.0,
            "new_sigmai": 0.0,
            "true_params": {
                "Si": [
                    [
                        1.0,
                        0.5380171296491912,
                        0.0,
                        1.0573078386816452
                    ],
                    [
                        0.5380171296491912,
                        1.2894624317959547,
                        0.0,
                        1.16085006734915
                    ],
                    [
                        0.0,
                        0.0,
                        1e-09,
                        -7.85943589598182e-10
                    ],
                    [
                        1.0573078386816452,
                        1.16085006734915,
                        -7.85943589598182e-10,
                        2.4683642675255304
                    ]
                ],
                "mui": [
                    0.0,
                    0.0,
                    1.0,
                    -0.7859435895981819
                ],
                "Ai": [
                    [
                        0.0,
                        0.0,
                        0.0,
                        0.0
                    ],
                    [
                        0.5380171296491912,
                        0.0,
                        0.0,
                        0.0
                    ],
                    [
                        0.0,
                        0.0,
                        0.0,
                        0.0
                    ],
                    [
                        0.7388015156350993,
                        0.5920003388260611,
                        -0.7859435895981819,
                        0.0
                    ]
                ]
            },
            "est_params": {
                "mui": [
                    -0.01275328678907568,
                    -0.009862339057048163,
                    0.9999996513583916,
                    -0.7931436786287219
                ],
                "Si": [
                    [
                        0.997214758391738,
                        0.5469239686044252,
                        1.8742018053478662e-07,
                        1.0869235656672789
                    ],
                    [
                        0.5469239686044252,
                        1.2922909690973894,
                        1.0134966613806166e-07,
                        1.186600846713188
                    ],
                    [
                        1.8742018053478662e-07,
                        1.0134966613806162e-07,
                        1.0103239135085852e-06,
                        1.8100902600788627e-07
                    ],
                    [
                        1.0869235656672789,
                        1.186600846713188,
                        1.8100902600788624e-07,
                        2.538762412348074
                    ]
                ]
            },
            "est_tgt": [
                2
            ],
            "oracle_est_tgt": [
                2
            ]
        },
        "3": {
            "intv_type": "do",
            "inode": 3,
            "new_mui": 1.0,
            "new_sigmai": 0.0,
            "true_params": {
                "Si": [
                    [
                        1.0,
                        0.5380171296491912,
                        0.4568796357469074,
                        0.0
                    ],
                    [
                        0.5380171296491912,
                        1.2894624317959547,
                        1.095000686190778,
                        0.0
                    ],
                    [
                        0.4568796357469074,
                        1.095000686190778,
                        1.929865402195765,
                        0.0
                    ],
                    [
                        0.0,
                        0.0,
                        0.0,
                        1e-09
                    ]
                ],
                "mui": [
                    0.0,
                    0.0,
                    0.0,
                    1.0
                ],
                "Ai": [
                    [
                        0.0,
                        0.0,
                        0.0,
                        0.0
                    ],
                    [
                        0.5380171296491912,
                        0.0,
                        0.0,
                        0.0
                    ],
                    [
                        -0.0,
                        0.8491916159710589,
                        0.0,
                        0.0
                    ],
                    [
                        0.0,
                        0.0,
                        0.0,
                        0.0
                    ]
                ]
            },
            "est_params": {
                "mui": [
                    -0.004167012526037462,
                    0.00038099568143819875,
                    0.006278004041395639,
                    1.0000003189211386
                ],
                "Si": [
                    [
                        1.015429979470638,
                        0.5251081174329835,
                        0.44789603780625176,
                        -5.114208727629332e-07
                    ],
                    [
                        0.5251081174329835,
                        1.2789142101115512,
                        1.08056444346848,
                        -3.2567724597905013e-07
                    ],
                    [
                        0.44789603780625176,
                        1.0805644434684802,
                        1.9140545903326913,
                        -7.249388043783151e-07
                    ],
                    [
                        -5.114208727629332e-07,
                        -3.2567724597905034e-07,
                        -7.249388043783152e-07,
                        1.0068323898407377e-06
                    ]
                ]
            },
            "est_tgt": [
                3
            ],
            "oracle_est_tgt": [
                3
            ]
        },
        "obs": {
            "intv_type": "obs",
            "true_params": {
                "Si": [
                    [
                        1.0,
                        0.5380171296491912,
                        0.4568796357469074,
                        0.6982262177484111
                    ],
                    [
                        0.5380171296491912,
                        1.2894624317959547,
                        1.095000686190778,
                        0.30024129743189765
                    ],
                    [
                        0.4568796357469074,
                        1.095000686190778,
                        1.929865402195765,
                        -0.5309811970507414
                    ],
                    [
                        0.6982262177484111,
                        0.30024129743189765,
                        -0.5309811970507414,
                        2.110914805757148
                    ]
                ],
                "mui": [
                    0.0,
                    0.0,
                    0.0,
                    0.0
                ],
                "Ai": [
                    [
                        0.0,
                        0.0,
                        0.0,
                        0.0
                    ],
                    [
                        0.5380171296491912,
                        0.0,
                        0.0,
                        0.0
                    ],
                    [
                        -0.0,
                        0.8491916159710589,
                        0.0,
                        0.0
                    ],
                    [
                        0.7388015156350993,
                        0.5920003388260611,
                        -0.7859435895981819,
                        0.0
                    ]
                ]
            },
            "est_params": {
                "mui": [
                    -0.009761855987075466,
                    -0.007084904112999512,
                    -0.003035651307037292,
                    -0.01719342111388535
                ],
                "Si": [
                    [
                        1.0147775352281392,
                        0.5432786333891243,
                        0.4635083136707518,
                        0.6979522564497206
                    ],
                    [
                        0.5432786333891243,
                        1.3022623712844525,
                        1.1130908101521961,
                        0.30588947340703787
                    ],
                    [
                        0.4635083136707518,
                        1.1130908101521961,
                        1.9591267496234714,
                        -0.5210513263744505
                    ],
                    [
                        0.6979522564497206,
                        0.30588947340703787,
                        -0.5210513263744505,
                        2.1042097837027245
                    ]
                ]
            },
            "est_tgt": [],
            "oracle_est_tgt": [
                0,
                1,
                2,
                3
            ]
        }
    },
    "metric_dict": {
        "param_est_rel_err": 0.8182534468361384,
        "est_dag": {
            "amat": [
                [
                    0,
                    1,
                    0,
                    1
                ],
                [
                    0,
                    0,
                    1,
                    1
                ],
                [
                    0,
                    0,
                    0,
                    1
                ],
                [
                    0,
                    0,
                    0,
                    0
                ]
            ],
            "nodes": [
                0,
                1,
                2,
                3
            ]
        },
        "oracle_est_dag": {
            "amat": [
                [
                    0,
                    1,
                    0,
                    1
                ],
                [
                    0,
                    0,
                    1,
                    1
                ],
                [
                    0,
                    0,
                    0,
                    1
                ],
                [
                    0,
                    0,
                    0,
                    0
                ]
            ],
            "nodes": [
                0,
                1,
                2,
                3
            ]
        },
        "igsp_dag": {
            "amat": [
                [
                    0,
                    1,
                    0,
                    1
                ],
                [
                    0,
                    0,
                    1,
                    1
                ],
                [
                    0,
                    0,
                    0,
                    1
                ],
                [
                    0,
                    0,
                    0,
                    0
                ]
            ],
            "nodes": [
                0,
                1,
                2,
                3
            ]
        },
        "act_dag": {
            "amat": [
                [
                    0,
                    1,
                    0,
                    1
                ],
                [
                    0,
                    0,
                    1,
                    1
                ],
                [
                    0,
                    0,
                    0,
                    1
                ],
                [
                    0,
                    0,
                    0,
                    0
                ]
            ],
            "nodes": [
                0,
                1,
                2,
                3
            ]
        },
        "shd": 0,
        "oracle_shd": 0,
        "igsp_shd": 0,
        "avg_js": 1.0,
        "avg_oracle_js": 1.0
    }
}