{
    "expt_args": {
        "save_dir": "all_expt_logs/expt_logs_11.05.24-main_plus_oracle_donoisepert2",
        "exp_name": "139",
        "num_nodes": 8,
        "obs_noise_mean": 0.0,
        "obs_noise_var": 1.0,
        "max_edge_strength": 1.0,
        "graph_sparsity_method": "adj_dense_prop",
        "adj_dense_prop": 0.8,
        "num_parents": null,
        "new_noise_mean": 1.0,
        "mix_samples": 8192,
        "stage2_samples": 8192,
        "gmm_tol": 0.001,
        "intv_type": "do",
        "new_noise_sigma": 0.0,
        "intv_targets": [
            0,
            1,
            2,
            3,
            4,
            5,
            6,
            7
        ]
    },
    "intv_args_dict": {
        "0": {
            "intv_type": "do",
            "inode": 0,
            "new_mui": 1.0,
            "new_sigmai": 0.0,
            "true_params": {
                "Si": [
                    [
                        1e-09,
                        0.0,
                        -9.26588356478596e-10,
                        -4.987738702532242e-10,
                        9.792504485950683e-10,
                        1.1941530723419269e-09,
                        -4.055157298546486e-10,
                        -2.1167920057302804e-09
                    ],
                    [
                        0.0,
                        1.0,
                        0.0,
                        -0.9047737405065214,
                        0.0,
                        -1.461705359317596,
                        0.9654007246835097,
                        0.8931362456173364
                    ],
                    [
                        -9.26588356478596e-10,
                        0.0,
                        1.0000000008585659,
                        -0.5239603772971857,
                        -9.073620637446321e-10,
                        -1.0791480985535815,
                        0.7623574719122005,
                        1.0772171480580102
                    ],
                    [
                        -4.987738702532242e-10,
                        -0.9047737405065214,
                        -0.5239603772971857,
                        2.0931499992206515,
                        -4.884245361929681e-10,
                        2.801148481061378,
                        -2.874187218136533,
                        -1.0848764470233418
                    ],
                    [
                        9.792504485950683e-10,
                        0.0,
                        -9.073620637446322e-10,
                        -4.884245361929681e-10,
                        1.0000000009589314,
                        0.5022938295439272,
                        0.1728639796063901,
                        0.45546453750935706
                    ],
                    [
                        1.1941530723419269e-09,
                        -1.461705359317596,
                        -1.0791480985535815,
                        2.801148481061378,
                        0.5022938295439272,
                        5.3873856579623185,
                        -4.385384133618988,
                        -2.7069776274619732
                    ],
                    [
                        -4.055157298546486e-10,
                        0.9654007246835097,
                        0.7623574719122005,
                        -2.874187218136533,
                        0.1728639796063901,
                        -4.385384133618988,
                        5.709466476286897,
                        1.8685101860534088
                    ],
                    [
                        -2.1167920057302804e-09,
                        0.8931362456173364,
                        1.0772171480580102,
                        -1.0848764470233418,
                        0.45546453750935706,
                        -2.7069776274619732,
                        1.8685101860534088,
                        3.7818099214997005
                    ]
                ],
                "mui": [
                    1.0,
                    0.0,
                    -0.9265883564785959,
                    -0.4987738702532241,
                    0.9792504485950682,
                    1.1941530723419267,
                    -0.40551572985464857,
                    -2.11679200573028
                ],
                "Ai": [
                    [
                        0.0,
                        0.0,
                        0.0,
                        0.0,
                        0.0,
                        0.0,
                        0.0,
                        0.0
                    ],
                    [
                        -0.0,
                        0.0,
                        0.0,
                        0.0,
                        0.0,
                        0.0,
                        0.0,
                        0.0
                    ],
                    [
                        -0.9265883564785959,
                        0.0,
                        0.0,
                        0.0,
                        0.0,
                        0.0,
                        0.0,
                        0.0
                    ],
                    [
                        -0.9842694555411587,
                        -0.9047737405065214,
                        -0.5239603777593438,
                        0.0,
                        0.0,
                        0.0,
                        0.0,
                        0.0
                    ],
                    [
                        0.9792504485950682,
                        -0.0,
                        -0.0,
                        0.0,
                        0.0,
                        0.0,
                        0.0,
                        0.0
                    ],
                    [
                        0.60119535292949,
                        -0.6354614453110435,
                        -0.6006648547063502,
                        0.913205011392124,
                        0.5022938283745523,
                        0.0,
                        0.0,
                        0.0
                    ],
                    [
                        -0.9779010718809944,
                        -0.9765668700010872,
                        -0.5428185793299061,
                        -0.8925397790972782,
                        0.5626913030261447,
                        -0.776094192286124,
                        0.0,
                        0.0
                    ],
                    [
                        -0.8424275965328085,
                        0.6892088971880318,
                        0.7891736966193257,
                        0.9546702655526265,
                        0.8223599998984852,
                        -0.7304399130356638,
                        -0.0,
                        0.0
                    ]
                ]
            },
            "est_params": {
                "mui": [
                    0.9999965142398568,
                    0.024772879571719687,
                    -0.9513257141374829,
                    -0.5132638293637853,
                    0.9681794171034903,
                    1.1722006843594452,
                    -0.4089929694088281,
                    -2.0499811840622346
                ],
                "Si": [
                    [
                        1.0392920975120274e-06,
                        -5.9401207400755566e-06,
                        1.0159042320943342e-05,
                        7.940258737807035e-06,
                        1.1983887051911749e-05,
                        4.3414239201333315e-06,
                        -1.2296794380731065e-05,
                        1.4408907532815716e-05
                    ],
                    [
                        -5.9401207400755566e-06,
                        1.0307404400182305,
                        -0.052483742305646834,
                        -0.9074354049744604,
                        -0.05576204019875566,
                        -1.4988432283975504,
                        0.9869503865087237,
                        0.8311476400419939
                    ],
                    [
                        1.0159042320943342e-05,
                        -0.052483742305646834,
                        0.9469704165124266,
                        -0.4424570801777404,
                        0.055082897390118464,
                        -0.9050227986240226,
                        0.658029830457848,
                        1.0028392399440405
                    ],
                    [
                        7.940258737807035e-06,
                        -0.9074354049744604,
                        -0.4424570801777404,
                        2.006489934803845,
                        -0.002835881592291674,
                        2.6403925268465485,
                        -2.751844178301594,
                        -1.0119907295064652
                    ],
                    [
                        1.1983887051911749e-05,
                        -0.05576204019875566,
                        0.055082897390118464,
                        -0.0028358815922916794,
                        1.0227525193793094,
                        0.5213981916563425,
                        0.1923619417892201,
                        0.47001824459191477
                    ],
                    [
                        4.341423920133331e-06,
                        -1.4988432283975501,
                        -0.9050227986240226,
                        2.6403925268465485,
                        0.5213981916563425,
                        5.151485809655527,
                        -4.145076769534988,
                        -2.59896260213554
                    ],
                    [
                        -1.2296794380731065e-05,
                        0.9869503865087237,
                        0.658029830457848,
                        -2.751844178301594,
                        0.1923619417892201,
                        -4.145076769534988,
                        5.5288269633251375,
                        1.7528539509015608
                    ],
                    [
                        1.4408907532815717e-05,
                        0.8311476400419939,
                        1.0028392399440402,
                        -1.0119907295064652,
                        0.4700182445919148,
                        -2.5989626021355403,
                        1.7528539509015608,
                        3.7695081744357988
                    ]
                ]
            },
            "est_tgt": [
                0
            ],
            "oracle_est_tgt": [
                0,
                2,
                3,
                6,
                7
            ]
        },
        "1": {
            "intv_type": "do",
            "inode": 1,
            "new_mui": 1.0,
            "new_sigmai": 0.0,
            "true_params": {
                "Si": [
                    [
                        1.0,
                        0.0,
                        -0.9265883564785959,
                        -0.4987738702532241,
                        0.9792504485950682,
                        1.1941530723419267,
                        -0.40551572985464857,
                        -2.11679200573028
                    ],
                    [
                        0.0,
                        1e-09,
                        0.0,
                        -9.047737405065214e-10,
                        0.0,
                        -1.461705359317596e-09,
                        9.654007246835098e-10,
                        8.931362456173365e-10
                    ],
                    [
                        -0.9265883564785959,
                        0.0,
                        1.8585659823617056,
                        -0.06180231706694039,
                        -0.907362063744632,
                        -2.185636430132265,
                        1.1381036251886916,
                        3.0386119716932662
                    ],
                    [
                        -0.4987738702532241,
                        -9.047737405065214e-10,
                        -0.06180231706694039,
                        1.5233098519277097,
                        -0.48842453619296805,
                        0.8830235079445317,
                        -1.7984573444244933,
                        0.7790103140610967
                    ],
                    [
                        0.9792504485950682,
                        0.0,
                        -0.907362063744632,
                        -0.48842453619296805,
                        1.9589314410736423,
                        1.671668760156563,
                        -0.22423748036902952,
                        -1.617404981611604
                    ],
                    [
                        1.1941530723419267,
                        -1.461705359317596e-09,
                        -2.185636430132265,
                        0.8830235079445317,
                        1.671668760156563,
                        4.67680466139878,
                        -3.458500576075802,
                        -3.929249266571687
                    ],
                    [
                        -0.40551572985464857,
                        9.654007246835098e-10,
                        1.1381036251886916,
                        -1.7984573444244933,
                        -0.22423748036902952,
                        -3.458500576075802,
                        4.941910924994555,
                        1.8646682624513649
                    ],
                    [
                        -2.11679200573028,
                        8.931362456173365e-10,
                        3.0386119716932662,
                        0.7790103140610967,
                        -1.617404981611604,
                        -3.929249266571687,
                        1.8646682624513649,
                        7.464925960104775
                    ]
                ],
                "mui": [
                    0.0,
                    1.0,
                    0.0,
                    -0.9047737405065214,
                    0.0,
                    -1.461705359317596,
                    0.9654007246835097,
                    0.8931362456173364
                ],
                "Ai": [
                    [
                        0.0,
                        0.0,
                        0.0,
                        0.0,
                        0.0,
                        0.0,
                        0.0,
                        0.0
                    ],
                    [
                        0.0,
                        0.0,
                        0.0,
                        0.0,
                        0.0,
                        0.0,
                        0.0,
                        0.0
                    ],
                    [
                        -0.9265883564785959,
                        0.0,
                        0.0,
                        0.0,
                        0.0,
                        0.0,
                        0.0,
                        0.0
                    ],
                    [
                        -0.9842694555411587,
                        -0.9047737405065214,
                        -0.5239603777593438,
                        0.0,
                        0.0,
                        0.0,
                        0.0,
                        0.0
                    ],
                    [
                        0.9792504485950682,
                        -0.0,
                        -0.0,
                        0.0,
                        0.0,
                        0.0,
                        0.0,
                        0.0
                    ],
                    [
                        0.60119535292949,
                        -0.6354614453110435,
                        -0.6006648547063502,
                        0.913205011392124,
                        0.5022938283745523,
                        0.0,
                        0.0,
                        0.0
                    ],
                    [
                        -0.9779010718809944,
                        -0.9765668700010872,
                        -0.5428185793299061,
                        -0.8925397790972782,
                        0.5626913030261447,
                        -0.776094192286124,
                        0.0,
                        0.0
                    ],
                    [
                        -0.8424275965328085,
                        0.6892088971880318,
                        0.7891736966193257,
                        0.9546702655526265,
                        0.8223599998984852,
                        -0.7304399130356638,
                        -0.0,
                        0.0
                    ]
                ]
            },
            "est_params": {
                "mui": [
                    -0.030063889417693758,
                    0.999991800108858,
                    -0.034153057906124294,
                    -0.8306784352958715,
                    -0.012500347878113209,
                    -1.4118660513253167,
                    0.903027064140262,
                    0.9033951399800784
                ],
                "Si": [
                    [
                        0.9567851026555289,
                        9.366522263083903e-06,
                        -0.8921232778828477,
                        -0.5307523650422017,
                        0.9693821962996352,
                        1.1121349027285992,
                        -0.2608098487868733,
                        -2.034408243447093
                    ],
                    [
                        9.366522263083903e-06,
                        1.0253536992485328e-06,
                        -1.536412601444292e-05,
                        -4.005094672709929e-08,
                        1.0248612211035965e-05,
                        1.310080661866346e-05,
                        7.944221774400036e-07,
                        -1.802734945445754e-05
                    ],
                    [
                        -0.8921232778828477,
                        -1.5364126014442917e-05,
                        1.788943051499921,
                        -0.004566330891788821,
                        -0.90149190513321,
                        -2.092584728202573,
                        1.0133307893872923,
                        2.944360997944611
                    ],
                    [
                        -0.5307523650422017,
                        -4.005094672709977e-08,
                        -0.004566330891788835,
                        1.600739705628527,
                        -0.5676595942891435,
                        0.8511916742849007,
                        -1.9065205161650516,
                        0.8926994826450163
                    ],
                    [
                        0.9693821962996352,
                        1.0248612211035965e-05,
                        -0.90149190513321,
                        -0.5676595942891433,
                        2.011412758530854,
                        1.6245668571160898,
                        -0.07982747820877323,
                        -1.6543540960827121
                    ],
                    [
                        1.1121349027285992,
                        1.3100806618663462e-05,
                        -2.092584728202573,
                        0.8511916742849005,
                        1.6245668571160898,
                        4.499166016202585,
                        -3.2429155097863736,
                        -3.729806603040777
                    ],
                    [
                        -0.2608098487868733,
                        7.944221774400055e-07,
                        1.0133307893872923,
                        -1.9065205161650516,
                        -0.07982747820877326,
                        -3.2429155097863736,
                        4.802971852221373,
                        1.4695824491969254
                    ],
                    [
                        -2.034408243447093,
                        -1.8027349454457544e-05,
                        2.944360997944611,
                        0.8926994826450163,
                        -1.6543540960827121,
                        -3.729806603040777,
                        1.4695824491969256,
                        7.254209851397914
                    ]
                ]
            },
            "est_tgt": [
                1
            ],
            "oracle_est_tgt": [
                1
            ]
        },
        "2": {
            "intv_type": "do",
            "inode": 2,
            "new_mui": 1.0,
            "new_sigmai": 0.0,
            "true_params": {
                "Si": [
                    [
                        1.0,
                        0.0,
                        0.0,
                        -0.9842694555411587,
                        0.9792504485950682,
                        0.19422701033142098,
                        0.30087582674549246,
                        -1.1186551407580538
                    ],
                    [
                        0.0,
                        1.0,
                        0.0,
                        -0.9047737405065214,
                        0.0,
                        -1.461705359317596,
                        0.9654007246835097,
                        0.8931362456173364
                    ],
                    [
                        0.0,
                        0.0,
                        1e-09,
                        -5.239603777593439e-10,
                        0.0,
                        -1.0791480974470933e-09,
                        7.623574715364544e-10,
                        1.0772171460966154e-09
                    ],
                    [
                        -0.9842694555411587,
                        -0.9047737405065214,
                        -5.239603777593439e-10,
                        2.7874018828959857,
                        -0.9638463058771032,
                        2.04454592371547,
                        -2.7708849961406217,
                        0.5806007404863112
                    ],
                    [
                        0.9792504485950682,
                        0.0,
                        0.0,
                        -0.9638463058771032,
                        1.9589314410736423,
                        0.6924907153708753,
                        0.4674967683154271,
                        -0.6399790088282769
                    ],
                    [
                        0.19422701033142098,
                        -1.461705359317596,
                        -1.0791480974470933e-09,
                        2.04454592371547,
                        0.6924907153708753,
                        4.260549173019478,
                        -3.5042493066645237,
                        -1.7617738359304376
                    ],
                    [
                        0.30087582674549246,
                        0.9654007246835097,
                        7.623574715364544e-10,
                        -2.7708849961406217,
                        0.4674967683154271,
                        -3.5042493066645237,
                        5.2188038254159705,
                        0.7107093559036348
                    ],
                    [
                        -1.1186551407580538,
                        0.8931362456173364,
                        1.0772171460966154e-09,
                        0.5806007404863112,
                        -0.6399790088282769,
                        -1.7617738359304376,
                        0.7107093559036348,
                        3.8728024622791732
                    ]
                ],
                "mui": [
                    0.0,
                    0.0,
                    1.0,
                    -0.5239603777593438,
                    0.0,
                    -1.0791480974470933,
                    0.7623574715364544,
                    1.0772171460966153
                ],
                "Ai": [
                    [
                        0.0,
                        0.0,
                        0.0,
                        0.0,
                        0.0,
                        0.0,
                        0.0,
                        0.0
                    ],
                    [
                        -0.0,
                        0.0,
                        0.0,
                        0.0,
                        0.0,
                        0.0,
                        0.0,
                        0.0
                    ],
                    [
                        0.0,
                        0.0,
                        0.0,
                        0.0,
                        0.0,
                        0.0,
                        0.0,
                        0.0
                    ],
                    [
                        -0.9842694555411587,
                        -0.9047737405065214,
                        -0.5239603777593438,
                        0.0,
                        0.0,
                        0.0,
                        0.0,
                        0.0
                    ],
                    [
                        0.9792504485950682,
                        -0.0,
                        -0.0,
                        0.0,
                        0.0,
                        0.0,
                        0.0,
                        0.0
                    ],
                    [
                        0.60119535292949,
                        -0.6354614453110435,
                        -0.6006648547063502,
                        0.913205011392124,
                        0.5022938283745523,
                        0.0,
                        0.0,
                        0.0
                    ],
                    [
                        -0.9779010718809944,
                        -0.9765668700010872,
                        -0.5428185793299061,
                        -0.8925397790972782,
                        0.5626913030261447,
                        -0.776094192286124,
                        0.0,
                        0.0
                    ],
                    [
                        -0.8424275965328085,
                        0.6892088971880318,
                        0.7891736966193257,
                        0.9546702655526265,
                        0.8223599998984852,
                        -0.7304399130356638,
                        -0.0,
                        0.0
                    ]
                ]
            },
            "est_params": {
                "mui": [
                    0.029231867864501795,
                    1.0570615585860756,
                    0.8981334205889647,
                    -1.7796750554925875,
                    0.21636003874835763,
                    -2.8593686155393065,
                    2.1968823620891675,
                    2.4401842863560326
                ],
                "Si": [
                    [
                        1.212849022180492,
                        0.13109380827403422,
                        0.012848639262627762,
                        -1.1599890654005123,
                        0.7882870652082276,
                        0.21978085258123214,
                        0.11768027937331842,
                        -1.5596578546985291
                    ],
                    [
                        0.1310938082740342,
                        0.026353333966865646,
                        0.0022717436230429355,
                        -0.12693620882686443,
                        0.0386267026159676,
                        -0.09211794115073062,
                        0.0544872883648473,
                        -0.13494016308015452
                    ],
                    [
                        0.012848639262627758,
                        0.002271743623042935,
                        0.17469684009284064,
                        -0.252557367078644,
                        0.052543622723131664,
                        -0.18022338170544658,
                        0.12334568837253072,
                        -0.055718332970116524
                    ],
                    [
                        -1.1599890654005125,
                        -0.1269362088268644,
                        -0.25255736707864407,
                        1.8970600489006173,
                        -0.6656445846512459,
                        0.3037504952536319,
                        -0.5164094188113534,
                        1.5321668456444226
                    ],
                    [
                        0.7882870652082276,
                        0.038626702615967595,
                        0.052543622723131664,
                        -0.6656445846512459,
                        1.0439133040940454,
                        0.8339223998856489,
                        -0.3277965919391255,
                        -1.247523500291338
                    ],
                    [
                        0.21978085258123206,
                        -0.09211794115073062,
                        -0.18022338170544658,
                        0.3037504952536319,
                        0.8339223998856489,
                        1.8467482655981056,
                        -0.7995004839081848,
                        -0.6786210505650129
                    ],
                    [
                        0.11768027937331843,
                        0.0544872883648473,
                        0.12334568837253072,
                        -0.5164094188113535,
                        -0.3277965919391255,
                        -0.7995004839081848,
                        0.9673496839785705,
                        -0.25717716858353323
                    ],
                    [
                        -1.559657854698529,
                        -0.13494016308015452,
                        -0.055718332970116524,
                        1.5321668456444226,
                        -1.247523500291338,
                        -0.6786210505650131,
                        -0.25717716858353323,
                        2.902777845521848
                    ]
                ]
            },
            "est_tgt": [
                1,
                2,
                3,
                4,
                5,
                6,
                7
            ],
            "oracle_est_tgt": [
                0,
                2,
                3,
                4,
                6
            ]
        },
        "3": {
            "intv_type": "do",
            "inode": 3,
            "new_mui": 1.0,
            "new_sigmai": 0.0,
            "true_params": {
                "Si": [
                    [
                        1.0,
                        0.0,
                        -0.9265883564785959,
                        0.0,
                        0.9792504485950682,
                        1.6496358702086162,
                        -1.204188803940528,
                        -1.9733302378279092
                    ],
                    [
                        0.0,
                        1.0,
                        0.0,
                        0.0,
                        0.0,
                        -0.6354614453110435,
                        -0.4833889328734399,
                        1.1533753000385476
                    ],
                    [
                        -0.9265883564785959,
                        0.0,
                        1.8585659823617056,
                        0.0,
                        -0.907362063744632,
                        -2.12919824447109,
                        1.0391412506512607,
                        3.0563881027130906
                    ],
                    [
                        0.0,
                        0.0,
                        0.0,
                        1e-09,
                        0.0,
                        9.13205011392124e-10,
                        -1.6012728848052895e-09,
                        2.8762887644763103e-10
                    ],
                    [
                        0.9792504485950682,
                        0.0,
                        -0.907362063744632,
                        0.0,
                        1.9589314410736423,
                        2.1177004942948554,
                        -1.0063384464484288,
                        -1.476919981036966
                    ],
                    [
                        1.6496358702086162,
                        -0.6354614453110435,
                        -2.12919824447109,
                        9.13205011392124e-10,
                        2.1177004942948554,
                        4.7382071112922475,
                        -2.322525096044957,
                        -5.227435123819243
                    ],
                    [
                        -1.204188803940528,
                        -0.4833889328734399,
                        1.0391412506512607,
                        -1.6012728848052895e-09,
                        -1.0063384464484288,
                        -2.322525096044957,
                        3.3218143100793873,
                        2.370241411553184
                    ],
                    [
                        -1.9733302378279092,
                        1.1533753000385476,
                        3.0563881027130906,
                        2.8762887644763103e-10,
                        -1.476919981036966,
                        -5.227435123819243,
                        2.370241411553184,
                        8.473092807384845
                    ]
                ],
                "mui": [
                    0.0,
                    0.0,
                    0.0,
                    1.0,
                    0.0,
                    0.913205011392124,
                    -1.6012728848052893,
                    0.287628876447631
                ],
                "Ai": [
                    [
                        0.0,
                        0.0,
                        0.0,
                        0.0,
                        0.0,
                        0.0,
                        0.0,
                        0.0
                    ],
                    [
                        -0.0,
                        0.0,
                        0.0,
                        0.0,
                        0.0,
                        0.0,
                        0.0,
                        0.0
                    ],
                    [
                        -0.9265883564785959,
                        0.0,
                        0.0,
                        0.0,
                        0.0,
                        0.0,
                        0.0,
                        0.0
                    ],
                    [
                        0.0,
                        0.0,
                        0.0,
                        0.0,
                        0.0,
                        0.0,
                        0.0,
                        0.0
                    ],
                    [
                        0.9792504485950682,
                        -0.0,
                        -0.0,
                        0.0,
                        0.0,
                        0.0,
                        0.0,
                        0.0
                    ],
                    [
                        0.60119535292949,
                        -0.6354614453110435,
                        -0.6006648547063502,
                        0.913205011392124,
                        0.5022938283745523,
                        0.0,
                        0.0,
                        0.0
                    ],
                    [
                        -0.9779010718809944,
                        -0.9765668700010872,
                        -0.5428185793299061,
                        -0.8925397790972782,
                        0.5626913030261447,
                        -0.776094192286124,
                        0.0,
                        0.0
                    ],
                    [
                        -0.8424275965328085,
                        0.6892088971880318,
                        0.7891736966193257,
                        0.9546702655526265,
                        0.8223599998984852,
                        -0.7304399130356638,
                        -0.0,
                        0.0
                    ]
                ]
            },
            "est_params": {
                "mui": [
                    0.08510455167784811,
                    0.013859614077680802,
                    -0.10002270350703876,
                    1.000000624695734,
                    0.12954408531409292,
                    1.0438552590750745,
                    -1.6666157250544842,
                    0.15127330633290204
                ],
                "Si": [
                    [
                        0.9631653674619723,
                        -0.005907449143905399,
                        -0.8604557168062326,
                        -1.0617737505480338e-07,
                        0.9844498207798843,
                        1.6401344758520247,
                        -1.1708937279261633,
                        -1.8694852574524963
                    ],
                    [
                        -0.005907449143905399,
                        0.9965355711026022,
                        0.010379831601578661,
                        -5.084002584543494e-07,
                        0.002715783270086442,
                        -0.6575626153736941,
                        -0.3493682963786862,
                        1.1354507963736697
                    ],
                    [
                        -0.8604557168062326,
                        0.010379831601578666,
                        1.7364110270909385,
                        5.205514547309562e-07,
                        -0.878441635085966,
                        -2.0967148541857448,
                        0.9808823389580802,
                        2.8987811840421718
                    ],
                    [
                        -1.0617737505480336e-07,
                        -5.084002584543494e-07,
                        5.205514547309562e-07,
                        1.0030871182441658e-06,
                        1.105133758962355e-08,
                        1.314534894171376e-07,
                        -4.717057981433857e-07,
                        -4.127861552386997e-07
                    ],
                    [
                        0.9844498207798843,
                        0.002715783270086435,
                        -0.878441635085966,
                        1.105133758962358e-08,
                        1.9848720479511717,
                        2.1574440880965664,
                        -1.0225389833477336,
                        -1.4195943254762173
                    ],
                    [
                        1.6401344758520247,
                        -0.6575626153736941,
                        -2.0967148541857448,
                        1.314534894171376e-07,
                        2.1574440880965664,
                        4.87023867955082,
                        -2.384608916887564,
                        -5.207422419934429
                    ],
                    [
                        -1.1708937279261635,
