{
    "expt_args": {
        "save_dir": "all_expt_logs/expt_logs_11.05.24-main_plus_oracle_donoisepert2",
        "exp_name": "164",
        "num_nodes": 8,
        "obs_noise_mean": 0.0,
        "obs_noise_var": 1.0,
        "max_edge_strength": 1.0,
        "graph_sparsity_method": "adj_dense_prop",
        "adj_dense_prop": 0.8,
        "num_parents": null,
        "new_noise_mean": 1.0,
        "mix_samples": 16384,
        "stage2_samples": 16384,
        "gmm_tol": 0.001,
        "intv_type": "do",
        "new_noise_sigma": 0.0,
        "intv_targets": [
            0,
            1,
            2,
            3,
            4,
            5,
            6,
            7
        ]
    },
    "intv_args_dict": {
        "0": {
            "intv_type": "do",
            "inode": 0,
            "new_mui": 1.0,
            "new_sigmai": 0.0,
            "true_params": {
                "Si": [
                    [
                        1e-09,
                        0.0,
                        0.0,
                        -9.495484153155479e-10,
                        8.310837619558677e-10,
                        1.949306073056588e-09,
                        -2.160076691264324e-09,
                        -1.9703077199128516e-10
                    ],
                    [
                        0.0,
                        1.0,
                        0.9430113986910751,
                        -1.710803578008734,
                        2.3806652847907115,
                        1.362603788380475,
                        -3.5098378107827073,
                        -0.04022585418817659
                    ],
                    [
                        0.0,
                        0.9430113986910751,
                        1.8892704980612978,
                        -2.4892450134088655,
                        3.0116511750807007,
                        1.7047603262836684,
                        -3.7192383780816973,
                        0.8476719315688479
                    ],
                    [
                        -9.495484153155479e-10,
                        -1.710803578008734,
                        -2.4892450134088655,
                        4.694115805026501,
                        -5.619635262582196,
                        -3.8784901669207117,
                        8.191768562393456,
                        -0.12925732057176498
                    ],
                    [
                        8.310837619558677e-10,
                        2.3806652847907115,
                        3.0116511750807007,
                        -5.619635262582196,
                        8.021376570177313,
                        5.373926263143212,
                        -11.356240972081943,
                        0.06388335935394762
                    ],
                    [
                        1.949306073056588e-09,
                        1.362603788380475,
                        1.7047603262836684,
                        -3.8784901669207117,
                        5.373926263143212,
                        5.0261715243605005,
                        -8.4650659750708,
                        -0.7044592369486178
                    ],
                    [
                        -2.160076691264324e-09,
                        -3.5098378107827073,
                        -3.7192383780816973,
                        8.191768562393456,
                        -11.356240972081943,
                        -8.4650659750708,
                        18.271139292308828,
                        1.6625130703901565
                    ],
                    [
                        -1.9703077199128516e-10,
                        -0.04022585418817659,
                        0.8476719315688479,
                        -0.12925732057176498,
                        0.06388335935394762,
                        -0.7044592369486178,
                        1.6625130703901565,
                        2.6435476680262946
                    ]
                ],
                "mui": [
                    1.0,
                    0.0,
                    0.0,
                    -0.9495484153155478,
                    0.8310837619558676,
                    1.9493060730565879,
                    -2.1600766912643237,
                    -0.19703077199128516
                ],
                "Ai": [
                    [
                        0.0,
                        0.0,
                        0.0,
                        0.0,
                        0.0,
                        0.0,
                        0.0,
                        0.0
                    ],
                    [
                        -0.0,
                        0.0,
                        0.0,
                        0.0,
                        0.0,
                        0.0,
                        0.0,
                        0.0
                    ],
                    [
                        -0.0,
                        0.9430113986910751,
                        0.0,
                        0.0,
                        0.0,
                        0.0,
                        0.0,
                        0.0
                    ],
                    [
                        -0.9495484153155478,
                        -0.884784306130133,
                        -0.8759377384251533,
                        0.0,
                        0.0,
                        0.0,
                        0.0,
                        0.0
                    ],
                    [
                        -0.0,
                        0.8832997469770689,
                        -0.0,
                        -0.8752410604357517,
                        0.0,
                        0.0,
                        0.0,
                        0.0
                    ],
                    [
                        0.8292037472595909,
                        -0.7621843908078683,
                        -0.6134605853993871,
                        -0.5006695856386424,
                        0.7757248350514236,
                        0.0,
                        0.0,
                        0.0
                    ],
                    [
                        -0.0,
                        -0.936029921043217,
                        0.8786719952271698,
                        0.6218785284371088,
                        -0.6897350853430133,
                        -0.5111281929296876,
                        0.0,
                        0.0
                    ],
                    [
                        0.6246049819639354,
                        -0.0,
                        0.6233136595117856,
                        0.0,
                        0.6862618766103294,
                        0.0,
                        0.6444108497095457,
                        0.0
                    ]
                ]
            },
            "est_params": {
                "mui": [
                    1.0000033282909222,
                    -0.0030814291178206036,
                    -0.006647051418688563,
                    -0.9146460159894435,
                    0.8109751666437861,
                    1.9115212686875607,
                    -2.119900381268241,
                    -0.1965793016585816
                ],
                "Si": [
                    [
                        1.0185075240286308e-06,
                        -2.644237781347095e-07,
                        2.2295268789844258e-07,
                        -2.1079672255180593e-06,
                        -3.4291306053360416e-06,
                        3.011761253791653e-06,
                        -6.756914509206638e-07,
                        -2.2482827204804343e-06
                    ],
                    [
                        -2.64423778134709e-07,
                        1.062523114310156,
                        0.9679119390916152,
                        -1.7938061357343564,
                        2.4975657182311544,
                        1.4476438814765373,
                        -3.763344260309204,
                        -0.12196675954945738
                    ],
                    [
                        2.2295268789844263e-07,
                        0.9679119390916152,
                        1.9619270484584939,
                        -2.5965571440306623,
                        3.1098528037276885,
                        1.7541631152469284,
                        -3.878728056190875,
                        0.748782399949552
                    ],
                    [
                        -2.107967225518059e-06,
                        -1.7938061357343567,
                        -2.5965571440306623,
                        4.914231678724017,
                        -5.807672192352985,
                        -4.004120968078263,
                        8.591092900122172,
                        0.05534813725253499
                    ],
                    [
                        -3.4291306053360424e-06,
                        2.497565718231154,
                        3.1098528037276885,
                        -5.807672192352986,
                        8.207703596880373,
                        5.451647483997321,
                        -11.79429492544438,
                        -0.1709344935441418
                    ],
                    [
                        3.0117612537916527e-06,
                        1.4476438814765373,
                        1.7541631152469284,
                        -4.004120968078263,
                        5.45164748399732,
                        5.104364135338684,
                        -8.762517623031243,
                        -0.9215092501286338
                    ],
                    [
                        -6.756914509206634e-07,
                        -3.7633442603092044,
                        -3.878728056190875,
                        8.591092900122172,
                        -11.79429492544438,
                        -8.762517623031243,
                        19.23131257058755,
                        2.041402983449486
                    ],
                    [
                        -2.2482827204804343e-06,
                        -0.12196675954945735,
                        0.748782399949552,
                        0.05534813725253498,
                        -0.1709344935441418,
                        -0.9215092501286337,
                        2.041402983449486,
                        2.648292003211196
                    ]
                ]
            },
            "est_tgt": [
                0
            ],
            "oracle_est_tgt": [
                0,
                2,
                4
            ]
        },
        "1": {
            "intv_type": "do",
            "inode": 1,
            "new_mui": 1.0,
            "new_sigmai": 0.0,
            "true_params": {
                "Si": [
                    [
                        1.0,
                        0.0,
                        0.0,
                        -0.9495484153155478,
                        0.8310837619558676,
                        1.9493060730565879,
                        -2.1600766912643237,
                        -0.19703077199128516
                    ],
                    [
                        0.0,
                        1e-09,
                        9.43011398691075e-10,
                        -1.7108035780087343e-09,
                        2.3806652847907115e-09,
                        1.362603788380475e-09,
                        -3.5098378107827076e-09,
                        -4.0225854188176594e-11
                    ],
                    [
                        0.0,
                        9.43011398691075e-10,
                        1.0000000008892704,
                        -0.8759377400384606,
                        0.7666566772999198,
                        0.41980942322618975,
                        -0.4094213182664926,
                        0.8856053705524501
                    ],
                    [
                        -0.9495484153155478,
                        -1.7108035780087343e-09,
                        -0.8759377400384606,
                        2.6689091175524893,
                        -2.3359388477644396,
                        -3.398303223467183,
                        4.238222880579695,
                        -0.010985598650902983
                    ],
                    [
                        0.8310837619558676,
                        2.3806652847907115e-09,
                        0.7666566772999198,
                        -2.3359388477644396,
                        3.044509596333257,
                        3.7500593532446613,
                        -4.795696609955405,
                        -0.0041014211688086295
                    ],
                    [
                        1.9493060730565879,
                        1.362603788380475e-09,
                        0.41980942322618975,
                        -3.398303223467183,
                        3.7500593532446613,
                        6.969276604763869,
                        -7.8931982906186455,
                        -1.0337206157333463
                    ],
                    [
                        -2.1600766912643237,
                        -3.5098378107827076e-09,
                        -0.4094213182664926,
                        4.238222880579695,
                        -4.795696609955405,
                        -7.8931982906186455,
                        10.618109154105339,
                        1.9469284241452378
                    ],
                    [
                        -0.19703077199128516,
                        -4.0225854188176594e-11,
                        0.8856053705524501,
                        -0.010985598650902983,
                        -0.0041014211688086295,
                        -1.0337206157333463,
                        1.9469284241452378,
                        2.680750673755405
                    ]
                ],
                "mui": [
                    0.0,
                    1.0,
                    0.9430113986910751,
                    -1.710803578008734,
                    2.3806652847907115,
                    1.362603788380475,
                    -3.5098378107827073,
                    -0.04022585418817659
                ],
                "Ai": [
                    [
                        0.0,
                        0.0,
                        0.0,
                        0.0,
                        0.0,
                        0.0,
                        0.0,
                        0.0
                    ],
                    [
                        0.0,
                        0.0,
                        0.0,
                        0.0,
                        0.0,
                        0.0,
                        0.0,
                        0.0
                    ],
                    [
                        -0.0,
                        0.9430113986910751,
                        0.0,
                        0.0,
                        0.0,
                        0.0,
                        0.0,
                        0.0
                    ],
                    [
                        -0.9495484153155478,
                        -0.884784306130133,
                        -0.8759377384251533,
                        0.0,
                        0.0,
                        0.0,
                        0.0,
                        0.0
                    ],
                    [
                        -0.0,
                        0.8832997469770689,
                        -0.0,
                        -0.8752410604357517,
                        0.0,
                        0.0,
                        0.0,
                        0.0
                    ],
                    [
                        0.8292037472595909,
                        -0.7621843908078683,
                        -0.6134605853993871,
                        -0.5006695856386424,
                        0.7757248350514236,
                        0.0,
                        0.0,
                        0.0
                    ],
                    [
                        -0.0,
                        -0.936029921043217,
                        0.8786719952271698,
                        0.6218785284371088,
                        -0.6897350853430133,
                        -0.5111281929296876,
                        0.0,
                        0.0
                    ],
                    [
                        0.6246049819639354,
                        -0.0,
                        0.6233136595117856,
                        0.0,
                        0.6862618766103294,
                        0.0,
                        0.6444108497095457,
                        0.0
                    ]
                ]
            },
            "est_params": {
                "mui": [
                    0.004539372050863721,
                    1.0000000394300597,
                    0.9297061017560573,
                    -1.668523091582935,
                    2.2911833302024265,
                    1.280589811568682,
                    -3.389965249040379,
                    -0.0570992685373902
                ],
                "Si": [
                    [
                        1.0668264059341541,
                        9.339482592768489e-07,
                        -0.0020529290789288663,
                        -0.9923270457809722,
                        0.8398813647430756,
                        2.0348929596722893,
                        -2.238034256420982,
                        -0.23882643529979286
                    ],
                    [
                        9.339482592768489e-07,
                        1.0080562843450661e-06,
                        -2.1946994013839196e-07,
                        -1.745115874291499e-06,
                        2.5852472465954636e-06,
                        1.1675081062661272e-06,
                        -4.702425900801337e-06,
                        5.945427403557096e-08
                    ],
                    [
                        -0.0020529290789288706,
                        -2.1946994013839186e-07,
                        0.9827700066368817,
                        -0.8561398477374771,
                        0.7564145685297979,
                        0.40742065431938396,
                        -0.37166977364583903,
                        0.9110460925503265
                    ],
                    [
                        -0.992327045780972,
                        -1.7451158742914986e-06,
                        -0.8561398477374771,
                        2.63368296928859,
                        -2.31783213066065,
                        -3.3848741182709605,
                        4.163731278641198,
                        -0.022906224591205487
                    ],
                    [
                        0.8398813647430756,
                        2.5852472465954636e-06,
                        0.7564145685297979,
                        -2.31783213066065,
                        3.0153604531681797,
                        3.6770346654633275,
                        -4.738560819907194,
                        -0.016885026433115975
                    ],
                    [
                        2.0348929596722893,
                        1.1675081062661272e-06,
                        0.4074206543193839,
                        -3.3848741182709605,
                        3.677034665463328,
                        6.906508604083033,
                        -7.755956048316743,
                        -1.0417248794521485
                    ],
                    [
                        -2.238034256420982,
                        -4.702425900801336e-06,
                        -0.37166977364583903,
                        4.163731278641198,
                        -4.738560819907194,
                        -7.755956048316742,
                        10.492900302741159,
                        2.001273689765471
                    ],
                    [
                        -0.2388264352997929,
                        5.94542740355712e-08,
                        0.9110460925503265,
                        -0.022906224591205452,
                        -0.016885026433115968,
                        -1.0417248794521485,
                        2.001273689765471,
                        2.695295343989065
                    ]
                ]
            },
            "est_tgt": [
                1,
                2,
                3,
                4,
                5,
                6
            ],
            "oracle_est_tgt": [
                0,
                1,
                2,
                4,
                5,
                6
            ]
        },
        "2": {
            "intv_type": "do",
            "inode": 2,
            "new_mui": 1.0,
            "new_sigmai": 0.0,
            "true_params": {
                "Si": [
                    [
                        1.0,
                        0.0,
                        0.0,
                        -0.9495484153155478,
                        0.8310837619558676,
                        1.9493060730565879,
                        -2.1600766912643237,
                        -0.19703077199128516
                    ],
                    [
                        0.0,
                        1.0,
                        0.0,
                        -0.884784306130133,
                        1.6576993013313173,
                        0.9667187182119756,
                        -3.123748843911473,
                        -0.8753618133969416
                    ],
                    [
                        0.0,
                        0.0,
                        1e-09,
                        -8.759377384251534e-10,
                        7.666566750549253e-10,
                        4.1980942194123886e-10,
                        -4.094213149566755e-10,
                        8.856053705903837e-10
                    ],
                    [
                        -0.9495484153155478,
                        -0.884784306130133,
                        -8.759377384251534e-10,
                        2.684485462169716,
                        -3.131101656367809,
                        -3.885913856195177,
                        6.643439247632495,
                        1.5392559606358818
                    ],
                    [
                        0.8310837619558676,
                        1.6576993013313173,
                        7.666566750549253e-10,
                        -3.131101656367809,
                        5.204714107481516,
                        5.030738598504306,
                        -9.660047293978801,
                        -2.1341433557019225
                    ],
                    [
                        1.9493060730565879,
                        0.9667187182119756,
                        4.1980942194123886e-10,
                        -3.885913856195177,
                        5.030738598504306,
                        7.727581732474189,
                        -10.741105838847862,
                        -2.2517347442211566
                    ],
                    [
                        -2.1600766912643237,
                        -3.123748843911473,
                        -4.094213149566755e-10,
                        6.643439247632495,
                        -9.660047293978801,
                        -10.741105838847862,
                        20.208290168651416,
                        5.043924591604222
                    ],
                    [
                        -0.19703077199128516,
                        -0.8753618133969416,
                        8.856053705903837e-10,
                        1.5392559606358818,
                        -2.1341433557019225,
                        -2.2517347442211566,
                        5.043924591604222,
                        2.662712106473135
                    ]
                ],
                "mui": [
                    0.0,
                    0.0,
                    1.0,
                    -0.8759377384251533,
                    0.7666566750549253,
                    0.4198094219412388,
                    -0.4094213149566755,
                    0.8856053705903836
                ],
                "Ai": [
                    [
                        0.0,
                        0.0,
                        0.0,
                        0.0,
                        0.0,
                        0.0,
                        0.0,
                        0.0
                    ],
                    [
                        -0.0,
                        0.0,
                        0.0,
                        0.0,
                        0.0,
                        0.0,
                        0.0,
                        0.0
                    ],
                    [
                        0.0,
                        0.0,
                        0.0,
                        0.0,
                        0.0,
                        0.0,
                        0.0,
                        0.0
                    ],
                    [
                        -0.9495484153155478,
                        -0.884784306130133,
                        -0.8759377384251533,
                        0.0,
                        0.0,
                        0.0,
                        0.0,
                        0.0
                    ],
                    [
                        -0.0,
                        0.8832997469770689,
                        -0.0,
                        -0.8752410604357517,
                        0.0,
                        0.0,
                        0.0,
                        0.0
                    ],
                    [
                        0.8292037472595909,
                        -0.7621843908078683,
                        -0.6134605853993871,
                        -0.5006695856386424,
                        0.7757248350514236,
                        0.0,
                        0.0,
                        0.0
                    ],
                    [
                        -0.0,
                        -0.936029921043217,
                        0.8786719952271698,
                        0.6218785284371088,
                        -0.6897350853430133,
                        -0.5111281929296876,
                        0.0,
                        0.0
                    ],
                    [
                        0.6246049819639354,
                        -0.0,
                        0.6233136595117856,
                        0.0,
                        0.6862618766103294,
                        0.0,
                        0.6444108497095457,
                        0.0
                    ]
                ]
            },
            "est_params": {
                "mui": [
                    -0.010229570024889278,
                    -0.014945638960332654,
                    1.000000546581094,
                    -0.8433342770194228,
                    0.7211396458414532,
                    0.3971230157706759,
                    -0.31741990485891064,
                    0.9071749719480229
                ],
                "Si": [
                    [
                        1.028041557846355,
                        -0.021817837982079223,
                        8.735630378799619e-07,
                        -0.9471586333986917,
                        0.8014058099240021,
                        1.9764101546215094,
                        -2.14950314692637,
                        -0.18456073889148522
                    ],
                    [
                        -0.021817837982079223,
                        0.9987538680042797,
                        1.53190114985575e-08,
                        -0.8161395177642,
                        1.5859709009193927,
                        0.8294987252927358,
                        -2.944407683001075,
                        -0.805692071151836
                    ],
                    [
                        8.735630378799619e-07,
                        1.5319011498557584e-08,
                        1.0059349072317839e-06,
                        -2.1312703989532532e-06,
                        2.5453125392956533e-06,
                        3.1842843461121064e-06,
                        -3.829914647902885e-06,
                        1.4605114173420988e-07
                    ],
                    [
                        -0.9471586333986917,
                        -0.8161395177642,
                        -2.1312703989532532e-06,
                        2.5645981998118206,
                        -2.9187196766837333,
                        -3.7317664658363583,
                        6.250895621693138,
                        1.451155377727005
                    ],
                    [
                        0.8014058099240021,
                        1.5859709009193927,
                        2.5453125392956533e-06,
                        -2.9187196766837333,
                        4.93171280550051,
                        4.723643867018557,
                        -9.063259981225041,
                        -1.9546765483940773
                    ],
                    [
                        1.9764101546215094,
                        0.8294987252927358,
                        3.1842843461121064e-06,
                        -3.7317664658363583,
                        4.723643867018558,
                        7.546422246819752,
                        -10.183222648671833,
                        -2.0823736880184542
                    ],
                    [
                        -2.14950314692637,
                        -2.944407683001075,
                        -3.829914647902885e-06,
                        6.250895621693138,
                        -9.063259981225045,
                        -10.183222648671833,
                        19.004377881623846,
                        4.670858129568862
                    ],
                    [
                        -0.18456073889148522,
                        -0.805692071151836,
                        1.4605114173420988e-07,
                        1.451155377727005,
                        -1.9546765483940773,
                        -2.0823736880184542,
                        4.670858129568862,
                        2.547771793021804
                    ]
                ]
            },
            "est_tgt": [
                1,
                2,
                3,
                5,
                6
            ],
            "oracle_est_tgt": [
                1,
                2,
                4,
                5,
                7
            ]
        },
        "3": {
            "intv_type": "do",
            "inode": 3,
            "new_mui": 1.0,
            "new_sigmai": 0.0,
            "true_params": {
                "Si": [
                    [
                        1.0,
                        0.0,
                        0.0,
                        0.0,
                        0.0,
                        0.8292037472595909,
                        -0.42382941290732007,
                        0.35148470986043145
                    ],
                    [
                        0.0,
                        1.0,
                        0.9430113986910751,
                        0.0,
                        0.8832997469770689,
                        -0.6554871649624389,
                        -0.3816370700822013,
                        0.9480357592370412
                    ],
                    [
                        0.0,
                        0.9430113986910751,
                        1.8892704980612978,
                        0.0,
                        0.8329617298603185,
                        -1.231592453654664,
                        0.8323408884253661,
                        2.2856074869909584
                    ],
                    [
                        0.0,
                        0.0,
                        0.0,
                        1e-09,
                        -8.752410604357518e-10,
                        -1.1796158128753992e-09,
                        1.8284978947387589e-09,
                        5.77659309419665e-10
                    ],
                    [
                        0.0,
                        0.8832997469770689,
                        0.8329617298603185,
                        -8.752410604357518e-10,
                        1.7802184437758009,
                        0.19673318912583337,
                        -1.4233298475345821,
                        0.8236832776076858
                    ],
                    [
                        0.8292037472595909,
                        -0.6554871649624389,
                        -1.231592453654664,
                        -1.1796158128753992e-09,
                        0.19673318912583337,
                        3.0953251888454534,
                        -2.1864119533242437,
                        -1.5236807048088374
                    ],
                    [
                        -0.42382941290732007,
                        -0.3816370700822013,
                        0.8323408884253661,
                        1.8284978947387589e-09,
                        -1.4233298475345821,
                        -2.1864119533242437,
                        4.187835671418194,
                        1.9759932135789118
                    ],
                    [
                        0.35148470986043145,
                        0.9480357592370412,
                        2.2856074869909584,
                        5.77659309419665e-10,
                        0.8236832776076858,
                        -1.5236807048088374,
                        1.9759932135789118,
                        4.482803365393124
                    ]
                ],
                "mui": [
                    0.0,
                    0.0,
                    0.0,
                    1.0,
                    -0.8752410604357517,
                    -1.179615812875399,
                    1.8284978947387587,
                    0.577659309419665
                ],
                "Ai": [
                    [
                        0.0,
                        0.0,
                        0.0,
                        0.0,
                        0.0,
                        0.0,
                        0.0,
                        0.0
                    ],
                    [
                        -0.0,
                        0.0,
                        0.0,
                        0.0,
                        0.0,
                        0.0,
                        0.0,
                        0.0
                    ],
                    [
                        -0.0,
                        0.9430113986910751,
                        0.0,
                        0.0,
                        0.0,
                        0.0,
                        0.0,
                        0.0
                    ],
                    [
                        0.0,
                        0.0,
                        0.0,
                        0.0,
                        0.0,
                        0.0,
                        0.0,
                        0.0
                    ],
                    [
                        -0.0,
                        0.8832997469770689,
                        -0.0,
                        -0.8752410604357517,
                        0.0,
                        0.0,
                        0.0,
                        0.0
                    ],
                    [
                        0.8292037472595909,
                        -0.7621843908078683,
                        -0.6134605853993871,
                        -0.5006695856386424,
                        0.7757248350514236,
                        0.0,
                        0.0,
                        0.0
                    ],
                    [
                        -0.0,
                        -0.936029921043217,
                        0.8786719952271698,
                        0.6218785284371088,
                        -0.6897350853430133,
                        -0.5111281929296876,
                        0.0,
                        0.0
                    ],
                    [
                        0.6246049819639354,
                        -0.0,
                        0.6233136595117856,
                        0.0,
                        0.6862618766103294,
                        0.0,
                        0.6444108497095457,
                        0.0
                    ]
                ]
            },
            "est_params": {
                "mui": [
                    -0.0016949322030393097,
                    0.00707014314095873,
                    0.0008298249008195871,
                    1.0000006161320436,
                    -0.8725968236625145,
                    -1.2032554819768524,
                    1.8139539834366039,
                    0.5862358904830333
                ],
                "Si": [
                    [
                        1.038559038118715,
                        0.023383107904190594,
                        0.02533280876470594,
                        1.775112465087174e-07,
                        0.04356319867272066,
                        0.8661339873308688,
                        -0.43780688846031784,
                        0.4460903484391148
                    ],
                    [
                        0.023383107904190594,
                        1.0219691538842086,
                        0.9916584790557461,
                        4.0747116016066077e-07,
                        0.8972856389167106,
                        -0.7054620119705491,
                        -0.3554603169415936,
                        1.007917518420877
                    ],
                    [
                        0.02533280876470595,
                        0.9916584790557461,
                        1.9647854591922334,
                        -9.861798452693444e-07,
                        0.8945353670040993,
                        -1.3248880151612372,
                        0.8105684646783251,
                        2.3862652306249044
                    ],
                    [
                        1.7751124650871745e-07,
                        4.0747116016066066e-07,
                        -9.861798452693444e-07,
                        1.0015861067270038e-06,
                        9.67244045312532e-07,
                        -3.1450843573095806e-07,
                        -1.9215191771203364e-06,
                        -2.011490613222375e-06
                    ],
                    [
                        0.043563198672720675,
                        0.8972856389167106,
                        0.8945353670040992,
                        9.67244045312532e-07,
                        1.8214331932046068,
                        0.1923651707928058,
                        -1.3861401093297219,
                        0.906379516332646
                    ],
                    [
                        0.8661339873308688,
                        -0.705462011970549,
                        -1.3248880151612372,
                        -3.1450843573095806e-07,
                        0.19236517079280577,
