{
    "expt_args": {
        "save_dir": "all_expt_logs/expt_logs_11.05.24-main_plus_oracle_donoisepert2",
        "exp_name": "125",
        "num_nodes": 4,
        "obs_noise_mean": 0.0,
        "obs_noise_var": 1.0,
        "max_edge_strength": 1.0,
        "graph_sparsity_method": "adj_dense_prop",
        "adj_dense_prop": 0.8,
        "num_parents": null,
        "new_noise_mean": 1.0,
        "mix_samples": 32768,
        "stage2_samples": 32768,
        "gmm_tol": 0.001,
        "intv_type": "do",
        "new_noise_sigma": 0.0,
        "intv_targets": [
            0,
            1,
            2,
            3
        ]
    },
    "intv_args_dict": {
        "0": {
            "intv_type": "do",
            "inode": 0,
            "new_mui": 1.0,
            "new_sigmai": 0.0,
            "true_params": {
                "Si": [
                    [
                        1e-09,
                        7.60187303867626e-10,
                        1.1707476836498527e-09,
                        8.244889147061728e-10
                    ],
                    [
                        7.60187303867626e-10,
                        1.0000000005778846,
                        0.5172395257994457,
                        -0.3982445195648425
                    ],
                    [
                        1.1707476836498527e-09,
                        0.5172395257994457,
                        1.2675367274992122,
                        0.41464691597576364
                    ],
                    [
                        8.244889147061728e-10,
                        -0.3982445195648425,
                        0.41464691597576364,
                        1.5437861559896482
                    ]
                ],
                "mui": [
                    1.0,
                    0.7601873038676259,
                    1.1707476836498527,
                    0.8244889147061727
                ],
                "Ai": [
                    [
                        0.0,
                        0.0,
                        0.0,
                        0.0
                    ],
                    [
                        0.7601873038676259,
                        0.0,
                        0.0,
                        0.0
                    ],
                    [
                        0.7775487637551599,
                        0.5172395249094581,
                        0.0,
                        0.0
                    ],
                    [
                        0.6446555823975543,
                        -0.7192613286475125,
                        0.6206347214321979,
                        0.0
                    ]
                ]
            },
            "est_params": {
                "mui": [
                    0.9999996169832821,
                    0.7489687597974368,
                    1.159940441373449,
                    0.8289868804690946
                ],
                "Si": [
                    [
                        1.0131725628768562e-06,
                        -9.112866682424578e-08,
                        1.6402168921485773e-06,
                        1.3842139427735307e-07
                    ],
                    [
                        -9.112866682424551e-08,
                        1.0077882497517248,
                        0.5266221516531965,
                        -0.3870753172975339
                    ],
                    [
                        1.6402168921485773e-06,
                        0.5266221516531965,
                        1.2797146219307767,
                        0.4250253405666521
                    ],
                    [
                        1.384213942773531e-07,
                        -0.3870753172975339,
                        0.4250253405666521,
                        1.5105582188307074
                    ]
                ]
            },
            "est_tgt": [
                0
            ],
            "oracle_est_tgt": [
                0
            ]
        },
        "1": {
            "intv_type": "do",
            "inode": 1,
            "new_mui": 1.0,
            "new_sigmai": 0.0,
            "true_params": {
                "Si": [
                    [
                        1.0,
                        0.0,
                        0.7775487637551599,
                        1.1272293427906879
                    ],
                    [
                        0.0,
                        1e-09,
                        5.172395249094582e-10,
                        -3.9824452019160857e-10
                    ],
                    [
                        0.7775487637551599,
                        5.172395249094582e-10,
                        1.6045820802847142,
                        1.4971105031816507
                    ],
                    [
                        1.1272293427906879,
                        -3.9824452019160857e-10,
                        1.4971105031816507,
                        2.6558334488541466
                    ]
                ],
                "mui": [
                    0.0,
                    1.0,
                    0.5172395249094581,
                    -0.39824452019160855
                ],
                "Ai": [
                    [
                        0.0,
                        0.0,
                        0.0,
                        0.0
                    ],
                    [
                        0.0,
                        0.0,
                        0.0,
                        0.0
                    ],
                    [
                        0.7775487637551599,
                        0.5172395249094581,
                        0.0,
                        0.0
                    ],
                    [
                        0.6446555823975543,
                        -0.7192613286475125,
                        0.6206347214321979,
                        0.0
                    ]
                ]
            },
            "est_params": {
                "mui": [
                    0.008923405838967412,
                    0.9999995825268303,
                    0.5447138680099838,
                    -0.376724160544697
                ],
                "Si": [
                    [
                        1.0044091151262642,
                        1.0252659593576254e-06,
                        0.7613749235401112,
                        1.1107802058381175
                    ],
                    [
                        1.0252659593576254e-06,
                        1.0116758290704158e-06,
                        6.172202018660104e-07,
                        2.4511865352507826e-06
                    ],
                    [
                        0.7613749235401112,
                        6.172202018660101e-07,
                        1.572815244645187,
                        1.4520232208800512
                    ],
                    [
                        1.110780205838117,
                        2.4511865352507826e-06,
                        1.4520232208800514,
                        2.5960088924746207
                    ]
                ]
            },
            "est_tgt": [
                1
            ],
            "oracle_est_tgt": [
                1
            ]
        },
        "2": {
            "intv_type": "do",
            "inode": 2,
            "new_mui": 1.0,
            "new_sigmai": 0.0,
            "true_params": {
                "Si": [
                    [
                        1.0,
                        0.7601873038676259,
                        0.0,
                        0.09788225219675539
                    ],
                    [
                        0.7601873038676259,
                        1.57788473696153,
                        0.0,
                        -0.64485248325357
                    ],
                    [
                        0.0,
                        0.0,
                        1e-09,
                        6.20634721432198e-10
                    ],
                    [
                        0.09788225219675539,
                        -0.64485248325357,
                        6.20634721432198e-10,
                        1.5269177945680816
                    ]
                ],
                "mui": [
                    0.0,
                    0.0,
                    1.0,
                    0.6206347214321979
                ],
                "Ai": [
                    [
                        0.0,
                        0.0,
                        0.0,
                        0.0
                    ],
                    [
                        0.7601873038676259,
                        0.0,
                        0.0,
                        0.0
                    ],
                    [
                        0.0,
                        0.0,
                        0.0,
                        0.0
                    ],
                    [
                        0.6446555823975543,
                        -0.7192613286475125,
                        0.6206347214321979,
                        0.0
                    ]
                ]
            },
            "est_params": {
                "mui": [
                    0.0019037451863911036,
                    0.023112489483968848,
                    0.9999993452269972,
                    0.601385387493935
                ],
                "Si": [
                    [
                        1.007689180115489,
                        0.7396915209984416,
                        -2.8605483641480523e-07,
                        0.11076573606819011
                    ],
                    [
                        0.7396915209984416,
                        1.5350228677557434,
                        -2.3822635526269058e-08,
                        -0.6416557872799687
                    ],
                    [
                        -2.8605483641480523e-07,
                        -2.3822635526269025e-08,
                        1.0128538606081912e-06,
                        3.551091311240354e-06
                    ],
                    [
                        0.11076573606819011,
                        -0.6416557872799687,
                        3.5510913112403546e-06,
                        1.558030123582664
                    ]
                ]
            },
            "est_tgt": [
                2
            ],
            "oracle_est_tgt": [
                2
            ]
        },
        "3": {
            "intv_type": "do",
            "inode": 3,
            "new_mui": 1.0,
            "new_sigmai": 0.0,
            "true_params": {
                "Si": [
                    [
                        1.0,
                        0.7601873038676259,
                        1.1707476836498527,
                        0.0
                    ],
                    [
                        0.7601873038676259,
                        1.57788473696153,
                        1.4072270500525077,
                        0.0
                    ],
                    [
                        1.1707476836498527,
                        1.4072270500525077,
                        2.6381868649000575,
                        0.0
                    ],
                    [
                        0.0,
                        0.0,
                        0.0,
                        1e-09
                    ]
                ],
                "mui": [
                    0.0,
                    0.0,
                    0.0,
                    1.0
                ],
                "Ai": [
                    [
                        0.0,
                        0.0,
                        0.0,
                        0.0
                    ],
                    [
                        0.7601873038676259,
                        0.0,
                        0.0,
                        0.0
                    ],
                    [
                        0.7775487637551599,
                        0.5172395249094581,
                        0.0,
                        0.0
                    ],
                    [
                        0.0,
                        0.0,
                        0.0,
                        0.0
                    ]
                ]
            },
            "est_params": {
                "mui": [
                    0.018716582711762755,
                    0.022258090099895034,
                    0.012143224829609249,
                    0.9999988963054807
                ],
                "Si": [
                    [
                        1.0012876070339112,
                        0.7752979957851263,
                        1.172999183213832,
                        -7.0519620798412e-07
                    ],
                    [
                        0.7752979957851263,
                        1.5946101563314339,
                        1.4151419557552054,
                        -4.873103654024503e-07
                    ],
                    [
                        1.172999183213832,
                        1.4151419557552052,
                        2.6292973534007777,
                        -2.295857759541112e-06
                    ],
                    [
                        -7.051962079841198e-07,
                        -4.873103654024503e-07,
                        -2.295857759541112e-06,
                        1.0108163421137539e-06
                    ]
                ]
            },
            "est_tgt": [
                3
            ],
            "oracle_est_tgt": [
                3
            ]
        },
        "obs": {
            "intv_type": "obs",
            "true_params": {
                "Si": [
                    [
                        1.0,
                        0.7601873038676259,
                        1.1707476836498527,
                        0.8244889147061727
                    ],
                    [
                        0.7601873038676259,
                        1.57788473696153,
                        1.4072270500525077,
                        0.22852148494762187
                    ],
                    [
                        1.1707476836498527,
                        1.4072270500525077,
                        2.6381868649000575,
                        1.379915402097728
                    ],
                    [
                        0.8244889147061727,
                        0.22852148494762187,
                        1.379915402097728,
                        2.223568125783229
                    ]
                ],
                "mui": [
                    0.0,
                    0.0,
                    0.0,
                    0.0
                ],
                "Ai": [
                    [
                        0.0,
                        0.0,
                        0.0,
                        0.0
                    ],
                    [
                        0.7601873038676259,
                        0.0,
                        0.0,
                        0.0
                    ],
                    [
                        0.7775487637551599,
                        0.5172395249094581,
                        0.0,
                        0.0
                    ],
                    [
                        0.6446555823975543,
                        -0.7192613286475125,
                        0.6206347214321979,
                        0.0
                    ]
                ]
            },
            "est_params": {
                "mui": [
                    -0.016246657032654627,
                    -0.016468300707772738,
                    -0.005833682748665962,
                    -0.004191464563087697
                ],
                "Si": [
                    [
                        1.0089097414596002,
                        0.7840422700687545,
                        1.1910736692953823,
                        0.8472689155439352
                    ],
                    [
                        0.7840422700687545,
                        1.59102689551025,
                        1.4331657299290455,
                        0.28347705658124933
                    ],
                    [
                        1.1910736692953823,
                        1.4331657299290455,
                        2.6662018146744484,
                        1.4420514039202323
                    ],
                    [
                        0.8472689155439352,
                        0.28347705658124933,
                        1.4420514039202323,
                        2.258819773247793
                    ]
                ]
            },
            "est_tgt": [],
            "oracle_est_tgt": [
                0,
                1,
                2,
                3
            ]
        }
    },
    "metric_dict": {
        "param_est_rel_err": 1.3286472146593673,
        "est_dag": {
            "amat": [
                [
                    0,
                    1,
                    1,
                    1
                ],
                [
                    0,
                    0,
                    1,
                    1
                ],
                [
                    0,
                    0,
                    0,
                    1
                ],
                [
                    0,
                    0,
                    0,
                    0
                ]
            ],
            "nodes": [
                0,
                1,
                2,
                3
            ]
        },
        "oracle_est_dag": {
            "amat": [
                [
                    0,
                    1,
                    1,
                    1
                ],
                [
                    0,
                    0,
                    1,
                    1
                ],
                [
                    0,
                    0,
                    0,
                    1
                ],
                [
                    0,
                    0,
                    0,
                    0
                ]
            ],
            "nodes": [
                0,
                1,
                2,
                3
            ]
        },
        "igsp_dag": {
            "amat": [
                [
                    0,
                    1,
                    1,
                    1
                ],
                [
                    0,
                    0,
                    1,
                    1
                ],
                [
                    0,
                    0,
                    0,
                    1
                ],
                [
                    0,
                    0,
                    0,
                    0
                ]
            ],
            "nodes": [
                0,
                1,
                2,
                3
            ]
        },
        "act_dag": {
            "amat": [
                [
                    0,
                    1,
                    1,
                    1
                ],
                [
                    0,
                    0,
                    1,
                    1
                ],
                [
                    0,
                    0,
                    0,
                    1
                ],
                [
                    0,
                    0,
                    0,
                    0
                ]
            ],
            "nodes": [
                0,
                1,
                2,
                3
            ]
        },
        "shd": 0,
        "oracle_shd": 0,
        "igsp_shd": 0,
        "avg_js": 1.0,
        "avg_oracle_js": 1.0
    }
}