{
    "expt_args": {
        "save_dir": "all_expt_logs/expt_logs_11.05.24-main_plus_oracle_donoisepert2",
        "exp_name": "192",
        "num_nodes": 4,
        "obs_noise_mean": 0.0,
        "obs_noise_var": 1.0,
        "max_edge_strength": 1.0,
        "graph_sparsity_method": "adj_dense_prop",
        "adj_dense_prop": 0.8,
        "num_parents": null,
        "new_noise_mean": 1.0,
        "mix_samples": 1024,
        "stage2_samples": 1024,
        "gmm_tol": 0.001,
        "intv_type": "do",
        "new_noise_sigma": 0.0,
        "intv_targets": [
            0,
            1,
            2,
            3
        ]
    },
    "intv_args_dict": {
        "0": {
            "intv_type": "do",
            "inode": 0,
            "new_mui": 1.0,
            "new_sigmai": 0.0,
            "true_params": {
                "Si": [
                    [
                        1e-09,
                        -7.856807194760023e-10,
                        -4.737606101752708e-10,
                        6.425063023047418e-11
                    ],
                    [
                        -7.856807194760023e-10,
                        1.0000000006172942,
                        -0.6367424858212777,
                        -1.0900691806092455
                    ],
                    [
                        -4.737606101752708e-10,
                        -0.6367424858212777,
                        1.4054409939483317,
                        1.5074051595882292
                    ],
                    [
                        6.425063023047418e-11,
                        -1.0900691806092455,
                        1.5074051595882292,
                        2.8497269015600555
                    ]
                ],
                "mui": [
                    1.0,
                    -0.7856807194760023,
                    -0.4737606101752708,
                    0.06425063023047417
                ],
                "Ai": [
                    [
                        0.0,
                        0.0,
                        0.0,
                        0.0
                    ],
                    [
                        -0.7856807194760023,
                        0.0,
                        0.0,
                        0.0
                    ],
                    [
                        -0.9740369048487201,
                        -0.6367424861935023,
                        0.0,
                        0.0
                    ],
                    [
                        0.0,
                        -0.5721990033157847,
                        0.8133117994667668,
                        0.0
                    ]
                ]
            },
            "est_params": {
                "mui": [
                    1.000015825636229,
                    -0.7247929330674491,
                    -0.375317295548643,
                    0.205623881688064
                ],
                "Si": [
                    [
                        1.0592827168187083e-06,
                        1.8594131837032023e-05,
                        1.5017461470723634e-05,
                        9.560818322229608e-06
                    ],
                    [
                        1.8594131837032023e-05,
                        0.9906459793717591,
                        -0.6258002269172235,
                        -1.1357970250284664
                    ],
                    [
                        1.501746147072363e-05,
                        -0.6258002269172235,
                        1.4033201675728937,
                        1.4045971676499511
                    ],
                    [
                        9.56081832222961e-06,
                        -1.1357970250284664,
                        1.404597167649951,
                        2.6254064292135575
                    ]
                ]
            },
            "est_tgt": [
                0
            ],
            "oracle_est_tgt": [
                0
            ]
        },
        "1": {
            "intv_type": "do",
            "inode": 1,
            "new_mui": 1.0,
            "new_sigmai": 0.0,
            "true_params": {
                "Si": [
                    [
                        1.0,
                        0.0,
                        -0.9740369048487201,
                        -0.7921957078295524
                    ],
                    [
                        0.0,
                        1e-09,
                        -6.367424861935023e-10,
                        -1.090069180558765e-09
                    ],
                    [
                        -0.9740369048487201,
                        -6.367424861935023e-10,
                        1.9487478924127157,
                        1.5849396554495985
                    ],
                    [
                        -0.7921957078295524,
                        -1.090069180558765e-09,
                        1.5849396554495985,
                        2.289050123843687
                    ]
                ],
                "mui": [
                    0.0,
                    1.0,
                    -0.6367424861935023,
                    -1.090069180558765
                ],
                "Ai": [
                    [
                        0.0,
                        0.0,
                        0.0,
                        0.0
                    ],
                    [
                        0.0,
                        0.0,
                        0.0,
                        0.0
                    ],
                    [
                        -0.9740369048487201,
                        -0.6367424861935023,
                        0.0,
                        0.0
                    ],
                    [
                        0.0,
                        -0.5721990033157847,
                        0.8133117994667668,
                        0.0
                    ]
                ]
            },
            "est_params": {
                "mui": [
                    -0.0029798311834917206,
                    1.0000000003745588,
                    -0.660956243436004,
                    -1.1631946851335688
                ],
                "Si": [
                    [
                        1.0890927244411777,
                        -5.631133078097509e-12,
                        -1.0814593989604382,
                        -0.8589496335692454
                    ],
                    [
                        -5.631133078097509e-12,
                        1.0000012903629021e-06,
                        -9.399771921839216e-10,
                        1.0491685720772464e-09
                    ],
                    [
                        -1.0814593989604382,
                        -9.399771921839218e-10,
                        2.0811717274270802,
                        1.7729112255401442
                    ],
                    [
                        -0.8589496335692456,
                        1.0491685720772464e-09,
                        1.7729112255401445,
                        2.541006983617044
                    ]
                ]
            },
            "est_tgt": [
                1,
                3
            ],
            "oracle_est_tgt": [
                1,
                3
            ]
        },
        "2": {
            "intv_type": "do",
            "inode": 2,
            "new_mui": 1.0,
            "new_sigmai": 0.0,
            "true_params": {
                "Si": [
                    [
                        1.0,
                        -0.7856807194760023,
                        0.0,
                        0.4495657246085971
                    ],
                    [
                        -0.7856807194760023,
                        1.6172941929563285,
                        0.0,
                        -0.9254141252780175
                    ],
                    [
                        0.0,
                        0.0,
                        1e-09,
                        8.133117994667668e-10
                    ],
                    [
                        0.4495657246085971,
                        -0.9254141252780175,
                        8.133117994667668e-10,
                        1.5295210407999065
                    ]
                ],
                "mui": [
                    0.0,
                    0.0,
                    1.0,
                    0.8133117994667668
                ],
                "Ai": [
                    [
                        0.0,
                        0.0,
                        0.0,
                        0.0
                    ],
                    [
                        -0.7856807194760023,
                        0.0,
                        0.0,
                        0.0
                    ],
                    [
                        0.0,
                        0.0,
                        0.0,
                        0.0
                    ],
                    [
                        0.0,
                        -0.5721990033157847,
                        0.8133117994667668,
                        0.0
                    ]
                ]
            },
            "est_params": {
                "mui": [
                    0.001974187731135727,
                    -0.13428661954270826,
                    1.0000001064497592,
                    0.8739843249949687
                ],
                "Si": [
                    [
                        1.0213326830441871,
                        -0.7537037045939222,
                        1.0636965247560837e-07,
                        0.3305973422228346
                    ],
                    [
                        -0.7537037045939222,
                        1.543972107623228,
                        -7.712255962482608e-08,
                        -0.9275720801865832
                    ],
                    [
                        1.0636965247560837e-07,
                        -7.712255962482608e-08,
                        1.0003598420682548e-06,
                        -1.3243787166918183e-07
                    ],
                    [
                        0.3305973422228346,
                        -0.9275720801865832,
                        -1.3243787166918183e-07,
                        1.6744903695059448
                    ]
                ]
            },
            "est_tgt": [
                2,
                3
            ],
            "oracle_est_tgt": [
                2,
                3
            ]
        },
        "3": {
            "intv_type": "do",
            "inode": 3,
            "new_mui": 1.0,
            "new_sigmai": 0.0,
            "true_params": {
                "Si": [
                    [
                        1.0,
                        -0.7856807194760023,
                        -0.4737606101752708,
                        0.0
                    ],
                    [
                        -0.7856807194760023,
                        1.6172941929563285,
                        -0.26451790913160567,
                        0.0
                    ],
                    [
                        -0.4737606101752708,
                        -0.26451790913160567,
                        1.6298901094775273,
                        0.0
                    ],
                    [
                        0.0,
                        0.0,
                        0.0,
                        1e-09
                    ]
                ],
                "mui": [
                    0.0,
                    0.0,
                    0.0,
                    1.0
                ],
                "Ai": [
                    [
                        0.0,
                        0.0,
                        0.0,
                        0.0
                    ],
                    [
                        -0.7856807194760023,
                        0.0,
                        0.0,
                        0.0
                    ],
                    [
                        -0.9740369048487201,
                        -0.6367424861935023,
                        0.0,
                        0.0
                    ],
                    [
                        0.0,
                        0.0,
                        0.0,
                        0.0
                    ]
                ]
            },
            "est_params": {
                "mui": [
                    -0.12434913434046208,
                    0.01202822512942847,
                    0.15359808319073426,
                    0.9999944282680363
                ],
                "Si": [
                    [
                        0.9801546293694432,
                        -0.812846378599747,
                        -0.3561289382359806,
                        1.2687415791829804e-05
                    ],
                    [
                        -0.812846378599747,
                        1.5537894059027604,
                        -0.3679547697337353,
                        5.164647269308014e-06
                    ],
                    [
                        -0.3561289382359806,
                        -0.3679547697337352,
                        1.751231074775848,
                        -1.6350022317796358e-05
                    ],
                    [
                        1.2687415791829802e-05,
                        5.164647269308014e-06,
                        -1.635002231779635e-05,
                        1.0657460687763174e-06
                    ]
                ]
            },
            "est_tgt": [
                2,
                3
            ],
            "oracle_est_tgt": [
                1,
                2,
                3
            ]
        },
        "obs": {
            "intv_type": "obs",
            "true_params": {
                "Si": [
                    [
                        1.0,
                        -0.7856807194760023,
                        -0.4737606101752708,
                        0.06425063023047417
                    ],
                    [
                        -0.7856807194760023,
                        1.6172941929563285,
                        -0.26451790913160567,
                        -1.1405496619450306
                    ],
                    [
                        -0.4737606101752708,
                        -0.26451790913160567,
                        1.6298901094775273,
                        1.4769657418365334
                    ],
                    [
                        0.06425063023047417,
                        -1.1405496619450306,
                        1.4769657418365334,
                        2.853855045040941
                    ]
                ],
                "mui": [
                    0.0,
                    0.0,
                    0.0,
                    0.0
                ],
                "Ai": [
                    [
                        0.0,
                        0.0,
                        0.0,
                        0.0
                    ],
                    [
                        -0.7856807194760023,
                        0.0,
                        0.0,
                        0.0
                    ],
                    [
                        -0.9740369048487201,
                        -0.6367424861935023,
                        0.0,
                        0.0
                    ],
                    [
                        0.0,
                        -0.5721990033157847,
                        0.8133117994667668,
                        0.0
                    ]
                ]
            },
            "est_params": {
                "mui": [
                    -0.009940684943991052,
                    0.05015059456409576,
                    -0.08875203702751558,
                    -0.20718289189614675
                ],
                "Si": [
                    [
                        0.9128772400011598,
                        -0.7723493668985756,
                        -0.41954672074870075,
                        0.14592371307787472
                    ],
                    [
                        -0.7723493668985756,
                        1.6593826875247732,
                        -0.2796478877891854,
                        -1.232449508684418
                    ],
                    [
                        -0.41954672074870075,
                        -0.2796478877891854,
                        1.4612790406237313,
                        1.2972778938329883
                    ],
                    [
                        0.14592371307787472,
                        -1.232449508684418,
                        1.2972778938329883,
                        2.877815290170704
                    ]
                ]
            },
            "est_tgt": [],
            "oracle_est_tgt": [
                0,
                1,
                2,
                3
            ]
        }
    },
    "metric_dict": {
        "param_est_rel_err": 5.437305227144786,
        "est_dag": {
            "amat": [
                [
                    0,
                    1,
                    1,
                    0
                ],
                [
                    0,
                    0,
                    0,
                    0
                ],
                [
                    0,
                    0,
                    0,
                    0
                ],
                [
                    0,
                    1,
                    1,
                    0
                ]
            ],
            "nodes": [
                0,
                1,
                2,
                3
            ]
        },
        "oracle_est_dag": {
            "amat": [
                [
                    0,
                    1,
                    1,
                    0
                ],
                [
                    0,
                    0,
                    0,
                    0
                ],
                [
                    0,
                    0,
                    0,
                    0
                ],
                [
                    0,
                    1,
                    1,
                    0
                ]
            ],
            "nodes": [
                0,
                1,
                2,
                3
            ]
        },
        "igsp_dag": {
            "amat": [
                [
                    0,
                    1,
                    1,
                    0
                ],
                [
                    0,
                    0,
                    0,
                    0
                ],
                [
                    0,
                    0,
                    0,
                    0
                ],
                [
                    0,
                    1,
                    1,
                    0
                ]
            ],
            "nodes": [
                0,
                1,
                2,
                3
            ]
        },
        "act_dag": {
            "amat": [
                [
                    0,
                    1,
                    1,
                    0
                ],
                [
                    0,
                    0,
                    1,
                    1
                ],
                [
                    0,
                    0,
                    0,
                    1
                ],
                [
                    0,
                    0,
                    0,
                    0
                ]
            ],
            "nodes": [
                0,
                1,
                2,
                3
            ]
        },
        "shd": 3,
        "oracle_shd": 3,
        "igsp_shd": 3,
        "avg_js": 0.7,
        "avg_oracle_js": 0.6666666666666667
    }
}