{
    "expt_args": {
        "save_dir": "expt_logs_30.04.24-sp1",
        "exp_name": "38",
        "num_nodes": 6,
        "obs_noise_mean": 0.0,
        "obs_noise_var": 1.0,
        "max_edge_strength": 1.0,
        "graph_sparsity_method": "adj_dense_prop",
        "adj_dense_prop": 0.9,
        "num_parents": null,
        "new_noise_mean": 1.0,
        "mix_samples": 65536,
        "stage2_samples": 65536,
        "gmm_tol": 0.001,
        "intv_targets": [
            0,
            1,
            2,
            3,
            4,
            5
        ]
    },
    "intv_args_dict": {
        "0": {
            "intv_type": "do",
            "inode": 0,
            "new_mui": 1.0,
            "true_params": {
                "Si": [
                    [
                        0.0,
                        0.0,
                        0.0,
                        0.0,
                        0.0,
                        0.0
                    ],
                    [
                        0.0,
                        1.0,
                        0.6628841289055367,
                        -1.2973021426037894,
                        1.5975843809459251,
                        0.11880313871388326
                    ],
                    [
                        0.0,
                        0.6628841289055367,
                        1.4394153683548523,
                        -1.8571767324095712,
                        1.6352103972154235,
                        1.4245753322809336
                    ],
                    [
                        0.0,
                        -1.2973021426037894,
                        -1.8571767324095712,
                        3.6774320647191914,
                        -3.224948252627008,
                        -1.9862317959707216
                    ],
                    [
                        0.0,
                        1.5975843809459251,
                        1.6352103972154235,
                        -3.224948252627008,
                        4.218138494302599,
                        0.7456191471014939
                    ],
                    [
                        0.0,
                        0.11880313871388326,
                        1.4245753322809336,
                        -1.9862317959707216,
                        0.7456191471014939,
                        3.318274243843481
                    ]
                ],
                "mui": [
                    1.0,
                    -0.7350431762177594,
                    0.0767488280762395,
                    0.39114612353038464,
                    -0.3045052562246616,
                    0.9831843800264494
                ],
                "Ai": [
                    [
                        0.0,
                        0.0,
                        0.0,
                        0.0,
                        0.0,
                        0.0
                    ],
                    [
                        -0.7350431762177594,
                        0.0,
                        0.0,
                        0.0,
                        0.0,
                        0.0
                    ],
                    [
                        0.5639972836513079,
                        0.6628841289055367,
                        0.0,
                        0.0,
                        0.0,
                        0.0
                    ],
                    [
                        0.0,
                        -0.6362636609766227,
                        -0.997215731682372,
                        0.0,
                        0.0,
                        0.0
                    ],
                    [
                        0.5448146610684301,
                        0.8479956358204603,
                        -0.0,
                        -0.5778058329734815,
                        0.0,
                        0.0
                    ],
                    [
                        0.5853923648715667,
                        -0.6587546432853872,
                        0.8571542561262424,
                        -0.7805429503942258,
                        -0.502781713398929,
                        0.0
                    ]
                ]
            },
            "est_params": {
                "mui": [
                    1.0000004837578025,
                    -0.739615530296953,
                    0.07539243236328606,
                    0.4132249029839444,
                    -0.3205978431583228,
                    0.9745601917448339
                ],
                "Si": [
                    [
                        1.013677356401183e-06,
                        3.0775491543539863e-07,
                        2.5034618429453293e-07,
                        -1.2210812410169454e-06,
                        -1.553279280299257e-06,
                        2.39530723625782e-06
                    ],
                    [
                        3.0775491543539863e-07,
                        1.0209360998246622,
                        0.6699783948210486,
                        -1.307127605709176,
                        1.6155275120189365,
                        0.11308803283925203
                    ],
                    [
                        2.5034618429453293e-07,
                        0.6699783948210486,
                        1.438027030833176,
                        -1.8514820965302272,
                        1.629927135179785,
                        1.4378974996850538
                    ],
                    [
                        -1.221081241016945e-06,
                        -1.307127605709176,
                        -1.8514820965302272,
                        3.662352550184298,
                        -3.2218810431946685,
                        -2.006408946591075
                    ],
                    [
                        -1.5532792802992568e-06,
                        1.6155275120189365,
                        1.629927135179785,
                        -3.2218810431946685,
                        4.222350085335174,
                        0.7602985059810171
                    ],
                    [
                        2.39530723625782e-06,
                        0.11308803283925203,
                        1.4378974996850538,
                        -2.006408946591075,
                        0.7602985059810172,
                        3.3563644032187843
                    ]
                ]
            },
            "est_tgt": [
                0
            ]
        },
        "1": {
            "intv_type": "do",
            "inode": 1,
            "new_mui": 1.0,
            "true_params": {
                "Si": [
                    [
                        1.0,
                        0.0,
                        0.5639972836513079,
                        -0.5624269638832092,
                        0.8697882414217141,
                        1.0705098164513407
                    ],
                    [
                        0.0,
                        0.0,
                        0.0,
                        0.0,
                        0.0,
                        0.0
                    ],
                    [
                        0.5639972836513079,
                        0.0,
                        1.3180929359660538,
                        -1.3144230115647542,
                        1.0667552720126876,
                        1.9495872457639538
                    ],
                    [
                        -0.5624269638832092,
                        0.0,
                        -1.3144230115647542,
                        2.3107633052176935,
                        -1.6415909720796416,
                        -2.434191815443045
                    ],
                    [
                        0.8697882414217141,
                        0.0,
                        1.0667552720126876,
                        -1.6415909720796416,
                        2.422394224975702,
                        1.4869379589607352
                    ],
                    [
                        1.0705098164513407,
                        0.0,
                        1.9495872457639538,
                        -2.434191815443045,
                        1.4869379589607352,
                        4.450151325193895
                    ]
                ],
                "mui": [
                    0.0,
                    1.0,
                    0.6628841289055367,
                    -1.2973021426037894,
                    1.5975843809459251,
                    0.11880313871388326
                ],
                "Ai": [
                    [
                        0.0,
                        0.0,
                        0.0,
                        0.0,
                        0.0,
                        0.0
                    ],
                    [
                        0.0,
                        0.0,
                        0.0,
                        0.0,
                        0.0,
                        0.0
                    ],
                    [
                        0.5639972836513079,
                        0.6628841289055367,
                        0.0,
                        0.0,
                        0.0,
                        0.0
                    ],
                    [
                        0.0,
                        -0.6362636609766227,
                        -0.997215731682372,
                        0.0,
                        0.0,
                        0.0
                    ],
                    [
                        0.5448146610684301,
                        0.8479956358204603,
                        -0.0,
                        -0.5778058329734815,
                        0.0,
                        0.0
                    ],
                    [
                        0.5853923648715667,
                        -0.6587546432853872,
                        0.8571542561262424,
                        -0.7805429503942258,
                        -0.502781713398929,
                        0.0
                    ]
                ]
            },
            "est_params": {
                "mui": [
                    0.00680560666402465,
                    0.9999990901317801,
                    0.6815201931751149,
                    -1.3013261524434652,
                    1.5890909338878771,
                    0.14587314788164527
                ],
                "Si": [
                    [
                        1.001682368398255,
                        1.830071726772807e-06,
                        0.5628008781852559,
                        -0.5663512805223835,
                        0.8803048648898323,
                        1.0604018398303705
                    ],
                    [
                        1.830071726772807e-06,
                        1.0107388674482714e-06,
                        9.840842692022054e-07,
                        -2.17001732224383e-07,
                        1.2420150369411051e-06,
                        2.0939913727422764e-06
                    ],
                    [
                        0.562800878185256,
                        9.840842692022054e-07,
                        1.310289124978388,
                        -1.315967819162894,
                        1.0683408451285263,
                        1.9395956289574163
                    ],
                    [
                        -0.5663512805223834,
                        -2.170017322243831e-07,
                        -1.315967819162894,
                        2.3087974570143106,
                        -1.6453026230400778,
                        -2.452016094668561
                    ],
                    [
                        0.8803048648898323,
                        1.2420150369411053e-06,
                        1.0683408451285263,
                        -1.6453026230400778,
                        2.4709008572547613,
                        1.4857555724741685
                    ],
                    [
                        1.0604018398303705,
                        2.0939913727422764e-06,
                        1.9395956289574163,
                        -2.452016094668561,
                        1.4857555724741685,
                        4.483711613274049
                    ]
                ]
            },
            "est_tgt": [
                1
            ]
        },
        "2": {
            "intv_type": "do",
            "inode": 2,
            "new_mui": 1.0,
            "true_params": {
                "Si": [
                    [
                        1.0,
                        -0.7350431762177594,
                        0.0,
                        0.4676812622761964,
                        -0.34872770581942636,
                        0.8798940713606656
                    ],
                    [
                        -0.7350431762177594,
                        1.540288470904292,
                        0.0,
                        -0.9800295814576491,
                        1.4719624109624583,
                        -1.420081447473925
                    ],
                    [
                        0.0,
                        0.0,
                        0.0,
                        0.0,
                        0.0,
                        0.0
                    ],
                    [
                        0.4676812622761964,
                        -0.9800295814576491,
                        0.0,
                        1.623557209363631,
                        -1.5143620253924313,
                        0.41351347697481755
                    ],
                    [
                        -0.34872770581942636,
                        1.4719624109624583,
                        0.0,
                        -1.5143620253924313,
                        2.933232945242028,
                        -1.4665558921111326
                    ],
                    [
                        0.8798940713606656,
                        -1.420081447473925,
                        0.0,
                        0.41351347697481755,
                        -1.4665558921111326,
                        2.8651609735224044
                    ]
                ],
                "mui": [
                    0.0,
                    0.0,
                    1.0,
                    -0.997215731682372,
                    0.5761970664989928,
                    1.3458226171633374
                ],
                "Ai": [
                    [
                        0.0,
                        0.0,
                        0.0,
                        0.0,
                        0.0,
                        0.0
                    ],
                    [
                        -0.7350431762177594,
                        0.0,
                        0.0,
                        0.0,
                        0.0,
                        0.0
                    ],
                    [
                        0.0,
                        0.0,
                        0.0,
                        0.0,
                        0.0,
                        0.0
                    ],
                    [
                        0.0,
                        -0.6362636609766227,
                        -0.997215731682372,
                        0.0,
                        0.0,
                        0.0
                    ],
                    [
                        0.5448146610684301,
                        0.8479956358204603,
                        -0.0,
                        -0.5778058329734815,
                        0.0,
                        0.0
                    ],
                    [
                        0.5853923648715667,
                        -0.6587546432853872,
                        0.8571542561262424,
                        -0.7805429503942258,
                        -0.502781713398929,
                        0.0
                    ]
                ]
            },
            "est_params": {
                "mui": [
                    0.015336911648545646,
                    -0.01900130577552225,
                    0.9999995939258778,
                    -0.9919628021174635,
                    0.560497528738082,
                    1.368314608191947
                ],
                "Si": [
                    [
                        1.003105973528743,
                        -0.7348003919540906,
                        4.7418734279538255e-07,
                        0.4824096813825505,
                        -0.3542075232576818,
                        0.8920925261463313
                    ],
                    [
                        -0.7348003919540906,
                        1.5523081446425155,
                        -4.770526375887204e-07,
                        -1.004593651794855,
                        1.5168642103029293,
                        -1.4497288002679607
                    ],
                    [
                        4.741873427953825e-07,
                        -4.770526375887204e-07,
                        1.0068438997270236e-06,
                        2.8881001363741087e-07,
                        4.29899353947599e-07,
                        -9.9574063303218e-07
                    ],
                    [
                        0.4824096813825505,
                        -1.004593651794855,
                        2.8881001363741087e-07,
                        1.6418382681243926,
                        -1.5662065670137086,
                        0.45670780898659546
                    ],
                    [
                        -0.35420752325768173,
                        1.5168642103029293,
                        4.2989935394759925e-07,
                        -1.5662065670137086,
                        3.037185183692255,
                        -1.5156776577675894
                    ],
                    [
                        0.8920925261463313,
                        -1.4497288002679607,
                        -9.957406330321798e-07,
                        0.45670780898659546,
                        -1.5156776577675894,
                        2.88830372231185
                    ]
                ]
            },
            "est_tgt": [
                2,
                3,
                4,
                5
            ]
        },
        "3": {
            "intv_type": "do",
            "inode": 3,
            "new_mui": 1.0,
            "true_params": {
                "Si": [
                    [
                        1.0,
                        -0.7350431762177594,
                        0.0767488280762395,
                        0.0,
                        -0.07849874450383941,
                        1.17485878811981
                    ],
                    [
                        -0.7350431762177594,
                        1.540288470904292,
                        0.6064704265453869,
                        0.0,
                        0.9056956023096688,
                        -1.3804893248350276
                    ],
                    [
                        0.0767488280762395,
                        0.6064704265453869,
                        1.4453057509659284,
                        0.0,
                        0.5560981617204168,
                        0.6046669577430228
                    ],
                    [
                        0.0,
                        0.0,
                        0.0,
                        0.0,
                        0.0,
                        0.0
                    ],
                    [
                        -0.07849874450383941,
                        0.9056956023096688,
                        0.5560981617204168,
                        0.0,
                        1.7252586512592258,
                        -1.0333503437030054
                    ],
                    [
                        1.17485878811981,
                        -1.3804893248350276,
                        0.6046669577430228,
                        0.0,
                        -1.0333503437030054,
                        3.6349996298252907
                    ]
                ],
                "mui": [
                    0.0,
                    0.0,
                    0.0,
                    1.0,
                    -0.5778058329734815,
                    -0.49003274367992344
                ],
                "Ai": [
                    [
                        0.0,
                        0.0,
                        0.0,
                        0.0,
                        0.0,
                        0.0
                    ],
                    [
                        -0.7350431762177594,
                        0.0,
                        0.0,
                        0.0,
                        0.0,
                        0.0
                    ],
                    [
                        0.5639972836513079,
                        0.6628841289055367,
                        0.0,
                        0.0,
                        0.0,
                        0.0
                    ],
                    [
                        0.0,
                        0.0,
                        0.0,
                        0.0,
                        0.0,
                        0.0
                    ],
                    [
                        0.5448146610684301,
                        0.8479956358204603,
                        -0.0,
                        -0.5778058329734815,
                        0.0,
                        0.0
                    ],
                    [
                        0.5853923648715667,
                        -0.6587546432853872,
                        0.8571542561262424,
                        -0.7805429503942258,
                        -0.502781713398929,
                        0.0
                    ]
                ]
            },
            "est_params": {
                "mui": [
                    -0.002418679288537488,
                    0.006571750693006321,
                    0.014420991942219328,
                    0.9999993229529534,
                    -0.5747705271009075,
                    -0.4851566620052796
                ],
                "Si": [
                    [
                        0.9995070964275009,
                        -0.7266168427895656,
                        0.090586511649198,
                        1.257241169680851e-06,
                        -0.07732165206412696,
                        1.1740790319566687
                    ],
                    [
                        -0.7266168427895656,
                        1.5328990422543527,
                        0.5873242793478067,
                        -9.580476380850065e-07,
                        0.9137915335887318,
                        -1.391716971667921
                    ],
                    [
                        0.09058651164919797,
                        0.5873242793478068,
                        1.43996974026517,
                        7.450832882613841e-07,
                        0.5501561852701519,
                        0.6102964734960586
                    ],
                    [
                        1.257241169680851e-06,
                        -9.58047638085006e-07,
                        7.450832882613842e-07,
                        1.0061610153783429e-06,
                        8.164750990087563e-07,
                        1.945010773487731e-06
                    ],
                    [
                        -0.07732165206412697,
                        0.9137915335887318,
                        0.550156185270152,
                        8.164750990087563e-07,
                        1.7439794426655315,
                        -1.0653407234564791
                    ],
                    [
                        1.1740790319566687,
                        -1.391716971667921,
                        0.6102964734960586,
                        1.945010773487731e-06,
                        -1.0653407234564791,
                        3.6697863536267006
                    ]
                ]
            },
            "est_tgt": [
                2,
                3,
                4,
                5
            ]
        },
        "4": {
            "intv_type": "do",
            "inode": 4,
            "new_mui": 1.0,
            "true_params": {
                "Si": [
                    [
                        1.0,
                        -0.7350431762177594,
                        0.0767488280762395,
                        0.39114612353038464,
                        0.0,
                        0.8300847055628341
                    ],
                    [
                        -0.7350431762177594,
                        1.540288470904292,
                        0.6064704265453869,
                        -1.5848114316088273,
                        0.0,
                        0.31189125255855354
                    ],
                    [
                        0.0767488280762395,
                        0.6064704265453869,
                        1.4453057509659284,
                        -1.8271567258220502,
                        0.0,
                        2.3104372459166056
                    ],
                    [
                        0.39114612353038464,
                        -1.5848114316088273,
                        -1.8271567258220502,
                        3.830427354672038,
                        0.0,
                        -3.2829923892666475
                    ],
                    [
                        0.0,
                        0.0,
                        0.0,
                        0.0,
                        0.0,
                        0.0
                    ],
                    [
                        0.8300847055628341,
                        0.31189125255855354,
                        2.3104372459166056,
                        -3.2829923892666475,
                        0.0,
                        5.823383122500093
                    ]
                ],
                "mui": [
                    0.0,
                    0.0,
                    0.0,
                    0.0,
                    1.0,
                    -0.502781713398929
                ],
                "Ai": [
                    [
                        0.0,
                        0.0,
                        0.0,
                        0.0,
                        0.0,
                        0.0
                    ],
                    [
                        -0.7350431762177594,
                        0.0,
                        0.0,
                        0.0,
                        0.0,
                        0.0
                    ],
                    [
                        0.5639972836513079,
                        0.6628841289055367,
                        0.0,
                        0.0,
                        0.0,
                        0.0
                    ],
                    [
                        0.0,
                        -0.6362636609766227,
                        -0.997215731682372,
                        0.0,
                        0.0,
                        0.0
                    ],
                    [
                        0.0,
                        0.0,
                        0.0,
                        0.0,
                        0.0,
                        0.0
                    ],
                    [
                        0.5853923648715667,
                        -0.6587546432853872,
                        0.8571542561262424,
                        -0.7805429503942258,
                        -0.502781713398929,
                        0.0
                    ]
                ]
            },
            "est_params": {
                "mui": [
                    0.0030744017417107493,
                    -0.003234027653569409,
                    0.006306129060367326,
                    -0.01643927431620031,
                    1.0000000931802544,
                    -0.49012666402474997
                ],
                "Si": [
                    [
                        0.9911120595176031,
                        -0.7405880428962309,
                        0.07214928555367542,
                        0.3952667972241523,
                        9.323806634191298e-07,
                        0.8262088904517894
                    ],
                    [
                        -0.740588042896231,
                        1.563781941891041,
                        0.6221004968150308,
                        -1.590908887158652,
                        -1.1932525680369172e-07,
                        0.30021354810475054
                    ],
                    [
                        0.0721492855536754,
                        0.6221004968150308,
                        1.4759427412009702,
                        -1.8339895228457026,
                        -2.0316613606899467e-07,
                        2.3281726753693848
                    ],
                    [
                        0.3952667972241523,
                        -1.590908887158652,
                        -1.8339895228457026,
                        3.7884314846371008,
                        1.3475182753498106e-06,
                        -3.2375195152124925
                    ],
                    [
                        9.323806634191298e-07,
                        -1.1932525680369175e-07,
                        -2.0316613606899472e-07,
                        1.3475182753498106e-06,
                        1.0076941667047315e-06,
                        2.495287826962792e-08
                    ],
                    [
                        0.8262088904517894,
                        0.3002135481047506,
                        2.3281726753693848,
                        -3.2375195152124925,
                        2.4952878269627736e-08,
                        5.804547323554992
                    ]
                ]
            },
            "est_tgt": [
                3,
                4
            ]
        },
        "5": {
            "intv_type": "do",
            "inode": 5,
            "new_mui": 1.0,
            "true_params": {
                "Si": [
                    [
                        1.0,
                        -0.7350431762177594,
                        0.0767488280762395,
                        0.39114612353038464,
                        -0.3045052562246616,
                        0.0
                    ],
                    [
                        -0.7350431762177594,
                        1.540288470904292,
                        0.6064704265453869,
                        -1.5848114316088273,
                        1.8214088916563032,
                        0.0
                    ],
                    [
                        0.0767488280762395,
                        0.6064704265453869,
                        1.4453057509659284,
                        -1.8271567258220502,
                        1.6118399756571258,
                        0.0
                    ],
                    [
                        0.39114612353038464,
                        -1.5848114316088273,
                        -1.8271567258220502,
                        3.830427354672038,
                        -3.344054303193911,
                        0.0
                    ],
                    [
                        -0.3045052562246616,
                        1.8214088916563032,
                        1.6118399756571258,
                        -3.344054303193911,
                        4.3108619453710455,
                        0.0
                    ],
                    [
                        0.0,
                        0.0,
                        0.0,
                        0.0,
                        0.0,
                        0.0
                    ]
                ],
                "mui": [
                    0.0,
                    0.0,
                    0.0,
                    0.0,
                    0.0,
                    1.0
                ],
                "Ai": [
                    [
                        0.0,
                        0.0,
                        0.0,
                        0.0,
                        0.0,
                        0.0
                    ],
                    [
                        -0.7350431762177594,
                        0.0,
                        0.0,
                        0.0,
                        0.0,
                        0.0
                    ],
                    [
                        0.5639972836513079,
                        0.6628841289055367,
                        0.0,
                        0.0,
                        0.0,
                        0.0
                    ],
                    [
                        0.0,
                        -0.6362636609766227,
                        -0.997215731682372,
                        0.0,
                        0.0,
                        0.0
                    ],
                    [
                        0.5448146610684301,
                        0.8479956358204603,
                        -0.0,
                        -0.5778058329734815,
                        0.0,
                        0.0
                    ],
                    [
                        0.0,
                        0.0,
                        0.0,
                        0.0,
                        0.0,
                        0.0
                    ]
                ]
            },
            "est_params": {
                "mui": [
                    -0.004401013530805936,
                    -0.004856470017662634,
                    -0.017480570386367987,
                    0.03435887187712617,
                    -0.03548527794364041,
                    0.9999999465552052
                ],
                "Si": [
                    [
                        0.9890659297218175,
                        -0.7206843599375545,
                        0.07538896792386393,
                        0.3755814154777805,
                        -0.27723775168312703,
                        -4.0306370030902217e-07
                    ],
                    [
                        -0.7206843599375545,
                        1.530929447474082,
                        0.6088691221461634,
                        -1.5721771514630116,
                        1.8094150090600547,
                        -6.156898083569394e-07
                    ],
                    [
                        0.07538896792386393,
                        0.6088691221461633,
                        1.4418668304852984,
                        -1.8217257843220842,
                        1.621578961543581,
                        -7.734147138138279e-07
                    ],
                    [
                        0.3755814154777805,
                        -1.5721771514630116,
                        -1.8217257843220842,
                        3.803835342611604,
                        -3.3441001242172206,
                        1.1694408961540252e-06
                    ],
                    [
                        -0.27723775168312703,
                        1.8094150090600547,
                        1.6215789615435812,
                        -3.3441001242172206,
                        4.327085815201618,
                        -7.619035757356742e-07
                    ],
                    [
                        -4.0306370030902217e-07,
                        -6.156898083569397e-07,
                        -7.734147138138279e-07,
                        1.1694408961540252e-06,
                        -7.61903575735674e-07,
                        1.0112368919893938e-06
                    ]
                ]
            },
            "est_tgt": [
                2,
                5
            ]
        },
        "obs": {
            "intv_type": "obs",
            "true_params": {
                "Si": [
                    [
                        1.0,
                        -0.7350431762177594,
                        0.0767488280762395,
                        0.39114612353038464,
                        -0.3045052562246616,
                        0.9831843800264494
                    ],
                    [
                        -0.7350431762177594,
                        1.540288470904292,
                        0.6064704265453869,
                        -1.5848114316088273,
                        1.8214088916563032,
                        -0.6038798307884466
                    ],
                    [
                        0.0767488280762395,
                        0.6064704265453869,
                        1.4453057509659284,
                        -1.8271567258220502,
                        1.6118399756571258,
                        1.5000335812308276
                    ],
                    [
                        0.39114612353038464,
                        -1.5848114316088273,
                        -1.8271567258220502,
                        3.830427354672038,
                        -3.344054303193911,
                        -1.6016630370077516
                    ],
                    [
                        -0.3045052562246616,
                        1.8214088916563032,
                        1.6118399756571258,
                        -3.344054303193911,
                        4.3108619453710455,
                        0.4462343355454549
                    ],
                    [
                        0.9831843800264494,
                        -0.6038798307884466,
                        1.5000335812308276,
                        -1.6016630370077516,
                        0.4462343355454549,
                        4.284925768971474
                    ]
                ],
                "mui": [
                    0.0,
                    0.0,
                    0.0,
                    0.0,
                    0.0,
                    0.0
                ],
                "Ai": [
                    [
                        0.0,
                        0.0,
                        0.0,
                        0.0,
                        0.0,
                        0.0
                    ],
                    [
                        -0.7350431762177594,
                        0.0,
                        0.0,
                        0.0,
                        0.0,
                        0.0
                    ],
                    [
                        0.5639972836513079,
                        0.6628841289055367,
                        0.0,
                        0.0,
                        0.0,
                        0.0
                    ],
                    [
                        0.0,
                        -0.6362636609766227,
                        -0.997215731682372,
                        0.0,
                        0.0,
                        0.0
                    ],
                    [
                        0.5448146610684301,
                        0.8479956358204603,
                        -0.0,
                        -0.5778058329734815,
                        0.0,
                        0.0
                    ],
                    [
                        0.5853923648715667,
                        -0.6587546432853872,
                        0.8571542561262424,
