{
    "expt_args": {
        "save_dir": "expt_logs_30.04.24-sp1",
        "exp_name": "249",
        "num_nodes": 6,
        "obs_noise_mean": 0.0,
        "obs_noise_var": 1.0,
        "max_edge_strength": 1.0,
        "graph_sparsity_method": "adj_dense_prop",
        "adj_dense_prop": 1.0,
        "num_parents": null,
        "new_noise_mean": 1.0,
        "mix_samples": 2048,
        "stage2_samples": 2048,
        "gmm_tol": 0.001,
        "intv_targets": [
            0,
            1,
            2,
            3,
            4,
            5
        ]
    },
    "intv_args_dict": {
        "0": {
            "intv_type": "do",
            "inode": 0,
            "new_mui": 1.0,
            "true_params": {
                "Si": [
                    [
                        0.0,
                        0.0,
                        0.0,
                        0.0,
                        0.0,
                        0.0
                    ],
                    [
                        0.0,
                        1.0,
                        -0.7357724501149357,
                        1.1168377684855588,
                        2.1900171892367717,
                        -2.552027158000908
                    ],
                    [
                        0.0,
                        -0.7357724501149357,
                        1.5413610983481356,
                        -1.4208536779000158,
                        -2.7331983156829525,
                        3.931580942759779
                    ],
                    [
                        0.0,
                        1.1168377684855588,
                        -1.4208536779000158,
                        2.606265643878065,
                        3.828625635067892,
                        -5.462728654969751
                    ],
                    [
                        0.0,
                        2.1900171892367717,
                        -2.7331983156829525,
                        3.828625635067892,
                        7.559687071965775,
                        -9.658526645871923
                    ],
                    [
                        0.0,
                        -2.552027158000908,
                        3.931580942759779,
                        -5.462728654969751,
                        -9.658526645871923,
                        14.2548205182727
                    ]
                ],
                "mui": [
                    1.0,
                    0.6219139862026193,
                    0.47890069171719885,
                    -0.5422274202581492,
                    -1.0228959804356546,
                    2.661693906792349
                ],
                "Ai": [
                    [
                        0.0,
                        0.0,
                        0.0,
                        0.0,
                        0.0,
                        0.0
                    ],
                    [
                        0.6219139862026193,
                        0.0,
                        0.0,
                        0.0,
                        0.0,
                        0.0
                    ],
                    [
                        0.9364878691062464,
                        -0.7357724501149357,
                        0.0,
                        0.0,
                        0.0,
                        0.0
                    ],
                    [
                        -0.6757403162553128,
                        0.6760252976662695,
                        -0.5991152166004987,
                        0.0,
                        0.0,
                        0.0
                    ],
                    [
                        -0.8541118284860445,
                        0.8841995933990788,
                        -0.6961019983518244,
                        0.7106179119073464,
                        0.0,
                        0.0
                    ],
                    [
                        0.7224697338220949,
                        0.5860576194908997,
                        0.6805998623236947,
                        -0.8253746646613489,
                        -0.783331089376051,
                        0.0
                    ]
                ]
            },
            "est_params": {
                "mui": [
                    1.0000017261429195,
                    0.5512115905490319,
                    0.5358123932718754,
                    -0.6468303817394782,
                    -1.2077987965349446,
                    2.847584614122669
                ],
                "Si": [
                    [
                        1.0039371359666964e-06,
                        -4.188672541338605e-08,
                        7.935770526426272e-07,
                        2.221077487446159e-06,
                        -5.165082972265267e-07,
                        -2.277673480153588e-06
                    ],
                    [
                        -4.188672541338605e-08,
                        0.8666832926803226,
                        -0.6521727609440948,
                        0.988867110253022,
                        1.923370973085882,
                        -2.3525094694050015
                    ],
                    [
                        7.935770526426272e-07,
                        -0.6521727609440948,
                        1.4772511250164757,
                        -1.3660580863849838,
                        -2.6023070497290925,
                        3.7641883856573206
                    ],
                    [
                        2.221077487446159e-06,
                        0.9888671102530218,
                        -1.366058086384984,
                        2.5323741407371143,
                        3.680724038553483,
                        -5.290580682476287
                    ],
                    [
                        -5.165082972265267e-07,
                        1.923370973085882,
                        -2.602307049729092,
                        3.6807240385534823,
                        7.146367181273137,
                        -9.363294161783637
                    ],
                    [
                        -2.277673480153588e-06,
                        -2.3525094694050015,
                        3.7641883856573197,
                        -5.290580682476287,
                        -9.363294161783637,
                        13.872305211679702
                    ]
                ]
            },
            "est_tgt": [
                0
            ]
        },
        "1": {
            "intv_type": "do",
            "inode": 1,
            "new_mui": 1.0,
            "true_params": {
                "Si": [
                    [
                        1.0,
                        0.0,
                        0.9364878691062464,
                        -1.2368044487986412,
                        -2.3848983004461513,
                        4.248835289522035
                    ],
                    [
                        0.0,
                        0.0,
                        0.0,
                        0.0,
                        0.0,
                        0.0
                    ],
                    [
                        0.9364878691062464,
                        0.0,
                        1.877009528983158,
                        -1.7573675793570638,
                        -3.355272329984313,
                        6.032852374425507
                    ],
                    [
                        -1.2368044487986412,
                        0.0,
                        -1.7573675793570638,
                        2.888624287330373,
                        4.332384552419798,
                        -7.867506727006989
                    ],
                    [
                        -2.3848983004461513,
                        0.0,
                        -3.355272329984313,
                        4.332384552419798,
                        8.451251686284184,
                        -14.2025833633076
                    ],
                    [
                        4.248835289522035,
                        0.0,
                        6.032852374425507,
                        -7.867506727006989,
                        -14.2025833633076,
                        25.794579220586304
                    ]
                ],
                "mui": [
                    0.0,
                    1.0,
                    -0.7357724501149357,
                    1.1168377684855588,
                    2.1900171892367717,
                    -2.552027158000908
                ],
                "Ai": [
                    [
                        0.0,
                        0.0,
                        0.0,
                        0.0,
                        0.0,
                        0.0
                    ],
                    [
                        0.0,
                        0.0,
                        0.0,
                        0.0,
                        0.0,
                        0.0
                    ],
                    [
                        0.9364878691062464,
                        -0.7357724501149357,
                        0.0,
                        0.0,
                        0.0,
                        0.0
                    ],
                    [
                        -0.6757403162553128,
                        0.6760252976662695,
                        -0.5991152166004987,
                        0.0,
                        0.0,
                        0.0
                    ],
                    [
                        -0.8541118284860445,
                        0.8841995933990788,
                        -0.6961019983518244,
                        0.7106179119073464,
                        0.0,
                        0.0
                    ],
                    [
                        0.7224697338220949,
                        0.5860576194908997,
                        0.6805998623236947,
                        -0.8253746646613489,
                        -0.783331089376051,
                        0.0
                    ]
                ]
            },
            "est_params": {
                "mui": [
                    -0.008137779139008849,
                    0.9999996335455335,
                    -0.7388501959920333,
                    1.1571680496004704,
                    2.2560625034633977,
                    -2.6396467556022967
                ],
                "Si": [
                    [
                        0.9720515707972379,
                        -2.4147871205760645e-07,
                        0.9321490535633973,
                        -1.232209264739836,
                        -2.2784411000090197,
                        4.07131532499135
                    ],
                    [
                        -2.414787120576065e-07,
                        1.0004893200404244e-06,
                        -4.893862267111703e-07,
                        1.5669346459187896e-07,
                        8.242631050895195e-07,
                        -1.2022938105551309e-06
                    ],
                    [
                        0.9321490535633976,
                        -4.893862267111703e-07,
                        1.9110386181649979,
                        -1.7424784714505501,
                        -3.2279953018993606,
                        5.813942331721869
                    ],
                    [
                        -1.232209264739836,
                        1.5669346459187896e-07,
                        -1.7424784714505506,
                        2.9829341219309637,
                        4.256894971533779,
                        -7.769262191548811
                    ],
                    [
                        -2.27844110000902,
                        8.242631050895196e-07,
                        -3.2279953018993606,
                        4.25689497153378,
                        7.9291210399939205,
                        -13.3980146878427
                    ],
                    [
                        4.07131532499135,
                        -1.2022938105551309e-06,
                        5.813942331721868,
                        -7.769262191548811,
                        -13.3980146878427,
                        24.46324978869424
                    ]
                ]
            },
            "est_tgt": [
                1
            ]
        },
        "2": {
            "intv_type": "do",
            "inode": 2,
            "new_mui": 1.0,
            "true_params": {
                "Si": [
                    [
                        1.0,
                        0.6219139862026193,
                        0.0,
                        -0.2553107286098709,
                        -0.4856441116087779,
                        1.6780943021104835
                    ],
                    [
                        0.6219139862026193,
                        1.3867770062344318,
                        0.0,
                        0.5172439847162096,
                        1.0625664134967807,
                        0.0027838764584338094
                    ],
                    [
                        0.0,
                        0.0,
                        0.0,
                        0.0,
                        0.0,
                        0.0
                    ],
                    [
                        -0.2553107286098709,
                        0.5172439847162096,
                        0.0,
                        1.5221937712280713,
                        1.757108993447734,
                        -2.514097771228763
                    ],
                    [
                        -0.4856441116087779,
                        1.0625664134967807,
                        0.0,
                        1.757108993447734,
                        3.602948294850473,
                        -4.000712688212525
                    ],
                    [
                        1.6780943021104835,
                        0.0027838764584338094,
                        0.0,
                        -2.514097771228763,
                        -4.000712688212525,
                        7.422959088976214
                    ]
                ],
                "mui": [
                    0.0,
                    0.0,
                    1.0,
                    -0.5991152166004987,
                    -1.1218440025643883,
                    2.0538696679575943
                ],
                "Ai": [
                    [
                        0.0,
                        0.0,
                        0.0,
                        0.0,
                        0.0,
                        0.0
                    ],
                    [
                        0.6219139862026193,
                        0.0,
                        0.0,
                        0.0,
                        0.0,
                        0.0
                    ],
                    [
                        0.0,
                        0.0,
                        0.0,
                        0.0,
                        0.0,
                        0.0
                    ],
                    [
                        -0.6757403162553128,
                        0.6760252976662695,
                        -0.5991152166004987,
                        0.0,
                        0.0,
                        0.0
                    ],
                    [
                        -0.8541118284860445,
                        0.8841995933990788,
                        -0.6961019983518244,
                        0.7106179119073464,
                        0.0,
                        0.0
                    ],
                    [
                        0.7224697338220949,
                        0.5860576194908997,
                        0.6805998623236947,
                        -0.8253746646613489,
                        -0.783331089376051,
                        0.0
                    ]
                ]
            },
            "est_params": {
                "mui": [
                    0.05792775164757061,
                    0.08425470907614498,
                    0.9999999210860312,
                    -0.5720183259490489,
                    -1.0626079842045744,
                    2.0599870308875627
                ],
                "Si": [
                    [
                        0.9586158421639572,
                        0.6022829833815281,
                        -5.894746120128468e-06,
                        -0.2249305818181125,
                        -0.45220199130675653,
                        1.6333121739784293
                    ],
                    [
                        0.6022829833815281,
                        1.4537994699430028,
                        -7.127392559206312e-06,
                        0.5721185256898069,
                        1.103984338630571,
                        0.0022465544540110145
                    ],
                    [
                        -5.894746120128468e-06,
                        -7.127392559206314e-06,
                        1.0089522471139893e-06,
                        -5.20650388087915e-06,
                        -9.980013379633206e-06,
                        1.93280680629488e-06
                    ],
                    [
                        -0.2249305818181125,
                        0.572118525689807,
                        -5.20650388087915e-06,
                        1.5738195992323363,
                        1.8662866752688576,
                        -2.60712713151082
                    ],
                    [
                        -0.45220199130675653,
                        1.103984338630571,
                        -9.980013379633206e-06,
                        1.8662866752688576,
                        3.703156160933141,
                        -4.184868365036881
                    ],
                    [
                        1.6333121739784289,
                        0.0022465544540110145,
                        1.932806806294878e-06,
                        -2.60712713151082,
                        -4.184868365036881,
                        7.761009822704669
                    ]
                ]
            },
            "est_tgt": [
                2,
                3,
                5
            ]
        },
        "3": {
            "intv_type": "do",
            "inode": 3,
            "new_mui": 1.0,
            "true_params": {
                "Si": [
                    [
                        1.0,
                        0.6219139862026193,
                        0.47890069171719885,
                        0.0,
                        -0.6375794632729014,
                        1.9123227244829055
                    ],
                    [
                        0.6219139862026193,
                        1.3867770062344318,
                        -0.4379374119339009,
                        0.0,
                        0.999852680731327,
                        0.1807694312290684
                    ],
                    [
                        0.47890069171719885,
                        -0.4379374119339009,
                        1.7707069708753471,
                        0.0,
                        -2.028851487953843,
                        2.8837400649826277
                    ],
                    [
                        0.0,
                        0.0,
                        0.0,
                        0.0,
                        0.0,
                        0.0
                    ],
                    [
                        -0.6375794632729014,
                        0.999852680731327,
                        -2.028851487953843,
                        0.0,
                        3.8409210700665293,
                        -4.264209512609462
                    ],
                    [
                        1.9123227244829055,
                        0.1807694312290684,
                        2.8837400649826277,
                        0.0,
                        -4.264209512609462,
                        7.790497566326528
                    ]
                ],
                "mui": [
                    0.0,
                    0.0,
                    0.0,
                    1.0,
                    0.7106179119073464,
                    -1.3820237677258653
                ],
                "Ai": [
                    [
                        0.0,
                        0.0,
                        0.0,
                        0.0,
                        0.0,
                        0.0
                    ],
                    [
                        0.6219139862026193,
                        0.0,
                        0.0,
                        0.0,
                        0.0,
                        0.0
                    ],
                    [
                        0.9364878691062464,
                        -0.7357724501149357,
                        0.0,
                        0.0,
                        0.0,
                        0.0
                    ],
                    [
                        0.0,
                        0.0,
                        0.0,
                        0.0,
                        0.0,
                        0.0
                    ],
                    [
                        -0.8541118284860445,
                        0.8841995933990788,
                        -0.6961019983518244,
                        0.7106179119073464,
                        0.0,
                        0.0
                    ],
                    [
                        0.7224697338220949,
                        0.5860576194908997,
                        0.6805998623236947,
                        -0.8253746646613489,
                        -0.783331089376051,
                        0.0
                    ]
                ]
            },
            "est_params": {
                "mui": [
                    -0.016740925820897132,
                    -0.02915384633024189,
                    0.0031497808660585977,
                    1.0000007406608395,
                    0.6768291459315045,
                    -1.357375000494528
                ],
                "Si": [
                    [
                        0.9906186651183957,
                        0.6547970353231723,
                        0.5248856076293844,
                        -2.191376148849997e-07,
                        -0.5033359243359156,
                        1.7935210025321728
                    ],
                    [
                        0.6547970353231723,
                        1.4779079859072395,
                        -0.4076397860165375,
                        3.6758420758339355e-07,
                        1.0523356346704096,
                        0.3480979002839767
                    ],
                    [
                        0.5248856076293844,
                        -0.4076397860165375,
                        1.7811499956229915,
                        -2.529214906674217e-07,
                        -2.047175605631031,
                        2.78275200639184
                    ],
                    [
                        -2.191376148849997e-07,
                        3.6758420758339355e-07,
                        -2.529214906674217e-07,
                        1.0005231677987106e-06,
                        6.899721971742092e-07,
                        -6.543828145929415e-07
                    ],
                    [
                        -0.5033359243359155,
                        1.0523356346704096,
                        -2.0471756056310304,
                        6.899721971742092e-07,
                        3.6933326737897905,
                        -3.694512186449443
                    ],
                    [
                        1.7935210025321728,
                        0.3480979002839767,
                        2.7827520063918394,
                        -6.543828145929414e-07,
                        -3.694512186449443,
                        7.04187491726086
                    ]
                ]
            },
            "est_tgt": [
                2,
                3,
                5
            ]
        },
        "4": {
            "intv_type": "do",
            "inode": 4,
            "new_mui": 1.0,
            "true_params": {
                "Si": [
                    [
                        1.0,
                        0.6219139862026193,
                        0.47890069171719885,
                        -0.5422274202581492,
                        0.0,
                        1.860427684119304
                    ],
                    [
                        0.6219139862026193,
                        1.3867770062344318,
                        -0.4379374119339009,
                        0.7796189521244503,
                        0.0,
                        0.3205073896685533
                    ],
                    [
                        0.47890069171719885,
                        -0.4379374119339009,
                        1.7707069708753471,
                        -1.6805267645296755,
                        0.0,
                        2.6815418334696246
                    ],
                    [
                        -0.5422274202581492,
                        0.7796189521244503,
                        -1.6805267645296755,
                        2.900276219157873,
                        0.0,
                        -3.4724220691757965
                    ],
                    [
                        0.0,
                        0.0,
                        0.0,
                        0.0,
                        0.0,
                        0.0
                    ],
                    [
                        1.860427684119304,
                        0.3205073896685533,
                        2.6815418334696246,
                        -3.4724220691757965,
                        0.0,
                        7.223044695142619
                    ]
                ],
                "mui": [
                    0.0,
                    0.0,
                    0.0,
                    0.0,
                    1.0,
                    -0.783331089376051
                ],
                "Ai": [
                    [
                        0.0,
                        0.0,
                        0.0,
                        0.0,
                        0.0,
                        0.0
                    ],
                    [
                        0.6219139862026193,
                        0.0,
                        0.0,
                        0.0,
                        0.0,
                        0.0
                    ],
                    [
                        0.9364878691062464,
                        -0.7357724501149357,
                        0.0,
                        0.0,
                        0.0,
                        0.0
                    ],
                    [
                        -0.6757403162553128,
                        0.6760252976662695,
                        -0.5991152166004987,
                        0.0,
                        0.0,
                        0.0
                    ],
                    [
                        0.0,
                        0.0,
                        0.0,
                        0.0,
                        0.0,
                        0.0
                    ],
                    [
                        0.7224697338220949,
                        0.5860576194908997,
                        0.6805998623236947,
                        -0.8253746646613489,
                        -0.783331089376051,
                        0.0
                    ]
                ]
            },
            "est_params": {
                "mui": [
                    0.048267966049079854,
                    0.08908259785973893,
                    0.00037063721973831044,
                    0.048872513356811434,
                    1.0000018882132689,
                    -0.726172724621121
                ],
                "Si": [
                    [
                        1.069463282548147,
                        0.620383729372706,
                        0.5842411179047101,
                        -0.5934676852113624,
                        -2.670846125088153e-07,
                        2.0818558743560587
                    ],
                    [
                        0.620383729372706,
                        1.3430808166550845,
                        -0.3390238349025311,
                        0.7061538293244306,
                        1.7217412212974046e-06,
                        0.5035766943097251
                    ],
                    [
                        0.5842411179047101,
                        -0.3390238349025311,
                        1.777810366768457,
                        -1.5575239061619235,
                        -1.88042490815816e-06,
                        2.774965277581291
                    ],
                    [
                        -0.5934676852113624,
                        0.7061538293244306,
                        -1.5575239061619235,
                        2.6971908276666148,
                        3.224543062266235e-06,
                        -3.3632138747462164
                    ],
                    [
                        -2.670846125088153e-07,
                        1.7217412212974046e-06,
                        -1.88042490815816e-06,
                        3.224543062266235e-06,
                        1.0013460736727102e-06,
                        -5.485359023984175e-06
                    ],
                    [
                        2.0818558743560587,
                        0.5035766943097252,
                        2.774965277581291,
                        -3.3632138747462164,
                        -5.485359023984176e-06,
                        7.6271825233955175
                    ]
                ]
            },
            "est_tgt": [
                2,
                4,
                5
            ]
        },
        "5": {
            "intv_type": "do",
            "inode": 5,
            "new_mui": 1.0,
            "true_params": {
                "Si": [
                    [
                        1.0,
                        0.6219139862026193,
                        0.47890069171719885,
                        -0.5422274202581492,
                        -1.0228959804356546,
                        0.0
                    ],
                    [
                        0.6219139862026193,
                        1.3867770062344318,
                        -0.4379374119339009,
                        0.7796189521244503,
                        1.5538638725733973,
                        0.0
                    ],
                    [
                        0.47890069171719885,
                        -0.4379374119339009,
                        1.7707069708753471,
                        -1.6805267645296755,
                        -3.2230639082683297,
                        0.0
                    ],
                    [
                        -0.5422274202581492,
                        0.7796189521244503,
                        -1.6805267645296755,
                        2.900276219157873,
                        4.383267883731947,
                        0.0
                    ],
                    [
                        -1.0228959804356546,
                        1.5538638725733973,
                        -3.2230639082683297,
                        4.383267883731947,
                        8.606003258757195,
                        0.0
                    ],
                    [
                        0.0,
                        0.0,
                        0.0,
                        0.0,
                        0.0,
                        0.0
                    ]
                ],
                "mui": [
                    0.0,
                    0.0,
                    0.0,
                    0.0,
                    0.0,
                    1.0
                ],
                "Ai": [
                    [
                        0.0,
                        0.0,
                        0.0,
                        0.0,
                        0.0,
                        0.0
                    ],
                    [
                        0.6219139862026193,
                        0.0,
                        0.0,
                        0.0,
                        0.0,
                        0.0
                    ],
                    [
                        0.9364878691062464,
                        -0.7357724501149357,
                        0.0,
                        0.0,
                        0.0,
                        0.0
                    ],
                    [
                        -0.6757403162553128,
                        0.6760252976662695,
                        -0.5991152166004987,
                        0.0,
                        0.0,
                        0.0
                    ],
                    [
                        -0.8541118284860445,
                        0.8841995933990788,
                        -0.6961019983518244,
                        0.7106179119073464,
                        0.0,
                        0.0
                    ],
                    [
                        0.0,
                        0.0,
                        0.0,
                        0.0,
                        0.0,
                        0.0
                    ]
                ]
            },
            "est_params": {
                "mui": [
                    0.10268585296110617,
                    0.138858635762545,
                    0.028329489222924848,
                    -0.04629594234523437,
                    0.06399754400685909,
                    1.0000094583714936
                ],
                "Si": [
                    [
                        0.9654561874065314,
                        0.6722858001018983,
                        0.4280960877163718,
                        -0.5059120002412495,
                        -0.8733144471443464,
                        -5.838283000224354e-06
                    ],
                    [
                        0.6722858001018983,
                        1.5289376583371785,
                        -0.544270972628566,
                        0.7705118000154838,
                        1.79476885790924,
                        1.6648503948363906e-06
                    ],
                    [
                        0.4280960877163718,
                        -0.544270972628566,
                        1.8408160837555148,
                        -1.6797222451087102,
                        -3.463133087186849,
                        -9.370218932853278e-06
                    ],
                    [
                        -0.5059120002412495,
                        0.7705118000154838,
                        -1.6797222451087102,
                        2.7160551274897684,
                        4.335711022391383,
                        5.217710298267236e-07
                    ],
                    [
                        -0.8733144471443464,
                        1.79476885790924,
                        -3.463133087186849,
                        4.335711022391383,
                        8.963907112236653,
                        -2.156028654424905e-07
                    ],
                    [
                        -5.838283000224354e-06,
                        1.6648503948363908e-06,
                        -9.370218932853278e-06,
                        5.217710298267239e-07,
                        -2.156028654424907e-07,
                        1.0315516217511083e-06
                    ]
                ]
            },
            "est_tgt": [
                2,
                4,
                5
            ]
        },
        "obs": {
            "intv_type": "obs",
            "true_params": {
                "Si": [
                    [
                        1.0,
                        0.6219139862026193,
                        0.47890069171719885,
                        -0.5422274202581492,
                        -1.0228959804356546,
                        2.661693906792349
                    ],
                    [
                        0.6219139862026193,
                        1.3867770062344318,
                        -0.4379374119339009,
                        0.7796189521244503,
                        1.5538638725733973,
                        -0.8966824903764554
                    ],
                    [
                        0.47890069171719885,
                        -0.4379374119339009,
                        1.7707069708753471,
                        -1.6805267645296755,
                        -3.2230639082683297,
                        5.206267995862088
                    ],
                    [
                        -0.5422274202581492,
                        0.7796189521244503,
                        -1.6805267645296755,
                        2.900276219157873,
                        4.383267883731947,
                        -6.9059720755666
                    ],
                    [
                        -1.0228959804356546,
                        1.5538638725733973,
                        -3.2230639082683297,
                        4.383267883731947,
                        8.606003258757195,
                        -12.38116264427989
                    ],
                    [
                        2.661693906792349,
                        -0.8966824903764554,
                        5.206267995862088,
                        -6.9059720755666,
                        -12.38116264427989,
                        21.339434971728213
                    ]
                ],
                "mui": [
                    0.0,
                    0.0,
                    0.0,
                    0.0,
                    0.0,
                    0.0
                ],
                "Ai": [
                    [
                        0.0,
                        0.0,
                        0.0,
                        0.0,
                        0.0,
                        0.0
                    ],
                    [
                        0.6219139862026193,
                        0.0,
                        0.0,
                        0.0,
                        0.0,
                        0.0
                    ],
                    [
                        0.9364878691062464,
                        -0.7357724501149357,
                        0.0,
                        0.0,
                        0.0,
                        0.0
                    ],
                    [
                        -0.6757403162553128,
                        0.6760252976662695,
                        -0.5991152166004987,
                        0.0,
                        0.0,
                        0.0
                    ],
                    [
                        -0.8541118284860445,
                        0.8841995933990788,
                        -0.6961019983518244,
                        0.7106179119073464,
                        0.0,
                        0.0
                    ],
                    [
                        0.7224697338220949,
