{
    "expt_args": {
        "save_dir": "expt_logs_30.04.24-sp1",
        "exp_name": "91",
        "num_nodes": 6,
        "obs_noise_mean": 0.0,
        "obs_noise_var": 1.0,
        "max_edge_strength": 1.0,
        "graph_sparsity_method": "adj_dense_prop",
        "adj_dense_prop": 0.8,
        "num_parents": null,
        "new_noise_mean": 1.0,
        "mix_samples": 8192,
        "stage2_samples": 8192,
        "gmm_tol": 0.001,
        "intv_targets": [
            0,
            1,
            2,
            3,
            4,
            5
        ]
    },
    "intv_args_dict": {
        "0": {
            "intv_type": "do",
            "inode": 0,
            "new_mui": 1.0,
            "true_params": {
                "Si": [
                    [
                        0.0,
                        0.0,
                        0.0,
                        0.0,
                        0.0,
                        0.0
                    ],
                    [
                        0.0,
                        1.0,
                        -0.9442581671432249,
                        0.8425626407702084,
                        -0.566319261977699,
                        1.1228086924359457
                    ],
                    [
                        0.0,
                        -0.9442581671432249,
                        1.8916234862166825,
                        -0.7955966548770323,
                        1.0608694334972018,
                        -1.912846355770004
                    ],
                    [
                        0.0,
                        0.8425626407702084,
                        -0.7955966548770323,
                        1.7099118036216672,
                        -1.4753139930990782,
                        0.16263988003264018
                    ],
                    [
                        0.0,
                        -0.566319261977699,
                        1.0608694334972018,
                        -1.4753139930990782,
                        2.5938299796252933,
                        -0.30249840901353303
                    ],
                    [
                        0.0,
                        1.1228086924359457,
                        -1.912846355770004,
                        0.16263988003264018,
                        -0.30249840901353303,
                        3.6013793932289695
                    ]
                ],
                "mui": [
                    1.0,
                    -0.6968828187771577,
                    0.6580372931721231,
                    0.3940309308922162,
                    0.07862610229492095,
                    -0.9450427641744592
                ],
                "Ai": [
                    [
                        0.0,
                        0.0,
                        0.0,
                        0.0,
                        0.0,
                        0.0
                    ],
                    [
                        -0.6968828187771577,
                        0.0,
                        0.0,
                        0.0,
                        0.0,
                        0.0
                    ],
                    [
                        0.0,
                        -0.9442581671432249,
                        0.0,
                        0.0,
                        0.0,
                        0.0
                    ],
                    [
                        0.9811983589884847,
                        0.8425626407702084,
                        -0.0,
                        0.0,
                        0.0,
                        0.0
                    ],
                    [
                        0.6633555355492081,
                        0.7714795354929459,
                        0.5261178451642359,
                        -0.9981545402081127,
                        0.0,
                        0.0
                    ],
                    [
                        0.6060909543340167,
                        0.9777713563685342,
                        -0.8526250777979569,
                        -0.7833967769459349,
                        0.0,
                        0.0
                    ]
                ]
            },
            "est_params": {
                "mui": [
                    0.9999985130273483,
                    -0.6893438575715968,
                    0.5702208998851694,
                    0.41883595982461086,
                    -0.002521684107957996,
                    -0.8763203460657601
                ],
                "Si": [
                    [
                        1.0116132063241496e-06,
                        -1.0035804960249157e-06,
                        2.577674290942046e-06,
                        6.186103725264593e-07,
                        -2.1778123901090195e-06,
                        -5.877508442038281e-06
                    ],
                    [
                        -1.0035804960249157e-06,
                        0.983648146732326,
                        -0.9207205812627933,
                        0.8651961522487914,
                        -0.6018529567487162,
                        1.092146329238376
                    ],
                    [
                        2.5776742909420455e-06,
                        -0.9207205812627933,
                        1.8904696804382775,
                        -0.8187510146273308,
                        1.0984990490684403,
                        -1.9371544413040098
                    ],
                    [
                        6.186103725264593e-07,
                        0.8651961522487914,
                        -0.8187510146273308,
                        1.722087258367972,
                        -1.3964765186087231,
                        0.2074497098743173
                    ],
                    [
                        -2.1778123901090195e-06,
                        -0.6018529567487162,
                        1.0984990490684403,
                        -1.3964765186087231,
                        2.391995052900479,
                        -0.4709869040788746
                    ],
                    [
                        -5.877508442038281e-06,
                        1.092146329238376,
                        -1.9371544413040098,
                        0.20744970987431724,
                        -0.4709869040788747,
                        3.575365330962782
                    ]
                ]
            },
            "est_tgt": [
                0
            ]
        },
        "1": {
            "intv_type": "do",
            "inode": 1,
            "new_mui": 1.0,
            "true_params": {
                "Si": [
                    [
                        1.0,
                        0.0,
                        0.0,
                        0.9811983589884847,
                        -0.31603206131989753,
                        -0.16257667764220263
                    ],
                    [
                        0.0,
                        0.0,
                        0.0,
                        0.0,
                        0.0,
                        0.0
                    ],
                    [
                        0.0,
                        0.0,
                        1.0,
                        0.0,
                        0.5261178451642359,
                        -0.8526250777979569
                    ],
                    [
                        0.9811983589884847,
                        0.0,
                        0.0,
                        1.9627502196816953,
                        -1.3082446801629444,
                        -0.9429167462582639
                    ],
                    [
                        -0.31603206131989753,
                        0.0,
                        0.5261178451642359,
                        -1.3082446801629444,
                        2.372988736920431,
                        0.3847492235867428
                    ],
                    [
                        -0.16257667764220263,
                        0.0,
                        -0.8526250777979569,
                        -0.9429167462582639,
                        0.3847492235867428,
                        2.3671112095324274
                    ]
                ],
                "mui": [
                    0.0,
                    1.0,
                    -0.9442581671432249,
                    0.8425626407702084,
                    -0.566319261977699,
                    1.1228086924359457
                ],
                "Ai": [
                    [
                        0.0,
                        0.0,
                        0.0,
                        0.0,
                        0.0,
                        0.0
                    ],
                    [
                        0.0,
                        0.0,
                        0.0,
                        0.0,
                        0.0,
                        0.0
                    ],
                    [
                        0.0,
                        -0.9442581671432249,
                        0.0,
                        0.0,
                        0.0,
                        0.0
                    ],
                    [
                        0.9811983589884847,
                        0.8425626407702084,
                        -0.0,
                        0.0,
                        0.0,
                        0.0
                    ],
                    [
                        0.6633555355492081,
                        0.7714795354929459,
                        0.5261178451642359,
                        -0.9981545402081127,
                        0.0,
                        0.0
                    ],
                    [
                        0.6060909543340167,
                        0.9777713563685342,
                        -0.8526250777979569,
                        -0.7833967769459349,
                        0.0,
                        0.0
                    ]
                ]
            },
            "est_params": {
                "mui": [
                    0.017960421867740356,
                    1.0000054757092605,
                    -0.9295769292706908,
                    0.834609213691363,
                    -0.5960690612797102,
                    1.1272309298963392
                ],
                "Si": [
                    [
                        0.9502364136258339,
                        -6.794493901545137e-07,
                        -0.020225226787258143,
                        0.9222424866395272,
                        -0.2989938985691688,
                        -0.10964286988589972
                    ],
                    [
                        -6.794493901545137e-07,
                        1.0164146581238027e-06,
                        -8.335427222410446e-07,
                        -3.058828257088029e-07,
                        3.518748358235435e-06,
                        -4.560288295308738e-06
                    ],
                    [
                        -0.020225226787258146,
                        -8.335427222410449e-07,
                        0.9602457350641391,
                        -0.043787078005221754,
                        0.5393278580689786,
                        -0.8128393693650404
                    ],
                    [
                        0.9222424866395272,
                        -3.0588282570880317e-07,
                        -0.04378707800522177,
                        1.878305462824859,
                        -1.2092532241511769,
                        -0.8485178945554094
                    ],
                    [
                        -0.29899389856916875,
                        3.518748358235436e-06,
                        0.5393278580689785,
                        -1.2092532241511769,
                        2.2613254008999073,
                        0.27397675742553995
                    ],
                    [
                        -0.10964286988589972,
                        -4.560288295308738e-06,
                        -0.8128393693650405,
                        -0.8485178945554094,
                        0.27397675742553995,
                        2.2866096754948746
                    ]
                ]
            },
            "est_tgt": [
                1,
                3,
                4,
                5
            ]
        },
        "2": {
            "intv_type": "do",
            "inode": 2,
            "new_mui": 1.0,
            "true_params": {
                "Si": [
                    [
                        1.0,
                        -0.6968828187771577,
                        0.0,
                        0.3940309308922162,
                        -0.26757906042650303,
                        -0.3839836658896208
                    ],
                    [
                        -0.6968828187771577,
                        1.485645663106797,
                        0.0,
                        0.5679692549646533,
                        0.11694306007419021,
                        0.5853021186636427
                    ],
                    [
                        0.0,
                        0.0,
                        0.0,
                        0.0,
                        0.0,
                        0.0
                    ],
                    [
                        0.3940309308922162,
                        0.5679692549646533,
                        0.0,
                        1.8651721781214536,
                        -1.1621708216824191,
                        -0.6670072210455767
                    ],
                    [
                        -0.26757906042650303,
                        0.11694306007419021,
                        0.0,
                        -1.1621708216824191,
                        2.072745208893883,
                        0.8626072023395452
                    ],
                    [
                        -0.3839836658896208,
                        0.5853021186636427,
                        0.0,
                        -0.6670072210455767,
                        0.8626072023395452,
                        1.8620939271101817
                    ]
                ],
                "mui": [
                    0.0,
                    0.0,
                    1.0,
                    0.0,
                    0.5261178451642359,
                    -0.8526250777979569
                ],
                "Ai": [
                    [
                        0.0,
                        0.0,
                        0.0,
                        0.0,
                        0.0,
                        0.0
                    ],
                    [
                        -0.6968828187771577,
                        0.0,
                        0.0,
                        0.0,
                        0.0,
                        0.0
                    ],
                    [
                        0.0,
                        0.0,
                        0.0,
                        0.0,
                        0.0,
                        0.0
                    ],
                    [
                        0.9811983589884847,
                        0.8425626407702084,
                        -0.0,
                        0.0,
                        0.0,
                        0.0
                    ],
                    [
                        0.6633555355492081,
                        0.7714795354929459,
                        0.5261178451642359,
                        -0.9981545402081127,
                        0.0,
                        0.0
                    ],
                    [
                        0.6060909543340167,
                        0.9777713563685342,
                        -0.8526250777979569,
                        -0.7833967769459349,
                        0.0,
                        0.0
                    ]
                ]
            },
            "est_params": {
                "mui": [
                    -0.018651559091164494,
                    -0.04423843771046406,
                    1.0000040102594805,
                    -0.041434677970806175,
                    0.5310365398467323,
                    -0.9246998174244437
                ],
                "Si": [
                    [
                        1.0021329495494506,
                        -0.6282174645746536,
                        1.3471137864745327e-08,
                        0.467224759859445,
                        -0.2477709854100013,
                        -0.3719869794682992
                    ],
                    [
                        -0.6282174645746534,
                        1.3666909210286813,
                        -2.7734983199573714e-06,
                        0.5241311261532938,
                        0.10338310379290003,
                        0.5659291317634232
                    ],
                    [
                        1.3471137864745327e-08,
                        -2.7734983199573714e-06,
                        1.015113230602249e-06,
                        -1.4771904850287012e-06,
                        1.315658718170439e-07,
                        1.909752154241191e-06
                    ],
                    [
                        0.467224759859445,
                        0.5241311261532937,
                        -1.4771904850287012e-06,
                        1.8264126944856214,
                        -1.1133318747046916,
                        -0.585159487070728
                    ],
                    [
                        -0.2477709854100013,
                        0.10338310379290003,
                        1.3156587181704352e-07,
                        -1.1133318747046916,
                        2.0097569582172836,
                        0.7869172815756705
                    ],
                    [
                        -0.3719869794682992,
                        0.5659291317634232,
                        1.909752154241191e-06,
                        -0.585159487070728,
                        0.7869172815756705,
                        1.7280265086011242
                    ]
                ]
            },
            "est_tgt": [
                1,
                2,
                3,
                4,
                5
            ]
        },
        "3": {
            "intv_type": "do",
            "inode": 3,
            "new_mui": 1.0,
            "true_params": {
                "Si": [
                    [
                        1.0,
                        -0.6968828187771577,
                        0.6580372931721231,
                        0.0,
                        0.4719298649474156,
                        -0.6363602028964906
                    ],
                    [
                        -0.6968828187771577,
                        1.485645663106797,
                        -1.4028330508695048,
                        0.0,
                        -0.05419135123285679,
                        2.226338041542493
                    ],
                    [
                        0.6580372931721231,
                        -1.4028330508695048,
                        2.324636565421977,
                        0.0,
                        0.577288471154388,
                        -2.9548629563461084
                    ],
                    [
                        0.0,
                        0.0,
                        0.0,
                        0.0,
                        0.0,
                        0.0
                    ],
                    [
                        0.4719298649474156,
                        -0.05419135123285679,
                        0.577288471154388,
                        0.0,
                        1.5749715363089016,
                        -0.2591649564035649
                    ],
                    [
                        -0.6363602028964906,
                        2.226338041542493,
                        -2.9548629563461084,
                        0.0,
                        -0.2591649564035649,
                        5.310547661977048
                    ]
                ],
                "mui": [
                    0.0,
                    0.0,
                    0.0,
                    1.0,
                    -0.9981545402081127,
                    -0.7833967769459349
                ],
                "Ai": [
                    [
                        0.0,
                        0.0,
                        0.0,
                        0.0,
                        0.0,
                        0.0
                    ],
                    [
                        -0.6968828187771577,
                        0.0,
                        0.0,
                        0.0,
                        0.0,
                        0.0
                    ],
                    [
                        0.0,
                        -0.9442581671432249,
                        0.0,
                        0.0,
                        0.0,
                        0.0
                    ],
                    [
                        0.0,
                        0.0,
                        0.0,
                        0.0,
                        0.0,
                        0.0
                    ],
                    [
                        0.6633555355492081,
                        0.7714795354929459,
                        0.5261178451642359,
                        -0.9981545402081127,
                        0.0,
                        0.0
                    ],
                    [
                        0.6060909543340167,
                        0.9777713563685342,
                        -0.8526250777979569,
                        -0.7833967769459349,
                        0.0,
                        0.0
                    ]
                ]
            },
            "est_params": {
                "mui": [
                    0.001143935219943181,
                    -0.02785061316625284,
                    0.07026191220975742,
                    1.0000001597517045,
                    -0.9927383108229801,
                    -0.9085281153153427
                ],
                "Si": [
                    [
                        1.0199488065063647,
                        -0.7017522422526188,
                        0.6885021981383278,
                        4.1333662661443254e-08,
                        0.445807291464798,
                        -0.6325736573694545
                    ],
                    [
                        -0.7017522422526187,
                        1.5080153383261758,
                        -1.4824590958175763,
                        4.194846964530721e-08,
                        -0.04621996600770476,
                        2.31119557994422
                    ],
                    [
                        0.6885021981383278,
                        -1.4824590958175763,
                        2.3735653479400636,
                        3.4962648633045535e-07,
                        0.5108785982531409,
                        -3.0030286273663394
                    ],
                    [
                        4.1333662661443234e-08,
                        4.1948469645307214e-08,
                        3.4962648633045535e-07,
                        1.0006262132650945e-06,
                        2.536952807612279e-07,
                        4.989551333178884e-07
                    ],
                    [
                        0.445807291464798,
                        -0.04621996600770477,
                        0.5108785982531409,
                        2.5369528076122785e-07,
                        1.5224992635117063,
                        -0.17099154403708103
                    ],
                    [
                        -0.6325736573694545,
                        2.31119557994422,
                        -3.0030286273663394,
                        4.989551333178884e-07,
                        -0.17099154403708103,
                        5.396260205382041
                    ]
                ]
            },
            "est_tgt": [
                1,
                3,
                4,
                5
            ]
        },
        "4": {
            "intv_type": "do",
            "inode": 4,
            "new_mui": 1.0,
            "true_params": {
                "Si": [
                    [
                        1.0,
                        -0.6968828187771577,
                        0.6580372931721231,
                        0.3940309308922162,
                        0.0,
                        -0.9450427641744592
                    ],
                    [
                        -0.6968828187771577,
                        1.485645663106797,
                        -1.4028330508695048,
                        0.5679692549646533,
                        0.0,
                        1.7813927577987996
                    ],
                    [
                        0.6580372931721231,
                        -1.4028330508695048,
                        2.324636565421977,
                        -0.5363096076866265,
                        0.0,
                        -2.534719738239266
                    ],
                    [
                        0.3940309308922162,
                        0.5679692549646533,
                        -0.5363096076866265,
                        1.8651721781214536,
                        0.0,
                        -0.2097362000679751
                    ],
                    [
                        0.0,
                        0.0,
                        0.0,
                        0.0,
                        0.0,
                        0.0
                    ],
                    [
                        -0.9450427641744592,
                        1.7813927577987996,
                        -2.534719738239266,
                        -0.2097362000679751,
                        0.0,
                        4.494485219347472
                    ]
                ],
                "mui": [
                    0.0,
                    0.0,
                    0.0,
                    0.0,
                    1.0,
                    0.0
                ],
                "Ai": [
                    [
                        0.0,
                        0.0,
                        0.0,
                        0.0,
                        0.0,
                        0.0
                    ],
                    [
                        -0.6968828187771577,
                        0.0,
                        0.0,
                        0.0,
                        0.0,
                        0.0
                    ],
                    [
                        0.0,
                        -0.9442581671432249,
                        0.0,
                        0.0,
                        0.0,
                        0.0
                    ],
                    [
                        0.9811983589884847,
                        0.8425626407702084,
                        -0.0,
                        0.0,
                        0.0,
                        0.0
                    ],
                    [
                        0.0,
                        0.0,
                        0.0,
                        0.0,
                        0.0,
                        0.0
                    ],
                    [
                        0.6060909543340167,
                        0.9777713563685342,
                        -0.8526250777979569,
                        -0.7833967769459349,
                        0.0,
                        0.0
                    ]
                ]
            },
            "est_params": {
                "mui": [
                    -0.018110922654450697,
                    0.013819209068132879,
                    -0.016364060256022623,
                    -0.06510784475969365,
                    0.9999990661618489,
                    0.04345949119402794
                ],
                "Si": [
                    [
                        1.0786534927397755,
                        -0.7309083300504491,
                        0.680820332052307,
                        0.37454874076430517,
                        -3.3817010257651086e-07,
                        -0.9574013644468188
                    ],
                    [
                        -0.7309083300504491,
                        1.4756955336806297,
                        -1.4241319174208984,
                        0.6159152882792196,
                        1.1130631378009529e-06,
                        1.7154831146802616
                    ],
                    [
                        0.680820332052307,
                        -1.4241319174208984,
                        2.375167256468823,
                        -0.6148323009222274,
                        -1.2282573763155934e-06,
                        -2.4321986788702463
                    ],
                    [
                        0.37454874076430517,
                        0.6159152882792196,
                        -0.6148323009222275,
                        1.9266587555963899,
                        8.982341412428095e-07,
                        -0.16384442200311994
                    ],
                    [
                        -3.381701025765108e-07,
                        1.113063137800953e-06,
                        -1.2282573763155934e-06,
                        8.982341412428092e-07,
                        1.0010349536248258e-06,
                        8.477568500198477e-07
                    ],
                    [
                        -0.9574013644468186,
                        1.7154831146802616,
                        -2.4321986788702463,
                        -0.16384442200311994,
                        8.477568500198477e-07,
                        4.28217414402413
                    ]
                ]
            },
            "est_tgt": [
                1,
                2,
                3,
                4
            ]
        },
        "5": {
            "intv_type": "do",
            "inode": 5,
            "new_mui": 1.0,
            "true_params": {
                "Si": [
                    [
                        1.0,
                        -0.6968828187771577,
                        0.6580372931721231,
                        0.3940309308922162,
                        0.07862610229492095,
                        0.0
                    ],
                    [
                        -0.6968828187771577,
                        1.485645663106797,
                        -1.4028330508695048,
                        0.5679692549646533,
                        -0.6211124417744447,
                        0.0
                    ],
                    [
                        0.6580372931721231,
                        -1.4028330508695048,
                        2.324636565421977,
                        -0.5363096076866265,
                        1.112608341024026,
                        0.0
                    ],
                    [
                        0.3940309308922162,
                        0.5679692549646533,
                        -0.5363096076866265,
                        1.8651721781214536,
                        -1.444332876819384,
                        0.0
                    ],
                    [
                        0.07862610229492095,
                        -0.6211124417744447,
                        1.112608341024026,
                        -1.444332876819384,
                        2.600012043587385,
                        0.0
                    ],
                    [
                        0.0,
                        0.0,
                        0.0,
                        0.0,
                        0.0,
                        0.0
                    ]
                ],
                "mui": [
                    0.0,
                    0.0,
                    0.0,
                    0.0,
                    0.0,
                    1.0
                ],
                "Ai": [
                    [
                        0.0,
                        0.0,
                        0.0,
                        0.0,
                        0.0,
                        0.0
                    ],
                    [
                        -0.6968828187771577,
                        0.0,
                        0.0,
                        0.0,
                        0.0,
                        0.0
                    ],
                    [
                        0.0,
                        -0.9442581671432249,
                        0.0,
                        0.0,
                        0.0,
                        0.0
                    ],
                    [
                        0.9811983589884847,
                        0.8425626407702084,
                        -0.0,
                        0.0,
                        0.0,
                        0.0
                    ],
                    [
                        0.6633555355492081,
                        0.7714795354929459,
                        0.5261178451642359,
                        -0.9981545402081127,
                        0.0,
                        0.0
                    ],
                    [
                        0.0,
                        0.0,
                        0.0,
                        0.0,
                        0.0,
                        0.0
                    ]
                ]
            },
            "est_params": {
                "mui": [
                    0.029477291407998457,
                    -0.11222692410176177,
                    0.07323986924691177,
                    -0.04966691626179019,
                    -0.0004823311601148135,
                    0.9999981136617611
                ],
                "Si": [
                    [
                        1.0349857125127782,
                        -0.7472892485181569,
                        0.6956145545062872,
                        0.3443499798433961,
                        0.1628301890188031,
                        4.877888440514062e-06
                    ],
                    [
                        -0.7472892485181569,
                        1.5192540868104631,
                        -1.383833188713685,
                        0.6071594806380719,
                        -0.6636948196309088,
                        -3.6504023337717378e-06
                    ],
                    [
                        0.6956145545062872,
                        -1.383833188713685,
                        2.2512762060918217,
                        -0.5510478781706797,
                        1.077913773140079,
                        -2.0211078038676883e-06
                    ],
                    [
                        0.34434997984339616,
                        0.6071594806380721,
                        -0.5510478781706797,
                        1.7890549429068927,
                        -1.3599231525980924,
                        9.575803089833859e-08
                    ],
                    [
                        0.1628301890188031,
                        -0.6636948196309088,
                        1.0779137731400787,
                        -1.3599231525980924,
                        2.497637744629196,
                        -5.230751920854281e-06
                    ],
                    [
                        4.877888440514062e-06,
                        -3.6504023337717386e-06,
                        -2.0211078038676887e-06,
                        9.575803089833822e-08,
                        -5.230751920854281e-06,
                        1.018861892761778e-06
                    ]
                ]
            },
            "est_tgt": [
                1,
                2,
                5
            ]
        },
        "obs": {
            "intv_type": "obs",
            "true_params": {
                "Si": [
                    [
                        1.0,
                        -0.6968828187771577,
                        0.6580372931721231,
                        0.3940309308922162,
                        0.07862610229492095,
                        -0.9450427641744592
                    ],
                    [
                        -0.6968828187771577,
                        1.485645663106797,
                        -1.4028330508695048,
                        0.5679692549646533,
                        -0.6211124417744447,
                        1.7813927577987996
                    ],
                    [
                        0.6580372931721231,
                        -1.4028330508695048,
                        2.324636565421977,
                        -0.5363096076866265,
                        1.112608341024026,
                        -2.534719738239266
                    ],
                    [
                        0.3940309308922162,
                        0.5679692549646533,
                        -0.5363096076866265,
                        1.8651721781214536,
                        -1.444332876819384,
                        -0.2097362000679751
                    ],
                    [
                        0.07862610229492095,
                        -0.6211124417744447,
                        1.112608341024026,
                        -1.444332876819384,
                        2.600012043587385,
                        -0.3768034380625889
                    ],
                    [
                        -0.9450427641744592,
                        1.7813927577987996,
                        -2.534719738239266,
                        -0.2097362000679751,
                        -0.3768034380625889,
                        4.494485219347472
                    ]
                ],
                "mui": [
                    0.0,
                    0.0,
                    0.0,
                    0.0,
                    0.0,
                    0.0
                ],
                "Ai": [
                    [
                        0.0,
                        0.0,
                        0.0,
                        0.0,
                        0.0,
                        0.0
                    ],
                    [
                        -0.6968828187771577,
                        0.0,
                        0.0,
                        0.0,
                        0.0,
                        0.0
                    ],
                    [
                        0.0,
                        -0.9442581671432249,
                        0.0,
                        0.0,
                        0.0,
                        0.0
                    ],
                    [
                        0.9811983589884847,
                        0.8425626407702084,
                        -0.0,
                        0.0,
                        0.0,
                        0.0
                    ],
                    [
                        0.6633555355492081,
                        0.7714795354929459,
                        0.5261178451642359,
                        -0.9981545402081127,
                        0.0,
                        0.0
                    ],
                    [
                        0.6060909543340167,
                        0.9777713563685342,
                        -0.8526250777979569,
