{
    "expt_args": {
        "save_dir": "expt_logs_30.04.24-sp1",
        "exp_name": "621",
        "num_nodes": 6,
        "obs_noise_mean": 0.0,
        "obs_noise_var": 1.0,
        "max_edge_strength": 1.0,
        "graph_sparsity_method": "adj_dense_prop",
        "adj_dense_prop": 0.92,
        "num_parents": null,
        "new_noise_mean": 1.0,
        "mix_samples": 32768,
        "stage2_samples": 32768,
        "gmm_tol": 0.001,
        "intv_targets": [
            0,
            1,
            2,
            3,
            4,
            5
        ]
    },
    "intv_args_dict": {
        "0": {
            "intv_type": "do",
            "inode": 0,
            "new_mui": 1.0,
            "true_params": {
                "Si": [
                    [
                        0.0,
                        0.0,
                        0.0,
                        0.0,
                        0.0,
                        0.0
                    ],
                    [
                        0.0,
                        1.0,
                        -0.8803966308057647,
                        0.07050631358359405,
                        -0.12546839789716627,
                        0.5394422472163097
                    ],
                    [
                        0.0,
                        -0.8803966308057647,
                        1.775098227534142,
                        -1.0513897109231065,
                        -1.3591856922988659,
                        -3.2420031915055603
                    ],
                    [
                        0.0,
                        0.07050631358359405,
                        -1.0513897109231065,
                        1.9837176640385528,
                        2.29388255871066,
                        4.222804881805167
                    ],
                    [
                        0.0,
                        -0.12546839789716627,
                        -1.3591856922988659,
                        2.29388255871066,
                        3.89603853287866,
                        6.225025971114241
                    ],
                    [
                        0.0,
                        0.5394422472163097,
                        -3.2420031915055603,
                        4.222804881805167,
                        6.225025971114241,
                        12.037623429004691
                    ]
                ],
                "mui": [
                    1.0,
                    0.8590421221209131,
                    -1.4745728805528215,
                    1.3593012753255367,
                    0.4832653789688216,
                    3.334214312572197
                ],
                "Ai": [
                    [
                        0.0,
                        0.0,
                        0.0,
                        0.0,
                        0.0,
                        0.0
                    ],
                    [
                        0.8590421221209131,
                        0.0,
                        0.0,
                        0.0,
                        0.0,
                        0.0
                    ],
                    [
                        -0.7182750905173354,
                        -0.8803966308057647,
                        0.0,
                        0.0,
                        0.0,
                        0.0
                    ],
                    [
                        0.5881322061638626,
                        -0.8004843268883457,
                        -0.9893161899935756,
                        0.0,
                        0.0,
                        0.0
                    ],
                    [
                        -0.9637596985775321,
                        -0.739904016932291,
                        -0.6299332177031941,
                        0.8487826620752935,
                        0.0,
                        0.0
                    ],
                    [
                        0.993625948835528,
                        -0.0,
                        -0.7068215615025011,
                        0.6004466773519929,
                        0.9976723855003137,
                        0.0
                    ]
                ]
            },
            "est_params": {
                "mui": [
                    1.000000944060489,
                    0.8587899507777454,
                    -1.4670572216038182,
                    1.3645364443299761,
                    0.4829542176603698,
                    3.3420900129574562
                ],
                "Si": [
                    [
                        1.0059289405624599e-06,
                        7.857021775192342e-07,
                        5.699000033622711e-07,
                        -8.018426872987546e-07,
                        -1.7333454653235935e-06,
                        -2.1817772978761956e-06
                    ],
                    [
                        7.857021775192342e-07,
                        1.0128121060748283,
                        -0.8673254001493399,
                        0.03055815470289426,
                        -0.17635532870242382,
                        0.45577046772131047
                    ],
                    [
                        5.699000033622711e-07,
                        -0.8673254001493399,
                        1.7034168767391396,
                        -0.9832500183428113,
                        -1.2612314515370078,
                        -3.0378829505767064
                    ],
                    [
                        -8.018426872987546e-07,
                        0.03055815470289426,
                        -0.9832500183428111,
                        1.9562199173506754,
                        2.2327547016895606,
                        4.0726039020396785
                    ],
                    [
                        -1.7333454653235935e-06,
                        -0.17635532870242382,
                        -1.2612314515370076,
                        2.2327547016895606,
                        3.789748177334847,
                        5.9780587807341155
                    ],
                    [
                        -2.1817772978761956e-06,
                        0.4557704677213106,
                        -3.0378829505767064,
                        4.0726039020396785,
                        5.9780587807341155,
                        11.50156161362454
                    ]
                ]
            },
            "est_tgt": [
                0,
                3,
                4,
                5
            ]
        },
        "1": {
            "intv_type": "do",
            "inode": 1,
            "new_mui": 1.0,
            "true_params": {
                "Si": [
                    [
                        1.0,
                        0.0,
                        -0.7182750905173354,
                        1.2987333820817635,
                        0.5910480177575146,
                        2.8708106997618237
                    ],
                    [
                        0.0,
                        0.0,
                        0.0,
                        0.0,
                        0.0,
                        0.0
                    ],
                    [
                        -0.7182750905173354,
                        0.0,
                        1.5159191056576864,
                        -1.9221640275662395,
                        -1.8941827155349986,
                        -4.829111869771589
                    ],
                    [
                        1.2987333820817635,
                        0.0,
                        -1.9221640275662395,
                        3.6654549215169405,
                        3.070342663992568,
                        7.913188486980882
                    ],
                    [
                        0.5910480177575146,
                        0.0,
                        -1.8941827155349986,
                        3.070342663992568,
                        4.229633973302866,
                        7.989495899081808
                    ],
                    [
                        2.8708106997618237,
                        0.0,
                        -4.829111869771589,
                        7.913188486980882,
                        7.989495899081808,
                        19.98817956478988
                    ]
                ],
                "mui": [
                    0.0,
                    1.0,
                    -0.8803966308057647,
                    0.07050631358359405,
                    -0.12546839789716627,
                    0.5394422472163097
                ],
                "Ai": [
                    [
                        0.0,
                        0.0,
                        0.0,
                        0.0,
                        0.0,
                        0.0
                    ],
                    [
                        0.0,
                        0.0,
                        0.0,
                        0.0,
                        0.0,
                        0.0
                    ],
                    [
                        -0.7182750905173354,
                        -0.8803966308057647,
                        0.0,
                        0.0,
                        0.0,
                        0.0
                    ],
                    [
                        0.5881322061638626,
                        -0.8004843268883457,
                        -0.9893161899935756,
                        0.0,
                        0.0,
                        0.0
                    ],
                    [
                        -0.9637596985775321,
                        -0.739904016932291,
                        -0.6299332177031941,
                        0.8487826620752935,
                        0.0,
                        0.0
                    ],
                    [
                        0.993625948835528,
                        -0.0,
                        -0.7068215615025011,
                        0.6004466773519929,
                        0.9976723855003137,
                        0.0
                    ]
                ]
            },
            "est_params": {
                "mui": [
                    -0.01507491149479754,
                    0.9999997423645062,
                    -0.8719961184407912,
                    0.05418402822158955,
                    -0.10616161043201014,
                    0.518685229736032
                ],
                "Si": [
                    [
                        1.0258992728212362,
                        1.4425420179110873e-06,
                        -0.7547229145207066,
                        1.339094304633491,
                        0.608521323239226,
                        2.9645632239890007
                    ],
                    [
                        1.4425420179110873e-06,
                        1.0115264211327275e-06,
                        -2.0118621694173425e-06,
                        3.2004858469338867e-06,
                        2.2048757809135725e-06,
                        6.762494934927871e-06
                    ],
                    [
                        -0.7547229145207066,
                        -2.0118621694173425e-06,
                        1.563994356450096,
                        -1.9736044341276149,
                        -1.9229834624893043,
                        -4.937170224554981
                    ],
                    [
                        1.3390943046334913,
                        3.2004858469338867e-06,
                        -1.9736044341276149,
                        3.717939969101775,
                        3.092698835238429,
                        8.012483936062685
                    ],
                    [
                        0.608521323239226,
                        2.204875780913573e-06,
                        -1.9229834624893043,
                        3.092698835238429,
                        4.253480898208728,
                        8.049212712998138
                    ],
                    [
                        2.9645632239890003,
                        6.762494934927871e-06,
                        -4.937170224554981,
                        8.012483936062685,
                        8.049212712998138,
                        20.22382353283167
                    ]
                ]
            },
            "est_tgt": [
                0,
                1,
                4,
                5
            ]
        },
        "2": {
            "intv_type": "do",
            "inode": 2,
            "new_mui": 1.0,
            "true_params": {
                "Si": [
                    [
                        1.0,
                        0.8590421221209131,
                        0.0,
                        -0.09951754873083263,
                        -1.6838371853837992,
                        -0.7460468941741043
                    ],
                    [
                        0.8590421221209131,
                        1.737953367578002,
                        0.0,
                        -0.8859740931383515,
                        -2.865828303896335,
                        -2.5375714171453643
                    ],
                    [
                        0.0,
                        0.0,
                        0.0,
                        0.0,
                        0.0,
                        0.0
                    ],
                    [
                        -0.09951754873083263,
                        -0.8859740931383515,
                        0.0,
                        1.6506789000992814,
                        2.1525144242367977,
                        3.0397656426083564
                    ],
                    [
                        -1.6838371853837992,
                        -2.865828303896335,
                        0.0,
                        2.1525144242367977,
                        6.57026921528946,
                        6.17434197437081
                    ],
                    [
                        -0.7460468941741043,
                        -2.5375714171453643,
                        0.0,
                        3.0397656426083564,
                        6.17434197437081,
                        8.24389611339863
                    ]
                ],
                "mui": [
                    0.0,
                    0.0,
                    1.0,
                    -0.9893161899935756,
                    -1.469647647080128,
                    -2.767080054542031
                ],
                "Ai": [
                    [
                        0.0,
                        0.0,
                        0.0,
                        0.0,
                        0.0,
                        0.0
                    ],
                    [
                        0.8590421221209131,
                        0.0,
                        0.0,
                        0.0,
                        0.0,
                        0.0
                    ],
                    [
                        0.0,
                        0.0,
                        0.0,
                        0.0,
                        0.0,
                        0.0
                    ],
                    [
                        0.5881322061638626,
                        -0.8004843268883457,
                        -0.9893161899935756,
                        0.0,
                        0.0,
                        0.0
                    ],
                    [
                        -0.9637596985775321,
                        -0.739904016932291,
                        -0.6299332177031941,
                        0.8487826620752935,
                        0.0,
                        0.0
                    ],
                    [
                        0.993625948835528,
                        -0.0,
                        -0.7068215615025011,
                        0.6004466773519929,
                        0.9976723855003137,
                        0.0
                    ]
                ]
            },
            "est_params": {
                "mui": [
                    0.006742281245494181,
                    -0.0012620247458008792,
                    1.000001253047007,
                    -0.9737808216283421,
                    -1.455016679758157,
                    -2.7432788459674984
                ],
                "Si": [
                    [
                        0.9936491395887754,
                        0.85851877153446,
                        -9.202259358156757e-07,
                        -0.11694433547925422,
                        -1.7091707659925184,
                        -0.8038883164071104
                    ],
                    [
                        0.85851877153446,
                        1.7474155574652421,
                        2.799226486303292e-07,
                        -0.9164965597993441,
                        -2.9081280889445313,
                        -2.6162219196624297
                    ],
                    [
                        -9.202259358156755e-07,
                        2.7992264863032937e-07,
                        1.0150135387101738e-06,
                        -1.4201336081636433e-06,
                        1.4613464912333693e-06,
                        -1.7800637682952037e-06
                    ],
                    [
                        -0.11694433547925422,
                        -0.9164965597993443,
                        -1.4201336081636433e-06,
                        1.6745032262982342,
                        2.212331549945924,
                        3.1165745373102753
                    ],
                    [
                        -1.7091707659925184,
                        -2.9081280889445313,
                        1.4613464912333708e-06,
                        2.2123315499459246,
                        6.694213801041266,
                        6.3608499738305015
                    ],
                    [
                        -0.8038883164071104,
                        -2.6162219196624297,
                        -1.780063768295202e-06,
                        3.1165745373102753,
                        6.3608499738305015,
                        8.465863341164358
                    ]
                ]
            },
            "est_tgt": [
                0,
                1,
                2,
                3,
                4,
                5
            ]
        },
        "3": {
            "intv_type": "do",
            "inode": 3,
            "new_mui": 1.0,
            "true_params": {
                "Si": [
                    [
                        1.0,
                        0.8590421221209131,
                        -1.4745728805528215,
                        0.0,
                        -0.6704859760643289,
                        1.366960511632509
                    ],
                    [
                        0.8590421221209131,
                        1.737953367578002,
                        -2.1471168473378084,
                        0.0,
                        -0.7612886301643775,
                        1.611678382735354
                    ],
                    [
                        -1.4745728805528215,
                        -2.1471168473378084,
                        3.949463407595988,
                        0.0,
                        0.5218961025124694,
                        -3.736058440843488
                    ],
                    [
                        0.0,
                        0.0,
                        0.0,
                        0.0,
                        0.0,
                        0.0
                    ],
                    [
                        -0.6704859760643289,
                        -0.7612886301643775,
                        0.5218961025124694,
                        0.0,
                        1.8807081865332882,
                        0.8412309406208677
                    ],
                    [
                        1.366960511632509,
                        1.611678382735354,
                        -3.736058440843488,
                        0.0,
                        0.8412309406208677,
                        5.838246975699038
                    ]
                ],
                "mui": [
                    0.0,
                    0.0,
                    0.0,
                    1.0,
                    0.8487826620752935,
                    1.4472537005959576
                ],
                "Ai": [
                    [
                        0.0,
                        0.0,
                        0.0,
                        0.0,
                        0.0,
                        0.0
                    ],
                    [
                        0.8590421221209131,
                        0.0,
                        0.0,
                        0.0,
                        0.0,
                        0.0
                    ],
                    [
                        -0.7182750905173354,
                        -0.8803966308057647,
                        0.0,
                        0.0,
                        0.0,
                        0.0
                    ],
                    [
                        0.0,
                        0.0,
                        0.0,
                        0.0,
                        0.0,
                        0.0
                    ],
                    [
                        -0.9637596985775321,
                        -0.739904016932291,
                        -0.6299332177031941,
                        0.8487826620752935,
                        0.0,
                        0.0
                    ],
                    [
                        0.993625948835528,
                        -0.0,
                        -0.7068215615025011,
                        0.6004466773519929,
                        0.9976723855003137,
                        0.0
                    ]
                ]
            },
            "est_params": {
                "mui": [
                    -0.017801055894752178,
                    -0.03599251576481545,
                    0.02637498022573736,
                    0.9999992938919717,
                    0.8824876418999862,
                    1.4138694039303235
                ],
                "Si": [
                    [
                        0.9869685820098694,
                        0.8417666083974081,
                        -1.4598164249180423,
                        -9.804852849938246e-07,
                        -0.6533206831217512,
                        1.3766900718129595
                    ],
                    [
                        0.8417666083974081,
                        1.73378390275382,
                        -2.1339629563383866,
                        -1.3389708465344663e-06,
                        -0.7418341775982934,
                        1.608533448265189
                    ],
                    [
                        -1.4598164249180423,
                        -2.1339629563383866,
                        3.956505809309308,
                        2.095995866051555e-06,
                        0.46050128090243303,
                        -3.8157998861347244
                    ],
                    [
                        -9.804852849938246e-07,
                        -1.3389708465344663e-06,
                        2.095995866051555e-06,
                        1.008518286485431e-06,
                        7.304684964513622e-07,
                        -2.5736957488112304e-06
                    ],
                    [
                        -0.6533206831217512,
                        -0.7418341775982933,
                        0.46050128090243303,
                        7.304684964513622e-07,
                        1.8994852738746484,
                        0.9294018895866262
                    ],
                    [
                        1.3766900718129595,
                        1.608533448265189,
                        -3.8157998861347244,
                        -2.5736957488112304e-06,
                        0.9294018895866262,
                        6.0119859108352
                    ]
                ]
            },
            "est_tgt": [
                0,
                1,
                2,
                3,
                4,
                5
            ]
        },
        "4": {
            "intv_type": "do",
            "inode": 4,
            "new_mui": 1.0,
            "true_params": {
                "Si": [
                    [
                        1.0,
                        0.8590421221209131,
                        -1.4745728805528215,
                        1.3593012753255367,
                        0.0,
                        2.8520737891066594
                    ],
                    [
                        0.8590421221209131,
                        1.737953367578002,
                        -2.1471168473378084,
                        1.2382033657409068,
                        0.0,
                        3.1146701232908964
                    ],
                    [
                        -1.4745728805528215,
                        -2.1471168473378084,
                        3.949463407595988,
                        -3.055778508019007,
                        0.0,
                        -6.091571822284062
                    ],
                    [
                        1.3593012753255367,
                        1.2382033657409068,
                        -3.055778508019007,
                        3.831417621140183,
                        0.0,
                        5.811089136253957
                    ],
                    [
                        0.0,
                        0.0,
                        0.0,
                        0.0,
                        0.0,
                        0.0
                    ],
                    [
                        2.8520737891066594,
                        3.1146701232908964,
                        -6.091571822284062,
                        5.811089136253957,
                        0.0,
                        11.628797995941452
                    ]
                ],
                "mui": [
                    0.0,
                    0.0,
                    0.0,
                    0.0,
                    1.0,
                    0.9976723855003137
                ],
                "Ai": [
                    [
                        0.0,
                        0.0,
                        0.0,
                        0.0,
                        0.0,
                        0.0
                    ],
                    [
                        0.8590421221209131,
                        0.0,
                        0.0,
                        0.0,
                        0.0,
                        0.0
                    ],
                    [
                        -0.7182750905173354,
                        -0.8803966308057647,
                        0.0,
                        0.0,
                        0.0,
                        0.0
                    ],
                    [
                        0.5881322061638626,
                        -0.8004843268883457,
                        -0.9893161899935756,
                        0.0,
                        0.0,
                        0.0
                    ],
                    [
                        0.0,
                        0.0,
                        0.0,
                        0.0,
                        0.0,
                        0.0
                    ],
                    [
                        0.993625948835528,
                        -0.0,
                        -0.7068215615025011,
                        0.6004466773519929,
                        0.9976723855003137,
                        0.0
                    ]
                ]
            },
            "est_params": {
                "mui": [
                    0.0008503966997416545,
                    0.009293030166040954,
                    -0.029697557643853376,
                    -0.004171494323993746,
                    1.000001096831677,
                    1.0072667170442489
                ],
                "Si": [
                    [
                        1.010716715511954,
                        0.8735230621252391,
                        -1.49769145939053,
                        1.357612520290143,
                        2.6790410209895914e-06,
                        2.894583453038143
                    ],
                    [
                        0.8735230621252391,
                        1.7475505281036479,
                        -2.1720062448252855,
                        1.2529450261408628,
                        2.679283248874786e-06,
                        3.154854713711222
                    ],
                    [
                        -1.49769145939053,
                        -2.172006244825286,
                        3.9720636705762598,
                        -3.04655276707866,
                        -3.7394143490961963e-06,
                        -6.122783737762523
                    ],
                    [
                        1.357612520290143,
                        1.2529450261408628,
                        -3.04655276707866,
                        3.7744260898433324,
                        3.0626018159152136e-06,
                        5.776817286998049
                    ],
                    [
                        2.6790410209895914e-06,
                        2.679283248874786e-06,
                        -3.7394143490961954e-06,
                        3.0626018159152128e-06,
                        1.0093388793761808e-06,
                        7.526650137681957e-06
                    ],
                    [
                        2.894583453038143,
                        3.154854713711222,
                        -6.122783737762521,
                        5.776817286998049,
                        7.526650137681959e-06,
                        11.68449932109348
                    ]
                ]
            },
            "est_tgt": [
                0,
                1,
                2,
                4,
                5
            ]
        },
        "5": {
            "intv_type": "do",
            "inode": 5,
            "new_mui": 1.0,
            "true_params": {
                "Si": [
                    [
                        1.0,
                        0.8590421221209131,
                        -1.4745728805528215,
                        1.3593012753255367,
                        0.4832653789688216,
                        0.0
                    ],
                    [
                        0.8590421221209131,
                        1.737953367578002,
                        -2.1471168473378084,
                        1.2382033657409068,
                        0.2896769187997775,
                        0.0
                    ],
                    [
                        -1.4745728805528215,
                        -2.1471168473378084,
                        3.949463407595988,
                        -3.055778508019007,
                        -2.071795714236372,
                        0.0
                    ],
                    [
                        1.3593012753255367,
                        1.2382033657409068,
                        -3.055778508019007,
                        3.831417621140183,
                        2.950785804663658,
                        0.0
                    ],
                    [
                        0.4832653789688216,
                        0.2896769187997775,
                        -2.071795714236372,
                        2.950785804663658,
                        4.129583959388539,
                        0.0
                    ],
                    [
                        0.0,
                        0.0,
                        0.0,
                        0.0,
                        0.0,
                        0.0
                    ]
                ],
                "mui": [
                    0.0,
                    0.0,
                    0.0,
                    0.0,
                    0.0,
                    1.0
                ],
                "Ai": [
                    [
                        0.0,
                        0.0,
                        0.0,
                        0.0,
                        0.0,
                        0.0
                    ],
                    [
                        0.8590421221209131,
                        0.0,
                        0.0,
                        0.0,
                        0.0,
                        0.0
                    ],
                    [
                        -0.7182750905173354,
                        -0.8803966308057647,
                        0.0,
                        0.0,
                        0.0,
                        0.0
                    ],
                    [
                        0.5881322061638626,
                        -0.8004843268883457,
                        -0.9893161899935756,
                        0.0,
                        0.0,
                        0.0
                    ],
                    [
                        -0.9637596985775321,
                        -0.739904016932291,
                        -0.6299332177031941,
                        0.8487826620752935,
                        0.0,
                        0.0
                    ],
                    [
                        0.0,
                        0.0,
                        0.0,
                        0.0,
                        0.0,
                        0.0
                    ]
                ]
            },
            "est_params": {
                "mui": [
                    -0.01532199422880758,
                    -0.028837798453467362,
                    0.06147176415808409,
                    -0.029663025229004544,
                    -0.05551307301665884,
                    0.9999993672128343
                ],
                "Si": [
                    [
                        1.0022440100226175,
                        0.8593057739627434,
                        -1.454445824113884,
                        1.3316402780502066,
                        0.44567575659506087,
                        -1.151610468115456e-06
                    ],
                    [
                        0.8593057739627433,
                        1.7033612614987272,
                        -2.086774955466568,
                        1.2120948146040675,
                        0.25970466711858486,
                        -7.183392023898196e-07
                    ],
                    [
                        -1.454445824113884,
                        -2.086774955466568,
                        3.8478544317289605,
                        -2.9907794022776577,
                        -2.0107506968377646,
                        7.420723167148678e-07
                    ],
                    [
                        1.3316402780502066,
                        1.2120948146040675,
                        -2.9907794022776577,
                        3.7095744492785836,
                        2.8704246248354197,
                        5.638626915447224e-07
                    ],
                    [
                        0.44567575659506087,
                        0.25970466711858486,
                        -2.0107506968377646,
                        2.8704246248354197,
                        4.072095492510098,
                        1.9024923950835137e-06
                    ],
                    [
                        -1.151610468115456e-06,
                        -7.183392023898199e-07,
                        7.420723167148678e-07,
                        5.638626915447223e-07,
                        1.9024923950835137e-06,
                        1.009983138071737e-06
                    ]
                ]
            },
            "est_tgt": [
                0,
                1,
                2,
                4,
                5
            ]
        },
        "obs": {
            "intv_type": "obs",
            "true_params": {
                "Si": [
                    [
                        1.0,
                        0.8590421221209131,
                        -1.4745728805528215,
                        1.3593012753255367,
                        0.4832653789688216,
                        3.334214312572197
                    ],
                    [
                        0.8590421221209131,
                        1.737953367578002,
                        -2.1471168473378084,
                        1.2382033657409068,
                        0.2896769187997775,
                        3.4036727858942513
                    ],
                    [
                        -1.4745728805528215,
                        -2.1471168473378084,
                        3.949463407595988,
                        -3.055778508019007,
                        -2.071795714236372,
                        -8.158545194775591
                    ],
                    [
                        1.3593012753255367,
                        1.2382033657409068,
                        -3.055778508019007,
                        3.831417621140183,
                        2.950785804663658,
                        8.755006649093211
                    ],
                    [
                        0.4832653789688216,
                        0.2896769187997775,
                        -2.071795714236372,
                        2.950785804663658,
                        4.129583959388539,
                        7.836336314442713
                    ],
                    [
                        3.334214312572197,
                        3.4036727858942513,
                        -8.158545194775591,
                        8.755006649093211,
                        7.836336314442713,
                        23.154608511165975
                    ]
                ],
                "mui": [
                    0.0,
                    0.0,
                    0.0,
                    0.0,
                    0.0,
                    0.0
                ],
                "Ai": [
                    [
                        0.0,
                        0.0,
                        0.0,
                        0.0,
                        0.0,
                        0.0
                    ],
                    [
                        0.8590421221209131,
                        0.0,
                        0.0,
                        0.0,
                        0.0,
                        0.0
                    ],
                    [
                        -0.7182750905173354,
                        -0.8803966308057647,
                        0.0,
                        0.0,
                        0.0,
                        0.0
                    ],
                    [
                        0.5881322061638626,
                        -0.8004843268883457,
                        -0.9893161899935756,
                        0.0,
                        0.0,
                        0.0
                    ],
                    [
                        -0.9637596985775321,
                        -0.739904016932291,
