{
    "expt_args": {
        "save_dir": "expt_logs_30.04.24-sp1",
        "exp_name": "217",
        "num_nodes": 6,
        "obs_noise_mean": 0.0,
        "obs_noise_var": 1.0,
        "max_edge_strength": 1.0,
        "graph_sparsity_method": "adj_dense_prop",
        "adj_dense_prop": 0.8,
        "num_parents": null,
        "new_noise_mean": 1.0,
        "mix_samples": 2048,
        "stage2_samples": 2048,
        "gmm_tol": 0.001,
        "intv_targets": [
            0,
            1,
            2,
            3,
            4,
            5
        ]
    },
    "intv_args_dict": {
        "0": {
            "intv_type": "do",
            "inode": 0,
            "new_mui": 1.0,
            "true_params": {
                "Si": [
                    [
                        0.0,
                        0.0,
                        0.0,
                        0.0,
                        0.0,
                        0.0
                    ],
                    [
                        0.0,
                        1.0,
                        0.7364347297760456,
                        1.5210900411954813,
                        -1.4249861892920417,
                        -0.29643706724631946
                    ],
                    [
                        0.0,
                        0.7364347297760456,
                        1.5423361112203173,
                        2.0131103195175157,
                        -1.0446284113353546,
                        1.3836307081117791
                    ],
                    [
                        0.0,
                        1.5210900411954813,
                        2.0131103195175157,
                        4.111033158695884,
                        -3.0109338061728526,
                        1.0768364376100674
                    ],
                    [
                        0.0,
                        -1.4249861892920417,
                        -1.0446284113353546,
                        -3.0109338061728526,
                        3.7491537827068675,
                        1.3261751703366422
                    ],
                    [
                        0.0,
                        -0.29643706724631946,
                        1.3836307081117791,
                        1.0768364376100674,
                        1.3261751703366422,
                        4.621214202987083
                    ]
                ],
                "mui": [
                    1.0,
                    -0.5404322122283876,
                    0.41165400123657236,
                    -1.0441302977702445,
                    1.0435454283214105,
                    0.0919843537759979
                ],
                "Ai": [
                    [
                        0.0,
                        0.0,
                        0.0,
                        0.0,
                        0.0,
                        0.0
                    ],
                    [
                        -0.5404322122283876,
                        0.0,
                        0.0,
                        0.0,
                        0.0,
                        0.0
                    ],
                    [
                        0.8096470514112555,
                        0.7364347297760456,
                        0.0,
                        0.0,
                        0.0,
                        0.0
                    ],
                    [
                        -0.9450397812718045,
                        0.86350774479014,
                        0.8929267860646877,
                        0.0,
                        0.0,
                        0.0
                    ],
                    [
                        -0.5315162074864377,
                        -0.6965369693578738,
                        0.761688608059409,
                        -0.8476705055346473,
                        0.0,
                        0.0
                    ],
                    [
                        -0.7530985833649515,
                        -0.8785727194981521,
                        0.7696372050333211,
                        0.9268637237849342,
                        0.9786025332286938,
                        0.0
                    ]
                ]
            },
            "est_params": {
                "mui": [
                    1.0000007121760064,
                    -0.6287887150153806,
                    0.32220744697264675,
                    -1.2811678805190037,
                    1.2823506689127226,
                    0.1571481980486184
                ],
                "Si": [
                    [
                        1.0024842461503631e-06,
                        -1.3264434103780709e-06,
                        -2.7003161766818314e-07,
                        -1.7895022045269563e-06,
                        5.887874755785114e-07,
                        4.148715303121198e-07
                    ],
                    [
                        -1.3264434103780709e-06,
                        0.9673202021132316,
                        0.7815698600374811,
                        1.5568060485920026,
                        -1.3276333548835453,
                        -0.16088504284682395
                    ],
                    [
                        -2.7003161766818314e-07,
                        0.781569860037481,
                        1.7272849014169247,
                        2.1607382646584687,
                        -1.0737607660369906,
                        1.5810701376977976
                    ],
                    [
                        -1.7895022045269563e-06,
                        1.5568060485920023,
                        2.1607382646584687,
                        4.2810893252094875,
                        -2.93060375070285,
                        1.3752304824173025
                    ],
                    [
                        5.887874755785114e-07,
                        -1.3276333548835453,
                        -1.0737607660369906,
                        -2.9306037507028497,
                        3.4040895098964636,
                        1.0559922915514968
                    ],
                    [
                        4.1487153031211984e-07,
                        -0.16088504284682395,
                        1.5810701376977978,
                        1.3752304824173023,
                        1.0559922915514968,
                        4.727332098316116
                    ]
                ]
            },
            "est_tgt": [
                0
            ]
        },
        "1": {
            "intv_type": "do",
            "inode": 1,
            "new_mui": 1.0,
            "true_params": {
                "Si": [
                    [
                        1.0,
                        0.0,
                        0.8096470514112555,
                        -0.22208424180840125,
                        0.2734369896474126,
                        -0.06821978626242564
                    ],
                    [
                        0.0,
                        0.0,
                        0.0,
                        0.0,
                        0.0,
                        0.0
                    ],
                    [
                        0.8096470514112555,
                        0.0,
                        1.6555283478589402,
                        0.7131169345196113,
                        0.22616836032532492,
                        1.5467033108296468
                    ],
                    [
                        -0.22208424180840125,
                        0.0,
                        0.7131169345196113,
                        1.8466396557314249,
                        -0.9041275513278462,
                        1.5428944479480613
                    ],
                    [
                        0.2734369896474126,
                        0.0,
                        0.22616836032532492,
                        -0.9041275513278462,
                        1.7933359303412526,
                        0.8851026305264134
                    ],
                    [
                        -0.06821978626242564,
                        0.0,
                        1.5467033108296468,
                        1.5428944479480613,
                        0.8851026305264134,
                        4.537993207387175
                    ]
                ],
                "mui": [
                    0.0,
                    1.0,
                    0.7364347297760456,
                    1.5210900411954813,
                    -1.4249861892920417,
                    -0.29643706724631946
                ],
                "Ai": [
                    [
                        0.0,
                        0.0,
                        0.0,
                        0.0,
                        0.0,
                        0.0
                    ],
                    [
                        0.0,
                        0.0,
                        0.0,
                        0.0,
                        0.0,
                        0.0
                    ],
                    [
                        0.8096470514112555,
                        0.7364347297760456,
                        0.0,
                        0.0,
                        0.0,
                        0.0
                    ],
                    [
                        -0.9450397812718045,
                        0.86350774479014,
                        0.8929267860646877,
                        0.0,
                        0.0,
                        0.0
                    ],
                    [
                        -0.5315162074864377,
                        -0.6965369693578738,
                        0.761688608059409,
                        -0.8476705055346473,
                        0.0,
                        0.0
                    ],
                    [
                        -0.7530985833649515,
                        -0.8785727194981521,
                        0.7696372050333211,
                        0.9268637237849342,
                        0.9786025332286938,
                        0.0
                    ]
                ]
            },
            "est_params": {
                "mui": [
                    0.00021265545090731993,
                    0.9999993824194687,
                    0.6545057586176728,
                    1.4649736396134516,
                    -1.37340251967837,
                    -0.4333599420916123
                ],
                "Si": [
                    [
                        1.0315793395589963,
                        -3.5094273174479226e-07,
                        0.8133470206225106,
                        -0.336136484866801,
                        0.3463435235561974,
                        -0.08326848075521011
                    ],
                    [
                        -3.5094273174479236e-07,
                        1.0001256726493724e-06,
                        -5.299261213960336e-07,
                        -8.596245154919698e-07,
                        9.213086976805178e-08,
                        -1.602915314176306e-06
                    ],
                    [
                        0.8133470206225107,
                        -5.299261213960336e-07,
                        1.7352658830143506,
                        0.6196883696176261,
                        0.4264665904294831,
                        1.7804653634158938
                    ],
                    [
                        -0.3361364848668011,
                        -8.596245154919696e-07,
                        0.6196883696176261,
                        1.7484313324440832,
                        -0.8365920650050935,
                        1.5599132190439615
                    ],
                    [
                        0.34634352355619735,
                        9.213086976805176e-08,
                        0.4264665904294831,
                        -0.8365920650050935,
                        1.9279382299105416,
                        1.1430924950079477
                    ],
                    [
                        -0.08326848075521011,
                        -1.602915314176306e-06,
                        1.7804653634158938,
                        1.5599132190439613,
                        1.1430924950079477,
                        4.901247905096766
                    ]
                ]
            },
            "est_tgt": [
                1
            ]
        },
        "2": {
            "intv_type": "do",
            "inode": 2,
            "new_mui": 1.0,
            "true_params": {
                "Si": [
                    [
                        1.0,
                        -0.5404322122283876,
                        0.0,
                        -1.411707182065086,
                        1.0415773484504984,
                        -0.5674595288785527
                    ],
                    [
                        -0.5404322122283876,
                        1.2920669760140688,
                        0.0,
                        1.6264397802122774,
                        -1.991408966547296,
                        -1.1694858916144661
                    ],
                    [
                        0.0,
                        0.0,
                        0.0,
                        0.0,
                        0.0,
                        0.0
                    ],
                    [
                        -1.411707182065086,
                        1.6264397802122774,
                        0.0,
                        3.7385627932066994,
                        -3.551599600750092,
                        -0.3762570760544241
                    ],
                    [
                        1.0415773484504984,
                        -1.991408966547296,
                        0.0,
                        -3.551599600750092,
                        4.8440609532832415,
                        2.413748654442236
                    ],
                    [
                        -0.5674595288785527,
                        -1.1694858916144661,
                        0.0,
                        -0.3762570760544241,
                        2.413748654442236,
                        4.468192880728112
                    ]
                ],
                "mui": [
                    0.0,
                    0.0,
                    1.0,
                    0.8929267860646877,
                    0.004780907910527319,
                    1.601937259624926
                ],
                "Ai": [
                    [
                        0.0,
                        0.0,
                        0.0,
                        0.0,
                        0.0,
                        0.0
                    ],
                    [
                        -0.5404322122283876,
                        0.0,
                        0.0,
                        0.0,
                        0.0,
                        0.0
                    ],
                    [
                        0.0,
                        0.0,
                        0.0,
                        0.0,
                        0.0,
                        0.0
                    ],
                    [
                        -0.9450397812718045,
                        0.86350774479014,
                        0.8929267860646877,
                        0.0,
                        0.0,
                        0.0
                    ],
                    [
                        -0.5315162074864377,
                        -0.6965369693578738,
                        0.761688608059409,
                        -0.8476705055346473,
                        0.0,
                        0.0
                    ],
                    [
                        -0.7530985833649515,
                        -0.8785727194981521,
                        0.7696372050333211,
                        0.9268637237849342,
                        0.9786025332286938,
                        0.0
                    ]
                ]
            },
            "est_params": {
                "mui": [
                    0.06309740624663109,
                    0.08751227519950455,
                    1.0000034899668349,
                    0.9112698928046522,
                    -0.08220949836609015,
                    1.2764044223946192
                ],
                "Si": [
                    [
                        0.9835295761816978,
                        -0.5234094648621123,
                        3.445197684821955e-06,
                        -1.42262754324965,
                        1.0870598123145,
                        -0.4654692981716571
                    ],
                    [
                        -0.5234094648621123,
                        1.2758281180265525,
                        -4.371520637559522e-06,
                        1.6167865915882371,
                        -2.0423621318019523,
                        -1.2175154098284917
                    ],
                    [
                        3.445197684821955e-06,
                        -4.371520637559522e-06,
                        1.0097992951117534e-06,
                        -8.484107977729914e-06,
                        2.5979920175141505e-07,
                        -5.308498164165681e-06
                    ],
                    [
                        -1.4226275432496498,
                        1.6167865915882371,
                        -8.484107977729914e-06,
                        3.610400916736156,
                        -3.5219691904774257,
                        -0.48629346495343295
                    ],
                    [
                        1.0870598123145,
                        -2.042362131801952,
                        2.5979920175141505e-07,
                        -3.5219691904774257,
                        4.8156422384501605,
                        2.504034983852502
                    ],
                    [
                        -0.46546929817165694,
                        -1.2175154098284915,
                        -5.308498164165683e-06,
                        -0.48629346495343295,
                        2.504034983852502,
                        4.276484129017247
                    ]
                ]
            },
            "est_tgt": [
                2,
                3,
                5
            ]
        },
        "3": {
            "intv_type": "do",
            "inode": 3,
            "new_mui": 1.0,
            "true_params": {
                "Si": [
                    [
                        1.0,
                        -0.5404322122283876,
                        0.41165400123657236,
                        0.0,
                        0.15846697096646567,
                        0.19361082921030548
                    ],
                    [
                        -0.5404322122283876,
                        1.2920669760140688,
                        0.5139636472150975,
                        0.0,
                        -0.2212436807926893,
                        -0.5491201450096556
                    ],
                    [
                        0.41165400123657236,
                        0.5139636472150975,
                        1.7117951279543973,
                        0.0,
                        0.7270593935692591,
                        1.2673928977983397
                    ],
                    [
                        0.0,
                        0.0,
                        0.0,
                        0.0,
                        0.0,
                        0.0
                    ],
                    [
                        0.15846697096646567,
                        -0.2212436807926893,
                        0.7270593935692591,
                        0.0,
                        1.6236694969532484,
                        2.2235364533653077
                    ],
                    [
                        0.19361082921030548,
                        -0.5491201450096556,
                        1.2673928977983397,
                        0.0,
                        2.2235364533653077,
                        4.488025071460189
                    ]
                ],
                "mui": [
                    0.0,
                    0.0,
                    0.0,
                    1.0,
                    -0.8476705055346473,
                    0.09733121972548087
                ],
                "Ai": [
                    [
                        0.0,
                        0.0,
                        0.0,
                        0.0,
                        0.0,
                        0.0
                    ],
                    [
                        -0.5404322122283876,
                        0.0,
                        0.0,
                        0.0,
                        0.0,
                        0.0
                    ],
                    [
                        0.8096470514112555,
                        0.7364347297760456,
                        0.0,
                        0.0,
                        0.0,
                        0.0
                    ],
                    [
                        0.0,
                        0.0,
                        0.0,
                        0.0,
                        0.0,
                        0.0
                    ],
                    [
                        -0.5315162074864377,
                        -0.6965369693578738,
                        0.761688608059409,
                        -0.8476705055346473,
                        0.0,
                        0.0
                    ],
                    [
                        -0.7530985833649515,
                        -0.8785727194981521,
                        0.7696372050333211,
                        0.9268637237849342,
                        0.9786025332286938,
                        0.0
                    ]
                ]
            },
            "est_params": {
                "mui": [
                    0.014425799259205141,
                    -0.026012985771423417,
                    -0.06572459660226275,
                    0.9999991323118221,
                    -0.8712581125439155,
                    0.05578794291793901
                ],
                "Si": [
                    [
                        1.0446328691945908,
                        -0.5138567745842152,
                        0.4430294206615298,
                        -9.81356952493177e-08,
                        0.1602297558230093,
                        0.20420982929613057
                    ],
                    [
                        -0.5138567745842152,
                        1.182883502081008,
                        0.43937441623919943,
                        -8.892728425646557e-07,
                        -0.22212603034593584,
                        -0.5749662130519436
                    ],
                    [
                        0.4430294206615298,
                        0.43937441623919943,
                        1.647057411451224,
                        7.767418255726242e-07,
                        0.7060783531966301,
                        1.2774719129619836
                    ],
                    [
                        -9.813569524931767e-08,
                        -8.892728425646557e-07,
                        7.767418255726241e-07,
                        1.0014012900681784e-06,
                        2.102320986708779e-06,
                        3.795407033036601e-06
                    ],
                    [
                        0.16022975582300927,
                        -0.22212603034593584,
                        0.7060783531966301,
                        2.102320986708779e-06,
                        1.5299144420481505,
                        2.0889902670343057
                    ],
                    [
                        0.20420982929613057,
                        -0.5749662130519436,
                        1.2774719129619836,
                        3.795407033036601e-06,
                        2.0889902670343057,
                        4.313380774906096
                    ]
                ]
            },
            "est_tgt": [
                2,
                3
            ]
        },
        "4": {
            "intv_type": "do",
            "inode": 4,
            "new_mui": 1.0,
            "true_params": {
                "Si": [
                    [
                        1.0,
                        -0.5404322122283876,
                        0.41165400123657236,
                        -1.0441302977702445,
                        0.0,
                        -0.9292318459185567
                    ],
                    [
                        -0.5404322122283876,
                        1.2920669760140688,
                        0.5139636472150975,
                        2.0853716878741393,
                        0.0,
                        1.6002448495736092
                    ],
                    [
                        0.41165400123657236,
                        0.5139636472150975,
                        1.7117951279543973,
                        1.583289904628061,
                        0.0,
                        2.0233847102784033
                    ],
                    [
                        -1.0441302977702445,
                        2.0853716878741393,
                        1.583289904628061,
                        5.201241237417663,
                        0.0,
                        4.99358301169127
                    ],
                    [
                        0.0,
                        0.0,
                        0.0,
                        0.0,
                        0.0,
                        0.0
                    ],
                    [
                        -0.9292318459185567,
                        1.6002448495736092,
                        2.0233847102784033,
                        4.99358301169127,
                        0.0,
                        6.47951481579725
                    ]
                ],
                "mui": [
                    0.0,
                    0.0,
                    0.0,
                    0.0,
                    1.0,
                    0.9786025332286938
                ],
                "Ai": [
                    [
                        0.0,
                        0.0,
                        0.0,
                        0.0,
                        0.0,
                        0.0
                    ],
                    [
                        -0.5404322122283876,
                        0.0,
                        0.0,
                        0.0,
                        0.0,
                        0.0
                    ],
                    [
                        0.8096470514112555,
                        0.7364347297760456,
                        0.0,
                        0.0,
                        0.0,
                        0.0
                    ],
                    [
                        -0.9450397812718045,
                        0.86350774479014,
                        0.8929267860646877,
                        0.0,
                        0.0,
                        0.0
                    ],
                    [
                        0.0,
                        0.0,
                        0.0,
                        0.0,
                        0.0,
                        0.0
                    ],
                    [
                        -0.7530985833649515,
                        -0.8785727194981521,
                        0.7696372050333211,
                        0.9268637237849342,
                        0.9786025332286938,
                        0.0
                    ]
                ]
            },
            "est_params": {
                "mui": [
                    -0.03318154290123087,
                    0.005977224720525888,
                    -0.050018566708609685,
                    -0.00017579654781566814,
                    0.9999994477065102,
                    1.0612882514130613
                ],
                "Si": [
                    [
                        1.0082617606293562,
                        -0.575490874537,
                        0.4890037958650292,
                        -0.9829980700379959,
                        2.6128957390368814e-07,
                        -0.7694715543940505
                    ],
                    [
                        -0.5754908745370001,
                        1.3011683687380786,
                        0.465741584293727,
                        2.1544676474984414,
                        6.472841535563372e-07,
                        1.686456676111673
                    ],
                    [
                        0.48900379586502907,
                        0.46574158429372703,
                        1.71781754587732,
                        1.5685508031731206,
                        -1.3158327788275366e-06,
                        2.015905907814971
                    ],
                    [
                        -0.9829980700379961,
                        2.1544676474984414,
                        1.5685508031731206,
                        5.315220474922437,
                        -6.566000326824418e-08,
                        4.996675219051688
                    ],
                    [
                        2.612895739036882e-07,
                        6.472841535563372e-07,
                        -1.3158327788275364e-06,
                        -6.566000326824421e-08,
                        1.0024331865193936e-06,
                        -2.814935150406615e-06
                    ],
                    [
                        -0.7694715543940505,
                        1.686456676111673,
                        2.015905907814971,
                        4.996675219051688,
                        -2.814935150406615e-06,
                        6.1624256990461195
                    ]
                ]
            },
            "est_tgt": [
                2,
                3,
                4,
                5
            ]
        },
        "5": {
            "intv_type": "do",
            "inode": 5,
            "new_mui": 1.0,
            "true_params": {
                "Si": [
                    [
                        1.0,
                        -0.5404322122283876,
                        0.41165400123657236,
                        -1.0441302977702445,
                        1.0435454283214105,
                        0.0
                    ],
                    [
                        -0.5404322122283876,
                        1.2920669760140688,
                        0.5139636472150975,
                        2.0853716878741393,
                        -1.9889517536806018,
                        0.0
                    ],
                    [
                        0.41165400123657236,
                        0.5139636472150975,
                        1.7117951279543973,
                        1.583289904628061,
                        -0.615048760294713,
                        0.0
                    ],
                    [
                        -1.0441302977702445,
                        2.0853716878741393,
                        1.583289904628061,
                        5.201241237417663,
                        -4.100531204982864,
                        0.0
                    ],
                    [
                        1.0435454283214105,
                        -1.9889517536806018,
                        -0.615048760294713,
                        -4.100531204982864,
                        4.838140843677383,
                        0.0
                    ],
                    [
                        0.0,
                        0.0,
                        0.0,
                        0.0,
                        0.0,
                        0.0
                    ]
                ],
                "mui": [
                    0.0,
                    0.0,
                    0.0,
                    0.0,
                    0.0,
                    1.0
                ],
                "Ai": [
                    [
                        0.0,
                        0.0,
                        0.0,
                        0.0,
                        0.0,
                        0.0
                    ],
                    [
                        -0.5404322122283876,
                        0.0,
                        0.0,
                        0.0,
                        0.0,
                        0.0
                    ],
                    [
                        0.8096470514112555,
                        0.7364347297760456,
                        0.0,
                        0.0,
                        0.0,
                        0.0
                    ],
                    [
                        -0.9450397812718045,
                        0.86350774479014,
                        0.8929267860646877,
                        0.0,
                        0.0,
                        0.0
                    ],
                    [
                        -0.5315162074864377,
                        -0.6965369693578738,
                        0.761688608059409,
                        -0.8476705055346473,
                        0.0,
                        0.0
                    ],
                    [
                        0.0,
                        0.0,
                        0.0,
                        0.0,
                        0.0,
                        0.0
                    ]
                ]
            },
            "est_params": {
                "mui": [
                    0.0761412454680493,
                    0.005950622530371725,
                    0.13935153105884837,
                    0.13517024481718834,
                    -0.08408446894141167,
                    0.9999988736819286
                ],
                "Si": [
                    [
                        0.8570315842078486,
                        -0.4242130910604638,
                        0.44198562020907084,
                        -0.7655829558968378,
                        0.7299752279236582,
                        -1.795090936056249e-06
                    ],
                    [
                        -0.4242130910604638,
                        1.182742370151608,
                        0.5032402585165526,
                        1.7499754409051695,
                        -1.665968085930861,
                        1.9608514842724286e-06
                    ],
                    [
                        0.44198562020907084,
                        0.5032402585165526,
                        1.7683342950872944,
                        1.4585056178693512,
                        -0.5493197438546147,
                        7.564672631735917e-07
                    ],
                    [
                        -0.7655829558968378,
                        1.7499754409051695,
                        1.4585056178693512,
                        4.326166104501324,
                        -3.2928585730872624,
                        5.026371206142642e-06
                    ],
                    [
                        0.7299752279236582,
                        -1.6659680859308614,
                        -0.5493197438546146,
                        -3.292858573087262,
                        4.011928912722787,
                        -3.4227445284657597e-06
                    ],
                    [
                        -1.7950909360562495e-06,
                        1.9608514842724286e-06,
                        7.564672631735917e-07,
                        5.026371206142643e-06,
                        -3.4227445284657606e-06,
                        1.0029273755854237e-06
                    ]
                ]
            },
            "est_tgt": [
                2,
                4,
                5
            ]
        },
        "obs": {
            "intv_type": "obs",
            "true_params": {
                "Si": [
                    [
                        1.0,
                        -0.5404322122283876,
                        0.41165400123657236,
                        -1.0441302977702445,
                        1.0435454283214105,
                        0.0919843537759979
                    ],
                    [
                        -0.5404322122283876,
                        1.2920669760140688,
                        0.5139636472150975,
                        2.0853716878741393,
                        -1.9889517536806018,
                        -0.34614837504788065
                    ],
                    [
                        0.41165400123657236,
                        0.5139636472150975,
                        1.7117951279543973,
                        1.583289904628061,
                        -0.615048760294713,
                        1.4214964353948292
                    ],
                    [
                        -1.0441302977702445,
                        2.0853716878741393,
                        1.583289904628061,
                        5.201241237417663,
                        -4.100531204982864,
                        0.9807927869117312
                    ],
                    [
                        1.0435454283214105,
                        -1.9889517536806018,
                        -0.615048760294713,
                        -4.100531204982864,
                        4.838140843677383,
                        1.4221650221966842
                    ],
                    [
                        0.0919843537759979,
                        -0.34614837504788065,
                        1.4214964353948292,
                        0.9807927869117312,
                        1.4221650221966842,
                        4.629675324326671
                    ]
                ],
                "mui": [
                    0.0,
                    0.0,
                    0.0,
                    0.0,
                    0.0,
                    0.0
                ],
                "Ai": [
                    [
                        0.0,
                        0.0,
                        0.0,
                        0.0,
                        0.0,
                        0.0
                    ],
                    [
                        -0.5404322122283876,
                        0.0,
                        0.0,
                        0.0,
                        0.0,
                        0.0
                    ],
                    [
                        0.8096470514112555,
                        0.7364347297760456,
                        0.0,
                        0.0,
                        0.0,
                        0.0
                    ],
                    [
                        -0.9450397812718045,
                        0.86350774479014,
                        0.8929267860646877,
                        0.0,
                        0.0,
                        0.0
                    ],
                    [
                        -0.5315162074864377,
                        -0.6965369693578738,
                        0.761688608059409,
                        -0.8476705055346473,
                        0.0,
                        0.0
                    ],
                    [
