{
    "expt_args": {
        "save_dir": "expt_logs_30.04.24-sp1",
        "exp_name": "250",
        "num_nodes": 6,
        "obs_noise_mean": 0.0,
        "obs_noise_var": 1.0,
        "max_edge_strength": 1.0,
        "graph_sparsity_method": "adj_dense_prop",
        "adj_dense_prop": 1.0,
        "num_parents": null,
        "new_noise_mean": 1.0,
        "mix_samples": 4096,
        "stage2_samples": 4096,
        "gmm_tol": 0.001,
        "intv_targets": [
            0,
            1,
            2,
            3,
            4,
            5
        ]
    },
    "intv_args_dict": {
        "0": {
            "intv_type": "do",
            "inode": 0,
            "new_mui": 1.0,
            "true_params": {
                "Si": [
                    [
                        0.0,
                        0.0,
                        0.0,
                        0.0,
                        0.0,
                        0.0
                    ],
                    [
                        0.0,
                        1.0,
                        -0.5392892034479005,
                        -1.1653943894959293,
                        0.5588106551013217,
                        -1.055613169452147
                    ],
                    [
                        0.0,
                        -0.5392892034479005,
                        1.2908328449554711,
                        1.1798295211291436,
                        -1.6373643849966197,
                        -0.8604290105296195
                    ],
                    [
                        0.0,
                        -1.1653943894959293,
                        1.1798295211291436,
                        2.662125291875873,
                        -2.26995570373617,
                        0.6623949300007653
                    ],
                    [
                        0.0,
                        0.5588106551013217,
                        -1.6373643849966197,
                        -2.26995570373617,
                        3.8753147927744167,
                        1.8411262273281486
                    ],
                    [
                        0.0,
                        -1.055613169452147,
                        -0.8604290105296195,
                        0.6623949300007653,
                        1.8411262273281486,
                        4.718760439880086
                    ]
                ],
                "mui": [
                    1.0,
                    -0.6382851833945391,
                    1.0480034316372016,
                    1.949781592888137,
                    -2.8977199390962975,
                    -1.7419241267446317
                ],
                "Ai": [
                    [
                        0.0,
                        0.0,
                        0.0,
                        0.0,
                        0.0,
                        0.0
                    ],
                    [
                        -0.6382851833945391,
                        0.0,
                        0.0,
                        0.0,
                        0.0,
                        0.0
                    ],
                    [
                        0.7037831235117635,
                        -0.5392892034479005,
                        0.0,
                        0.0,
                        0.0,
                        0.0
                    ],
                    [
                        0.8179003789923337,
                        -0.868060032634121,
                        0.5513449091152317,
                        0.0,
                        0.0,
                        0.0
                    ],
                    [
                        -0.8792945176630381,
                        -0.9274166308215956,
                        -0.8496503634144854,
                        -0.8821219901981441,
                        0.0,
                        0.0
                    ],
                    [
                        -0.9607771537494993,
                        -0.9718167665296102,
                        -0.9434302923633326,
                        0.8515069676189808,
                        0.7153823307245104,
                        0.0
                    ]
                ]
            },
            "est_params": {
                "mui": [
                    0.999992800023401,
                    -0.6347488473102102,
                    0.9839854952214753,
                    1.9209803116983708,
                    -2.770117749845381,
                    -1.6036769890863514
                ],
                "Si": [
                    [
                        1.0203245372737348e-06,
                        -1.182553881096822e-05,
                        -6.877901105688348e-06,
                        1.861874483154369e-05,
                        5.178037056950331e-06,
                        3.126699485828195e-05
                    ],
                    [
                        -1.182553881096822e-05,
                        1.0315146041372387,
                        -0.5268593329992267,
                        -1.2240689964079705,
                        0.5075533099063464,
                        -1.2121035695662934
                    ],
                    [
                        -6.877901105688348e-06,
                        -0.5268593329992268,
                        1.2325194488604556,
                        1.1042317999613407,
                        -1.5227288764927565,
                        -0.7086747505478761
                    ],
                    [
                        1.861874483154369e-05,
                        -1.22406899640797,
                        1.1042317999613405,
                        2.6503836603771322,
                        -2.113529707287383,
                        1.0171563166594233
                    ],
                    [
                        5.178037056950331e-06,
                        0.5075533099063465,
                        -1.5227288764927567,
                        -2.113529707287383,
                        3.682094716029936,
                        1.5817458351494584
                    ],
                    [
                        3.126699485828195e-05,
                        -1.2121035695662934,
                        -0.7086747505478761,
                        1.0171563166594233,
                        1.5817458351494584,
                        4.8506729861005455
                    ]
                ]
            },
            "est_tgt": [
                0
            ]
        },
        "1": {
            "intv_type": "do",
            "inode": 1,
            "new_mui": 1.0,
            "true_params": {
                "Si": [
                    [
                        1.0,
                        0.0,
                        0.7037831235117635,
                        1.205927621261761,
                        -2.541039377622128,
                        -2.415706372202086
                    ],
                    [
                        0.0,
                        0.0,
                        0.0,
                        0.0,
                        0.0,
                        0.0
                    ],
                    [
                        0.7037831235117635,
                        0.0,
                        1.4953106849399742,
                        1.4000564171359446,
                        -3.1243444620781173,
                        -3.1298431719482362
                    ],
                    [
                        1.205927621261761,
                        0.0,
                        1.4000564171359446,
                        2.7582426365293324,
                        -4.683030473678864,
                        -3.480977774253322
                    ],
                    [
                        -2.541039377622128,
                        0.0,
                        -3.1243444620781173,
                        -4.683030473678864,
                        10.0199265631459,
                        8.569419130621482
                    ],
                    [
                        -2.415706372202086,
                        0.0,
                        -3.1298431719482362,
                        -3.480977774253322,
                        8.569419130621482,
                        9.440078553057043
                    ]
                ],
                "mui": [
                    0.0,
                    1.0,
                    -0.5392892034479005,
                    -1.1653943894959293,
                    0.5588106551013217,
                    -1.055613169452147
                ],
                "Ai": [
                    [
                        0.0,
                        0.0,
                        0.0,
                        0.0,
                        0.0,
                        0.0
                    ],
                    [
                        0.0,
                        0.0,
                        0.0,
                        0.0,
                        0.0,
                        0.0
                    ],
                    [
                        0.7037831235117635,
                        -0.5392892034479005,
                        0.0,
                        0.0,
                        0.0,
                        0.0
                    ],
                    [
                        0.8179003789923337,
                        -0.868060032634121,
                        0.5513449091152317,
                        0.0,
                        0.0,
                        0.0
                    ],
                    [
                        -0.8792945176630381,
                        -0.9274166308215956,
                        -0.8496503634144854,
                        -0.8821219901981441,
                        0.0,
                        0.0
                    ],
                    [
                        -0.9607771537494993,
                        -0.9718167665296102,
                        -0.9434302923633326,
                        0.8515069676189808,
                        0.7153823307245104,
                        0.0
                    ]
                ]
            },
            "est_params": {
                "mui": [
                    0.2505633145284407,
                    -0.9907192541234112,
                    0.3902378698497156,
                    0.8196777833696054,
                    0.05497380997201596,
                    1.8241364719622817
                ],
                "Si": [
                    [
                        0.5605325181785106,
                        0.326867678175605,
                        0.7190453654751416,
                        -0.0008548127398469264,
                        -0.4241383670488682,
                        -2.104787692041664
                    ],
                    [
                        0.326867678175605,
                        0.43857168913048,
                        0.15941156440930537,
                        -0.02615465505681817,
                        -0.47822922087540065,
                        -1.2319660381012656
                    ],
                    [
                        0.7190453654751415,
                        0.1594115644093054,
                        1.3076306167431253,
                        0.023471202619584727,
                        -0.27144765875193566,
                        -2.8808861007477016
                    ],
                    [
                        -0.0008548127398469264,
                        -0.02615465505681817,
                        0.023471202619584727,
                        0.007654877644504487,
                        0.014432131139205776,
                        -0.02993478115545822
                    ],
                    [
                        -0.4241383670488682,
                        -0.4782292208754007,
                        -0.2714476587519357,
                        0.014432131139205776,
                        0.5815106176562905,
                        1.634415396332037
                    ],
                    [
                        -2.104787692041664,
                        -1.2319660381012656,
                        -2.8808861007477016,
                        -0.02993478115545822,
                        1.634415396332037,
                        8.506053225205811
                    ]
                ]
            },
            "est_tgt": [
                0,
                1,
                2,
                3,
                4,
                5
            ]
        },
        "2": {
            "intv_type": "do",
            "inode": 2,
            "new_mui": 1.0,
            "true_params": {
                "Si": [
                    [
                        1.0,
                        -0.6382851833945391,
                        0.0,
                        1.3719702361196733,
                        -1.4975833385544342,
                        -0.2435833544667636
                    ],
                    [
                        -0.6382851833945391,
                        1.4074079753410005,
                        0.0,
                        -1.743768306407616,
                        0.7942034686749042,
                        -1.671164580330685
                    ],
                    [
                        0.0,
                        0.0,
                        0.0,
                        0.0,
                        0.0,
                        0.0
                    ],
                    [
                        1.3719702361196733,
                        -1.743768306407616,
                        0.0,
                        3.635830549055023,
                        -2.7964122593104896,
                        1.4718967444919402
                    ],
                    [
                        -1.4975833385544342,
                        0.7942034686749042,
                        0.0,
                        -2.7964122593104896,
                        4.047036061826577,
                        1.181037177922378
                    ],
                    [
                        -0.2435833544667636,
                        -1.671164580330685,
                        0.0,
                        1.4718967444919402,
                        1.181037177922378,
                        4.956318543366103
                    ]
                ],
                "mui": [
                    0.0,
                    0.0,
                    1.0,
                    0.5513449091152317,
                    -1.3360038319288285,
                    -1.4297097958325815
                ],
                "Ai": [
                    [
                        0.0,
                        0.0,
                        0.0,
                        0.0,
                        0.0,
                        0.0
                    ],
                    [
                        -0.6382851833945391,
                        0.0,
                        0.0,
                        0.0,
                        0.0,
                        0.0
                    ],
                    [
                        0.0,
                        0.0,
                        0.0,
                        0.0,
                        0.0,
                        0.0
                    ],
                    [
                        0.8179003789923337,
                        -0.868060032634121,
                        0.5513449091152317,
                        0.0,
                        0.0,
                        0.0
                    ],
                    [
                        -0.8792945176630381,
                        -0.9274166308215956,
                        -0.8496503634144854,
                        -0.8821219901981441,
                        0.0,
                        0.0
                    ],
                    [
                        -0.9607771537494993,
                        -0.9718167665296102,
                        -0.9434302923633326,
                        0.8515069676189808,
                        0.7153823307245104,
                        0.0
                    ]
                ]
            },
            "est_params": {
                "mui": [
                    0.09527902703064486,
                    -0.061733362334853714,
                    0.9999957098910047,
                    0.6932008657956963,
                    -1.498137128760345,
                    -1.4481466141458104
                ],
                "Si": [
                    [
                        0.8597317116682449,
                        -0.631274075759079,
                        5.219918212588853e-06,
                        1.2063006904200322,
                        -1.2539950472404386,
                        -0.012484356505449731
                    ],
                    [
                        -0.631274075759079,
                        1.4903914071642044,
                        -4.671705025950658e-06,
                        -1.818596351828797,
                        0.7328516957492723,
                        -1.8868754885721306
                    ],
                    [
                        5.219918212588854e-06,
                        -4.671705025950658e-06,
                        1.0365610147470557e-06,
                        1.8389228805914868e-06,
                        -4.827709795012387e-06,
                        -7.930126540991066e-07
                    ],
                    [
                        1.2063006904200322,
                        -1.818596351828797,
                        1.8389228805914868e-06,
                        3.5637702050586966,
                        -2.524821609526792,
                        2.006618707809261
                    ],
                    [
                        -1.2539950472404386,
                        0.7328516957492723,
                        -4.827709795012387e-06,
                        -2.524821609526792,
                        3.804140673594291,
                        0.8707185451258058
                    ],
                    [
                        -0.012484356505449701,
                        -1.8868754885721306,
                        -7.930126540991073e-07,
                        2.006618707809261,
                        0.8707185451258058,
                        5.16567253296639
                    ]
                ]
            },
            "est_tgt": [
                1,
                2
            ]
        },
        "3": {
            "intv_type": "do",
            "inode": 3,
            "new_mui": 1.0,
            "true_params": {
                "Si": [
                    [
                        1.0,
                        -0.6382851833945391,
                        1.0480034316372016,
                        0.0,
                        -1.1777747199261066,
                        -2.1717583188156655
                    ],
                    [
                        -0.6382851833945391,
                        1.4074079753410005,
                        -1.2082142660085582,
                        0.0,
                        0.28254678997890836,
                        0.5875020733702494
                    ],
                    [
                        1.0480034316372016,
                        -1.2082142660085582,
                        2.3891440376788218,
                        0.0,
                        -1.83092276790176,
                        -3.396535527944292
                    ],
                    [
                        0.0,
                        0.0,
                        0.0,
                        0.0,
                        0.0,
                        0.0
                    ],
                    [
                        -1.1777747199261066,
                        0.28254678997890836,
                        -1.83092276790176,
                        0.0,
                        3.329216457393035,
                        4.966005966330561
                    ],
                    [
                        -2.1717583188156655,
                        0.5875020733702494,
                        -3.396535527944292,
                        0.0,
                        4.966005966330561,
                        9.272618839647707
                    ]
                ],
                "mui": [
                    0.0,
                    0.0,
                    0.0,
                    1.0,
                    -0.8821219901981441,
                    0.22045248228768877
                ],
                "Ai": [
                    [
                        0.0,
                        0.0,
                        0.0,
                        0.0,
                        0.0,
                        0.0
                    ],
                    [
                        -0.6382851833945391,
                        0.0,
                        0.0,
                        0.0,
                        0.0,
                        0.0
                    ],
                    [
                        0.7037831235117635,
                        -0.5392892034479005,
                        0.0,
                        0.0,
                        0.0,
                        0.0
                    ],
                    [
                        0.0,
                        0.0,
                        0.0,
                        0.0,
                        0.0,
                        0.0
                    ],
                    [
                        -0.8792945176630381,
                        -0.9274166308215956,
                        -0.8496503634144854,
                        -0.8821219901981441,
                        0.0,
                        0.0
                    ],
                    [
                        -0.9607771537494993,
                        -0.9718167665296102,
                        -0.9434302923633326,
                        0.8515069676189808,
                        0.7153823307245104,
                        0.0
                    ]
                ]
            },
            "est_params": {
                "mui": [
                    0.08804590546007911,
                    -0.03435204710759478,
                    0.11260429366982244,
                    1.0000003298419096,
                    -1.0090937844243102,
                    0.042650702784700255
                ],
                "Si": [
                    [
                        1.0730169281088657,
                        -0.6702792864284385,
                        1.1663540718478786,
                        -1.4085232480347563e-06,
                        -1.3125408131639094,
                        -2.4135657639127888
                    ],
                    [
                        -0.6702792864284385,
                        1.3721351573240483,
                        -1.2033923863193872,
                        3.2913102096532066e-06,
                        0.32784787498750895,
                        0.7182317036332033
                    ],
                    [
                        1.1663540718478786,
                        -1.2033923863193872,
                        2.5547335819369223,
                        -1.6928424202133054e-06,
                        -2.012207699616714,
                        -3.802709294023307
                    ],
                    [
                        -1.4085232480347563e-06,
                        3.291310209653206e-06,
                        -1.6928424202133054e-06,
                        1.0119494832889357e-06,
                        6.537035498280295e-07,
                        3.2927142808066608e-06
                    ],
                    [
                        -1.3125408131639094,
                        0.32784787498750895,
                        -2.012207699616714,
                        6.537035498280292e-07,
                        3.5893885111935946,
                        5.404020560086406
                    ],
                    [
                        -2.4135657639127888,
                        0.7182317036332033,
                        -3.802709294023307,
                        3.2927142808066608e-06,
                        5.404020560086406,
                        9.946874755308562
                    ]
                ]
            },
            "est_tgt": [
                1,
                3,
                5
            ]
        },
        "4": {
            "intv_type": "do",
            "inode": 4,
            "new_mui": 1.0,
            "true_params": {
                "Si": [
                    [
                        1.0,
                        -0.6382851833945391,
                        1.0480034316372016,
                        1.949781592888137,
                        0.0,
                        0.33105351707296377
                    ],
                    [
                        -0.6382851833945391,
                        1.4074079753410005,
                        -1.2082142660085582,
                        -2.40991109109183,
                        0.0,
                        -1.666682993190545
                    ],
                    [
                        1.0480034316372016,
                        -1.2082142660085582,
                        2.3891440376788218,
                        3.2232073214189607,
                        0.0,
                        0.6578577614025978
                    ],
                    [
                        1.949781592888137,
                        -2.40991109109183,
                        3.2232073214189607,
                        6.463773551841274,
                        0.0,
                        2.931763185830687
                    ],
                    [
                        0.0,
                        0.0,
                        0.0,
                        0.0,
                        0.0,
                        0.0
                    ],
                    [
                        0.33105351707296377,
                        -1.666682993190545,
                        0.6578577614025978,
                        2.931763185830687,
                        0.0,
                        4.177415661370315
                    ]
                ],
                "mui": [
                    0.0,
                    0.0,
                    0.0,
                    0.0,
                    1.0,
                    0.7153823307245104
                ],
                "Ai": [
                    [
                        0.0,
                        0.0,
                        0.0,
                        0.0,
                        0.0,
                        0.0
                    ],
                    [
                        -0.6382851833945391,
                        0.0,
                        0.0,
                        0.0,
                        0.0,
                        0.0
                    ],
                    [
                        0.7037831235117635,
                        -0.5392892034479005,
                        0.0,
                        0.0,
                        0.0,
                        0.0
                    ],
                    [
                        0.8179003789923337,
                        -0.868060032634121,
                        0.5513449091152317,
                        0.0,
                        0.0,
                        0.0
                    ],
                    [
                        0.0,
                        0.0,
                        0.0,
                        0.0,
                        0.0,
                        0.0
                    ],
                    [
                        -0.9607771537494993,
                        -0.9718167665296102,
                        -0.9434302923633326,
                        0.8515069676189808,
                        0.7153823307245104,
                        0.0
                    ]
                ]
            },
            "est_params": {
                "mui": [
                    0.00993091914354922,
                    -0.04935780161525915,
                    -0.020886176237482148,
                    0.044790913793682045,
                    1.0000004665686764,
                    0.8166212152776811
                ],
                "Si": [
                    [
                        0.892779421142723,
                        -0.5209529723555041,
                        0.9761854284058578,
                        1.7615301084808697,
                        -2.1056291037930903e-07,
                        0.22693705056675514
                    ],
                    [
                        -0.5209529723555041,
                        1.3133652016417217,
                        -1.1129345165869795,
                        -2.2241945110574464,
                        2.410406187571212e-07,
                        -1.6247816748707198
                    ],
                    [
                        0.9761854284058578,
                        -1.1129345165869795,
                        2.3702759466670273,
                        3.149096374202,
                        -1.1510716795106313e-07,
                        0.5700833904926403
                    ],
                    [
                        1.7615301084808697,
                        -2.2241945110574464,
                        3.1490963742019997,
                        6.109661652179713,
                        -5.084765081088566e-07,
                        2.6603241493222494
                    ],
                    [
                        -2.1056291037930903e-07,
                        2.4104061875712115e-07,
                        -1.1510716795106317e-07,
                        -5.084765081088566e-07,
                        1.000415592290503e-06,
                        1.8114897188250148e-08
                    ],
                    [
                        0.22693705056675514,
                        -1.6247816748707198,
                        0.5700833904926403,
                        2.6603241493222494,
                        1.811489718825015e-08,
                        4.012397364734474
                    ]
                ]
            },
            "est_tgt": [
                4,
                5
            ]
        },
        "5": {
            "intv_type": "do",
            "inode": 5,
            "new_mui": 1.0,
            "true_params": {
                "Si": [
                    [
                        1.0,
                        -0.6382851833945391,
                        1.0480034316372016,
                        1.949781592888137,
                        -2.8977199390962975,
                        0.0
                    ],
                    [
                        -0.6382851833945391,
                        1.4074079753410005,
                        -1.2082142660085582,
                        -2.40991109109183,
                        2.408382357853415,
                        0.0
                    ],
                    [
                        1.0480034316372016,
                        -1.2082142660085582,
                        2.3891440376788218,
                        3.2232073214189607,
                        -4.674184825093082,
                        0.0
                    ],
                    [
                        1.949781592888137,
                        -2.40991109109183,
                        3.2232073214189607,
                        6.463773551841274,
                        -7.919876702331065,
                        0.0
                    ],
                    [
                        -2.8977199390962975,
                        2.408382357853415,
                        -4.674184825093082,
                        -7.919876702331065,
                        12.272095638210667,
                        0.0
                    ],
                    [
                        0.0,
                        0.0,
                        0.0,
                        0.0,
                        0.0,
                        0.0
                    ]
                ],
                "mui": [
                    0.0,
                    0.0,
                    0.0,
                    0.0,
                    0.0,
                    1.0
                ],
                "Ai": [
                    [
                        0.0,
                        0.0,
                        0.0,
                        0.0,
                        0.0,
                        0.0
                    ],
                    [
                        -0.6382851833945391,
                        0.0,
                        0.0,
                        0.0,
                        0.0,
                        0.0
                    ],
                    [
                        0.7037831235117635,
                        -0.5392892034479005,
                        0.0,
                        0.0,
                        0.0,
                        0.0
                    ],
                    [
                        0.8179003789923337,
                        -0.868060032634121,
                        0.5513449091152317,
                        0.0,
                        0.0,
                        0.0
                    ],
                    [
                        -0.8792945176630381,
                        -0.9274166308215956,
                        -0.8496503634144854,
                        -0.8821219901981441,
                        0.0,
                        0.0
                    ],
                    [
                        0.0,
                        0.0,
                        0.0,
                        0.0,
                        0.0,
                        0.0
                    ]
                ]
            },
            "est_params": {
                "mui": [
                    0.028308712614369607,
                    0.06521273373086256,
                    -0.00928348159722805,
                    -0.07199322620057527,
                    -0.027739747383979947,
                    1.0000041283221244
                ],
                "Si": [
                    [
                        0.8866256334761989,
                        -0.5122105344184719,
                        0.9606443126478936,
                        1.773520014521215,
                        -2.680552560539469,
                        1.326100083395324e-06
                    ],
                    [
                        -0.5122105344184719,
                        1.2905190030248646,
                        -1.1160169943406446,
                        -2.176153696126133,
                        2.1419835101132376,
                        -2.4615955802672274e-06
                    ],
                    [
                        0.9606443126478936,
                        -1.1160169943406446,
                        2.389538927127965,
                        3.1519655666393143,
                        -4.597971047634705,
                        4.787299994594954e-07
                    ],
                    [
                        1.773520014521215,
                        -2.176153696126133,
                        3.1519655666393143,
                        6.155095392782569,
                        -7.600649915313486,
                        2.724407957309986e-06
                    ],
                    [
                        -2.680552560539469,
                        2.1419835101132376,
                        -4.597971047634705,
                        -7.600649915313486,
                        11.850999858180854,
                        -3.4815997834565643e-06
                    ],
                    [
                        1.3261000833953241e-06,
                        -2.4615955802672265e-06,
                        4.787299994594954e-07,
                        2.7244079573099875e-06,
                        -3.4815997834565643e-06,
                        1.005938635874445e-06
                    ]
                ]
            },
            "est_tgt": [
                4,
                5
            ]
        },
        "obs": {
            "intv_type": "obs",
            "true_params": {
                "Si": [
                    [
                        1.0,
                        -0.6382851833945391,
                        1.0480034316372016,
                        1.949781592888137,
                        -2.8977199390962975,
                        -1.7419241267446317
                    ],
                    [
                        -0.6382851833945391,
                        1.4074079753410005,
                        -1.2082142660085582,
                        -2.40991109109183,
                        2.408382357853415,
                        0.05623119124642284
                    ],
                    [
                        1.0480034316372016,
                        -1.2082142660085582,
                        2.3891440376788218,
                        3.2232073214189607,
                        -4.674184825093082,
                        -2.685971473009629
                    ],
                    [
                        1.949781592888137,
                        -2.40991109109183,
                        3.2232073214189607,
                        6.463773551841274,
                        -7.919876702331065,
                        -2.7339766685336593
                    ],
                    [
                        -2.8977199390962975,
                        2.408382357853415,
                        -4.674184825093082,
                        -7.919876702331065,
                        12.272095638210667,
                        6.888734501788974
                    ],
                    [
                        -1.7419241267446317,
                        0.05623119124642284,
                        -2.685971473009629,
                        -2.7339766685336593,
                        6.888734501788974,
                        7.753060103215133
                    ]
                ],
                "mui": [
                    0.0,
                    0.0,
                    0.0,
                    0.0,
                    0.0,
                    0.0
                ],
                "Ai": [
                    [
                        0.0,
                        0.0,
                        0.0,
                        0.0,
                        0.0,
                        0.0
                    ],
                    [
                        -0.6382851833945391,
                        0.0,
                        0.0,
                        0.0,
                        0.0,
                        0.0
                    ],
                    [
                        0.7037831235117635,
                        -0.5392892034479005,
                        0.0,
                        0.0,
                        0.0,
                        0.0
                    ],
                    [
                        0.8179003789923337,
                        -0.868060032634121,
                        0.5513449091152317,
                        0.0,
                        0.0,
                        0.0
                    ],
                    [
                        -0.8792945176630381,
                        -0.9274166308215956,
                        -0.8496503634144854,
                        -0.8821219901981441,
                        0.0,
                        0.0
                    ],
                    [
