{
    "expt_args": {
        "save_dir": "expt_logs_30.04.24-sp1",
        "exp_name": "493",
        "num_nodes": 6,
        "obs_noise_mean": 0.0,
        "obs_noise_var": 1.0,
        "max_edge_strength": 1.0,
        "graph_sparsity_method": "adj_dense_prop",
        "adj_dense_prop": 0.92,
        "num_parents": null,
        "new_noise_mean": 1.0,
        "mix_samples": 32768,
        "stage2_samples": 32768,
        "gmm_tol": 0.001,
        "intv_targets": [
            0,
            1,
            2,
            3,
            4,
            5
        ]
    },
    "intv_args_dict": {
        "0": {
            "intv_type": "do",
            "inode": 0,
            "new_mui": 1.0,
            "true_params": {
                "Si": [
                    [
                        0.0,
                        0.0,
                        0.0,
                        0.0,
                        0.0,
                        0.0
                    ],
                    [
                        0.0,
                        1.0,
                        -0.7661459440557269,
                        -1.2654977063371289,
                        2.5221934894257845,
                        2.540574522188639
                    ],
                    [
                        0.0,
                        -0.7661459440557269,
                        1.5869796075930411,
                        1.9353554823108294,
                        -3.472044170495468,
                        -3.230549234946051
                    ],
                    [
                        0.0,
                        -1.2654977063371289,
                        1.9353554823108294,
                        3.5342532104809696,
                        -5.512075988334753,
                        -4.427681986258589
                    ],
                    [
                        0.0,
                        2.5221934894257845,
                        -3.472044170495468,
                        -5.512075988334753,
                        10.426330089433268,
                        9.226546448146122
                    ],
                    [
                        0.0,
                        2.540574522188639,
                        -3.230549234946051,
                        -4.427681986258589,
                        9.226546448146122,
                        9.851756774999414
                    ]
                ],
                "mui": [
                    1.0,
                    0.968755936131284,
                    -1.5878406396239253,
                    -2.585281216405398,
                    3.667861847806448,
                    2.2159987904812013
                ],
                "Ai": [
                    [
                        0.0,
                        0.0,
                        0.0,
                        0.0,
                        0.0,
                        0.0
                    ],
                    [
                        0.968755936131284,
                        0.0,
                        0.0,
                        0.0,
                        0.0,
                        0.0
                    ],
                    [
                        -0.8456322083770331,
                        -0.7661459440557269,
                        0.0,
                        0.0,
                        0.0,
                        0.0
                    ],
                    [
                        -0.5426115971228394,
                        -0.5255543003343333,
                        0.9657995473888127,
                        0.0,
                        0.0,
                        0.0
                    ],
                    [
                        -0.5296465577533411,
                        0.9046706926522868,
                        -0.7349449564167342,
                        -0.8332276653132855,
                        0.0,
                        0.0
                    ],
                    [
                        -0.85815859043029,
                        0.7890717591694816,
                        -0.6752974026697895,
                        0.7480162925798084,
                        0.8646201445834989,
                        0.0
                    ]
                ]
            },
            "est_params": {
                "mui": [
                    0.9999980816271885,
                    0.9564155870548118,
                    -1.595297757265543,
                    -2.5941941962924915,
                    3.657677059244503,
                    2.185811863810706
                ],
                "Si": [
                    [
                        1.012842138101162e-06,
                        3.4328295223508e-07,
                        1.6514175679856212e-06,
                        2.3105337316028217e-06,
                        -3.4068334828461815e-06,
                        -3.845053653714348e-06
                    ],
                    [
                        3.4328295223508034e-07,
                        0.9330235203073208,
                        -0.7264562503154918,
                        -1.2021548840352532,
                        2.392638546774434,
                        2.428068517135176
                    ],
                    [
                        1.6514175679856212e-06,
                        -0.7264562503154918,
                        1.568412194331912,
                        1.9246005458862645,
                        -3.4420945231897733,
                        -3.1758523537893932
                    ],
                    [
                        2.3105337316028213e-06,
                        -1.2021548840352534,
                        1.9246005458862645,
                        3.527130579437842,
                        -5.460000867934293,
                        -4.355681548362799
                    ],
                    [
                        -3.4068334828461815e-06,
                        2.392638546774434,
                        -3.4420945231897733,
                        -5.460000867934293,
                        10.31529844942103,
                        9.097035531180186
                    ],
                    [
                        -3.845053653714348e-06,
                        2.428068517135176,
                        -3.1758523537893923,
                        -4.355681548362799,
                        9.097035531180186,
                        9.72332570919906
                    ]
                ]
            },
            "est_tgt": [
                0
            ]
        },
        "1": {
            "intv_type": "do",
            "inode": 1,
            "new_mui": 1.0,
            "true_params": {
                "Si": [
                    [
                        1.0,
                        0.0,
                        -0.8456322083770331,
                        -1.35932280123078,
                        1.2244719328535423,
                        -0.24519785907294311
                    ],
                    [
                        0.0,
                        0.0,
                        0.0,
                        0.0,
                        0.0,
                        0.0
                    ],
                    [
                        -0.8456322083770331,
                        0.0,
                        1.715093831844618,
                        2.115286689690852,
                        -2.5751287631227777,
                        -1.0767511621427355
                    ],
                    [
                        -1.35932280123078,
                        0.0,
                        2.115286689690852,
                        3.7805272436823305,
                        -3.9846985303229276,
                        -0.8792877149994971
                    ],
                    [
                        1.2244719328535423,
                        0.0,
                        -2.5751287631227777,
                        -3.9846985303229276,
                        5.5642016056775425,
                        2.518488032450317
                    ],
                    [
                        -0.24519785907294311,
                        0.0,
                        -1.0767511621427355,
                        -0.8792877149994971,
                        2.518488032450317,
                        3.4573598622993384
                    ]
                ],
                "mui": [
                    0.0,
                    1.0,
                    -0.7661459440557269,
                    -1.2654977063371289,
                    2.5221934894257845,
                    2.540574522188639
                ],
                "Ai": [
                    [
                        0.0,
                        0.0,
                        0.0,
                        0.0,
                        0.0,
                        0.0
                    ],
                    [
                        0.0,
                        0.0,
                        0.0,
                        0.0,
                        0.0,
                        0.0
                    ],
                    [
                        -0.8456322083770331,
                        -0.7661459440557269,
                        0.0,
                        0.0,
                        0.0,
                        0.0
                    ],
                    [
                        -0.5426115971228394,
                        -0.5255543003343333,
                        0.9657995473888127,
                        0.0,
                        0.0,
                        0.0
                    ],
                    [
                        -0.5296465577533411,
                        0.9046706926522868,
                        -0.7349449564167342,
                        -0.8332276653132855,
                        0.0,
                        0.0
                    ],
                    [
                        -0.85815859043029,
                        0.7890717591694816,
                        -0.6752974026697895,
                        0.7480162925798084,
                        0.8646201445834989,
                        0.0
                    ]
                ]
            },
            "est_params": {
                "mui": [
                    -0.0019552552323768477,
                    0.9999992033146758,
                    -0.7709857896900625,
                    -1.2501740723222463,
                    2.5364192976453785,
                    2.578129246478852
                ],
                "Si": [
                    [
                        0.9723864108368713,
                        1.9033539308236026e-07,
                        -0.8482686491976046,
                        -1.3465239052173437,
                        1.249839157509864,
                        -0.18429313501848824
                    ],
                    [
                        1.9033539308236028e-07,
                        1.0076115665994468e-06,
                        1.7025653195812736e-07,
                        1.3246690896386383e-07,
                        -1.2359760640190384e-06,
                        -1.8422150062719177e-07
                    ],
                    [
                        -0.8482686491976047,
                        1.7025653195812747e-07,
                        1.7273692646190166,
                        2.1183752987002937,
                        -2.621169277982841,
                        -1.1034969737930371
                    ],
                    [
                        -1.3465239052173437,
                        1.3246690896386383e-07,
                        2.1183752987002937,
                        3.783981951640224,
                        -4.0293484702601745,
                        -0.8868037395440334
                    ],
                    [
                        1.2498391575098637,
                        -1.2359760640190384e-06,
                        -2.621169277982841,
                        -4.0293484702601745,
                        5.664679152717305,
                        2.5531624125373926
                    ],
                    [
                        -0.1842931350184882,
                        -1.8422150062719177e-07,
                        -1.1034969737930374,
                        -0.8868037395440334,
                        2.5531624125373926,
                        3.4649426272455104
                    ]
                ]
            },
            "est_tgt": [
                1,
                2,
                3
            ]
        },
        "2": {
            "intv_type": "do",
            "inode": 2,
            "new_mui": 1.0,
            "true_params": {
                "Si": [
                    [
                        1.0,
                        0.968755936131284,
                        0.0,
                        -1.0517454453310484,
                        1.2231019479146332,
                        0.17705521459077922
                    ],
                    [
                        0.968755936131284,
                        1.9384880637896003,
                        0.0,
                        -1.5444389437978272,
                        2.527464347851258,
                        1.7282910550153714
                    ],
                    [
                        0.0,
                        0.0,
                        0.0,
                        0.0,
                        0.0,
                        0.0
                    ],
                    [
                        -1.0517454453310484,
                        -1.5444389437978272,
                        0.0,
                        2.382375804374516,
                        -2.8252167236702403,
                        -0.9767921408350557
                    ],
                    [
                        1.2231019479146332,
                        2.527464347851258,
                        0.0,
                        -2.8252167236702403,
                        4.992759920397971,
                        3.1482679604930808
                    ],
                    [
                        0.17705521459077922,
                        1.7282910550153714,
                        0.0,
                        -0.9767921408350557,
                        3.1482679604930808,
                        4.203203673136895
                    ]
                ],
                "mui": [
                    0.0,
                    0.0,
                    1.0,
                    0.9657995473888127,
                    -1.5396758584481425,
                    -1.2840983691999088
                ],
                "Ai": [
                    [
                        0.0,
                        0.0,
                        0.0,
                        0.0,
                        0.0,
                        0.0
                    ],
                    [
                        0.968755936131284,
                        0.0,
                        0.0,
                        0.0,
                        0.0,
                        0.0
                    ],
                    [
                        0.0,
                        0.0,
                        0.0,
                        0.0,
                        0.0,
                        0.0
                    ],
                    [
                        -0.5426115971228394,
                        -0.5255543003343333,
                        0.9657995473888127,
                        0.0,
                        0.0,
                        0.0
                    ],
                    [
                        -0.5296465577533411,
                        0.9046706926522868,
                        -0.7349449564167342,
                        -0.8332276653132855,
                        0.0,
                        0.0
                    ],
                    [
                        -0.85815859043029,
                        0.7890717591694816,
                        -0.6752974026697895,
                        0.7480162925798084,
                        0.8646201445834989,
                        0.0
                    ]
                ]
            },
            "est_params": {
                "mui": [
                    0.004417157398664539,
                    0.016105747148983694,
                    1.0000001885037768,
                    0.9250841389361886,
                    -1.5252206464424218,
                    -1.3068738340293522
                ],
                "Si": [
                    [
                        1.0058933733485613,
                        0.9680146676747404,
                        5.007629718387188e-07,
                        -1.0438735193647843,
                        1.2227111952352403,
                        0.1687265698716607
                    ],
                    [
                        0.9680146676747404,
                        1.949923587324038,
                        -1.3368347869731443e-06,
                        -1.528406416520651,
                        2.532445587166071,
                        1.7460441579921273
                    ],
                    [
                        5.007629718387188e-07,
                        -1.3368347869731443e-06,
                        1.0108060458185967e-06,
                        7.196545374485486e-08,
                        -1.091930575848014e-06,
                        -1.872760313785608e-06
                    ],
                    [
                        -1.0438735193647843,
                        -1.528406416520651,
                        7.196545374485483e-08,
                        2.3451586197173513,
                        -2.806674017934752,
                        -0.9642530795847999
                    ],
                    [
                        1.2227111952352403,
                        2.532445587166071,
                        -1.091930575848014e-06,
                        -2.806674017934752,
                        4.99302433288149,
                        3.1426857638532297
                    ],
                    [
                        0.16872656987166068,
                        1.7460441579921273,
                        -1.872760313785608e-06,
                        -0.9642530795847999,
                        3.1426857638532297,
                        4.239304632747352
                    ]
                ]
            },
            "est_tgt": [
                1,
                2,
                3
            ]
        },
        "3": {
            "intv_type": "do",
            "inode": 3,
            "new_mui": 1.0,
            "true_params": {
                "Si": [
                    [
                        1.0,
                        0.968755936131284,
                        -1.5878406396239253,
                        0.0,
                        1.513734015682687,
                        2.2873289435907997
                    ],
                    [
                        0.968755936131284,
                        1.9384880637896003,
                        -2.3043759893218994,
                        0.0,
                        2.93418460353163,
                        4.791354194506003
                    ],
                    [
                        -1.5878406396239253,
                        -2.3043759893218994,
                        4.108217504434357,
                        0.0,
                        -4.263020828100439,
                        -6.915861225656302
                    ],
                    [
                        0.0,
                        0.0,
                        0.0,
                        0.0,
                        0.0,
                        0.0
                    ],
                    [
                        1.513734015682687,
                        2.93418460353163,
                        -4.263020828100439,
                        0.0,
                        5.985812463598065,
                        9.070519288121385
                    ],
                    [
                        2.2873289435907997,
                        4.791354194506003,
                        -6.915861225656302,
                        0.0,
                        9.070519288121385,
                        15.330648122233978
                    ]
                ],
                "mui": [
                    0.0,
                    0.0,
                    0.0,
                    1.0,
                    -0.8332276653132855,
                    0.027590868125664247
                ],
                "Ai": [
                    [
                        0.0,
                        0.0,
                        0.0,
                        0.0,
                        0.0,
                        0.0
                    ],
                    [
                        0.968755936131284,
                        0.0,
                        0.0,
                        0.0,
                        0.0,
                        0.0
                    ],
                    [
                        -0.8456322083770331,
                        -0.7661459440557269,
                        0.0,
                        0.0,
                        0.0,
                        0.0
                    ],
                    [
                        0.0,
                        0.0,
                        0.0,
                        0.0,
                        0.0,
                        0.0
                    ],
                    [
                        -0.5296465577533411,
                        0.9046706926522868,
                        -0.7349449564167342,
                        -0.8332276653132855,
                        0.0,
                        0.0
                    ],
                    [
                        -0.85815859043029,
                        0.7890717591694816,
                        -0.6752974026697895,
                        0.7480162925798084,
                        0.8646201445834989,
                        0.0
                    ]
                ]
            },
            "est_params": {
                "mui": [
                    0.004955242840999285,
                    0.0076763148658013465,
                    -0.0141061225970801,
                    1.0000003520596044,
                    -0.8098615301704815,
                    0.044128438920041
                ],
                "Si": [
                    [
                        1.0273992079925511,
                        0.983896579771763,
                        -1.6324343503361614,
                        -1.963815366677381e-07,
                        1.535463472994813,
                        2.325179188466914
                    ],
                    [
                        0.983896579771763,
                        1.9678672598884532,
                        -2.3300207304039335,
                        -8.880451100781079e-08,
                        2.9645273186852648,
                        4.835043436885698
                    ],
                    [
                        -1.6324343503361614,
                        -2.3300207304039335,
                        4.17120961706289,
                        5.428018732254383e-07,
                        -4.279941548489225,
                        -6.943869290556812
                    ],
                    [
                        -1.963815366677381e-07,
                        -8.880451100781075e-08,
                        5.428018732254383e-07,
                        1.0025154396456845e-06,
                        -1.2486338231259843e-06,
                        -8.219312207906744e-07
                    ],
                    [
                        1.535463472994813,
                        2.9645273186852643,
                        -4.279941548489225,
                        -1.2486338231259843e-06,
                        5.999361710962878,
                        9.084171349674072
                    ],
                    [
                        2.325179188466914,
                        4.835043436885698,
                        -6.943869290556812,
                        -8.219312207906746e-07,
                        9.084171349674072,
                        15.347114520534099
                    ]
                ]
            },
            "est_tgt": [
                1,
                3
            ]
        },
        "4": {
            "intv_type": "do",
            "inode": 4,
            "new_mui": 1.0,
            "true_params": {
                "Si": [
                    [
                        1.0,
                        0.968755936131284,
                        -1.5878406396239253,
                        -2.585281216405398,
                        0.0,
                        -0.955308450681509
                    ],
                    [
                        0.968755936131284,
                        1.9384880637896003,
                        -2.3043759893218994,
                        -3.7700042312985653,
                        0.0,
                        -0.5656255097403342
                    ],
                    [
                        -1.5878406396239253,
                        -2.3043759893218994,
                        4.108217504434357,
                        6.040370062575697,
                        0.0,
                        1.2883276791163039
                    ],
                    [
                        -2.585281216405398,
                        -3.7700042312985653,
                        6.040370062575697,
                        10.217932178379545,
                        0.0,
                        2.8079109451508852
                    ],
                    [
                        0.0,
                        0.0,
                        0.0,
                        0.0,
                        0.0,
                        0.0
                    ],
                    [
                        -0.955308450681509,
                        -0.5656255097403342,
                        1.2883276791163039,
                        2.8079109451508852,
                        0.0,
                        2.6038458370522406
                    ]
                ],
                "mui": [
                    0.0,
                    0.0,
                    0.0,
                    0.0,
                    1.0,
                    0.8646201445834989
                ],
                "Ai": [
                    [
                        0.0,
                        0.0,
                        0.0,
                        0.0,
                        0.0,
                        0.0
                    ],
                    [
                        0.968755936131284,
                        0.0,
                        0.0,
                        0.0,
                        0.0,
                        0.0
                    ],
                    [
                        -0.8456322083770331,
                        -0.7661459440557269,
                        0.0,
                        0.0,
                        0.0,
                        0.0
                    ],
                    [
                        -0.5426115971228394,
                        -0.5255543003343333,
                        0.9657995473888127,
                        0.0,
                        0.0,
                        0.0
                    ],
                    [
                        0.0,
                        0.0,
                        0.0,
                        0.0,
                        0.0,
                        0.0
                    ],
                    [
                        -0.85815859043029,
                        0.7890717591694816,
                        -0.6752974026697895,
                        0.7480162925798084,
                        0.8646201445834989,
                        0.0
                    ]
                ]
            },
            "est_params": {
                "mui": [
                    0.03333875805898509,
                    0.048553316717177684,
                    -0.05152656619624084,
                    -0.08706618576905417,
                    0.9999995866727813,
                    0.8699265153387733
                ],
                "Si": [
                    [
                        1.0109759760003947,
                        1.000411665435133,
                        -1.619551258017138,
                        -2.6366415467235833,
                        -1.8495844687262386e-07,
                        -0.9297459701518517
                    ],
                    [
                        1.000411665435133,
                        1.9758522777001966,
                        -2.349016216216615,
                        -3.852481842733761,
                        -4.396866053917833e-07,
                        -0.5584503983807886
                    ],
                    [
                        -1.619551258017138,
                        -2.349016216216615,
                        4.172642531012692,
                        6.146136441525332,
                        -3.2550951326313586e-07,
                        1.2605447641808034
                    ],
                    [
                        -2.6366415467235833,
                        -3.852481842733761,
                        6.146136441525332,
                        10.392779288146807,
                        -4.934205469366769e-07,
                        2.7405777738534187
                    ],
                    [
                        -1.8495844687262386e-07,
                        -4.396866053917833e-07,
                        -3.2550951326313575e-07,
                        -4.934205469366768e-07,
                        1.0033982603427142e-06,
                        -5.4656538399988e-07
                    ],
                    [
                        -0.9297459701518517,
                        -0.5584503983807887,
                        1.2605447641808034,
                        2.7405777738534187,
                        -5.4656538399988e-07,
                        2.4983540277907803
                    ]
                ]
            },
            "est_tgt": [
                4,
                5
            ]
        },
        "5": {
            "intv_type": "do",
            "inode": 5,
            "new_mui": 1.0,
            "true_params": {
                "Si": [
                    [
                        1.0,
                        0.968755936131284,
                        -1.5878406396239253,
                        -2.585281216405398,
                        3.667861847806448,
                        0.0
                    ],
                    [
                        0.968755936131284,
                        1.9384880637896003,
                        -2.3043759893218994,
                        -3.7700042312985653,
                        6.075456427397741,
                        0.0
                    ],
                    [
                        -1.5878406396239253,
                        -2.3043759893218994,
                        4.108217504434357,
                        6.040370062575697,
                        -9.296024272968651,
                        0.0
                    ],
                    [
                        -2.585281216405398,
                        -3.7700042312985653,
                        6.040370062575697,
                        10.217932178379545,
                        -14.99453032783876,
                        0.0
                    ],
                    [
                        3.667861847806448,
                        6.075456427397741,
                        -9.296024272968651,
                        -14.99453032783876,
                        23.8795406240274,
                        0.0
                    ],
                    [
                        0.0,
                        0.0,
                        0.0,
                        0.0,
                        0.0,
                        0.0
                    ]
                ],
                "mui": [
                    0.0,
                    0.0,
                    0.0,
                    0.0,
                    0.0,
                    1.0
                ],
                "Ai": [
                    [
                        0.0,
                        0.0,
                        0.0,
                        0.0,
                        0.0,
                        0.0
                    ],
                    [
                        0.968755936131284,
                        0.0,
                        0.0,
                        0.0,
                        0.0,
                        0.0
                    ],
                    [
                        -0.8456322083770331,
                        -0.7661459440557269,
                        0.0,
                        0.0,
                        0.0,
                        0.0
                    ],
                    [
                        -0.5426115971228394,
                        -0.5255543003343333,
                        0.9657995473888127,
                        0.0,
                        0.0,
                        0.0
                    ],
                    [
                        -0.5296465577533411,
                        0.9046706926522868,
                        -0.7349449564167342,
                        -0.8332276653132855,
                        0.0,
                        0.0
                    ],
                    [
                        0.0,
                        0.0,
                        0.0,
                        0.0,
                        0.0,
                        0.0
                    ]
                ]
            },
            "est_params": {
                "mui": [
                    0.03604385454535734,
                    0.02395932279787276,
                    -0.03729055710551498,
                    -0.08409759843489016,
                    0.09501530412308609,
                    0.9999985851426387
                ],
                "Si": [
                    [
                        1.002466762564243,
                        0.9719538091473106,
                        -1.5987799872953417,
                        -2.589564343778849,
                        3.6895115301800114,
                        -4.967208424957988e-07
                    ],
                    [
                        0.9719538091473106,
                        1.9293987705317517,
                        -2.310055396016362,
                        -3.7640140546834515,
                        6.051921098236537,
                        -6.059258084695236e-07
                    ],
                    [
                        -1.5987799872953417,
                        -2.310055396016362,
                        4.130504037176401,
                        6.064853695153613,
                        -9.320222844567828,
                        9.781692680118704e-07
                    ],
                    [
                        -2.589564343778849,
                        -3.7640140546834515,
                        6.064853695153614,
                        10.202519814872936,
                        -14.971931368747539,
                        8.255789383496388e-07
                    ],
                    [
                        3.6895115301800114,
                        6.051921098236536,
                        -9.320222844567828,
                        -14.97193136874754,
                        23.782998045131354,
                        -1.2409857047394215e-06
                    ],
                    [
                        -4.967208424957988e-07,
                        -6.059258084695235e-07,
                        9.781692680118704e-07,
                        8.255789383496387e-07,
                        -1.240985704739421e-06,
                        1.0043077350750487e-06
                    ]
                ]
            },
            "est_tgt": [
                4,
                5
            ]
        },
        "obs": {
            "intv_type": "obs",
            "true_params": {
                "Si": [
                    [
                        1.0,
                        0.968755936131284,
                        -1.5878406396239253,
                        -2.585281216405398,
                        3.667861847806448,
                        2.2159987904812013
                    ],
                    [
                        0.968755936131284,
                        1.9384880637896003,
                        -2.3043759893218994,
                        -3.7700042312985653,
                        6.075456427397741,
                        4.687336504927048
                    ],
                    [
                        -1.5878406396239253,
                        -2.3043759893218994,
                        4.108217504434357,
                        6.040370062575697,
                        -9.296024272968651,
                        -6.749202171829567
                    ],
                    [
                        -2.585281216405398,
                        -3.7700042312985653,
                        6.040370062575697,
                        10.217932178379545,
                        -14.99453032783876,
                        -10.156662034866722
                    ],
                    [
                        3.667861847806448,
                        6.075456427397741,
                        -9.296024272968651,
                        -14.99453032783876,
                        23.8795406240274,
                        17.354523866537352
                    ],
                    [
                        2.2159987904812013,
                        4.687336504927048,
                        -6.749202171829567,
                        -10.156662034866722,
                        17.354523866537352,
                        14.76240741441356
                    ]
                ],
                "mui": [
                    0.0,
                    0.0,
                    0.0,
                    0.0,
                    0.0,
                    0.0
                ],
                "Ai": [
                    [
                        0.0,
                        0.0,
                        0.0,
                        0.0,
                        0.0,
                        0.0
                    ],
                    [
                        0.968755936131284,
                        0.0,
                        0.0,
                        0.0,
                        0.0,
                        0.0
                    ],
                    [
                        -0.8456322083770331,
                        -0.7661459440557269,
                        0.0,
                        0.0,
                        0.0,
                        0.0
                    ],
                    [
                        -0.5426115971228394,
                        -0.5255543003343333,
                        0.9657995473888127,
                        0.0,
                        0.0,
                        0.0
                    ],
                    [
                        -0.5296465577533411,
                        0.9046706926522868,
                        -0.7349449564167342,
                        -0.8332276653132855,
                        0.0,
                        0.0
                    ],
                    [
                        -0.85815859043029,
                        0.7890717591694816,
