{
    "expt_args": {
        "save_dir": "expt_logs_30.04.24-sp1",
        "exp_name": "610",
        "num_nodes": 6,
        "obs_noise_mean": 0.0,
        "obs_noise_var": 1.0,
        "max_edge_strength": 1.0,
        "graph_sparsity_method": "adj_dense_prop",
        "adj_dense_prop": 0.9,
        "num_parents": null,
        "new_noise_mean": 1.0,
        "mix_samples": 4096,
        "stage2_samples": 4096,
        "gmm_tol": 0.001,
        "intv_targets": [
            0,
            1,
            2,
            3,
            4,
            5
        ]
    },
    "intv_args_dict": {
        "0": {
            "intv_type": "do",
            "inode": 0,
            "new_mui": 1.0,
            "true_params": {
                "Si": [
                    [
                        0.0,
                        0.0,
                        0.0,
                        0.0,
                        0.0,
                        0.0
                    ],
                    [
                        0.0,
                        1.0,
                        0.7592973487266035,
                        1.3715401129002922,
                        -1.188406030823037,
                        -0.43032925504836217
                    ],
                    [
                        0.0,
                        0.7592973487266035,
                        1.5765324637832494,
                        1.5867377840370025,
                        -0.5309951366162244,
                        -1.7034255752384444
                    ],
                    [
                        0.0,
                        1.3715401129002922,
                        1.5867377840370025,
                        3.1785081946411045,
                        -2.1588869151340955,
                        -1.359917369786729
                    ],
                    [
                        0.0,
                        -1.188406030823037,
                        -0.5309951366162244,
                        -2.1588869151340955,
                        3.085240380177284,
                        -0.8081819259350751
                    ],
                    [
                        0.0,
                        -0.43032925504836217,
                        -1.7034255752384444,
                        -1.359917369786729,
                        -0.8081819259350751,
                        3.756820424771019
                    ]
                ],
                "mui": [
                    1.0,
                    0.9662437116442157,
                    -0.138161289747199,
                    1.5868381798074245,
                    -1.3466083018333208,
                    1.106200965257489
                ],
                "Ai": [
                    [
                        0.0,
                        0.0,
                        0.0,
                        0.0,
                        0.0,
                        0.0
                    ],
                    [
                        0.9662437116442157,
                        0.0,
                        0.0,
                        0.0,
                        0.0,
                        0.0
                    ],
                    [
                        -0.8718275782224048,
                        0.7592973487266035,
                        0.0,
                        0.0,
                        0.0,
                        0.0
                    ],
                    [
                        0.7370307865288946,
                        0.9574717208246315,
                        0.5453310126396242,
                        0.0,
                        0.0,
                        0.0
                    ],
                    [
                        0.6645459029943992,
                        -0.770031320397236,
                        0.7702427617482164,
                        -0.7314536322059508,
                        0.0,
                        0.0
                    ],
                    [
                        0.8821503765633638,
                        0.0,
                        -0.7330345195087273,
                        -0.6203700542782008,
                        -0.8222142105317871,
                        0.0
                    ]
                ]
            },
            "est_params": {
                "mui": [
                    1.0000067785628453,
                    0.9551644154859057,
                    -0.11227175246648853,
                    1.565803924466632,
                    -1.2549632218897842,
                    1.0350646786521225
                ],
                "Si": [
                    [
                        1.0218335756478424e-06,
                        6.541361962864674e-06,
                        -6.224075692478947e-07,
                        1.3365265891277532e-05,
                        -1.6170415728280664e-05,
                        2.6336620981474894e-07
                    ],
                    [
                        6.541361962864674e-06,
                        0.9921840502278124,
                        0.7475243410804386,
                        1.333994592202439,
                        -1.171519289374999,
                        -0.4488113773213005
                    ],
                    [
                        -6.224075692478946e-07,
                        0.7475243410804386,
                        1.6050141122803752,
                        1.506434459525198,
                        -0.4873015825613661,
                        -1.767813401985728
                    ],
                    [
                        1.3365265891277528e-05,
                        1.333994592202439,
                        1.506434459525198,
                        2.9204181909592006,
                        -2.039911198553879,
                        -1.2453647941314707
                    ],
                    [
                        -1.617041572828066e-05,
                        -1.1715192893749988,
                        -0.4873015825613662,
                        -2.0399111985538796,
                        3.014585229842518,
                        -0.7907798770933502
                    ],
                    [
                        2.6336620981474894e-07,
                        -0.4488113773213005,
                        -1.767813401985728,
                        -1.2453647941314707,
                        -0.7907798770933502,
                        3.624689990217011
                    ]
                ]
            },
            "est_tgt": [
                0
            ]
        },
        "1": {
            "intv_type": "do",
            "inode": 1,
            "new_mui": 1.0,
            "true_params": {
                "Si": [
                    [
                        1.0,
                        0.0,
                        -0.8718275782224048,
                        0.26159617044971945,
                        -0.1983184476704993,
                        1.5220039018845086
                    ],
                    [
                        0.0,
                        0.0,
                        0.0,
                        0.0,
                        0.0,
                        0.0
                    ],
                    [
                        -0.8718275782224048,
                        0.0,
                        1.7600833261491433,
                        0.3172642568841899,
                        0.544257903747812,
                        -2.7036026886257503
                    ],
                    [
                        0.26159617044971945,
                        0.0,
                        0.3172642568841899,
                        1.3658184697405167,
                        -0.5808197198878149,
                        -0.37155314259088196
                    ],
                    [
                        -0.1983184476704993,
                        0.0,
                        0.544257903747812,
                        -0.5808197198878149,
                        1.7122616927671555,
                        -1.6214292590443122
                    ],
                    [
                        1.5220039018845086,
                        0.0,
                        -2.7036026886257503,
                        -0.37155314259088196,
                        -1.6214292590443122,
                        5.888133034372209
                    ]
                ],
                "mui": [
                    0.0,
                    1.0,
                    0.7592973487266035,
                    1.3715401129002922,
                    -1.188406030823037,
                    -0.43032925504836217
                ],
                "Ai": [
                    [
                        0.0,
                        0.0,
                        0.0,
                        0.0,
                        0.0,
                        0.0
                    ],
                    [
                        0.0,
                        0.0,
                        0.0,
                        0.0,
                        0.0,
                        0.0
                    ],
                    [
                        -0.8718275782224048,
                        0.7592973487266035,
                        0.0,
                        0.0,
                        0.0,
                        0.0
                    ],
                    [
                        0.7370307865288946,
                        0.9574717208246315,
                        0.5453310126396242,
                        0.0,
                        0.0,
                        0.0
                    ],
                    [
                        0.6645459029943992,
                        -0.770031320397236,
                        0.7702427617482164,
                        -0.7314536322059508,
                        0.0,
                        0.0
                    ],
                    [
                        0.8821503765633638,
                        0.0,
                        -0.7330345195087273,
                        -0.6203700542782008,
                        -0.8222142105317871,
                        0.0
                    ]
                ]
            },
            "est_params": {
                "mui": [
                    -0.014962008506573702,
                    1.0000052194634153,
                    0.8089313370517383,
                    1.437218534459996,
                    -1.20877237896993,
                    -0.5017749842646935
                ],
                "Si": [
                    [
                        1.0580298280650637,
                        -2.760341993160651e-06,
                        -0.9565646582589884,
                        0.2070693375127767,
                        -0.25710673214067387,
                        1.7334395179667716
                    ],
                    [
                        -2.76034199316065e-06,
                        1.018762490445848e-06,
                        3.1506585458011628e-06,
                        -2.341446404249514e-07,
                        2.731428963575728e-06,
                        -1.0503741830726479e-06
                    ],
                    [
                        -0.9565646582589884,
                        3.1506585458011628e-06,
                        1.8075823750930853,
                        0.31043540071615017,
                        0.6345539161042777,
                        -2.8965069233782255
                    ],
                    [
                        0.20706933751277667,
                        -2.341446404249514e-07,
                        0.3104354007161502,
                        1.2802067250050166,
                        -0.5496609755040466,
                        -0.40967334751348655
                    ],
                    [
                        -0.25710673214067387,
                        2.731428963575728e-06,
                        0.6345539161042777,
                        -0.5496609755040465,
                        1.6973046952918334,
                        -1.7228993875034055
                    ],
                    [
                        1.7334395179667714,
                        -1.0503741830726477e-06,
                        -2.896506923378225,
                        -0.40967334751348666,
                        -1.7228993875034055,
                        6.204918297064387
                    ]
                ]
            },
            "est_tgt": [
                1,
                2
            ]
        },
        "2": {
            "intv_type": "do",
            "inode": 2,
            "new_mui": 1.0,
            "true_params": {
                "Si": [
                    [
                        1.0,
                        0.9662437116442157,
                        0.0,
                        1.662181815852861,
                        -1.2953009447007804,
                        0.9159973968907164
                    ],
                    [
                        0.9662437116442157,
                        1.9336269102919903,
                        0.0,
                        2.563544448001822,
                        -2.721953880832836,
                        1.500055206960361
                    ],
                    [
                        0.0,
                        0.0,
                        0.0,
                        0.0,
                        0.0,
                        0.0
                    ],
                    [
                        1.662181815852861,
                        2.563544448001822,
                        0.0,
                        4.679600485130795,
                        -4.292324172556687,
                        2.0924202386956936
                    ],
                    [
                        -1.2953009447007804,
                        -2.721953880832836,
                        0.0,
                        -4.292324172556687,
                        5.374838911594402,
                        -2.8990897686541706
                    ],
                    [
                        0.9159973968907164,
                        1.500055206960361,
                        0.0,
                        2.0924202386956936,
                        -2.8990897686541706,
                        2.8936453969405234
                    ]
                ],
                "mui": [
                    0.0,
                    0.0,
                    1.0,
                    0.5453310126396242,
                    0.37135841179841395,
                    -1.3766777128007286
                ],
                "Ai": [
                    [
                        0.0,
                        0.0,
                        0.0,
                        0.0,
                        0.0,
                        0.0
                    ],
                    [
                        0.9662437116442157,
                        0.0,
                        0.0,
                        0.0,
                        0.0,
                        0.0
                    ],
                    [
                        0.0,
                        0.0,
                        0.0,
                        0.0,
                        0.0,
                        0.0
                    ],
                    [
                        0.7370307865288946,
                        0.9574717208246315,
                        0.5453310126396242,
                        0.0,
                        0.0,
                        0.0
                    ],
                    [
                        0.6645459029943992,
                        -0.770031320397236,
                        0.7702427617482164,
                        -0.7314536322059508,
                        0.0,
                        0.0
                    ],
                    [
                        0.8821503765633638,
                        0.0,
                        -0.7330345195087273,
                        -0.6203700542782008,
                        -0.8222142105317871,
                        0.0
                    ]
                ]
            },
            "est_params": {
                "mui": [
                    0.003199851344985611,
                    0.04660577672052673,
                    1.0000042860424978,
                    0.5641463632097916,
                    0.2613568204988632,
                    -1.2422345071407699
                ],
                "Si": [
                    [
                        1.0528880797957643,
                        1.0580289248623993,
                        1.5926029182513867e-06,
                        1.7584735361148716,
                        -1.3933969686032888,
                        0.9877400943791239
                    ],
                    [
                        1.058028924862399,
                        2.044798518978207,
                        1.3260223584751185e-06,
                        2.640795858342998,
                        -2.8329371429200227,
                        1.6433682727124157
                    ],
                    [
                        1.5926029182513869e-06,
                        1.3260223584751185e-06,
                        1.0120147223354132e-06,
                        -6.22075965058354e-07,
                        7.826553899383765e-06,
                        -2.526869580122872e-06
                    ],
                    [
                        1.7584735361148716,
                        2.640795858342998,
                        -6.220759650583541e-07,
                        4.685263114212711,
                        -4.2756946762680155,
                        2.179279826446954
                    ],
                    [
                        -1.3933969686032885,
                        -2.8329371429200227,
                        7.826553899383765e-06,
                        -4.2756946762680155,
                        5.426160322656352,
                        -3.0212690451449458
                    ],
                    [
                        0.9877400943791237,
                        1.6433682727124157,
                        -2.526869580122872e-06,
                        2.1792798264469546,
                        -3.0212690451449458,
                        2.970416592105004
                    ]
                ]
            },
            "est_tgt": [
                1,
                2
            ]
        },
        "3": {
            "intv_type": "do",
            "inode": 3,
            "new_mui": 1.0,
            "true_params": {
                "Si": [
                    [
                        1.0,
                        0.9662437116442157,
                        -0.138161289747199,
                        0.0,
                        -0.18590975149010047,
                        1.1362850107595017
                    ],
                    [
                        0.9662437116442157,
                        1.9336269102919903,
                        0.625799871315718,
                        0.0,
                        -0.3648221618366068,
                        0.6936013118793722
                    ],
                    [
                        -0.138161289747199,
                        0.625799871315718,
                        1.5956210057678588,
                        0.0,
                        0.6553155099185164,
                        -1.8303340356949347
                    ],
                    [
                        0.0,
                        0.0,
                        0.0,
                        0.0,
                        0.0,
                        0.0
                    ],
                    [
                        -0.18590975149010047,
                        -0.3648221618366068,
                        0.6553155099185164,
                        0.0,
                        1.6621309554858419,
                        -2.0109969385887663
                    ],
                    [
                        1.1362850107595017,
                        0.6936013118793722,
                        -1.8303340356949347,
                        0.0,
                        -2.0109969385887663,
                        4.99754254076451
                    ]
                ],
                "mui": [
                    0.0,
                    0.0,
                    0.0,
                    1.0,
                    -0.7314536322059508,
                    -0.018958483533376813
                ],
                "Ai": [
                    [
                        0.0,
                        0.0,
                        0.0,
                        0.0,
                        0.0,
                        0.0
                    ],
                    [
                        0.9662437116442157,
                        0.0,
                        0.0,
                        0.0,
                        0.0,
                        0.0
                    ],
                    [
                        -0.8718275782224048,
                        0.7592973487266035,
                        0.0,
                        0.0,
                        0.0,
                        0.0
                    ],
                    [
                        0.0,
                        0.0,
                        0.0,
                        0.0,
                        0.0,
                        0.0
                    ],
                    [
                        0.6645459029943992,
                        -0.770031320397236,
                        0.7702427617482164,
                        -0.7314536322059508,
                        0.0,
                        0.0
                    ],
                    [
                        0.8821503765633638,
                        0.0,
                        -0.7330345195087273,
                        -0.6203700542782008,
                        -0.8222142105317871,
                        0.0
                    ]
                ]
            },
            "est_params": {
                "mui": [
                    0.0023651529594673737,
                    0.02227045319105735,
                    0.003777333256421666,
                    0.9999916511660607,
                    -0.7516785849608192,
                    -0.012475739764078739
                ],
                "Si": [
                    [
                        1.062538670839487,
                        1.068965419936638,
                        -0.12312797176127553,
                        -6.226832739535994e-06,
                        -0.2460345568605252,
                        1.1838789233851479
                    ],
                    [
                        1.0689654199366383,
                        2.1467364363309045,
                        0.6990599773647309,
                        -9.553422205120938e-06,
                        -0.4447825851028903,
                        0.7903933247581425
                    ],
                    [
                        -0.12312797176127553,
                        0.6990599773647309,
                        1.6640888760718333,
                        3.1951108115789234e-06,
                        0.7195891154889368,
                        -1.8848716198857012
                    ],
                    [
                        -6.2268327395359945e-06,
                        -9.553422205120938e-06,
                        3.195110811578923e-06,
                        1.0221182142908992e-06,
                        1.006564982638122e-05,
                        -1.3409946415101495e-05
                    ],
                    [
                        -0.2460345568605252,
                        -0.4447825851028904,
                        0.7195891154889368,
                        1.006564982638122e-05,
                        1.866346651124464,
                        -2.1541988231269658
                    ],
                    [
                        1.1838789233851479,
                        0.7903933247581425,
                        -1.8848716198857012,
                        -1.3409946415101494e-05,
                        -2.1541988231269658,
                        4.982938131813743
                    ]
                ]
            },
            "est_tgt": [
                3,
                4
            ]
        },
        "4": {
            "intv_type": "do",
            "inode": 4,
            "new_mui": 1.0,
            "true_params": {
                "Si": [
                    [
                        1.0,
                        0.9662437116442157,
                        -0.138161289747199,
                        1.5868381798074245,
                        0.0,
                        -0.000999516529945375
                    ],
                    [
                        0.9662437116442157,
                        1.9336269102919903,
                        0.625799871315718,
                        2.9048125255361694,
                        0.0,
                        -1.4084193580344844
                    ],
                    [
                        -0.138161289747199,
                        0.625799871315718,
                        1.5956210057678588,
                        1.367498174494711,
                        0.0,
                        -2.1398792277946708
                    ],
                    [
                        1.5868381798074245,
                        2.9048125255361694,
                        1.367498174494711,
                        5.696563603535644,
                        0.0,
                        -3.136570941332181
                    ],
                    [
                        0.0,
                        0.0,
                        0.0,
                        0.0,
                        0.0,
                        0.0
                    ],
                    [
                        -0.000999516529945375,
                        -1.4084193580344844,
                        -2.1398792277946708,
                        -3.136570941332181,
                        0.0,
                        4.513558302791573
                    ]
                ],
                "mui": [
                    0.0,
                    0.0,
                    0.0,
                    0.0,
                    1.0,
                    -0.8222142105317871
                ],
                "Ai": [
                    [
                        0.0,
                        0.0,
                        0.0,
                        0.0,
                        0.0,
                        0.0
                    ],
                    [
                        0.9662437116442157,
                        0.0,
                        0.0,
                        0.0,
                        0.0,
                        0.0
                    ],
                    [
                        -0.8718275782224048,
                        0.7592973487266035,
                        0.0,
                        0.0,
                        0.0,
                        0.0
                    ],
                    [
                        0.7370307865288946,
                        0.9574717208246315,
                        0.5453310126396242,
                        0.0,
                        0.0,
                        0.0
                    ],
                    [
                        0.0,
                        0.0,
                        0.0,
                        0.0,
                        0.0,
                        0.0
                    ],
                    [
                        0.8821503765633638,
                        0.0,
                        -0.7330345195087273,
                        -0.6203700542782008,
                        -0.8222142105317871,
                        0.0
                    ]
                ]
            },
            "est_params": {
                "mui": [
                    0.028387909644045476,
                    -0.011747222419410168,
                    -0.08351152914502005,
                    -0.007219420174835245,
                    1.0000031674859793,
                    -0.7286657680117887
                ],
                "Si": [
                    [
                        1.0498274901845521,
                        1.029359158661227,
                        -0.06121166319271217,
                        1.7741155035151814,
                        5.283934390764312e-06,
                        -0.10487859425447309
                    ],
                    [
                        1.029359158661227,
                        1.9849821483503396,
                        0.7023727636071518,
                        3.0844881002513764,
                        3.4315939841463966e-06,
                        -1.4473545735209805
                    ],
                    [
                        -0.06121166319271216,
                        0.7023727636071518,
                        1.6256509945982411,
                        1.5697672542221623,
                        9.452351684548156e-07,
                        -2.1249806868799506
                    ],
                    [
                        1.7741155035151814,
                        3.0844881002513764,
                        1.569767254222162,
                        6.319119183847909,
                        6.192450278571456e-07,
                        -3.4052298344793814
                    ],
                    [
                        5.283934390764312e-06,
                        3.4315939841463958e-06,
                        9.452351684548156e-07,
                        6.192450278571456e-07,
                        1.0100966757366982e-06,
                        1.316182234344406e-05
                    ],
                    [
                        -0.10487859425447311,
                        -1.4473545735209805,
                        -2.1249806868799506,
                        -3.4052298344793814,
                        1.316182234344406e-05,
                        4.485241843517303
                    ]
                ]
            },
            "est_tgt": [
                3,
                4
            ]
        },
        "5": {
            "intv_type": "do",
            "inode": 5,
            "new_mui": 1.0,
            "true_params": {
                "Si": [
                    [
                        1.0,
                        0.9662437116442157,
                        -0.138161289747199,
                        1.5868381798074245,
                        -1.3466083018333208,
                        0.0
                    ],
                    [
                        0.9662437116442157,
                        1.9336269102919903,
                        0.625799871315718,
                        2.9048125255361694,
                        -2.489557834517379,
                        0.0
                    ],
                    [
                        -0.138161289747199,
                        0.625799871315718,
                        1.5956210057678588,
                        1.367498174494711,
                        -0.34494599685064736,
                        0.0
                    ],
                    [
                        1.5868381798074245,
                        2.9048125255361694,
                        1.367498174494711,
                        5.696563603535644,
                        -4.295736381728849,
                        0.0
                    ],
                    [
                        -1.3466083018333208,
                        -2.489557834517379,
                        -0.34494599685064736,
                        -4.295736381728849,
                        4.898594298743705,
                        0.0
                    ],
                    [
                        0.0,
                        0.0,
                        0.0,
                        0.0,
                        0.0,
                        0.0
                    ]
                ],
                "mui": [
                    0.0,
                    0.0,
                    0.0,
                    0.0,
                    0.0,
                    1.0
                ],
                "Ai": [
                    [
                        0.0,
                        0.0,
                        0.0,
                        0.0,
                        0.0,
                        0.0
                    ],
                    [
                        0.9662437116442157,
                        0.0,
                        0.0,
                        0.0,
                        0.0,
                        0.0
                    ],
                    [
                        -0.8718275782224048,
                        0.7592973487266035,
                        0.0,
                        0.0,
                        0.0,
                        0.0
                    ],
                    [
                        0.7370307865288946,
                        0.9574717208246315,
                        0.5453310126396242,
                        0.0,
                        0.0,
                        0.0
                    ],
                    [
                        0.6645459029943992,
                        -0.770031320397236,
                        0.7702427617482164,
                        -0.7314536322059508,
                        0.0,
                        0.0
                    ],
                    [
                        0.0,
                        0.0,
                        0.0,
                        0.0,
                        0.0,
                        0.0
                    ]
                ]
            },
            "est_params": {
                "mui": [
                    -0.06839622145950158,
                    -0.11810912658549473,
                    -0.04116986450309193,
                    -0.22283871690546897,
                    0.14925928697096963,
                    0.9999982841069974
                ],
                "Si": [
                    [
                        0.9367619208047937,
                        0.8118353522713982,
                        -0.18820631149161465,
                        1.4157410990540957,
                        -1.1776997734201657,
                        1.7098826723464366e-06
                    ],
                    [
                        0.8118353522713984,
                        1.7364700036564018,
                        0.6365921645214582,
                        2.53620214544246,
                        -2.185556998565991,
                        3.15297425323442e-06
                    ],
                    [
                        -0.18820631149161468,
                        0.6365921645214583,
                        1.6623566008835744,
                        1.196145185306737,
                        -0.2723473275729155,
                        1.746527864669487e-07
                    ],
                    [
                        1.4157410990540957,
                        2.53620214544246,
                        1.196145185306737,
                        5.037246002508117,
                        -3.8351538876921074,
                        3.519694501703948e-06
                    ],
                    [
                        -1.1776997734201657,
                        -2.1855569985659913,
                        -0.27234732757291547,
                        -3.8351538876921074,
                        4.457503923100037,
                        -1.671132360453099e-06
                    ],
                    [
                        1.7098826723464366e-06,
                        3.1529742532344196e-06,
                        1.746527864669487e-07,
                        3.5196945017039477e-06,
                        -1.671132360453099e-06,
                        1.0066862150752302e-06
                    ]
                ]
            },
            "est_tgt": [
                3,
                5
            ]
        },
        "obs": {
            "intv_type": "obs",
            "true_params": {
                "Si": [
                    [
                        1.0,
                        0.9662437116442157,
                        -0.138161289747199,
                        1.5868381798074245,
                        -1.3466083018333208,
                        1.106200965257489
                    ],
                    [
                        0.9662437116442157,
                        1.9336269102919903,
                        0.625799871315718,
                        2.9048125255361694,
                        -2.489557834517379,
                        0.6385304714464481
                    ],
                    [
                        -0.138161289747199,
                        0.625799871315718,
                        1.5956210057678588,
                        1.367498174494711,
                        -0.34494599685064736,
                        -1.8562597273180155
                    ],
                    [
                        1.5868381798074245,
                        2.9048125255361694,
                        1.367498174494711,
                        5.696563603535644,
                        -4.295736381728849,
                        0.3954445564236805
                    ],
                    [
                        -1.3466083018333208,
                        -2.489557834517379,
                        -0.34494599685064736,
                        -4.295736381728849,
                        4.898594298743705,
                        -2.2978013292468424
                    ],
                    [
                        1.106200965257489,
                        0.6385304714464481,
                        -1.8562597273180155,
                        0.3954445564236805,
                        -2.2978013292468424,
                        4.980501000307619
                    ]
                ],
                "mui": [
                    0.0,
                    0.0,
                    0.0,
                    0.0,
                    0.0,
                    0.0
                ],
                "Ai": [
                    [
                        0.0,
                        0.0,
                        0.0,
                        0.0,
                        0.0,
                        0.0
                    ],
                    [
                        0.9662437116442157,
                        0.0,
                        0.0,
                        0.0,
                        0.0,
                        0.0
                    ],
                    [
                        -0.8718275782224048,
                        0.7592973487266035,
                        0.0,
                        0.0,
                        0.0,
                        0.0
                    ],
                    [
                        0.7370307865288946,
                        0.9574717208246315,
                        0.5453310126396242,
                        0.0,
                        0.0,
                        0.0
                    ],
                    [
                        0.6645459029943992,
                        -0.770031320397236,
                        0.7702427617482164,
                        -0.7314536322059508,
                        0.0,
                        0.0
                    ],
                    [
                        0.8821503765633638,
                        0.0,
                        -0.7330345195087273,
