{
    "expt_args": {
        "save_dir": "expt_logs_30.04.24-sp1",
        "exp_name": "477",
        "num_nodes": 6,
        "obs_noise_mean": 0.0,
        "obs_noise_var": 1.0,
        "max_edge_strength": 1.0,
        "graph_sparsity_method": "adj_dense_prop",
        "adj_dense_prop": 0.8,
        "num_parents": null,
        "new_noise_mean": 1.0,
        "mix_samples": 32768,
        "stage2_samples": 32768,
        "gmm_tol": 0.001,
        "intv_targets": [
            0,
            1,
            2,
            3,
            4,
            5
        ]
    },
    "intv_args_dict": {
        "0": {
            "intv_type": "do",
            "inode": 0,
            "new_mui": 1.0,
            "true_params": {
                "Si": [
                    [
                        0.0,
                        0.0,
                        0.0,
                        0.0,
                        0.0,
                        0.0
                    ],
                    [
                        0.0,
                        1.0,
                        -0.6632478479545116,
                        -1.1526619102831885,
                        0.668285659532359,
                        -0.4253393718917089
                    ],
                    [
                        0.0,
                        -0.6632478479545116,
                        1.4398977078162911,
                        1.6876988660851842,
                        -0.5835693839653662,
                        0.9234032021659823
                    ],
                    [
                        0.0,
                        -1.1526619102831885,
                        1.6876988660851842,
                        3.180924644556486,
                        -0.29915401072215586,
                        1.0823175346243332
                    ],
                    [
                        0.0,
                        0.668285659532359,
                        -0.5835693839653662,
                        -0.29915401072215586,
                        1.8271462318488374,
                        -0.37424174989269476
                    ],
                    [
                        0.0,
                        -0.4253393718917089,
                        0.9234032021659823,
                        1.0823175346243332,
                        -0.37424174989269476,
                        1.5921764227707056
                    ]
                ],
                "mui": [
                    1.0,
                    -0.9550123785288643,
                    -0.2982926267564162,
                    -0.4349422674379411,
                    -0.9133134761238058,
                    -1.088619588214232
                ],
                "Ai": [
                    [
                        0.0,
                        0.0,
                        0.0,
                        0.0,
                        0.0,
                        0.0
                    ],
                    [
                        -0.9550123785288643,
                        0.0,
                        0.0,
                        0.0,
                        0.0,
                        0.0
                    ],
                    [
                        -0.9317025315856049,
                        -0.6632478479545116,
                        0.0,
                        0.0,
                        0.0,
                        0.0
                    ],
                    [
                        -0.6756024344487861,
                        -0.5403526015776423,
                        0.9231983346707231,
                        0.0,
                        0.0,
                        0.0
                    ],
                    [
                        0.0,
                        0.899804991642522,
                        -0.6949012918731681,
                        0.6007061674448309,
                        0.0,
                        0.0
                    ],
                    [
                        -0.8973251891509066,
                        0.0,
                        0.6412977791084826,
                        -0.0,
                        -0.0,
                        0.0
                    ]
                ]
            },
            "est_params": {
                "mui": [
                    0.9999985708536536,
                    -0.9726600531788602,
                    -0.28544980329322345,
                    -0.402869197609944,
                    -0.8977495493214281,
                    -1.1044649784257672
                ],
                "Si": [
                    [
                        1.012624448852327e-06,
                        -2.5012893649097407e-09,
                        -9.57007935399953e-07,
                        -9.686189288483767e-07,
                        2.7149805760239453e-06,
                        -1.3939032700109724e-06
                    ],
                    [
                        -2.5012893649097378e-09,
                        1.027511857636852,
                        -0.6856553122160503,
                        -1.1943817398886538,
                        0.67107894133881,
                        -0.44740373633635283
                    ],
                    [
                        -9.570079353999522e-07,
                        -0.6856553122160503,
                        1.4871211189757534,
                        1.7517719219960344,
                        -0.5828025974649402,
                        0.9782693363901253
                    ],
                    [
                        -9.686189288483767e-07,
                        -1.1943817398886538,
                        1.7517719219960344,
                        3.2592243981266935,
                        -0.3154714528203459,
                        1.1656884587873002
                    ],
                    [
                        2.7149805760239453e-06,
                        0.67107894133881,
                        -0.5828025974649402,
                        -0.3154714528203459,
                        1.7953425548959838,
                        -0.38393360018684114
                    ],
                    [
                        -1.3939032700109724e-06,
                        -0.4474037363363527,
                        0.9782693363901253,
                        1.1656884587873002,
                        -0.38393360018684114,
                        1.6613872622393504
                    ]
                ]
            },
            "est_tgt": [
                0,
                1,
                2,
                3
            ]
        },
        "1": {
            "intv_type": "do",
            "inode": 1,
            "new_mui": 1.0,
            "true_params": {
                "Si": [
                    [
                        1.0,
                        0.0,
                        -0.9317025315856049,
                        -1.5357486600171133,
                        -0.27509239887707665,
                        -1.494823953446506
                    ],
                    [
                        0.0,
                        0.0,
                        0.0,
                        0.0,
                        0.0,
                        0.0
                    ],
                    [
                        -0.9317025315856049,
                        0.0,
                        1.868069607363025,
                        2.354059249087868,
                        0.11597392599206163,
                        2.0340290408093944
                    ],
                    [
                        -1.5357486600171133,
                        0.0,
                        2.354059249087868,
                        4.210819111883156,
                        0.8936261971656374,
                        2.88771892516794
                    ],
                    [
                        -0.27509239887707665,
                        0.0,
                        0.11597392599206163,
                        0.8936261971656374,
                        1.456216337032182,
                        0.3212211600295501
                    ],
                    [
                        -1.494823953446506,
                        0.0,
                        2.0340290408093944,
                        2.88771892516794,
                        0.3212211600295501,
                        3.645761493286914
                    ]
                ],
                "mui": [
                    0.0,
                    1.0,
                    -0.6632478479545116,
                    -1.1526619102831885,
                    0.668285659532359,
                    -0.4253393718917089
                ],
                "Ai": [
                    [
                        0.0,
                        0.0,
                        0.0,
                        0.0,
                        0.0,
                        0.0
                    ],
                    [
                        0.0,
                        0.0,
                        0.0,
                        0.0,
                        0.0,
                        0.0
                    ],
                    [
                        -0.9317025315856049,
                        -0.6632478479545116,
                        0.0,
                        0.0,
                        0.0,
                        0.0
                    ],
                    [
                        -0.6756024344487861,
                        -0.5403526015776423,
                        0.9231983346707231,
                        0.0,
                        0.0,
                        0.0
                    ],
                    [
                        0.0,
                        0.899804991642522,
                        -0.6949012918731681,
                        0.6007061674448309,
                        0.0,
                        0.0
                    ],
                    [
                        -0.8973251891509066,
                        0.0,
                        0.6412977791084826,
                        -0.0,
                        -0.0,
                        0.0
                    ]
                ]
            },
            "est_params": {
                "mui": [
                    0.000919469015239936,
                    1.000000576387909,
                    -0.6515523398581234,
                    -1.1429513739605988,
                    0.6621951833478663,
                    -0.425677298796209
                ],
                "Si": [
                    [
                        1.021559285372527,
                        1.7338997260746896e-06,
                        -0.9812604271503703,
                        -1.5910675979442355,
                        -0.2518770233985524,
                        -1.5454686722205082
                    ],
                    [
                        1.7338997260746896e-06,
                        1.0083377583046658e-06,
                        -1.480721205614624e-06,
                        -2.214982499890735e-06,
                        -8.260588601445096e-07,
                        -3.0411399613318277e-06
                    ],
                    [
                        -0.9812604271503703,
                        -1.4807212056146236e-06,
                        1.9169831898690266,
                        2.432989286455823,
                        0.11785271370936284,
                        2.0846831296456014
                    ],
                    [
                        -1.5910675979442355,
                        -2.214982499890735e-06,
                        2.432989286455823,
                        4.328258189928341,
                        0.8952138176718264,
                        2.981068624437998
                    ],
                    [
                        -0.25187702339855234,
                        -8.260588601445097e-07,
                        0.11785271370936284,
                        0.8952138176718264,
                        1.439875223345315,
                        0.31331654268976256
                    ],
                    [
                        -1.5454686722205082,
                        -3.0411399613318277e-06,
                        2.0846831296456014,
                        2.981068624437998,
                        0.31331654268976256,
                        3.6868862746109508
                    ]
                ]
            },
            "est_tgt": [
                0,
                1,
                3
            ]
        },
        "2": {
            "intv_type": "do",
            "inode": 2,
            "new_mui": 1.0,
            "true_params": {
                "Si": [
                    [
                        1.0,
                        -0.9550123785288643,
                        0.0,
                        -0.1595590111718621,
                        -0.955172987363006,
                        -0.8973251891509066
                    ],
                    [
                        -0.9550123785288643,
                        1.912048643143359,
                        0.0,
                        -0.38797177080268863,
                        1.4874138778480381,
                        0.8569566632048704
                    ],
                    [
                        0.0,
                        0.0,
                        0.0,
                        0.0,
                        0.0,
                        0.0
                    ],
                    [
                        -0.1595590111718621,
                        -0.38797177080268863,
                        0.0,
                        1.3174400120778686,
                        0.4422954045091204,
                        0.1431763198805228
                    ],
                    [
                        -0.955172987363006,
                        1.4874138778480381,
                        0.0,
                        0.4422954045091204,
                        2.60407200924716,
                        0.8571007815573459
                    ],
                    [
                        -0.8973251891509066,
                        0.8569566632048704,
                        0.0,
                        0.1431763198805228,
                        0.8571007815573459,
                        1.8051924950847105
                    ]
                ],
                "mui": [
                    0.0,
                    0.0,
                    1.0,
                    0.9231983346707231,
                    -0.1403303584616677,
                    0.6412977791084826
                ],
                "Ai": [
                    [
                        0.0,
                        0.0,
                        0.0,
                        0.0,
                        0.0,
                        0.0
                    ],
                    [
                        -0.9550123785288643,
                        0.0,
                        0.0,
                        0.0,
                        0.0,
                        0.0
                    ],
                    [
                        0.0,
                        0.0,
                        0.0,
                        0.0,
                        0.0,
                        0.0
                    ],
                    [
                        -0.6756024344487861,
                        -0.5403526015776423,
                        0.9231983346707231,
                        0.0,
                        0.0,
                        0.0
                    ],
                    [
                        0.0,
                        0.899804991642522,
                        -0.6949012918731681,
                        0.6007061674448309,
                        0.0,
                        0.0
                    ],
                    [
                        -0.8973251891509066,
                        0.0,
                        0.6412977791084826,
                        -0.0,
                        -0.0,
                        0.0
                    ]
                ]
            },
            "est_params": {
                "mui": [
                    0.028147928218979202,
                    -0.015628975239282878,
                    1.0000029121294172,
                    0.9325707290400593,
                    -0.14193223137240155,
                    0.6312010486202605
                ],
                "Si": [
                    [
                        0.9912425180609238,
                        -0.9535250284580407,
                        -6.099155867528159e-07,
                        -0.15594878485607197,
                        -0.9449456083564155,
                        -0.8750324582299885
                    ],
                    [
                        -0.9535250284580407,
                        1.9161369538993973,
                        3.0509221840382543e-07,
                        -0.42946227067418213,
                        1.4641838663803812,
                        0.8488375788225544
                    ],
                    [
                        -6.099155867528159e-07,
                        3.0509221840382533e-07,
                        1.016746576485572e-06,
                        1.0423012343540767e-06,
                        -7.947615883965553e-07,
                        4.040366185192079e-07
                    ],
                    [
                        -0.15594878485607194,
                        -0.42946227067418213,
                        1.0423012343540765e-06,
                        1.3280231770966535,
                        0.4207369370818303,
                        0.16645106733357487
                    ],
                    [
                        -0.9449456083564153,
                        1.464183866380381,
                        -7.947615883965553e-07,
                        0.4207369370818303,
                        2.5630090026107872,
                        0.8388556575333496
                    ],
                    [
                        -0.8750324582299885,
                        0.8488375788225544,
                        4.040366185192079e-07,
                        0.16645106733357487,
                        0.8388556575333496,
                        1.7650297652252114
                    ]
                ]
            },
            "est_tgt": [
                0,
                2,
                3
            ]
        },
        "3": {
            "intv_type": "do",
            "inode": 3,
            "new_mui": 1.0,
            "true_params": {
                "Si": [
                    [
                        1.0,
                        -0.9550123785288643,
                        -0.2982926267564162,
                        0.0,
                        -0.6520409735913955,
                        -1.088619588214232
                    ],
                    [
                        -0.9550123785288643,
                        1.912048643143359,
                        -0.37837469697824383,
                        0.0,
                        1.9834039791060056,
                        0.6143058103618777
                    ],
                    [
                        -0.2982926267564162,
                        -0.37837469697824383,
                        1.5288761989935336,
                        0.0,
                        -1.4028814868469959,
                        1.2481303986728935
                    ],
                    [
                        0.0,
                        0.0,
                        0.0,
                        0.0,
                        0.0,
                        0.0
                    ],
                    [
                        -0.6520409735913955,
                        1.9834039791060056,
                        -1.4028814868469959,
                        0.0,
                        3.7595409583981523,
                        -0.3145719919053441
                    ],
                    [
                        -1.088619588214232,
                        0.6143058103618777,
                        1.2481303986728935,
                        0.0,
                        -0.3145719919053441,
                        2.7772690306144296
                    ]
                ],
                "mui": [
                    0.0,
                    0.0,
                    0.0,
                    1.0,
                    0.6007061674448309,
                    0.0
                ],
                "Ai": [
                    [
                        0.0,
                        0.0,
                        0.0,
                        0.0,
                        0.0,
                        0.0
                    ],
                    [
                        -0.9550123785288643,
                        0.0,
                        0.0,
                        0.0,
                        0.0,
                        0.0
                    ],
                    [
                        -0.9317025315856049,
                        -0.6632478479545116,
                        0.0,
                        0.0,
                        0.0,
                        0.0
                    ],
                    [
                        0.0,
                        0.0,
                        0.0,
                        0.0,
                        0.0,
                        0.0
                    ],
                    [
                        0.0,
                        0.899804991642522,
                        -0.6949012918731681,
                        0.6007061674448309,
                        0.0,
                        0.0
                    ],
                    [
                        -0.8973251891509066,
                        0.0,
                        0.6412977791084826,
                        -0.0,
                        -0.0,
                        0.0
                    ]
                ]
            },
            "est_params": {
                "mui": [
                    0.01426356602878972,
                    -0.005779782896429347,
                    -0.029693773849932534,
                    1.0000013516809039,
                    0.622888720427552,
                    -0.022538771346265623
                ],
                "Si": [
                    [
                        1.001024833741355,
                        -0.9642555332010398,
                        -0.32058412133700037,
                        3.691918498599921e-07,
                        -0.650382282574001,
                        -1.0853278710294532
                    ],
                    [
                        -0.9642555332010398,
                        1.9337725683372562,
                        -0.3748196894109425,
                        -1.4450338912668232e-06,
                        2.031351477737133,
                        0.5878592401756673
                    ],
                    [
                        -0.3205841213370003,
                        -0.3748196894109425,
                        1.5752287088055763,
                        2.079211990401642e-06,
                        -1.4197988923799527,
                        1.2868966950388732
                    ],
                    [
                        3.691918498599922e-07,
                        -1.4450338912668232e-06,
                        2.079211990401642e-06,
                        1.0092443465573582e-06,
                        -2.8709572118016015e-06,
                        2.2413707126378797e-06
                    ],
                    [
                        -0.6503822825740011,
                        2.031351477737133,
                        -1.419798892379953,
                        -2.870957211801601e-06,
                        3.8284130112287875,
                        -0.3458713934001839
                    ],
                    [
                        -1.0853278710294532,
                        0.5878592401756673,
                        1.2868966950388732,
                        2.2413707126378792e-06,
                        -0.3458713934001839,
                        2.798808454634123
                    ]
                ]
            },
            "est_tgt": [
                0,
                2,
                3
            ]
        },
        "4": {
            "intv_type": "do",
            "inode": 4,
            "new_mui": 1.0,
            "true_params": {
                "Si": [
                    [
                        1.0,
                        -0.9550123785288643,
                        -0.2982926267564162,
                        -0.4349422674379411,
                        0.0,
                        -1.088619588214232
                    ],
                    [
                        -0.9550123785288643,
                        1.912048643143359,
                        -0.37837469697824383,
                        -0.737286660934543,
                        0.0,
                        0.6143058103618777
                    ],
                    [
                        -0.2982926267564162,
                        -0.37837469697824383,
                        1.5288761989935336,
                        1.8174389375266395,
                        0.0,
                        1.2481303986728935
                    ],
                    [
                        -0.4349422674379411,
                        -0.737286660934543,
                        1.8174389375266395,
                        3.3700994205605435,
                        0.0,
                        1.555804206699589
                    ],
                    [
                        0.0,
                        0.0,
                        0.0,
                        0.0,
                        0.0,
                        0.0
                    ],
                    [
                        -1.088619588214232,
                        0.6143058103618777,
                        1.2481303986728935,
                        1.555804206699589,
                        0.0,
                        2.7772690306144296
                    ]
                ],
                "mui": [
                    0.0,
                    0.0,
                    0.0,
                    0.0,
                    1.0,
                    0.0
                ],
                "Ai": [
                    [
                        0.0,
                        0.0,
                        0.0,
                        0.0,
                        0.0,
                        0.0
                    ],
                    [
                        -0.9550123785288643,
                        0.0,
                        0.0,
                        0.0,
                        0.0,
                        0.0
                    ],
                    [
                        -0.9317025315856049,
                        -0.6632478479545116,
                        0.0,
                        0.0,
                        0.0,
                        0.0
                    ],
                    [
                        -0.6756024344487861,
                        -0.5403526015776423,
                        0.9231983346707231,
                        0.0,
                        0.0,
                        0.0
                    ],
                    [
                        0.0,
                        0.0,
                        0.0,
                        0.0,
                        0.0,
                        0.0
                    ],
                    [
                        -0.8973251891509066,
                        0.0,
                        0.6412977791084826,
                        -0.0,
                        -0.0,
                        0.0
                    ]
                ]
            },
            "est_params": {
                "mui": [
                    -0.019325979300876036,
                    0.03037786055971701,
                    -0.009706514976193452,
                    -0.005262561534227102,
                    1.0000007438924556,
                    0.024350159493802464
                ],
                "Si": [
                    [
                        1.0311833814836755,
                        -1.0013664602323857,
                        -0.2675604545013466,
                        -0.4075084687930474,
                        -3.9437018337408414e-07,
                        -1.0987136592418436
                    ],
                    [
                        -1.001366460232386,
                        1.9354954343356001,
                        -0.36994989668087847,
                        -0.6924595444007868,
                        -4.365058291696031e-07,
                        0.6679549978955798
                    ],
                    [
                        -0.2675604545013466,
                        -0.3699498966808786,
                        1.508827561637581,
                        1.7563146479753378,
                        2.152811478550267e-06,
                        1.2044736105666491
                    ],
                    [
                        -0.4075084687930474,
                        -0.6924595444007868,
                        1.7563146479753378,
                        3.252224954199511,
                        1.8632826893543471e-06,
                        1.5008147928326097
                    ],
                    [
                        -3.943701833740839e-07,
                        -4.365058291696029e-07,
                        2.152811478550267e-06,
                        1.8632826893543471e-06,
                        1.0154793832969013e-06,
                        1.7583324995690708e-06
                    ],
                    [
                        -1.0987136592418436,
                        0.6679549978955799,
                        1.2044736105666491,
                        1.5008147928326097,
                        1.758332499569071e-06,
                        2.755519170910552
                    ]
                ]
            },
            "est_tgt": [
                4
            ]
        },
        "5": {
            "intv_type": "do",
            "inode": 5,
            "new_mui": 1.0,
            "true_params": {
                "Si": [
                    [
                        1.0,
                        -0.9550123785288643,
                        -0.2982926267564162,
                        -0.4349422674379411,
                        -0.9133134761238058,
                        0.0
                    ],
                    [
                        -0.9550123785288643,
                        1.912048643143359,
                        -0.37837469697824383,
                        -0.737286660934543,
                        1.5405113347078199,
                        0.0
                    ],
                    [
                        -0.2982926267564162,
                        -0.37837469697824383,
                        1.5288761989935336,
                        1.8174389375266395,
                        -0.3111347081203628,
                        0.0
                    ],
                    [
                        -0.4349422674379411,
                        -0.737286660934543,
                        1.8174389375266395,
                        3.3700994205605435,
                        0.0980846234647601,
                        0.0
                    ],
                    [
                        -0.9133134761238058,
                        1.5405113347078199,
                        -0.3111347081203628,
                        0.0980846234647601,
                        2.6612877375181867,
                        0.0
                    ],
                    [
                        0.0,
                        0.0,
                        0.0,
                        0.0,
                        0.0,
                        0.0
                    ]
                ],
                "mui": [
                    0.0,
                    0.0,
                    0.0,
                    0.0,
                    0.0,
                    1.0
                ],
                "Ai": [
                    [
                        0.0,
                        0.0,
                        0.0,
                        0.0,
                        0.0,
                        0.0
                    ],
                    [
                        -0.9550123785288643,
                        0.0,
                        0.0,
                        0.0,
                        0.0,
                        0.0
                    ],
                    [
                        -0.9317025315856049,
                        -0.6632478479545116,
                        0.0,
                        0.0,
                        0.0,
                        0.0
                    ],
                    [
                        -0.6756024344487861,
                        -0.5403526015776423,
                        0.9231983346707231,
                        0.0,
                        0.0,
                        0.0
                    ],
                    [
                        0.0,
                        0.899804991642522,
                        -0.6949012918731681,
                        0.6007061674448309,
                        0.0,
                        0.0
                    ],
                    [
                        0.0,
                        0.0,
                        0.0,
                        0.0,
                        0.0,
                        0.0
                    ]
                ]
            },
            "est_params": {
                "mui": [
                    0.024908697936981878,
                    -0.028086563603512815,
                    -0.004492528009465793,
                    -0.01506116881122899,
                    -0.018077330027968484,
                    1.0000016255588748
                ],
                "Si": [
                    [
                        1.004417903095178,
                        -0.9861456537189742,
                        -0.2957865623641014,
                        -0.40833355657817955,
                        -0.9162573501565785,
                        1.3411202610172973e-07
                    ],
                    [
                        -0.9861456537189742,
                        1.9794570705559986,
                        -0.37015180185179075,
                        -0.7380918248642203,
                        1.5912904011685507,
                        6.636256370059161e-07
                    ],
                    [
                        -0.2957865623641014,
                        -0.37015180185179075,
                        1.5149754862936977,
                        1.7763497344141574,
                        -0.31805530098282137,
                        7.114329974563985e-07
                    ],
                    [
                        -0.40833355657817955,
                        -0.7380918248642202,
                        1.7763497344141574,
                        3.2757284194936784,
                        0.023442090922697462,
                        9.030665756954324e-07
                    ],
                    [
                        -0.9162573501565785,
                        1.5912904011685507,
                        -0.3180553009828214,
                        0.023442090922697435,
                        2.6498024502076696,
                        1.265224647783714e-06
                    ],
                    [
                        1.3411202610172973e-07,
                        6.636256370059161e-07,
                        7.114329974563985e-07,
                        9.030665756954326e-07,
                        1.2652246477837138e-06,
                        1.0097258424545412e-06
                    ]
                ]
            },
            "est_tgt": [
                1,
                5
            ]
        },
        "obs": {
            "intv_type": "obs",
            "true_params": {
                "Si": [
                    [
                        1.0,
                        -0.9550123785288643,
                        -0.2982926267564162,
                        -0.4349422674379411,
                        -0.9133134761238058,
                        -1.088619588214232
                    ],
                    [
                        -0.9550123785288643,
                        1.912048643143359,
                        -0.37837469697824383,
                        -0.737286660934543,
                        1.5405113347078199,
                        0.6143058103618777
                    ],
                    [
                        -0.2982926267564162,
                        -0.37837469697824383,
                        1.5288761989935336,
                        1.8174389375266395,
                        -0.3111347081203628,
                        1.2481303986728935
                    ],
                    [
                        -0.4349422674379411,
                        -0.737286660934543,
                        1.8174389375266395,
                        3.3700994205605435,
                        0.0980846234647601,
                        1.555804206699589
                    ],
                    [
                        -0.9133134761238058,
                        1.5405113347078199,
                        -0.3111347081203628,
                        0.0980846234647601,
                        2.6612877375181867,
                        0.6200091903957116
                    ],
                    [
                        -1.088619588214232,
                        0.6143058103618777,
                        1.2481303986728935,
                        1.555804206699589,
                        0.6200091903957116,
                        2.7772690306144296
                    ]
                ],
                "mui": [
                    0.0,
                    0.0,
                    0.0,
                    0.0,
                    0.0,
                    0.0
                ],
                "Ai": [
                    [
                        0.0,
                        0.0,
                        0.0,
                        0.0,
                        0.0,
                        0.0
                    ],
                    [
                        -0.9550123785288643,
                        0.0,
                        0.0,
                        0.0,
                        0.0,
                        0.0
                    ],
                    [
                        -0.9317025315856049,
                        -0.6632478479545116,
                        0.0,
                        0.0,
                        0.0,
                        0.0
                    ],
                    [
                        -0.6756024344487861,
                        -0.5403526015776423,
                        0.9231983346707231,
                        0.0,
                        0.0,
                        0.0
                    ],
                    [
                        0.0,
                        0.899804991642522,
                        -0.6949012918731681,
                        0.6007061674448309,
                        0.0,
                        0.0
                    ],
                    [
                        -0.8973251891509066,
                        0.0,
                        0.6412977791084826,
                        -0.0,
                        -0.0,
                        0.0
