{
    "expt_args": {
        "save_dir": "expt_logs_30.04.24-sp1",
        "exp_name": "214",
        "num_nodes": 6,
        "obs_noise_mean": 0.0,
        "obs_noise_var": 1.0,
        "max_edge_strength": 1.0,
        "graph_sparsity_method": "adj_dense_prop",
        "adj_dense_prop": 0.4,
        "num_parents": null,
        "new_noise_mean": 1.0,
        "mix_samples": 65536,
        "stage2_samples": 65536,
        "gmm_tol": 0.001,
        "intv_targets": [
            0,
            1,
            2,
            3,
            4,
            5
        ]
    },
    "intv_args_dict": {
        "0": {
            "intv_type": "do",
            "inode": 0,
            "new_mui": 1.0,
            "true_params": {
                "Si": [
                    [
                        0.0,
                        0.0,
                        0.0,
                        0.0,
                        0.0,
                        0.0
                    ],
                    [
                        0.0,
                        1.0,
                        0.5325081599611647,
                        0.2839143991723516,
                        0.6675546139410868,
                        0.18609778527588722
                    ],
                    [
                        0.0,
                        0.5325081599611647,
                        1.2835649404252254,
                        -0.7888639910786377,
                        0.6448834649265962,
                        -0.5170778306827353
                    ],
                    [
                        0.0,
                        0.2839143991723516,
                        -0.7888639910786377,
                        1.9643027523230265,
                        0.5719592269865388,
                        1.2875443897325352
                    ],
                    [
                        0.0,
                        0.6675546139410868,
                        0.6448834649265962,
                        0.5719592269865388,
                        1.957736991147232,
                        0.37490294863730456
                    ],
                    [
                        0.0,
                        0.18609778527588722,
                        -0.5170778306827353,
                        1.2875443897325352,
                        0.37490294863730456,
                        1.8439485988456776
                    ]
                ],
                "mui": [
                    1.0,
                    0.6119361035381548,
                    0.32586096850890756,
                    0.17373747116790522,
                    0.4085007693540259,
                    0.11387995359880665
                ],
                "Ai": [
                    [
                        0.0,
                        0.0,
                        0.0,
                        0.0,
                        0.0,
                        0.0
                    ],
                    [
                        0.6119361035381548,
                        0.0,
                        0.0,
                        0.0,
                        0.0,
                        0.0
                    ],
                    [
                        0.0,
                        0.5325081599611647,
                        0.0,
                        0.0,
                        0.0,
                        0.0
                    ],
                    [
                        -0.0,
                        0.7844990812084293,
                        -0.9400507253683863,
                        0.0,
                        0.0,
                        0.0
                    ],
                    [
                        0.0,
                        -0.0,
                        0.9046556146428261,
                        0.6544864146756335,
                        0.0,
                        0.0
                    ],
                    [
                        -0.0,
                        0.0,
                        -0.0,
                        0.6554714583634613,
                        -0.0,
                        0.0
                    ]
                ]
            },
            "est_params": {
                "mui": [
                    0.9999983806598826,
                    0.6036630874911739,
                    0.3181548058176559,
                    0.16815887187109088,
                    0.4056092344466263,
                    0.11524552831387355
                ],
                "Si": [
                    [
                        1.015774697673616e-06,
                        -6.216353774672067e-07,
                        -2.308821432490494e-06,
                        1.449062491050731e-06,
                        5.064540239812165e-07,
                        -4.2359292529388627e-08
                    ],
                    [
                        -6.216353774672067e-07,
                        0.9913851858788677,
                        0.5224181531954757,
                        0.27053247278789133,
                        0.6460900613612093,
                        0.16681965581304709
                    ],
                    [
                        -2.3088214324904935e-06,
                        0.5224181531954757,
                        1.2486020041741606,
                        -0.7710554285245896,
                        0.6156976254142714,
                        -0.503340436387031
                    ],
                    [
                        1.4490624910507311e-06,
                        0.27053247278789133,
                        -0.7710554285245896,
                        1.943359586424955,
                        0.5807856185036616,
                        1.2538318452281698
                    ],
                    [
                        5.064540239812162e-07,
                        0.6460900613612093,
                        0.6156976254142716,
                        0.5807856185036617,
                        1.9104905737739468,
                        0.3706854414888991
                    ],
                    [
                        -4.23592925293888e-08,
                        0.16681965581304709,
                        -0.503340436387031,
                        1.2538318452281696,
                        0.3706854414888992,
                        1.7807952746752629
                    ]
                ]
            },
            "est_tgt": [
                0
            ]
        },
        "1": {
            "intv_type": "do",
            "inode": 1,
            "new_mui": 1.0,
            "true_params": {
                "Si": [
                    [
                        1.0,
                        0.0,
                        0.0,
                        0.0,
                        0.0,
                        0.0
                    ],
                    [
                        0.0,
                        0.0,
                        0.0,
                        0.0,
                        0.0,
                        0.0
                    ],
                    [
                        0.0,
                        0.0,
                        1.0,
                        -0.9400507253683863,
                        0.2894051857832423,
                        -0.6161764198928459
                    ],
                    [
                        0.0,
                        0.0,
                        -0.9400507253683863,
                        1.8836953662656293,
                        0.38243085985472397,
                        1.2347085488386265
                    ],
                    [
                        0.0,
                        0.0,
                        0.2894051857832423,
                        0.38243085985472397,
                        1.5121078285531984,
                        0.2506725134321684
                    ],
                    [
                        0.0,
                        0.0,
                        -0.6161764198928459,
                        1.2347085488386265,
                        0.2506725134321684,
                        1.8093162131610876
                    ]
                ],
                "mui": [
                    0.0,
                    1.0,
                    0.5325081599611647,
                    0.2839143991723516,
                    0.6675546139410868,
                    0.18609778527588722
                ],
                "Ai": [
                    [
                        0.0,
                        0.0,
                        0.0,
                        0.0,
                        0.0,
                        0.0
                    ],
                    [
                        0.0,
                        0.0,
                        0.0,
                        0.0,
                        0.0,
                        0.0
                    ],
                    [
                        0.0,
                        0.5325081599611647,
                        0.0,
                        0.0,
                        0.0,
                        0.0
                    ],
                    [
                        -0.0,
                        0.7844990812084293,
                        -0.9400507253683863,
                        0.0,
                        0.0,
                        0.0
                    ],
                    [
                        0.0,
                        -0.0,
                        0.9046556146428261,
                        0.6544864146756335,
                        0.0,
                        0.0
                    ],
                    [
                        -0.0,
                        0.0,
                        -0.0,
                        0.6554714583634613,
                        -0.0,
                        0.0
                    ]
                ]
            },
            "est_params": {
                "mui": [
                    0.0010041885264470251,
                    1.000000701362408,
                    0.525919266912126,
                    0.29240146224459346,
                    0.6651526013662821,
                    0.20501304300906598
                ],
                "Si": [
                    [
                        0.9927191576380858,
                        7.056670391488692e-07,
                        -0.002190219775484827,
                        0.0005262376685527314,
                        -0.014711666899289098,
                        -0.005455331906058969
                    ],
                    [
                        7.056670391488692e-07,
                        1.0091444968771651e-06,
                        6.70901925622084e-07,
                        3.981122705210034e-07,
                        -5.796108894827476e-07,
                        -1.5195334962624333e-07
                    ],
                    [
                        -0.0021902197754848246,
                        6.70901925622084e-07,
                        0.9988772705495483,
                        -0.9340786892783582,
                        0.29345008049783594,
                        -0.6050635779650669
                    ],
                    [
                        0.0005262376685527323,
                        3.981122705210034e-07,
                        -0.9340786892783582,
                        1.8858936399146562,
                        0.3946103486407255,
                        1.2163612800097396
                    ],
                    [
                        -0.014711666899289098,
                        -5.796108894827478e-07,
                        0.2934500804978359,
                        0.3946103486407255,
                        1.518570203045654,
                        0.2614589709792578
                    ],
                    [
                        -0.005455331906058965,
                        -1.5195334962624339e-07,
                        -0.6050635779650669,
                        1.2163612800097396,
                        0.2614589709792578,
                        1.772102384762403
                    ]
                ]
            },
            "est_tgt": [
                1
            ]
        },
        "2": {
            "intv_type": "do",
            "inode": 2,
            "new_mui": 1.0,
            "true_params": {
                "Si": [
                    [
                        1.0,
                        0.6119361035381548,
                        0.0,
                        0.48006331098394867,
                        0.31419491522319826,
                        0.3146677985574407
                    ],
                    [
                        0.6119361035381548,
                        1.3744657948134593,
                        0.0,
                        1.0782671531835724,
                        0.7057112031496183,
                        0.706773343402654
                    ],
                    [
                        0.0,
                        0.0,
                        0.0,
                        0.0,
                        0.0,
                        0.0
                    ],
                    [
                        0.48006331098394867,
                        1.0782671531835724,
                        0.0,
                        1.845899590969741,
                        1.2081162051450043,
                        1.2099344968854528
                    ],
                    [
                        0.31419491522319826,
                        0.7057112031496183,
                        0.0,
                        1.2081162051450043,
                        1.790695643616886,
                        0.7918856908589266
                    ],
                    [
                        0.3146677985574407,
                        0.706773343402654,
                        0.0,
                        1.2099344968854528,
                        0.7918856908589266,
                        1.7930775291977687
                    ]
                ],
                "mui": [
                    0.0,
                    0.0,
                    1.0,
                    -0.9400507253683863,
                    0.2894051857832423,
                    -0.6161764198928459
                ],
                "Ai": [
                    [
                        0.0,
                        0.0,
                        0.0,
                        0.0,
                        0.0,
                        0.0
                    ],
                    [
                        0.6119361035381548,
                        0.0,
                        0.0,
                        0.0,
                        0.0,
                        0.0
                    ],
                    [
                        0.0,
                        0.0,
                        0.0,
                        0.0,
                        0.0,
                        0.0
                    ],
                    [
                        -0.0,
                        0.7844990812084293,
                        -0.9400507253683863,
                        0.0,
                        0.0,
                        0.0
                    ],
                    [
                        0.0,
                        -0.0,
                        0.9046556146428261,
                        0.6544864146756335,
                        0.0,
                        0.0
                    ],
                    [
                        -0.0,
                        0.0,
                        -0.0,
                        0.6554714583634613,
                        -0.0,
                        0.0
                    ]
                ]
            },
            "est_params": {
                "mui": [
                    0.004143569993590142,
                    0.02175714669163624,
                    0.9999998509527844,
                    -0.9252734907789519,
                    0.29424376269230074,
                    -0.6107442786243718
                ],
                "Si": [
                    [
                        0.9957619724490031,
                        0.6192204568960115,
                        -1.1896381787848351e-06,
                        0.5042289145624215,
                        0.33672920579764143,
                        0.3246441333544092
                    ],
                    [
                        0.6192204568960115,
                        1.3814753368024872,
                        -7.75033975646071e-07,
                        1.078103721415647,
                        0.701354964795509,
                        0.6906546905282147
                    ],
                    [
                        -1.189638178784835e-06,
                        -7.75033975646071e-07,
                        1.0126369631253437e-06,
                        3.2531932119179677e-07,
                        -1.413198918461918e-06,
                        -3.2450813843996184e-07
                    ],
                    [
                        0.5042289145624215,
                        1.0781037214156468,
                        3.253193211917967e-07,
                        1.8329131720330258,
                        1.2048025494226913,
                        1.184982355290922
                    ],
                    [
                        0.33672920579764143,
                        0.701354964795509,
                        -1.4131989184619182e-06,
                        1.2048025494226913,
                        1.8030805257285087,
                        0.7906466136272102
                    ],
                    [
                        0.3246441333544092,
                        0.6906546905282148,
                        -3.2450813843996184e-07,
                        1.184982355290922,
                        0.7906466136272102,
                        1.7836740129759707
                    ]
                ]
            },
            "est_tgt": [
                2
            ]
        },
        "3": {
            "intv_type": "do",
            "inode": 3,
            "new_mui": 1.0,
            "true_params": {
                "Si": [
                    [
                        1.0,
                        0.6119361035381548,
                        0.32586096850890756,
                        0.0,
                        0.29479195475453235,
                        0.0
                    ],
                    [
                        0.6119361035381548,
                        1.3744657948134593,
                        0.731914251325675,
                        0.0,
                        0.6621303368988724,
                        0.0
                    ],
                    [
                        0.32586096850890756,
                        0.731914251325675,
                        1.3897503112227887,
                        0.0,
                        1.2572454219993108,
                        0.0
                    ],
                    [
                        0.0,
                        0.0,
                        0.0,
                        0.0,
                        0.0,
                        0.0
                    ],
                    [
                        0.29479195475453235,
                        0.6621303368988724,
                        1.2572454219993108,
                        0.0,
                        2.1373741299956657,
                        0.0
                    ],
                    [
                        0.0,
                        0.0,
                        0.0,
                        0.0,
                        0.0,
                        1.0
                    ]
                ],
                "mui": [
                    0.0,
                    0.0,
                    0.0,
                    1.0,
                    0.6544864146756335,
                    0.6554714583634613
                ],
                "Ai": [
                    [
                        0.0,
                        0.0,
                        0.0,
                        0.0,
                        0.0,
                        0.0
                    ],
                    [
                        0.6119361035381548,
                        0.0,
                        0.0,
                        0.0,
                        0.0,
                        0.0
                    ],
                    [
                        0.0,
                        0.5325081599611647,
                        0.0,
                        0.0,
                        0.0,
                        0.0
                    ],
                    [
                        0.0,
                        0.0,
                        0.0,
                        0.0,
                        0.0,
                        0.0
                    ],
                    [
                        0.0,
                        -0.0,
                        0.9046556146428261,
                        0.6544864146756335,
                        0.0,
                        0.0
                    ],
                    [
                        -0.0,
                        0.0,
                        -0.0,
                        0.6554714583634613,
                        -0.0,
                        0.0
                    ]
                ]
            },
            "est_params": {
                "mui": [
                    0.01973442854447594,
                    0.027232310798498957,
                    -0.00031653811673561623,
                    0.99999938840369,
                    0.6598330633410457,
                    0.6661538991448908
                ],
                "Si": [
                    [
                        1.0013554225637225,
                        0.6018212322801125,
                        0.31611906498827924,
                        -1.29329072295502e-06,
                        0.2947721654445148,
                        0.01191347900028287
                    ],
                    [
                        0.6018212322801125,
                        1.349318126013208,
                        0.7156491997241523,
                        3.997865379335582e-08,
                        0.666811199526906,
                        0.009569508038483263
                    ],
                    [
                        0.3161190649882792,
                        0.7156491997241523,
                        1.4194111201128765,
                        2.378214031778884e-08,
                        1.2730568598085283,
                        0.03035751801988521
                    ],
                    [
                        -1.29329072295502e-06,
                        3.9978653793355684e-08,
                        2.378214031778868e-08,
                        1.013824641490891e-06,
                        8.615371288246677e-07,
                        -3.976618343438197e-07
                    ],
                    [
                        0.2947721654445148,
                        0.666811199526906,
                        1.2730568598085286,
                        8.615371288246677e-07,
                        2.1399199740734858,
                        0.01846853896887817
                    ],
                    [
                        0.01191347900028286,
                        0.00956950803848326,
                        0.03035751801988521,
                        -3.9766183434382e-07,
                        0.01846853896887818,
                        1.0063911358650373
                    ]
                ]
            },
            "est_tgt": [
                3
            ]
        },
        "4": {
            "intv_type": "do",
            "inode": 4,
            "new_mui": 1.0,
            "true_params": {
                "Si": [
                    [
                        1.0,
                        0.6119361035381548,
                        0.32586096850890756,
                        0.17373747116790522,
                        0.0,
                        0.11387995359880665
                    ],
                    [
                        0.6119361035381548,
                        1.3744657948134593,
                        0.731914251325675,
                        0.390230630317412,
                        0.0,
                        0.2557850403522468
                    ],
                    [
                        0.32586096850890756,
                        0.731914251325675,
                        1.3897503112227887,
                        -0.7322497304575757,
                        0.0,
                        -0.47996879870927867
                    ],
                    [
                        0.17373747116790522,
                        0.390230630317412,
                        -0.7322497304575757,
                        1.9944874612108454,
                        0.0,
                        1.3073296048875105
                    ],
                    [
                        0.0,
                        0.0,
                        0.0,
                        0.0,
                        0.0,
                        0.0
                    ],
                    [
                        0.11387995359880665,
                        0.2557850403522468,
                        -0.47996879870927867,
                        1.3073296048875105,
                        0.0,
                        1.8569172426773441
                    ]
                ],
                "mui": [
                    0.0,
                    0.0,
                    0.0,
                    0.0,
                    1.0,
                    0.0
                ],
                "Ai": [
                    [
                        0.0,
                        0.0,
                        0.0,
                        0.0,
                        0.0,
                        0.0
                    ],
                    [
                        0.6119361035381548,
                        0.0,
                        0.0,
                        0.0,
                        0.0,
                        0.0
                    ],
                    [
                        0.0,
                        0.5325081599611647,
                        0.0,
                        0.0,
                        0.0,
                        0.0
                    ],
                    [
                        -0.0,
                        0.7844990812084293,
                        -0.9400507253683863,
                        0.0,
                        0.0,
                        0.0
                    ],
                    [
                        0.0,
                        0.0,
                        0.0,
                        0.0,
                        0.0,
                        0.0
                    ],
                    [
                        -0.0,
                        0.0,
                        -0.0,
                        0.6554714583634613,
                        -0.0,
                        0.0
                    ]
                ]
            },
            "est_params": {
                "mui": [
                    0.00023924126561643164,
                    -0.006553864646043128,
                    -0.010888127595024619,
                    0.0012559033045586952,
                    0.9999997135645639,
                    -0.005093986747747916
                ],
                "Si": [
                    [
                        0.9763392048250368,
                        0.6092928840742006,
                        0.33151391764335025,
                        0.19423714981898546,
                        -6.6758807310394e-08,
                        0.12175625430192591
                    ],
                    [
                        0.6092928840742006,
                        1.3701854285479464,
                        0.7157240353863351,
                        0.4134348001933328,
                        1.8426827545041357e-07,
                        0.2534608943046624
                    ],
                    [
                        0.33151391764335025,
                        0.7157240353863351,
                        1.3838015949363214,
                        -0.733918433669896,
                        -5.757744192155227e-07,
                        -0.4932902902108991
                    ],
                    [
                        0.19423714981898546,
                        0.4134348001933328,
                        -0.7339184336698961,
                        1.9997262441928236,
                        1.067356581707619e-06,
                        1.3213184572177754
                    ],
                    [
                        -6.67588073103941e-08,
                        1.8426827545041346e-07,
                        -5.757744192155229e-07,
                        1.067356581707619e-06,
                        1.0080535220724015e-06,
                        7.091189667430752e-07
                    ],
                    [
                        0.12175625430192591,
                        0.2534608943046624,
                        -0.4932902902108991,
                        1.3213184572177754,
                        7.091189667430752e-07,
                        1.8877458862843146
                    ]
                ]
            },
            "est_tgt": [
                4
            ]
        },
        "5": {
            "intv_type": "do",
            "inode": 5,
            "new_mui": 1.0,
            "true_params": {
                "Si": [
                    [
                        1.0,
                        0.6119361035381548,
                        0.32586096850890756,
                        0.17373747116790522,
                        0.4085007693540259,
                        0.0
                    ],
                    [
                        0.6119361035381548,
                        1.3744657948134593,
                        0.731914251325675,
                        0.390230630317412,
                        0.9175309830319279,
                        0.0
                    ],
                    [
                        0.32586096850890756,
                        0.731914251325675,
                        1.3897503112227887,
                        -0.7322497304575757,
                        0.7779979212649328,
                        0.0
                    ],
                    [
                        0.17373747116790522,
                        0.390230630317412,
                        -0.7322497304575757,
                        1.9944874612108454,
                        0.6429311176242509,
                        0.0
                    ],
                    [
                        0.4085007693540259,
                        0.9175309830319279,
                        0.7779979212649328,
                        0.6429311176242509,
                        2.1246098697100626,
                        0.0
                    ],
                    [
                        0.0,
                        0.0,
                        0.0,
                        0.0,
                        0.0,
                        0.0
                    ]
                ],
                "mui": [
                    0.0,
                    0.0,
                    0.0,
                    0.0,
                    0.0,
                    1.0
                ],
                "Ai": [
                    [
                        0.0,
                        0.0,
                        0.0,
                        0.0,
                        0.0,
                        0.0
                    ],
                    [
                        0.6119361035381548,
                        0.0,
                        0.0,
                        0.0,
                        0.0,
                        0.0
                    ],
                    [
                        0.0,
                        0.5325081599611647,
                        0.0,
                        0.0,
                        0.0,
                        0.0
                    ],
                    [
                        -0.0,
                        0.7844990812084293,
                        -0.9400507253683863,
                        0.0,
                        0.0,
                        0.0
                    ],
                    [
                        0.0,
                        -0.0,
                        0.9046556146428261,
                        0.6544864146756335,
                        0.0,
                        0.0
                    ],
                    [
                        0.0,
                        0.0,
                        0.0,
                        0.0,
                        0.0,
                        0.0
                    ]
                ]
            },
            "est_params": {
                "mui": [
                    0.014493437989140495,
                    0.01533023016172132,
                    0.004427200502671476,
                    0.006109445812952314,
                    0.005260211970232007,
                    0.9999996166056327
                ],
                "Si": [
                    [
                        0.998499557175889,
                        0.6051642039566029,
                        0.326827230798231,
                        0.1579146327718329,
                        0.4065833453189252,
                        -5.853104617875601e-07
                    ],
                    [
                        0.605164203956603,
                        1.347191205794505,
                        0.7140388316819931,
                        0.3958527783571257,
                        0.9065802361711195,
                        -3.885507766856541e-07
                    ],
                    [
                        0.32682723079823084,
                        0.7140388316819931,
                        1.377721287159493,
                        -0.7351349501258021,
                        0.7772803614065827,
                        -1.1287763616388441e-06
                    ],
                    [
                        0.15791463277183293,
                        0.39585277835712557,
                        -0.7351349501258023,
                        2.0263522910068033,
                        0.6499363594148772,
                        6.3512876786507e-07
                    ],
                    [
                        0.4065833453189252,
                        0.9065802361711195,
                        0.7772803614065829,
                        0.6499363594148772,
                        2.125090856166498,
                        -8.657813711254578e-07
                    ],
                    [
                        -5.853104617875599e-07,
                        -3.885507766856543e-07,
                        -1.1287763616388441e-06,
                        6.351287678650701e-07,
                        -8.657813711254579e-07,
                        1.0083612334316315e-06
                    ]
                ]
            },
            "est_tgt": [
                5
            ]
        },
        "obs": {
            "intv_type": "obs",
            "true_params": {
                "Si": [
                    [
                        1.0,
                        0.6119361035381548,
                        0.32586096850890756,
                        0.17373747116790522,
                        0.4085007693540259,
                        0.11387995359880665
                    ],
                    [
                        0.6119361035381548,
                        1.3744657948134593,
                        0.731914251325675,
                        0.390230630317412,
                        0.9175309830319279,
                        0.2557850403522468
                    ],
                    [
                        0.32586096850890756,
                        0.731914251325675,
                        1.3897503112227887,
                        -0.7322497304575757,
                        0.7779979212649328,
                        -0.47996879870927867
                    ],
                    [
                        0.17373747116790522,
                        0.390230630317412,
                        -0.7322497304575757,
                        1.9944874612108454,
                        0.6429311176242509,
                        1.3073296048875105
                    ],
                    [
                        0.4085007693540259,
                        0.9175309830319279,
                        0.7779979212649328,
                        0.6429311176242509,
                        2.1246098697100626,
                        0.42142299729641786
                    ],
                    [
                        0.11387995359880665,
                        0.2557850403522468,
                        -0.47996879870927867,
                        1.3073296048875105,
                        0.42142299729641786,
                        1.8569172426773441
                    ]
                ],
                "mui": [
                    0.0,
                    0.0,
                    0.0,
                    0.0,
                    0.0,
                    0.0
                ],
                "Ai": [
                    [
                        0.0,
                        0.0,
                        0.0,
                        0.0,
                        0.0,
                        0.0
                    ],
                    [
                        0.6119361035381548,
                        0.0,
                        0.0,
                        0.0,
                        0.0,
                        0.0
                    ],
                    [
                        0.0,
                        0.5325081599611647,
                        0.0,
                        0.0,
                        0.0,
                        0.0
                    ],
                    [
                        -0.0,
                        0.7844990812084293,
                        -0.9400507253683863,
                        0.0,
                        0.0,
                        0.0
                    ],
                    [
                        0.0,
                        -0.0,
                        0.9046556146428261,
                        0.6544864146756335,
                        0.0,
                        0.0
                    ],
                    [
                        -0.0,
                        0.0,
                        -0.0,
                        0.6554714583634613,
                        -0.0,
                        0.0
                    ]
                ]
            },
            "est_params": {
                "mui": [
                    0.0010780432260430752,
                    -0.014663351421408732,
                    -0.0018922221075916915,
                    -0.018083290856858714,
                    -0.011705656917922063,
                    -0.014439590267113122
                ],
                "Si": [
                    [
                        1.0156869128070853,
                        0.6422642262359299,
                        0.32284439079793287,
                        0.20667649172373978,
                        0.440873982669879,
                        0.1412226821726871
                    ],
                    [
                        0.6422642262359299,
                        1.4028052483576245,
                        0.7319169665908423,
