{
    "expt_args": {
        "save_dir": "expt_logs_30.04.24-sp1",
        "exp_name": "127",
        "num_nodes": 6,
        "obs_noise_mean": 0.0,
        "obs_noise_var": 1.0,
        "max_edge_strength": 1.0,
        "graph_sparsity_method": "adj_dense_prop",
        "adj_dense_prop": 1.0,
        "num_parents": null,
        "new_noise_mean": 1.0,
        "mix_samples": 131072,
        "stage2_samples": 131072,
        "gmm_tol": 0.001,
        "intv_targets": [
            0,
            1,
            2,
            3,
            4,
            5
        ]
    },
    "intv_args_dict": {
        "0": {
            "intv_type": "do",
            "inode": 0,
            "new_mui": 1.0,
            "true_params": {
                "Si": [
                    [
                        0.0,
                        0.0,
                        0.0,
                        0.0,
                        0.0,
                        0.0
                    ],
                    [
                        0.0,
                        1.0,
                        -0.8841433225620856,
                        1.1953230745023427,
                        -2.328544822034659,
                        0.8905003738703678
                    ],
                    [
                        0.0,
                        -0.8841433225620856,
                        1.781709414831124,
                        -1.7751267681036793,
                        3.475753122625433,
                        -0.5549576516877833
                    ],
                    [
                        0.0,
                        1.1953230745023427,
                        -1.7751267681036793,
                        2.9447375660472526,
                        -4.483527322895987,
                        0.5792333322183807
                    ],
                    [
                        0.0,
                        -2.328544822034659,
                        3.475753122625433,
                        -4.483527322895987,
                        8.895581366322908,
                        -2.2325494403619337
                    ],
                    [
                        0.0,
                        0.8905003738703678,
                        -0.5549576516877833,
                        0.5792333322183807,
                        -2.2325494403619337,
                        2.445937800079725
                    ]
                ],
                "mui": [
                    1.0,
                    -0.6888785600135703,
                    1.2810523305265908,
                    -1.946577217740079,
                    3.990286252279995,
                    0.0031828163739486826
                ],
                "Ai": [
                    [
                        0.0,
                        0.0,
                        0.0,
                        0.0,
                        0.0,
                        0.0
                    ],
                    [
                        -0.6888785600135703,
                        0.0,
                        0.0,
                        0.0,
                        0.0,
                        0.0
                    ],
                    [
                        0.6719849516344076,
                        -0.8841433225620856,
                        0.0,
                        0.0,
                        0.0,
                        0.0
                    ],
                    [
                        -0.6404648069769779,
                        0.5602518968856253,
                        -0.7182898534780506,
                        0.0,
                        0.0,
                        0.0
                    ],
                    [
                        0.9969825921334357,
                        -0.6934342521235344,
                        0.9268553210901371,
                        -0.6823574681913692,
                        0.0,
                        0.0
                    ],
                    [
                        0.9599318907675276,
                        0.7851005752130298,
                        0.6575840736152718,
                        -0.7996513946775088,
                        -0.7054363370803141,
                        0.0
                    ]
                ]
            },
            "est_params": {
                "mui": [
                    0.9999995260397431,
                    -0.6903633200544442,
                    1.286106867098911,
                    -1.9544492668843163,
                    4.006945637576502,
                    0.0006958912039377029
                ],
                "Si": [
                    [
                        1.0106026937929019e-06,
                        4.407285313719396e-07,
                        -1.151185709082302e-06,
                        2.1138754491421927e-06,
                        -3.3702391564835657e-06,
                        -5.935026328235598e-07
                    ],
                    [
                        4.407285313719396e-07,
                        0.9804362379178199,
                        -0.8710396164621351,
                        1.1845172566378952,
                        -2.3047776728040867,
                        0.8719781841249499
                    ],
                    [
                        -1.151185709082302e-06,
                        -0.8710396164621351,
                        1.7793980851283104,
                        -1.7831287925742285,
                        3.4812988210838776,
                        -0.5265474586711842
                    ],
                    [
                        2.1138754491421927e-06,
                        1.1845172566378952,
                        -1.7831287925742285,
                        2.9636394790604754,
                        -4.508015511784612,
                        0.5593892050614162
                    ],
                    [
                        -3.3702391564835657e-06,
                        -2.3047776728040867,
                        3.481298821083878,
                        -4.508015511784612,
                        8.918116064877497,
                        -2.1827305941223702
                    ],
                    [
                        -5.935026328235598e-07,
                        0.8719781841249499,
                        -0.5265474586711842,
                        0.5593892050614162,
                        -2.1827305941223702,
                        2.436853441559685
                    ]
                ]
            },
            "est_tgt": [
                0,
                1,
                2,
                4
            ]
        },
        "1": {
            "intv_type": "do",
            "inode": 1,
            "new_mui": 1.0,
            "true_params": {
                "Si": [
                    [
                        1.0,
                        0.0,
                        0.6719849516344076,
                        -1.1231447794259115,
                        2.3862016483497035,
                        0.6166294316173133
                    ],
                    [
                        0.0,
                        0.0,
                        0.0,
                        0.0,
                        0.0,
                        0.0
                    ],
                    [
                        0.6719849516344076,
                        0.0,
                        1.4515637752230972,
                        -1.4730262437590094,
                        3.0204773661931887,
                        0.6467380063904558
                    ],
                    [
                        -1.1231447794259115,
                        0.0,
                        -1.4730262437590094,
                        2.7773945091611987,
                        -4.380213891106482,
                        -1.1777664394831855
                    ],
                    [
                        2.3862016483497035,
                        0.0,
                        3.0204773661931887,
                        -4.380213891106482,
                        9.167418684685329,
                        1.312422760380013
                    ],
                    [
                        0.6166294316173133,
                        0.0,
                        0.6467380063904558,
                        -1.1777664394831855,
                        1.312422760380013,
                        2.0331787401531507
                    ]
                ],
                "mui": [
                    0.0,
                    1.0,
                    -0.8841433225620856,
                    1.1953230745023427,
                    -2.328544822034659,
                    0.8905003738703678
                ],
                "Ai": [
                    [
                        0.0,
                        0.0,
                        0.0,
                        0.0,
                        0.0,
                        0.0
                    ],
                    [
                        0.0,
                        0.0,
                        0.0,
                        0.0,
                        0.0,
                        0.0
                    ],
                    [
                        0.6719849516344076,
                        -0.8841433225620856,
                        0.0,
                        0.0,
                        0.0,
                        0.0
                    ],
                    [
                        -0.6404648069769779,
                        0.5602518968856253,
                        -0.7182898534780506,
                        0.0,
                        0.0,
                        0.0
                    ],
                    [
                        0.9969825921334357,
                        -0.6934342521235344,
                        0.9268553210901371,
                        -0.6823574681913692,
                        0.0,
                        0.0
                    ],
                    [
                        0.9599318907675276,
                        0.7851005752130298,
                        0.6575840736152718,
                        -0.7996513946775088,
                        -0.7054363370803141,
                        0.0
                    ]
                ]
            },
            "est_params": {
                "mui": [
                    -0.0050737335091309115,
                    1.0000010264069121,
                    -0.8948659063263456,
                    1.2089525126296496,
                    -2.3603688212603866,
                    0.883131143005374
                ],
                "Si": [
                    [
                        1.0083203047879883,
                        2.641117591152935e-07,
                        0.67490576894966,
                        -1.139929960094981,
                        2.4128930460530746,
                        0.6230791679282411
                    ],
                    [
                        2.641117591152937e-07,
                        1.0117945545442874e-06,
                        -6.806346329925057e-07,
                        -7.828890936911143e-07,
                        2.925925076089184e-07,
                        5.238745886234973e-07
                    ],
                    [
                        0.67490576894966,
                        -6.806346329925058e-07,
                        1.4367716433517173,
                        -1.4644805124112414,
                        3.003403662940117,
                        0.6515204304897739
                    ],
                    [
                        -1.139929960094981,
                        -7.828890936911144e-07,
                        -1.4644805124112414,
                        2.801804061909913,
                        -4.403009362558957,
                        -1.1959293138778708
                    ],
                    [
                        2.4128930460530746,
                        2.925925076089183e-07,
                        3.003403662940117,
                        -4.403009362558958,
                        9.188878018012938,
                        1.3505379980800358
                    ],
                    [
                        0.6230791679282411,
                        5.238745886234969e-07,
                        0.6515204304897739,
                        -1.1959293138778706,
                        1.3505379980800356,
                        2.0197985225884993
                    ]
                ]
            },
            "est_tgt": [
                0,
                1,
                2,
                4
            ]
        },
        "2": {
            "intv_type": "do",
            "inode": 2,
            "new_mui": 1.0,
            "true_params": {
                "Si": [
                    [
                        1.0,
                        -0.6888785600135703,
                        0.0,
                        -1.0264103269484188,
                        2.1750533332223814,
                        -0.2944982698380736
                    ],
                    [
                        -0.6888785600135703,
                        1.4745536704463702,
                        0.0,
                        1.26732396489691,
                        -2.574073926174772,
                        1.298824342043521
                    ],
                    [
                        0.0,
                        0.0,
                        0.0,
                        0.0,
                        0.0,
                        0.0
                    ],
                    [
                        -1.0264103269484188,
                        1.26732396489691,
                        0.0,
                        2.3674003472303013,
                        -3.5175323812815193,
                        0.5979929371608103
                    ],
                    [
                        2.1750533332223814,
                        -2.574073926174772,
                        0.0,
                        -3.5175323812815193,
                        7.353655828064627,
                        -2.30774021838445
                    ],
                    [
                        -0.2944982698380736,
                        1.298824342043521,
                        0.0,
                        0.5979929371608103,
                        -2.30774021838445,
                        2.8867873774277344
                    ]
                ],
                "mui": [
                    0.0,
                    0.0,
                    1.0,
                    -0.7182898534780506,
                    1.4169857669369694,
                    0.23237230760874317
                ],
                "Ai": [
                    [
                        0.0,
                        0.0,
                        0.0,
                        0.0,
                        0.0,
                        0.0
                    ],
                    [
                        -0.6888785600135703,
                        0.0,
                        0.0,
                        0.0,
                        0.0,
                        0.0
                    ],
                    [
                        0.0,
                        0.0,
                        0.0,
                        0.0,
                        0.0,
                        0.0
                    ],
                    [
                        -0.6404648069769779,
                        0.5602518968856253,
                        -0.7182898534780506,
                        0.0,
                        0.0,
                        0.0
                    ],
                    [
                        0.9969825921334357,
                        -0.6934342521235344,
                        0.9268553210901371,
                        -0.6823574681913692,
                        0.0,
                        0.0
                    ],
                    [
                        0.9599318907675276,
                        0.7851005752130298,
                        0.6575840736152718,
                        -0.7996513946775088,
                        -0.7054363370803141,
                        0.0
                    ]
                ]
            },
            "est_params": {
                "mui": [
                    0.007165666978972984,
                    -0.008481477933864539,
                    0.9999990459998224,
                    -0.7244291306554845,
                    1.437044029442033,
                    0.23280030114456537
                ],
                "Si": [
                    [
                        0.998386309133063,
                        -0.6920160947316685,
                        -7.840788595470171e-07,
                        -1.0258482836487959,
                        2.18805034735516,
                        -0.3107223330798473
                    ],
                    [
                        -0.6920160947316685,
                        1.4853679746122608,
                        1.1900404928941828e-06,
                        1.2787656614072378,
                        -2.610762118618626,
                        1.3374294774611217
                    ],
                    [
                        -7.840788595470171e-07,
                        1.1900404928941826e-06,
                        1.0080993681855554e-06,
                        7.249801814211725e-07,
                        -2.334489120936886e-06,
                        1.6958529938850338e-06
                    ],
                    [
                        -1.0258482836487959,
                        1.278765661407238,
                        7.249801814211727e-07,
                        2.37771607000091,
                        -3.5501298812002444,
                        0.6238615703767251
                    ],
                    [
                        2.18805034735516,
                        -2.610762118618626,
                        -2.3344891209368855e-06,
                        -3.5501298812002435,
                        7.464450701167814,
                        -2.3896032810204217
                    ],
                    [
                        -0.31072233307984737,
                        1.3374294774611217,
                        1.6958529938850338e-06,
                        0.6238615703767251,
                        -2.3896032810204217,
                        2.9479541342876825
                    ]
                ]
            },
            "est_tgt": [
                0,
                1,
                2,
                4
            ]
        },
        "3": {
            "intv_type": "do",
            "inode": 3,
            "new_mui": 1.0,
            "true_params": {
                "Si": [
                    [
                        1.0,
                        -0.6888785600135703,
                        1.2810523305265908,
                        0.0,
                        2.6620247503438748,
                        -0.6163964420287573
                    ],
                    [
                        -0.6888785600135703,
                        1.4745536704463702,
                        -1.7666328073172717,
                        0.0,
                        -3.346718971983889,
                        1.6955840110423253
                    ],
                    [
                        1.2810523305265908,
                        -1.7666328073172717,
                        3.422804488378734,
                        0.0,
                        5.674675125770966,
                        -1.9096017635883777
                    ],
                    [
                        0.0,
                        0.0,
                        0.0,
                        0.0,
                        0.0,
                        0.0
                    ],
                    [
                        2.6620247503438748,
                        -3.346718971983889,
                        5.674675125770966,
                        0.0,
                        11.234324739105153,
                        -4.265673445990727
                    ],
                    [
                        -0.6163964420287573,
                        1.6955840110423253,
                        -1.9096017635883777,
                        0.0,
                        -4.265673445990727,
                        3.4929427245694105
                    ]
                ],
                "mui": [
                    0.0,
                    0.0,
                    0.0,
                    1.0,
                    -0.6823574681913692,
                    -0.3182916417371924
                ],
                "Ai": [
                    [
                        0.0,
                        0.0,
                        0.0,
                        0.0,
                        0.0,
                        0.0
                    ],
                    [
                        -0.6888785600135703,
                        0.0,
                        0.0,
                        0.0,
                        0.0,
                        0.0
                    ],
                    [
                        0.6719849516344076,
                        -0.8841433225620856,
                        0.0,
                        0.0,
                        0.0,
                        0.0
                    ],
                    [
                        0.0,
                        0.0,
                        0.0,
                        0.0,
                        0.0,
                        0.0
                    ],
                    [
                        0.9969825921334357,
                        -0.6934342521235344,
                        0.9268553210901371,
                        -0.6823574681913692,
                        0.0,
                        0.0
                    ],
                    [
                        0.9599318907675276,
                        0.7851005752130298,
                        0.6575840736152718,
                        -0.7996513946775088,
                        -0.7054363370803141,
                        0.0
                    ]
                ]
            },
            "est_params": {
                "mui": [
                    0.007769939230305727,
                    -0.0011031330206213484,
                    0.005290525277839659,
                    0.9999994787048021,
                    -0.6756820347032909,
                    -0.31212814851156956
                ],
                "Si": [
                    [
                        1.014470365552428,
                        -0.7076545559601851,
                        1.2986937226833548,
                        -2.707582328981135e-07,
                        2.7124393551629735,
                        -0.6520690629793637
                    ],
                    [
                        -0.7076545559601851,
                        1.501659490857968,
                        -1.8037940380597777,
                        -7.734488223817482e-07,
                        -3.4314633976053126,
                        1.7397471020564446
                    ],
                    [
                        1.2986937226833548,
                        -1.8037940380597777,
                        3.4795935707748056,
                        5.254491981307135e-07,
                        5.785000283904643,
                        -1.9773054554953056
                    ],
                    [
                        -2.7075823289811344e-07,
                        -7.734488223817483e-07,
                        5.254491981307131e-07,
                        1.0055999683785291e-06,
                        4.860797205486262e-07,
                        -1.0683362785362029e-06
                    ],
                    [
                        2.7124393551629735,
                        -3.4314633976053126,
                        5.785000283904643,
                        4.860797205486257e-07,
                        11.47606485533715,
                        -4.411356518488614
                    ],
                    [
                        -0.6520690629793637,
                        1.7397471020564446,
                        -1.9773054554953056,
                        -1.0683362785362029e-06,
                        -4.411356518488614,
                        3.543476996707229
                    ]
                ]
            },
            "est_tgt": [
                0,
                1,
                3,
                4
            ]
        },
        "4": {
            "intv_type": "do",
            "inode": 4,
            "new_mui": 1.0,
            "true_params": {
                "Si": [
                    [
                        1.0,
                        -0.6888785600135703,
                        1.2810523305265908,
                        -1.946577217740079,
                        0.0,
                        2.818075734084282
                    ],
                    [
                        -0.6888785600135703,
                        1.4745536704463702,
                        -1.7666328073172717,
                        2.5362783852143505,
                        0.0,
                        -2.693451709818259
                    ],
                    [
                        1.2810523305265908,
                        -1.7666328073172717,
                        3.422804488378734,
                        -4.268794049439575,
                        0.0,
                        5.507067386481669
                    ],
                    [
                        -1.946577217740079,
                        2.5362783852143505,
                        -4.268794049439575,
                        6.73390043067196,
                        0.0,
                        -8.069211781479483
                    ],
                    [
                        0.0,
                        0.0,
                        0.0,
                        0.0,
                        0.0,
                        0.0
                    ],
                    [
                        2.818075734084282,
                        -2.693451709818259,
                        5.507067386481669,
                        -8.069211781479483,
                        0.0,
                        11.664446541743457
                    ]
                ],
                "mui": [
                    0.0,
                    0.0,
                    0.0,
                    0.0,
                    1.0,
                    -0.7054363370803141
                ],
                "Ai": [
                    [
                        0.0,
                        0.0,
                        0.0,
                        0.0,
                        0.0,
                        0.0
                    ],
                    [
                        -0.6888785600135703,
                        0.0,
                        0.0,
                        0.0,
                        0.0,
                        0.0
                    ],
                    [
                        0.6719849516344076,
                        -0.8841433225620856,
                        0.0,
                        0.0,
                        0.0,
                        0.0
                    ],
                    [
                        -0.6404648069769779,
                        0.5602518968856253,
                        -0.7182898534780506,
                        0.0,
                        0.0,
                        0.0
                    ],
                    [
                        0.0,
                        0.0,
                        0.0,
                        0.0,
                        0.0,
                        0.0
                    ],
                    [
                        0.9599318907675276,
                        0.7851005752130298,
                        0.6575840736152718,
                        -0.7996513946775088,
                        -0.7054363370803141,
                        0.0
                    ]
                ]
            },
            "est_params": {
                "mui": [
                    0.019065548768784142,
                    -0.013937322143506813,
                    0.030548807757933626,
                    -0.0395944474008278,
                    0.9999999103970458,
                    -0.6516978546480922
                ],
                "Si": [
                    [
                        1.0162951154174475,
                        -0.6983905277685348,
                        1.3004733682758556,
                        -1.966076774922705,
                        -5.362546621066534e-07,
                        2.851566247309139
                    ],
                    [
                        -0.6983905277685348,
                        1.508617521372269,
                        -1.7993787161611856,
                        2.5713010529938805,
                        -4.184576514781512e-07,
                        -2.7283767498247644
                    ],
                    [
                        1.3004733682758556,
                        -1.7993787161611856,
                        3.466407840320089,
                        -4.322713033046115,
                        1.453516463917046e-07,
                        5.568612317035802
                    ],
                    [
                        -1.966076774922705,
                        2.5713010529938805,
                        -4.322713033046115,
                        6.779962186508255,
                        8.884928386826075e-09,
                        -8.12894042937221
                    ],
                    [
                        -5.362546621066534e-07,
                        -4.184576514781512e-07,
                        1.453516463917046e-07,
                        8.884928386826074e-09,
                        1.0051691535123318e-06,
                        -3.447848539443968e-07
                    ],
                    [
                        2.851566247309139,
                        -2.7283767498247644,
                        5.568612317035802,
                        -8.12894042937221,
                        -3.447848539443967e-07,
                        11.732422215975499
                    ]
                ]
            },
            "est_tgt": [
                0,
                1,
                3,
                4
            ]
        },
        "5": {
            "intv_type": "do",
            "inode": 5,
            "new_mui": 1.0,
            "true_params": {
                "Si": [
                    [
                        1.0,
                        -0.6888785600135703,
                        1.2810523305265908,
                        -1.946577217740079,
                        3.990286252279995,
                        0.0
                    ],
                    [
                        -0.6888785600135703,
                        1.4745536704463702,
                        -1.7666328073172717,
                        2.5362783852143505,
                        -5.077367469547248,
                        0.0
                    ],
                    [
                        1.2810523305265908,
                        -1.7666328073172717,
                        3.422804488378734,
                        -4.268794049439575,
                        8.587518625576937,
                        0.0
                    ],
                    [
                        -1.946577217740079,
                        2.5362783852143505,
                        -4.268794049439575,
                        6.73390043067196,
                        -12.250927633845668,
                        0.0
                    ],
                    [
                        3.990286252279995,
                        -5.077367469547248,
                        8.587518625576937,
                        -12.250927633845668,
                        24.817965741457638,
                        0.0
                    ],
                    [
                        0.0,
                        0.0,
                        0.0,
                        0.0,
                        0.0,
                        0.0
                    ]
                ],
                "mui": [
                    0.0,
                    0.0,
                    0.0,
                    0.0,
                    0.0,
                    1.0
                ],
                "Ai": [
                    [
                        0.0,
                        0.0,
                        0.0,
                        0.0,
                        0.0,
                        0.0
                    ],
                    [
                        -0.6888785600135703,
                        0.0,
                        0.0,
                        0.0,
                        0.0,
                        0.0
                    ],
                    [
                        0.6719849516344076,
                        -0.8841433225620856,
                        0.0,
                        0.0,
                        0.0,
                        0.0
                    ],
                    [
                        -0.6404648069769779,
                        0.5602518968856253,
                        -0.7182898534780506,
                        0.0,
                        0.0,
                        0.0
                    ],
                    [
                        0.9969825921334357,
                        -0.6934342521235344,
                        0.9268553210901371,
                        -0.6823574681913692,
                        0.0,
                        0.0
                    ],
                    [
                        0.0,
                        0.0,
                        0.0,
                        0.0,
                        0.0,
                        0.0
                    ]
                ]
            },
            "est_params": {
                "mui": [
                    -0.0063038314570192135,
                    0.009352025172221248,
                    -0.021269676964233174,
                    0.01958716710138626,
                    -0.05402362789024676,
                    1.0000009121296856
                ],
                "Si": [
                    [
                        1.0045113868970756,
                        -0.6881814117946171,
                        1.2795968881637654,
                        -1.9373838586874568,
                        3.9853719800303007,
                        -4.356668013930794e-07
                    ],
                    [
                        -0.6881814117946171,
                        1.4715345975256742,
                        -1.7575660407049232,
                        2.496569785519115,
                        -5.027301351106612,
                        4.791169577285085e-07
                    ],
                    [
                        1.2795968881637654,
                        -1.7575660407049232,
                        3.4133708210826432,
                        -4.206748217575922,
                        8.5105259674297,
                        -7.420810096309993e-07
                    ],
                    [
                        -1.9373838586874568,
                        2.4965697855191156,
                        -4.206748217575922,
                        6.618221443919542,
                        -12.05241267900981,
                        5.048308866434105e-07
                    ],
                    [
                        3.9853719800303007,
                        -5.027301351106612,
                        8.5105259674297,
                        -12.05241267900981,
                        24.53497634938426,
                        -2.0297426114835113e-06
                    ],
                    [
                        -4.356668013930794e-07,
                        4.791169577285085e-07,
                        -7.420810096309995e-07,
                        5.048308866434104e-07,
                        -2.0297426114835113e-06,
                        1.0096085157111633e-06
                    ]
                ]
            },
            "est_tgt": [
                5
            ]
        },
        "obs": {
            "intv_type": "obs",
            "true_params": {
                "Si": [
                    [
                        1.0,
                        -0.6888785600135703,
                        1.2810523305265908,
                        -1.946577217740079,
                        3.990286252279995,
                        0.0031828163739486826
                    ],
                    [
                        -0.6888785600135703,
                        1.4745536704463702,
                        -1.7666328073172717,
                        2.5362783852143505,
                        -5.077367469547248,
                        0.8883077999098945
                    ],
                    [
                        1.2810523305265908,
                        -1.7666328073172717,
                        3.422804488378734,
                        -4.268794049439575,
                        8.587518625576937,
                        -0.5508802973542981
                    ],
                    [
                        -1.946577217740079,
                        2.5362783852143505,
                        -4.268794049439575,
                        6.73390043067196,
                        -12.250927633845668,
                        0.5730377343766022
                    ],
                    [
                        3.990286252279995,
                        -5.077367469547248,
                        8.587518625576937,
                        -12.250927633845668,
                        24.817965741457638,
                        -2.2198490919414344
                    ],
                    [
                        0.0031828163739486826,
                        0.8883077999098945,
                        -0.5508802973542981,
                        0.5730377343766022,
                        -2.2198490919414344,
                        2.4459479303997953
                    ]
                ],
                "mui": [
                    0.0,
                    0.0,
                    0.0,
                    0.0,
                    0.0,
                    0.0
                ],
                "Ai": [
                    [
                        0.0,
                        0.0,
                        0.0,
                        0.0,
                        0.0,
                        0.0
                    ],
                    [
                        -0.6888785600135703,
                        0.0,
                        0.0,
                        0.0,
                        0.0,
                        0.0
                    ],
                    [
                        0.6719849516344076,
                        -0.8841433225620856,
                        0.0,
                        0.0,
                        0.0,
                        0.0
                    ],
                    [
                        -0.6404648069769779,
                        0.5602518968856253,
                        -0.7182898534780506,
                        0.0,
                        0.0,
                        0.0
                    ],
                    [
                        0.9969825921334357,
                        -0.6934342521235344,
                        0.9268553210901371,
                        -0.6823574681913692,
