{
    "expt_args": {
        "save_dir": "expt_logs_30.04.24-sp1",
        "exp_name": "25",
        "num_nodes": 6,
        "obs_noise_mean": 0.0,
        "obs_noise_var": 1.0,
        "max_edge_strength": 1.0,
        "graph_sparsity_method": "adj_dense_prop",
        "adj_dense_prop": 0.8,
        "num_parents": null,
        "new_noise_mean": 1.0,
        "mix_samples": 2048,
        "stage2_samples": 2048,
        "gmm_tol": 0.001,
        "intv_targets": [
            0,
            1,
            2,
            3,
            4,
            5
        ]
    },
    "intv_args_dict": {
        "0": {
            "intv_type": "do",
            "inode": 0,
            "new_mui": 1.0,
            "true_params": {
                "Si": [
                    [
                        0.0,
                        0.0,
                        0.0,
                        0.0,
                        0.0,
                        0.0
                    ],
                    [
                        0.0,
                        1.0,
                        -0.7709187146451266,
                        0.22721365470994281,
                        0.8081612477580854,
                        -0.6755926945001711
                    ],
                    [
                        0.0,
                        -0.7709187146451266,
                        1.5943156645900942,
                        0.7999564507515236,
                        -0.6370968057432833,
                        0.5794192730399981
                    ],
                    [
                        0.0,
                        0.22721365470994281,
                        0.7999564507515236,
                        2.002484492528139,
                        0.9843624018526831,
                        -0.7403469492545774
                    ],
                    [
                        0.0,
                        0.8081612477580854,
                        -0.6370968057432833,
                        0.9843624018526831,
                        2.3166631622966607,
                        -1.0713043678588132
                    ],
                    [
                        0.0,
                        -0.6755926945001711,
                        0.5794192730399981,
                        -0.7403469492545774,
                        -1.0713043678588132,
                        1.8745655499414537
                    ]
                ],
                "mui": [
                    1.0,
                    -0.8334719270134925,
                    0.6425391066660384,
                    0.761485155307904,
                    0.7547427217001955,
                    0.6998689638990971
                ],
                "Ai": [
                    [
                        0.0,
                        0.0,
                        0.0,
                        0.0,
                        0.0,
                        0.0
                    ],
                    [
                        -0.8334719270134925,
                        0.0,
                        0.0,
                        0.0,
                        0.0,
                        0.0
                    ],
                    [
                        -0.0,
                        -0.7709187146451266,
                        0.0,
                        0.0,
                        0.0,
                        0.0
                    ],
                    [
                        0.9508613579427783,
                        0.9789516876982688,
                        0.9751197093903343,
                        0.0,
                        0.0,
                        0.0
                    ],
                    [
                        0.6538865203244512,
                        -0.0,
                        -0.8082634791598836,
                        0.8144572364974674,
                        0.0,
                        0.0
                    ],
                    [
                        0.7491147332901482,
                        -0.0,
                        0.6865473680964369,
                        -0.6439774939189358,
                        -0.0,
                        0.0
                    ]
                ]
            },
            "est_params": {
                "mui": [
                    1.0000285397603952,
                    -0.7137612672627552,
                    0.6473783298831041,
                    0.845553399351276,
                    0.8429668814471999,
                    0.6805888848223436
                ],
                "Si": [
                    [
                        1.0777516132625883e-06,
                        -8.063452162580468e-06,
                        1.549427314501667e-05,
                        1.8906042036470582e-05,
                        1.4451918276500564e-05,
                        -4.807534944808154e-06
                    ],
                    [
                        -8.063452162580468e-06,
                        0.9673329071157248,
                        -0.7393498430760364,
                        0.18967175862186245,
                        0.8799567451280825,
                        -0.6332286693466616
                    ],
                    [
                        1.549427314501667e-05,
                        -0.7393498430760364,
                        1.5501304383216297,
                        0.8662881343008427,
                        -0.6390950577397829,
                        0.496077588377351
                    ],
                    [
                        1.890604203647059e-05,
                        0.18967175862186245,
                        0.8662881343008427,
                        2.142597403111383,
                        1.2348059176937476,
                        -0.8090252790715835
                    ],
                    [
                        1.4451918276500565e-05,
                        0.8799567451280825,
                        -0.6390950577397829,
                        1.2348059176937476,
                        2.825511987762064,
                        -1.2863340301349817
                    ],
                    [
                        -4.807534944808154e-06,
                        -0.6332286693466616,
                        0.4960775883773509,
                        -0.8090252790715835,
                        -1.2863340301349817,
                        1.7772645188823526
                    ]
                ]
            },
            "est_tgt": [
                0,
                3,
                5
            ]
        },
        "1": {
            "intv_type": "do",
            "inode": 1,
            "new_mui": 1.0,
            "true_params": {
                "Si": [
                    [
                        1.0,
                        0.0,
                        0.0,
                        0.9508613579427783,
                        1.4283224342067555,
                        0.1367814189378017
                    ],
                    [
                        0.0,
                        0.0,
                        0.0,
                        0.0,
                        0.0,
                        0.0
                    ],
                    [
                        0.0,
                        0.0,
                        1.0,
                        0.9751197093903343,
                        -0.014070175395618436,
                        0.058592221372288464
                    ],
                    [
                        0.9508613579427783,
                        0.0,
                        0.9751197093903343,
                        2.8549957696702744,
                        2.158873740524591,
                        -0.4567828982893175
                    ],
                    [
                        1.4283224342067555,
                        0.0,
                        -0.014070175395618436,
                        2.158873740524591,
                        3.7036435359770663,
                        -0.32994856364381303
                    ],
                    [
                        0.1367814189378017,
                        0.0,
                        0.058592221372288464,
                        -0.4567828982893175,
                        -0.32994856364381303,
                        1.4368492176460905
                    ]
                ],
                "mui": [
                    0.0,
                    1.0,
                    -0.7709187146451266,
                    0.22721365470994281,
                    0.8081612477580854,
                    -0.6755926945001711
                ],
                "Ai": [
                    [
                        0.0,
                        0.0,
                        0.0,
                        0.0,
                        0.0,
                        0.0
                    ],
                    [
                        0.0,
                        0.0,
                        0.0,
                        0.0,
                        0.0,
                        0.0
                    ],
                    [
                        -0.0,
                        -0.7709187146451266,
                        0.0,
                        0.0,
                        0.0,
                        0.0
                    ],
                    [
                        0.9508613579427783,
                        0.9789516876982688,
                        0.9751197093903343,
                        0.0,
                        0.0,
                        0.0
                    ],
                    [
                        0.6538865203244512,
                        -0.0,
                        -0.8082634791598836,
                        0.8144572364974674,
                        0.0,
                        0.0
                    ],
                    [
                        0.7491147332901482,
                        -0.0,
                        0.6865473680964369,
                        -0.6439774939189358,
                        -0.0,
                        0.0
                    ]
                ]
            },
            "est_params": {
                "mui": [
                    0.07153224282191459,
                    0.9999958306730686,
                    -0.7526219955763258,
                    0.2399917294083,
                    0.8664763321033216,
                    -0.5776344911225872
                ],
                "Si": [
                    [
                        1.1102818484933221,
                        -2.1565468702559026e-06,
                        -0.017066381203548316,
                        1.025421643245597,
                        1.5606185021009749,
                        -0.015808171564886717
                    ],
                    [
                        -2.1565468702559026e-06,
                        1.008277233649532e-06,
                        -7.614056312880665e-07,
                        -2.226256537121949e-06,
                        4.212176728558656e-07,
                        3.1534914051877864e-06
                    ],
                    [
                        -0.01706638120354831,
                        -7.614056312880665e-07,
                        0.963576174265019,
                        0.8995969314172688,
                        -0.04016012231486185,
                        0.12034190895388867
                    ],
                    [
                        1.025421643245597,
                        -2.226256537121948e-06,
                        0.8995969314172688,
                        2.6793239022991786,
                        2.142352708799799,
                        -0.5116784230781969
                    ],
                    [
                        1.5606185021009746,
                        4.2121767285586563e-07,
                        -0.04016012231486182,
                        2.142352708799799,
                        3.8030645886892542,
                        -0.5176900224120616
                    ],
                    [
                        -0.015808171564886717,
                        3.1534914051877864e-06,
                        0.12034190895388865,
                        -0.5116784230781969,
                        -0.5176900224120616,
                        1.1961237838198597
                    ]
                ]
            },
            "est_tgt": [
                0,
                1,
                2,
                5
            ]
        },
        "2": {
            "intv_type": "do",
            "inode": 2,
            "new_mui": 1.0,
            "true_params": {
                "Si": [
                    [
                        1.0,
                        -0.8334719270134925,
                        0.0,
                        0.1349326083437915,
                        0.7637833596295307,
                        0.6622211703209681
                    ],
                    [
                        -0.8334719270134925,
                        1.6946754531195847,
                        0.0,
                        0.866489146605012,
                        0.16072229765599944,
                        -1.1823656094481914
                    ],
                    [
                        0.0,
                        0.0,
                        0.0,
                        0.0,
                        0.0,
                        0.0
                    ],
                    [
                        0.1349326083437915,
                        0.866489146605012,
                        0.0,
                        1.9765532156417478,
                        1.6980486835499846,
                        -1.1717757814947833
                    ],
                    [
                        0.7637833596295307,
                        0.16072229765599944,
                        0.0,
                        1.6980486835499846,
                        2.8824156815521556,
                        -0.5213437680445379
                    ],
                    [
                        0.6622211703209681,
                        -1.1823656094481914,
                        0.0,
                        -1.1717757814947833,
                        -0.5213437680445379,
                        2.250676866585995
                    ]
                ],
                "mui": [
                    0.0,
                    0.0,
                    1.0,
                    0.9751197093903343,
                    -0.014070175395618436,
                    0.058592221372288464
                ],
                "Ai": [
                    [
                        0.0,
                        0.0,
                        0.0,
                        0.0,
                        0.0,
                        0.0
                    ],
                    [
                        -0.8334719270134925,
                        0.0,
                        0.0,
                        0.0,
                        0.0,
                        0.0
                    ],
                    [
                        0.0,
                        0.0,
                        0.0,
                        0.0,
                        0.0,
                        0.0
                    ],
                    [
                        0.9508613579427783,
                        0.9789516876982688,
                        0.9751197093903343,
                        0.0,
                        0.0,
                        0.0
                    ],
                    [
                        0.6538865203244512,
                        -0.0,
                        -0.8082634791598836,
                        0.8144572364974674,
                        0.0,
                        0.0
                    ],
                    [
                        0.7491147332901482,
                        -0.0,
                        0.6865473680964369,
                        -0.6439774939189358,
                        -0.0,
                        0.0
                    ]
                ]
            },
            "est_params": {
                "mui": [
                    -0.026914098788786374,
                    -0.02900498929247409,
                    1.000001907432944,
                    0.9019078490211132,
                    0.0757007498949608,
                    0.11075020876004889
                ],
                "Si": [
                    [
                        1.0250336625559642,
                        -0.7713107629571563,
                        -1.729473277940179e-05,
                        0.21284131161788952,
                        0.9723338664495477,
                        0.6266590234493847
                    ],
                    [
                        -0.7713107629571563,
                        1.6093893051869457,
                        1.2381482857064556e-05,
                        0.8010244792638563,
                        0.09753678164552032,
                        -1.1511025941141777
                    ],
                    [
                        -1.729473277940179e-05,
                        1.2381482857064556e-05,
                        1.0228320251699176e-06,
                        -1.2940957904509302e-07,
                        -2.0509200263483124e-05,
                        -2.089808791407421e-06
                    ],
                    [
                        0.2128413116178895,
                        0.8010244792638561,
                        -1.2940957904509228e-07,
                        2.0230956786119307,
                        1.9265995635102025,
                        -1.1925110020547172
                    ],
                    [
                        0.9723338664495477,
                        0.09753678164552028,
                        -2.0509200263483124e-05,
                        1.926599563510202,
                        3.5618355555806116,
                        -0.5615523844356815
                    ],
                    [
                        0.6266590234493847,
                        -1.1511025941141777,
                        -2.0898087914074217e-06,
                        -1.1925110020547172,
                        -0.5615523844356815,
                        2.346994033807127
                    ]
                ]
            },
            "est_tgt": [
                0,
                1,
                2,
                3
            ]
        },
        "3": {
            "intv_type": "do",
            "inode": 3,
            "new_mui": 1.0,
            "true_params": {
                "Si": [
                    [
                        1.0,
                        -0.8334719270134925,
                        0.6425391066660384,
                        0.0,
                        0.13454562647427537,
                        1.1902482658707527
                    ],
                    [
                        -0.8334719270134925,
                        1.6946754531195847,
                        -1.3064570220595977,
                        0.0,
                        0.5109654398797837,
                        -1.5213107303356637
                    ],
                    [
                        0.6425391066660384,
                        -1.3064570220595977,
                        2.007172168185285,
                        0.0,
                        -1.2021762993000882,
                        1.8593542809026458
                    ],
                    [
                        0.0,
                        0.0,
                        0.0,
                        0.0,
                        0.0,
                        0.0
                    ],
                    [
                        0.13454562647427537,
                        0.5109654398797837,
                        -1.2021762993000882,
                        0.0,
                        2.05965276975598,
                        -0.7245608631807573
                    ],
                    [
                        1.1902482658707527,
                        -1.5213107303356637,
                        1.8593542809026458,
                        0.0,
                        -0.7245608631807573,
                        3.168167300149385
                    ]
                ],
                "mui": [
                    0.0,
                    0.0,
                    0.0,
                    1.0,
                    0.8144572364974674,
                    -0.6439774939189358
                ],
                "Ai": [
                    [
                        0.0,
                        0.0,
                        0.0,
                        0.0,
                        0.0,
                        0.0
                    ],
                    [
                        -0.8334719270134925,
                        0.0,
                        0.0,
                        0.0,
                        0.0,
                        0.0
                    ],
                    [
                        -0.0,
                        -0.7709187146451266,
                        0.0,
                        0.0,
                        0.0,
                        0.0
                    ],
                    [
                        0.0,
                        0.0,
                        0.0,
                        0.0,
                        0.0,
                        0.0
                    ],
                    [
                        0.6538865203244512,
                        -0.0,
                        -0.8082634791598836,
                        0.8144572364974674,
                        0.0,
                        0.0
                    ],
                    [
                        0.7491147332901482,
                        -0.0,
                        0.6865473680964369,
                        -0.6439774939189358,
                        -0.0,
                        0.0
                    ]
                ]
            },
            "est_params": {
                "mui": [
                    0.09509716111372334,
                    -0.12437202318563872,
                    0.16572491569170686,
                    1.0000039118834378,
                    0.7645882527840537,
                    -0.47882668854816673
                ],
                "Si": [
                    [
                        0.8895142862278893,
                        -0.7201779606849754,
                        0.5852918811178882,
                        5.546400969826992e-06,
                        0.16051697647056323,
                        0.9616944413591808
                    ],
                    [
                        -0.7201779606849755,
                        1.5747564571922823,
                        -1.2037320874819697,
                        -2.3676487711103108e-06,
                        0.4711638839008659,
                        -1.2495100302097586
                    ],
                    [
                        0.5852918811178882,
                        -1.2037320874819697,
                        1.9694290729617638,
                        -1.7809056125469626e-06,
                        -1.1864962716966778,
                        1.7499564669082541
                    ],
                    [
                        5.546400969826991e-06,
                        -2.3676487711103108e-06,
                        -1.7809056125469624e-06,
                        1.0044913218923882e-06,
                        1.3664573307304545e-05,
                        4.3981264727320285e-06
                    ],
                    [
                        0.16051697647056323,
                        0.471163883900866,
                        -1.1864962716966778,
                        1.3664573307304545e-05,
                        2.1476612715500876,
                        -0.8500485837501174
                    ],
                    [
                        0.9616944413591808,
                        -1.2495100302097586,
                        1.7499564669082541,
                        4.3981264727320285e-06,
                        -0.8500485837501174,
                        2.869096333270534
                    ]
                ]
            },
            "est_tgt": [
                1,
                3,
                5
            ]
        },
        "4": {
            "intv_type": "do",
            "inode": 4,
            "new_mui": 1.0,
            "true_params": {
                "Si": [
                    [
                        1.0,
                        -0.8334719270134925,
                        0.6425391066660384,
                        0.761485155307904,
                        0.0,
                        0.6998689638990971
                    ],
                    [
                        -0.8334719270134925,
                        1.6946754531195847,
                        -1.3064570220595977,
                        -0.4074628450767045,
                        0.0,
                        -1.258913828498088
                    ],
                    [
                        0.6425391066660384,
                        -1.3064570220595977,
                        2.007172168185285,
                        1.2892404421825137,
                        0.0,
                        1.0291124518870098
                    ],
                    [
                        0.761485155307904,
                        -0.4074628450767045,
                        1.2892404421825137,
                        2.582344134282442,
                        0.0,
                        -0.20740712258469163
                    ],
                    [
                        0.0,
                        0.0,
                        0.0,
                        0.0,
                        0.0,
                        0.0
                    ],
                    [
                        0.6998689638990971,
                        -1.258913828498088,
                        1.0291124518870098,
                        -0.20740712258469163,
                        0.0,
                        2.3643821165706496
                    ]
                ],
                "mui": [
                    0.0,
                    0.0,
                    0.0,
                    0.0,
                    1.0,
                    0.0
                ],
                "Ai": [
                    [
                        0.0,
                        0.0,
                        0.0,
                        0.0,
                        0.0,
                        0.0
                    ],
                    [
                        -0.8334719270134925,
                        0.0,
                        0.0,
                        0.0,
                        0.0,
                        0.0
                    ],
                    [
                        -0.0,
                        -0.7709187146451266,
                        0.0,
                        0.0,
                        0.0,
                        0.0
                    ],
                    [
                        0.9508613579427783,
                        0.9789516876982688,
                        0.9751197093903343,
                        0.0,
                        0.0,
                        0.0
                    ],
                    [
                        0.0,
                        0.0,
                        0.0,
                        0.0,
                        0.0,
                        0.0
                    ],
                    [
                        0.7491147332901482,
                        -0.0,
                        0.6865473680964369,
                        -0.6439774939189358,
                        -0.0,
                        0.0
                    ]
                ]
            },
            "est_params": {
                "mui": [
                    0.04462877823031379,
                    -0.058123518118472876,
                    -0.014759696655638005,
                    -0.003491946800749565,
                    1.0000007818264665,
                    0.07663536099786192
                ],
                "Si": [
                    [
                        0.9815939802644571,
                        -0.7961483471583222,
                        0.5722736998831391,
                        0.7429383211685576,
                        7.813193240417077e-07,
                        0.5993014211009904
                    ],
                    [
                        -0.7961483471583222,
                        1.6343942858810505,
                        -1.228325863019753,
                        -0.26331926771818304,
                        -2.4720092942464755e-07,
                        -1.2232330397187423
                    ],
                    [
                        0.5722736998831391,
                        -1.2283258630197533,
                        1.8972477880211316,
                        1.0034809462112724,
                        -1.6656371876921709e-06,
                        1.1150693454919336
                    ],
                    [
                        0.7429383211685576,
                        -0.2633192677181831,
                        1.0034809462112722,
                        2.317315165896703,
                        -6.349294745774207e-07,
                        -0.03866255404378855
                    ],
                    [
                        7.813193240417077e-07,
                        -2.4720092942464755e-07,
                        -1.665637187692171e-06,
                        -6.349294745774207e-07,
                        1.0032753041245833e-06,
                        7.219109135661203e-07
                    ],
                    [
                        0.5993014211009903,
                        -1.2232330397187423,
                        1.1150693454919336,
                        -0.03866255404378855,
                        7.219109135661203e-07,
                        2.293659505540683
                    ]
                ]
            },
            "est_tgt": [
                4
            ]
        },
        "5": {
            "intv_type": "do",
            "inode": 5,
            "new_mui": 1.0,
            "true_params": {
                "Si": [
                    [
                        1.0,
                        -0.8334719270134925,
                        0.6425391066660384,
                        0.761485155307904,
                        0.7547427217001955,
                        0.0
                    ],
                    [
                        -0.8334719270134925,
                        1.6946754531195847,
                        -1.3064570220595977,
                        -0.4074628450767045,
                        0.17910437710321536,
                        0.0
                    ],
                    [
                        0.6425391066660384,
                        -1.3064570220595977,
                        2.007172168185285,
                        1.2892404421825137,
                        -0.1521450915793453,
                        0.0
                    ],
                    [
                        0.761485155307904,
                        -0.4074628450767045,
                        1.2892404421825137,
                        2.582344134282442,
                        1.5590877805040666,
                        0.0
                    ],
                    [
                        0.7547427217001955,
                        0.17910437710321536,
                        -0.1521450915793453,
                        1.5590877805040666,
                        2.8862997382560796,
                        0.0
                    ],
                    [
                        0.0,
                        0.0,
                        0.0,
                        0.0,
                        0.0,
                        0.0
                    ]
                ],
                "mui": [
                    0.0,
                    0.0,
                    0.0,
                    0.0,
                    0.0,
                    1.0
                ],
                "Ai": [
                    [
                        0.0,
                        0.0,
                        0.0,
                        0.0,
                        0.0,
                        0.0
                    ],
                    [
                        -0.8334719270134925,
                        0.0,
                        0.0,
                        0.0,
                        0.0,
                        0.0
                    ],
                    [
                        -0.0,
                        -0.7709187146451266,
                        0.0,
                        0.0,
                        0.0,
                        0.0
                    ],
                    [
                        0.9508613579427783,
                        0.9789516876982688,
                        0.9751197093903343,
                        0.0,
                        0.0,
                        0.0
                    ],
                    [
                        0.6538865203244512,
                        -0.0,
                        -0.8082634791598836,
                        0.8144572364974674,
                        0.0,
                        0.0
                    ],
                    [
                        0.0,
                        0.0,
                        0.0,
                        0.0,
                        0.0,
                        0.0
                    ]
                ]
            },
            "est_params": {
                "mui": [
                    0.0915519758346334,
                    -0.18089041783029228,
                    0.09753596369988624,
                    -0.0911572757651484,
                    -0.14283727859136805,
                    0.8778689349191174
                ],
                "Si": [
                    [
                        1.0814104873142454,
                        -0.8370371661133151,
                        0.7061511041036636,
                        0.932554433028634,
                        0.922050582157003,
                        0.107301930123133
                    ],
                    [
                        -0.8370371661133152,
                        1.6563691334210635,
                        -1.332394822612516,
                        -0.45210672175692973,
                        0.04728287780996272,
                        -0.3072381663533529
                    ],
                    [
                        0.7061511041036636,
                        -1.332394822612516,
                        2.1732000427355227,
                        1.547243743692675,
                        0.021436716689219624,
                        0.22007245066718012
                    ],
                    [
                        0.9325544330286341,
                        -0.45210672175692973,
                        1.5472437436926747,
                        2.954084289712683,
                        1.6907240168366087,
                        -0.09600283107946098
                    ],
                    [
                        0.922050582157003,
                        0.047282877809962716,
                        0.02143671668921963,
                        1.6907240168366087,
                        2.8651944955672453,
                        -0.18581881362082395
                    ],
                    [
                        0.107301930123133,
                        -0.3072381663533529,
                        0.22007245066718015,
                        -0.09600283107946096,
                        -0.18581881362082397,
                        0.6364607826904759
                    ]
                ]
            },
            "est_tgt": [
                0,
                2,
                5
            ]
        },
        "obs": {
            "intv_type": "obs",
            "true_params": {
                "Si": [
                    [
                        1.0,
                        -0.8334719270134925,
                        0.6425391066660384,
                        0.761485155307904,
                        0.7547427217001955,
                        0.6998689638990971
                    ],
                    [
                        -0.8334719270134925,
                        1.6946754531195847,
                        -1.3064570220595977,
                        -0.4074628450767045,
                        0.17910437710321536,
                        -1.258913828498088
                    ],
                    [
                        0.6425391066660384,
                        -1.3064570220595977,
                        2.007172168185285,
                        1.2892404421825137,
                        -0.1521450915793453,
                        1.0291124518870098
                    ],
                    [
                        0.761485155307904,
                        -0.4074628450767045,
                        1.2892404421825137,
                        2.582344134282442,
                        1.5590877805040666,
                        -0.20740712258469163
                    ],
                    [
                        0.7547427217001955,
                        0.17910437710321536,
                        -0.1521450915793453,
                        1.5590877805040666,
                        2.8862997382560796,
                        -0.5430833612121129
                    ],
                    [
                        0.6998689638990971,
                        -1.258913828498088,
                        1.0291124518870098,
                        -0.20740712258469163,
                        -0.5430833612121129,
                        2.3643821165706496
                    ]
                ],
                "mui": [
                    0.0,
                    0.0,
                    0.0,
                    0.0,
                    0.0,
                    0.0
                ],
                "Ai": [
                    [
                        0.0,
                        0.0,
                        0.0,
                        0.0,
                        0.0,
                        0.0
                    ],
                    [
                        -0.8334719270134925,
                        0.0,
                        0.0,
                        0.0,
                        0.0,
                        0.0
                    ],
                    [
                        -0.0,
                        -0.7709187146451266,
                        0.0,
                        0.0,
                        0.0,
                        0.0
                    ],
                    [
                        0.9508613579427783,
                        0.9789516876982688,
                        0.9751197093903343,
                        0.0,
                        0.0,
                        0.0
                    ],
                    [
                        0.6538865203244512,
                        -0.0,
                        -0.8082634791598836,
                        0.8144572364974674,
                        0.0,
                        0.0
                    ],
                    [
                        0.7491147332901482,
                        -0.0,
                        0.6865473680964369,
                        -0.6439774939189358,
                        -0.0,
                        0.0
                    ]
                ]
            },
