{
    "expt_args": {
        "save_dir": "all_expt_logs/expt_logs_30.04.24-noise-shift-low",
        "exp_name": "228",
        "num_nodes": 6,
        "obs_noise_mean": 0.0,
        "obs_noise_var": 1.0,
        "max_edge_strength": 1.0,
        "graph_sparsity_method": "adj_dense_prop",
        "adj_dense_prop": 0.8,
        "num_parents": null,
        "new_noise_mean": 0.1,
        "mix_samples": 16384,
        "stage2_samples": 16384,
        "gmm_tol": 0.001,
        "intv_type": "do",
        "new_noise_sigma": 0.0,
        "intv_targets": [
            0,
            1,
            2,
            3,
            4,
            5
        ]
    },
    "intv_args_dict": {
        "0": {
            "intv_type": "do",
            "inode": 0,
            "new_mui": 0.1,
            "new_sigmai": 0.0,
            "true_params": {
                "Si": [
                    [
                        0.0,
                        0.0,
                        0.0,
                        0.0,
                        0.0,
                        0.0
                    ],
                    [
                        0.0,
                        1.0,
                        0.0,
                        0.8432785705987045,
                        -1.7308884519143126,
                        -0.7182235760249467
                    ],
                    [
                        0.0,
                        0.0,
                        1.0,
                        0.7904957897584282,
                        -1.266354532581451,
                        -0.9955358232421913
                    ],
                    [
                        0.0,
                        0.8432785705987045,
                        0.7904957897584282,
                        2.3360023412567954,
                        -3.3828990315682628,
                        -1.4197141202535977
                    ],
                    [
                        0.0,
                        -1.7308884519143126,
                        -1.266354532581451,
                        -3.3828990315682628,
                        6.450136744656632,
                        3.258376300023037
                    ],
                    [
                        0.0,
                        -0.7182235760249467,
                        -0.9955358232421913,
                        -1.4197141202535977,
                        3.258376300023037,
                        3.0398868921312556
                    ]
                ],
                "mui": [
                    0.10000000149011612,
                    -0.06395851452331063,
                    0.06438525997610968,
                    0.055852480326786726,
                    0.03393417191268137,
                    0.11939145333800161
                ],
                "Ai": [
                    [
                        0.0,
                        0.0,
                        0.0,
                        0.0,
                        0.0,
                        0.0
                    ],
                    [
                        -0.639585135702545,
                        0.0,
                        0.0,
                        0.0,
                        0.0,
                        0.0
                    ],
                    [
                        0.6438525901669456,
                        0.0,
                        0.0,
                        0.0,
                        0.0,
                        0.0
                    ],
                    [
                        0.5889104722045906,
                        0.8432785705987045,
                        0.7904957897584282,
                        0.0,
                        0.0,
                        0.0
                    ],
                    [
                        0.5907477190763158,
                        -0.9531916847387554,
                        -0.5373356275658145,
                        -0.9222299656250177,
                        0.0,
                        0.0
                    ],
                    [
                        0.9605089296255755,
                        0.0,
                        -0.5821220659424569,
                        0.6457113837404543,
                        0.7295317889078043,
                        0.0
                    ]
                ]
            },
            "est_params": {
                "mui": [
                    0.0999963657097309,
                    -0.08628385622630609,
                    0.04184053322652525,
                    -0.0043080195349697046,
                    0.1192003861880237,
                    0.1578551150881505
                ],
                "Si": [
                    [
                        1.0444485883231424e-06,
                        -1.1985937851700158e-07,
                        -3.172566772558783e-06,
                        -2.6013361241765777e-07,
                        -1.5389679493540586e-06,
                        -4.052486052148226e-06
                    ],
                    [
                        -1.1985937851700192e-07,
                        0.9624872178079823,
                        0.014594032191154831,
                        0.8369547259167613,
                        -1.7140080514721163,
                        -0.7111597478217191
                    ],
                    [
                        -3.172566772558783e-06,
                        0.014594032191154837,
                        1.021982602834148,
                        0.7912785733496361,
                        -1.2840435132723007,
                        -1.026441076173722
                    ],
                    [
                        -2.6013361241765777e-07,
                        0.8369547259167613,
                        0.7912785733496361,
                        2.2918937271371815,
                        -3.3434858063055084,
                        -1.3957388237381392
                    ],
                    [
                        -1.5389679493540582e-06,
                        -1.7140080514721163,
                        -1.2840435132723007,
                        -3.3434858063055084,
                        6.41969275544912,
                        3.2446326892066293
                    ],
                    [
                        -4.052486052148226e-06,
                        -0.7111597478217191,
                        -1.026441076173722,
                        -1.3957388237381392,
                        3.2446326892066293,
                        3.0726555466635426
                    ]
                ]
            },
            "est_tgt": [
                0
            ]
        },
        "1": {
            "intv_type": "do",
            "inode": 1,
            "new_mui": 0.1,
            "new_sigmai": 0.0,
            "true_params": {
                "Si": [
                    [
                        1.0,
                        0.0,
                        0.6438525901669456,
                        1.0978732339566197,
                        -0.7677088113333556,
                        0.7345493922526207
                    ],
                    [
                        0.0,
                        0.0,
                        0.0,
                        0.0,
                        0.0,
                        0.0
                    ],
                    [
                        0.6438525901669456,
                        0.0,
                        1.414546157864685,
                        1.497364315116359,
                        -1.760645839252419,
                        -0.5225942944347857
                    ],
                    [
                        1.0978732339566197,
                        0.0,
                        1.497364315116359,
                        2.830209231464168,
                        -2.7661248474077005,
                        -0.00760945291973637
                    ],
                    [
                        -0.7677088113333556,
                        0.0,
                        -1.760645839252419,
                        -2.7661248474077005,
                        4.04353873068518,
                        1.4512913655969573
                    ],
                    [
                        0.7345493922526207,
                        0.0,
                        -0.5225942944347857,
                        -0.00760945291973637,
                        1.4512913655969573,
                        3.0636045966318877
                    ]
                ],
                "mui": [
                    0.0,
                    0.10000000149011612,
                    0.0,
                    0.08432785831645344,
                    -0.17308884777065606,
                    -0.07182235867273119
                ],
                "Ai": [
                    [
                        0.0,
                        0.0,
                        0.0,
                        0.0,
                        0.0,
                        0.0
                    ],
                    [
                        0.0,
                        0.0,
                        0.0,
                        0.0,
                        0.0,
                        0.0
                    ],
                    [
                        0.6438525901669456,
                        0.0,
                        0.0,
                        0.0,
                        0.0,
                        0.0
                    ],
                    [
                        0.5889104722045906,
                        0.8432785705987045,
                        0.7904957897584282,
                        0.0,
                        0.0,
                        0.0
                    ],
                    [
                        0.5907477190763158,
                        -0.9531916847387554,
                        -0.5373356275658145,
                        -0.9222299656250177,
                        0.0,
                        0.0
                    ],
                    [
                        0.9605089296255755,
                        0.0,
                        -0.5821220659424569,
                        0.6457113837404543,
                        0.7295317889078043,
                        0.0
                    ]
                ]
            },
            "est_params": {
                "mui": [
                    -0.04519247752751223,
                    0.09999614021059039,
                    -0.004444902937783799,
                    0.0636599729202244,
                    -0.13601155699195222,
                    -0.09108736610831927
                ],
                "Si": [
                    [
                        0.9777133847234007,
                        -3.288408938678449e-06,
                        0.6259637529088321,
                        1.0911937467956538,
                        -0.7432454786260484,
                        0.724605478539465
                    ],
                    [
                        -3.288408938678449e-06,
                        1.0248735352370394e-06,
                        -2.9394951517313023e-06,
                        -9.009476144772716e-07,
                        -4.649198916235261e-06,
                        -6.730061127737112e-06
                    ],
                    [
                        0.6259637529088321,
                        -2.939495151731302e-06,
                        1.4023623240117618,
                        1.4695708535074197,
                        -1.7416929311027332,
                        -0.5606909358390191
                    ],
                    [
                        1.0911937467956538,
                        -9.009476144772727e-07,
                        1.4695708535074197,
                        2.815639949407624,
                        -2.709288166370972,
                        -0.013247781590674872
                    ],
                    [
                        -0.7432454786260485,
                        -4.649198916235261e-06,
                        -1.7416929311027332,
                        -2.7092881663709725,
                        3.970851057467858,
                        1.5353308084356847
                    ],
                    [
                        0.724605478539465,
                        -6.730061127737112e-06,
                        -0.5606909358390191,
                        -0.013247781590674875,
                        1.5353308084356847,
                        3.1613758697506245
                    ]
                ]
            },
            "est_tgt": [
                1
            ]
        },
        "2": {
            "intv_type": "do",
            "inode": 2,
            "new_mui": 0.1,
            "new_sigmai": 0.0,
            "true_params": {
                "Si": [
                    [
                        1.0,
                        -0.639585135702545,
                        0.0,
                        0.049562033193169985,
                        1.154687359942447,
                        1.8348928339877708
                    ],
                    [
                        -0.639585135702545,
                        1.4090691458116429,
                        0.0,
                        0.8115794308731568,
                        -2.469409323717116,
                        -1.8917937582506426
                    ],
                    [
                        0.0,
                        0.0,
                        0.0,
                        0.0,
                        0.0,
                        0.0
                    ],
                    [
                        0.049562033193169985,
                        0.8115794308731568,
                        0.0,
                        1.7135751427652353,
                        -2.3246224519599226,
                        -0.5418062238829431
                    ],
                    [
                        1.154687359942447,
                        -2.469409323717116,
                        0.0,
                        -2.3246224519599226,
                        6.179785841677905,
                        4.116402560167735
                    ],
                    [
                        1.8348928339877708,
                        -1.8917937582506426,
                        0.0,
                        -0.5418062238829431,
                        4.116402560167735,
                        5.415627028992421
                    ]
                ],
                "mui": [
                    0.0,
                    0.0,
                    0.10000000149011612,
                    0.07904958015377334,
                    -0.1266354551451604,
                    -0.0995535838076831
                ],
                "Ai": [
                    [
                        0.0,
                        0.0,
                        0.0,
                        0.0,
                        0.0,
                        0.0
                    ],
                    [
                        -0.639585135702545,
                        0.0,
                        0.0,
                        0.0,
                        0.0,
                        0.0
                    ],
                    [
                        0.0,
                        0.0,
                        0.0,
                        0.0,
                        0.0,
                        0.0
                    ],
                    [
                        0.5889104722045906,
                        0.8432785705987045,
                        0.7904957897584282,
                        0.0,
                        0.0,
                        0.0
                    ],
                    [
                        0.5907477190763158,
                        -0.9531916847387554,
                        -0.5373356275658145,
                        -0.9222299656250177,
                        0.0,
                        0.0
                    ],
                    [
                        0.9605089296255755,
                        0.0,
                        -0.5821220659424569,
                        0.6457113837404543,
                        0.7295317889078043,
                        0.0
                    ]
                ]
            },
            "est_params": {
                "mui": [
                    -0.28904949869332935,
                    0.16297179679392026,
                    0.21907338566278348,
                    0.15698712860439798,
                    -0.6273274746813885,
                    -0.7940061866826877
                ],
                "Si": [
                    [
                        0.7795970952862616,
                        -0.479442974777757,
                        0.2602271512413282,
                        0.2704420003913752,
                        0.5079764552924887,
                        1.1496846702095804
                    ],
                    [
                        -0.479442974777757,
                        1.362625320309474,
                        -0.16254221743831054,
                        0.7484561393719771,
                        -2.1764932841642914,
                        -1.4750307879674829
                    ],
                    [
                        0.2602271512413282,
                        -0.16254221743831054,
                        0.476716884130116,
                        0.39264145556418895,
                        -0.3355666425233105,
                        -0.042563989386921366
                    ],
                    [
                        0.2704420003913752,
                        0.7484561393719771,
                        0.39264145556418895,
                        2.195283950123475,
                        -2.7857059801293262,
                        -0.6184273127049714
                    ],
                    [
                        0.5079764552924886,
                        -2.176493284164291,
                        -0.3355666425233105,
                        -2.7857059801293267,
                        6.0726949874922145,
                        3.3715615362307485
                    ],
                    [
                        1.1496846702095804,
                        -1.4750307879674829,
                        -0.042563989386921366,
                        -0.6184273127049713,
                        3.3715615362307485,
                        4.225070340613715
                    ]
                ]
            },
            "est_tgt": [
                0,
                2,
                4
            ]
        },
        "3": {
            "intv_type": "do",
            "inode": 3,
            "new_mui": 0.1,
            "new_sigmai": 0.0,
            "true_params": {
                "Si": [
                    [
                        1.0,
                        -0.639585135702545,
                        0.6438525901669456,
                        0.0,
                        0.8544300165132592,
                        1.209041988118634
                    ],
                    [
                        -0.639585135702545,
                        1.4090691458116429,
                        -0.411798546254361,
                        0.0,
                        -1.499672422798716,
                        -1.4686689189804394
                    ],
                    [
                        0.6438525901669456,
                        -0.411798546254361,
                        1.414546157864685,
                        0.0,
                        0.012791351682633567,
                        -0.1956806718936671
                    ],
                    [
                        0.0,
                        0.0,
                        0.0,
                        0.0,
                        0.0,
                        0.0
                    ],
                    [
                        0.8544300165132592,
                        -1.499672422798716,
                        0.012791351682633567,
                        0.0,
                        2.927354617625503,
                        2.9488397834972773
                    ],
                    [
                        1.209041988118634,
                        -1.4686689189804394,
                        -0.1956806718936671,
                        0.0,
                        2.9488397834972773,
                        4.426478025325228
                    ]
                ],
                "mui": [
                    0.0,
                    0.0,
                    0.0,
                    0.10000000149011612,
                    -0.09222299793673151,
                    -0.0027084693269941113
                ],
                "Ai": [
                    [
                        0.0,
                        0.0,
                        0.0,
                        0.0,
                        0.0,
                        0.0
                    ],
                    [
                        -0.639585135702545,
                        0.0,
                        0.0,
                        0.0,
                        0.0,
                        0.0
                    ],
                    [
                        0.6438525901669456,
                        0.0,
                        0.0,
                        0.0,
                        0.0,
                        0.0
                    ],
                    [
                        0.0,
                        0.0,
                        0.0,
                        0.0,
                        0.0,
                        0.0
                    ],
                    [
                        0.5907477190763158,
                        -0.9531916847387554,
                        -0.5373356275658145,
                        -0.9222299656250177,
                        0.0,
                        0.0
                    ],
                    [
                        0.9605089296255755,
                        0.0,
                        -0.5821220659424569,
                        0.6457113837404543,
                        0.7295317889078043,
                        0.0
                    ]
                ]
            },
            "est_params": {
                "mui": [
                    -0.0024979687012963987,
                    -0.005500691469950869,
                    0.0051288491515443365,
                    0.09999993119715454,
                    -0.09019049789262447,
                    0.0015852887066466338
                ],
                "Si": [
                    [
                        0.9834573682000598,
                        -0.6049461848196742,
                        0.6407353933354669,
                        3.1365395010428073e-06,
                        0.8371813559620234,
                        1.1528398733311354
                    ],
                    [
                        -0.6049461848196742,
                        1.3609221866380938,
                        -0.39143123844903965,
                        -4.142830474216735e-06,
                        -1.3738513767501155,
                        -1.3677867728350634
                    ],
                    [
                        0.640735393335467,
                        -0.3914312384490397,
                        1.453102636698212,
                        8.219236297122117e-07,
                        -0.015150752562451962,
                        -0.2714608904625031
                    ],
                    [
                        3.1365395010428073e-06,
                        -4.142830474216735e-06,
                        8.219236297122117e-07,
                        1.0185193550525477e-06,
                        7.093606139184919e-06,
                        7.728705693526931e-06
                    ],
                    [
                        0.8371813559620235,
                        -1.3738513767501153,
                        -0.01515075256245197,
                        7.093606139184917e-06,
                        2.763449604574926,
                        2.8740138930809604
                    ],
                    [
                        1.1528398733311354,
                        -1.3677867728350634,
                        -0.2714608904625031,
                        7.728705693526931e-06,
                        2.8740138930809604,
                        4.372219151002076
                    ]
                ]
            },
            "est_tgt": [
                3,
                4
            ]
        },
        "4": {
            "intv_type": "do",
            "inode": 4,
            "new_mui": 0.1,
            "new_sigmai": 0.0,
            "true_params": {
                "Si": [
                    [
                        1.0,
                        -0.639585135702545,
                        0.6438525901669456,
                        0.5585247949451992,
                        0.0,
                        0.9463539478726093
                    ],
                    [
                        -0.639585135702545,
                        1.4090691458116429,
                        -0.411798546254361,
                        0.48605441383044307,
                        0.0,
                        -0.06075934547278017
                    ],
                    [
                        0.6438525901669456,
                        -0.411798546254361,
                        1.414546157864685,
                        1.150103425656357,
                        0.0,
                        0.5376225048559552
                    ],
                    [
                        0.5585247949451992,
                        0.48605441383044307,
                        1.150103425656357,
                        2.647952287825372,
                        0.0,
                        1.5767804066220048
                    ],
                    [
                        0.0,
                        0.0,
                        0.0,
                        0.0,
                        0.0,
                        0.0
                    ],
                    [
                        0.9463539478726093,
                        -0.06075934547278017,
                        0.5376225048559552,
                        1.5767804066220048,
                        0.0,
                        2.6141645525088815
                    ]
                ],
                "mui": [
                    0.0,
                    0.0,
                    0.0,
                    0.0,
                    0.10000000149011612,
                    0.07295317997786752
                ],
                "Ai": [
                    [
                        0.0,
                        0.0,
                        0.0,
                        0.0,
                        0.0,
                        0.0
                    ],
                    [
                        -0.639585135702545,
                        0.0,
                        0.0,
                        0.0,
                        0.0,
                        0.0
                    ],
                    [
                        0.6438525901669456,
                        0.0,
                        0.0,
                        0.0,
                        0.0,
                        0.0
                    ],
                    [
                        0.5889104722045906,
                        0.8432785705987045,
                        0.7904957897584282,
                        0.0,
                        0.0,
                        0.0
                    ],
                    [
                        0.0,
                        0.0,
                        0.0,
                        0.0,
                        0.0,
                        0.0
                    ],
                    [
                        0.9605089296255755,
                        0.0,
                        -0.5821220659424569,
                        0.6457113837404543,
                        0.7295317889078043,
                        0.0
                    ]
                ]
            },
            "est_params": {
                "mui": [
                    -0.011796114187255806,
                    0.03195517800755171,
                    -0.01534833257195374,
                    0.030348550348067823,
                    0.10000036047471261,
                    0.10060676986347879
                ],
                "Si": [
                    [
                        0.9596373595703783,
                        -0.6047415419487059,
                        0.6061795543211427,
                        0.5233250276050633,
                        -1.2373859806149317e-06,
                        0.934546960785164
                    ],
                    [
                        -0.6047415419487059,
                        1.4308227719953472,
                        -0.3864018284234695,
                        0.5540861567744471,
                        -1.5061173756815775e-07,
                        -0.01893058643379875
                    ],
                    [
                        0.6061795543211425,
                        -0.3864018284234695,
                        1.372644677689584,
                        1.081064862888334,
                        -1.5013690787575913e-06,
                        0.4864095152337875
                    ],
                    [
                        0.5233250276050633,
                        0.5540861567744471,
                        1.081064862888334,
                        2.5927985386004226,
                        1.3690310754916146e-06,
                        1.5455479596658213
                    ],
                    [
                        -1.2373859806149317e-06,
                        -1.506117375681572e-07,
                        -1.5013690787575913e-06,
                        1.369031075491615e-06,
                        1.0071221079224097e-06,
                        3.116159188417611e-07
                    ],
                    [
                        0.9345469607851642,
                        -0.018930586433798764,
                        0.4864095152337875,
                        1.5455479596658215,
                        3.116159188417615e-07,
                        2.658883050719181
                    ]
                ]
            },
            "est_tgt": [
                3,
                4
            ]
        },
        "5": {
            "intv_type": "do",
            "inode": 5,
            "new_mui": 0.1,
            "new_sigmai": 0.0,
            "true_params": {
                "Si": [
                    [
                        1.0,
                        -0.639585135702545,
                        0.6438525901669456,
                        0.5585247949451992,
                        0.33934171407022806,
                        0.0
                    ],
                    [
                        -0.639585135702545,
                        1.4090691458116429,
                        -0.411798546254361,
                        0.48605441383044307,
                        -1.9479263681574537,
                        0.0
                    ],
                    [
                        0.6438525901669456,
                        -0.411798546254361,
                        1.414546157864685,
                        1.150103425656357,
                        -1.0478684910256435,
                        0.0
                    ],
                    [
                        0.5585247949451992,
                        0.48605441383044307,
                        1.150103425656357,
                        2.647952287825372,
                        -3.1933682703008364,
                        0.0
                    ],
                    [
                        0.33934171407022806,
                        -1.9479263681574537,
                        -1.0478684910256435,
                        -3.1933682703008364,
                        6.565289543564753,
                        0.0
                    ],
                    [
                        0.0,
                        0.0,
                        0.0,
                        0.0,
                        0.0,
                        0.0
                    ]
                ],
                "mui": [
                    0.0,
                    0.0,
                    0.0,
                    0.0,
                    0.0,
                    0.10000000149011612
                ],
                "Ai": [
                    [
                        0.0,
                        0.0,
                        0.0,
                        0.0,
                        0.0,
                        0.0
                    ],
                    [
                        -0.639585135702545,
                        0.0,
                        0.0,
                        0.0,
                        0.0,
                        0.0
                    ],
                    [
                        0.6438525901669456,
                        0.0,
                        0.0,
                        0.0,
                        0.0,
                        0.0
                    ],
                    [
                        0.5889104722045906,
                        0.8432785705987045,
                        0.7904957897584282,
                        0.0,
                        0.0,
                        0.0
                    ],
                    [
                        0.5907477190763158,
                        -0.9531916847387554,
                        -0.5373356275658145,
                        -0.9222299656250177,
                        0.0,
                        0.0
                    ],
                    [
                        0.0,
                        0.0,
                        0.0,
                        0.0,
                        0.0,
                        0.0
                    ]
                ]
            },
            "est_params": {
                "mui": [
                    0.01877178496705612,
                    -0.027497398324906098,
                    0.013419715465742927,
                    -0.008753627979625691,
                    0.04324456191381072,
                    0.1000006491341196
                ],
                "Si": [
                    [
                        1.0105762163779957,
                        -0.648505473864433,
                        0.6357763872585147,
                        0.569142593417424,
                        0.31832184369267563,
                        3.337062087132566e-07
                    ],
                    [
                        -0.648505473864433,
                        1.4307878176334892,
                        -0.3814916347342487,
                        0.5245386865501466,
                        -1.9896352220477211,
                        -2.0029223503401493e-06
                    ],
                    [
                        0.6357763872585147,
                        -0.3814916347342487,
                        1.4113588200391307,
                        1.1743153823169123,
                        -1.1091226029063814,
                        -5.661884004035624e-07
                    ],
                    [
                        0.569142593417424,
                        0.5245386865501466,
                        1.1743153823169123,
                        2.711620867014471,
                        -3.3034212407866455,
                        -6.647335279486262e-06
                    ],
                    [
                        0.31832184369267563,
                        -1.9896352220477211,
                        -1.1091226029063814,
                        -3.3034212407866455,
                        6.641185816499734,
                        8.284794881192635e-06
                    ],
                    [
                        3.337062087132561e-07,
                        -2.0029223503401497e-06,
                        -5.661884004035624e-07,
                        -6.647335279486262e-06,
                        8.284794881192635e-06,
                        1.0151694823131454e-06
                    ]
                ]
            },
            "est_tgt": [
                5
            ]
        },
        "obs": {
            "intv_type": "obs",
            "true_params": {
                "Si": [
                    [
                        1.0,
                        -0.639585135702545,
                        0.6438525901669456,
                        0.5585247949451992,
                        0.33934171407022806,
                        1.1939145155893034
                    ],
                    [
                        -0.639585135702545,
                        1.4090691458116429,
                        -0.411798546254361,
                        0.48605441383044307,
                        -1.9479263681574537,
                        -1.4818335534953695
                    ],
                    [
                        0.6438525901669456,
                        -0.411798546254361,
                        1.414546157864685,
                        1.150103425656357,
                        -1.0478684910256435,
                        -0.2268308699421041
                    ],
                    [
                        0.5585247949451992,
                        0.48605441383044307,
                        1.150103425656357,
                        2.647952287825372,
                        -3.1933682703008364,
                        -0.7528832602519852
                    ],
                    [
                        0.33934171407022806,
                        -1.9479263681574537,
                        -1.0478684910256435,
                        -3.1933682703008364,
                        6.565289543564753,
                        3.6635212981964367
                    ],
                    [
                        1.1939145155893034,
                        -1.4818335534953695,
                        -0.2268308699421041,
                        -0.7528832602519852,
                        3.6635212981964367,
                        4.465318762666097
                    ]
                ],
                "mui": [
                    0.0,
                    0.0,
                    0.0,
                    0.0,
                    0.0,
                    0.0
                ],
                "Ai": [
                    [
                        0.0,
                        0.0,
                        0.0,
                        0.0,
                        0.0,
                        0.0
                    ],
                    [
                        -0.639585135702545,
                        0.0,
                        0.0,
                        0.0,
                        0.0,
                        0.0
                    ],
                    [
                        0.6438525901669456,
                        0.0,
                        0.0,
                        0.0,
                        0.0,
                        0.0
                    ],
                    [
                        0.5889104722045906,
                        0.8432785705987045,
                        0.7904957897584282,
                        0.0,
                        0.0,
                        0.0
                    ],
                    [
                        0.5907477190763158,
                        -0.9531916847387554,
                        -0.5373356275658145,
                        -0.9222299656250177,
