{
    "expt_args": {
        "save_dir": "all_expt_logs/expt_logs_30.04.24-noise-shift-low",
        "exp_name": "246",
        "num_nodes": 6,
        "obs_noise_mean": 0.0,
        "obs_noise_var": 1.0,
        "max_edge_strength": 1.0,
        "graph_sparsity_method": "adj_dense_prop",
        "adj_dense_prop": 0.8,
        "num_parents": null,
        "new_noise_mean": 0.8,
        "mix_samples": 65536,
        "stage2_samples": 65536,
        "gmm_tol": 0.001,
        "intv_type": "do",
        "new_noise_sigma": 0.0,
        "intv_targets": [
            0,
            1,
            2,
            3,
            4,
            5
        ]
    },
    "intv_args_dict": {
        "0": {
            "intv_type": "do",
            "inode": 0,
            "new_mui": 0.8,
            "new_sigmai": 0.0,
            "true_params": {
                "Si": [
                    [
                        0.0,
                        0.0,
                        0.0,
                        0.0,
                        0.0,
                        0.0
                    ],
                    [
                        0.0,
                        1.0,
                        -0.5411760919486308,
                        0.0,
                        0.23397836254884086,
                        -0.42707039417038617
                    ],
                    [
                        0.0,
                        -0.5411760919486308,
                        1.292871562496793,
                        0.0,
                        0.6313728744488445,
                        -0.5591258870351604
                    ],
                    [
                        0.0,
                        0.0,
                        0.0,
                        1.0,
                        0.0,
                        0.750537439185818
                    ],
                    [
                        0.0,
                        0.23397836254884086,
                        0.6313728744488445,
                        0.0,
                        1.6293043715192577,
                        -0.6989289630054055
                    ],
                    [
                        0.0,
                        -0.42707039417038617,
                        -0.5591258870351604,
                        0.750537439185818,
                        -0.6989289630054055,
                        2.3701845846220797
                    ]
                ],
                "mui": [
                    0.800000011920929,
                    -0.5054429863289585,
                    -0.16920224023450617,
                    0.7611259916296793,
                    0.031647788662284515,
                    0.6711606749401824
                ],
                "Ai": [
                    [
                        0.0,
                        0.0,
                        0.0,
                        0.0,
                        0.0,
                        0.0
                    ],
                    [
                        -0.631803723496589,
                        0.0,
                        0.0,
                        0.0,
                        0.0,
                        0.0
                    ],
                    [
                        -0.5534198671019728,
                        -0.5411760919486308,
                        0.0,
                        0.0,
                        0.0,
                        0.0
                    ],
                    [
                        0.951407475360023,
                        -0.0,
                        -0.0,
                        0.0,
                        0.0,
                        0.0
                    ],
                    [
                        0.6068783864260052,
                        0.6441878759355602,
                        0.757996370293566,
                        0.0,
                        0.0,
                        0.0
                    ],
                    [
                        -0.5822786967963783,
                        -0.8547327302601881,
                        -0.7902461739392513,
                        0.750537439185818,
                        0.0,
                        0.0
                    ]
                ]
            },
            "est_params": {
                "mui": [
                    0.8000000898443683,
                    -0.5022517774325999,
                    -0.16050535256964898,
                    0.7512199500911692,
                    0.05569226718890541,
                    0.6476741635385644
                ],
                "Si": [
                    [
                        1.0132271739914306e-06,
                        2.494908876914682e-07,
                        -7.501182711415411e-07,
                        -4.38860984855391e-07,
                        -3.903674443462586e-07,
                        -7.180126904166665e-07
                    ],
                    [
                        2.494908876914682e-07,
                        0.9966725851435271,
                        -0.5406218357879494,
                        0.00982894987938968,
                        0.2329586082318994,
                        -0.41303239221388516
                    ],
                    [
                        -7.501182711415411e-07,
                        -0.5406218357879495,
                        1.3044833098712265,
                        -0.0007473874714431309,
                        0.6405720172938227,
                        -0.552493361483247
                    ],
                    [
                        -4.388609848553911e-07,
                        0.00982894987938968,
                        -0.0007473874714431324,
                        1.012948397067384,
                        0.004679034383703242,
                        0.7460958481826261
                    ],
                    [
                        -3.903674443462585e-07,
                        0.23295860823189934,
                        0.6405720172938227,
                        0.004679034383703252,
                        1.6510561119081988,
                        -0.701208824522801
                    ],
                    [
                        -7.180126904166664e-07,
                        -0.41303239221388516,
                        -0.552493361483247,
                        0.746095848182626,
                        -0.701208824522801,
                        2.3267200935030665
                    ]
                ]
            },
            "est_tgt": [
                0
            ]
        },
        "1": {
            "intv_type": "do",
            "inode": 1,
            "new_mui": 0.8,
            "new_sigmai": 0.0,
            "true_params": {
                "Si": [
                    [
                        1.0,
                        0.0,
                        -0.5534198671019728,
                        0.951407475360023,
                        0.18738813591436215,
                        0.5691261659418805
                    ],
                    [
                        0.0,
                        0.0,
                        0.0,
                        0.0,
                        0.0,
                        0.0
                    ],
                    [
                        -0.5534198671019728,
                        0.0,
                        1.3062735493031652,
                        -0.5265277985735674,
                        0.6542920530193533,
                        -1.1052119010590622
                    ],
                    [
                        0.951407475360023,
                        0.0,
                        -0.5265277985735674,
                        1.9051761841709327,
                        0.17828247330270416,
                        1.2920083278859118
                    ],
                    [
                        0.18738813591436215,
                        0.0,
                        0.6542920530193533,
                        0.17828247330270416,
                        1.6096728108596805,
                        -0.49235624014839363
                    ],
                    [
                        0.5691261659418805,
                        0.0,
                        -1.1052119010590622,
                        1.2920083278859118,
                        -0.49235624014839363,
                        2.511700055804936
                    ]
                ],
                "mui": [
                    0.0,
                    0.800000011920929,
                    -0.4329408800102264,
                    0.0,
                    0.18718269282831212,
                    -0.34165632042738475
                ],
                "Ai": [
                    [
                        0.0,
                        0.0,
                        0.0,
                        0.0,
                        0.0,
                        0.0
                    ],
                    [
                        0.0,
                        0.0,
                        0.0,
                        0.0,
                        0.0,
                        0.0
                    ],
                    [
                        -0.5534198671019728,
                        -0.5411760919486308,
                        0.0,
                        0.0,
                        0.0,
                        0.0
                    ],
                    [
                        0.951407475360023,
                        -0.0,
                        -0.0,
                        0.0,
                        0.0,
                        0.0
                    ],
                    [
                        0.6068783864260052,
                        0.6441878759355602,
                        0.757996370293566,
                        0.0,
                        0.0,
                        0.0
                    ],
                    [
                        -0.5822786967963783,
                        -0.8547327302601881,
                        -0.7902461739392513,
                        0.750537439185818,
                        0.0,
                        0.0
                    ]
                ]
            },
            "est_params": {
                "mui": [
                    -0.005318465027661195,
                    0.8000017587510931,
                    -0.4496684241257433,
                    0.00748392313874675,
                    0.17432791615872475,
                    -0.31387259135927126
                ],
                "Si": [
                    [
                        0.9996525128796336,
                        -8.851324953701769e-07,
                        -0.5581489709063352,
                        0.9585440648222676,
                        0.18908608143941918,
                        0.566402863272813
                    ],
                    [
                        -8.851324953701772e-07,
                        1.0107527379911466e-06,
                        2.0880620268425933e-06,
                        -2.1557902508370526e-07,
                        -1.1353198018456884e-06,
                        3.379582694000881e-07
                    ],
                    [
                        -0.5581489709063352,
                        2.0880620268425937e-06,
                        1.3166517449260031,
                        -0.5351458606201289,
                        0.6777055008255458,
                        -1.1069234847409566
                    ],
                    [
                        0.9585440648222676,
                        -2.1557902508370526e-07,
                        -0.535145860620129,
                        1.9085723526711345,
                        0.1713044199691615,
                        1.2917243476352176
                    ],
                    [
                        0.18908608143941918,
                        -1.1353198018456884e-06,
                        0.6777055008255458,
                        0.17130441996916151,
                        1.6278944317573694,
                        -0.5038547487760496
                    ],
                    [
                        0.5664028632728131,
                        3.37958269400088e-07,
                        -1.1069234847409566,
                        1.2917243476352174,
                        -0.5038547487760497,
                        2.4988720580152943
                    ]
                ]
            },
            "est_tgt": [
                1
            ]
        },
        "2": {
            "intv_type": "do",
            "inode": 2,
            "new_mui": 0.8,
            "new_sigmai": 0.0,
            "true_params": {
                "Si": [
                    [
                        1.0,
                        -0.631803723496589,
                        0.0,
                        0.951407475360023,
                        0.19987808777855962,
                        0.67181155495537
                    ],
                    [
                        -0.631803723496589,
                        1.3991759450241543,
                        0.0,
                        -0.6011027854949518,
                        0.5179041558316881,
                        -1.2791857721690243
                    ],
                    [
                        0.0,
                        0.0,
                        0.0,
                        0.0,
                        0.0,
                        0.0
                    ],
                    [
                        0.951407475360023,
                        -0.6011027854949518,
                        0.0,
                        1.9051761841709327,
                        0.19016550687318848,
                        1.389703974603598
                    ],
                    [
                        0.19987808777855962,
                        0.5179041558316881,
                        0.0,
                        0.19016550687318848,
                        1.4549292694763822,
                        -0.4163280530468926
                    ],
                    [
                        0.67181155495537,
                        -1.2791857721690243,
                        0.0,
                        1.389703974603598,
                        -0.4163280530468926,
                        2.7452052531691935
                    ]
                ],
                "mui": [
                    0.0,
                    0.0,
                    0.800000011920929,
                    0.0,
                    0.6063971052708738,
                    -0.6321969485718696
                ],
                "Ai": [
                    [
                        0.0,
                        0.0,
                        0.0,
                        0.0,
                        0.0,
                        0.0
                    ],
                    [
                        -0.631803723496589,
                        0.0,
                        0.0,
                        0.0,
                        0.0,
                        0.0
                    ],
                    [
                        0.0,
                        0.0,
                        0.0,
                        0.0,
                        0.0,
                        0.0
                    ],
                    [
                        0.951407475360023,
                        -0.0,
                        -0.0,
                        0.0,
                        0.0,
                        0.0
                    ],
                    [
                        0.6068783864260052,
                        0.6441878759355602,
                        0.757996370293566,
                        0.0,
                        0.0,
                        0.0
                    ],
                    [
                        -0.5822786967963783,
                        -0.8547327302601881,
                        -0.7902461739392513,
                        0.750537439185818,
                        0.0,
                        0.0
                    ]
                ]
            },
            "est_params": {
                "mui": [
                    0.0015643897078335756,
                    0.006915879698196906,
                    0.8000000970177313,
                    -0.005279020569941754,
                    0.623965734596285,
                    -0.6615352974707053
                ],
                "Si": [
                    [
                        0.9794269599055774,
                        -0.627965653750861,
                        -1.3120773201753974e-06,
                        0.9253293001997744,
                        0.196513053497125,
                        0.6632739360765081
                    ],
                    [
                        -0.627965653750861,
                        1.4017201254081062,
                        1.935263802177889e-06,
                        -0.5922431857400564,
                        0.54541655309797,
                        -1.2875407694483152
                    ],
                    [
                        -1.3120773201753974e-06,
                        1.935263802177889e-06,
                        1.0098238891987643e-06,
                        -1.57922495378229e-07,
                        3.8871100229989707e-07,
                        2.466322123697574e-07
                    ],
                    [
                        0.9253293001997742,
                        -0.5922431857400564,
                        -1.5792249537822888e-07,
                        1.8599328511683832,
                        0.19241067885413218,
                        1.3764931368486568
                    ],
                    [
                        0.196513053497125,
                        0.54541655309797,
                        3.88711002299897e-07,
                        0.19241067885413218,
                        1.492723218258762,
                        -0.4563688653516234
                    ],
                    [
                        0.663273936076508,
                        -1.2875407694483152,
                        2.4663221236975747e-07,
                        1.3764931368486568,
                        -0.45636886535162335,
                        2.7891379945795727
                    ]
                ]
            },
            "est_tgt": [
                2
            ]
        },
        "3": {
            "intv_type": "do",
            "inode": 3,
            "new_mui": 0.8,
            "new_sigmai": 0.0,
            "true_params": {
                "Si": [
                    [
                        1.0,
                        -0.631803723496589,
                        -0.21150279714149545,
                        0.0,
                        0.039559735238369656,
                        0.12488390099493055
                    ],
                    [
                        -0.631803723496589,
                        1.3991759450241543,
                        -0.40754783718469023,
                        0.0,
                        0.2089843745246997,
                        -0.5059725078237627
                    ],
                    [
                        -0.21150279714149545,
                        -0.40754783718469023,
                        1.3376049956954694,
                        0.0,
                        0.6230058797917523,
                        -0.5855391814135298
                    ],
                    [
                        0.0,
                        0.0,
                        0.0,
                        0.0,
                        0.0,
                        0.0
                    ],
                    [
                        0.039559735238369656,
                        0.2089843745246997,
                        0.6230058797917523,
                        0.0,
                        1.6308693441713875,
                        -0.6939885889465113
                    ],
                    [
                        0.12488390099493055,
                        -0.5059725078237627,
                        -0.5855391814135298,
                        0.0,
                        -0.6939885889465113,
                        1.822474125730186
                    ]
                ],
                "mui": [
                    0.0,
                    0.0,
                    0.0,
                    0.800000011920929,
                    0.0,
                    0.6004299602957578
                ],
                "Ai": [
                    [
                        0.0,
                        0.0,
                        0.0,
                        0.0,
                        0.0,
                        0.0
                    ],
                    [
                        -0.631803723496589,
                        0.0,
                        0.0,
                        0.0,
                        0.0,
                        0.0
                    ],
                    [
                        -0.5534198671019728,
                        -0.5411760919486308,
                        0.0,
                        0.0,
                        0.0,
                        0.0
                    ],
                    [
                        0.0,
                        0.0,
                        0.0,
                        0.0,
                        0.0,
                        0.0
                    ],
                    [
                        0.6068783864260052,
                        0.6441878759355602,
                        0.757996370293566,
                        0.0,
                        0.0,
                        0.0
                    ],
                    [
                        -0.5822786967963783,
                        -0.8547327302601881,
                        -0.7902461739392513,
                        0.750537439185818,
                        0.0,
                        0.0
                    ]
                ]
            },
            "est_params": {
                "mui": [
                    0.011314632246236076,
                    -0.003544171626833729,
                    -0.006078790907878524,
                    0.7999988782840163,
                    -0.012898669183646662,
                    0.6155119679541632
                ],
                "Si": [
                    [
                        0.9931870819666493,
                        -0.6394078388832899,
                        -0.2002287303377054,
                        -2.5857519841308354e-07,
                        0.04583723983818163,
                        0.13784382287925642
                    ],
                    [
                        -0.6394078388832899,
                        1.4291513036102086,
                        -0.4120270565364166,
                        -9.00032093721313e-08,
                        0.2130729933841535,
                        -0.48880921004594563
                    ],
                    [
                        -0.2002287303377054,
                        -0.4120270565364166,
                        1.3219580914579645,
                        -4.1922098562332995e-07,
                        0.5969216612800539,
                        -0.6045992385218433
                    ],
                    [
                        -2.5857519841308344e-07,
                        -9.000320937213112e-08,
                        -4.1922098562333005e-07,
                        1.007856732958499e-06,
                        -8.257722274393164e-07,
                        3.653453197575552e-07
                    ],
                    [
                        0.04583723983818163,
                        0.21307299338415345,
                        0.5969216612800539,
                        -8.257722274393164e-07,
                        1.606951121739461,
                        -0.6587881657380683
                    ],
                    [
                        0.1378438228792564,
                        -0.48880921004594563,
                        -0.6045992385218433,
                        3.65345319757555e-07,
                        -0.6587881657380682,
                        1.78789485540165
                    ]
                ]
            },
            "est_tgt": [
                3
            ]
        },
        "4": {
            "intv_type": "do",
            "inode": 4,
            "new_mui": 0.8,
            "new_sigmai": 0.0,
            "true_params": {
                "Si": [
                    [
                        1.0,
                        -0.631803723496589,
                        -0.21150279714149545,
                        0.951407475360023,
                        0.0,
                        0.8389508311738864
                    ],
                    [
                        -0.631803723496589,
                        1.3991759450241543,
                        -0.40754783718469023,
                        -0.6011027854949518,
                        0.0,
                        -0.9571226531366057
                    ],
                    [
                        -0.21150279714149545,
                        -0.40754783718469023,
                        1.3376049956954694,
                        -0.20122534225997327,
                        0.0,
                        -0.7365663344926199
                    ],
                    [
                        0.951407475360023,
                        -0.6011027854949518,
                        -0.20122534225997327,
                        1.9051761841709327,
                        0.0,
                        1.548721531424158
                    ],
                    [
                        0.0,
                        0.0,
                        0.0,
                        0.0,
                        0.0,
                        0.0
                    ],
                    [
                        0.8389508311738864,
                        -0.9571226531366057,
                        -0.7365663344926199,
                        1.548721531424158,
                        0.0,
                        3.0740230817494347
                    ]
                ],
                "mui": [
                    0.0,
                    0.0,
                    0.0,
                    0.0,
                    0.800000011920929,
                    0.0
                ],
                "Ai": [
                    [
                        0.0,
                        0.0,
                        0.0,
                        0.0,
                        0.0,
                        0.0
                    ],
                    [
                        -0.631803723496589,
                        0.0,
                        0.0,
                        0.0,
                        0.0,
                        0.0
                    ],
                    [
                        -0.5534198671019728,
                        -0.5411760919486308,
                        0.0,
                        0.0,
                        0.0,
                        0.0
                    ],
                    [
                        0.951407475360023,
                        -0.0,
                        -0.0,
                        0.0,
                        0.0,
                        0.0
                    ],
                    [
                        0.0,
                        0.0,
                        0.0,
                        0.0,
                        0.0,
                        0.0
                    ],
                    [
                        -0.5822786967963783,
                        -0.8547327302601881,
                        -0.7902461739392513,
                        0.750537439185818,
                        0.0,
                        0.0
                    ]
                ]
            },
            "est_params": {
                "mui": [
                    0.007745811046376289,
                    -0.01118150352516544,
                    -0.010281872373823357,
                    0.01431596569148694,
                    0.8000019020448178,
                    0.02601073639080445
                ],
                "Si": [
                    [
                        0.9882788490122925,
                        -0.6312557044513049,
                        -0.20993954615328506,
                        0.930069416070022,
                        2.641754990457131e-07,
                        0.8274935479534525
                    ],
                    [
                        -0.6312557044513049,
                        1.4083697150566659,
                        -0.41477012979541245,
                        -0.5880360127564385,
                        1.922194560848134e-07,
                        -0.9457157483596493
                    ],
                    [
                        -0.20993954615328503,
                        -0.41477012979541245,
                        1.3402856609789504,
                        -0.2098317965999236,
                        9.259528823084926e-07,
                        -0.7436000579602338
                    ],
                    [
                        0.930069416070022,
                        -0.5880360127564386,
                        -0.2098317965999236,
                        1.8793487308872947,
                        8.018471747832379e-07,
                        1.5329565645366405
                    ],
                    [
                        2.641754990457131e-07,
                        1.922194560848135e-07,
                        9.259528823084926e-07,
                        8.01847174783238e-07,
                        1.0105580311207575e-06,
                        -7.433106472024739e-08
                    ],
                    [
                        0.8274935479534525,
                        -0.9457157483596493,
                        -0.7436000579602337,
                        1.5329565645366405,
                        -7.433106472024748e-08,
                        3.0217306430460225
                    ]
                ]
            },
            "est_tgt": [
                4
            ]
        },
        "5": {
            "intv_type": "do",
            "inode": 5,
            "new_mui": 0.8,
            "new_sigmai": 0.0,
            "true_params": {
                "Si": [
                    [
                        1.0,
                        -0.631803723496589,
                        -0.21150279714149545,
                        0.951407475360023,
                        0.039559735238369656,
                        0.0
                    ],
                    [
                        -0.631803723496589,
                        1.3991759450241543,
                        -0.40754783718469023,
                        -0.6011027854949518,
                        0.2089843745246997,
                        0.0
                    ],
                    [
                        -0.21150279714149545,
                        -0.40754783718469023,
                        1.3376049956954694,
                        -0.20122534225997327,
                        0.6230058797917523,
                        0.0
                    ],
                    [
                        0.951407475360023,
                        -0.6011027854949518,
                        -0.20122534225997327,
                        1.9051761841709327,
                        0.03763742782904821,
                        0.0
                    ],
                    [
                        0.039559735238369656,
                        0.2089843745246997,
                        0.6230058797917523,
                        0.03763742782904821,
                        1.6308693441713875,
                        0.0
                    ],
                    [
                        0.0,
                        0.0,
                        0.0,
                        0.0,
                        0.0,
                        0.0
                    ]
                ],
                "mui": [
                    0.0,
                    0.0,
                    0.0,
                    0.0,
                    0.0,
                    0.800000011920929
                ],
                "Ai": [
                    [
                        0.0,
                        0.0,
                        0.0,
                        0.0,
                        0.0,
                        0.0
                    ],
                    [
                        -0.631803723496589,
                        0.0,
                        0.0,
                        0.0,
                        0.0,
                        0.0
                    ],
                    [
                        -0.5534198671019728,
                        -0.5411760919486308,
                        0.0,
                        0.0,
                        0.0,
                        0.0
                    ],
                    [
                        0.951407475360023,
                        -0.0,
                        -0.0,
                        0.0,
                        0.0,
                        0.0
                    ],
                    [
                        0.6068783864260052,
                        0.6441878759355602,
                        0.757996370293566,
                        0.0,
                        0.0,
                        0.0
                    ],
                    [
                        0.0,
                        0.0,
                        0.0,
                        0.0,
                        0.0,
                        0.0
                    ]
                ]
            },
            "est_params": {
                "mui": [
                    -0.005026463991119706,
                    0.010498891605293024,
                    -0.006898604133183675,
                    0.013768969739861525,
                    -0.0034947779433385875,
                    0.7999998028141778
                ],
                "Si": [
                    [
                        0.9984080952422998,
                        -0.6303319158701187,
                        -0.2084496795795316,
                        0.9762981817260926,
                        0.04189973153571122,
                        1.2516267048108503e-06
                    ],
                    [
                        -0.6303319158701186,
                        1.3897853156837299,
                        -0.3959527022627917,
                        -0.6359348142439901,
                        0.22316950654142978,
                        4.6367868699550263e-08
                    ],
                    [
                        -0.20844967957953156,
                        -0.39595270226279167,
                        1.338987786074979,
                        -0.17714641898268363,
                        0.638111660459132,
                        6.111294880003952e-07
                    ],
                    [
                        0.9762981817260926,
                        -0.6359348142439901,
                        -0.17714641898268363,
                        1.9579099173563492,
                        0.052001022667506384,
                        3.3338558212811337e-06
                    ],
                    [
                        0.04189973153571123,
                        0.22316950654142978,
                        0.638111660459132,
                        0.05200102266750638,
                        1.6505194467896165,
                        1.6975471990442802e-06
                    ],
                    [
                        1.2516267048108503e-06,
                        4.6367868699550124e-08,
                        6.11129488000395e-07,
                        3.3338558212811337e-06,
                        1.6975471990442802e-06,
                        1.0132524994862516e-06
                    ]
                ]
            },
            "est_tgt": [
                5
            ]
        },
        "obs": {
            "intv_type": "obs",
            "true_params": {
                "Si": [
                    [
                        1.0,
                        -0.631803723496589,
                        -0.21150279714149545,
                        0.951407475360023,
                        0.039559735238369656,
                        0.8389508311738864
                    ],
                    [
                        -0.631803723496589,
                        1.3991759450241543,
                        -0.40754783718469023,
                        -0.6011027854949518,
                        0.2089843745246997,
                        -0.9571226531366057
                    ],
                    [
                        -0.21150279714149545,
                        -0.40754783718469023,
                        1.3376049956954694,
                        -0.20122534225997327,
                        0.6230058797917523,
                        -0.7365663344926199
                    ],
                    [
                        0.951407475360023,
                        -0.6011027854949518,
                        -0.20122534225997327,
                        1.9051761841709327,
                        0.03763742782904821,
                        1.548721531424158
                    ],
                    [
                        0.039559735238369656,
                        0.2089843745246997,
                        0.6230058797917523,
                        0.03763742782904821,
                        1.6308693441713875,
                        -0.6657402902461564
                    ],
                    [
                        0.8389508311738864,
                        -0.9571226531366057,
                        -0.7365663344926199,
                        1.548721531424158,
                        -0.6657402902461564,
                        3.0740230817494347
                    ]
                ],
                "mui": [
                    0.0,
                    0.0,
                    0.0,
                    0.0,
                    0.0,
                    0.0
                ],
                "Ai": [
                    [
                        0.0,
                        0.0,
                        0.0,
                        0.0,
                        0.0,
                        0.0
                    ],
                    [
                        -0.631803723496589,
                        0.0,
                        0.0,
                        0.0,
                        0.0,
                        0.0
                    ],
                    [
                        -0.5534198671019728,
                        -0.5411760919486308,
                        0.0,
                        0.0,
                        0.0,
                        0.0
                    ],
                    [
                        0.951407475360023,
                        -0.0,
                        -0.0,
                        0.0,
                        0.0,
                        0.0
                    ],
                    [
                        0.6068783864260052,
                        0.6441878759355602,
                        0.757996370293566,
                        0.0,
                        0.0,
                        0.0
                    ],
                    [
                        -0.5822786967963783,
                        -0.8547327302601881,
                        -0.7902461739392513,
                        0.750537439185818,
