{
    "expt_args": {
        "save_dir": "all_expt_logs/expt_logs_30.04.24-noise-shift-low",
        "exp_name": "170",
        "num_nodes": 6,
        "obs_noise_mean": 0.0,
        "obs_noise_var": 1.0,
        "max_edge_strength": 1.0,
        "graph_sparsity_method": "adj_dense_prop",
        "adj_dense_prop": 0.8,
        "num_parents": null,
        "new_noise_mean": 0.2,
        "mix_samples": 4096,
        "stage2_samples": 4096,
        "gmm_tol": 0.001,
        "intv_type": "do",
        "new_noise_sigma": 0.0,
        "intv_targets": [
            0,
            1,
            2,
            3,
            4,
            5
        ]
    },
    "intv_args_dict": {
        "0": {
            "intv_type": "do",
            "inode": 0,
            "new_mui": 0.2,
            "new_sigmai": 0.0,
            "true_params": {
                "Si": [
                    [
                        0.0,
                        0.0,
                        0.0,
                        0.0,
                        0.0,
                        0.0
                    ],
                    [
                        0.0,
                        1.0,
                        -0.603516895302239,
                        0.6488953683000014,
                        -0.5815784875875605,
                        0.21331393913348995
                    ],
                    [
                        0.0,
                        -0.603516895302239,
                        1.3642326429152536,
                        -0.39161931805241973,
                        1.2760699837188156,
                        0.48680824268661305
                    ],
                    [
                        0.0,
                        0.6488953683000014,
                        -0.39161931805241973,
                        1.4210651990011944,
                        0.5511973219564059,
                        1.6814014541397735
                    ],
                    [
                        0.0,
                        -0.5815784875875605,
                        1.2760699837188156,
                        0.5511973219564059,
                        3.056264497480435,
                        2.5435545423876427
                    ],
                    [
                        0.0,
                        0.21331393913348995,
                        0.48680824268661305,
                        1.6814014541397735,
                        2.5435545423876427,
                        4.247954799521102
                    ]
                ],
                "mui": [
                    0.20000000298023224,
                    -0.1644128134167564,
                    0.09922591070118711,
                    0.02022108468614794,
                    0.3909392839203351,
                    0.39653214292404143
                ],
                "Ai": [
                    [
                        0.0,
                        0.0,
                        0.0,
                        0.0,
                        0.0,
                        0.0
                    ],
                    [
                        -0.822064054834073,
                        0.0,
                        0.0,
                        0.0,
                        0.0,
                        0.0
                    ],
                    [
                        -0.0,
                        -0.603516895302239,
                        0.0,
                        0.0,
                        0.0,
                        0.0
                    ],
                    [
                        0.6345389795518999,
                        0.6488953683000014,
                        0.0,
                        0.0,
                        0.0,
                        0.0
                    ],
                    [
                        0.8873808384277722,
                        -0.6258304132696217,
                        0.9250775405153995,
                        0.9285809088548937,
                        0.0,
                        0.0
                    ],
                    [
                        0.5884721166996553,
                        -0.0,
                        0.0,
                        0.9251050759834356,
                        0.6654002307895193,
                        0.0
                    ]
                ]
            },
            "est_params": {
                "mui": [
                    0.20000820907615544,
                    -0.17120262424987998,
                    0.014893636206572665,
                    0.06584549871497287,
                    0.33539993084199987,
                    0.37726673692670587
                ],
                "Si": [
                    [
                        1.0541893264395328e-06,
                        -3.464871753086335e-06,
                        4.744771367396715e-06,
                        9.06699953705286e-08,
                        1.3089113022734017e-05,
                        1.8215505131870635e-05
                    ],
                    [
                        -3.4648717530863364e-06,
                        0.7937737647782369,
                        -0.5204271744170208,
                        0.5524679746976743,
                        -0.43500487760914364,
                        0.2940186595501835
                    ],
                    [
                        4.7447713673967145e-06,
                        -0.5204271744170209,
                        1.3620822563407216,
                        -0.3772045122957209,
                        1.228259529175292,
                        0.39602588119900173
                    ],
                    [
                        9.066999537052714e-08,
                        0.5524679746976743,
                        -0.3772045122957209,
                        1.4540068511792816,
                        0.7210362540259647,
                        1.8868847285047916
                    ],
                    [
                        1.3089113022734017e-05,
                        -0.43500487760914364,
                        1.228259529175292,
                        0.7210362540259646,
                        3.067545901243119,
                        2.624170480211908
                    ],
                    [
                        1.8215505131870632e-05,
                        0.2940186595501835,
                        0.39602588119900173,
                        1.8868847285047916,
                        2.624170480211908,
                        4.438046495627092
                    ]
                ]
            },
            "est_tgt": [
                0
            ]
        },
        "1": {
            "intv_type": "do",
            "inode": 1,
            "new_mui": 0.2,
            "new_sigmai": 0.0,
            "true_params": {
                "Si": [
                    [
                        1.0,
                        0.0,
                        0.0,
                        0.6345389795518999,
                        1.476601620763932,
                        2.1580184068329658
                    ],
                    [
                        0.0,
                        0.0,
                        0.0,
                        0.0,
                        0.0,
                        0.0
                    ],
                    [
                        0.0,
                        0.0,
                        1.0,
                        0.0,
                        0.9250775405153995,
                        0.6155468089571476
                    ],
                    [
                        0.6345389795518999,
                        0.0,
                        0.0,
                        1.4026397165707665,
                        1.8655421944991206,
                        2.9123298247682303
                    ],
                    [
                        1.476601620763932,
                        0.0,
                        0.9250775405153995,
                        1.8655421944991206,
                        4.898383306698472,
                        5.854146817658198
                    ],
                    [
                        2.1580184068329658,
                        0.0,
                        0.6155468089571476,
                        2.9123298247682303,
                        5.854146817658198,
                        8.859495407122347
                    ]
                ],
                "mui": [
                    0.0,
                    0.20000000298023224,
                    -0.1207033808590683,
                    0.12977907559385918,
                    -0.11631569925075105,
                    0.042662788462423065
                ],
                "Ai": [
                    [
                        0.0,
                        0.0,
                        0.0,
                        0.0,
                        0.0,
                        0.0
                    ],
                    [
                        0.0,
                        0.0,
                        0.0,
                        0.0,
                        0.0,
                        0.0
                    ],
                    [
                        -0.0,
                        -0.603516895302239,
                        0.0,
                        0.0,
                        0.0,
                        0.0
                    ],
                    [
                        0.6345389795518999,
                        0.6488953683000014,
                        0.0,
                        0.0,
                        0.0,
                        0.0
                    ],
                    [
                        0.8873808384277722,
                        -0.6258304132696217,
                        0.9250775405153995,
                        0.9285809088548937,
                        0.0,
                        0.0
                    ],
                    [
                        0.5884721166996553,
                        -0.0,
                        0.0,
                        0.9251050759834356,
                        0.6654002307895193,
                        0.0
                    ]
                ]
            },
            "est_params": {
                "mui": [
                    0.334785974110862,
                    0.0665805821011647,
                    -0.05799031864366162,
                    0.08771975331500312,
                    0.7697751339394648,
                    0.19966682377674067
                ],
                "Si": [
                    [
                        1.2636709177505847,
                        -0.8908355325223566,
                        -0.46363508825741173,
                        -0.5090496552567415,
                        0.0391777558522019,
                        0.002720554322586581
                    ],
                    [
                        -0.8908355325223566,
                        1.071205894852891,
                        0.028777281230216698,
                        0.5895167338653021,
                        -0.2400564558230718,
                        -0.0030872888157695085
                    ],
                    [
                        -0.4636350882574116,
                        0.028777281230216698,
                        1.05054094293419,
                        -0.5761216796973666,
                        0.6002670944247829,
                        -0.003795423723940266
                    ],
                    [
                        -0.5090496552567415,
                        0.5895167338653021,
                        -0.5761216796973667,
                        0.8685694322630388,
                        -0.5437538897946836,
                        0.0014533475721245463
                    ],
                    [
                        0.0391777558522019,
                        -0.2400564558230718,
                        0.600267094424783,
                        -0.5437538897946836,
                        0.5061256404394011,
                        -0.002646646346267546
                    ],
                    [
                        0.002720554322586581,
                        -0.0030872888157695085,
                        -0.003795423723940266,
                        0.0014533475721245463,
                        -0.002646646346267546,
                        3.746159576074128e-05
                    ]
                ]
            },
            "est_tgt": [
                0,
                1,
                2,
                3,
                4,
                5
            ]
        },
        "2": {
            "intv_type": "do",
            "inode": 2,
            "new_mui": 0.2,
            "new_sigmai": 0.0,
            "true_params": {
                "Si": [
                    [
                        1.0,
                        -0.822064054834073,
                        0.0,
                        0.1011054219241515,
                        1.495738090179167,
                        1.6772697261370273
                    ],
                    [
                        -0.822064054834073,
                        1.6757893102502377,
                        0.0,
                        0.5657802351873236,
                        -1.2528710818043338,
                        -0.7940163139301317
                    ],
                    [
                        0.0,
                        0.0,
                        0.0,
                        0.0,
                        0.0,
                        0.0
                    ],
                    [
                        0.1011054219241515,
                        0.5657802351873236,
                        0.0,
                        1.4312875053436551,
                        1.0647027882142455,
                        2.092042539034605
                    ],
                    [
                        1.495738090179167,
                        -1.2528710818043338,
                        0.0,
                        1.0647027882142455,
                        4.100036830171032,
                        4.5933275667880835
                    ],
                    [
                        1.6772697261370273,
                        -0.7940163139301317,
                        0.0,
                        2.092042539034605,
                        4.5933275667880835,
                        6.978786861082947
                    ]
                ],
                "mui": [
                    0.0,
                    0.0,
                    0.20000000298023224,
                    0.0,
                    0.1850155108600258,
                    0.12310936362590197
                ],
                "Ai": [
                    [
                        0.0,
                        0.0,
                        0.0,
                        0.0,
                        0.0,
                        0.0
                    ],
                    [
                        -0.822064054834073,
                        0.0,
                        0.0,
                        0.0,
                        0.0,
                        0.0
                    ],
                    [
                        0.0,
                        0.0,
                        0.0,
                        0.0,
                        0.0,
                        0.0
                    ],
                    [
                        0.6345389795518999,
                        0.6488953683000014,
                        0.0,
                        0.0,
                        0.0,
                        0.0
                    ],
                    [
                        0.8873808384277722,
                        -0.6258304132696217,
                        0.9250775405153995,
                        0.9285809088548937,
                        0.0,
                        0.0
                    ],
                    [
                        0.5884721166996553,
                        -0.0,
                        0.0,
                        0.9251050759834356,
                        0.6654002307895193,
                        0.0
                    ]
                ]
            },
            "est_params": {
                "mui": [
                    -0.06357643309548229,
                    -0.023748526409745244,
                    0.20000333663332492,
                    -0.015288944749110687,
                    0.07381075255000756,
                    -0.01180504475189864
                ],
                "Si": [
                    [
                        1.1050431793869988,
                        -0.9382985394424953,
                        -8.272565440597277e-07,
                        0.09220183327130893,
                        1.6321563206260705,
                        1.8876645349639969
                    ],
                    [
                        -0.9382985394424953,
                        1.7648559367597605,
                        2.9043988908966315e-06,
                        0.5559766524150264,
                        -1.365772817392621,
                        -1.0935717212427025
                    ],
                    [
                        -8.272565440597279e-07,
                        2.9043988908966315e-06,
                        1.0111222050572098e-06,
                        1.1843859350442672e-06,
                        3.982704673014718e-07,
                        -4.513943473787128e-06
                    ],
                    [
                        0.09220183327130893,
                        0.5559766524150264,
                        1.1843859350442672e-06,
                        1.4712862786285723,
                        1.1194151375942263,
                        2.0671111246134055
                    ],
                    [
                        1.6321563206260705,
                        -1.365772817392621,
                        3.982704673014718e-07,
                        1.1194151375942263,
                        4.31338820538028,
                        4.873675857353369
                    ],
                    [
                        1.8876645349639969,
                        -1.0935717212427025,
                        -4.513943473787129e-06,
                        2.0671111246134055,
                        4.873675857353369,
                        7.231509434844807
                    ]
                ]
            },
            "est_tgt": [
                2,
                4
            ]
        },
        "3": {
            "intv_type": "do",
            "inode": 3,
            "new_mui": 0.2,
            "new_sigmai": 0.0,
            "true_params": {
                "Si": [
                    [
                        1.0,
                        -0.822064054834073,
                        0.49612954611302923,
                        0.0,
                        1.8608118258939437,
                        1.826656735105352
                    ],
                    [
                        -0.822064054834073,
                        1.6757893102502377,
                        -1.0113671617029039,
                        0.0,
                        -2.713836853312877,
                        -2.2895494429303995
                    ],
                    [
                        0.49612954611302923,
                        -1.0113671617029039,
                        1.610377169441574,
                        0.0,
                        2.562923932583585,
                        1.997328580395473
                    ],
                    [
                        0.0,
                        0.0,
                        0.0,
                        0.0,
                        0.0,
                        0.0
                    ],
                    [
                        1.8608118258939437,
                        -2.713836853312877,
                        2.562923932583585,
                        0.0,
                        6.720553765755687,
                        5.566893900730767
                    ],
                    [
                        1.826656735105352,
                        -2.2895494429303995,
                        1.997328580395473,
                        0.0,
                        5.566893900730767,
                        5.779149041718147
                    ]
                ],
                "mui": [
                    0.0,
                    0.0,
                    0.0,
                    0.20000000298023224,
                    0.1857161845383655,
                    0.3085966100068925
                ],
                "Ai": [
                    [
                        0.0,
                        0.0,
                        0.0,
                        0.0,
                        0.0,
                        0.0
                    ],
                    [
                        -0.822064054834073,
                        0.0,
                        0.0,
                        0.0,
                        0.0,
                        0.0
                    ],
                    [
                        -0.0,
                        -0.603516895302239,
                        0.0,
                        0.0,
                        0.0,
                        0.0
                    ],
                    [
                        0.0,
                        0.0,
                        0.0,
                        0.0,
                        0.0,
                        0.0
                    ],
                    [
                        0.8873808384277722,
                        -0.6258304132696217,
                        0.9250775405153995,
                        0.9285809088548937,
                        0.0,
                        0.0
                    ],
                    [
                        0.5884721166996553,
                        -0.0,
                        0.0,
                        0.9251050759834356,
                        0.6654002307895193,
                        0.0
                    ]
                ]
            },
            "est_params": {
                "mui": [
                    0.01053626045900291,
                    0.05729551466925897,
                    -0.11473047683091558,
                    0.20000178700177174,
                    0.10441358183339232,
                    0.2719535018387011
                ],
                "Si": [
                    [
                        1.0586614104858785,
                        -0.8936769779190832,
                        0.5302239938416998,
                        -4.2240841222096036e-08,
                        1.916631096033697,
                        1.960118391477055
                    ],
                    [
                        -0.893676977919083,
                        1.712517039784622,
                        -1.0317496514914484,
                        -5.366853483690587e-07,
                        -2.7395788261883367,
                        -2.3943209921899054
                    ],
                    [
                        0.5302239938416998,
                        -1.0317496514914486,
                        1.6370584329449962,
                        4.5673675701951976e-07,
                        2.6084502242178518,
                        2.1849512460290303
                    ],
                    [
                        -4.224084122209608e-08,
                        -5.366853483690587e-07,
                        4.5673675701951954e-07,
                        1.0055441338257494e-06,
                        -1.1310515379379876e-07,
                        -3.6644173073182214e-07
                    ],
                    [
                        1.916631096033697,
                        -2.7395788261883363,
                        2.6084502242178513,
                        -1.1310515379379876e-07,
                        6.678445926425074,
                        5.763713534332618
                    ],
                    [
                        1.960118391477055,
                        -2.3943209921899054,
                        2.1849512460290303,
                        -3.6644173073182225e-07,
                        5.763713534332618,
                        6.237054118335964
                    ]
                ]
            },
            "est_tgt": [
                1,
                3
            ]
        },
        "4": {
            "intv_type": "do",
            "inode": 4,
            "new_mui": 0.2,
            "new_sigmai": 0.0,
            "true_params": {
                "Si": [
                    [
                        1.0,
                        -0.822064054834073,
                        0.49612954611302923,
                        0.1011054219241515,
                        0.0,
                        0.6820052557311348
                    ],
                    [
                        -0.822064054834073,
                        1.6757893102502377,
                        -1.0113671617029039,
                        0.5657802351873236,
                        0.0,
                        0.03964439305198675
                    ],
                    [
                        0.49612954611302923,
                        -1.0113671617029039,
                        1.610377169441574,
                        -0.3414579309636241,
                        0.0,
                        -0.023926061010876694
                    ],
                    [
                        0.1011054219241515,
                        0.5657802351873236,
                        -0.3414579309636241,
                        1.4312875053436551,
                        0.0,
                        1.3835890580346013
                    ],
                    [
                        0.0,
                        0.0,
                        0.0,
                        0.0,
                        0.0,
                        0.0
                    ],
                    [
                        0.6820052557311348,
                        0.03964439305198675,
                        -0.023926061010876694,
                        1.3835890580346013,
                        0.0,
                        2.6813063371033405
                    ]
                ],
                "mui": [
                    0.0,
                    0.0,
                    0.0,
                    0.0,
                    0.20000000298023224,
                    0.13308004814095106
                ],
                "Ai": [
                    [
                        0.0,
                        0.0,
                        0.0,
                        0.0,
                        0.0,
                        0.0
                    ],
                    [
                        -0.822064054834073,
                        0.0,
                        0.0,
                        0.0,
                        0.0,
                        0.0
                    ],
                    [
                        -0.0,
                        -0.603516895302239,
                        0.0,
                        0.0,
                        0.0,
                        0.0
                    ],
                    [
                        0.6345389795518999,
                        0.6488953683000014,
                        0.0,
                        0.0,
                        0.0,
                        0.0
                    ],
                    [
                        0.0,
                        0.0,
                        0.0,
                        0.0,
                        0.0,
                        0.0
                    ],
                    [
                        0.5884721166996553,
                        -0.0,
                        0.0,
                        0.9251050759834356,
                        0.6654002307895193,
                        0.0
                    ]
                ]
            },
            "est_params": {
                "mui": [
                    -0.001910247606323638,
                    -0.03857757261686418,
                    0.06984575689807819,
                    -0.1129033284634399,
                    0.20000016614079386,
                    -0.039828364771230765
                ],
                "Si": [
                    [
                        0.9944243792279209,
                        -0.795046731390179,
                        0.4244954260049263,
                        0.09815314593454767,
                        -7.137984691720855e-07,
                        0.6311133886204205
                    ],
                    [
                        -0.795046731390179,
                        1.673083088441125,
                        -0.927031025410115,
                        0.5974688375163176,
                        6.66414656703981e-08,
                        0.1551403360986055
                    ],
                    [
                        0.42449542600492624,
                        -0.927031025410115,
                        1.4180340523632138,
                        -0.3678989717185989,
                        -1.6354397351440814e-06,
                        -0.14285478701175255
                    ],
                    [
                        0.09815314593454767,
                        0.5974688375163176,
                        -0.36789897171859887,
                        1.3918898690780555,
                        -1.4780524718924695e-07,
                        1.330329896108169
                    ],
                    [
                        -7.137984691720855e-07,
                        6.664146567039803e-08,
                        -1.6354397351440819e-06,
                        -1.4780524718924705e-07,
                        1.0041865767410794e-06,
                        7.362581598633235e-08
                    ],
                    [
                        0.6311133886204205,
                        0.15514033609860553,
                        -0.14285478701175255,
                        1.330329896108169,
                        7.362581598633236e-08,
                        2.5613719680497335
                    ]
                ]
            },
            "est_tgt": [
                2,
                4
            ]
        },
        "5": {
            "intv_type": "do",
            "inode": 5,
            "new_mui": 0.2,
            "new_sigmai": 0.0,
            "true_params": {
                "Si": [
                    [
                        1.0,
                        -0.822064054834073,
                        0.49612954611302923,
                        0.1011054219241515,
                        1.9546963904744297,
                        0.0
                    ],
                    [
                        -0.822064054834073,
                        1.6757893102502377,
                        -1.0113671617029039,
                        0.5657802351873236,
                        -2.1884641283104966,
                        0.0
                    ],
                    [
                        0.49612954611302923,
                        -1.0113671617029039,
                        1.610377169441574,
                        -0.3414579309636241,
                        2.245852616713671,
                        0.0
                    ],
                    [
                        0.1011054219241515,
                        0.5657802351873236,
                        -0.3414579309636241,
                        1.4312875053436551,
                        0.7488277252489391,
                        0.0
                    ],
                    [
                        1.9546963904744297,
                        -2.1884641283104966,
                        2.245852616713671,
                        0.7488277252489391,
                        6.8771024764141995,
                        0.0
                    ],
                    [
                        0.0,
                        0.0,
                        0.0,
                        0.0,
                        0.0,
                        0.0
                    ]
                ],
                "mui": [
                    0.0,
                    0.0,
                    0.0,
                    0.0,
                    0.0,
                    0.20000000298023224
                ],
                "Ai": [
                    [
                        0.0,
                        0.0,
                        0.0,
                        0.0,
                        0.0,
                        0.0
                    ],
                    [
                        -0.822064054834073,
                        0.0,
                        0.0,
                        0.0,
                        0.0,
                        0.0
                    ],
                    [
                        -0.0,
                        -0.603516895302239,
                        0.0,
                        0.0,
                        0.0,
                        0.0
                    ],
                    [
                        0.6345389795518999,
                        0.6488953683000014,
                        0.0,
                        0.0,
                        0.0,
                        0.0
                    ],
                    [
                        0.8873808384277722,
                        -0.6258304132696217,
                        0.9250775405153995,
                        0.9285809088548937,
                        0.0,
                        0.0
                    ],
                    [
                        0.0,
                        0.0,
                        0.0,
                        0.0,
                        0.0,
                        0.0
                    ]
                ]
            },
            "est_params": {
                "mui": [
                    0.09390062223710202,
                    -0.08294858375175126,
                    0.12540980902131021,
                    0.028851001599539117,
                    0.28127148094635385,
                    0.19999806662600356
                ],
                "Si": [
                    [
                        0.9719871427713892,
                        -0.8290032234173628,
                        0.534636326176596,
                        0.08423265170395271,
                        1.9975450280490854,
                        -9.396604868084595e-08
                    ],
                    [
                        -0.8290032234173629,
                        1.698431220319624,
                        -1.075630911334299,
                        0.5929650122029867,
                        -2.24096258767172,
                        1.9404250115191845e-06
                    ],
                    [
                        0.5346363261765961,
                        -1.075630911334299,
                        1.6224216080774778,
                        -0.35374333316482875,
                        2.3845970214969516,
                        -2.9723882715945058e-06
                    ],
                    [
                        0.08423265170395271,
                        0.5929650122029867,
                        -0.35374333316482875,
                        1.4355780734618162,
                        0.7349155467119571,
                        8.60972363333528e-07
                    ],
                    [
                        1.997545028049085,
                        -2.2409625876717194,
                        2.3845970214969516,
                        0.7349155467119571,
                        7.267881531461134,
                        -1.4196110259325363e-06
                    ],
                    [
                        -9.396604868084598e-08,
                        1.940425011519184e-06,
                        -2.9723882715945058e-06,
                        8.60972363333528e-07,
                        -1.4196110259325363e-06,
                        1.0033721626915785e-06
                    ]
                ]
            },
            "est_tgt": [
                5
            ]
        },
        "obs": {
            "intv_type": "obs",
            "true_params": {
                "Si": [
                    [
                        1.0,
                        -0.822064054834073,
                        0.49612954611302923,
                        0.1011054219241515,
                        1.9546963904744297,
                        1.9826606850762607
                    ],
                    [
                        -0.822064054834073,
                        1.6757893102502377,
                        -1.0113671617029039,
                        0.5657802351873236,
                        -2.1884641283104966,
                        -1.416560143000402
                    ],
                    [
                        0.49612954611302923,
                        -1.0113671617029039,
                        1.610377169441574,
                        -0.3414579309636241,
                        2.245852616713671,
                        1.4704647884696458
                    ],
                    [
                        0.1011054219241515,
                        0.5657802351873236,
                        -0.3414579309636241,
                        1.4312875053436551,
                        0.7488277252489391,
                        1.8818591992368363
                    ],
                    [
                        1.9546963904744297,
                        -2.1884641283104966,
                        2.245852616713671,
                        0.7488277252489391,
                        6.8771024764141995,
                        6.419054227041769
                    ],
                    [
                        1.9826606850762607,
                        -1.416560143000402,
                        1.4704647884696458,
                        1.8818591992368363,
                        6.419054227041769,
                        8.178898191668168
                    ]
                ],
                "mui": [
                    0.0,
                    0.0,
                    0.0,
                    0.0,
                    0.0,
                    0.0
                ],
                "Ai": [
                    [
                        0.0,
                        0.0,
                        0.0,
                        0.0,
                        0.0,
                        0.0
                    ],
                    [
                        -0.822064054834073,
                        0.0,
                        0.0,
                        0.0,
                        0.0,
                        0.0
                    ],
                    [
                        -0.0,
                        -0.603516895302239,
                        0.0,
                        0.0,
                        0.0,
                        0.0
                    ],
                    [
                        0.6345389795518999,
                        0.6488953683000014,
                        0.0,
                        0.0,
                        0.0,
                        0.0
                    ],
                    [
                        0.8873808384277722,
                        -0.6258304132696217,
                        0.9250775405153995,
                        0.9285809088548937,
                        0.0,
                        0.0
                    ],
                    [
                        0.5884721166996553,
                        -0.0,
