{
    "expt_args": {
        "save_dir": "all_expt_logs/expt_logs_30.04.24-noise-shift-low",
        "exp_name": "176",
        "num_nodes": 6,
        "obs_noise_mean": 0.0,
        "obs_noise_var": 1.0,
        "max_edge_strength": 1.0,
        "graph_sparsity_method": "adj_dense_prop",
        "adj_dense_prop": 0.8,
        "num_parents": null,
        "new_noise_mean": 0.8,
        "mix_samples": 1024,
        "stage2_samples": 1024,
        "gmm_tol": 0.001,
        "intv_type": "do",
        "new_noise_sigma": 0.0,
        "intv_targets": [
            0,
            1,
            2,
            3,
            4,
            5
        ]
    },
    "intv_args_dict": {
        "0": {
            "intv_type": "do",
            "inode": 0,
            "new_mui": 0.8,
            "new_sigmai": 0.0,
            "true_params": {
                "Si": [
                    [
                        0.0,
                        0.0,
                        0.0,
                        0.0,
                        0.0,
                        0.0
                    ],
                    [
                        0.0,
                        1.0,
                        -0.603516895302239,
                        0.6488953683000014,
                        -0.5815784875875605,
                        0.21331393913348995
                    ],
                    [
                        0.0,
                        -0.603516895302239,
                        1.3642326429152536,
                        -0.39161931805241973,
                        1.2760699837188156,
                        0.48680824268661305
                    ],
                    [
                        0.0,
                        0.6488953683000014,
                        -0.39161931805241973,
                        1.4210651990011944,
                        0.5511973219564059,
                        1.6814014541397735
                    ],
                    [
                        0.0,
                        -0.5815784875875605,
                        1.2760699837188156,
                        0.5511973219564059,
                        3.056264497480435,
                        2.5435545423876427
                    ],
                    [
                        0.0,
                        0.21331393913348995,
                        0.48680824268661305,
                        1.6814014541397735,
                        2.5435545423876427,
                        4.247954799521102
                    ]
                ],
                "mui": [
                    0.800000011920929,
                    -0.6576512536670256,
                    0.39690364280474844,
                    0.08088433874459176,
                    1.5637571356813404,
                    1.5861285716961657
                ],
                "Ai": [
                    [
                        0.0,
                        0.0,
                        0.0,
                        0.0,
                        0.0,
                        0.0
                    ],
                    [
                        -0.822064054834073,
                        0.0,
                        0.0,
                        0.0,
                        0.0,
                        0.0
                    ],
                    [
                        -0.0,
                        -0.603516895302239,
                        0.0,
                        0.0,
                        0.0,
                        0.0
                    ],
                    [
                        0.6345389795518999,
                        0.6488953683000014,
                        0.0,
                        0.0,
                        0.0,
                        0.0
                    ],
                    [
                        0.8873808384277722,
                        -0.6258304132696217,
                        0.9250775405153995,
                        0.9285809088548937,
                        0.0,
                        0.0
                    ],
                    [
                        0.5884721166996553,
                        -0.0,
                        0.0,
                        0.9251050759834356,
                        0.6654002307895193,
                        0.0
                    ]
                ]
            },
            "est_params": {
                "mui": [
                    0.8000036454438957,
                    -0.7994409334922201,
                    0.3902131368099125,
                    0.18310264694667017,
                    1.893645951336746,
                    1.8859221894219291
                ],
                "Si": [
                    [
                        1.0210314561569648e-06,
                        6.880062985898687e-06,
                        -4.721884440994141e-06,
                        -2.7401189497658743e-06,
                        -7.2821084976620095e-06,
                        -8.990190491763263e-06
                    ],
                    [
                        6.880062985898687e-06,
                        0.9049082130476,
                        -0.5129857507824772,
                        0.7191885837198188,
                        -0.33106371322847317,
                        0.529334675640913
                    ],
                    [
                        -4.7218844409941405e-06,
                        -0.5129857507824772,
                        1.250618405649927,
                        -0.28819661067904323,
                        1.2165828162891275,
                        0.4993393754825497
                    ],
                    [
                        -2.7401189497658743e-06,
                        0.7191885837198188,
                        -0.28819661067904323,
                        1.753855661740393,
                        0.9502257220500469,
                        2.309359188707637
                    ],
                    [
                        -7.282108497662008e-06,
                        -0.3310637132284732,
                        1.2165828162891275,
                        0.9502257220500469,
                        3.196002954707231,
                        2.793028379735617
                    ],
                    [
                        -8.990190491763263e-06,
                        0.529334675640913,
                        0.4993393754825497,
                        2.309359188707637,
                        2.793028379735617,
                        4.7630140507350145
                    ]
                ]
            },
            "est_tgt": [
                0,
                1,
                2,
                4
            ]
        },
        "1": {
            "intv_type": "do",
            "inode": 1,
            "new_mui": 0.8,
            "new_sigmai": 0.0,
            "true_params": {
                "Si": [
                    [
                        1.0,
                        0.0,
                        0.0,
                        0.6345389795518999,
                        1.476601620763932,
                        2.1580184068329658
                    ],
                    [
                        0.0,
                        0.0,
                        0.0,
                        0.0,
                        0.0,
                        0.0
                    ],
                    [
                        0.0,
                        0.0,
                        1.0,
                        0.0,
                        0.9250775405153995,
                        0.6155468089571476
                    ],
                    [
                        0.6345389795518999,
                        0.0,
                        0.0,
                        1.4026397165707665,
                        1.8655421944991206,
                        2.9123298247682303
                    ],
                    [
                        1.476601620763932,
                        0.0,
                        0.9250775405153995,
                        1.8655421944991206,
                        4.898383306698472,
                        5.854146817658198
                    ],
                    [
                        2.1580184068329658,
                        0.0,
                        0.6155468089571476,
                        2.9123298247682303,
                        5.854146817658198,
                        8.859495407122347
                    ]
                ],
                "mui": [
                    0.0,
                    0.800000011920929,
                    -0.4828135234362732,
                    0.5191163023754367,
                    -0.4652627970030042,
                    0.17065115384969226
                ],
                "Ai": [
                    [
                        0.0,
                        0.0,
                        0.0,
                        0.0,
                        0.0,
                        0.0
                    ],
                    [
                        0.0,
                        0.0,
                        0.0,
                        0.0,
                        0.0,
                        0.0
                    ],
                    [
                        -0.0,
                        -0.603516895302239,
                        0.0,
                        0.0,
                        0.0,
                        0.0
                    ],
                    [
                        0.6345389795518999,
                        0.6488953683000014,
                        0.0,
                        0.0,
                        0.0,
                        0.0
                    ],
                    [
                        0.8873808384277722,
                        -0.6258304132696217,
                        0.9250775405153995,
                        0.9285809088548937,
                        0.0,
                        0.0
                    ],
                    [
                        0.5884721166996553,
                        -0.0,
                        0.0,
                        0.9251050759834356,
                        0.6654002307895193,
                        0.0
                    ]
                ]
            },
            "est_params": {
                "mui": [
                    -0.28774190968943,
                    0.6023788673097809,
                    0.2158645386260098,
                    -0.03857190753694414,
                    -0.7563510706938977,
                    -0.8246151034828053
                ],
                "Si": [
                    [
                        0.7039382047103497,
                        -0.22429166758244842,
                        0.1297974172479155,
                        0.13476166922376656,
                        0.9402773332021765,
                        1.1685208545158832
                    ],
                    [
                        -0.22429166758244842,
                        0.6247097913091787,
                        -0.2164924264507836,
                        0.39466015743945104,
                        -0.3881447238622068,
                        -0.01027105602020271
                    ],
                    [
                        0.12979741724791552,
                        -0.2164924264507836,
                        0.9796198499750398,
                        0.0660884237806086,
                        1.2393978580362492,
                        0.9100823196646263
                    ],
                    [
                        0.13476166922376656,
                        0.39466015743945104,
                        0.0660884237806086,
                        1.465397056219991,
                        1.2886958770215542,
                        2.2685762103712412
                    ],
                    [
                        0.9402773332021765,
                        -0.3881447238622068,
                        1.2393978580362492,
                        1.2886958770215542,
                        4.176567967043664,
                        4.381731450015766
                    ],
                    [
                        1.1685208545158832,
                        -0.010271056020202729,
                        0.9100823196646263,
                        2.2685762103712412,
                        4.381731450015766,
                        6.555666947789832
                    ]
                ]
            },
            "est_tgt": [
                1,
                4,
                5
            ]
        },
        "2": {
            "intv_type": "do",
            "inode": 2,
            "new_mui": 0.8,
            "new_sigmai": 0.0,
            "true_params": {
                "Si": [
                    [
                        1.0,
                        -0.822064054834073,
                        0.0,
                        0.1011054219241515,
                        1.495738090179167,
                        1.6772697261370273
                    ],
                    [
                        -0.822064054834073,
                        1.6757893102502377,
                        0.0,
                        0.5657802351873236,
                        -1.2528710818043338,
                        -0.7940163139301317
                    ],
                    [
                        0.0,
                        0.0,
                        0.0,
                        0.0,
                        0.0,
                        0.0
                    ],
                    [
                        0.1011054219241515,
                        0.5657802351873236,
                        0.0,
                        1.4312875053436551,
                        1.0647027882142455,
                        2.092042539034605
                    ],
                    [
                        1.495738090179167,
                        -1.2528710818043338,
                        0.0,
                        1.0647027882142455,
                        4.100036830171032,
                        4.5933275667880835
                    ],
                    [
                        1.6772697261370273,
                        -0.7940163139301317,
                        0.0,
                        2.092042539034605,
                        4.5933275667880835,
                        6.978786861082947
                    ]
                ],
                "mui": [
                    0.0,
                    0.0,
                    0.800000011920929,
                    0.0,
                    0.7400620434401032,
                    0.4924374545036079
                ],
                "Ai": [
                    [
                        0.0,
                        0.0,
                        0.0,
                        0.0,
                        0.0,
                        0.0
                    ],
                    [
                        -0.822064054834073,
                        0.0,
                        0.0,
                        0.0,
                        0.0,
                        0.0
                    ],
                    [
                        0.0,
                        0.0,
                        0.0,
                        0.0,
                        0.0,
                        0.0
                    ],
                    [
                        0.6345389795518999,
                        0.6488953683000014,
                        0.0,
                        0.0,
                        0.0,
                        0.0
                    ],
                    [
                        0.8873808384277722,
                        -0.6258304132696217,
                        0.9250775405153995,
                        0.9285809088548937,
                        0.0,
                        0.0
                    ],
                    [
                        0.5884721166996553,
                        -0.0,
                        0.0,
                        0.9251050759834356,
                        0.6654002307895193,
                        0.0
                    ]
                ]
            },
            "est_params": {
                "mui": [
                    -0.55128259471973,
                    0.612223419290042,
                    0.01827229571690225,
                    0.029647480098584547,
                    -0.6227030357334196,
                    -0.6070916749323115
                ],
                "Si": [
                    [
                        1.3671645612717567,
                        0.17273072369178394,
                        -0.042479695587708144,
                        0.1847123688306664,
                        0.7958966544368946,
                        0.8162494608249092
                    ],
                    [
                        0.17273072369178394,
                        0.9930030743577539,
                        -0.7335334378626941,
                        0.5545232692267635,
                        -0.5798319728890264,
                        0.2748800304712716
                    ],
                    [
                        -0.04247969558770812,
                        -0.7335334378626941,
                        0.9611752468545102,
                        -0.6367656082277725,
                        0.883479951529,
                        0.4698932506029234
                    ],
                    [
                        0.1847123688306664,
                        0.5545232692267635,
                        -0.6367656082277726,
                        0.6130904016541366,
                        -0.43172444366114665,
                        -0.3895308865620758
                    ],
                    [
                        0.7958966544368946,
                        -0.5798319728890264,
                        0.883479951529,
                        -0.4317244436611466,
                        1.4897453052496081,
                        0.9618348370418888
                    ],
                    [
                        0.8162494608249093,
                        0.2748800304712716,
                        0.4698932506029235,
                        -0.38953088656207585,
                        0.9618348370418888,
                        1.8671951528718669
                    ]
                ]
            },
            "est_tgt": [
                0,
                1,
                3,
                4,
                5
            ]
        },
        "3": {
            "intv_type": "do",
            "inode": 3,
            "new_mui": 0.8,
            "new_sigmai": 0.0,
            "true_params": {
                "Si": [
                    [
                        1.0,
                        -0.822064054834073,
                        0.49612954611302923,
                        0.0,
                        1.8608118258939437,
                        1.826656735105352
                    ],
                    [
                        -0.822064054834073,
                        1.6757893102502377,
                        -1.0113671617029039,
                        0.0,
                        -2.713836853312877,
                        -2.2895494429303995
                    ],
                    [
                        0.49612954611302923,
                        -1.0113671617029039,
                        1.610377169441574,
                        0.0,
                        2.562923932583585,
                        1.997328580395473
                    ],
                    [
                        0.0,
                        0.0,
                        0.0,
                        0.0,
                        0.0,
                        0.0
                    ],
                    [
                        1.8608118258939437,
                        -2.713836853312877,
                        2.562923932583585,
                        0.0,
                        6.720553765755687,
                        5.566893900730767
                    ],
                    [
                        1.826656735105352,
                        -2.2895494429303995,
                        1.997328580395473,
                        0.0,
                        5.566893900730767,
                        5.779149041718147
                    ]
                ],
                "mui": [
                    0.0,
                    0.0,
                    0.0,
                    0.800000011920929,
                    0.742864738153462,
                    1.23438644002757
                ],
                "Ai": [
                    [
                        0.0,
                        0.0,
                        0.0,
                        0.0,
                        0.0,
                        0.0
                    ],
                    [
                        -0.822064054834073,
                        0.0,
                        0.0,
                        0.0,
                        0.0,
                        0.0
                    ],
                    [
                        -0.0,
                        -0.603516895302239,
                        0.0,
                        0.0,
                        0.0,
                        0.0
                    ],
                    [
                        0.0,
                        0.0,
                        0.0,
                        0.0,
                        0.0,
                        0.0
                    ],
                    [
                        0.8873808384277722,
                        -0.6258304132696217,
                        0.9250775405153995,
                        0.9285809088548937,
                        0.0,
                        0.0
                    ],
                    [
                        0.5884721166996553,
                        -0.0,
                        0.0,
                        0.9251050759834356,
                        0.6654002307895193,
                        0.0
                    ]
                ]
            },
            "est_params": {
                "mui": [
                    -0.03069023570529725,
                    0.03686251449679061,
                    -0.09777497405461862,
                    0.7999733935482584,
                    0.539118064493464,
                    1.05534616979344
                ],
                "Si": [
                    [
                        0.7819597456956663,
                        -0.7297379911663362,
                        0.5659271327196402,
                        9.57907565692831e-06,
                        1.6584234958010389,
                        1.4997684299122522
                    ],
                    [
                        -0.7297379911663362,
                        1.323755431735681,
                        -0.9349889659839491,
                        -1.624335822062437e-05,
                        -2.2677765858925656,
                        -1.8913938108307173
                    ],
                    [
                        0.5659271327196402,
                        -0.9349889659839491,
                        1.6538571833001698,
                        2.351050784885118e-05,
                        2.5503196661480785,
                        1.9926524214592476
                    ],
                    [
                        9.57907565692831e-06,
                        -1.624335822062437e-05,
                        2.351050784885118e-05,
                        1.0786532036827383e-06,
                        4.789155471497047e-05,
                        2.213354059694618e-05
                    ],
                    [
                        1.6584234958010389,
                        -2.2677765858925656,
                        2.550319666148079,
                        4.789155471497047e-05,
                        6.132060044838175,
                        4.8882424867704355
                    ],
                    [
                        1.4997684299122522,
                        -1.8913938108307173,
                        1.9926524214592476,
                        2.213354059694618e-05,
                        4.8882424867704355,
                        4.9574206875053335
                    ]
                ]
            },
            "est_tgt": [
                3
            ]
        },
        "4": {
            "intv_type": "do",
            "inode": 4,
            "new_mui": 0.8,
            "new_sigmai": 0.0,
            "true_params": {
                "Si": [
                    [
                        1.0,
                        -0.822064054834073,
                        0.49612954611302923,
                        0.1011054219241515,
                        0.0,
                        0.6820052557311348
                    ],
                    [
                        -0.822064054834073,
                        1.6757893102502377,
                        -1.0113671617029039,
                        0.5657802351873236,
                        0.0,
                        0.03964439305198675
                    ],
                    [
                        0.49612954611302923,
                        -1.0113671617029039,
                        1.610377169441574,
                        -0.3414579309636241,
                        0.0,
                        -0.023926061010876694
                    ],
                    [
                        0.1011054219241515,
                        0.5657802351873236,
                        -0.3414579309636241,
                        1.4312875053436551,
                        0.0,
                        1.3835890580346013
                    ],
                    [
                        0.0,
                        0.0,
                        0.0,
                        0.0,
                        0.0,
                        0.0
                    ],
                    [
                        0.6820052557311348,
                        0.03964439305198675,
                        -0.023926061010876694,
                        1.3835890580346013,
                        0.0,
                        2.6813063371033405
                    ]
                ],
                "mui": [
                    0.0,
                    0.0,
                    0.0,
                    0.0,
                    0.800000011920929,
                    0.5323201925638043
                ],
                "Ai": [
                    [
                        0.0,
                        0.0,
                        0.0,
                        0.0,
                        0.0,
                        0.0
                    ],
                    [
                        -0.822064054834073,
                        0.0,
                        0.0,
                        0.0,
                        0.0,
                        0.0
                    ],
                    [
                        -0.0,
                        -0.603516895302239,
                        0.0,
                        0.0,
                        0.0,
                        0.0
                    ],
                    [
                        0.6345389795518999,
                        0.6488953683000014,
                        0.0,
                        0.0,
                        0.0,
                        0.0
                    ],
                    [
                        0.0,
                        0.0,
                        0.0,
                        0.0,
                        0.0,
                        0.0
                    ],
                    [
                        0.5884721166996553,
                        -0.0,
                        0.0,
                        0.9251050759834356,
                        0.6654002307895193,
                        0.0
                    ]
                ]
            },
            "est_params": {
                "mui": [
                    0.05102899039403864,
                    0.1701316712204158,
                    -0.18722529686823944,
                    -0.00942234557074231,
                    0.8000171761112457,
                    0.6280891554795155
                ],
                "Si": [
                    [
                        1.0773357062530375,
                        -0.8307085626534694,
                        0.5461720324835928,
                        0.03793928123567892,
                        1.0661116258535258e-05,
                        0.6612308437354715
                    ],
                    [
                        -0.8307085626534694,
                        1.5688702765162224,
                        -1.0058472787991208,
                        0.5024171962002825,
                        -6.945933826860392e-07,
                        -0.10808467834245225
                    ],
                    [
                        0.5461720324835929,
                        -1.0058472787991208,
                        1.4206909790220172,
                        -0.3265160001667456,
                        6.646006889736006e-06,
                        0.05472025302813948
                    ],
                    [
                        0.037939281235678905,
                        0.5024171962002825,
                        -0.3265160001667456,
                        1.4416717388316758,
                        8.553139952575492e-06,
                        1.3173905219769442
                    ],
                    [
                        1.0661116258535258e-05,
                        -6.945933826860407e-07,
                        6.6460068897360076e-06,
                        8.553139952575492e-06,
                        1.044892531048981e-06,
                        2.0449120215766107e-05
                    ],
                    [
                        0.6612308437354715,
                        -0.10808467834245228,
                        0.054720253028139466,
                        1.3173905219769442,
                        2.0449120215766104e-05,
                        2.458377052796633
                    ]
                ]
            },
            "est_tgt": [
                1,
                4,
                5
            ]
        },
        "5": {
            "intv_type": "do",
            "inode": 5,
            "new_mui": 0.8,
            "new_sigmai": 0.0,
            "true_params": {
                "Si": [
                    [
                        1.0,
                        -0.822064054834073,
                        0.49612954611302923,
                        0.1011054219241515,
                        1.9546963904744297,
                        0.0
                    ],
                    [
                        -0.822064054834073,
                        1.6757893102502377,
                        -1.0113671617029039,
                        0.5657802351873236,
                        -2.1884641283104966,
                        0.0
                    ],
                    [
                        0.49612954611302923,
                        -1.0113671617029039,
                        1.610377169441574,
                        -0.3414579309636241,
                        2.245852616713671,
                        0.0
                    ],
                    [
                        0.1011054219241515,
                        0.5657802351873236,
                        -0.3414579309636241,
                        1.4312875053436551,
                        0.7488277252489391,
                        0.0
                    ],
                    [
                        1.9546963904744297,
                        -2.1884641283104966,
                        2.245852616713671,
                        0.7488277252489391,
                        6.8771024764141995,
                        0.0
                    ],
                    [
                        0.0,
                        0.0,
                        0.0,
                        0.0,
                        0.0,
                        0.0
                    ]
                ],
                "mui": [
                    0.0,
                    0.0,
                    0.0,
                    0.0,
                    0.0,
                    0.800000011920929
                ],
                "Ai": [
                    [
                        0.0,
                        0.0,
                        0.0,
                        0.0,
                        0.0,
                        0.0
                    ],
                    [
                        -0.822064054834073,
                        0.0,
                        0.0,
                        0.0,
                        0.0,
                        0.0
                    ],
                    [
                        -0.0,
                        -0.603516895302239,
                        0.0,
                        0.0,
                        0.0,
                        0.0
                    ],
                    [
                        0.6345389795518999,
                        0.6488953683000014,
                        0.0,
                        0.0,
                        0.0,
                        0.0
                    ],
                    [
                        0.8873808384277722,
                        -0.6258304132696217,
                        0.9250775405153995,
                        0.9285809088548937,
                        0.0,
                        0.0
                    ],
                    [
                        0.0,
                        0.0,
                        0.0,
                        0.0,
                        0.0,
                        0.0
                    ]
                ]
            },
            "est_params": {
                "mui": [
                    -0.18327736902681485,
                    0.18740722480448346,
                    0.009024943957110256,
                    0.053273251976295254,
                    -0.15878959191356676,
                    0.8000000122054324
                ],
                "Si": [
                    [
                        1.1373881091133524,
                        -1.0384245903755556,
                        0.49007074217725943,
                        0.06331001801002319,
                        2.11775694761877,
                        1.5254934004871962e-11
                    ],
                    [
                        -1.0384245903755553,
                        1.9018087304844067,
                        -1.074656793556605,
                        0.6819960844886575,
                        -2.35187099664884,
                        -2.1346569980673324e-10
                    ],
                    [
                        0.49007074217725943,
                        -1.0746567935566047,
                        1.572018327870371,
                        -0.5309634030702752,
                        2.0595936272725015,
                        -4.504645084751968e-10
                    ],
                    [
                        0.06331001801002319,
                        0.6819960844886576,
                        -0.5309634030702752,
                        1.5478707829591027,
                        0.6243078623991551,
                        -2.5445121224029895e-10
                    ],
                    [
                        2.11775694761877,
                        -2.35187099664884,
                        2.0595936272725015,
                        0.6243078623991553,
                        6.529197324745321,
                        2.727790122118684e-10
                    ],
                    [
                        1.5254934004871955e-11,
                        -2.1346569980673324e-10,
                        -4.504645084751968e-10,
                        -2.5445121224029895e-10,
                        2.727790122118684e-10,
                        1.0000015430271992e-06
                    ]
                ]
            },
            "est_tgt": [
                4,
                5
            ]
        },
        "obs": {
            "intv_type": "obs",
            "true_params": {
                "Si": [
                    [
                        1.0,
                        -0.822064054834073,
                        0.49612954611302923,
                        0.1011054219241515,
                        1.9546963904744297,
                        1.9826606850762607
                    ],
                    [
                        -0.822064054834073,
                        1.6757893102502377,
                        -1.0113671617029039,
                        0.5657802351873236,
                        -2.1884641283104966,
                        -1.416560143000402
                    ],
                    [
                        0.49612954611302923,
                        -1.0113671617029039,
                        1.610377169441574,
                        -0.3414579309636241,
                        2.245852616713671,
                        1.4704647884696458
                    ],
                    [
                        0.1011054219241515,
                        0.5657802351873236,
                        -0.3414579309636241,
                        1.4312875053436551,
                        0.7488277252489391,
                        1.8818591992368363
                    ],
                    [
                        1.9546963904744297,
                        -2.1884641283104966,
                        2.245852616713671,
                        0.7488277252489391,
                        6.8771024764141995,
                        6.419054227041769
                    ],
                    [
                        1.9826606850762607,
                        -1.416560143000402,
                        1.4704647884696458,
                        1.8818591992368363,
                        6.419054227041769,
                        8.178898191668168
                    ]
                ],
                "mui": [
                    0.0,
                    0.0,
                    0.0,
                    0.0,
                    0.0,
                    0.0
                ],
                "Ai": [
                    [
                        0.0,
                        0.0,
                        0.0,
                        0.0,
                        0.0,
                        0.0
                    ],
                    [
                        -0.822064054834073,
                        0.0,
                        0.0,
                        0.0,
                        0.0,
                        0.0
                    ],
                    [
                        -0.0,
                        -0.603516895302239,
                        0.0,
                        0.0,
                        0.0,
                        0.0
                    ],
                    [
                        0.6345389795518999,
                        0.6488953683000014,
                        0.0,
                        0.0,
                        0.0,
                        0.0
                    ],
                    [
                        0.8873808384277722,
                        -0.6258304132696217,
                        0.9250775405153995,
                        0.9285809088548937,
                        0.0,
                        0.0
                    ],
                    [
                        0.5884721166996553,
                        -0.0,
                        0.0,
