{
    "expt_args": {
        "save_dir": "all_expt_logs/expt_logs_30.04.24-noise-shift-low",
        "exp_name": "305",
        "num_nodes": 6,
        "obs_noise_mean": 0.0,
        "obs_noise_var": 1.0,
        "max_edge_strength": 1.0,
        "graph_sparsity_method": "adj_dense_prop",
        "adj_dense_prop": 0.8,
        "num_parents": null,
        "new_noise_mean": 0.8,
        "mix_samples": 2048,
        "stage2_samples": 2048,
        "gmm_tol": 0.001,
        "intv_type": "do",
        "new_noise_sigma": 0.0,
        "intv_targets": [
            0,
            1,
            2,
            3,
            4,
            5
        ]
    },
    "intv_args_dict": {
        "0": {
            "intv_type": "do",
            "inode": 0,
            "new_mui": 0.8,
            "new_sigmai": 0.0,
            "true_params": {
                "Si": [
                    [
                        0.0,
                        0.0,
                        0.0,
                        0.0,
                        0.0,
                        0.0
                    ],
                    [
                        0.0,
                        1.0,
                        0.8655667927947623,
                        -1.471259239464898,
                        -1.2942014179552015,
                        0.1752393381309041
                    ],
                    [
                        0.0,
                        0.8655667927947623,
                        1.7492058727890112,
                        -1.8656862454062275,
                        -0.9829418351018218,
                        -0.3943210329171458
                    ],
                    [
                        0.0,
                        -1.471259239464898,
                        -1.8656862454062275,
                        3.515320110417596,
                        2.5315255561515047,
                        -0.8299678837093203
                    ],
                    [
                        0.0,
                        -1.2942014179552015,
                        -0.9829418351018218,
                        2.5315255561515047,
                        3.1960808859757277,
                        -1.4625526253739194
                    ],
                    [
                        0.0,
                        0.1752393381309041,
                        -0.3943210329171458,
                        -0.8299678837093203,
                        -1.4625526253739194,
                        2.407575521120669
                    ]
                ],
                "mui": [
                    0.800000011920929,
                    -0.596338548274614,
                    -1.2254846316348187,
                    1.9243919292177945,
                    1.1187461701056638,
                    -0.7498746187321681
                ],
                "Ai": [
                    [
                        0.0,
                        0.0,
                        0.0,
                        0.0,
                        0.0,
                        0.0
                    ],
                    [
                        -0.7454231742355966,
                        0.0,
                        0.0,
                        0.0,
                        0.0,
                        0.0
                    ],
                    [
                        -0.8866422205190971,
                        0.8655667927947623,
                        0.0,
                        0.0,
                        0.0,
                        0.0
                    ],
                    [
                        0.7836980016033441,
                        -0.9586592422695233,
                        -0.5922131041329346,
                        0.0,
                        0.0,
                        0.0
                    ],
                    [
                        -0.0,
                        -0.73360541078043,
                        0.5569870569682593,
                        0.7087163701226555,
                        0.0,
                        0.0
                    ],
                    [
                        -0.5890267987961169,
                        -0.5966222018917979,
                        -0.783266183977969,
                        -0.5226022221874198,
                        -0.5261525612534499,
                        0.0
                    ]
                ]
            },
            "est_params": {
                "mui": [
                    0.7999941548198078,
                    -0.5252243796745968,
                    -1.1894406620529037,
                    1.9485961730271952,
                    1.1576886291666935,
                    -0.8298711791366721
                ],
                "Si": [
                    [
                        1.0319397447558833e-06,
                        1.556656891474739e-05,
                        1.4808777021851825e-05,
                        -1.4076507176818437e-05,
                        -1.2697051542581542e-05,
                        1.3761173569543992e-05
                    ],
                    [
                        1.556656891474739e-05,
                        0.9789403556940909,
                        0.9136853884208164,
                        -1.4968391374358418,
                        -1.2969183337910082,
                        0.2958773661527439
                    ],
                    [
                        1.4808777021851829e-05,
                        0.9136853884208164,
                        1.8117576526123926,
                        -1.9993731478183985,
                        -1.0841719731432686,
                        -0.25083561732956117
                    ],
                    [
                        -1.4076507176818437e-05,
                        -1.4968391374358418,
                        -1.9993731478183985,
                        3.5396337258203836,
                        2.6759433840173124,
                        -0.9905557874210836
                    ],
                    [
                        -1.2697051542581542e-05,
                        -1.2969183337910082,
                        -1.0841719731432686,
                        2.6759433840173132,
                        3.389292325223902,
                        -1.7382760976501208
                    ],
                    [
                        1.3761173569543992e-05,
                        0.2958773661527439,
                        -0.2508356173295611,
                        -0.9905557874210837,
                        -1.7382760976501208,
                        2.4752230292726787
                    ]
                ]
            },
            "est_tgt": [
                0,
                1,
                3,
                4
            ]
        },
        "1": {
            "intv_type": "do",
            "inode": 1,
            "new_mui": 0.8,
            "new_sigmai": 0.0,
            "true_params": {
                "Si": [
                    [
                        1.0,
                        0.0,
                        -0.8866422205190971,
                        1.3087791432722766,
                        0.4337049627214325,
                        -0.8067157957672237
                    ],
                    [
                        0.0,
                        0.0,
                        0.0,
                        0.0,
                        0.0,
                        0.0
                    ],
                    [
                        -0.8866422205190971,
                        0.0,
                        1.7861344272070352,
                        -1.7526319498929475,
                        -0.24726519572938746,
                        0.16926589969229233
                    ],
                    [
                        1.3087791432722766,
                        0.0,
                        -1.7526319498929475,
                        3.06361920657128,
                        1.1950437717998332,
                        -1.627958196414954
                    ],
                    [
                        0.4337049627214325,
                        0.0,
                        -0.24726519572938746,
                        1.1950437717998332,
                        1.7092235704276728,
                        -1.5856342696133867
                    ],
                    [
                        -0.8067157957672237,
                        0.0,
                        0.16926589969229233,
                        -1.627958196414954,
                        -1.5856342696133867,
                        3.0276570706324564
                    ]
                ],
                "mui": [
                    0.0,
                    0.800000011920929,
                    0.6924534445541701,
                    -1.1770074091106952,
                    -1.0353611497922444,
                    0.14019147259373896
                ],
                "Ai": [
                    [
                        0.0,
                        0.0,
                        0.0,
                        0.0,
                        0.0,
                        0.0
                    ],
                    [
                        0.0,
                        0.0,
                        0.0,
                        0.0,
                        0.0,
                        0.0
                    ],
                    [
                        -0.8866422205190971,
                        0.8655667927947623,
                        0.0,
                        0.0,
                        0.0,
                        0.0
                    ],
                    [
                        0.7836980016033441,
                        -0.9586592422695233,
                        -0.5922131041329346,
                        0.0,
                        0.0,
                        0.0
                    ],
                    [
                        -0.0,
                        -0.73360541078043,
                        0.5569870569682593,
                        0.7087163701226555,
                        0.0,
                        0.0
                    ],
                    [
                        -0.5890267987961169,
                        -0.5966222018917979,
                        -0.783266183977969,
                        -0.5226022221874198,
                        -0.5261525612534499,
                        0.0
                    ]
                ]
            },
            "est_params": {
                "mui": [
                    0.982736049415017,
                    0.41989831474875317,
                    -0.2219415224782327,
                    0.7661331186710397,
                    0.4547283220190078,
                    -1.022969362519286
                ],
                "Si": [
                    [
                        0.2766449060991315,
                        -0.08358426455883751,
                        -0.3741703418644197,
                        0.017627687047531888,
                        -0.7409480166801854,
                        0.5372125945163896
                    ],
                    [
                        -0.08358426455883754,
                        0.32553316680722,
                        0.7757126751408772,
                        -0.02772294758102833,
                        0.7370618600062412,
                        -1.2734398895068666
                    ],
                    [
                        -0.37417034186441955,
                        0.7757126751408772,
                        2.2168061399201866,
                        -0.07649659564276959,
                        2.4149546270820674,
                        -3.177460736744643
                    ],
                    [
                        0.017627687047531884,
                        -0.02772294758102833,
                        -0.07649659564276959,
                        0.003684270637934933,
                        -0.07895441521449824,
                        0.13217259837158377
                    ],
                    [
                        -0.7409480166801854,
                        0.7370618600062412,
                        2.414954627082068,
                        -0.07895441521449824,
                        3.4306743973812313,
                        -3.340138091068283
                    ],
                    [
                        0.5372125945163896,
                        -1.2734398895068666,
                        -3.177460736744644,
                        0.13217259837158377,
                        -3.3401380910682836,
                        5.701282301898792
                    ]
                ]
            },
            "est_tgt": [
                0,
                1,
                2,
                3,
                4,
                5
            ]
        },
        "2": {
            "intv_type": "do",
            "inode": 2,
            "new_mui": 0.8,
            "new_sigmai": 0.0,
            "true_params": {
                "Si": [
                    [
                        1.0,
                        -0.7454231742355966,
                        0.0,
                        1.498304816986184,
                        1.6087196251720948,
                        -1.7737401612365846
                    ],
                    [
                        -0.7454231742355966,
                        1.5556557086874725,
                        0.0,
                        -2.075530374919849,
                        -2.612199798597104,
                        1.9700278924539822
                    ],
                    [
                        0.0,
                        0.0,
                        0.0,
                        0.0,
                        0.0,
                        0.0
                    ],
                    [
                        1.498304816986184,
                        -2.075530374919849,
                        0.0,
                        4.163944867392779,
                        4.473676205089808,
                        -4.174157221884168
                    ],
                    [
                        1.6087196251720948,
                        -2.612199798597104,
                        0.0,
                        4.473676205089808,
                        6.08689146746573,
                        -4.9296692371610735
                    ],
                    [
                        -1.7737401612365846,
                        1.9700278924539822,
                        0.0,
                        -4.174157221884168,
                        -4.9296692371610735,
                        5.644600045266113
                    ]
                ],
                "mui": [
                    0.0,
                    0.0,
                    0.800000011920929,
                    -0.47377049036607805,
                    0.10982075001093325,
                    -0.43680191434452714
                ],
                "Ai": [
                    [
                        0.0,
                        0.0,
                        0.0,
                        0.0,
                        0.0,
                        0.0
                    ],
                    [
                        -0.7454231742355966,
                        0.0,
                        0.0,
                        0.0,
                        0.0,
                        0.0
                    ],
                    [
                        0.0,
                        0.0,
                        0.0,
                        0.0,
                        0.0,
                        0.0
                    ],
                    [
                        0.7836980016033441,
                        -0.9586592422695233,
                        -0.5922131041329346,
                        0.0,
                        0.0,
                        0.0
                    ],
                    [
                        -0.0,
                        -0.73360541078043,
                        0.5569870569682593,
                        0.7087163701226555,
                        0.0,
                        0.0
                    ],
                    [
                        -0.5890267987961169,
                        -0.5966222018917979,
                        -0.783266183977969,
                        -0.5226022221874198,
                        -0.5261525612534499,
                        0.0
                    ]
                ]
            },
            "est_params": {
                "mui": [
                    -0.018003604390835523,
                    -0.04431893835683733,
                    0.7999900376483582,
                    -0.36965954976148957,
                    0.259254008694211,
                    -0.5491531539247007
                ],
                "Si": [
                    [
                        0.9591570814472017,
                        -0.8553720639783967,
                        6.053558128197119e-06,
                        1.584353416547918,
                        1.6739189431474302,
                        -1.6958889085033853
                    ],
                    [
                        -0.8553720639783967,
                        1.73483344289692,
                        -8.681841458563178e-06,
                        -2.2947643710873824,
                        -2.8720139370267237,
                        2.159248138005735
                    ],
                    [
                        6.053558128197119e-06,
                        -8.681841458563178e-06,
                        1.024435426523323e-06,
                        1.2696420747193064e-05,
                        1.4255596358561427e-05,
                        -1.037942348852588e-05
                    ],
                    [
                        1.5843534165479183,
                        -2.2947643710873824,
                        1.2696420747193063e-05,
                        4.56420439606099,
                        4.8891948272793915,
                        -4.564021472561633
                    ],
                    [
                        1.6739189431474302,
                        -2.8720139370267237,
                        1.4255596358561424e-05,
                        4.8891948272793915,
                        6.372655894465206,
                        -5.224646484007429
                    ],
                    [
                        -1.6958889085033853,
                        2.159248138005735,
                        -1.0379423488525878e-05,
                        -4.564021472561633,
                        -5.224646484007429,
                        5.7708671301720145
                    ]
                ]
            },
            "est_tgt": [
                0,
                2,
                3
            ]
        },
        "3": {
            "intv_type": "do",
            "inode": 3,
            "new_mui": 0.8,
            "new_sigmai": 0.0,
            "true_params": {
                "Si": [
                    [
                        1.0,
                        -0.7454231742355966,
                        -1.5318557667170938,
                        0.0,
                        -0.3063773612632537,
                        1.2167612708973765
                    ],
                    [
                        -0.7454231742355966,
                        1.5556557086874725,
                        2.007447580892122,
                        0.0,
                        -0.02311512510543945,
                        -2.0492682321774884
                    ],
                    [
                        -1.5318557667170938,
                        2.007447580892122,
                        4.095787962813427,
                        0.0,
                        0.8086264761729274,
                        -3.9289367969589897
                    ],
                    [
                        0.0,
                        0.0,
                        0.0,
                        0.0,
                        0.0,
                        0.0
                    ],
                    [
                        -0.3063773612632537,
                        -0.02311512510543945,
                        0.8086264761729274,
                        0.0,
                        1.46735186199839,
                        -1.211165241540085
                    ],
                    [
                        1.2167612708973765,
                        -2.0492682321774884,
                        -3.9289367969589897,
                        0.0,
                        -1.211165241540085,
                        5.220594954635031
                    ]
                ],
                "mui": [
                    0.0,
                    0.0,
                    0.0,
                    0.800000011920929,
                    0.5669731045466819,
                    -0.7163961350988965
                ],
                "Ai": [
                    [
                        0.0,
                        0.0,
                        0.0,
                        0.0,
                        0.0,
                        0.0
                    ],
                    [
                        -0.7454231742355966,
                        0.0,
                        0.0,
                        0.0,
                        0.0,
                        0.0
                    ],
                    [
                        -0.8866422205190971,
                        0.8655667927947623,
                        0.0,
                        0.0,
                        0.0,
                        0.0
                    ],
                    [
                        0.0,
                        0.0,
                        0.0,
                        0.0,
                        0.0,
                        0.0
                    ],
                    [
                        -0.0,
                        -0.73360541078043,
                        0.5569870569682593,
                        0.7087163701226555,
                        0.0,
                        0.0
                    ],
                    [
                        -0.5890267987961169,
                        -0.5966222018917979,
                        -0.783266183977969,
                        -0.5226022221874198,
                        -0.5261525612534499,
                        0.0
                    ]
                ]
            },
            "est_params": {
                "mui": [
                    0.08113953824326299,
                    -0.05843674460024879,
                    -0.06445259620954147,
                    0.7999998354316837,
                    0.6285964258880767,
                    -0.6688828995655479
                ],
                "Si": [
                    [
                        1.0542833151159425,
                        -0.8614976022611239,
                        -1.7557325414720555,
                        -1.1885087387899392e-07,
                        -0.33735373505641203,
                        1.5112920793548101
                    ],
                    [
                        -0.8614976022611239,
                        1.7499043563393524,
                        2.385287281356378,
                        -4.851353633601622e-08,
                        0.07947501680283757,
                        -2.5700439109535025
                    ],
                    [
                        -1.7557325414720555,
                        2.385287281356378,
                        4.7620237741209985,
                        -1.5226103808830048e-07,
                        0.981409874390007,
                        -4.799056272041902
                    ],
                    [
                        -1.1885087387899392e-07,
                        -4.851353633601622e-08,
                        -1.522610380883005e-07,
                        1.0004629798063725e-06,
                        1.1105677483442447e-07,
                        1.48804601474135e-07
                    ],
                    [
                        -0.3373537350564121,
                        0.07947501680283757,
                        0.981409874390007,
                        1.1105677483442447e-07,
                        1.635139674475351,
                        -1.454345940153032
                    ],
                    [
                        1.5112920793548101,
                        -2.5700439109535025,
                        -4.799056272041902,
                        1.4880460147413503e-07,
                        -1.454345940153032,
                        6.360832806310519
                    ]
                ]
            },
            "est_tgt": [
                0,
                2,
                3
            ]
        },
        "4": {
            "intv_type": "do",
            "inode": 4,
            "new_mui": 0.8,
            "new_sigmai": 0.0,
            "true_params": {
                "Si": [
                    [
                        1.0,
                        -0.7454231742355966,
                        -1.5318557667170938,
                        2.4054898756776506,
                        0.0,
                        -0.20155431691983838
                    ],
                    [
                        -0.7454231742355966,
                        1.5556557086874725,
                        2.007447580892122,
                        -3.264367138184123,
                        0.0,
                        -0.35546479400479847
                    ],
                    [
                        -1.5318557667170938,
                        2.007447580892122,
                        4.095787962813427,
                        -5.550549783242621,
                        0.0,
                        -0.6027462543387565
                    ],
                    [
                        2.4054898756776506,
                        -3.264367138184123,
                        -5.550549783242621,
                        9.301701652405274,
                        0.0,
                        0.01716390278856228
                    ],
                    [
                        0.0,
                        0.0,
                        0.0,
                        0.0,
                        0.0,
                        0.0
                    ],
                    [
                        -0.20155431691983838,
                        -0.35546479400479847,
                        -0.6027462543387565,
                        0.01716390278856228,
                        0.0,
                        1.7939399469772082
                    ]
                ],
                "mui": [
                    0.0,
                    0.0,
                    0.0,
                    0.0,
                    0.800000011920929,
                    -0.4209220552749872
                ],
                "Ai": [
                    [
                        0.0,
                        0.0,
                        0.0,
                        0.0,
                        0.0,
                        0.0
                    ],
                    [
                        -0.7454231742355966,
                        0.0,
                        0.0,
                        0.0,
                        0.0,
                        0.0
                    ],
                    [
                        -0.8866422205190971,
                        0.8655667927947623,
                        0.0,
                        0.0,
                        0.0,
                        0.0
                    ],
                    [
                        0.7836980016033441,
                        -0.9586592422695233,
                        -0.5922131041329346,
                        0.0,
                        0.0,
                        0.0
                    ],
                    [
                        0.0,
                        0.0,
                        0.0,
                        0.0,
                        0.0,
                        0.0
                    ],
                    [
                        -0.5890267987961169,
                        -0.5966222018917979,
                        -0.783266183977969,
                        -0.5226022221874198,
                        -0.5261525612534499,
                        0.0
                    ]
                ]
            },
            "est_params": {
                "mui": [
                    0.001998059144095174,
                    0.07114931389335317,
                    0.08899695530602561,
                    -0.08374802138516,
                    0.799999989564568,
                    -0.5741546840347892
                ],
                "Si": [
                    [
                        0.9166185295884105,
                        -0.5911229953348421,
                        -1.2638245835417468,
                        2.1233779545011404,
                        -3.3270407740246374e-09,
                        -0.2640932777519702
                    ],
                    [
                        -0.5911229953348421,
                        1.2530520261476776,
                        1.5719606471491285,
                        -2.6804718390467985,
                        2.625373318056508e-08,
                        -0.12082835685298933
                    ],
                    [
                        -1.2638245835417468,
                        1.5719606471491285,
                        3.365626451343853,
                        -4.617372497821717,
                        3.5951908608933253e-09,
                        -0.34459925548794995
                    ],
                    [
                        2.12337795450114,
                        -2.6804718390467985,
                        -4.617372497821717,
                        8.138829348657433,
                        -2.046051839101718e-08,
                        -0.3388448693681462
                    ],
                    [
                        -3.3270407740246374e-09,
                        2.625373318056508e-08,
                        3.5951908608933253e-09,
                        -2.046051839101718e-08,
                        1.000075139798201e-06,
                        -2.9643083898723165e-08
                    ],
                    [
                        -0.26409327775197017,
                        -0.1208283568529893,
                        -0.3445992554879499,
                        -0.3388448693681462,
                        -2.9643083898723165e-08,
                        1.5304985730628673
                    ]
                ]
            },
            "est_tgt": [
                4,
                5
            ]
        },
        "5": {
            "intv_type": "do",
            "inode": 5,
            "new_mui": 0.8,
            "new_sigmai": 0.0,
            "true_params": {
                "Si": [
                    [
                        1.0,
                        -0.7454231742355966,
                        -1.5318557667170938,
                        2.4054898756776506,
                        1.3984326917938088,
                        0.0
                    ],
                    [
                        -0.7454231742355966,
                        1.5556557086874725,
                        2.007447580892122,
                        -3.264367138184123,
                        -2.3366255540269725,
                        0.0
                    ],
                    [
                        -1.5318557667170938,
                        2.007447580892122,
                        4.095787962813427,
                        -5.550549783242621,
                        -3.125139018391876,
                        0.0
                    ],
                    [
                        2.4054898756776506,
                        -3.264367138184123,
                        -5.550549783242621,
                        9.301701652405274,
                        5.895441238078156,
                        0.0
                    ],
                    [
                        1.3984326917938088,
                        -2.3366255540269725,
                        -3.125139018391876,
                        5.895441238078156,
                        5.151694879453406,
                        0.0
                    ],
                    [
                        0.0,
                        0.0,
                        0.0,
                        0.0,
                        0.0,
                        0.0
                    ]
                ],
                "mui": [
                    0.0,
                    0.0,
                    0.0,
                    0.0,
                    0.0,
                    0.800000011920929
                ],
                "Ai": [
                    [
                        0.0,
                        0.0,
                        0.0,
                        0.0,
                        0.0,
                        0.0
                    ],
                    [
                        -0.7454231742355966,
                        0.0,
                        0.0,
                        0.0,
                        0.0,
                        0.0
                    ],
                    [
                        -0.8866422205190971,
                        0.8655667927947623,
                        0.0,
                        0.0,
                        0.0,
                        0.0
                    ],
                    [
                        0.7836980016033441,
                        -0.9586592422695233,
                        -0.5922131041329346,
                        0.0,
                        0.0,
                        0.0
                    ],
                    [
                        -0.0,
                        -0.73360541078043,
                        0.5569870569682593,
                        0.7087163701226555,
                        0.0,
                        0.0
                    ],
                    [
                        0.0,
                        0.0,
                        0.0,
                        0.0,
                        0.0,
                        0.0
                    ]
                ]
            },
            "est_params": {
                "mui": [
                    -0.03548224341705883,
                    0.022610111796414478,
                    0.0889841696528094,
                    -0.15508118927031522,
                    -0.10858632235433564,
                    0.8000011881376441
                ],
                "Si": [
                    [
                        1.0560902180841099,
                        -0.7834436706643377,
                        -1.6879545264254696,
                        2.5155967898880416,
                        1.4163333675699883,
                        2.4060995325664708e-06
                    ],
                    [
                        -0.7834436706643377,
                        1.5301931778666342,
                        2.1338728132719145,
                        -3.290232149660548,
                        -2.2358618456195893,
                        -4.0593434766739365e-07
                    ],
                    [
                        -1.6879545264254696,
                        2.1338728132719145,
                        4.4800983802593235,
                        -5.999663969147634,
                        -3.323712327907712,
                        -1.7205424909878895e-06
                    ],
                    [
                        2.5155967898880416,
                        -3.290232149660548,
                        -5.999663969147634,
                        9.62477720539547,
                        5.8400879703799955,
                        1.123382472888638e-06
                    ],
                    [
                        1.4163333675699883,
                        -2.2358618456195893,
                        -3.3237123279077116,
                        5.8400879703799955,
                        4.8097683851908375,
                        1.6348719171347872e-06
                    ],
                    [
                        2.4060995325664708e-06,
                        -4.0593434766739365e-07,
                        -1.72054249098789e-06,
                        1.123382472888638e-06,
                        1.634871917134787e-06,
                        1.0012404867313009e-06
                    ]
                ]
            },
            "est_tgt": [
                4,
                5
            ]
        },
        "obs": {
            "intv_type": "obs",
            "true_params": {
                "Si": [
                    [
                        1.0,
                        -0.7454231742355966,
                        -1.5318557667170938,
                        2.4054898756776506,
                        1.3984326917938088,
                        -0.9373432594477071
                    ],
                    [
                        -0.7454231742355966,
                        1.5556557086874725,
                        2.007447580892122,
                        -3.264367138184123,
                        -2.3366255540269725,
                        0.8739567259367543
                    ],
                    [
                        -1.5318557667170938,
                        2.007447580892122,
                        4.095787962813427,
                        -5.550549783242621,
                        -3.125139018391876,
                        1.0415536444612215
                    ],
                    [
                        2.4054898756776506,
                        -3.264367138184123,
                        -5.550549783242621,
                        9.301701652405274,
                        5.895441238078156,
                        -3.0847376043454693
                    ],
                    [
                        1.3984326917938088,
                        -2.3366255540269725,
                        -3.125139018391876,
                        5.895441238078156,
                        5.151694879453406,
                        -2.7733640828181594
                    ],
                    [
                        -0.9373432594477071,
                        0.8739567259367543,
                        1.0415536444612215,
                        -3.0847376043454693,
                        -2.7733640828181594,
                        3.28618790715272
                    ]
                ],
                "mui": [
                    0.0,
                    0.0,
                    0.0,
                    0.0,
                    0.0,
                    0.0
                ],
                "Ai": [
                    [
                        0.0,
                        0.0,
                        0.0,
                        0.0,
                        0.0,
                        0.0
                    ],
                    [
                        -0.7454231742355966,
                        0.0,
                        0.0,
                        0.0,
                        0.0,
                        0.0
                    ],
                    [
                        -0.8866422205190971,
                        0.8655667927947623,
                        0.0,
                        0.0,
                        0.0,
                        0.0
                    ],
                    [
                        0.7836980016033441,
                        -0.9586592422695233,
                        -0.5922131041329346,
