{
    "expt_args": {
        "save_dir": "all_expt_logs/expt_logs_30.04.24-noise-shift-low",
        "exp_name": "177",
        "num_nodes": 6,
        "obs_noise_mean": 0.0,
        "obs_noise_var": 1.0,
        "max_edge_strength": 1.0,
        "graph_sparsity_method": "adj_dense_prop",
        "adj_dense_prop": 0.8,
        "num_parents": null,
        "new_noise_mean": 0.8,
        "mix_samples": 2048,
        "stage2_samples": 2048,
        "gmm_tol": 0.001,
        "intv_type": "do",
        "new_noise_sigma": 0.0,
        "intv_targets": [
            0,
            1,
            2,
            3,
            4,
            5
        ]
    },
    "intv_args_dict": {
        "0": {
            "intv_type": "do",
            "inode": 0,
            "new_mui": 0.8,
            "new_sigmai": 0.0,
            "true_params": {
                "Si": [
                    [
                        0.0,
                        0.0,
                        0.0,
                        0.0,
                        0.0,
                        0.0
                    ],
                    [
                        0.0,
                        1.0,
                        0.0,
                        0.5967751319459653,
                        -0.2463881195261135,
                        -1.1125003831927103
                    ],
                    [
                        0.0,
                        0.0,
                        1.0,
                        0.7887595719399842,
                        1.0414263757078999,
                        0.7343364809328605
                    ],
                    [
                        0.0,
                        0.5967751319459653,
                        0.7887595719399842,
                        1.9782822204360715,
                        1.238552836673592,
                        -0.40760218661515984
                    ],
                    [
                        0.0,
                        -0.2463881195261135,
                        1.0414263757078999,
                        1.238552836673592,
                        2.463548125703155,
                        1.5410234280311808
                    ],
                    [
                        0.0,
                        -1.1125003831927103,
                        0.7343364809328605,
                        -0.40760218661515984,
                        1.5410234280311808,
                        3.3494789875168482
                    ]
                ],
                "mui": [
                    0.800000011920929,
                    0.41601683724725463,
                    -0.5705065105404298,
                    -0.20172396810286997,
                    -0.6966421338104328,
                    -1.4211556992353729
                ],
                "Ai": [
                    [
                        0.0,
                        0.0,
                        0.0,
                        0.0,
                        0.0,
                        0.0
                    ],
                    [
                        0.5200210388101509,
                        0.0,
                        0.0,
                        0.0,
                        0.0,
                        0.0
                    ],
                    [
                        -0.7131331275490256,
                        -0.0,
                        0.0,
                        0.0,
                        0.0,
                        0.0
                    ],
                    [
                        -0.0,
                        0.5967751319459653,
                        0.7887595719399842,
                        0.0,
                        0.0,
                        0.0
                    ],
                    [
                        0.0,
                        -0.5830624606292243,
                        0.5964428384319022,
                        0.5641561169033343,
                        0.0,
                        0.0
                    ],
                    [
                        -0.6742413213075682,
                        -0.5207931553859358,
                        0.580868152151263,
                        -0.7089722375406615,
                        0.6843277489463113,
                        0.0
                    ]
                ]
            },
            "est_params": {
                "mui": [
                    0.7999908905380216,
                    0.39634568547143256,
                    -0.4821169909080397,
                    -0.22512824933084555,
                    -0.7764954813567067,
                    -1.3067537690224371
                ],
                "Si": [
                    [
                        1.0183700856365494e-06,
                        -9.535828084087862e-07,
                        -3.3473507694877576e-07,
                        -4.3302198872440246e-06,
                        -5.9782127236026244e-06,
                        1.1320833938350751e-05
                    ],
                    [
                        -9.535828084087862e-07,
                        0.8569927963575893,
                        -0.006860286194978721,
                        0.5167238805858547,
                        -0.1419671865916297,
                        -0.9318712883852005
                    ],
                    [
                        -3.347350769487759e-07,
                        -0.006860286194978717,
                        1.0078474608557986,
                        0.7230656548138508,
                        1.0511105179719546,
                        0.844242978578751
                    ],
                    [
                        -4.330219887244024e-06,
                        0.5167238805858547,
                        0.7230656548138508,
                        1.8432817968651891,
                        1.2251942369108655,
                        -0.2921452168979671
                    ],
                    [
                        -5.978212723602624e-06,
                        -0.14196718659162966,
                        1.0511105179719546,
                        1.225194236910865,
                        2.426683080189733,
                        1.5763560667973695
                    ],
                    [
                        1.1320833938350748e-05,
                        -0.9318712883852005,
                        0.844242978578751,
                        -0.29214521689796713,
                        1.5763560667973697,
                        3.4367388548555753
                    ]
                ]
            },
            "est_tgt": [
                0,
                5
            ]
        },
        "1": {
            "intv_type": "do",
            "inode": 1,
            "new_mui": 0.8,
            "new_sigmai": 0.0,
            "true_params": {
                "Si": [
                    [
                        1.0,
                        0.0,
                        -0.7131331275490256,
                        -0.5624905804217916,
                        -0.7426756484206212,
                        -1.1979209926285643
                    ],
                    [
                        0.0,
                        0.0,
                        0.0,
                        0.0,
                        0.0,
                        0.0
                    ],
                    [
                        -0.7131331275490256,
                        0.0,
                        1.5085588576078548,
                        1.1898902387730432,
                        1.571052983620598,
                        1.5886136249627019
                    ],
                    [
                        -0.5624905804217916,
                        0.0,
                        1.1898902387730432,
                        1.938537315390191,
                        1.8033391957589524,
                        0.9301296507976968
                    ],
                    [
                        -0.7426756484206212,
                        0.0,
                        1.571052983620598,
                        1.8033391957589524,
                        2.9544081390165307,
                        2.1565833006013415
                    ],
                    [
                        -1.1979209926285643,
                        0.0,
                        1.5886136249627019,
                        0.9301296507976968,
                        2.1565833006013415,
                        3.5468365894931257
                    ]
                ],
                "mui": [
                    0.0,
                    0.800000011920929,
                    0.0,
                    0.4774201126708862,
                    -0.19711049855806606,
                    -0.8900003198162062
                ],
                "Ai": [
                    [
                        0.0,
                        0.0,
                        0.0,
                        0.0,
                        0.0,
                        0.0
                    ],
                    [
                        0.0,
                        0.0,
                        0.0,
                        0.0,
                        0.0,
                        0.0
                    ],
                    [
                        -0.7131331275490256,
                        -0.0,
                        0.0,
                        0.0,
                        0.0,
                        0.0
                    ],
                    [
                        -0.0,
                        0.5967751319459653,
                        0.7887595719399842,
                        0.0,
                        0.0,
                        0.0
                    ],
                    [
                        0.0,
                        -0.5830624606292243,
                        0.5964428384319022,
                        0.5641561169033343,
                        0.0,
                        0.0
                    ],
                    [
                        -0.6742413213075682,
                        -0.5207931553859358,
                        0.580868152151263,
                        -0.7089722375406615,
                        0.6843277489463113,
                        0.0
                    ]
                ]
            },
            "est_params": {
                "mui": [
                    0.058172122032999214,
                    0.7999929216723907,
                    -0.0714058586890249,
                    0.3906524347740682,
                    -0.2314840756957877,
                    -0.9989969056300767
                ],
                "Si": [
                    [
                        0.9002621804710493,
                        -1.1041664593487232e-06,
                        -0.7420970627521845,
                        -0.5734066598231377,
                        -0.7733470669985827,
                        -1.164910090282035
                    ],
                    [
                        -1.1041664593487232e-06,
                        1.011966084747824e-06,
                        -5.347619308858405e-06,
                        -1.1868980021983337e-05,
                        -1.1458639627030851e-05,
                        -6.7355137304759205e-06
                    ],
                    [
                        -0.7420970627521845,
                        -5.347619308858405e-06,
                        1.6098945422984026,
                        1.224001895139907,
                        1.5945739267346273,
                        1.692846554314047
                    ],
                    [
                        -0.5734066598231377,
                        -1.1868980021983335e-05,
                        1.224001895139907,
                        1.931807133488573,
                        1.783004722758081,
                        0.9638690689854266
                    ],
                    [
                        -0.7733470669985828,
                        -1.1458639627030851e-05,
                        1.5945739267346273,
                        1.783004722758081,
                        2.885601371027958,
                        2.1641116324487757
                    ],
                    [
                        -1.164910090282035,
                        -6.73551373047592e-06,
                        1.692846554314047,
                        0.9638690689854266,
                        2.1641116324487757,
                        3.5152606842993497
                    ]
                ]
            },
            "est_tgt": [
                1,
                5
            ]
        },
        "2": {
            "intv_type": "do",
            "inode": 2,
            "new_mui": 0.8,
            "new_sigmai": 0.0,
            "true_params": {
                "Si": [
                    [
                        1.0,
                        0.5200210388101509,
                        0.0,
                        0.3103356240506058,
                        -0.1281270058664492,
                        -1.2527649262521323
                    ],
                    [
                        0.5200210388101509,
                        1.2704218808051886,
                        0.0,
                        0.7581561855445578,
                        -0.3130168582164187,
                        -1.7639645015272662
                    ],
                    [
                        0.0,
                        0.0,
                        0.0,
                        0.0,
                        0.0,
                        0.0
                    ],
                    [
                        0.3103356240506058,
                        0.7581561855445578,
                        0.0,
                        1.4524487576640033,
                        0.3773554400399195,
                        -1.375594700152844
                    ],
                    [
                        -0.1281270058664492,
                        -0.3130168582164187,
                        0.0,
                        0.3773554400399195,
                        1.395395759315364,
                        0.9367790671983673
                    ],
                    [
                        -1.2527649262521323,
                        -1.7639645015272662,
                        0.0,
                        -1.375594700152844,
                        0.9367790671983673,
                        4.379648880735502
                    ]
                ],
                "mui": [
                    0.0,
                    0.0,
                    0.800000011920929,
                    0.6310076669547342,
                    0.8331411129810897,
                    0.5874691935002614
                ],
                "Ai": [
                    [
                        0.0,
                        0.0,
                        0.0,
                        0.0,
                        0.0,
                        0.0
                    ],
                    [
                        0.5200210388101509,
                        0.0,
                        0.0,
                        0.0,
                        0.0,
                        0.0
                    ],
                    [
                        0.0,
                        0.0,
                        0.0,
                        0.0,
                        0.0,
                        0.0
                    ],
                    [
                        -0.0,
                        0.5967751319459653,
                        0.7887595719399842,
                        0.0,
                        0.0,
                        0.0
                    ],
                    [
                        0.0,
                        -0.5830624606292243,
                        0.5964428384319022,
                        0.5641561169033343,
                        0.0,
                        0.0
                    ],
                    [
                        -0.6742413213075682,
                        -0.5207931553859358,
                        0.580868152151263,
                        -0.7089722375406615,
                        0.6843277489463113,
                        0.0
                    ]
                ]
            },
            "est_params": {
                "mui": [
                    0.04138113788453064,
                    -0.04325440912975882,
                    0.45537293429319187,
                    0.3544351698481906,
                    0.493658417870288,
                    0.39023988189703607
                ],
                "Si": [
                    [
                        0.9754198110896023,
                        0.4767311329072334,
                        -0.35112192178165635,
                        -0.0559608019019169,
                        -0.4505820962180025,
                        -1.3607379639585504
                    ],
                    [
                        0.4767311329072334,
                        1.1981087666348114,
                        -0.2044465259682307,
                        0.5763154807380549,
                        -0.5590863812074439,
                        -1.8171019931007026
                    ],
                    [
                        -0.35112192178165635,
                        -0.2044465259682307,
                        0.7719454000303825,
                        0.5038592718555125,
                        0.886048425798104,
                        0.9716338207253767
                    ],
                    [
                        -0.0559608019019169,
                        0.5763154807380548,
                        0.5038592718555125,
                        1.6778198000605307,
                        0.822573030866408,
                        -0.61931458251908
                    ],
                    [
                        -0.45058209621800244,
                        -0.5590863812074439,
                        0.886048425798104,
                        0.822573030866408,
                        2.298080934728408,
                        2.020224868985335
                    ],
                    [
                        -1.3607379639585504,
                        -1.8171019931007026,
                        0.9716338207253767,
                        -0.61931458251908,
                        2.020224868985335,
                        5.341678707511383
                    ]
                ]
            },
            "est_tgt": [
                0,
                2
            ]
        },
        "3": {
            "intv_type": "do",
            "inode": 3,
            "new_mui": 0.8,
            "new_sigmai": 0.0,
            "true_params": {
                "Si": [
                    [
                        1.0,
                        0.5200210388101509,
                        -0.7131331275490256,
                        0.0,
                        -0.7285478932427725,
                        -1.8578665807962365
                    ],
                    [
                        0.5200210388101509,
                        1.2704218808051886,
                        -0.37084422979797615,
                        0.0,
                        -0.9619226928962779,
                        -1.8859286858797524
                    ],
                    [
                        -0.7131331275490256,
                        -0.37084422979797615,
                        1.5085588576078548,
                        0.0,
                        1.115994476109374,
                        2.3139367424825497
                    ],
                    [
                        0.0,
                        0.0,
                        0.0,
                        0.0,
                        0.0,
                        0.0
                    ],
                    [
                        -0.7285478932427725,
                        -0.9619226928962779,
                        1.115994476109374,
                        0.0,
                        2.226487925260192,
                        3.1640729677447603
                    ],
                    [
                        -1.8578665807962365,
                        -1.8859286858797524,
                        2.3139367424825497,
                        0.0,
                        3.1640729677447603,
                        6.744184260720794
                    ]
                ],
                "mui": [
                    0.0,
                    0.0,
                    0.0,
                    0.800000011920929,
                    0.4513249002479325,
                    -0.2583236454540508
                ],
                "Ai": [
                    [
                        0.0,
                        0.0,
                        0.0,
                        0.0,
                        0.0,
                        0.0
                    ],
                    [
                        0.5200210388101509,
                        0.0,
                        0.0,
                        0.0,
                        0.0,
                        0.0
                    ],
                    [
                        -0.7131331275490256,
                        -0.0,
                        0.0,
                        0.0,
                        0.0,
                        0.0
                    ],
                    [
                        0.0,
                        0.0,
                        0.0,
                        0.0,
                        0.0,
                        0.0
                    ],
                    [
                        0.0,
                        -0.5830624606292243,
                        0.5964428384319022,
                        0.5641561169033343,
                        0.0,
                        0.0
                    ],
                    [
                        -0.6742413213075682,
                        -0.5207931553859358,
                        0.580868152151263,
                        -0.7089722375406615,
                        0.6843277489463113,
                        0.0
                    ]
                ]
            },
            "est_params": {
                "mui": [
                    0.1110356258686836,
                    0.1126447429106258,
                    -0.08887977113390137,
                    0.7999998511553046,
                    0.43250300189905294,
                    -0.5078932193221208
                ],
                "Si": [
                    [
                        0.9609677795646849,
                        0.47576928847540795,
                        -0.5600741111648316,
                        1.3696249939140338e-06,
                        -0.5073639706361318,
                        -1.5927487739972446
                    ],
                    [
                        0.47576928847540795,
                        1.2304736478066036,
                        -0.25295511567438195,
                        5.001936883442343e-07,
                        -0.7224711288270014,
                        -1.554015251684097
                    ],
                    [
                        -0.5600741111648316,
                        -0.2529551156743819,
                        1.402976448100337,
                        2.965548949366183e-07,
                        0.9428338251945827,
                        2.0202563794286728
                    ],
                    [
                        1.3696249939140338e-06,
                        5.001936883442343e-07,
                        2.965548949366184e-07,
                        1.0023370517052258e-06,
                        3.4582711491241847e-07,
                        -2.535290399736539e-07
                    ],
                    [
                        -0.5073639706361317,
                        -0.7224711288270014,
                        0.9428338251945827,
                        3.4582711491241847e-07,
                        1.839581837442742,
                        2.531069629171748
                    ],
                    [
                        -1.5927487739972446,
                        -1.554015251684097,
                        2.0202563794286728,
                        -2.535290399736541e-07,
                        2.531069629171748,
                        5.733750605051965
                    ]
                ]
            },
            "est_tgt": [
                2,
                3
            ]
        },
        "4": {
            "intv_type": "do",
            "inode": 4,
            "new_mui": 0.8,
            "new_sigmai": 0.0,
            "true_params": {
                "Si": [
                    [
                        1.0,
                        0.5200210388101509,
                        -0.7131331275490256,
                        -0.2521549563711858,
                        0.0,
                        -1.180530177388385
                    ],
                    [
                        0.5200210388101509,
                        1.2704218808051886,
                        -0.37084422979797615,
                        0.465649249592693,
                        0.0,
                        -1.55779068518253
                    ],
                    [
                        -0.7131331275490256,
                        -0.37084422979797615,
                        1.5085588576078548,
                        0.9685796246039561,
                        0.0,
                        0.8635346911183429
                    ],
                    [
                        -0.2521549563711858,
                        0.465649249592693,
                        0.9685796246039561,
                        2.0418643424586262,
                        0.0,
                        -0.957501725912831
                    ],
                    [
                        0.0,
                        0.0,
                        0.0,
                        0.0,
                        0.0,
                        0.0
                    ],
                    [
                        -1.180530177388385,
                        -1.55779068518253,
                        0.8635346911183429,
                        -0.957501725912831,
                        0.0,
                        3.78769089443072
                    ]
                ],
                "mui": [
                    0.0,
                    0.0,
                    0.0,
                    0.0,
                    0.800000011920929,
                    0.5474622073148715
                ],
                "Ai": [
                    [
                        0.0,
                        0.0,
                        0.0,
                        0.0,
                        0.0,
                        0.0
                    ],
                    [
                        0.5200210388101509,
                        0.0,
                        0.0,
                        0.0,
                        0.0,
                        0.0
                    ],
                    [
                        -0.7131331275490256,
                        -0.0,
                        0.0,
                        0.0,
                        0.0,
                        0.0
                    ],
                    [
                        -0.0,
                        0.5967751319459653,
                        0.7887595719399842,
                        0.0,
                        0.0,
                        0.0
                    ],
                    [
                        0.0,
                        0.0,
                        0.0,
                        0.0,
                        0.0,
                        0.0
                    ],
                    [
                        -0.6742413213075682,
                        -0.5207931553859358,
                        0.580868152151263,
                        -0.7089722375406615,
                        0.6843277489463113,
                        0.0
                    ]
                ]
            },
            "est_params": {
                "mui": [
                    0.04065538238909446,
                    0.036358716086561244,
                    -0.02636986451480589,
                    -0.06605568945407943,
                    0.7999895461864639,
                    0.4851662837204137
                ],
                "Si": [
                    [
                        1.0165201607828933,
                        0.5605301752155795,
                        -0.6827728685210722,
                        -0.2821362303957175,
                        -1.4158921466991825e-05,
                        -1.159773633178387
                    ],
                    [
                        0.5605301752155797,
                        1.2477597544755243,
                        -0.3618370219430853,
                        0.47785892542013175,
                        -4.794798219500956e-06,
                        -1.593197691330267
                    ],
                    [
                        -0.6827728685210722,
                        -0.3618370219430853,
                        1.365559186860321,
                        0.9189961519312673,
                        -9.39831835913112e-06,
                        0.7151745767330816
                    ],
                    [
                        -0.2821362303957176,
                        0.47785892542013175,
                        0.9189961519312673,
                        2.0950020177390085,
                        -1.3322164720521827e-05,
                        -1.045967112577824
                    ],
                    [
                        -1.4158921466991825e-05,
                        -4.794798219500957e-06,
                        -9.39831835913112e-06,
                        -1.3322164720521827e-05,
                        1.0227766317873627e-06,
                        1.1708748659754511e-05
                    ],
                    [
                        -1.1597736331783874,
                        -1.593197691330267,
                        0.7151745767330816,
                        -1.0459671125778245,
                        1.1708748659754511e-05,
                        3.80310780644385
                    ]
                ]
            },
            "est_tgt": [
                0,
                1,
                2,
                4,
                5
            ]
        },
        "5": {
            "intv_type": "do",
            "inode": 5,
            "new_mui": 0.8,
            "new_sigmai": 0.0,
            "true_params": {
                "Si": [
                    [
                        1.0,
                        0.5200210388101509,
                        -0.7131331275490256,
                        -0.2521549563711858,
                        -0.8708026542870704,
                        0.0
                    ],
                    [
                        0.5200210388101509,
                        1.2704218808051886,
                        -0.37084422979797615,
                        0.465649249592693,
                        -0.6992238204071126,
                        0.0
                    ],
                    [
                        -0.7131331275490256,
                        -0.37084422979797615,
                        1.5085588576078548,
                        0.9685796246039561,
                        1.6624245960376314,
                        0.0
                    ],
                    [
                        -0.2521549563711858,
                        0.465649249592693,
                        0.9685796246039561,
                        2.0418643424586262,
                        1.458130041973261,
                        0.0
                    ],
                    [
                        -0.8708026542870704,
                        -0.6992238204071126,
                        1.6624245960376314,
                        1.458130041973261,
                        3.221845388416562,
                        0.0
                    ],
                    [
                        0.0,
                        0.0,
                        0.0,
                        0.0,
                        0.0,
                        0.0
                    ]
                ],
                "mui": [
                    0.0,
                    0.0,
                    0.0,
                    0.0,
                    0.0,
                    0.800000011920929
                ],
                "Ai": [
                    [
                        0.0,
                        0.0,
                        0.0,
                        0.0,
                        0.0,
                        0.0
                    ],
                    [
                        0.5200210388101509,
                        0.0,
                        0.0,
                        0.0,
                        0.0,
                        0.0
                    ],
                    [
                        -0.7131331275490256,
                        -0.0,
                        0.0,
                        0.0,
                        0.0,
                        0.0
                    ],
                    [
                        -0.0,
                        0.5967751319459653,
                        0.7887595719399842,
                        0.0,
                        0.0,
                        0.0
                    ],
                    [
                        0.0,
                        -0.5830624606292243,
                        0.5964428384319022,
                        0.5641561169033343,
                        0.0,
                        0.0
                    ],
                    [
                        0.0,
                        0.0,
                        0.0,
                        0.0,
                        0.0,
                        0.0
                    ]
                ]
            },
            "est_params": {
                "mui": [
                    -0.09977129908001962,
                    -0.09541356554857461,
                    0.11576355302522286,
                    0.01657264753415003,
                    0.0905355838446685,
                    0.7999858855508114
                ],
                "Si": [
                    [
                        1.0444741318604898,
                        0.6395433282767269,
                        -0.7818501471938436,
                        -0.18389774939869166,
                        -1.011776652264403,
                        3.9083406944589275e-06
                    ],
                    [
                        0.639543328276727,
                        1.3591401284636322,
                        -0.4360492728482524,
                        0.4446983041193461,
                        -0.8029390737223009,
                        9.78079867513051e-06
                    ],
                    [
                        -0.7818501471938436,
                        -0.43604927284825235,
                        1.4410355114018312,
                        0.8388344171034493,
                        1.63061984226164,
                        2.2422572293002606e-05
                    ],
                    [
                        -0.18389774939869163,
                        0.4446983041193461,
                        0.8388344171034493,
                        1.7736990539231752,
                        1.2516934855941437,
                        3.344554104096973e-05
                    ],
                    [
                        -1.011776652264403,
                        -0.8029390737223009,
                        1.63061984226164,
                        1.2516934855941437,
                        3.132247745046156,
                        3.072587780429793e-05
                    ],
                    [
                        3.9083406944589275e-06,
                        9.78079867513051e-06,
                        2.2422572293002606e-05,
                        3.344554104096973e-05,
                        3.072587780429793e-05,
                        1.036367414210716e-06
                    ]
                ]
            },
            "est_tgt": [
                0,
                1,
                2,
                4,
                5
            ]
        },
        "obs": {
            "intv_type": "obs",
            "true_params": {
                "Si": [
                    [
                        1.0,
                        0.5200210388101509,
                        -0.7131331275490256,
                        -0.2521549563711858,
                        -0.8708026542870704,
                        -1.776444597573129
                    ],
                    [
                        0.5200210388101509,
                        1.2704218808051886,
                        -0.37084422979797615,
                        0.465649249592693,
                        -0.6992238204071126,
                        -2.0362889482113693
                    ],
                    [
                        -0.7131331275490256,
                        -0.37084422979797615,
                        1.5085588576078548,
                        0.9685796246039561,
                        1.6624245960376314,
                        2.0011779727177563
                    ],
                    [
                        -0.2521549563711858,
                        0.465649249592693,
                        0.9685796246039561,
                        2.0418643424586262,
                        1.458130041973261,
                        0.040337123381721185
                    ],
                    [
                        -0.8708026542870704,
                        -0.6992238204071126,
                        1.6624245960376314,
                        1.458130041973261,
                        3.221845388416562,
                        3.087956098791788
                    ],
                    [
                        -1.776444597573129,
                        -2.0362889482113693,
                        2.0011779727177563,
                        0.040337123381721185,
                        3.087956098791788,
                        6.505234395763604
                    ]
                ],
                "mui": [
                    0.0,
                    0.0,
                    0.0,
                    0.0,
                    0.0,
                    0.0
                ],
                "Ai": [
                    [
                        0.0,
                        0.0,
                        0.0,
                        0.0,
                        0.0,
                        0.0
                    ],
                    [
                        0.5200210388101509,
                        0.0,
                        0.0,
                        0.0,
                        0.0,
                        0.0
                    ],
                    [
                        -0.7131331275490256,
                        -0.0,
                        0.0,
                        0.0,
                        0.0,
                        0.0
                    ],
                    [
                        -0.0,
                        0.5967751319459653,
                        0.7887595719399842,
                        0.0,
                        0.0,
                        0.0
                    ],
                    [
                        0.0,
                        -0.5830624606292243,
                        0.5964428384319022,
                        0.5641561169033343,
                        0.0,
