{
    "expt_args": {
        "save_dir": "all_expt_logs/expt_logs_30.04.24-noise-shift-low",
        "exp_name": "183",
        "num_nodes": 6,
        "obs_noise_mean": 0.0,
        "obs_noise_var": 1.0,
        "max_edge_strength": 1.0,
        "graph_sparsity_method": "adj_dense_prop",
        "adj_dense_prop": 0.8,
        "num_parents": null,
        "new_noise_mean": 0.8,
        "mix_samples": 131072,
        "stage2_samples": 131072,
        "gmm_tol": 0.001,
        "intv_type": "do",
        "new_noise_sigma": 0.0,
        "intv_targets": [
            0,
            1,
            2,
            3,
            4,
            5
        ]
    },
    "intv_args_dict": {
        "0": {
            "intv_type": "do",
            "inode": 0,
            "new_mui": 0.8,
            "new_sigmai": 0.0,
            "true_params": {
                "Si": [
                    [
                        0.0,
                        0.0,
                        0.0,
                        0.0,
                        0.0,
                        0.0
                    ],
                    [
                        0.0,
                        1.0,
                        0.0,
                        0.7580527770941452,
                        1.4099553697952931,
                        -0.14703648827993687
                    ],
                    [
                        0.0,
                        0.0,
                        1.0,
                        -0.5004140115138399,
                        -0.9705803155060021,
                        -0.31436779538438325
                    ],
                    [
                        0.0,
                        0.7580527770941452,
                        -0.5004140115138399,
                        1.825058195779519,
                        2.3837139772432394,
                        -0.05898267484135794
                    ],
                    [
                        0.0,
                        1.4099553697952931,
                        -0.9705803155060021,
                        2.3837139772432394,
                        4.61757526274179,
                        0.6710706874416593
                    ],
                    [
                        0.0,
                        -0.14703648827993687,
                        -0.31436779538438325,
                        -0.05898267484135794,
                        0.6710706874416593,
                        1.567295990249367
                    ]
                ],
                "mui": [
                    0.800000011920929,
                    -0.4768646626829933,
                    -0.5299484479053067,
                    -0.09629495313307816,
                    0.3151781380173765,
                    1.0174294989855557
                ],
                "Ai": [
                    [
                        0.0,
                        0.0,
                        0.0,
                        0.0,
                        0.0,
                        0.0
                    ],
                    [
                        -0.5960808194714453,
                        0.0,
                        0.0,
                        0.0,
                        0.0,
                        0.0
                    ],
                    [
                        -0.6624355500105745,
                        0.0,
                        0.0,
                        0.0,
                        0.0,
                        0.0
                    ],
                    [
                        -0.0,
                        0.7580527770941452,
                        -0.5004140115138399,
                        0.0,
                        0.0,
                        0.0
                    ],
                    [
                        0.591473113765158,
                        0.7813769424101169,
                        -0.5556363143710891,
                        0.8292014044123881,
                        0.0,
                        0.0
                    ],
                    [
                        0.5854046591563711,
                        -0.5834276960499571,
                        -0.0,
                        -0.6522707256093994,
                        0.6601959627066672,
                        0.0
                    ]
                ]
            },
            "est_params": {
                "mui": [
                    0.7999994602795742,
                    -0.4681655842816418,
                    -0.5344857244579541,
                    -0.08374187710961879,
                    0.31838411776092784,
                    1.0046833325782254
                ],
                "Si": [
                    [
                        1.0149610123529369e-06,
                        7.682301430700349e-07,
                        1.470669591584206e-06,
                        -7.330121160753959e-07,
                        -9.43196509175549e-07,
                        5.663864003868567e-07
                    ],
                    [
                        7.682301430700349e-07,
                        1.0002352110457953,
                        -4.854563828753269e-05,
                        0.7670034327848353,
                        1.4316966056333993,
                        -0.14263681606459758
                    ],
                    [
                        1.4706695915842055e-06,
                        -4.854563828753044e-05,
                        1.0070128234999218,
                        -0.5097986200492111,
                        -0.9726900852897,
                        -0.315682046951189
                    ],
                    [
                        -7.33012116075396e-07,
                        0.7670034327848353,
                        -0.5097986200492111,
                        1.8510886077013584,
                        2.4148794819400696,
                        -0.04837940622037996
                    ],
                    [
                        -9.431965091755486e-07,
                        1.4316966056333993,
                        -0.9726900852897002,
                        2.4148794819400696,
                        4.652207140264317,
                        0.6697006469658977
                    ],
                    [
                        5.663864003868569e-07,
                        -0.14263681606459755,
                        -0.31568204695118895,
                        -0.048379406220379964,
                        0.6697006469658977,
                        1.5558893845535264
                    ]
                ]
            },
            "est_tgt": [
                0
            ]
        },
        "1": {
            "intv_type": "do",
            "inode": 1,
            "new_mui": 0.8,
            "new_sigmai": 0.0,
            "true_params": {
                "Si": [
                    [
                        1.0,
                        0.0,
                        -0.6624355500105745,
                        0.3314920309501685,
                        1.2344200188968135,
                        1.1841412243547353
                    ],
                    [
                        0.0,
                        0.0,
                        0.0,
                        0.0,
                        0.0,
                        0.0
                    ],
                    [
                        -0.6624355500105745,
                        0.0,
                        1.4388208579178123,
                        -0.7200061173604372,
                        -1.7883040196679767,
                        -1.0987850386300075
                    ],
                    [
                        0.3314920309501685,
                        0.0,
                        -0.7200061173604372,
                        1.360301149502841,
                        1.724093792700765,
                        0.4450121228265893
                    ],
                    [
                        1.2344200188968135,
                        0.0,
                        -1.7883040196679767,
                        1.724093792700765,
                        4.153393900980417,
                        2.3401132061922674
                    ],
                    [
                        1.1841412243547353,
                        0.0,
                        -1.0987850386300075,
                        0.4450121228265893,
                        2.3401132061922674,
                        2.9478667005800028
                    ]
                ],
                "mui": [
                    0.0,
                    0.800000011920929,
                    0.0,
                    0.6064422307120094,
                    1.1279643126442123,
                    -0.11762919237676103
                ],
                "Ai": [
                    [
                        0.0,
                        0.0,
                        0.0,
                        0.0,
                        0.0,
                        0.0
                    ],
                    [
                        0.0,
                        0.0,
                        0.0,
                        0.0,
                        0.0,
                        0.0
                    ],
                    [
                        -0.6624355500105745,
                        0.0,
                        0.0,
                        0.0,
                        0.0,
                        0.0
                    ],
                    [
                        -0.0,
                        0.7580527770941452,
                        -0.5004140115138399,
                        0.0,
                        0.0,
                        0.0
                    ],
                    [
                        0.591473113765158,
                        0.7813769424101169,
                        -0.5556363143710891,
                        0.8292014044123881,
                        0.0,
                        0.0
                    ],
                    [
                        0.5854046591563711,
                        -0.5834276960499571,
                        -0.0,
                        -0.6522707256093994,
                        0.6601959627066672,
                        0.0
                    ]
                ]
            },
            "est_params": {
                "mui": [
                    0.012723418285427298,
                    0.7999999999697643,
                    -0.0020383373387186836,
                    0.6000223814193458,
                    1.1332334463007459,
                    -0.10085019937356934
                ],
                "Si": [
                    [
                        0.9903002302632079,
                        -1.071440976097638e-07,
                        -0.6488672032904343,
                        0.31943422122442555,
                        1.220583942340907,
                        1.1882908118602247
                    ],
                    [
                        -1.071440976097638e-07,
                        1.0126050230639632e-06,
                        -7.309188560857749e-07,
                        1.2615357905897574e-06,
                        5.755858061422224e-07,
                        1.0959199123223363e-06
                    ],
                    [
                        -0.6488672032904343,
                        -7.309188560857746e-07,
                        1.4231230248129814,
                        -0.7107832927943503,
                        -1.7568046745470123,
                        -1.0687359703410557
                    ],
                    [
                        0.31943422122442555,
                        1.2615357905897574e-06,
                        -0.7107832927943503,
                        1.3536193125828044,
                        1.7056276988511774,
                        0.4264564865712811
                    ],
                    [
                        1.220583942340907,
                        5.755858061422226e-07,
                        -1.7568046745470123,
                        1.7056276988511774,
                        4.1054153438415675,
                        2.3161849033625366
                    ],
                    [
                        1.1882908118602247,
                        1.095919912322336e-06,
                        -1.0687359703410553,
                        0.4264564865712811,
                        2.3161849033625366,
                        2.9678509382085276
                    ]
                ]
            },
            "est_tgt": [
                1
            ]
        },
        "2": {
            "intv_type": "do",
            "inode": 2,
            "new_mui": 0.8,
            "new_sigmai": 0.0,
            "true_params": {
                "Si": [
                    [
                        1.0,
                        -0.5960808194714453,
                        0.0,
                        -0.45186072057288296,
                        -0.24897423848058506,
                        1.063538451339778
                    ],
                    [
                        -0.5960808194714453,
                        1.3553123433417498,
                        0.0,
                        1.027398285700187,
                        1.5583641378960793,
                        -0.7809913598939436
                    ],
                    [
                        0.0,
                        0.0,
                        0.0,
                        0.0,
                        0.0,
                        0.0
                    ],
                    [
                        -0.45186072057288296,
                        1.027398285700187,
                        0.0,
                        1.778822123656791,
                        2.0105236668684343,
                        -0.6968679753997793
                    ],
                    [
                        -0.24897423848058506,
                        1.5583641378960793,
                        0.0,
                        2.0105236668684343,
                        3.737537285321046,
                        0.1011578173954163
                    ],
                    [
                        1.063538451339778,
                        -0.7809913598939436,
                        0.0,
                        -0.6968679753997793,
                        0.1011578173954163,
                        2.5995829169527433
                    ]
                ],
                "mui": [
                    0.0,
                    0.0,
                    0.800000011920929,
                    -0.4003312151764718,
                    -0.7764642639750207,
                    -0.25149424005506277
                ],
                "Ai": [
                    [
                        0.0,
                        0.0,
                        0.0,
                        0.0,
                        0.0,
                        0.0
                    ],
                    [
                        -0.5960808194714453,
                        0.0,
                        0.0,
                        0.0,
                        0.0,
                        0.0
                    ],
                    [
                        0.0,
                        0.0,
                        0.0,
                        0.0,
                        0.0,
                        0.0
                    ],
                    [
                        -0.0,
                        0.7580527770941452,
                        -0.5004140115138399,
                        0.0,
                        0.0,
                        0.0
                    ],
                    [
                        0.591473113765158,
                        0.7813769424101169,
                        -0.5556363143710891,
                        0.8292014044123881,
                        0.0,
                        0.0
                    ],
                    [
                        0.5854046591563711,
                        -0.5834276960499571,
                        -0.0,
                        -0.6522707256093994,
                        0.6601959627066672,
                        0.0
                    ]
                ]
            },
            "est_params": {
                "mui": [
                    0.00238393558283832,
                    -0.015349604364941379,
                    0.8000001438819635,
                    -0.40585966265008755,
                    -0.7980442055810714,
                    -0.25371490014761106
                ],
                "Si": [
                    [
                        1.0108717031004724,
                        -0.5903381588176172,
                        7.671709678893466e-07,
                        -0.4399885279526522,
                        -0.23348383166862555,
                        1.066467147802089
                    ],
                    [
                        -0.5903381588176172,
                        1.3516472328945002,
                        -3.1907172848902254e-07,
                        1.0074926440311152,
                        1.5523406829367365,
                        -0.7641194075406369
                    ],
                    [
                        7.671709678893466e-07,
                        -3.1907172848902254e-07,
                        1.0102266642958536e-06,
                        -1.4480614279652134e-06,
                        -1.988088020831346e-06,
                        2.349127101819574e-07
                    ],
                    [
                        -0.4399885279526522,
                        1.0074926440311152,
                        -1.4480614279652134e-06,
                        1.755758980340475,
                        2.007884850310113,
                        -0.6476605720897306
                    ],
                    [
                        -0.23348383166862555,
                        1.5523406829367363,
                        -1.988088020831346e-06,
                        2.0078848503101137,
                        3.7364504033000507,
                        0.12101703255549814
                    ],
                    [
                        1.066467147802089,
                        -0.7641194075406369,
                        2.3491271018195778e-07,
                        -0.6476605720897306,
                        0.12101703255549813,
                        2.5511422134101194
                    ]
                ]
            },
            "est_tgt": [
                2
            ]
        },
        "3": {
            "intv_type": "do",
            "inode": 3,
            "new_mui": 0.8,
            "new_sigmai": 0.0,
            "true_params": {
                "Si": [
                    [
                        1.0,
                        -0.5960808194714453,
                        -0.6624355500105745,
                        0.0,
                        0.49378255313350405,
                        1.2591679663538966
                    ],
                    [
                        -0.5960808194714453,
                        1.3553123433417498,
                        0.39486512549732083,
                        0.0,
                        0.4870426334975953,
                        -0.8181316665551419
                    ],
                    [
                        -0.6624355500105745,
                        0.39486512549732083,
                        1.4388208579178123,
                        0.0,
                        -0.8827354315417075,
                        -1.2009464758283457
                    ],
                    [
                        0.0,
                        0.0,
                        0.0,
                        0.0,
                        0.0,
                        0.0
                    ],
                    [
                        0.49378255313350405,
                        0.4870426334975953,
                        -0.8827354315417075,
                        0.0,
                        2.1631028497571125,
                        1.4329802140038082
                    ],
                    [
                        1.2591679663538966,
                        -0.8181316665551419,
                        -1.2009464758283457,
                        0.0,
                        1.4329802140038082,
                        3.1604912193716523
                    ]
                ],
                "mui": [
                    0.0,
                    0.0,
                    0.0,
                    0.800000011920929,
                    0.6633611334147616,
                    -0.08386824616624806
                ],
                "Ai": [
                    [
                        0.0,
                        0.0,
                        0.0,
                        0.0,
                        0.0,
                        0.0
                    ],
                    [
                        -0.5960808194714453,
                        0.0,
                        0.0,
                        0.0,
                        0.0,
                        0.0
                    ],
                    [
                        -0.6624355500105745,
                        0.0,
                        0.0,
                        0.0,
                        0.0,
                        0.0
                    ],
                    [
                        0.0,
                        0.0,
                        0.0,
                        0.0,
                        0.0,
                        0.0
                    ],
                    [
                        0.591473113765158,
                        0.7813769424101169,
                        -0.5556363143710891,
                        0.8292014044123881,
                        0.0,
                        0.0
                    ],
                    [
                        0.5854046591563711,
                        -0.5834276960499571,
                        -0.0,
                        -0.6522707256093994,
                        0.6601959627066672,
                        0.0
                    ]
                ]
            },
            "est_params": {
                "mui": [
                    0.002098795316948475,
                    -0.014226201984768394,
                    -0.0001726431250223058,
                    0.8000017654874111,
                    0.6420769851411418,
                    -0.08083983934959364
                ],
                "Si": [
                    [
                        0.98896944685734,
                        -0.5826104864509469,
                        -0.6393346944833764,
                        4.4707618901723685e-07,
                        0.5034525978900701,
                        1.2604221759468692
                    ],
                    [
                        -0.5826104864509469,
                        1.343575732051672,
                        0.37580625378931776,
                        9.753650014121313e-07,
                        0.4781410039028265,
                        -0.798384722625976
                    ],
                    [
                        -0.6393346944833764,
                        0.3758062537893177,
                        1.4414723417250537,
                        -8.836090274242826e-07,
                        -0.9020610471863797,
                        -1.1802762601125734
                    ],
                    [
                        4.4707618901723685e-07,
                        9.753650014121315e-07,
                        -8.836090274242826e-07,
                        1.013821822009945e-06,
                        2.1122910316065233e-06,
                        6.528001410250415e-07
                    ],
                    [
                        0.5034525978900701,
                        0.47814100390282654,
                        -0.9020610471863797,
                        2.1122910316065233e-06,
                        2.195681343320573,
                        1.4748992122707045
                    ],
                    [
                        1.260422175946869,
                        -0.798384722625976,
                        -1.1802762601125734,
                        6.528001410250415e-07,
                        1.4748992122707045,
                        3.2021952397145808
                    ]
                ]
            },
            "est_tgt": [
                3
            ]
        },
        "4": {
            "intv_type": "do",
            "inode": 4,
            "new_mui": 0.8,
            "new_sigmai": 0.0,
            "true_params": {
                "Si": [
                    [
                        1.0,
                        -0.5960808194714453,
                        -0.6624355500105745,
                        -0.12036868962271446,
                        0.0,
                        1.0116876908410275
                    ],
                    [
                        -0.5960808194714453,
                        1.3553123433417498,
                        0.39486512549732083,
                        0.8298022442431569,
                        0.0,
                        -1.6809309588210692
                    ],
                    [
                        -0.6624355500105745,
                        0.39486512549732083,
                        1.4388208579178123,
                        -0.4206775123995649,
                        0.0,
                        -0.34377248152596146
                    ],
                    [
                        -0.12036868962271446,
                        0.8298022442431569,
                        -0.4206775123995649,
                        1.8395468172210085,
                        0.0,
                        -1.7544765405187615
                    ],
                    [
                        0.0,
                        0.0,
                        0.0,
                        0.0,
                        0.0,
                        0.0
                    ],
                    [
                        1.0116876908410275,
                        -1.6809309588210692,
                        -0.34377248152596146,
                        -1.7544765405187615,
                        0.0,
                        3.7173420505023507
                    ]
                ],
                "mui": [
                    0.0,
                    0.0,
                    0.0,
                    0.0,
                    0.800000011920929,
                    0.528156778035483
                ],
                "Ai": [
                    [
                        0.0,
                        0.0,
                        0.0,
                        0.0,
                        0.0,
                        0.0
                    ],
                    [
                        -0.5960808194714453,
                        0.0,
                        0.0,
                        0.0,
                        0.0,
                        0.0
                    ],
                    [
                        -0.6624355500105745,
                        0.0,
                        0.0,
                        0.0,
                        0.0,
                        0.0
                    ],
                    [
                        -0.0,
                        0.7580527770941452,
                        -0.5004140115138399,
                        0.0,
                        0.0,
                        0.0
                    ],
                    [
                        0.0,
                        0.0,
                        0.0,
                        0.0,
                        0.0,
                        0.0
                    ],
                    [
                        0.5854046591563711,
                        -0.5834276960499571,
                        -0.0,
                        -0.6522707256093994,
                        0.6601959627066672,
                        0.0
                    ]
                ]
            },
            "est_params": {
                "mui": [
                    -0.0025847333481133603,
                    -0.0009341230265220435,
                    -0.009007024184905838,
                    0.00887828776249769,
                    0.8000003583241986,
                    0.5171273025463974
                ],
                "Si": [
                    [
                        0.9906621691231922,
                        -0.5919346020694006,
                        -0.659705534507241,
                        -0.11681141173408835,
                        6.889648586882226e-07,
                        1.0122774591437393
                    ],
                    [
                        -0.5919346020694006,
                        1.3554295329476957,
                        0.408684936847566,
                        0.8253774021242976,
                        8.879637697609596e-08,
                        -1.6713490148992485
                    ],
                    [
                        -0.6597055345072411,
                        0.408684936847566,
                        1.446202991242355,
                        -0.4130168353935927,
                        -6.121438385017157e-07,
                        -0.3479988853624437
                    ],
                    [
                        -0.11681141173408835,
                        0.8253774021242976,
                        -0.4130168353935928,
                        1.8387610960946623,
                        -5.831985144494614e-07,
                        -1.7375100671024046
                    ],
                    [
                        6.889648586882226e-07,
                        8.879637697609596e-08,
                        -6.121438385017156e-07,
                        -5.831985144494613e-07,
                        1.0114313962489304e-06,
                        1.7652391094682317e-06
                    ],
                    [
                        1.0122774591437393,
                        -1.6713490148992485,
                        -0.3479988853624437,
                        -1.7375100671024044,
                        1.7652391094682317e-06,
                        3.6766996588915557
                    ]
                ]
            },
            "est_tgt": [
                4
            ]
        },
        "5": {
            "intv_type": "do",
            "inode": 5,
            "new_mui": 0.8,
            "new_sigmai": 0.0,
            "true_params": {
                "Si": [
                    [
                        1.0,
                        -0.5960808194714453,
                        -0.6624355500105745,
                        -0.12036868962271446,
                        0.3939726666510704,
                        0.0
                    ],
                    [
                        -0.5960808194714453,
                        1.3553123433417498,
                        0.39486512549732083,
                        0.8298022442431569,
                        1.1751158198085725,
                        0.0
                    ],
                    [
                        -0.6624355500105745,
                        0.39486512549732083,
                        1.4388208579178123,
                        -0.4206775123995649,
                        -1.2315618156281367,
                        0.0
                    ],
                    [
                        -0.12036868962271446,
                        0.8298022442431569,
                        -0.4206775123995649,
                        1.8395468172210085,
                        2.3362920036112835,
                        0.0
                    ],
                    [
                        0.3939726666510704,
                        1.1751158198085725,
                        -1.2315618156281367,
                        2.3362920036112835,
                        4.772789724809945,
                        0.0
                    ],
                    [
                        0.0,
                        0.0,
                        0.0,
                        0.0,
                        0.0,
                        0.0
                    ]
                ],
                "mui": [
                    0.0,
                    0.0,
                    0.0,
                    0.0,
                    0.0,
                    0.800000011920929
                ],
                "Ai": [
                    [
                        0.0,
                        0.0,
                        0.0,
                        0.0,
                        0.0,
                        0.0
                    ],
                    [
                        -0.5960808194714453,
                        0.0,
                        0.0,
                        0.0,
                        0.0,
                        0.0
                    ],
                    [
                        -0.6624355500105745,
                        0.0,
                        0.0,
                        0.0,
                        0.0,
                        0.0
                    ],
                    [
                        -0.0,
                        0.7580527770941452,
                        -0.5004140115138399,
                        0.0,
                        0.0,
                        0.0
                    ],
                    [
                        0.591473113765158,
                        0.7813769424101169,
                        -0.5556363143710891,
                        0.8292014044123881,
                        0.0,
                        0.0
                    ],
                    [
                        0.0,
                        0.0,
                        0.0,
                        0.0,
                        0.0,
                        0.0
                    ]
                ]
            },
            "est_params": {
                "mui": [
                    -0.0002924957309004083,
                    0.0042423878277493025,
                    0.002446535147977198,
                    -0.005834956479897086,
                    -0.0020702442686722786,
                    0.7999997187624486
                ],
                "Si": [
                    [
                        1.0083342473952164,
                        -0.6045154921673402,
                        -0.6625239786777182,
                        -0.11880203743111892,
                        0.3929748735419482,
                        -4.349792333731151e-07
                    ],
                    [
                        -0.6045154921673402,
                        1.3749909888982548,
                        0.3900942696089164,
                        0.8409111844410825,
                        1.1985017993879754,
                        6.763017313155972e-08
                    ],
                    [
                        -0.6625239786777182,
                        0.39009426960891636,
                        1.4148707654289117,
                        -0.4282814900147236,
                        -1.2277741983201103,
                        2.45946828453558e-08
                    ],
                    [
                        -0.11880203743111889,
                        0.8409111844410825,
                        -0.42828149001472365,
                        1.8650463532318156,
                        2.363459578616508,
                        -3.8965690713919574e-07
                    ],
                    [
                        0.39297487354194827,
                        1.1985017993879754,
                        -1.2277741983201103,
                        2.363459578616508,
                        4.78312315169871,
                        -3.3443755858852617e-07
                    ],
                    [
                        -4.34979233373115e-07,
                        6.763017313155979e-08,
                        2.459468284535579e-08,
                        -3.896569071391957e-07,
                        -3.3443755858852617e-07,
                        1.0121695090637823e-06
                    ]
                ]
            },
            "est_tgt": [
                5
            ]
        },
        "obs": {
            "intv_type": "obs",
            "true_params": {
                "Si": [
                    [
                        1.0,
                        -0.5960808194714453,
                        -0.6624355500105745,
                        -0.12036868962271446,
                        0.3939726666510704,
                        1.2717868547808437
                    ],
                    [
                        -0.5960808194714453,
                        1.3553123433417498,
                        0.39486512549732083,
                        0.8298022442431569,
                        1.1751158198085725,
                        -0.9051242388707142
                    ],
                    [
                        -0.6624355500105745,
                        0.39486512549732083,
                        1.4388208579178123,
                        -0.4206775123995649,
                        -1.2315618156281367,
                        -1.1568446200273501
                    ],
                    [
                        -0.12036868962271446,
                        0.8298022442431569,
                        -0.4206775123995649,
                        1.8395468172210085,
                        2.3362920036112835,
                        -0.21206599203072155
                    ],
                    [
                        0.3939726666510704,
                        1.1751158198085725,
                        -1.2315618156281367,
                        2.3362920036112835,
                        4.772789724809945,
                        1.172119946031446
                    ],
                    [
                        1.2717868547808437,
                        -0.9051242388707142,
                        -1.1568446200273501,
                        -0.21206599203072155,
                        1.172119946031446,
                        3.184737794242718
                    ]
                ],
                "mui": [
                    0.0,
                    0.0,
                    0.0,
                    0.0,
                    0.0,
                    0.0
                ],
                "Ai": [
                    [
                        0.0,
                        0.0,
                        0.0,
                        0.0,
                        0.0,
                        0.0
                    ],
                    [
                        -0.5960808194714453,
                        0.0,
                        0.0,
                        0.0,
                        0.0,
                        0.0
                    ],
                    [
                        -0.6624355500105745,
                        0.0,
                        0.0,
                        0.0,
                        0.0,
                        0.0
                    ],
                    [
                        -0.0,
                        0.7580527770941452,
                        -0.5004140115138399,
                        0.0,
                        0.0,
                        0.0
                    ],
                    [
                        0.591473113765158,
                        0.7813769424101169,
                        -0.5556363143710891,
                        0.8292014044123881,
                        0.0,
                        0.0
                    ],
                    [
