{
    "expt_args": {
        "save_dir": "all_expt_logs/expt_logs_30.04.24-noise-shift-low",
        "exp_name": "201",
        "num_nodes": 6,
        "obs_noise_mean": 0.0,
        "obs_noise_var": 1.0,
        "max_edge_strength": 1.0,
        "graph_sparsity_method": "adj_dense_prop",
        "adj_dense_prop": 0.8,
        "num_parents": null,
        "new_noise_mean": 0.2,
        "mix_samples": 2048,
        "stage2_samples": 2048,
        "gmm_tol": 0.001,
        "intv_type": "do",
        "new_noise_sigma": 0.0,
        "intv_targets": [
            0,
            1,
            2,
            3,
            4,
            5
        ]
    },
    "intv_args_dict": {
        "0": {
            "intv_type": "do",
            "inode": 0,
            "new_mui": 0.2,
            "new_sigmai": 0.0,
            "true_params": {
                "Si": [
                    [
                        0.0,
                        0.0,
                        0.0,
                        0.0,
                        0.0,
                        0.0
                    ],
                    [
                        0.0,
                        1.0,
                        0.0,
                        0.5967751319459653,
                        -0.2463881195261135,
                        -1.1125003831927103
                    ],
                    [
                        0.0,
                        0.0,
                        1.0,
                        0.7887595719399842,
                        1.0414263757078999,
                        0.7343364809328605
                    ],
                    [
                        0.0,
                        0.5967751319459653,
                        0.7887595719399842,
                        1.9782822204360715,
                        1.238552836673592,
                        -0.40760218661515984
                    ],
                    [
                        0.0,
                        -0.2463881195261135,
                        1.0414263757078999,
                        1.238552836673592,
                        2.463548125703155,
                        1.5410234280311808
                    ],
                    [
                        0.0,
                        -1.1125003831927103,
                        0.7343364809328605,
                        -0.40760218661515984,
                        1.5410234280311808,
                        3.3494789875168482
                    ]
                ],
                "mui": [
                    0.20000000298023224,
                    0.10400420931181366,
                    -0.14262662763510744,
                    -0.05043099202571749,
                    -0.1741605334526082,
                    -0.3552889248088432
                ],
                "Ai": [
                    [
                        0.0,
                        0.0,
                        0.0,
                        0.0,
                        0.0,
                        0.0
                    ],
                    [
                        0.5200210388101509,
                        0.0,
                        0.0,
                        0.0,
                        0.0,
                        0.0
                    ],
                    [
                        -0.7131331275490256,
                        -0.0,
                        0.0,
                        0.0,
                        0.0,
                        0.0
                    ],
                    [
                        -0.0,
                        0.5967751319459653,
                        0.7887595719399842,
                        0.0,
                        0.0,
                        0.0
                    ],
                    [
                        0.0,
                        -0.5830624606292243,
                        0.5964428384319022,
                        0.5641561169033343,
                        0.0,
                        0.0
                    ],
                    [
                        -0.6742413213075682,
                        -0.5207931553859358,
                        0.580868152151263,
                        -0.7089722375406615,
                        0.6843277489463113,
                        0.0
                    ]
                ]
            },
            "est_params": {
                "mui": [
                    0.1999987513425857,
                    0.08405499384299009,
                    -0.046724923900322866,
                    -0.07055160129611353,
                    -0.2515000945991889,
                    -0.2401278475568595
                ],
                "Si": [
                    [
                        1.002056205439502e-06,
                        3.145550267325676e-07,
                        -1.4286025262702724e-07,
                        -4.012975974143526e-07,
                        5.0878815905471556e-08,
                        1.750403442256579e-06
                    ],
                    [
                        3.145550267325676e-07,
                        0.8611891388680274,
                        -0.007186396743669663,
                        0.5170917551581031,
                        -0.1424057762456665,
                        -0.9274870837379919
                    ],
                    [
                        -1.4286025262702721e-07,
                        -0.0071863967436696765,
                        1.003673472553617,
                        0.7240466621714122,
                        1.0505805225162768,
                        0.8467506548306629
                    ],
                    [
                        -4.012975974143525e-07,
                        0.5170917551581031,
                        0.7240466621714122,
                        1.8497339992938264,
                        1.2291248667432948,
                        -0.2888379965696413
                    ],
                    [
                        5.0878815905471556e-08,
                        -0.1424057762456665,
                        1.0505805225162768,
                        1.2291248667432948,
                        2.4293799476951623,
                        1.579944300480674
                    ],
                    [
                        1.750403442256579e-06,
                        -0.9274870837379919,
                        0.8467506548306629,
                        -0.2888379965696413,
                        1.579944300480674,
                        3.4388183082611374
                    ]
                ]
            },
            "est_tgt": [
                0,
                5
            ]
        },
        "1": {
            "intv_type": "do",
            "inode": 1,
            "new_mui": 0.2,
            "new_sigmai": 0.0,
            "true_params": {
                "Si": [
                    [
                        1.0,
                        0.0,
                        -0.7131331275490256,
                        -0.5624905804217916,
                        -0.7426756484206212,
                        -1.1979209926285643
                    ],
                    [
                        0.0,
                        0.0,
                        0.0,
                        0.0,
                        0.0,
                        0.0
                    ],
                    [
                        -0.7131331275490256,
                        0.0,
                        1.5085588576078548,
                        1.1898902387730432,
                        1.571052983620598,
                        1.5886136249627019
                    ],
                    [
                        -0.5624905804217916,
                        0.0,
                        1.1898902387730432,
                        1.938537315390191,
                        1.8033391957589524,
                        0.9301296507976968
                    ],
                    [
                        -0.7426756484206212,
                        0.0,
                        1.571052983620598,
                        1.8033391957589524,
                        2.9544081390165307,
                        2.1565833006013415
                    ],
                    [
                        -1.1979209926285643,
                        0.0,
                        1.5886136249627019,
                        0.9301296507976968,
                        2.1565833006013415,
                        3.5468365894931257
                    ]
                ],
                "mui": [
                    0.0,
                    0.20000000298023224,
                    0.0,
                    0.11935502816772155,
                    -0.049277624639516515,
                    -0.22250007995405155
                ],
                "Ai": [
                    [
                        0.0,
                        0.0,
                        0.0,
                        0.0,
                        0.0,
                        0.0
                    ],
                    [
                        0.0,
                        0.0,
                        0.0,
                        0.0,
                        0.0,
                        0.0
                    ],
                    [
                        -0.7131331275490256,
                        -0.0,
                        0.0,
                        0.0,
                        0.0,
                        0.0
                    ],
                    [
                        -0.0,
                        0.5967751319459653,
                        0.7887595719399842,
                        0.0,
                        0.0,
                        0.0
                    ],
                    [
                        0.0,
                        -0.5830624606292243,
                        0.5964428384319022,
                        0.5641561169033343,
                        0.0,
                        0.0
                    ],
                    [
                        -0.6742413213075682,
                        -0.5207931553859358,
                        0.580868152151263,
                        -0.7089722375406615,
                        0.6843277489463113,
                        0.0
                    ]
                ]
            },
            "est_params": {
                "mui": [
                    0.05100420465779246,
                    0.19999706592640354,
                    -0.07286608333454143,
                    0.036074436959988763,
                    -0.08281296465306867,
                    -0.3318310547472374
                ],
                "Si": [
                    [
                        0.9055741109751634,
                        8.474209574604384e-06,
                        -0.7405853092277991,
                        -0.5757508869917483,
                        -0.7771610622616162,
                        -1.168187140520276
                    ],
                    [
                        8.474209574604384e-06,
                        1.0400959841000486e-06,
                        -5.029000824363849e-06,
                        -7.134858120522008e-07,
                        9.269620153674884e-06,
                        -1.2198334992000067e-06
                    ],
                    [
                        -0.7405853092277991,
                        -5.029000824363849e-06,
                        1.6032997277762728,
                        1.2171671592054152,
                        1.5842607409938736,
                        1.682329296342809
                    ],
                    [
                        -0.5757508869917483,
                        -7.134858120521991e-07,
                        1.2171671592054152,
                        1.9235056399890025,
                        1.770637633203016,
                        0.9543789596861062
                    ],
                    [
                        -0.7771610622616162,
                        9.269620153674884e-06,
                        1.5842607409938736,
                        1.770637633203016,
                        2.874357498336271,
                        2.155864093111239
                    ],
                    [
                        -1.168187140520276,
                        -1.2198334992000057e-06,
                        1.682329296342809,
                        0.9543789596861062,
                        2.155864093111239,
                        3.502456739641447
                    ]
                ]
            },
            "est_tgt": [
                1,
                5
            ]
        },
        "2": {
            "intv_type": "do",
            "inode": 2,
            "new_mui": 0.2,
            "new_sigmai": 0.0,
            "true_params": {
                "Si": [
                    [
                        1.0,
                        0.5200210388101509,
                        0.0,
                        0.3103356240506058,
                        -0.1281270058664492,
                        -1.2527649262521323
                    ],
                    [
                        0.5200210388101509,
                        1.2704218808051886,
                        0.0,
                        0.7581561855445578,
                        -0.3130168582164187,
                        -1.7639645015272662
                    ],
                    [
                        0.0,
                        0.0,
                        0.0,
                        0.0,
                        0.0,
                        0.0
                    ],
                    [
                        0.3103356240506058,
                        0.7581561855445578,
                        0.0,
                        1.4524487576640033,
                        0.3773554400399195,
                        -1.375594700152844
                    ],
                    [
                        -0.1281270058664492,
                        -0.3130168582164187,
                        0.0,
                        0.3773554400399195,
                        1.395395759315364,
                        0.9367790671983673
                    ],
                    [
                        -1.2527649262521323,
                        -1.7639645015272662,
                        0.0,
                        -1.375594700152844,
                        0.9367790671983673,
                        4.379648880735502
                    ]
                ],
                "mui": [
                    0.0,
                    0.0,
                    0.20000000298023224,
                    0.15775191673868355,
                    0.20828527824527243,
                    0.14686729837506535
                ],
                "Ai": [
                    [
                        0.0,
                        0.0,
                        0.0,
                        0.0,
                        0.0,
                        0.0
                    ],
                    [
                        0.5200210388101509,
                        0.0,
                        0.0,
                        0.0,
                        0.0,
                        0.0
                    ],
                    [
                        0.0,
                        0.0,
                        0.0,
                        0.0,
                        0.0,
                        0.0
                    ],
                    [
                        -0.0,
                        0.5967751319459653,
                        0.7887595719399842,
                        0.0,
                        0.0,
                        0.0
                    ],
                    [
                        0.0,
                        -0.5830624606292243,
                        0.5964428384319022,
                        0.5641561169033343,
                        0.0,
                        0.0
                    ],
                    [
                        -0.6742413213075682,
                        -0.5207931553859358,
                        0.580868152151263,
                        -0.7089722375406615,
                        0.6843277489463113,
                        0.0
                    ]
                ]
            },
            "est_params": {
                "mui": [
                    0.10734225033978198,
                    -0.08080414177813489,
                    0.20000010585614258,
                    0.08852489438384245,
                    0.2801749297432275,
                    0.24710578129663852
                ],
                "Si": [
                    [
                        0.8743382322348229,
                        0.4459925847328079,
                        1.2446848252489552e-07,
                        0.19091832383681562,
                        -0.05956234873988283,
                        -1.0565188526762739
                    ],
                    [
                        0.4459925847328079,
                        1.2206348307203008,
                        1.1113512549036857e-06,
                        0.7542332791228614,
                        -0.294600714382286,
                        -1.6005931546823573
                    ],
                    [
                        1.244684825248955e-07,
                        1.111351254903686e-06,
                        1.002313713060945e-06,
                        -3.9177258317281994e-07,
                        -1.0596319752744982e-06,
                        2.6046228899540576e-06
                    ],
                    [
                        0.1909183238368156,
                        0.7542332791228614,
                        -3.9177258317282e-07,
                        1.3907180799323096,
                        0.27333122904933344,
                        -1.2606994924388308
                    ],
                    [
                        -0.05956234873988283,
                        -0.294600714382286,
                        -1.0596319752744982e-06,
                        0.27333122904933344,
                        1.2018417230964669,
                        0.7576721275726447
                    ],
                    [
                        -1.0565188526762739,
                        -1.6005931546823573,
                        2.604622889954057e-06,
                        -1.2606994924388308,
                        0.7576721275726446,
                        3.944009047701378
                    ]
                ]
            },
            "est_tgt": [
                2,
                3,
                4,
                5
            ]
        },
        "3": {
            "intv_type": "do",
            "inode": 3,
            "new_mui": 0.2,
            "new_sigmai": 0.0,
            "true_params": {
                "Si": [
                    [
                        1.0,
                        0.5200210388101509,
                        -0.7131331275490256,
                        0.0,
                        -0.7285478932427725,
                        -1.8578665807962365
                    ],
                    [
                        0.5200210388101509,
                        1.2704218808051886,
                        -0.37084422979797615,
                        0.0,
                        -0.9619226928962779,
                        -1.8859286858797524
                    ],
                    [
                        -0.7131331275490256,
                        -0.37084422979797615,
                        1.5085588576078548,
                        0.0,
                        1.115994476109374,
                        2.3139367424825497
                    ],
                    [
                        0.0,
                        0.0,
                        0.0,
                        0.0,
                        0.0,
                        0.0
                    ],
                    [
                        -0.7285478932427725,
                        -0.9619226928962779,
                        1.115994476109374,
                        0.0,
                        2.226487925260192,
                        3.1640729677447603
                    ],
                    [
                        -1.8578665807962365,
                        -1.8859286858797524,
                        2.3139367424825497,
                        0.0,
                        3.1640729677447603,
                        6.744184260720794
                    ]
                ],
                "mui": [
                    0.0,
                    0.0,
                    0.0,
                    0.20000000298023224,
                    0.11283122506198312,
                    -0.0645809113635127
                ],
                "Ai": [
                    [
                        0.0,
                        0.0,
                        0.0,
                        0.0,
                        0.0,
                        0.0
                    ],
                    [
                        0.5200210388101509,
                        0.0,
                        0.0,
                        0.0,
                        0.0,
                        0.0
                    ],
                    [
                        -0.7131331275490256,
                        -0.0,
                        0.0,
                        0.0,
                        0.0,
                        0.0
                    ],
                    [
                        0.0,
                        0.0,
                        0.0,
                        0.0,
                        0.0,
                        0.0
                    ],
                    [
                        0.0,
                        -0.5830624606292243,
                        0.5964428384319022,
                        0.5641561169033343,
                        0.0,
                        0.0
                    ],
                    [
                        -0.6742413213075682,
                        -0.5207931553859358,
                        0.580868152151263,
                        -0.7089722375406615,
                        0.6843277489463113,
                        0.0
                    ]
                ]
            },
            "est_params": {
                "mui": [
                    0.10948688417422445,
                    0.11604737687766271,
                    -0.08910170683403494,
                    0.19999492346519843,
                    0.09017388303424444,
                    -0.3223332704840779
                ],
                "Si": [
                    [
                        0.9585426314987645,
                        0.4717105322293934,
                        -0.5580071391043663,
                        4.6955554055270666e-06,
                        -0.5028349304102018,
                        -1.5799752396858147
                    ],
                    [
                        0.4717105322293934,
                        1.2245989700235487,
                        -0.24988450273865778,
                        -2.0816522873264284e-06,
                        -0.7211141301684387,
                        -1.546244637764233
                    ],
                    [
                        -0.5580071391043663,
                        -0.24988450273865773,
                        1.395321017079732,
                        -2.526427748646748e-06,
                        0.9366288235903321,
                        2.0052417441675123
                    ],
                    [
                        4.695555405527066e-06,
                        -2.0816522873264284e-06,
                        -2.5264277486467477e-06,
                        1.007241648742575e-06,
                        4.126876511075501e-06,
                        5.647553102267101e-06
                    ],
                    [
                        -0.5028349304102018,
                        -0.7211141301684387,
                        0.9366288235903321,
                        4.126876511075501e-06,
                        1.8350351021442215,
                        2.5223382165575154
                    ],
                    [
                        -1.5799752396858147,
                        -1.546244637764233,
                        2.0052417441675123,
                        5.647553102267101e-06,
                        2.5223382165575154,
                        5.70699831331651
                    ]
                ]
            },
            "est_tgt": [
                3
            ]
        },
        "4": {
            "intv_type": "do",
            "inode": 4,
            "new_mui": 0.2,
            "new_sigmai": 0.0,
            "true_params": {
                "Si": [
                    [
                        1.0,
                        0.5200210388101509,
                        -0.7131331275490256,
                        -0.2521549563711858,
                        0.0,
                        -1.180530177388385
                    ],
                    [
                        0.5200210388101509,
                        1.2704218808051886,
                        -0.37084422979797615,
                        0.465649249592693,
                        0.0,
                        -1.55779068518253
                    ],
                    [
                        -0.7131331275490256,
                        -0.37084422979797615,
                        1.5085588576078548,
                        0.9685796246039561,
                        0.0,
                        0.8635346911183429
                    ],
                    [
                        -0.2521549563711858,
                        0.465649249592693,
                        0.9685796246039561,
                        2.0418643424586262,
                        0.0,
                        -0.957501725912831
                    ],
                    [
                        0.0,
                        0.0,
                        0.0,
                        0.0,
                        0.0,
                        0.0
                    ],
                    [
                        -1.180530177388385,
                        -1.55779068518253,
                        0.8635346911183429,
                        -0.957501725912831,
                        0.0,
                        3.78769089443072
                    ]
                ],
                "mui": [
                    0.0,
                    0.0,
                    0.0,
                    0.0,
                    0.20000000298023224,
                    0.13686555182871787
                ],
                "Ai": [
                    [
                        0.0,
                        0.0,
                        0.0,
                        0.0,
                        0.0,
                        0.0
                    ],
                    [
                        0.5200210388101509,
                        0.0,
                        0.0,
                        0.0,
                        0.0,
                        0.0
                    ],
                    [
                        -0.7131331275490256,
                        -0.0,
                        0.0,
                        0.0,
                        0.0,
                        0.0
                    ],
                    [
                        -0.0,
                        0.5967751319459653,
                        0.7887595719399842,
                        0.0,
                        0.0,
                        0.0
                    ],
                    [
                        0.0,
                        0.0,
                        0.0,
                        0.0,
                        0.0,
                        0.0
                    ],
                    [
                        -0.6742413213075682,
                        -0.5207931553859358,
                        0.580868152151263,
                        -0.7089722375406615,
                        0.6843277489463113,
                        0.0
                    ]
                ]
            },
            "est_params": {
                "mui": [
                    0.026374257951215587,
                    0.02556172911129234,
                    -0.028262603881651485,
                    -0.07657803804611178,
                    0.2000002736849037,
                    0.09755028973248929
                ],
                "Si": [
                    [
                        1.0187093520989687,
                        0.5653844123079548,
                        -0.6939134864315705,
                        -0.29717983383091434,
                        1.1874408767953223e-06,
                        -1.1648792152987641
                    ],
                    [
                        0.5653844123079548,
                        1.253649497921443,
                        -0.3675600236935934,
                        0.4757802518421895,
                        1.899467942592948e-06,
                        -1.605958928699616
                    ],
                    [
                        -0.6939134864315705,
                        -0.3675600236935934,
                        1.3668140783172567,
                        0.9145721874363659,
                        6.826787985957463e-07,
                        0.7281088157650103
                    ],
                    [
                        -0.29717983383091434,
                        0.4757802518421895,
                        0.9145721874363659,
                        2.0866595083185024,
                        1.4131514840455675e-06,
                        -1.0354579920090554
                    ],
                    [
                        1.1874408767953223e-06,
                        1.899467942592948e-06,
                        6.826787985957463e-07,
                        1.4131514840455675e-06,
                        1.0027691001075815e-06,
                        -3.2531631385008437e-06
                    ],
                    [
                        -1.1648792152987641,
                        -1.605958928699616,
                        0.7281088157650102,
                        -1.0354579920090556,
                        -3.2531631385008437e-06,
                        3.826315412154663
                    ]
                ]
            },
            "est_tgt": [
                0,
                1,
                4,
                5
            ]
        },
        "5": {
            "intv_type": "do",
            "inode": 5,
            "new_mui": 0.2,
            "new_sigmai": 0.0,
            "true_params": {
                "Si": [
                    [
                        1.0,
                        0.5200210388101509,
                        -0.7131331275490256,
                        -0.2521549563711858,
                        -0.8708026542870704,
                        0.0
                    ],
                    [
                        0.5200210388101509,
                        1.2704218808051886,
                        -0.37084422979797615,
                        0.465649249592693,
                        -0.6992238204071126,
                        0.0
                    ],
                    [
                        -0.7131331275490256,
                        -0.37084422979797615,
                        1.5085588576078548,
                        0.9685796246039561,
                        1.6624245960376314,
                        0.0
                    ],
                    [
                        -0.2521549563711858,
                        0.465649249592693,
                        0.9685796246039561,
                        2.0418643424586262,
                        1.458130041973261,
                        0.0
                    ],
                    [
                        -0.8708026542870704,
                        -0.6992238204071126,
                        1.6624245960376314,
                        1.458130041973261,
                        3.221845388416562,
                        0.0
                    ],
                    [
                        0.0,
                        0.0,
                        0.0,
                        0.0,
                        0.0,
                        0.0
                    ]
                ],
                "mui": [
                    0.0,
                    0.0,
                    0.0,
                    0.0,
                    0.0,
                    0.20000000298023224
                ],
                "Ai": [
                    [
                        0.0,
                        0.0,
                        0.0,
                        0.0,
                        0.0,
                        0.0
                    ],
                    [
                        0.5200210388101509,
                        0.0,
                        0.0,
                        0.0,
                        0.0,
                        0.0
                    ],
                    [
                        -0.7131331275490256,
                        -0.0,
                        0.0,
                        0.0,
                        0.0,
                        0.0
                    ],
                    [
                        -0.0,
                        0.5967751319459653,
                        0.7887595719399842,
                        0.0,
                        0.0,
                        0.0
                    ],
                    [
                        0.0,
                        -0.5830624606292243,
                        0.5964428384319022,
                        0.5641561169033343,
                        0.0,
                        0.0
                    ],
                    [
                        0.0,
                        0.0,
                        0.0,
                        0.0,
                        0.0,
                        0.0
                    ]
                ]
            },
            "est_params": {
                "mui": [
                    -0.09868194296349259,
                    -0.09428631747968638,
                    0.12332682505093634,
                    0.033360919735664296,
                    0.1066611331099708,
                    0.19999740236880428
                ],
                "Si": [
                    [
                        1.0509599351380436,
                        0.641601674864575,
                        -0.7889243689192076,
                        -0.18582168336368438,
                        -1.0189398019958662,
                        -7.214514731861407e-07
                    ],
                    [
                        0.641601674864575,
                        1.3635439067762731,
                        -0.4412274909698758,
                        0.4462383352305783,
                        -0.8087919582796226,
                        2.8757090343744966e-07
                    ],
                    [
                        -0.7889243689192075,
                        -0.4412274909698758,
                        1.4400488081955976,
                        0.8164797826904262,
                        1.6172331609940884,
                        6.524118488617325e-06
                    ],
                    [
                        -0.18582168336368438,
                        0.4462383352305783,
                        0.8164797826904262,
                        1.7352822028410566,
                        1.2134020292866872,
                        2.8269207239227504e-06
                    ],
                    [
                        -1.0189398019958662,
                        -0.8087919582796226,
                        1.6172331609940884,
                        1.2134020292866874,
                        3.109576749001046,
                        3.6940745305767143e-06
                    ],
                    [
                        -7.214514731861406e-07,
                        2.8757090343744966e-07,
                        6.524118488617325e-06,
                        2.82692072392275e-06,
                        3.6940745305767143e-06,
                        1.0049630846379717e-06
                    ]
                ]
            },
            "est_tgt": [
                0,
                1,
                2,
                4,
                5
            ]
        },
        "obs": {
            "intv_type": "obs",
            "true_params": {
                "Si": [
                    [
                        1.0,
                        0.5200210388101509,
                        -0.7131331275490256,
                        -0.2521549563711858,
                        -0.8708026542870704,
                        -1.776444597573129
                    ],
                    [
                        0.5200210388101509,
                        1.2704218808051886,
                        -0.37084422979797615,
                        0.465649249592693,
                        -0.6992238204071126,
                        -2.0362889482113693
                    ],
                    [
                        -0.7131331275490256,
                        -0.37084422979797615,
                        1.5085588576078548,
                        0.9685796246039561,
                        1.6624245960376314,
                        2.0011779727177563
                    ],
                    [
                        -0.2521549563711858,
                        0.465649249592693,
                        0.9685796246039561,
                        2.0418643424586262,
                        1.458130041973261,
                        0.040337123381721185
                    ],
                    [
                        -0.8708026542870704,
                        -0.6992238204071126,
                        1.6624245960376314,
                        1.458130041973261,
                        3.221845388416562,
                        3.087956098791788
                    ],
                    [
                        -1.776444597573129,
                        -2.0362889482113693,
                        2.0011779727177563,
                        0.040337123381721185,
                        3.087956098791788,
                        6.505234395763604
                    ]
                ],
                "mui": [
                    0.0,
                    0.0,
                    0.0,
                    0.0,
                    0.0,
                    0.0
                ],
                "Ai": [
                    [
                        0.0,
                        0.0,
                        0.0,
                        0.0,
                        0.0,
                        0.0
                    ],
                    [
                        0.5200210388101509,
                        0.0,
                        0.0,
                        0.0,
                        0.0,
                        0.0
                    ],
                    [
                        -0.7131331275490256,
                        -0.0,
                        0.0,
                        0.0,
                        0.0,
                        0.0
                    ],
                    [
                        -0.0,
                        0.5967751319459653,
                        0.7887595719399842,
                        0.0,
                        0.0,
                        0.0
                    ],
                    [
                        0.0,
                        -0.5830624606292243,
