{
    "expt_args": {
        "save_dir": "all_expt_logs/expt_logs_30.04.24-noise-shift-low",
        "exp_name": "122",
        "num_nodes": 6,
        "obs_noise_mean": 0.0,
        "obs_noise_var": 1.0,
        "max_edge_strength": 1.0,
        "graph_sparsity_method": "adj_dense_prop",
        "adj_dense_prop": 0.8,
        "num_parents": null,
        "new_noise_mean": 1.0,
        "mix_samples": 4096,
        "stage2_samples": 4096,
        "gmm_tol": 0.001,
        "intv_type": "do",
        "new_noise_sigma": 0.0,
        "intv_targets": [
            0,
            1,
            2,
            3,
            4,
            5
        ]
    },
    "intv_args_dict": {
        "0": {
            "intv_type": "do",
            "inode": 0,
            "new_mui": 1.0,
            "new_sigmai": 0.0,
            "true_params": {
                "Si": [
                    [
                        0.0,
                        0.0,
                        0.0,
                        0.0,
                        0.0,
                        0.0
                    ],
                    [
                        0.0,
                        1.0,
                        0.0,
                        0.0,
                        0.0,
                        -0.5740418284232991
                    ],
                    [
                        0.0,
                        0.0,
                        1.0,
                        0.0,
                        -0.7374015126792359,
                        0.5087964448621812
                    ],
                    [
                        0.0,
                        0.0,
                        0.0,
                        1.0,
                        0.9556905328880123,
                        0.18643612468296566
                    ],
                    [
                        0.0,
                        0.0,
                        -0.7374015126792359,
                        0.9556905328880123,
                        2.4571053855533984,
                        -0.8869976554483966
                    ],
                    [
                        0.0,
                        -0.5740418284232991,
                        0.5087964448621812,
                        0.18643612468296566,
                        -0.8869976554483966,
                        2.0992364367358363
                    ]
                ],
                "mui": [
                    1.0,
                    0.9001813401074125,
                    0.8952064382092615,
                    -0.6052282085046212,
                    -2.013001510400843,
                    -0.47882356359194445
                ],
                "Ai": [
                    [
                        0.0,
                        0.0,
                        0.0,
                        0.0,
                        0.0,
                        0.0
                    ],
                    [
                        0.9001813401074125,
                        0.0,
                        0.0,
                        0.0,
                        0.0,
                        0.0
                    ],
                    [
                        0.8952064382092615,
                        0.0,
                        0.0,
                        0.0,
                        0.0,
                        0.0
                    ],
                    [
                        -0.6052282085046212,
                        0.0,
                        -0.0,
                        0.0,
                        0.0,
                        0.0
                    ],
                    [
                        -0.7744640596005044,
                        -0.0,
                        -0.7374015126792359,
                        0.9556905328880123,
                        0.0,
                        0.0
                    ],
                    [
                        -0.839092342167428,
                        -0.5740418284232991,
                        0.0,
                        0.8458488559576031,
                        -0.6899856267090461,
                        0.0
                    ]
                ]
            },
            "est_params": {
                "mui": [
                    0.9999970350610357,
                    0.8830420600129614,
                    0.9224137445562813,
                    -0.5501882222208953,
                    -1.95236809412444,
                    -0.36933512707745886
                ],
                "Si": [
                    [
                        1.0184576568210377e-06,
                        8.28422821283698e-07,
                        1.8728547169508141e-06,
                        8.250347371391145e-06,
                        3.1894428939718335e-06,
                        1.0718879505091244e-06
                    ],
                    [
                        8.28422821283698e-07,
                        0.9956149881542613,
                        -0.02209751395591775,
                        -0.007823778056368734,
                        0.007946414211860849,
                        -0.5976627601461625
                    ],
                    [
                        1.8728547169508141e-06,
                        -0.022097513955917757,
                        0.9934564866379719,
                        0.08405851292613484,
                        -0.7131087849496525,
                        0.5481915406294039
                    ],
                    [
                        8.250347371391145e-06,
                        -0.007823778056368729,
                        0.08405851292613482,
                        1.1244292526698827,
                        1.0314223298873553,
                        0.32004725900353
                    ],
                    [
                        3.1894428939718335e-06,
                        0.007946414211860852,
                        -0.7131087849496525,
                        1.0314223298873553,
                        2.60182793368305,
                        -0.8172561683422226
                    ],
                    [
                        1.0718879505091244e-06,
                        -0.5976627601461625,
                        0.5481915406294039,
                        0.32004725900353,
                        -0.8172561683422226,
                        2.1792551091250822
                    ]
                ]
            },
            "est_tgt": [
                0,
                2
            ]
        },
        "1": {
            "intv_type": "do",
            "inode": 1,
            "new_mui": 1.0,
            "new_sigmai": 0.0,
            "true_params": {
                "Si": [
                    [
                        1.0,
                        0.0,
                        0.8952064382092615,
                        -0.6052282085046212,
                        -2.013001510400843,
                        0.037918178795850244
                    ],
                    [
                        0.0,
                        0.0,
                        0.0,
                        0.0,
                        0.0,
                        0.0
                    ],
                    [
                        0.8952064382092615,
                        0.0,
                        1.8013945670113123,
                        -0.5418041888391942,
                        -2.5394534249150382,
                        0.5427410426453962
                    ],
                    [
                        -0.6052282085046212,
                        0.0,
                        -0.5418041888391942,
                        1.3663011843697133,
                        2.1740158307450113,
                        0.1634869732605953
                    ],
                    [
                        -2.013001510400843,
                        0.0,
                        -2.5394534249150382,
                        2.1740158307450113,
                        6.509280466429473,
                        -0.9633270066360924
                    ],
                    [
                        0.037918178795850244,
                        0.0,
                        0.5427410426453962,
                        0.1634869732605953,
                        -0.9633270066360924,
                        1.7711502042394662
                    ]
                ],
                "mui": [
                    0.0,
                    1.0,
                    0.0,
                    0.0,
                    0.0,
                    -0.5740418284232991
                ],
                "Ai": [
                    [
                        0.0,
                        0.0,
                        0.0,
                        0.0,
                        0.0,
                        0.0
                    ],
                    [
                        0.0,
                        0.0,
                        0.0,
                        0.0,
                        0.0,
                        0.0
                    ],
                    [
                        0.8952064382092615,
                        0.0,
                        0.0,
                        0.0,
                        0.0,
                        0.0
                    ],
                    [
                        -0.6052282085046212,
                        0.0,
                        -0.0,
                        0.0,
                        0.0,
                        0.0
                    ],
                    [
                        -0.7744640596005044,
                        -0.0,
                        -0.7374015126792359,
                        0.9556905328880123,
                        0.0,
                        0.0
                    ],
                    [
                        -0.839092342167428,
                        -0.5740418284232991,
                        0.0,
                        0.8458488559576031,
                        -0.6899856267090461,
                        0.0
                    ]
                ]
            },
            "est_params": {
                "mui": [
                    0.09685790743088077,
                    0.9999993591223142,
                    0.05781349898979339,
                    -0.06189943801630644,
                    -0.23295503154733502,
                    -0.5874883764205967
                ],
                "Si": [
                    [
                        0.927761742544248,
                        -6.045898484812149e-07,
                        0.9354753487072062,
                        -0.5182520259497423,
                        -1.9644649187656522,
                        0.1423283825052389
                    ],
                    [
                        -6.045898484812149e-07,
                        1.0030935812689305e-06,
                        1.380195842722611e-07,
                        -6.494791530886964e-07,
                        4.69494379616019e-07,
                        4.0852238621165906e-07
                    ],
                    [
                        0.9354753487072062,
                        1.380195842722612e-07,
                        2.0032068779795855,
                        -0.5337030139851373,
                        -2.80891207761811,
                        0.7092366548704812
                    ],
                    [
                        -0.5182520259497422,
                        -6.494791530886964e-07,
                        -0.5337030139851373,
                        1.296287757141154,
                        2.077641012551973,
                        0.06841036305192903
                    ],
                    [
                        -1.9644649187656522,
                        4.69494379616019e-07,
                        -2.8089120776181105,
                        2.077641012551973,
                        6.763733041058506,
                        -1.3024716634891054
                    ],
                    [
                        0.14232838250523894,
                        4.0852238621165906e-07,
                        0.7092366548704812,
                        0.06841036305192902,
                        -1.3024716634891054,
                        1.92991774981877
                    ]
                ]
            },
            "est_tgt": [
                1
            ]
        },
        "2": {
            "intv_type": "do",
            "inode": 2,
            "new_mui": 1.0,
            "new_sigmai": 0.0,
            "true_params": {
                "Si": [
                    [
                        1.0,
                        0.9001813401074125,
                        0.0,
                        -0.6052282085046212,
                        -1.352874928705143,
                        -0.9343014167705522
                    ],
                    [
                        0.9001813401074125,
                        1.810326445077577,
                        0.0,
                        -0.5448151398024984,
                        -1.2178327663195156,
                        -1.4150825298360687
                    ],
                    [
                        0.0,
                        0.0,
                        0.0,
                        0.0,
                        0.0,
                        0.0
                    ],
                    [
                        -0.6052282085046212,
                        -0.5448151398024984,
                        0.0,
                        1.3663011843697133,
                        1.7744886023190432,
                        0.7519016973583365
                    ],
                    [
                        -1.352874928705143,
                        -1.2178327663195156,
                        0.0,
                        1.7744886023190432,
                        3.743614967370718,
                        0.752182575241368
                    ],
                    [
                        -0.9343014167705522,
                        -1.4150825298360687,
                        0.0,
                        0.7519016973583365,
                        0.752182575241368,
                        2.7132817518109027
                    ]
                ],
                "mui": [
                    0.0,
                    0.0,
                    1.0,
                    0.0,
                    -0.7374015126792359,
                    0.5087964448621812
                ],
                "Ai": [
                    [
                        0.0,
                        0.0,
                        0.0,
                        0.0,
                        0.0,
                        0.0
                    ],
                    [
                        0.9001813401074125,
                        0.0,
                        0.0,
                        0.0,
                        0.0,
                        0.0
                    ],
                    [
                        0.0,
                        0.0,
                        0.0,
                        0.0,
                        0.0,
                        0.0
                    ],
                    [
                        -0.6052282085046212,
                        0.0,
                        -0.0,
                        0.0,
                        0.0,
                        0.0
                    ],
                    [
                        -0.7744640596005044,
                        -0.0,
                        -0.7374015126792359,
                        0.9556905328880123,
                        0.0,
                        0.0
                    ],
                    [
                        -0.839092342167428,
                        -0.5740418284232991,
                        0.0,
                        0.8458488559576031,
                        -0.6899856267090461,
                        0.0
                    ]
                ]
            },
            "est_params": {
                "mui": [
                    0.0058272727262330855,
                    0.007007686459391497,
                    0.9999995796008777,
                    0.022193020324055755,
                    -0.6913566525334736,
                    0.4537905282263562
                ],
                "Si": [
                    [
                        0.8053508279077318,
                        0.673261209800862,
                        -3.828195982170256e-07,
                        -0.5004498149177379,
                        -1.129355506409463,
                        -0.7039803928644802
                    ],
                    [
                        0.673261209800862,
                        1.479102730413378,
                        1.9534929970006838e-08,
                        -0.4365812041516813,
                        -0.9539756175272699,
                        -1.1285255923616917
                    ],
                    [
                        -3.828195982170256e-07,
                        1.9534929970006818e-08,
                        1.00105839924643e-06,
                        9.983088975862387e-07,
                        1.2746871506650852e-06,
                        4.010938486338895e-07
                    ],
                    [
                        -0.5004498149177379,
                        -0.43658120415168133,
                        9.98308897586239e-07,
                        1.3073518505592854,
                        1.6693721005761244,
                        0.5850816968441859
                    ],
                    [
                        -1.129355506409463,
                        -0.9539756175272699,
                        1.2746871506650852e-06,
                        1.6693721005761244,
                        3.455178122322734,
                        0.44046508528547695
                    ],
                    [
                        -0.7039803928644802,
                        -1.1285255923616917,
                        4.0109384863388953e-07,
                        0.585081696844186,
                        0.44046508528547695,
                        2.361396495852444
                    ]
                ]
            },
            "est_tgt": [
                0,
                2,
                4
            ]
        },
        "3": {
            "intv_type": "do",
            "inode": 3,
            "new_mui": 1.0,
            "new_sigmai": 0.0,
            "true_params": {
                "Si": [
                    [
                        1.0,
                        0.9001813401074125,
                        0.8952064382092615,
                        0.0,
                        -1.4345906412962046,
                        -0.36598716184952873
                    ],
                    [
                        0.9001813401074125,
                        1.810326445077577,
                        0.8058481312199965,
                        0.0,
                        -1.2913917259875698,
                        -0.9034966422391164
                    ],
                    [
                        0.8952064382092615,
                        0.8058481312199965,
                        1.8013945670113123,
                        0.0,
                        -2.021656290962351,
                        0.18116238127254808
                    ],
                    [
                        0.0,
                        0.0,
                        0.0,
                        0.0,
                        0.0,
                        0.0
                    ],
                    [
                        -1.4345906412962046,
                        -1.2913917259875698,
                        -2.021656290962351,
                        0.0,
                        3.601811298996281,
                        -0.5401311375723428
                    ],
                    [
                        -0.36598716184952873,
                        -0.9034966422391164,
                        0.18116238127254808,
                        0.0,
                        -0.5401311375723428,
                        2.1984246107877072
                    ]
                ],
                "mui": [
                    0.0,
                    0.0,
                    0.0,
                    1.0,
                    0.9556905328880123,
                    0.18643612468296566
                ],
                "Ai": [
                    [
                        0.0,
                        0.0,
                        0.0,
                        0.0,
                        0.0,
                        0.0
                    ],
                    [
                        0.9001813401074125,
                        0.0,
                        0.0,
                        0.0,
                        0.0,
                        0.0
                    ],
                    [
                        0.8952064382092615,
                        0.0,
                        0.0,
                        0.0,
                        0.0,
                        0.0
                    ],
                    [
                        0.0,
                        0.0,
                        0.0,
                        0.0,
                        0.0,
                        0.0
                    ],
                    [
                        -0.7744640596005044,
                        -0.0,
                        -0.7374015126792359,
                        0.9556905328880123,
                        0.0,
                        0.0
                    ],
                    [
                        -0.839092342167428,
                        -0.5740418284232991,
                        0.0,
                        0.8458488559576031,
                        -0.6899856267090461,
                        0.0
                    ]
                ]
            },
            "est_params": {
                "mui": [
                    0.04039545707983502,
                    0.08960434994310572,
                    0.008503991958721648,
                    1.0000031055719665,
                    0.8936174364383763,
                    0.073998484705988
                ],
                "Si": [
                    [
                        0.9179560999837022,
                        0.841327027376498,
                        0.8708796862746613,
                        2.026782021453462e-07,
                        -1.3946672832565272,
                        -0.25463856640253946
                    ],
                    [
                        0.841327027376498,
                        1.775519720896094,
                        0.8036550874263539,
                        9.167477717106574e-06,
                        -1.2353690456701831,
                        -0.9368821090457125
                    ],
                    [
                        0.8708796862746613,
                        0.8036550874263539,
                        1.8531851120407083,
                        -5.652893258790263e-06,
                        -2.05520359446296,
                        0.28161257883859675
                    ],
                    [
                        2.0267820214534617e-07,
                        9.167477717106574e-06,
                        -5.6528932587902635e-06,
                        1.0079380018654487e-06,
                        5.69919423387657e-06,
                        -6.645425872593786e-06
                    ],
                    [
                        -1.3946672832565272,
                        -1.2353690456701831,
                        -2.05520359446296,
                        5.69919423387657e-06,
                        3.582729923418717,
                        -0.6521917610325336
                    ],
                    [
                        -0.25463856640253946,
                        -0.9368821090457125,
                        0.2816125788385968,
                        -6.645425872593786e-06,
                        -0.6521917610325336,
                        2.2483687614669106
                    ]
                ]
            },
            "est_tgt": [
                3
            ]
        },
        "4": {
            "intv_type": "do",
            "inode": 4,
            "new_mui": 1.0,
            "new_sigmai": 0.0,
            "true_params": {
                "Si": [
                    [
                        1.0,
                        0.9001813401074125,
                        0.8952064382092615,
                        -0.6052282085046212,
                        0.0,
                        -1.8677656723121263
                    ],
                    [
                        0.9001813401074125,
                        1.810326445077577,
                        0.8058481312199965,
                        -0.5448151398024984,
                        0.0,
                        -2.255369634331851
                    ],
                    [
                        0.8952064382092615,
                        0.8058481312199965,
                        1.8013945670113123,
                        -0.5418041888391942,
                        0.0,
                        -1.6720358549200653
                    ],
                    [
                        -0.6052282085046212,
                        -0.5448151398024984,
                        -0.5418041888391942,
                        1.3663011843697133,
                        0.0,
                        1.9762733277175006
                    ],
                    [
                        0.0,
                        0.0,
                        0.0,
                        0.0,
                        0.0,
                        0.0
                    ],
                    [
                        -1.8677656723121263,
                        -2.255369634331851,
                        -1.6720358549200653,
                        1.9762733277175006,
                        0.0,
                        5.53353291457192
                    ]
                ],
                "mui": [
                    0.0,
                    0.0,
                    0.0,
                    0.0,
                    1.0,
                    -0.6899856267090461
                ],
                "Ai": [
                    [
                        0.0,
                        0.0,
                        0.0,
                        0.0,
                        0.0,
                        0.0
                    ],
                    [
                        0.9001813401074125,
                        0.0,
                        0.0,
                        0.0,
                        0.0,
                        0.0
                    ],
                    [
                        0.8952064382092615,
                        0.0,
                        0.0,
                        0.0,
                        0.0,
                        0.0
                    ],
                    [
                        -0.6052282085046212,
                        0.0,
                        -0.0,
                        0.0,
                        0.0,
                        0.0
                    ],
                    [
                        0.0,
                        0.0,
                        0.0,
                        0.0,
                        0.0,
                        0.0
                    ],
                    [
                        -0.839092342167428,
                        -0.5740418284232991,
                        0.0,
                        0.8458488559576031,
                        -0.6899856267090461,
                        0.0
                    ]
                ]
            },
            "est_params": {
                "mui": [
                    -0.008090672730943887,
                    -0.06510217121258322,
                    -0.029956850424252193,
                    -0.033280113324420865,
                    1.0000013802990926,
                    -0.7781333214202281
                ],
                "Si": [
                    [
                        1.0322915881824752,
                        0.9266902144166831,
                        0.9508244143685702,
                        -0.7291879078822214,
                        1.2586572228720994e-07,
                        -1.9552649328068445
                    ],
                    [
                        0.9266902144166829,
                        1.789892450219494,
                        0.8628199066083764,
                        -0.577646366641233,
                        1.0366961849497809e-06,
                        -2.2734858082182705
                    ],
                    [
                        0.95082441436857,
                        0.8628199066083766,
                        1.890557793791638,
                        -0.6784784057467859,
                        1.465466898992961e-07,
                        -1.8049816122758977
                    ],
                    [
                        -0.7291879078822214,
                        -0.5776463666412329,
                        -0.6784784057467858,
                        1.4403959853243464,
                        4.4688007774240014e-07,
                        2.0806766329045456
                    ],
                    [
                        1.258657222872099e-07,
                        1.0366961849497809e-06,
                        1.4654668989929616e-07,
                        4.4688007774240024e-07,
                        1.0014493904443229e-06,
                        1.6377085749743053e-07
                    ],
                    [
                        -1.9552649328068445,
                        -2.2734858082182705,
                        -1.8049816122758977,
                        2.0806766329045456,
                        1.6377085749743053e-07,
                        5.556328153427935
                    ]
                ]
            },
            "est_tgt": [
                2,
                4
            ]
        },
        "5": {
            "intv_type": "do",
            "inode": 5,
            "new_mui": 1.0,
            "new_sigmai": 0.0,
            "true_params": {
                "Si": [
                    [
                        1.0,
                        0.9001813401074125,
                        0.8952064382092615,
                        -0.6052282085046212,
                        -2.013001510400843,
                        0.0
                    ],
                    [
                        0.9001813401074125,
                        1.810326445077577,
                        0.8058481312199965,
                        -0.5448151398024984,
                        -1.8120663972708762,
                        0.0
                    ],
                    [
                        0.8952064382092615,
                        0.8058481312199965,
                        1.8013945670113123,
                        -0.5418041888391942,
                        -2.5394534249150382,
                        0.0
                    ],
                    [
                        -0.6052282085046212,
                        -0.5448151398024984,
                        -0.5418041888391942,
                        1.3663011843697133,
                        2.1740158307450113,
                        0.0
                    ],
                    [
                        -2.013001510400843,
                        -1.8120663972708762,
                        -2.5394534249150382,
                        2.1740158307450113,
                        6.509280466429473,
                        0.0
                    ],
                    [
                        0.0,
                        0.0,
                        0.0,
                        0.0,
                        0.0,
                        0.0
                    ]
                ],
                "mui": [
                    0.0,
                    0.0,
                    0.0,
                    0.0,
                    0.0,
                    1.0
                ],
                "Ai": [
                    [
                        0.0,
                        0.0,
                        0.0,
                        0.0,
                        0.0,
                        0.0
                    ],
                    [
                        0.9001813401074125,
                        0.0,
                        0.0,
                        0.0,
                        0.0,
                        0.0
                    ],
                    [
                        0.8952064382092615,
                        0.0,
                        0.0,
                        0.0,
                        0.0,
                        0.0
                    ],
                    [
                        -0.6052282085046212,
                        0.0,
                        -0.0,
                        0.0,
                        0.0,
                        0.0
                    ],
                    [
                        -0.7744640596005044,
                        -0.0,
                        -0.7374015126792359,
                        0.9556905328880123,
                        0.0,
                        0.0
                    ],
                    [
                        0.0,
                        0.0,
                        0.0,
                        0.0,
                        0.0,
                        0.0
                    ]
                ]
            },
            "est_params": {
                "mui": [
                    -0.03997313677017552,
                    -0.05763540408995915,
                    -0.03778720755786807,
                    -0.009260064612896517,
                    0.022254566047871193,
                    0.9999994932680143
                ],
                "Si": [
                    [
                        0.9845436254266381,
                        0.9127179409317813,
                        0.8535263595969753,
                        -0.5587502682306499,
                        -1.884394713805837,
                        1.7832461630577532e-06
                    ],
                    [
                        0.9127179409317815,
                        1.8420342760920125,
                        0.7881659948642374,
                        -0.4532865934570676,
                        -1.670190223302437,
                        7.280476080811539e-07
                    ],
                    [
                        0.8535263595969753,
                        0.7881659948642374,
                        1.7690598067750336,
                        -0.4707245307966487,
                        -2.35452952722085,
                        -5.588839600627137e-07
                    ],
                    [
                        -0.5587502682306499,
                        -0.4532865934570676,
                        -0.4707245307966487,
                        1.2510924549209081,
                        1.9877048011954126,
                        -1.6155669078109252e-06
                    ],
                    [
                        -1.884394713805837,
                        -1.670190223302437,
                        -2.35452952722085,
                        1.9877048011954126,
                        5.9756534504110554,
                        -2.997070799133932e-06
                    ],
                    [
                        1.7832461630577532e-06,
                        7.280476080811539e-07,
                        -5.588839600627137e-07,
                        -1.6155669078109252e-06,
                        -2.997070799133932e-06,
                        1.001717203956571e-06
                    ]
                ]
            },
            "est_tgt": [
                5
            ]
        },
        "obs": {
            "intv_type": "obs",
            "true_params": {
                "Si": [
                    [
                        1.0,
                        0.9001813401074125,
                        0.8952064382092615,
                        -0.6052282085046212,
                        -2.013001510400843,
                        -0.47882356359194445
                    ],
                    [
                        0.9001813401074125,
                        1.810326445077577,
                        0.8058481312199965,
                        -0.5448151398024984,
                        -1.8120663972708762,
                        -1.0050698655725026
                    ],
                    [
                        0.8952064382092615,
                        0.8058481312199965,
                        1.8013945670113123,
                        -0.5418041888391942,
                        -2.5394534249150382,
                        0.08015050796837081
                    ],
                    [
                        -0.6052282085046212,
                        -0.5448151398024984,
                        -0.5418041888391942,
                        1.3663011843697133,
                        2.1740158307450113,
                        0.4762336522655168
                    ],
                    [
                        -2.013001510400843,
                        -1.8120663972708762,
                        -2.5394534249150382,
                        2.1740158307450113,
                        6.509280466429473,
                        0.07687490127770169
                    ],
                    [
                        -0.47882356359194445,
                        -1.0050698655725026,
                        0.08015050796837081,
                        0.4762336522655168,
                        0.07687490127770169,
                        2.3285084417867252
                    ]
                ],
                "mui": [
                    0.0,
                    0.0,
                    0.0,
                    0.0,
                    0.0,
                    0.0
                ],
                "Ai": [
                    [
                        0.0,
                        0.0,
                        0.0,
                        0.0,
                        0.0,
                        0.0
                    ],
                    [
                        0.9001813401074125,
                        0.0,
                        0.0,
                        0.0,
                        0.0,
                        0.0
                    ],
                    [
                        0.8952064382092615,
                        0.0,
                        0.0,
                        0.0,
                        0.0,
                        0.0
                    ],
                    [
                        -0.6052282085046212,
                        0.0,
                        -0.0,
                        0.0,
                        0.0,
                        0.0
                    ],
                    [
                        -0.7744640596005044,
                        -0.0,
                        -0.7374015126792359,
                        0.9556905328880123,
                        0.0,
                        0.0
                    ],
                    [
                        -0.839092342167428,
                        -0.5740418284232991,
                        0.0,
                        0.8458488559576031,
                        -0.6899856267090461,
                        0.0
                    ]
                ]
            },
            "est_params": {
                "mui": [
                    0.014852586283809237,
