{
    "expt_args": {
        "save_dir": "all_expt_logs/expt_logs_30.04.24-noise-shift-low",
        "exp_name": "155",
        "num_nodes": 6,
        "obs_noise_mean": 0.0,
        "obs_noise_var": 1.0,
        "max_edge_strength": 1.0,
        "graph_sparsity_method": "adj_dense_prop",
        "adj_dense_prop": 0.8,
        "num_parents": null,
        "new_noise_mean": 1.0,
        "mix_samples": 8192,
        "stage2_samples": 8192,
        "gmm_tol": 0.001,
        "intv_type": "do",
        "new_noise_sigma": 0.0,
        "intv_targets": [
            0,
            1,
            2,
            3,
            4,
            5
        ]
    },
    "intv_args_dict": {
        "0": {
            "intv_type": "do",
            "inode": 0,
            "new_mui": 1.0,
            "new_sigmai": 0.0,
            "true_params": {
                "Si": [
                    [
                        0.0,
                        0.0,
                        0.0,
                        0.0,
                        0.0,
                        0.0
                    ],
                    [
                        0.0,
                        1.0,
                        -0.9113338477789054,
                        -0.6343604668545215,
                        -0.3935065638588985,
                        -0.402522868905686
                    ],
                    [
                        0.0,
                        -0.9113338477789054,
                        1.830529382107505,
                        1.2741932895993489,
                        1.7920561280610303,
                        1.4682732225896213
                    ],
                    [
                        0.0,
                        -0.6343604668545215,
                        1.2741932895993489,
                        1.8869393494196642,
                        2.056232762520732,
                        0.7407858690611671
                    ],
                    [
                        0.0,
                        -0.3935065638588985,
                        1.7920561280610303,
                        2.056232762520732,
                        3.8637880775241666,
                        2.168434567367622
                    ],
                    [
                        0.0,
                        -0.402522868905686,
                        1.4682732225896213,
                        0.7407858690611671,
                        2.168434567367622,
                        2.888141866412246
                    ]
                ],
                "mui": [
                    1.0,
                    0.0,
                    0.0,
                    0.0,
                    -0.6406545600009979,
                    -1.112641606393259
                ],
                "Ai": [
                    [
                        0.0,
                        0.0,
                        0.0,
                        0.0,
                        0.0,
                        0.0
                    ],
                    [
                        -0.0,
                        0.0,
                        0.0,
                        0.0,
                        0.0,
                        0.0
                    ],
                    [
                        -0.0,
                        -0.9113338477789054,
                        0.0,
                        0.0,
                        0.0,
                        0.0
                    ],
                    [
                        -0.0,
                        -0.0,
                        0.696079124461995,
                        0.0,
                        0.0,
                        0.0
                    ],
                    [
                        -0.6406545600009979,
                        0.9128360794257486,
                        0.8704376279220281,
                        0.8088199019132571,
                        0.0,
                        0.0
                    ],
                    [
                        -0.6906620838254238,
                        0.0,
                        0.7238811099958139,
                        -0.8139933491965483,
                        0.6586693499335708,
                        0.0
                    ]
                ]
            },
            "est_params": {
                "mui": [
                    0.9999987156054482,
                    -0.006839067704268837,
                    0.007937595497212934,
                    -0.03003088219642638,
                    -0.6105531576407598,
                    -1.041513468850542
                ],
                "Si": [
                    [
                        1.0029677535763686e-06,
                        -2.2521498870732677e-06,
                        1.633599952556092e-06,
                        -1.6598462581440416e-06,
                        -2.7971940891661562e-06,
                        -2.3950586904079345e-06
                    ],
                    [
                        -2.2521498870732677e-06,
                        0.9572317352727175,
                        -0.8670041589613217,
                        -0.5639779483207352,
                        -0.3046186189448357,
                        -0.41953889793267574
                    ],
                    [
                        1.633599952556092e-06,
                        -0.8670041589613217,
                        1.7952967418207657,
                        1.210769542862936,
                        1.7053339924218998,
                        1.4902610288437441
                    ],
                    [
                        -1.6598462581440418e-06,
                        -0.5639779483207352,
                        1.210769542862936,
                        1.7689430056536803,
                        1.989999251514401,
                        0.8170250874596493
                    ],
                    [
                        -2.7971940891661562e-06,
                        -0.3046186189448357,
                        1.7053339924218998,
                        1.989999251514401,
                        3.823438376228319,
                        2.2143408479536735
                    ],
                    [
                        -2.3950586904079345e-06,
                        -0.41953889793267574,
                        1.4902610288437441,
                        0.8170250874596493,
                        2.2143408479536735,
                        2.9200803582993173
                    ]
                ]
            },
            "est_tgt": [
                0
            ]
        },
        "1": {
            "intv_type": "do",
            "inode": 1,
            "new_mui": 1.0,
            "new_sigmai": 0.0,
            "true_params": {
                "Si": [
                    [
                        1.0,
                        0.0,
                        0.0,
                        0.0,
                        -0.6406545600009979,
                        -1.112641606393259
                    ],
                    [
                        0.0,
                        0.0,
                        0.0,
                        0.0,
                        0.0,
                        0.0
                    ],
                    [
                        0.0,
                        0.0,
                        1.0,
                        0.696079124461995,
                        1.4334402770932448,
                        1.1014405076507987
                    ],
                    [
                        0.0,
                        0.0,
                        0.696079124461995,
                        1.4845261475117777,
                        1.8066077549608826,
                        0.4854412740225347
                    ],
                    [
                        -0.6406545600009979,
                        0.0,
                        1.4334402770932448,
                        1.8066077549608826,
                        4.119378926974202,
                        2.722858095132596
                    ],
                    [
                        -1.112641606393259,
                        0.0,
                        1.1014405076507987,
                        0.4854412740225347,
                        2.722858095132596,
                        3.9640885506975536
                    ]
                ],
                "mui": [
                    0.0,
                    1.0,
                    -0.9113338477789054,
                    -0.6343604668545215,
                    -0.3935065638588985,
                    -0.402522868905686
                ],
                "Ai": [
                    [
                        0.0,
                        0.0,
                        0.0,
                        0.0,
                        0.0,
                        0.0
                    ],
                    [
                        0.0,
                        0.0,
                        0.0,
                        0.0,
                        0.0,
                        0.0
                    ],
                    [
                        -0.0,
                        -0.9113338477789054,
                        0.0,
                        0.0,
                        0.0,
                        0.0
                    ],
                    [
                        -0.0,
                        -0.0,
                        0.696079124461995,
                        0.0,
                        0.0,
                        0.0
                    ],
                    [
                        -0.6406545600009979,
                        0.9128360794257486,
                        0.8704376279220281,
                        0.8088199019132571,
                        0.0,
                        0.0
                    ],
                    [
                        -0.6906620838254238,
                        0.0,
                        0.7238811099958139,
                        -0.8139933491965483,
                        0.6586693499335708,
                        0.0
                    ]
                ]
            },
            "est_params": {
                "mui": [
                    0.014785871362850304,
                    1.000000759961865,
                    -0.8464854123361231,
                    -0.5582127112797287,
                    -0.33359456919008923,
                    -0.39596718365905786
                ],
                "Si": [
                    [
                        0.9407713514087258,
                        5.3231578237543e-06,
                        0.0006898756255976188,
                        -0.01622873823758724,
                        -0.5850057824335928,
                        -1.0178845191009926
                    ],
                    [
                        5.3231578237543e-06,
                        1.0127625364336056e-06,
                        1.3337735522180219e-06,
                        -3.3985758828461076e-07,
                        1.1759696055163367e-06,
                        -5.274103055579978e-06
                    ],
                    [
                        0.0006898756255976197,
                        1.3337735522180219e-06,
                        1.0302526162792183,
                        0.7542663216706946,
                        1.5201234539515682,
                        1.1579834827931341
                    ],
                    [
                        -0.016228738237587255,
                        -3.3985758828461076e-07,
                        0.7542663216706946,
                        1.627021056302371,
                        1.9857397632084033,
                        0.5525890728918577
                    ],
                    [
                        -0.5850057824335928,
                        1.1759696055163363e-06,
                        1.5201234539515682,
                        1.9857397632084033,
                        4.2613257801061755,
                        2.6974540173337
                    ],
                    [
                        -1.0178845191009926,
                        -5.274103055579978e-06,
                        1.1579834827931341,
                        0.5525890728918577,
                        2.6974540173337,
                        3.8241664666612003
                    ]
                ]
            },
            "est_tgt": [
                1
            ]
        },
        "2": {
            "intv_type": "do",
            "inode": 2,
            "new_mui": 1.0,
            "new_sigmai": 0.0,
            "true_params": {
                "Si": [
                    [
                        1.0,
                        0.0,
                        0.0,
                        0.0,
                        -0.6406545600009979,
                        -1.112641606393259
                    ],
                    [
                        0.0,
                        1.0,
                        0.0,
                        0.0,
                        0.9128360794257486,
                        0.6012571470312673
                    ],
                    [
                        0.0,
                        0.0,
                        0.0,
                        0.0,
                        0.0,
                        0.0
                    ],
                    [
                        0.0,
                        0.0,
                        0.0,
                        1.0,
                        0.8088199019132571,
                        -0.28124847019000865
                    ],
                    [
                        -0.6406545600009979,
                        0.9128360794257486,
                        0.0,
                        0.8088199019132571,
                        2.897897606882415,
                        1.6928581254666444
                    ],
                    [
                        -1.112641606393259,
                        0.6012571470312673,
                        0.0,
                        -0.28124847019000865,
                        1.6928581254666444,
                        3.1124275156596837
                    ]
                ],
                "mui": [
                    0.0,
                    0.0,
                    1.0,
                    0.696079124461995,
                    1.4334402770932448,
                    1.1014405076507987
                ],
                "Ai": [
                    [
                        0.0,
                        0.0,
                        0.0,
                        0.0,
                        0.0,
                        0.0
                    ],
                    [
                        -0.0,
                        0.0,
                        0.0,
                        0.0,
                        0.0,
                        0.0
                    ],
                    [
                        0.0,
                        0.0,
                        0.0,
                        0.0,
                        0.0,
                        0.0
                    ],
                    [
                        -0.0,
                        -0.0,
                        0.696079124461995,
                        0.0,
                        0.0,
                        0.0
                    ],
                    [
                        -0.6406545600009979,
                        0.9128360794257486,
                        0.8704376279220281,
                        0.8088199019132571,
                        0.0,
                        0.0
                    ],
                    [
                        -0.6906620838254238,
                        0.0,
                        0.7238811099958139,
                        -0.8139933491965483,
                        0.6586693499335708,
                        0.0
                    ]
                ]
            },
            "est_params": {
                "mui": [
                    -0.0001276882671614114,
                    -0.011675773506923628,
                    0.9999999730546446,
                    0.7510991996841233,
                    1.5442289522356372,
                    1.1636374060706363
                ],
                "Si": [
                    [
                        1.0420359571062066,
                        -0.02951129800419982,
                        -3.303400492240992e-07,
                        0.03699117657163799,
                        -0.6515283087385486,
                        -1.1672635444642567
                    ],
                    [
                        -0.029511298004199812,
                        1.0099977825884638,
                        -4.1820249023785664e-09,
                        0.055934669913053625,
                        0.9870020834369468,
                        0.6441790143182815
                    ],
                    [
                        -3.3034004922409924e-07,
                        -4.182024902378599e-09,
                        1.0011934129811169e-06,
                        -1.2006717666765793e-07,
                        5.114690730993328e-08,
                        4.760432133897294e-07
                    ],
                    [
                        0.03699117657163799,
                        0.055934669913053625,
                        -1.2006717666765793e-07,
                        1.0004900581600098,
                        0.8423065237673114,
                        -0.3480369594858874
                    ],
                    [
                        -0.6515283087385486,
                        0.9870020834369468,
                        5.114690730993331e-08,
                        0.8423065237673113,
                        2.974400791789105,
                        1.692867424512907
                    ],
                    [
                        -1.1672635444642567,
                        0.6441790143182815,
                        4.760432133897294e-07,
                        -0.3480369594858874,
                        1.692867424512907,
                        3.251758701266527
                    ]
                ]
            },
            "est_tgt": [
                2
            ]
        },
        "3": {
            "intv_type": "do",
            "inode": 3,
            "new_mui": 1.0,
            "new_sigmai": 0.0,
            "true_params": {
                "Si": [
                    [
                        1.0,
                        0.0,
                        0.0,
                        0.0,
                        -0.6406545600009979,
                        -1.112641606393259
                    ],
                    [
                        0.0,
                        1.0,
                        -0.9113338477789054,
                        0.0,
                        0.11957680672002365,
                        -0.5809357797575398
                    ],
                    [
                        0.0,
                        -0.9113338477789054,
                        1.830529382107505,
                        0.0,
                        0.7614632365487545,
                        1.826638136015813
                    ],
                    [
                        0.0,
                        0.0,
                        0.0,
                        0.0,
                        0.0,
                        0.0
                    ],
                    [
                        -0.6406545600009979,
                        0.11957680672002365,
                        0.7614632365487545,
                        0.0,
                        2.182398542057957,
                        2.431163695309754
                    ],
                    [
                        -1.112641606393259,
                        -0.5809357797575398,
                        1.826638136015813,
                        0.0,
                        2.431163695309754,
                        4.6920612226540195
                    ]
                ],
                "mui": [
                    0.0,
                    0.0,
                    0.0,
                    1.0,
                    0.8088199019132571,
                    -0.28124847019000865
                ],
                "Ai": [
                    [
                        0.0,
                        0.0,
                        0.0,
                        0.0,
                        0.0,
                        0.0
                    ],
                    [
                        -0.0,
                        0.0,
                        0.0,
                        0.0,
                        0.0,
                        0.0
                    ],
                    [
                        -0.0,
                        -0.9113338477789054,
                        0.0,
                        0.0,
                        0.0,
                        0.0
                    ],
                    [
                        0.0,
                        0.0,
                        0.0,
                        0.0,
                        0.0,
                        0.0
                    ],
                    [
                        -0.6406545600009979,
                        0.9128360794257486,
                        0.8704376279220281,
                        0.8088199019132571,
                        0.0,
                        0.0
                    ],
                    [
                        -0.6906620838254238,
                        0.0,
                        0.7238811099958139,
                        -0.8139933491965483,
                        0.6586693499335708,
                        0.0
                    ]
                ]
            },
            "est_params": {
                "mui": [
                    0.02054650796500646,
                    -0.01947553954006646,
                    0.03906528583635133,
                    1.0000000679018695,
                    0.829085723715375,
                    -0.21782345776822543
                ],
                "Si": [
                    [
                        1.0760321470517178,
                        -0.07126151364663359,
                        0.0655468603223253,
                        -1.4002027237626293e-06,
                        -0.6746396901808355,
                        -1.1524632345228685
                    ],
                    [
                        -0.07126151364663359,
                        0.9485850600190128,
                        -0.8073359941226876,
                        -1.829616039651337e-06,
                        0.21634826883019426,
                        -0.4249853946492789
                    ],
                    [
                        0.0655468603223253,
                        -0.8073359941226875,
                        1.6856097015642793,
                        2.1338865765508175e-06,
                        0.6972065489460225,
                        1.699429518255237
                    ],
                    [
                        -1.4002027237626293e-06,
                        -1.829616039651337e-06,
                        2.1338865765508175e-06,
                        1.0086201091254386e-06,
                        2.7250501828633018e-06,
                        3.945262428818733e-06
                    ],
                    [
                        -0.6746396901808355,
                        0.21634826883019426,
                        0.6972065489460225,
                        2.7250501828633026e-06,
                        2.2704545037944635,
                        2.467314536766322
                    ],
                    [
                        -1.1524632345228685,
                        -0.424985394649279,
                        1.699429518255237,
                        3.945262428818733e-06,
                        2.467314536766322,
                        4.741775935908364
                    ]
                ]
            },
            "est_tgt": [
                3
            ]
        },
        "4": {
            "intv_type": "do",
            "inode": 4,
            "new_mui": 1.0,
            "new_sigmai": 0.0,
            "true_params": {
                "Si": [
                    [
                        1.0,
                        0.0,
                        0.0,
                        0.0,
                        0.0,
                        -0.6906620838254238
                    ],
                    [
                        0.0,
                        1.0,
                        -0.9113338477789054,
                        -0.6343604668545215,
                        0.0,
                        -0.14333215629415216
                    ],
                    [
                        0.0,
                        -0.9113338477789054,
                        1.830529382107505,
                        1.2741932895993489,
                        0.0,
                        0.2879007776751907
                    ],
                    [
                        0.0,
                        -0.6343604668545215,
                        1.2741932895993489,
                        1.8869393494196642,
                        0.0,
                        -0.6135916279404741
                    ],
                    [
                        0.0,
                        0.0,
                        0.0,
                        0.0,
                        0.0,
                        0.0
                    ],
                    [
                        -0.6906620838254238,
                        -0.14333215629415216,
                        0.2879007776751907,
                        -0.6135916279404741,
                        0.0,
                        2.1848795528124807
                    ]
                ],
                "mui": [
                    0.0,
                    0.0,
                    0.0,
                    0.0,
                    1.0,
                    0.6586693499335708
                ],
                "Ai": [
                    [
                        0.0,
                        0.0,
                        0.0,
                        0.0,
                        0.0,
                        0.0
                    ],
                    [
                        -0.0,
                        0.0,
                        0.0,
                        0.0,
                        0.0,
                        0.0
                    ],
                    [
                        -0.0,
                        -0.9113338477789054,
                        0.0,
                        0.0,
                        0.0,
                        0.0
                    ],
                    [
                        -0.0,
                        -0.0,
                        0.696079124461995,
                        0.0,
                        0.0,
                        0.0
                    ],
                    [
                        0.0,
                        0.0,
                        0.0,
                        0.0,
                        0.0,
                        0.0
                    ],
                    [
                        -0.6906620838254238,
                        0.0,
                        0.7238811099958139,
                        -0.8139933491965483,
                        0.6586693499335708,
                        0.0
                    ]
                ]
            },
            "est_params": {
                "mui": [
                    0.07108580269318454,
                    0.003119745004636597,
                    -0.018438483845166696,
                    -0.036781010784743516,
                    0.9999993199395101,
                    0.6867064883721126
                ],
                "Si": [
                    [
                        1.0183279529736047,
                        0.016762908633786804,
                        -0.0013033609979727575,
                        0.025781290466670465,
                        -1.6161335729504895e-07,
                        -0.7002184397690688
                    ],
                    [
                        0.016762908633786815,
                        1.0045244202171515,
                        -0.9465778980068352,
                        -0.6786788158556285,
                        -4.538751117565994e-07,
                        -0.1255071320027681
                    ],
                    [
                        -0.001303360997972751,
                        -0.9465778980068352,
                        1.880138000366024,
                        1.3242225331627286,
                        5.134323391258536e-08,
                        0.26649355818512155
                    ],
                    [
                        0.025781290466670454,
                        -0.6786788158556285,
                        1.3242225331627286,
                        1.8826309593823967,
                        -2.3663670633285094e-07,
                        -0.561345749236191
                    ],
                    [
                        -1.6161335729504895e-07,
                        -4.538751117565994e-07,
                        5.134323391258545e-08,
                        -2.3663670633285094e-07,
                        1.0017318900021675e-06,
                        1.7696724645710925e-08
                    ],
                    [
                        -0.7002184397690688,
                        -0.12550713200276808,
                        0.2664935581851215,
                        -0.561345749236191,
                        1.769672464571097e-08,
                        2.141728980452667
                    ]
                ]
            },
            "est_tgt": [
                4
            ]
        },
        "5": {
            "intv_type": "do",
            "inode": 5,
            "new_mui": 1.0,
            "new_sigmai": 0.0,
            "true_params": {
                "Si": [
                    [
                        1.0,
                        0.0,
                        0.0,
                        0.0,
                        -0.6406545600009979,
                        0.0
                    ],
                    [
                        0.0,
                        1.0,
                        -0.9113338477789054,
                        -0.6343604668545215,
                        -0.3935065638588985,
                        0.0
                    ],
                    [
                        0.0,
                        -0.9113338477789054,
                        1.830529382107505,
                        1.2741932895993489,
                        1.7920561280610303,
                        0.0
                    ],
                    [
                        0.0,
                        -0.6343604668545215,
                        1.2741932895993489,
                        1.8869393494196642,
                        2.056232762520732,
                        0.0
                    ],
                    [
                        -0.6406545600009979,
                        -0.3935065638588985,
                        1.7920561280610303,
                        2.056232762520732,
                        4.274226342774239,
                        0.0
                    ],
                    [
                        0.0,
                        0.0,
                        0.0,
                        0.0,
                        0.0,
                        0.0
                    ]
                ],
                "mui": [
                    0.0,
                    0.0,
                    0.0,
                    0.0,
                    0.0,
                    1.0
                ],
                "Ai": [
                    [
                        0.0,
                        0.0,
                        0.0,
                        0.0,
                        0.0,
                        0.0
                    ],
                    [
                        -0.0,
                        0.0,
                        0.0,
                        0.0,
                        0.0,
                        0.0
                    ],
                    [
                        -0.0,
                        -0.9113338477789054,
                        0.0,
                        0.0,
                        0.0,
                        0.0
                    ],
                    [
                        -0.0,
                        -0.0,
                        0.696079124461995,
                        0.0,
                        0.0,
                        0.0
                    ],
                    [
                        -0.6406545600009979,
                        0.9128360794257486,
                        0.8704376279220281,
                        0.8088199019132571,
                        0.0,
                        0.0
                    ],
                    [
                        0.0,
                        0.0,
                        0.0,
                        0.0,
                        0.0,
                        0.0
                    ]
                ]
            },
            "est_params": {
                "mui": [
                    -0.0036389768385809824,
                    0.019249488242489798,
                    -0.009802306619999646,
                    0.03405462184041562,
                    0.010779079103566971,
                    0.9999994109857722
                ],
                "Si": [
                    [
                        0.9710108131251296,
                        -0.0020763522705726555,
                        -0.026498610198302557,
                        -0.03669396288487022,
                        -0.6899932165401605,
                        -1.6291839851967192e-06
                    ],
                    [
                        -0.0020763522705726603,
                        1.029077400835485,
                        -0.970269743387662,
                        -0.6604649626926525,
                        -0.4506376989875336,
                        3.1521940359307212e-06
                    ],
                    [
                        -0.026498610198302554,
                        -0.970269743387662,
                        1.8587574339925057,
                        1.2728624252026774,
                        1.816979770344022,
                        -3.1027854059331246e-06
                    ],
                    [
                        -0.03669396288487024,
                        -0.6604649626926526,
                        1.272862425202677,
                        1.8713816916878523,
                        2.026863517918668,
                        -2.3233916751663096e-07
                    ],
                    [
                        -0.6899932165401604,
                        -0.4506376989875336,
                        1.816979770344022,
                        2.026863517918668,
                        4.2891020344109,
                        -6.908981547146644e-08
                    ],
                    [
                        -1.6291839851967192e-06,
                        3.1521940359307216e-06,
                        -3.1027854059331246e-06,
                        -2.3233916751663133e-07,
                        -6.90898154714668e-08,
                        1.0131174761082338e-06
                    ]
                ]
            },
            "est_tgt": [
                5
            ]
        },
        "obs": {
            "intv_type": "obs",
            "true_params": {
                "Si": [
                    [
                        1.0,
                        0.0,
                        0.0,
                        0.0,
                        -0.6406545600009979,
                        -1.112641606393259
                    ],
                    [
                        0.0,
                        1.0,
                        -0.9113338477789054,
                        -0.6343604668545215,
                        -0.3935065638588985,
                        -0.402522868905686
                    ],
                    [
                        0.0,
                        -0.9113338477789054,
                        1.830529382107505,
                        1.2741932895993489,
                        1.7920561280610303,
                        1.4682732225896213
                    ],
                    [
                        0.0,
                        -0.6343604668545215,
                        1.2741932895993489,
                        1.8869393494196642,
                        2.056232762520732,
                        0.7407858690611671
                    ],
                    [
                        -0.6406545600009979,
                        -0.3935065638588985,
                        1.7920561280610303,
                        2.056232762520732,
                        4.274226342774239,
                        2.8812534861502983
                    ],
                    [
                        -1.112641606393259,
                        -0.402522868905686,
                        1.4682732225896213,
                        0.7407858690611671,
                        2.8812534861502983,
                        4.126113210689617
                    ]
                ],
                "mui": [
                    0.0,
                    0.0,
                    0.0,
                    0.0,
                    0.0,
                    0.0
                ],
                "Ai": [
                    [
                        0.0,
                        0.0,
                        0.0,
                        0.0,
                        0.0,
                        0.0
                    ],
                    [
                        -0.0,
                        0.0,
                        0.0,
                        0.0,
                        0.0,
                        0.0
                    ],
                    [
                        -0.0,
                        -0.9113338477789054,
                        0.0,
                        0.0,
                        0.0,
                        0.0
                    ],
                    [
                        -0.0,
                        -0.0,
                        0.696079124461995,
                        0.0,
                        0.0,
                        0.0
                    ],
                    [
                        -0.6406545600009979,
                        0.9128360794257486,
                        0.8704376279220281,
                        0.8088199019132571,
                        0.0,
                        0.0
                    ],
                    [
                        -0.6906620838254238,
                        0.0,
                        0.7238811099958139,
                        -0.8139933491965483,
                        0.6586693499335708,
                        0.0
                    ]
                ]
            },
            "est_params": {
                "mui": [
                    -0.06093396192135723,
                    0.02993066912165264,
                    -0.049247623272969394,
                    -0.07830578761880738,
                    -0.04986513660683312,
                    0.028516015852599462
                ],
                "Si": [
                    [
                        1.0753440877012252,
                        -0.02277646160524782,
                        0.03939651104854439,
                        0.026631572916060126,
                        -0.7089460809240388,
