{
    "expt_args": {
        "save_dir": "all_expt_logs/expt_logs_sim_compsel_backwardbugfixed_cameraready_half_largemean_std_var",
        "exp_name": "126",
        "num_nodes": 6,
        "num_tgt_prior": 7,
        "obs_noise_mean": 0.0,
        "obs_noise_var": 1.0,
        "obs_noise_gamma_shape": null,
        "noise_type": "gaussian",
        "max_edge_strength": 1.0,
        "graph_sparsity_method": "adj_dense_prop",
        "adj_dense_prop": 0.8,
        "num_parents": null,
        "new_noise_mean": 100.0,
        "mix_samples": 32768,
        "stage2_samples": 32768,
        "gmm_tol": 0.001,
        "intv_type": "hard",
        "new_noise_var": 0.1,
        "dtype": "simulation",
        "cutoff_drop_ratio": 0.07,
        "intv_targets": [
            1,
            5,
            3
        ]
    },
    "intv_args_dict": {
        "1": {
            "intv_type": "hard",
            "inode": 1,
            "new_mui": 100.0,
            "new_vari": 0.1,
            "noise_type": "gaussian",
            "obs_noise_gamma_shape": null,
            "true_params": {
                "Si": [
                    [
                        1.0,
                        0.0,
                        -0.8484011230277715,
                        -0.7531663344033988,
                        -0.5741956551564077,
                        -2.245178895115531
                    ],
                    [
                        0.0,
                        0.1,
                        -0.06386269149258343,
                        -0.07046848678399442,
                        -0.09762990323170077,
                        -0.16354439912292484
                    ],
                    [
                        -0.8484011230277715,
                        -0.06386269149258343,
                        1.7605688992015527,
                        0.6839902362489079,
                        -0.029828079817003306,
                        2.5434288205852535
                    ],
                    [
                        -0.7531663344033988,
                        -0.07046848678399442,
                        0.6839902362489079,
                        1.6169176035749122,
                        1.1145879735765063,
                        2.8042985917291237
                    ],
                    [
                        -0.5741956551564077,
                        -0.09762990323170077,
                        -0.029828079817003306,
                        1.1145879735765063,
                        2.1368018887283267,
                        2.398061832926878
                    ],
                    [
                        -2.245178895115531,
                        -0.16354439912292484,
                        2.5434288205852535,
                        2.8042985917291237,
                        2.398061832926878,
                        8.007780294965539
                    ]
                ],
                "mui": [
                    0.0,
                    100.0,
                    -63.86269149258342,
                    -70.46848678399442,
                    -97.62990323170077,
                    -163.54439912292486
                ],
                "Ai": [
                    [
                        0.0,
                        0.0,
                        0.0,
                        0.0,
                        0.0,
                        0.0
                    ],
                    [
                        0.0,
                        0.0,
                        0.0,
                        0.0,
                        0.0,
                        0.0
                    ],
                    [
                        -0.8484011230277715,
                        -0.6386269149258342,
                        0.0,
                        0.0,
                        0.0,
                        0.0
                    ],
                    [
                        -0.7531663344033988,
                        -0.7046848678399442,
                        0.0,
                        0.0,
                        0.0,
                        0.0
                    ],
                    [
                        -0.6037603696925347,
                        -0.9140711061486386,
                        -0.5793254023947354,
                        0.6133248212959392,
                        0.0,
                        0.0
                    ],
                    [
                        -0.6499225857234665,
                        -0.0,
                        0.9087341039599772,
                        0.60151449361346,
                        0.6465475756905426,
                        0.0
                    ]
                ]
            },
            "est_params": {
                "mui": [
                    -0.009757578288995547,
                    99.99932598723292,
                    -63.86264574197982,
                    -70.44961239487863,
                    -97.63204011952608,
                    -163.53755862386583
                ],
                "Si": [
                    [
                        1.0224238420481127,
                        0.0010693139811400747,
                        -0.8663307262991861,
                        -0.7687578002133725,
                        -0.5884118192630261,
                        -2.3003551239439592
                    ],
                    [
                        0.0010693139811400747,
                        0.1005087155805695,
                        -0.0640361394682344,
                        -0.06933652168963578,
                        -0.09786589192303387,
                        -0.16208315556273248
                    ],
                    [
                        -0.8663307262991861,
                        -0.0640361394682344,
                        1.786086735114429,
                        0.6934897006843105,
                        -0.027020712023212063,
                        2.589238685063155
                    ],
                    [
                        -0.7687578002133725,
                        -0.06933652168963578,
                        0.6934897006843105,
                        1.5870753489844884,
                        1.0843043196467834,
                        2.7637435198707188
                    ],
                    [
                        -0.5884118192630261,
                        -0.09786589192303387,
                        -0.027020712023212063,
                        1.0843043196467834,
                        2.135876768496998,
                        2.3977373718156505
                    ],
                    [
                        -2.3003551239439592,
                        -0.16208315556273248,
                        2.589238685063155,
                        2.7637435198707188,
                        2.3977373718156505,
                        8.028784517273607
                    ]
                ]
            },
            "est_tgt": [
                1,
                2,
                4,
                5
            ],
            "oracle_est_tgt": [
                1,
                2,
                4,
                5
            ]
        },
        "5": {
            "intv_type": "hard",
            "inode": 5,
            "new_mui": 100.0,
            "new_vari": 0.1,
            "noise_type": "gaussian",
            "obs_noise_gamma_shape": null,
            "true_params": {
                "Si": [
                    [
                        1.0,
                        0.7279590792340952,
                        -1.3132953839912926,
                        -1.2661480819463646,
                        -1.2849013997790346,
                        0.0
                    ],
                    [
                        0.7279590792340952,
                        1.5299244210393517,
                        -1.5946522134185233,
                        -1.6263888597476355,
                        -1.9116546722067538,
                        0.0
                    ],
                    [
                        -1.3132953839912926,
                        -1.5946522134185233,
                        3.1325891020805257,
                        2.1128571546131325,
                        1.731620513872709,
                        0.0
                    ],
                    [
                        -1.2661480819463646,
                        -1.6263888597476355,
                        2.1128571546131325,
                        3.0997117283790576,
                        2.928183418676939,
                        0.0
                    ],
                    [
                        -1.2849013997790346,
                        -1.9116546722067538,
                        1.731620513872709,
                        2.928183418676939,
                        4.3159166659347665,
                        0.0
                    ],
                    [
                        0.0,
                        0.0,
                        0.0,
                        0.0,
                        0.0,
                        0.1
                    ]
                ],
                "mui": [
                    0.0,
                    0.0,
                    0.0,
                    0.0,
                    0.0,
                    100.0
                ],
                "Ai": [
                    [
                        0.0,
                        0.0,
                        0.0,
                        0.0,
                        0.0,
                        0.0
                    ],
                    [
                        0.7279590792340952,
                        0.0,
                        0.0,
                        0.0,
                        0.0,
                        0.0
                    ],
                    [
                        -0.8484011230277715,
                        -0.6386269149258342,
                        0.0,
                        0.0,
                        0.0,
                        0.0
                    ],
                    [
                        -0.7531663344033988,
                        -0.7046848678399442,
                        0.0,
                        0.0,
                        0.0,
                        0.0
                    ],
                    [
                        -0.6037603696925347,
                        -0.9140711061486386,
                        -0.5793254023947354,
                        0.6133248212959392,
                        0.0,
                        0.0
                    ],
                    [
                        0.0,
                        0.0,
                        0.0,
                        0.0,
                        0.0,
                        0.0
                    ]
                ]
            },
            "est_params": {
                "mui": [
                    -0.012798179063901878,
                    0.005280876773455935,
                    0.00624738237662642,
                    0.01907166659189027,
                    0.006297317540684543,
                    99.99732713363981
                ],
                "Si": [
                    [
                        1.0016945407715794,
                        0.7362255091297976,
                        -1.3201086110656972,
                        -1.2735308452333174,
                        -1.2980227409510308,
                        0.003175903000433828
                    ],
                    [
                        0.7362255091297976,
                        1.5650291942944607,
                        -1.6335593549728147,
                        -1.6704863727052142,
                        -1.9592658409916217,
                        0.004091877256537422
                    ],
                    [
                        -1.3201086110656972,
                        -1.6335593549728147,
                        3.167209013255892,
                        2.1505140582283104,
                        1.802767514381835,
                        -0.0102627067898811
                    ],
                    [
                        -1.2735308452333174,
                        -1.6704863727052142,
                        2.1505140582283104,
                        3.12113920810042,
                        2.958443384168806,
                        -0.0037950349871463365
                    ],
                    [
                        -1.2980227409510308,
                        -1.9592658409916217,
                        1.802767514381835,
                        2.958443384168806,
                        4.340290063786698,
                        0.0016178185505348619
                    ],
                    [
                        0.003175903000433828,
                        0.004091877256537422,
                        -0.0102627067898811,
                        -0.0037950349871463365,
                        0.0016178185505348619,
                        0.10320897032227239
                    ]
                ]
            },
            "est_tgt": [
                3,
                5
            ],
            "oracle_est_tgt": [
                3,
                5
            ]
        },
        "3": {
            "intv_type": "hard",
            "inode": 3,
            "new_mui": 100.0,
            "new_vari": 0.1,
            "noise_type": "gaussian",
            "obs_noise_gamma_shape": null,
            "true_params": {
                "Si": [
                    [
                        1.0,
                        0.7279590792340952,
                        -1.3132953839912926,
                        0.0,
                        -0.5083413536850843,
                        -2.1720257595779078
                    ],
                    [
                        0.7279590792340952,
                        1.5299244210393517,
                        -1.5946522134185233,
                        0.0,
                        -0.9141500154443287,
                        -2.5132733736683757
                    ],
                    [
                        -1.3132953839912926,
                        -1.5946522134185233,
                        3.1325891020805257,
                        0.0,
                        0.435752777095763,
                        3.9819657841679366
                    ],
                    [
                        0.0,
                        0.0,
                        0.0,
                        0.1,
                        0.06133248212959393,
                        0.09980581699331847
                    ],
                    [
                        -0.5083413536850843,
                        -0.9141500154443287,
                        0.435752777095763,
                        0.06133248212959393,
                        1.9276885601400457,
                        2.0096006786345457
                    ],
                    [
                        -2.1720257595779078,
                        -2.5132733736683757,
                        3.9819657841679366,
                        0.09980581699331847,
                        2.0096006786345457,
                        7.389533799143636
                    ]
                ],
                "mui": [
                    0.0,
                    0.0,
                    0.0,
                    100.0,
                    61.33248212959393,
                    99.80581699331847
                ],
                "Ai": [
                    [
                        0.0,
                        0.0,
                        0.0,
                        0.0,
                        0.0,
                        0.0
                    ],
                    [
                        0.7279590792340952,
                        0.0,
                        0.0,
                        0.0,
                        0.0,
                        0.0
                    ],
                    [
                        -0.8484011230277715,
                        -0.6386269149258342,
                        0.0,
                        0.0,
                        0.0,
                        0.0
                    ],
                    [
                        0.0,
                        0.0,
                        0.0,
                        0.0,
                        0.0,
                        0.0
                    ],
                    [
                        -0.6037603696925347,
                        -0.9140711061486386,
                        -0.5793254023947354,
                        0.6133248212959392,
                        0.0,
                        0.0
                    ],
                    [
                        -0.6499225857234665,
                        -0.0,
                        0.9087341039599772,
                        0.60151449361346,
                        0.6465475756905426,
                        0.0
                    ]
                ]
            },
            "est_params": {
                "mui": [
                    -0.011220310725476686,
                    0.005248978350940906,
                    0.039527549649930466,
                    99.99247293960185,
                    61.295601439058444,
                    99.80127564656496
                ],
                "Si": [
                    [
                        1.0084254652124098,
                        0.7301770300870443,
                        -1.3258496445653316,
                        -0.001111341772142545,
                        -0.5299444276534749,
                        -2.19942987476021
                    ],
                    [
                        0.7301770300870443,
                        1.5024031063267294,
                        -1.5619672654140366,
                        -0.00883022037207518,
                        -0.9211547096505085,
                        -2.4798403383092915
                    ],
                    [
                        -1.3258496445653316,
                        -1.5619672654140366,
                        3.1315353181183756,
                        0.0029564881574987417,
                        0.44066376949213176,
                        3.9918067485880684
                    ],
                    [
                        -0.001111341772142545,
                        -0.00883022037207518,
                        0.0029564881574987417,
                        0.09661484626685657,
                        0.07159777390921711,
                        0.10298631601615342
                    ],
                    [
                        -0.5299444276534749,
                        -0.9211547096505085,
                        0.44066376949213176,
                        0.07159777390921711,
                        1.9482210997741176,
                        2.042707299644145
                    ],
                    [
                        -2.19942987476021,
                        -2.4798403383092915,
                        3.9918067485880684,
                        0.10298631601615342,
                        2.042707299644145,
                        7.437640495014887
                    ]
                ]
            },
            "est_tgt": [
                1,
                3,
                4,
                5
            ],
            "oracle_est_tgt": [
                1,
                3,
                4,
                5
            ]
        },
        "obs": {
            "intv_type": "obs",
            "noise_type": "gaussian",
            "obs_noise_gamma_shape": null,
            "true_params": {
                "Si": [
                    [
                        1.0,
                        0.7279590792340952,
                        -1.3132953839912926,
                        -1.2661480819463646,
                        -1.2849013997790346,
                        -3.4357151971097086
                    ],
                    [
                        0.7279590792340952,
                        1.5299244210393517,
                        -1.5946522134185233,
                        -1.6263888597476355,
                        -1.9116546722067538,
                        -4.13650406262782
                    ],
                    [
                        -1.3132953839912926,
                        -1.5946522134185233,
                        3.1325891020805257,
                        2.1128571546131325,
                        1.731620513872709,
                        6.0907201292313555
                    ],
                    [
                        -1.2661480819463646,
                        -1.6263888597476355,
                        2.1128571546131325,
                        3.0997117283790576,
                        2.928183418676939,
                        6.500655009686632
                    ],
                    [
                        -1.2849013997790346,
                        -1.9116546722067538,
                        1.731620513872709,
                        2.928183418676939,
                        4.3159166659347665,
                        6.960459279752244
                    ],
                    [
                        -3.4357151971097086,
                        -4.13650406262782,
                        6.0907201292313555,
                        6.500655009686632,
                        6.960459279752244,
                        17.178300283147014
                    ]
                ],
                "mui": [
                    0.0,
                    0.0,
                    0.0,
                    0.0,
                    0.0,
                    0.0
                ],
                "Ai": [
                    [
                        0.0,
                        0.0,
                        0.0,
                        0.0,
                        0.0,
                        0.0
                    ],
                    [
                        0.7279590792340952,
                        0.0,
                        0.0,
                        0.0,
                        0.0,
                        0.0
                    ],
                    [
                        -0.8484011230277715,
                        -0.6386269149258342,
                        0.0,
                        0.0,
                        0.0,
                        0.0
                    ],
                    [
                        -0.7531663344033988,
                        -0.7046848678399442,
                        0.0,
                        0.0,
                        0.0,
                        0.0
                    ],
                    [
                        -0.6037603696925347,
                        -0.9140711061486386,
                        -0.5793254023947354,
                        0.6133248212959392,
                        0.0,
                        0.0
                    ],
                    [
                        -0.6499225857234665,
                        -0.0,
                        0.9087341039599772,
                        0.60151449361346,
                        0.6465475756905426,
                        0.0
                    ]
                ]
            },
            "est_params": {
                "mui": [
                    0.003270187376997404,
                    -0.004187379846211654,
                    -0.007976567637061168,
                    -0.003795567593304225,
                    0.007371507279055491,
                    -0.0100152076527208
                ],
                "Si": [
                    [
                        1.0144122450096524,
                        0.7541841242760663,
                        -1.3543685274355144,
                        -1.2780280439558263,
                        -1.303619935295128,
                        -3.491362695559787
                    ],
                    [
                        0.7541841242760663,
                        1.527328079710619,
                        -1.6252377494445915,
                        -1.6348156805757181,
                        -1.9149739762061382,
                        -4.184280417160209
                    ],
                    [
                        -1.3543685274355144,
                        -1.6252377494445915,
                        3.21094591028288,
                        2.139209684318642,
                        1.7587089993349039,
                        6.2142361121811165
                    ],
                    [
                        -1.2780280439558263,
                        -1.6348156805757181,
                        2.139209684318642,
                        3.104998933884686,
                        2.9330238840652956,
                        6.528795291715727
                    ],
                    [
                        -1.303619935295128,
                        -1.9149739762061382,
                        1.7587089993349039,
                        2.9330238840652956,
                        4.29609202194228,
                        6.974510458612718
                    ],
                    [
                        -3.491362695559787,
                        -4.184280417160209,
                        6.2142361121811165,
                        6.528795291715727,
                        6.974510458612718,
                        17.301216035922216
                    ]
                ]
            },
            "est_tgt": [
                0,
                1,
                2,
                3,
                4,
                5
            ],
            "oracle_est_tgt": [
                0,
                1,
                2,
                3,
                4,
                5
            ]
        }
    },
    "metric_dict": {
        "param_est_rel_err": 3.2917642162199163,
        "est_num_comp": 4,
        "weight_precision_error": 0.0,
        "gm_score_dict": {
            "1": -19.568231947244467,
            "2": -14.457294284121206,
            "3": -10.925198715890449,
            "4": -9.028153158974314,
            "5": -9.029322450411085,
            "6": -9.029828390502695,
            "7": -9.029703860051635
        },
        "est_dag": {
            "amat": [
                [
                    0,
                    1,
                    1,
                    0,
                    1,
                    1
                ],
                [
                    0,
                    0,
                    0,
                    1,
                    0,
                    0
                ],
                [
                    0,
                    1,
                    0,
                    1,
                    0,
                    1
                ],
                [
                    0,
                    0,
                    0,
                    0,
                    0,
                    0
                ],
                [
                    0,
                    1,
                    0,
                    1,
                    0,
                    1
                ],
                [
                    0,
                    0,
                    0,
                    1,
                    0,
                    0
                ]
            ],
            "nodes": [
                0,
                1,
                2,
                3,
                4,
                5
            ]
        },
        "oracle_est_dag": {
            "amat": [
                [
                    0,
                    1,
                    1,
                    0,
                    1,
                    1
                ],
                [
                    0,
                    0,
                    0,
                    1,
                    0,
                    0
                ],
                [
                    0,
                    1,
                    0,
                    1,
                    0,
                    1
                ],
                [
                    0,
                    0,
                    0,
                    0,
                    0,
                    0
                ],
                [
                    0,
                    1,
                    0,
                    1,
                    0,
                    1
                ],
                [
                    0,
                    0,
                    0,
                    1,
                    0,
                    0
                ]
            ],
            "nodes": [
                0,
                1,
                2,
                3,
                4,
                5
            ]
        },
        "igsp_dag": null,
        "intv_base_est_dag": null,
        "act_dag": {
            "amat": [
                [
                    0,
                    1,
                    1,
                    1,
                    1,
                    1
                ],
                [
                    0,
                    0,
                    1,
                    1,
                    1,
                    0
                ],
                [
                    0,
                    0,
                    0,
                    0,
                    1,
                    1
                ],
                [
                    0,
                    0,
                    0,
                    0,
                    1,
                    1
                ],
                [
                    0,
                    0,
                    0,
                    0,
                    0,
                    1
                ],
                [
                    0,
                    0,
                    0,
                    0,
                    0,
                    0
                ]
            ],
            "nodes": [
                0,
                1,
                2,
                3,
                4,
                5
            ]
        },
        "shd": 7,
        "oracle_shd": 7,
        "intv_base_shd": null,
        "igsp_shd": null,
        "avg_js": 0.25,
        "avg_oracle_js": 0.25
    }
}