{
    "expt_args": {
        "save_dir": "all_expt_logs/expt_logs_sim_compsel_backwardbugfixed_cameraready_half_largemean_std_var",
        "exp_name": "0",
        "num_nodes": 6,
        "num_tgt_prior": 7,
        "obs_noise_mean": 0.0,
        "obs_noise_var": 1.0,
        "obs_noise_gamma_shape": null,
        "noise_type": "gaussian",
        "max_edge_strength": 1.0,
        "graph_sparsity_method": "adj_dense_prop",
        "adj_dense_prop": 0.8,
        "num_parents": null,
        "new_noise_mean": 100.0,
        "mix_samples": 1024,
        "stage2_samples": 1024,
        "gmm_tol": 0.001,
        "intv_type": "hard",
        "new_noise_var": 0.0001,
        "dtype": "simulation",
        "cutoff_drop_ratio": 0.07,
        "intv_targets": [
            4,
            1,
            3
        ]
    },
    "intv_args_dict": {
        "4": {
            "intv_type": "hard",
            "inode": 4,
            "new_mui": 100.0,
            "new_vari": 0.0001,
            "noise_type": "gaussian",
            "obs_noise_gamma_shape": null,
            "true_params": {
                "Si": [
                    [
                        1.0,
                        0.7279590792340952,
                        -1.3132953839912926,
                        -1.2661480819463646,
                        0.0,
                        -2.6049653120811893
                    ],
                    [
                        0.7279590792340952,
                        1.5299244210393517,
                        -1.5946522134185233,
                        -1.6263888597476355,
                        0.0,
                        -2.9005283687550447
                    ],
                    [
                        -1.3132953839912926,
                        -1.5946522134185233,
                        3.1325891020805257,
                        2.1128571546131325,
                        0.0,
                        4.971145083970945
                    ],
                    [
                        -1.2661480819463646,
                        -1.6263888597476355,
                        2.1128571546131325,
                        3.0997117283790576,
                        0.0,
                        4.607445119163812
                    ],
                    [
                        0.0,
                        0.0,
                        0.0,
                        0.0,
                        0.0001,
                        6.465475756905426e-05
                    ],
                    [
                        -2.6049653120811893,
                        -2.9005283687550447,
                        4.971145083970945,
                        4.607445119163812,
                        6.465475756905426e-05,
                        9.98196168496752
                    ]
                ],
                "mui": [
                    0.0,
                    0.0,
                    0.0,
                    0.0,
                    100.0,
                    64.65475756905425
                ],
                "Ai": [
                    [
                        0.0,
                        0.0,
                        0.0,
                        0.0,
                        0.0,
                        0.0
                    ],
                    [
                        0.7279590792340952,
                        0.0,
                        0.0,
                        0.0,
                        0.0,
                        0.0
                    ],
                    [
                        -0.8484011230277715,
                        -0.6386269149258342,
                        0.0,
                        0.0,
                        0.0,
                        0.0
                    ],
                    [
                        -0.7531663344033988,
                        -0.7046848678399442,
                        0.0,
                        0.0,
                        0.0,
                        0.0
                    ],
                    [
                        0.0,
                        0.0,
                        0.0,
                        0.0,
                        0.0,
                        0.0
                    ],
                    [
                        -0.6499225857234665,
                        -0.0,
                        0.9087341039599772,
                        0.60151449361346,
                        0.6465475756905426,
                        0.0
                    ]
                ]
            },
            "est_params": {
                "mui": [
                    -0.05423034959616701,
                    -0.025951144364168375,
                    0.10144087566029478,
                    0.020134352368917828,
                    100.00061541731837,
                    64.80602447400392
                ],
                "Si": [
                    [
                        1.002836264906929,
                        0.7700543509451769,
                        -1.3744056523933406,
                        -1.2942630744625558,
                        -0.0004520409058085371,
                        -2.71558224227453
                    ],
                    [
                        0.7700543509451769,
                        1.557171625612538,
                        -1.59108917858679,
                        -1.58614848457342,
                        -0.0016047469406803997,
                        -2.9412756704570833
                    ],
                    [
                        -1.3744056523933406,
                        -1.59108917858679,
                        3.1033589155490797,
                        2.169450494907591,
                        0.0004893903953889374,
                        5.129842981747332
                    ],
                    [
                        -1.2942630744625558,
                        -1.58614848457342,
                        2.169450494907591,
                        2.896489875679346,
                        0.0008172334230594795,
                        4.627711535523091
                    ],
                    [
                        -0.0004520409058085371,
                        -0.0016047469406803997,
                        0.0004893903953889374,
                        0.0008172334230594795,
                        9.912418708878912e-05,
                        0.0009690700423804483
                    ],
                    [
                        -2.71558224227453,
                        -2.9412756704570833,
                        5.129842981747332,
                        4.627711535523091,
                        0.0009690700423804483,
                        10.27429151698928
                    ]
                ]
            },
            "est_tgt": [
                0,
                3,
                4,
                5
            ],
            "oracle_est_tgt": [
                0,
                3,
                4,
                5
            ]
        },
        "1": {
            "intv_type": "hard",
            "inode": 1,
            "new_mui": 100.0,
            "new_vari": 0.0001,
            "noise_type": "gaussian",
            "obs_noise_gamma_shape": null,
            "true_params": {
                "Si": [
                    [
                        1.0,
                        0.0,
                        -0.8484011230277715,
                        -0.7531663344033988,
                        -0.5741956551564077,
                        -2.245178895115531
                    ],
                    [
                        0.0,
                        0.0001,
                        -6.386269149258343e-05,
                        -7.046848678399442e-05,
                        -9.762990323170077e-05,
                        -0.00016354439912292485
                    ],
                    [
                        -0.8484011230277715,
                        -6.386269149258343e-05,
                        1.7198252499884306,
                        0.6390321670068679,
                        -0.09211481463846677,
                        2.439089409375046
                    ],
                    [
                        -0.7531663344033988,
                        -7.046848678399442e-05,
                        0.6390321670068679,
                        1.5673091853549486,
                        1.0458584564359048,
                        2.6891665757105043
                    ],
                    [
                        -0.5741956551564077,
                        -9.762990323170077e-05,
                        -0.09211481463846677,
                        1.0458584564359048,
                        2.0415812246580645,
                        2.238553262560904
                    ],
                    [
                        -2.245178895115531,
                        -0.00016354439912292485,
                        2.439089409375046,
                        2.6891665757105043,
                        2.238553262560904,
                        7.740580057825597
                    ]
                ],
                "mui": [
                    0.0,
                    100.0,
                    -63.86269149258342,
                    -70.46848678399442,
                    -97.62990323170077,
                    -163.54439912292486
                ],
                "Ai": [
                    [
                        0.0,
                        0.0,
                        0.0,
                        0.0,
                        0.0,
                        0.0
                    ],
                    [
                        0.0,
                        0.0,
                        0.0,
                        0.0,
                        0.0,
                        0.0
                    ],
                    [
                        -0.8484011230277715,
                        -0.6386269149258342,
                        0.0,
                        0.0,
                        0.0,
                        0.0
                    ],
                    [
                        -0.7531663344033988,
                        -0.7046848678399442,
                        0.0,
                        0.0,
                        0.0,
                        0.0
                    ],
                    [
                        -0.6037603696925347,
                        -0.9140711061486386,
                        -0.5793254023947354,
                        0.6133248212959392,
                        0.0,
                        0.0
                    ],
                    [
                        -0.6499225857234665,
                        -0.0,
                        0.9087341039599772,
                        0.60151449361346,
                        0.6465475756905426,
                        0.0
                    ]
                ]
            },
            "est_params": {
                "mui": [
                    -0.06961755632578955,
                    99.99989593264394,
                    -63.84559108580529,
                    -70.43409351206786,
                    -97.69038843062027,
                    -163.48223549246163
                ],
                "Si": [
                    [
                        1.0036601044625215,
                        0.0003225730150480584,
                        -0.7990258351552681,
                        -0.8473109403485767,
                        -0.5817056615458868,
                        -2.232679533097334
                    ],
                    [
                        0.0003225730150480584,
                        9.728422026761212e-05,
                        0.0010701700048669455,
                        -5.7469562166838195e-05,
                        -0.0013036904236321456,
                        8.522421829808121e-05
                    ],
                    [
                        -0.7990258351552681,
                        0.0010701700048669455,
                        1.5606765484791785,
                        0.7604120755637173,
                        -0.012206802193827936,
                        2.3553624070038413
                    ],
                    [
                        -0.8473109403485767,
                        -5.7469562166838195e-05,
                        0.7604120755637173,
                        1.6751843278057668,
                        0.9759893392090265,
                        2.8339526542115543
                    ],
                    [
                        -0.5817056615458868,
                        -0.0013036904236321456,
                        -0.012206802193827936,
                        0.9759893392090265,
                        1.9156382903048599,
                        2.122992420067358
                    ],
                    [
                        -2.232679533097334,
                        8.522421829808121e-05,
                        2.3553624070038413,
                        2.8339526542115543,
                        2.122992420067358,
                        7.5025176793314525
                    ]
                ]
            },
            "est_tgt": [
                0,
                1,
                2,
                4,
                5
            ],
            "oracle_est_tgt": [
                0,
                1,
                2,
                4,
                5
            ]
        },
        "3": {
            "intv_type": "hard",
            "inode": 3,
            "new_mui": 100.0,
            "new_vari": 0.0001,
            "noise_type": "gaussian",
            "obs_noise_gamma_shape": null,
            "true_params": {
                "Si": [
                    [
                        1.0,
                        0.7279590792340952,
                        -1.3132953839912926,
                        0.0,
                        -0.5083413536850843,
                        -2.1720257595779078
                    ],
                    [
                        0.7279590792340952,
                        1.5299244210393517,
                        -1.5946522134185233,
                        0.0,
                        -0.9141500154443287,
                        -2.5132733736683757
                    ],
                    [
                        -1.3132953839912926,
                        -1.5946522134185233,
                        3.1325891020805257,
                        0.0,
                        0.435752777095763,
                        3.9819657841679366
                    ],
                    [
                        0.0,
                        0.0,
                        0.0,
                        0.0001,
                        6.133248212959393e-05,
                        9.980581699331848e-05
                    ],
                    [
                        -0.5083413536850843,
                        -0.9141500154443287,
                        0.435752777095763,
                        6.133248212959393e-05,
                        1.890109443231918,
                        1.948448507147695
                    ],
                    [
                        -2.1720257595779078,
                        -2.5132733736683757,
                        3.9819657841679366,
                        9.980581699331848e-05,
                        1.948448507147695,
                        7.290021400097656
                    ]
                ],
                "mui": [
                    0.0,
                    0.0,
                    0.0,
                    100.0,
                    61.33248212959393,
                    99.80581699331847
                ],
                "Ai": [
                    [
                        0.0,
                        0.0,
                        0.0,
                        0.0,
                        0.0,
                        0.0
                    ],
                    [
                        0.7279590792340952,
                        0.0,
                        0.0,
                        0.0,
                        0.0,
                        0.0
                    ],
                    [
                        -0.8484011230277715,
                        -0.6386269149258342,
                        0.0,
                        0.0,
                        0.0,
                        0.0
                    ],
                    [
                        0.0,
                        0.0,
                        0.0,
                        0.0,
                        0.0,
                        0.0
                    ],
                    [
                        -0.6037603696925347,
                        -0.9140711061486386,
                        -0.5793254023947354,
                        0.6133248212959392,
                        0.0,
                        0.0
                    ],
                    [
                        -0.6499225857234665,
                        -0.0,
                        0.9087341039599772,
                        0.60151449361346,
                        0.6465475756905426,
                        0.0
                    ]
                ]
            },
            "est_params": {
                "mui": [
                    0.03715971366407475,
                    -0.03003819693872621,
                    -0.09332494593972925,
                    100.00119853215392,
                    61.37809316793124,
                    99.6481591383991
                ],
                "Si": [
                    [
                        1.1868701555382113,
                        0.7965316610420977,
                        -1.461590227008952,
                        -0.0003553225724154745,
                        -0.5605271089323184,
                        -2.5350547621192696
                    ],
                    [
                        0.7965316610420977,
                        1.693189655964028,
                        -1.6861657917232806,
                        0.00044462484898684325,
                        -0.9686888983965937,
                        -2.7220277972664317
                    ],
                    [
                        -1.461590227008952,
                        -1.6861657917232806,
                        3.2517957312760277,
                        0.00040829650522719243,
                        0.3081904388682974,
                        4.146542733398908
                    ],
                    [
                        -0.0003553225724154745,
                        0.00044462484898684325,
                        0.00040829650522719243,
                        0.00010812228829372333,
                        -0.0008476412894094695,
                        0.0006798573922705763
                    ],
                    [
                        -0.5605271089323184,
                        -0.9686888983965937,
                        0.3081904388682974,
                        -0.0008476412894094695,
                        2.229579445545642,
                        2.243647512198624
                    ],
                    [
                        -2.5350547621192696,
                        -2.7220277972664317,
                        4.146542733398908,
                        0.0006798573922705763,
                        2.243647512198624,
                        7.90830536925298
                    ]
                ]
            },
            "est_tgt": [
                0,
                3,
                4,
                5
            ],
            "oracle_est_tgt": [
                0,
                3,
                4,
                5
            ]
        },
        "obs": {
            "intv_type": "obs",
            "noise_type": "gaussian",
            "obs_noise_gamma_shape": null,
            "true_params": {
                "Si": [
                    [
                        1.0,
                        0.7279590792340952,
                        -1.3132953839912926,
                        -1.2661480819463646,
                        -1.2849013997790346,
                        -3.4357151971097086
                    ],
                    [
                        0.7279590792340952,
                        1.5299244210393517,
                        -1.5946522134185233,
                        -1.6263888597476355,
                        -1.9116546722067538,
                        -4.13650406262782
                    ],
                    [
                        -1.3132953839912926,
                        -1.5946522134185233,
                        3.1325891020805257,
                        2.1128571546131325,
                        1.731620513872709,
                        6.0907201292313555
                    ],
                    [
                        -1.2661480819463646,
                        -1.6263888597476355,
                        2.1128571546131325,
                        3.0997117283790576,
                        2.928183418676939,
                        6.500655009686632
                    ],
                    [
                        -1.2849013997790346,
                        -1.9116546722067538,
                        1.731620513872709,
                        2.928183418676939,
                        4.3159166659347665,
                        6.960459279752244
                    ],
                    [
                        -3.4357151971097086,
                        -4.13650406262782,
                        6.0907201292313555,
                        6.500655009686632,
                        6.960459279752244,
                        17.178300283147014
                    ]
                ],
                "mui": [
                    0.0,
                    0.0,
                    0.0,
                    0.0,
                    0.0,
                    0.0
                ],
                "Ai": [
                    [
                        0.0,
                        0.0,
                        0.0,
                        0.0,
                        0.0,
                        0.0
                    ],
                    [
                        0.7279590792340952,
                        0.0,
                        0.0,
                        0.0,
                        0.0,
                        0.0
                    ],
                    [
                        -0.8484011230277715,
                        -0.6386269149258342,
                        0.0,
                        0.0,
                        0.0,
                        0.0
                    ],
                    [
                        -0.7531663344033988,
                        -0.7046848678399442,
                        0.0,
                        0.0,
                        0.0,
                        0.0
                    ],
                    [
                        -0.6037603696925347,
                        -0.9140711061486386,
                        -0.5793254023947354,
                        0.6133248212959392,
                        0.0,
                        0.0
                    ],
                    [
                        -0.6499225857234665,
                        -0.0,
                        0.9087341039599772,
                        0.60151449361346,
                        0.6465475756905426,
                        0.0
                    ]
                ]
            },
            "est_params": {
                "mui": [
                    -0.01131508816997041,
                    -0.17124735506090605,
                    0.1333794409443647,
                    0.1358536038518977,
                    0.06351319157774474,
                    0.19123926908401018
                ],
                "Si": [
                    [
                        1.138286957446,
                        0.865286748127743,
                        -1.5603529646967178,
                        -1.5091333341326338,
                        -1.5715527767986799,
                        -4.094705101328339
                    ],
                    [
                        0.865286748127743,
                        1.5020314194275457,
                        -1.791634725984209,
                        -1.7337207801496721,
                        -1.9726263546286327,
                        -4.558542831913856
                    ],
                    [
                        -1.5603529646967178,
                        -1.791634725984209,
                        3.557360554496646,
                        2.4783694770413542,
                        2.231393448766622,
                        7.272239256931228
                    ],
                    [
                        -1.5091333341326338,
                        -1.7337207801496721,
                        2.4783694770413542,
                        3.2948096059246446,
                        3.2814754363380043,
                        7.260751918268061
                    ],
                    [
                        -1.5715527767986799,
                        -1.9726263546286327,
                        2.231393448766622,
                        3.2814754363380043,
                        4.660152961139879,
                        7.849307787013384
                    ],
                    [
                        -4.094705101328339,
                        -4.558542831913856,
                        7.272239256931228,
                        7.260751918268061,
                        7.849307787013384,
                        19.504166300906316
                    ]
                ]
            },
            "est_tgt": [
                0,
                1,
                2,
                3,
                4,
                5
            ],
            "oracle_est_tgt": [
                0,
                1,
                2,
                3,
                4,
                5
            ]
        }
    },
    "metric_dict": {
        "param_est_rel_err": 26.41045817362606,
        "est_num_comp": 4,
        "weight_precision_error": 0.0,
        "gm_score_dict": {
            "1": -19.52821887594514,
            "2": -13.549366070751027,
            "3": -10.231372681685965,
            "4": -6.371920782138728,
            "5": -6.355225215208649,
            "6": -6.334187478253545,
            "7": -6.308065662948804
        },
        "est_dag": {
            "amat": [
                [
                    0,
                    0,
                    0,
                    0,
                    0,
                    0
                ],
                [
                    1,
                    0,
                    0,
                    0,
                    1,
                    0
                ],
                [
                    0,
                    1,
                    0,
                    0,
                    0,
                    1
                ],
                [
                    0,
                    0,
                    0,
                    0,
                    0,
                    0
                ],
                [
                    0,
                    0,
                    0,
                    1,
                    0,
                    1
                ],
                [
                    1,
                    0,
                    0,
                    1,
                    0,
                    0
                ]
            ],
            "nodes": [
                0,
                1,
                2,
                3,
                4,
                5
            ]
        },
        "oracle_est_dag": {
            "amat": [
                [
                    0,
                    0,
                    0,
                    0,
                    0,
                    0
                ],
                [
                    1,
                    0,
                    0,
                    0,
                    1,
                    0
                ],
                [
                    0,
                    1,
                    0,
                    0,
                    0,
                    1
                ],
                [
                    0,
                    0,
                    0,
                    0,
                    0,
                    0
                ],
                [
                    0,
                    0,
                    0,
                    1,
                    0,
                    1
                ],
                [
                    1,
                    0,
                    0,
                    1,
                    0,
                    0
                ]
            ],
            "nodes": [
                0,
                1,
                2,
                3,
                4,
                5
            ]
        },
        "igsp_dag": null,
        "intv_base_est_dag": null,
        "act_dag": {
            "amat": [
                [
                    0,
                    1,
                    1,
                    1,
                    1,
                    1
                ],
                [
                    0,
                    0,
                    1,
                    1,
                    1,
                    0
                ],
                [
                    0,
                    0,
                    0,
                    0,
                    1,
                    1
                ],
                [
                    0,
                    0,
                    0,
                    0,
                    1,
                    1
                ],
                [
                    0,
                    0,
                    0,
                    0,
                    0,
                    1
                ],
                [
                    0,
                    0,
                    0,
                    0,
                    0,
                    0
                ]
            ],
            "nodes": [
                0,
                1,
                2,
                3,
                4,
                5
            ]
        },
        "shd": 10,
        "oracle_shd": 10,
        "intv_base_shd": null,
        "igsp_shd": null,
        "avg_js": 0.175,
        "avg_oracle_js": 0.175
    }
}