{
    "expt_args": {
        "save_dir": "all_expt_logs/expt_logs_sim_compsel_backwardbugfixed_cameraready_half_largemean_std_var",
        "exp_name": "1",
        "num_nodes": 6,
        "num_tgt_prior": 7,
        "obs_noise_mean": 0.0,
        "obs_noise_var": 1.0,
        "obs_noise_gamma_shape": null,
        "noise_type": "gaussian",
        "max_edge_strength": 1.0,
        "graph_sparsity_method": "adj_dense_prop",
        "adj_dense_prop": 0.8,
        "num_parents": null,
        "new_noise_mean": 100.0,
        "mix_samples": 2048,
        "stage2_samples": 2048,
        "gmm_tol": 0.001,
        "intv_type": "hard",
        "new_noise_var": 0.0001,
        "dtype": "simulation",
        "cutoff_drop_ratio": 0.07,
        "intv_targets": [
            5,
            2,
            1
        ]
    },
    "intv_args_dict": {
        "5": {
            "intv_type": "hard",
            "inode": 5,
            "new_mui": 100.0,
            "new_vari": 0.0001,
            "noise_type": "gaussian",
            "obs_noise_gamma_shape": null,
            "true_params": {
                "Si": [
                    [
                        1.0,
                        -0.6043902707795143,
                        -0.3786761155709602,
                        -0.36600638473628133,
                        0.7685835974702039,
                        0.0
                    ],
                    [
                        -0.6043902707795143,
                        1.3652875994129348,
                        -0.4668297330458461,
                        -1.042994080903751,
                        -0.8109642304976645,
                        0.0
                    ],
                    [
                        -0.3786761155709602,
                        -0.4668297330458461,
                        1.6273911589308367,
                        1.7085470472108215,
                        -0.1741306099388613,
                        0.0
                    ],
                    [
                        -0.36600638473628133,
                        -1.042994080903751,
                        1.7085470472108215,
                        3.2088881009722496,
                        0.6230867745147851,
                        0.0
                    ],
                    [
                        0.7685835974702039,
                        -0.8109642304976645,
                        -0.1741306099388613,
                        0.6230867745147851,
                        2.030967625709647,
                        0.0
                    ],
                    [
                        0.0,
                        0.0,
                        0.0,
                        0.0,
                        0.0,
                        0.0001
                    ]
                ],
                "mui": [
                    0.0,
                    0.0,
                    0.0,
                    0.0,
                    0.0,
                    100.0
                ],
                "Ai": [
                    [
                        0.0,
                        0.0,
                        0.0,
                        0.0,
                        0.0,
                        0.0
                    ],
                    [
                        -0.6043902707795143,
                        0.0,
                        0.0,
                        0.0,
                        0.0,
                        0.0
                    ],
                    [
                        -0.7991491535463986,
                        -0.6956978930735134,
                        0.0,
                        0.0,
                        0.0,
                        0.0
                    ],
                    [
                        -0.5783112596124294,
                        -0.7838639461905021,
                        0.6904445700833597,
                        0.0,
                        0.0,
                        0.0
                    ],
                    [
                        0.7793123162302453,
                        0.0,
                        -0.5053046085500159,
                        0.5521092350655782,
                        0.0,
                        0.0
                    ],
                    [
                        0.0,
                        0.0,
                        0.0,
                        0.0,
                        0.0,
                        0.0
                    ]
                ]
            },
            "est_params": {
                "mui": [
                    -0.019890304827588433,
                    0.1139114596033613,
                    -0.09391580869415242,
                    -0.10786035816903185,
                    -0.04095104400678241,
                    100.00032004192751
                ],
                "Si": [
                    [
                        0.9403098970447094,
                        -0.5333454736179908,
                        -0.3522104988289956,
                        -0.405783540995297,
                        0.6337511563172918,
                        0.0004461311897096201
                    ],
                    [
                        -0.5333454736179908,
                        1.3083706378146782,
                        -0.48991126422152903,
                        -1.0675486212315044,
                        -0.7848283470073334,
                        -0.00019231449896816305
                    ],
                    [
                        -0.3522104988289956,
                        -0.48991126422152903,
                        1.6643498199513944,
                        1.7112095267860314,
                        -0.025993885130596438,
                        0.00017109576646044707
                    ],
                    [
                        -0.405783540995297,
                        -1.0675486212315044,
                        1.7112095267860314,
                        3.1280389648623137,
                        0.7420978605378652,
                        -0.0007119100734875387
                    ],
                    [
                        0.6337511563172918,
                        -0.7848283470073334,
                        -0.025993885130596438,
                        0.7420978605378652,
                        1.8655299766395028,
                        0.0006780873799934504
                    ],
                    [
                        0.0004461311897096201,
                        -0.00019231449896816305,
                        0.00017109576646044707,
                        -0.0007119100734875387,
                        0.0006780873799934504,
                        0.00010092671343101564
                    ]
                ]
            },
            "est_tgt": [
                5
            ],
            "oracle_est_tgt": [
                1,
                4,
                5
            ]
        },
        "2": {
            "intv_type": "hard",
            "inode": 2,
            "new_mui": 100.0,
            "new_vari": 0.0001,
            "noise_type": "gaussian",
            "obs_noise_gamma_shape": null,
            "true_params": {
                "Si": [
                    [
                        1.0,
                        -0.6043902707795143,
                        0.0,
                        -0.1045515169200531,
                        0.721588458198569,
                        0.04322580954754596
                    ],
                    [
                        -0.6043902707795143,
                        1.3652875994129348,
                        0.0,
                        -0.7206740265687823,
                        -0.8688995673687291,
                        0.7467100393526154
                    ],
                    [
                        0.0,
                        0.0,
                        0.0001,
                        6.904445700833597e-05,
                        -1.241037851061102e-05,
                        6.310589446790616e-06
                    ],
                    [
                        -0.1045515169200531,
                        -0.7206740265687823,
                        6.904445700833597e-05,
                        1.6254213771980663,
                        0.8158969799253897,
                        -0.8910563233247334
                    ],
                    [
                        0.721588458198569,
                        -0.8688995673687291,
                        -1.241037851061102e-05,
                        0.8158969799253897,
                        2.0128133012241163,
                        -0.9667701151589991
                    ],
                    [
                        0.04322580954754596,
                        0.7467100393526154,
                        6.310589446790616e-06,
                        -0.8910563233247334,
                        -0.9667701151589991,
                        1.936525289132467
                    ]
                ],
                "mui": [
                    0.0,
                    0.0,
                    100.0,
                    69.04445700833597,
                    -12.41037851061102,
                    6.310589446790615
                ],
                "Ai": [
                    [
                        0.0,
                        0.0,
                        0.0,
                        0.0,
                        0.0,
                        0.0
                    ],
                    [
                        -0.6043902707795143,
                        0.0,
                        0.0,
                        0.0,
                        0.0,
                        0.0
                    ],
                    [
                        0.0,
                        0.0,
                        0.0,
                        0.0,
                        0.0,
                        0.0
                    ],
                    [
                        -0.5783112596124294,
                        -0.7838639461905021,
                        0.6904445700833597,
                        0.0,
                        0.0,
                        0.0
                    ],
                    [
                        0.7793123162302453,
                        0.0,
                        -0.5053046085500159,
                        0.5521092350655782,
                        0.0,
                        0.0
                    ],
                    [
                        0.7442375275571274,
                        0.5527704884392837,
                        0.0,
                        0.0,
                        -0.5084929070773294,
                        0.0
                    ]
                ]
            },
            "est_params": {
                "mui": [
                    -0.035279463567037914,
                    0.06962483485271048,
                    99.99907855504924,
                    69.0627527486018,
                    -12.49323949195611,
                    6.367035174783025
                ],
                "Si": [
                    [
                        0.9938794385621045,
                        -0.6024161196549327,
                        -0.00048259223933791386,
                        -0.22036417090991373,
                        0.6300502176650542,
                        0.10514810061816468
                    ],
                    [
                        -0.6024161196549327,
                        1.4404389061385026,
                        0.0007417439578520308,
                        -0.742662230601485,
                        -0.8016583061784939,
                        0.8193870676088564
                    ],
                    [
                        -0.00048259223933791386,
                        0.0007417439578520308,
                        0.00010089578625826785,
                        -4.00725779692815e-05,
                        0.00032118103600868754,
                        -0.00035159608935646187
                    ],
                    [
                        -0.22036417090991373,
                        -0.742662230601485,
                        -4.00725779692815e-05,
                        1.7615652728919942,
                        0.7234643211575611,
                        -1.039314844593279
                    ],
                    [
                        0.6300502176650542,
                        -0.8016583061784939,
                        0.00032118103600868754,
                        0.7234643211575611,
                        1.946611711759569,
                        -0.8859992699563237
                    ],
                    [
                        0.10514810061816468,
                        0.8193870676088564,
                        -0.00035159608935646187,
                        -1.039314844593279,
                        -0.8859992699563237,
                        1.9960928895943497
                    ]
                ]
            },
            "est_tgt": [
                1,
                2,
                3,
                4
            ],
            "oracle_est_tgt": [
                1,
                2,
                3,
                4,
                5
            ]
        },
        "1": {
            "intv_type": "hard",
            "inode": 1,
            "new_mui": 100.0,
            "new_vari": 0.0001,
            "noise_type": "gaussian",
            "obs_noise_gamma_shape": null,
            "true_params": {
                "Si": [
                    [
                        1.0,
                        0.0,
                        -0.7991491535463986,
                        -1.1300794533652532,
                        0.5591987638752681,
                        0.4598889224801432
                    ],
                    [
                        0.0,
                        0.0001,
                        -6.956978930735134e-05,
                        -0.00012642047788815431,
                        -3.464397819059547e-05,
                        7.289326602678786e-05
                    ],
                    [
                        -0.7991491535463986,
                        -6.956978930735134e-05,
                        1.6386877691697679,
                        1.5936345591404866,
                        -0.5709629021785882,
                        -0.30446466034905967
                    ],
                    [
                        -1.1300794533652532,
                        -0.00012642047788815431,
                        1.5936345591404866,
                        2.7539530966481993,
                        -0.16547278580762803,
                        -0.756975681927472
                    ],
                    [
                        0.5591987638752681,
                        -3.464397819059547e-05,
                        -0.5709629021785882,
                        -0.16547278580762803,
                        1.632941616494238,
                        -0.41418167438792314
                    ],
                    [
                        0.4598889224801432,
                        7.289326602678786e-05,
                        -0.30446466034905967,
                        -0.756975681927472,
                        -0.41418167438792314,
                        1.5529153315314697
                    ]
                ],
                "mui": [
                    0.0,
                    100.0,
                    -69.56978930735134,
                    -126.42047788815431,
                    -34.64397819059547,
                    72.89326602678786
                ],
                "Ai": [
                    [
                        0.0,
                        0.0,
                        0.0,
                        0.0,
                        0.0,
                        0.0
                    ],
                    [
                        0.0,
                        0.0,
                        0.0,
                        0.0,
                        0.0,
                        0.0
                    ],
                    [
                        -0.7991491535463986,
                        -0.6956978930735134,
                        0.0,
                        0.0,
                        0.0,
                        0.0
                    ],
                    [
                        -0.5783112596124294,
                        -0.7838639461905021,
                        0.6904445700833597,
                        0.0,
                        0.0,
                        0.0
                    ],
                    [
                        0.7793123162302453,
                        0.0,
                        -0.5053046085500159,
                        0.5521092350655782,
                        0.0,
                        0.0
                    ],
                    [
                        0.7442375275571274,
                        0.5527704884392837,
                        0.0,
                        0.0,
                        -0.5084929070773294,
                        0.0
                    ]
                ]
            },
            "est_params": {
                "mui": [
                    0.03959634661424789,
                    99.9998837217675,
                    -69.59623592460407,
                    -126.39890450376177,
                    -34.5548857692435,
                    72.90876640901365
                ],
                "Si": [
                    [
                        0.9469174818663705,
                        0.00024503174128681507,
                        -0.7448212936425567,
                        -0.9746908820884695,
                        0.5590231791666709,
                        0.44752010300705813
                    ],
                    [
                        0.00024503174128681507,
                        0.00010359119117591881,
                        -0.0002292644188601226,
                        4.329791071587026e-05,
                        0.0009301480784226812,
                        -0.00016155387130376757
                    ],
                    [
                        -0.7448212936425567,
                        -0.0002292644188601226,
                        1.6250627701327365,
                        1.5684288034173752,
                        -0.48292387277215726,
                        -0.3285698191167663
                    ],
                    [
                        -0.9746908820884695,
                        4.329791071587026e-05,
                        1.5684288034173752,
                        2.5283979572096014,
                        -0.11303849261589798,
                        -0.6517819234824799
                    ],
                    [
                        0.5590231791666709,
                        0.0009301480784226812,
                        -0.48292387277215726,
                        -0.11303849261589798,
                        1.659457840930591,
                        -0.37468306349308533
                    ],
                    [
                        0.44752010300705813,
                        -0.00016155387130376757,
                        -0.3285698191167663,
                        -0.6517819234824799,
                        -0.37468306349308533,
                        1.5739708991581984
                    ]
                ]
            },
            "est_tgt": [
                1,
                3
            ],
            "oracle_est_tgt": [
                1,
                5
            ]
        },
        "obs": {
            "intv_type": "obs",
            "noise_type": "gaussian",
            "obs_noise_gamma_shape": null,
            "true_params": {
                "Si": [
                    [
                        1.0,
                        -0.6043902707795143,
                        -0.3786761155709602,
                        -0.36600638473628133,
                        0.7685835974702039,
                        0.01932911456080838
                    ],
                    [
                        -0.6043902707795143,
                        1.3652875994129348,
                        -0.4668297330458461,
                        -1.042994080903751,
                        -0.8109642304976645,
                        0.7172503314845433
                    ],
                    [
                        -0.3786761155709602,
                        -0.4668297330458461,
                        1.6273911589308367,
                        1.7085470472108215,
                        -0.1741306099388613,
                        -0.451330495492241
                    ],
                    [
                        -0.36600638473628133,
                        -1.042994080903751,
                        1.7085470472108215,
                        3.2088881009722496,
                        0.6230867745147851,
                        -1.1657672397211605
                    ],
                    [
                        0.7685835974702039,
                        -0.8109642304976645,
                        -0.1741306099388613,
                        0.6230867745147851,
                        2.030967625709647,
                        -0.9090009696738348
                    ],
                    [
                        0.01932911456080838,
                        0.7172503314845433,
                        -0.451330495492241,
                        -1.1657672397211605,
                        -0.9090009696738348,
                        1.8730808141041133
                    ]
                ],
                "mui": [
                    0.0,
                    0.0,
                    0.0,
                    0.0,
                    0.0,
                    0.0
                ],
                "Ai": [
                    [
                        0.0,
                        0.0,
                        0.0,
                        0.0,
                        0.0,
                        0.0
                    ],
                    [
                        -0.6043902707795143,
                        0.0,
                        0.0,
                        0.0,
                        0.0,
                        0.0
                    ],
                    [
                        -0.7991491535463986,
                        -0.6956978930735134,
                        0.0,
                        0.0,
                        0.0,
                        0.0
                    ],
                    [
                        -0.5783112596124294,
                        -0.7838639461905021,
                        0.6904445700833597,
                        0.0,
                        0.0,
                        0.0
                    ],
                    [
                        0.7793123162302453,
                        0.0,
                        -0.5053046085500159,
                        0.5521092350655782,
                        0.0,
                        0.0
                    ],
                    [
                        0.7442375275571274,
                        0.5527704884392837,
                        0.0,
                        0.0,
                        -0.5084929070773294,
                        0.0
                    ]
                ]
            },
            "est_params": {
                "mui": [
                    0.03777968902859742,
                    -0.06597818254119546,
                    0.11181142579650835,
                    0.0314938052269197,
                    -0.03151311283223995,
                    -0.018701872255980904
                ],
                "Si": [
                    [
                        0.9608717237120383,
                        -0.5521270116665378,
                        -0.33344679177408887,
                        -0.24039267163003908,
                        0.7930639494335749,
                        0.033232740917522124
                    ],
                    [
                        -0.5521270116665378,
                        1.2898466833402977,
                        -0.5593694155761024,
                        -1.1318977043514196,
                        -0.7757822466799191,
                        0.6422054054336443
                    ],
                    [
                        -0.33344679177408887,
                        -0.5593694155761024,
                        1.6905942395147753,
                        1.7224040233933726,
                        -0.14245030930768812,
                        -0.38951607300789637
                    ],
                    [
                        -0.24039267163003908,
                        -1.1318977043514196,
                        1.7224040233933726,
                        3.0548316053927724,
                        0.703234136951483,
                        -1.0705441998499219
                    ],
                    [
                        0.7930639494335749,
                        -0.7757822466799191,
                        -0.14245030930768812,
                        0.703234136951483,
                        2.101437881487922,
                        -0.9144002724699132
                    ],
                    [
                        0.033232740917522124,
                        0.6422054054336443,
                        -0.38951607300789637,
                        -1.0705441998499219,
                        -0.9144002724699132,
                        1.921791005802772
                    ]
                ]
            },
            "est_tgt": [
                0,
                1,
                2,
                3,
                4,
                5
            ],
            "oracle_est_tgt": [
                0,
                1,
                2,
                3,
                4,
                5
            ]
        }
    },
    "metric_dict": {
        "param_est_rel_err": 8.212438516287614,
        "est_num_comp": 4,
        "weight_precision_error": 0.0,
        "gm_score_dict": {
            "1": -19.513570271190623,
            "2": -13.570730761573532,
            "3": -9.178622652655516,
            "4": -6.421377890375197,
            "5": -6.414929406124267,
            "6": -6.408334839539846,
            "7": -6.396906659490771
        },
        "est_dag": {
            "amat": [
                [
                    0,
                    1,
                    0,
                    0,
                    1,
                    1
                ],
                [
                    0,
                    0,
                    0,
                    0,
                    0,
                    1
                ],
                [
                    0,
                    0,
                    0,
                    0,
                    0,
                    0
                ],
                [
                    0,
                    1,
                    1,
                    0,
                    1,
                    0
                ],
                [
                    0,
                    0,
                    1,
                    0,
                    0,
                    1
                ],
                [
                    0,
                    0,
                    0,
                    0,
                    0,
                    0
                ]
            ],
            "nodes": [
                0,
                1,
                2,
                3,
                4,
                5
            ]
        },
        "oracle_est_dag": {
            "amat": [
                [
                    0,
                    1,
                    0,
                    1,
                    1,
                    0
                ],
                [
                    0,
                    0,
                    0,
                    1,
                    0,
                    0
                ],
                [
                    0,
                    0,
                    0,
                    0,
                    0,
                    0
                ],
                [
                    0,
                    0,
                    1,
                    0,
                    0,
                    0
                ],
                [
                    0,
                    0,
                    1,
                    1,
                    0,
                    0
                ],
                [
                    0,
                    1,
                    0,
                    0,
                    1,
                    0
                ]
            ],
            "nodes": [
                0,
                1,
                2,
                3,
                4,
                5
            ]
        },
        "igsp_dag": null,
        "intv_base_est_dag": null,
        "act_dag": {
            "amat": [
                [
                    0,
                    1,
                    1,
                    1,
                    1,
                    1
                ],
                [
                    0,
                    0,
                    1,
                    1,
                    0,
                    1
                ],
                [
                    0,
                    0,
                    0,
                    1,
                    1,
                    0
                ],
                [
                    0,
                    0,
                    0,
                    0,
                    1,
                    0
                ],
                [
                    0,
                    0,
                    0,
                    0,
                    0,
                    1
                ],
                [
                    0,
                    0,
                    0,
                    0,
                    0,
                    0
                ]
            ],
            "nodes": [
                0,
                1,
                2,
                3,
                4,
                5
            ]
        },
        "shd": 6,
        "oracle_shd": 8,
        "intv_base_shd": null,
        "igsp_shd": null,
        "avg_js": 0.4375,
        "avg_oracle_js": 0.2583333333333333
    }
}