{
    "expt_args": {
        "save_dir": "all_expt_logs/expt_logs_sim_compsel_backwardbugfixed_cameraready_half_largemean_std_var",
        "exp_name": "273",
        "num_nodes": 6,
        "num_tgt_prior": 7,
        "obs_noise_mean": 0.0,
        "obs_noise_var": 1.0,
        "obs_noise_gamma_shape": null,
        "noise_type": "gaussian",
        "max_edge_strength": 1.0,
        "graph_sparsity_method": "adj_dense_prop",
        "adj_dense_prop": 0.8,
        "num_parents": null,
        "new_noise_mean": 100.0,
        "mix_samples": 524288,
        "stage2_samples": 524288,
        "gmm_tol": 0.001,
        "intv_type": "hard",
        "new_noise_var": 1000,
        "dtype": "simulation",
        "cutoff_drop_ratio": 0.07,
        "intv_targets": [
            2,
            5,
            4
        ]
    },
    "intv_args_dict": {
        "2": {
            "intv_type": "hard",
            "inode": 2,
            "new_mui": 100.0,
            "new_vari": 1000,
            "noise_type": "gaussian",
            "obs_noise_gamma_shape": null,
            "true_params": {
                "Si": [
                    [
                        1.0,
                        0.9273759246379498,
                        0.0,
                        -0.5905456062132355,
                        -1.5804324476345042,
                        2.3534716862793896
                    ],
                    [
                        0.9273759246379498,
                        1.8600261055980924,
                        0.0,
                        -1.1844498168654738,
                        -2.6055816038402977,
                        3.1560181447739155
                    ],
                    [
                        0.0,
                        0.0,
                        1000.0,
                        -572.655247745196,
                        665.7794657086187,
                        -1965.1835445408158
                    ],
                    [
                        -0.5905456062132355,
                        -1.1844498168654738,
                        -572.655247745196,
                        329.6882809843978,
                        -379.0369986124017,
                        1123.8014766867636
                    ],
                    [
                        -1.5804324476345042,
                        -2.6055816038402977,
                        665.7794657086187,
                        -379.0369986124017,
                        448.3797308214855,
                        -1313.8600036518715
                    ],
                    [
                        2.3534716862793896,
                        3.1560181447739155,
                        -1965.1835445408158,
                        1123.8014766867639,
                        -1313.8600036518715,
                        3870.435382281297
                    ]
                ],
                "mui": [
                    0.0,
                    0.0,
                    100.0,
                    -57.265524774519605,
                    66.57794657086187,
                    -196.51835445408156
                ],
                "Ai": [
                    [
                        0.0,
                        0.0,
                        0.0,
                        0.0,
                        0.0,
                        0.0
                    ],
                    [
                        0.9273759246379498,
                        0.0,
                        0.0,
                        0.0,
                        0.0,
                        0.0
                    ],
                    [
                        0.0,
                        0.0,
                        0.0,
                        0.0,
                        0.0,
                        0.0
                    ],
                    [
                        0.0,
                        -0.6367920392625959,
                        -0.572655247745196,
                        0.0,
                        0.0,
                        0.0
                    ],
                    [
                        -0.5232919616534395,
                        -0.7795706708293992,
                        0.9898408577591926,
                        0.5658926436569837,
                        0.0,
                        0.0
                    ],
                    [
                        0.9796701936726561,
                        0.5510016124390846,
                        -0.8230642843143443,
                        0.9479140486421497,
                        -0.9001348595548779,
                        0.0
                    ]
                ]
            },
            "est_params": {
                "mui": [
                    0.020483367007279582,
                    0.023134568356953655,
                    78.1419069370095,
                    -44.766681364566715,
                    51.98624662956608,
                    -153.51300757733748
                ],
                "Si": [
                    [
                        1.001407398386919,
                        0.9302533299245594,
                        -1.2708496055372398,
                        0.1346478578769618,
                        -2.431279148239975,
                        4.8577454955273955
                    ],
                    [
                        0.9302533299245594,
                        1.8580635553812006,
                        -1.4588809422588778,
                        -0.34755458809098577,
                        -3.575140734832229,
                        6.02457759606564
                    ],
                    [
                        -1.27084960553724,
                        -1.458880942258878,
                        2484.39748979407,
                        -1421.4834608253186,
                        1656.4450313866898,
                        -4884.979177449325
                    ],
                    [
                        0.1346478578769618,
                        -0.34755458809098577,
                        -1421.4834608253186,
                        815.0739214286997,
                        -945.5391279391943,
                        2793.4422904094604
                    ],
                    [
                        -2.431279148239975,
                        -3.575140734832229,
                        1656.4450313866898,
                        -945.5391279391943,
                        1109.4697845873009,
                        -3262.4400431201593
                    ],
                    [
                        4.8577454955273955,
                        6.0245775960656385,
                        -4884.979177449325,
                        2793.4422904094604,
                        -3262.4400431201593,
                        9613.5397440219
                    ]
                ]
            },
            "est_tgt": [
                1,
                2,
                4,
                5
            ],
            "oracle_est_tgt": [
                2
            ]
        },
        "5": {
            "intv_type": "hard",
            "inode": 5,
            "new_mui": 100.0,
            "new_vari": 1000,
            "noise_type": "gaussian",
            "obs_noise_gamma_shape": null,
            "true_params": {
                "Si": [
                    [
                        1.0,
                        0.9273759246379498,
                        1.494687630323917,
                        -1.446486321458058,
                        -0.5853001157161655,
                        0.0
                    ],
                    [
                        0.9273759246379498,
                        1.8600261055980924,
                        1.941894394302013,
                        -2.2964858323295005,
                        -1.312708191539342,
                        0.0
                    ],
                    [
                        1.494687630323917,
                        1.941894394302013,
                        3.5429570343048202,
                        -3.265475829610594,
                        -0.6369470579532763,
                        0.0
                    ],
                    [
                        -1.446486321458058,
                        -2.2964858323295005,
                        -3.265475829610594,
                        4.332375766518367,
                        1.7665658451768427,
                        0.0
                    ],
                    [
                        -0.5853001157161655,
                        -1.312708191539342,
                        -0.6369470579532763,
                        1.7665658451768427,
                        2.6988420453202617,
                        0.0
                    ],
                    [
                        0.0,
                        0.0,
                        0.0,
                        0.0,
                        0.0,
                        1000.0
                    ]
                ],
                "mui": [
                    0.0,
                    0.0,
                    0.0,
                    0.0,
                    0.0,
                    100.0
                ],
                "Ai": [
                    [
                        0.0,
                        0.0,
                        0.0,
                        0.0,
                        0.0,
                        0.0
                    ],
                    [
                        0.9273759246379498,
                        0.0,
                        0.0,
                        0.0,
                        0.0,
                        0.0
                    ],
                    [
                        0.9792919026519555,
                        0.5557570710854645,
                        0.0,
                        0.0,
                        0.0,
                        0.0
                    ],
                    [
                        0.0,
                        -0.6367920392625959,
                        -0.572655247745196,
                        0.0,
                        0.0,
                        0.0
                    ],
                    [
                        -0.5232919616534395,
                        -0.7795706708293992,
                        0.9898408577591926,
                        0.5658926436569837,
                        0.0,
                        0.0
                    ],
                    [
                        0.0,
                        0.0,
                        0.0,
                        0.0,
                        0.0,
                        0.0
                    ]
                ]
            },
            "est_params": {
                "mui": [
                    -0.011240541184907218,
                    -0.011854028392585031,
                    -0.03258097243517082,
                    0.02527652410928106,
                    -0.011804012268000248,
                    69.30880087629409
                ],
                "Si": [
                    [
                        1.000733174618015,
                        0.9284870522442765,
                        1.4944223070322395,
                        -1.4508870907464246,
                        -0.5852686222943003,
                        0.4660717296181859
                    ],
                    [
                        0.9284870522442763,
                        1.8672318026205033,
                        1.9480936497940164,
                        -2.3097762827022934,
                        -1.3181374847925031,
                        0.29728699901533845
                    ],
                    [
                        1.4944223070322393,
                        1.9480936497940164,
                        3.461082537597048,
                        -3.2294241485802218,
                        -0.6958953388185873,
                        0.912921541610195
                    ],
                    [
                        -1.4508870907464246,
                        -2.3097762827022934,
                        -3.2294241485802218,
                        4.325699050726392,
                        1.8063207932286311,
                        -0.6169651014312626
                    ],
                    [
                        -0.5852686222943003,
                        -1.3181374847925034,
                        -0.6958953388185873,
                        1.8063207932286311,
                        2.582404231753431,
                        0.43479725051927726
                    ],
                    [
                        0.4660717296181857,
                        0.2972869990153382,
                        0.9129215416101949,
                        -0.6169651014312627,
                        0.4347972505192773,
                        2811.853498991048
                    ]
                ]
            },
            "est_tgt": [
                2,
                4,
                5
            ],
            "oracle_est_tgt": [
                5
            ]
        },
        "4": {
            "intv_type": "hard",
            "inode": 4,
            "new_mui": 100.0,
            "new_vari": 1000,
            "noise_type": "gaussian",
            "obs_noise_gamma_shape": null,
            "true_params": {
                "Si": [
                    [
                        1.0,
                        0.9273759246379498,
                        1.494687630323917,
                        -1.446486321458058,
                        0.0,
                        -1.1107128865195022
                    ],
                    [
                        0.9273759246379498,
                        1.8600261055980924,
                        1.941894394302013,
                        -2.2964858323295005,
                        0.0,
                        -1.841775167772258
                    ],
                    [
                        1.494687630323917,
                        1.941894394302013,
                        3.5429570343048202,
                        -3.265475829610594,
                        0.0,
                        -3.4771839474594453
                    ],
                    [
                        -1.446486321458058,
                        -2.2964858323295005,
                        -3.265475829610594,
                        4.332375766518367,
                        0.0,
                        4.111969448479063
                    ],
                    [
                        0.0,
                        0.0,
                        0.0,
                        0.0,
                        1000.0,
                        -900.134859554878
                    ],
                    [
                        -1.1107128865195022,
                        -1.841775167772258,
                        -3.4771839474594453,
                        4.111969448479063,
                        -900.134859554878,
                        815.8995515149815
                    ]
                ],
                "mui": [
                    0.0,
                    0.0,
                    0.0,
                    0.0,
                    100.0,
                    -90.0134859554878
                ],
                "Ai": [
                    [
                        0.0,
                        0.0,
                        0.0,
                        0.0,
                        0.0,
                        0.0
                    ],
                    [
                        0.9273759246379498,
                        0.0,
                        0.0,
                        0.0,
                        0.0,
                        0.0
                    ],
                    [
                        0.9792919026519555,
                        0.5557570710854645,
                        0.0,
                        0.0,
                        0.0,
                        0.0
                    ],
                    [
                        0.0,
                        -0.6367920392625959,
                        -0.572655247745196,
                        0.0,
                        0.0,
                        0.0
                    ],
                    [
                        0.0,
                        0.0,
                        0.0,
                        0.0,
                        0.0,
                        0.0
                    ],
                    [
                        0.9796701936726561,
                        0.5510016124390846,
                        -0.8230642843143443,
                        0.9479140486421497,
                        -0.9001348595548779,
                        0.0
                    ]
                ]
            },
            "est_params": {
                "mui": [
                    -0.00542923037331367,
                    -0.015411396012121338,
                    -0.0071722382998113295,
                    0.016183520142955907,
                    78.43393805133572,
                    -70.59111540052703
                ],
                "Si": [
                    [
                        1.0042676682123532,
                        0.9294015426762675,
                        1.5004743578012985,
                        -1.4553499967819399,
                        0.6043171419030925,
                        -1.6641862791506146
                    ],
                    [
                        0.9294015426762675,
                        1.8619757352448438,
                        1.9436511840543222,
                        -2.300197817438453,
                        1.1414725382321809,
                        -2.871631087704247
                    ],
                    [
                        1.5004743578012985,
                        1.9436511840543222,
                        3.492791187572574,
                        -3.243157710411305,
                        0.7618730562194087,
                        -4.097327078400587
                    ],
                    [
                        -1.4553499967819397,
                        -2.300197817438453,
                        -3.243157710411305,
                        4.323194542586444,
                        -1.334560464527917,
                        5.273767946397046
                    ],
                    [
                        0.6043171419030925,
                        1.1414725382321806,
                        0.7618730562194089,
                        -1.3345604645279168,
                        2481.0342919639606,
                        -2233.7920440758458
                    ],
                    [
                        -1.6641862791506146,
                        -2.871631087704247,
                        -4.097327078400587,
                        5.2737679463970455,
                        -2233.7920440758458,
                        2016.6633747573512
                    ]
                ]
            },
            "est_tgt": [
                2,
                4,
                5
            ],
            "oracle_est_tgt": [
                4
            ]
        },
        "obs": {
            "intv_type": "obs",
            "noise_type": "gaussian",
            "obs_noise_gamma_shape": null,
            "true_params": {
                "Si": [
                    [
                        1.0,
                        0.9273759246379498,
                        1.494687630323917,
                        -1.446486321458058,
                        -0.5853001157161655,
                        -0.5838638490618777
                    ],
                    [
                        0.9273759246379498,
                        1.8600261055980924,
                        1.941894394302013,
                        -2.2964858323295005,
                        -1.312708191539342,
                        -0.6601607641444547
                    ],
                    [
                        1.494687630323917,
                        1.941894394302013,
                        3.5429570343048202,
                        -3.265475829610594,
                        -0.6369470579532763,
                        -2.9038456969047806
                    ],
                    [
                        -1.446486321458058,
                        -2.2964858323295005,
                        -3.265475829610594,
                        4.332375766518367,
                        1.7665658451768427,
                        2.5218219495363616
                    ],
                    [
                        -0.5853001157161655,
                        -1.312708191539342,
                        -0.6369470579532763,
                        1.7665658451768427,
                        2.6988420453202617,
                        -1.5272262564506471
                    ],
                    [
                        -0.5838638490618777,
                        -0.6601607641444547,
                        -2.9038456969047806,
                        2.5218219495363616,
                        -1.5272262564506471,
                        6.2194880706790725
                    ]
                ],
                "mui": [
                    0.0,
                    0.0,
                    0.0,
                    0.0,
                    0.0,
                    0.0
                ],
                "Ai": [
                    [
                        0.0,
                        0.0,
                        0.0,
                        0.0,
                        0.0,
                        0.0
                    ],
                    [
                        0.9273759246379498,
                        0.0,
                        0.0,
                        0.0,
                        0.0,
                        0.0
                    ],
                    [
                        0.9792919026519555,
                        0.5557570710854645,
                        0.0,
                        0.0,
                        0.0,
                        0.0
                    ],
                    [
                        0.0,
                        -0.6367920392625959,
                        -0.572655247745196,
                        0.0,
                        0.0,
                        0.0
                    ],
                    [
                        -0.5232919616534395,
                        -0.7795706708293992,
                        0.9898408577591926,
                        0.5658926436569837,
                        0.0,
                        0.0
                    ],
                    [
                        0.9796701936726561,
                        0.5510016124390846,
                        -0.8230642843143443,
                        0.9479140486421497,
                        -0.9001348595548779,
                        0.0
                    ]
                ]
            },
            "est_tgt": [
                0,
                1,
                2,
                3,
                4,
                5
            ],
            "oracle_est_tgt": [
                0,
                1,
                2,
                3,
                4,
                5
            ]
        }
    },
    "metric_dict": {
        "param_est_rel_err": 33630.33120096511,
        "est_num_comp": 3,
        "weight_precision_error": 0.05491199220295506,
        "gm_score_dict": {
            "1": -19.82222257712524,
            "2": -14.914843070452454,
            "3": -13.233876209152701,
            "4": -12.488446100154032,
            "5": -12.489863778596753,
            "6": -12.490882963772846,
            "7": -12.491312714257989
        },
        "est_dag": {
            "amat": [
                [
                    0,
                    0,
                    1,
                    0,
                    1,
                    1
                ],
                [
                    1,
                    0,
                    1,
                    1,
                    1,
                    1
                ],
                [
                    0,
                    0,
                    0,
                    1,
                    1,
                    1
                ],
                [
                    0,
                    0,
                    0,
                    0,
                    1,
                    1
                ],
                [
                    0,
                    0,
                    0,
                    0,
                    0,
                    0
                ],
                [
                    0,
                    0,
                    0,
                    0,
                    1,
                    0
                ]
            ],
            "nodes": [
                0,
                1,
                2,
                3,
                4,
                5
            ]
        },
        "oracle_est_dag": {
            "amat": [
                [
                    0,
                    1,
                    1,
                    0,
                    1,
                    1
                ],
                [
                    0,
                    0,
                    1,
                    1,
                    1,
                    1
                ],
                [
                    0,
                    0,
                    0,
                    1,
                    1,
                    1
                ],
                [
                    0,
                    0,
                    0,
                    0,
                    1,
                    1
                ],
                [
                    0,
                    0,
                    0,
                    0,
                    0,
                    1
                ],
                [
                    0,
                    0,
                    0,
                    0,
                    0,
                    0
                ]
            ],
            "nodes": [
                0,
                1,
                2,
                3,
                4,
                5
            ]
        },
        "igsp_dag": null,
        "intv_base_est_dag": null,
        "act_dag": {
            "amat": [
                [
                    0,
                    1,
                    1,
                    0,
                    1,
                    1
                ],
                [
                    0,
                    0,
                    1,
                    1,
                    1,
                    1
                ],
                [
                    0,
                    0,
                    0,
                    1,
                    1,
                    1
                ],
                [
                    0,
                    0,
                    0,
                    0,
                    1,
                    1
                ],
                [
                    0,
                    0,
                    0,
                    0,
                    0,
                    1
                ],
                [
                    0,
                    0,
                    0,
                    0,
                    0,
                    0
                ]
            ],
            "nodes": [
                0,
                1,
                2,
                3,
                4,
                5
            ]
        },
        "shd": 2,
        "oracle_shd": 0,
        "intv_base_shd": null,
        "igsp_shd": null,
        "avg_js": 0.22916666666666663,
        "avg_oracle_js": 0.75
    }
}