{
    "expt_args": {
        "save_dir": "all_expt_logs/expt_logs_sim_compsel_backwardbugfixed_cameraready_half_largemean_std_var",
        "exp_name": "95",
        "num_nodes": 6,
        "num_tgt_prior": 7,
        "obs_noise_mean": 0.0,
        "obs_noise_var": 1.0,
        "obs_noise_gamma_shape": null,
        "noise_type": "gaussian",
        "max_edge_strength": 1.0,
        "graph_sparsity_method": "adj_dense_prop",
        "adj_dense_prop": 0.8,
        "num_parents": null,
        "new_noise_mean": 100.0,
        "mix_samples": 131072,
        "stage2_samples": 131072,
        "gmm_tol": 0.001,
        "intv_type": "hard",
        "new_noise_var": 100,
        "dtype": "simulation",
        "cutoff_drop_ratio": 0.07,
        "intv_targets": [
            5,
            3,
            2
        ]
    },
    "intv_args_dict": {
        "5": {
            "intv_type": "hard",
            "inode": 5,
            "new_mui": 100.0,
            "new_vari": 100,
            "noise_type": "gaussian",
            "obs_noise_gamma_shape": null,
            "true_params": {
                "Si": [
                    [
                        1.0,
                        0.5423513324006991,
                        -1.4078239372267727,
                        1.018822617267561,
                        -1.9983305247749616,
                        0.0
                    ],
                    [
                        0.5423513324006991,
                        1.2941449677568135,
                        -1.5918165658487613,
                        1.1519755254499975,
                        -1.3229433653646632,
                        0.0
                    ],
                    [
                        -1.4078239372267727,
                        -1.5918165658487613,
                        3.6680182788869238,
                        -2.6544938498789454,
                        4.361860722301843,
                        0.0
                    ],
                    [
                        1.018822617267561,
                        1.1519755254499975,
                        -2.6544938498789454,
                        2.9210203066881624,
                        -3.765044835809954,
                        0.0
                    ],
                    [
                        -1.9983305247749616,
                        -1.3229433653646632,
                        4.361860722301843,
                        -3.765044835809954,
                        7.244503004065257,
                        0.0
                    ],
                    [
                        0.0,
                        0.0,
                        0.0,
                        0.0,
                        0.0,
                        100.0
                    ]
                ],
                "mui": [
                    0.0,
                    0.0,
                    0.0,
                    0.0,
                    0.0,
                    100.0
                ],
                "Ai": [
                    [
                        0.0,
                        0.0,
                        0.0,
                        0.0,
                        0.0,
                        0.0
                    ],
                    [
                        0.5423513324006991,
                        0.0,
                        0.0,
                        0.0,
                        0.0,
                        0.0
                    ],
                    [
                        -0.9586044284240314,
                        -0.828281377708223,
                        0.0,
                        0.0,
                        0.0,
                        0.0
                    ],
                    [
                        0.0,
                        -0.0,
                        -0.7236861018818213,
                        0.0,
                        0.0,
                        0.0
                    ],
                    [
                        -0.5740504278119192,
                        0.8794336765022298,
                        0.9101728211667754,
                        -0.6084268527359085,
                        0.0,
                        0.0
                    ],
                    [
                        0.0,
                        0.0,
                        0.0,
                        0.0,
                        0.0,
                        0.0
                    ]
                ]
            },
            "est_params": {
                "mui": [
                    0.005601295470395741,
                    0.006161744337428125,
                    -0.015804844493474846,
                    0.01885260437200892,
                    -0.021185736814749268,
                    100.04136129095524
                ],
                "Si": [
                    [
                        1.005959491944061,
                        0.5454972779457219,
                        -1.3956176428067248,
                        1.0157330258644905,
                        -1.9839246005432678,
                        0.07197772809671792
                    ],
                    [
                        0.5454972779457219,
                        1.2940132899703998,
                        -1.5885625680488384,
                        1.1491926507217443,
                        -1.3151693989787951,
                        0.009945695899923212
                    ],
                    [
                        -1.3956176428067248,
                        -1.5885625680488384,
                        3.639070003891768,
                        -2.637943136977876,
                        4.316689477338636,
                        -0.03918065871387151
                    ],
                    [
                        1.0157330258644905,
                        1.1491926507217443,
                        -2.637943136977876,
                        2.918494174400205,
                        -3.735692259113471,
                        0.10928430129594242
                    ],
                    [
                        -1.9839246005432678,
                        -1.3151693989787951,
                        4.316689477338636,
                        -3.735692259113471,
                        7.169609744853536,
                        -0.11412185092735581
                    ],
                    [
                        0.07197772809671792,
                        0.009945695899923212,
                        -0.03918065871387151,
                        0.10928430129594242,
                        -0.11412185092735581,
                        99.75544466440549
                    ]
                ]
            },
            "est_tgt": [
                4,
                5
            ],
            "oracle_est_tgt": [
                4,
                5
            ]
        },
        "3": {
            "intv_type": "hard",
            "inode": 3,
            "new_mui": 100.0,
            "new_vari": 100,
            "noise_type": "gaussian",
            "obs_noise_gamma_shape": null,
            "true_params": {
                "Si": [
                    [
                        1.0,
                        0.5423513324006991,
                        -1.4078239372267727,
                        0.0,
                        -1.3784514862546986,
                        3.539903555833609
                    ],
                    [
                        0.5423513324006991,
                        1.2941449677568135,
                        -1.5918165658487613,
                        0.0,
                        -0.6220505219863268,
                        3.305384161679004
                    ],
                    [
                        -1.4078239372267727,
                        -1.5918165658487613,
                        3.6680182788869238,
                        0.0,
                        2.746795383613171,
                        -7.721913811386216
                    ],
                    [
                        0.0,
                        0.0,
                        0.0,
                        100.0,
                        -60.842685273590845,
                        105.78726144778507
                    ],
                    [
                        -1.3784514862546986,
                        -0.6220505219863268,
                        2.746795383613171,
                        -60.842685273590845,
                        40.762630504365276,
                        -71.25790868717084
                    ],
                    [
                        3.539903555833609,
                        3.305384161679004,
                        -7.721913811386216,
                        105.78726144778507,
                        -71.25790868717084,
                        130.43901788470916
                    ]
                ],
                "mui": [
                    0.0,
                    0.0,
                    0.0,
                    100.0,
                    -60.842685273590845,
                    105.78726144778507
                ],
                "Ai": [
                    [
                        0.0,
                        0.0,
                        0.0,
                        0.0,
                        0.0,
                        0.0
                    ],
                    [
                        0.5423513324006991,
                        0.0,
                        0.0,
                        0.0,
                        0.0,
                        0.0
                    ],
                    [
                        -0.9586044284240314,
                        -0.828281377708223,
                        0.0,
                        0.0,
                        0.0,
                        0.0
                    ],
                    [
                        0.0,
                        0.0,
                        0.0,
                        0.0,
                        0.0,
                        0.0
                    ],
                    [
                        -0.5740504278119192,
                        0.8794336765022298,
                        0.9101728211667754,
                        -0.6084268527359085,
                        0.0,
                        0.0
                    ],
                    [
                        0.8384161321916346,
                        0.7192301918512567,
                        -0.9166798412235204,
                        0.6072686078824753,
                        -0.7406050613465658,
                        0.0
                    ]
                ]
            },
            "est_params": {
                "mui": [
                    0.008679749579696134,
                    0.004728345010617772,
                    -0.021549283254484165,
                    99.94985012757103,
                    -60.835500360317155,
                    105.78500037495493
                ],
                "Si": [
                    [
                        0.9988278397271857,
                        0.5437356087754684,
                        -1.4144057394535656,
                        -0.10036133109013058,
                        -1.3110793926515085,
                        3.4320009801750855
                    ],
                    [
                        0.5437356087754684,
                        1.2900913047155418,
                        -1.597010801750442,
                        -0.08486909285993965,
                        -0.578714159378505,
                        3.2291700854496717
                    ],
                    [
                        -1.4144057394535656,
                        -1.597010801750442,
                        3.676822477069276,
                        0.0398198847989272,
                        2.71295278564448,
                        -7.694161897715936
                    ],
                    [
                        -0.10036133109013058,
                        -0.08486909285993965,
                        0.0398198847989272,
                        100.36675115035061,
                        -60.93830082145922,
                        105.92687356319513
                    ],
                    [
                        -1.3110793926515085,
                        -0.578714159378505,
                        2.71295278564448,
                        -60.93830082145922,
                        40.712100100945,
                        -71.17774363150615
                    ],
                    [
                        3.4320009801750855,
                        3.2291700854496717,
                        -7.694161897715936,
                        105.92687356319513,
                        -71.17774363150615,
                        130.32234826138048
                    ]
                ]
            },
            "est_tgt": [
                3
            ],
            "oracle_est_tgt": [
                3
            ]
        },
        "2": {
            "intv_type": "hard",
            "inode": 2,
            "new_mui": 100.0,
            "new_vari": 100,
            "noise_type": "gaussian",
            "obs_noise_gamma_shape": null,
            "true_params": {
                "Si": [
                    [
                        1.0,
                        0.5423513324006991,
                        0.0,
                        0.0,
                        -0.09708840160288945,
                        1.300395746670122
                    ],
                    [
                        0.5423513324006991,
                        1.2941449677568135,
                        0.0,
                        0.0,
                        0.8267776525322486,
                        0.7731885257698294
                    ],
                    [
                        0.0,
                        0.0,
                        100.0,
                        -72.36861018818213,
                        135.048287850345,
                        -235.63261479387236
                    ],
                    [
                        0.0,
                        0.0,
                        -72.36861018818213,
                        53.37215740569058,
                        -98.3409958529662,
                        171.5819210908761
                    ],
                    [
                        -0.09708840160288945,
                        0.8267776525322486,
                        135.048287850345,
                        -98.34099585296619,
                        184.53341349731855,
                        -319.66857976974586
                    ],
                    [
                        1.300395746670122,
                        0.7731885257698294,
                        -235.63261479387236,
                        171.5819210908761,
                        -319.66857976974586,
                        559.5905237098974
                    ]
                ],
                "mui": [
                    0.0,
                    0.0,
                    100.0,
                    -72.36861018818213,
                    135.048287850345,
                    -235.63261479387236
                ],
                "Ai": [
                    [
                        0.0,
                        0.0,
                        0.0,
                        0.0,
                        0.0,
                        0.0
                    ],
                    [
                        0.5423513324006991,
                        0.0,
                        0.0,
                        0.0,
                        0.0,
                        0.0
                    ],
                    [
                        0.0,
                        0.0,
                        0.0,
                        0.0,
                        0.0,
                        0.0
                    ],
                    [
                        0.0,
                        -0.0,
                        -0.7236861018818213,
                        0.0,
                        0.0,
                        0.0
                    ],
                    [
                        -0.5740504278119192,
                        0.8794336765022298,
                        0.9101728211667754,
                        -0.6084268527359085,
                        0.0,
                        0.0
                    ],
                    [
                        0.8384161321916346,
                        0.7192301918512567,
                        -0.9166798412235204,
                        0.6072686078824753,
                        -0.7406050613465658,
                        0.0
                    ]
                ]
            },
            "est_params": {
                "mui": [
                    -0.002055463064986849,
                    0.000848133082817136,
                    99.97983033152182,
                    -72.35651062350843,
                    135.0360573557215,
                    -235.59104520869997
                ],
                "Si": [
                    [
                        1.0044064529261418,
                        0.5442148040074062,
                        0.016602779306657555,
                        -0.01670657577906864,
                        -0.06587096885308977,
                        1.2543529081305829
                    ],
                    [
                        0.5442148040074062,
                        1.2988590833413158,
                        -0.06991087558486782,
                        0.05279725009492694,
                        0.7428506517414015,
                        0.945063849714456
                    ],
                    [
                        0.016602779306657555,
                        -0.06991087558486782,
                        99.71462254252285,
                        -72.1835802650858,
                        134.61262641259836,
                        -234.9294054985392
                    ],
                    [
                        -0.01670657577906864,
                        0.05279725009492694,
                        -72.1835802650858,
                        53.262268104336414,
                        -98.05544228256635,
                        171.12919613371162
                    ],
                    [
                        -0.06587096885308977,
                        0.7428506517414015,
                        134.61262641259836,
                        -98.05544228256635,
                        183.8783347169281,
                        -318.5816088963111
                    ],
                    [
                        1.2543529081305829,
                        0.945063849714456,
                        -234.9294054985392,
                        171.12919613371162,
                        -318.5816088963111,
                        557.8607435024481
                    ]
                ]
            },
            "est_tgt": [
                2
            ],
            "oracle_est_tgt": [
                2
            ]
        },
        "obs": {
            "intv_type": "obs",
            "noise_type": "gaussian",
            "obs_noise_gamma_shape": null,
            "true_params": {
                "Si": [
                    [
                        1.0,
                        0.5423513324006991,
                        -1.4078239372267727,
                        1.018822617267561,
                        -1.9983305247749616,
                        4.617688101651611
                    ],
                    [
                        0.5423513324006991,
                        1.2941449677568135,
                        -1.5918165658487613,
                        1.1519755254499975,
                        -1.3229433653646632,
                        4.524027522601289
                    ],
                    [
                        -1.4078239372267727,
                        -1.5918165658487613,
                        3.6680182788869238,
                        -2.6544938498789454,
                        4.361860722301843,
                        -10.53003016047303
                    ],
                    [
                        1.018822617267561,
                        1.1519755254499975,
                        -2.6544938498789454,
                        2.9210203066881624,
                        -3.765044835809954,
                        8.678309094008586
                    ],
                    [
                        -1.9983305247749616,
                        -1.3229433653646632,
                        4.361860722301843,
                        -3.765044835809954,
                        7.244503004065257,
                        -14.277072282069184
                    ],
                    [
                        4.617688101651611,
                        4.524027522601289,
                        -10.53003016047303,
                        8.678309094008586,
                        -14.277072282069184,
                        33.62176443205989
                    ]
                ],
                "mui": [
                    0.0,
                    0.0,
                    0.0,
                    0.0,
                    0.0,
                    0.0
                ],
                "Ai": [
                    [
                        0.0,
                        0.0,
                        0.0,
                        0.0,
                        0.0,
                        0.0
                    ],
                    [
                        0.5423513324006991,
                        0.0,
                        0.0,
                        0.0,
                        0.0,
                        0.0
                    ],
                    [
                        -0.9586044284240314,
                        -0.828281377708223,
                        0.0,
                        0.0,
                        0.0,
                        0.0
                    ],
                    [
                        0.0,
                        -0.0,
                        -0.7236861018818213,
                        0.0,
                        0.0,
                        0.0
                    ],
                    [
                        -0.5740504278119192,
                        0.8794336765022298,
                        0.9101728211667754,
                        -0.6084268527359085,
                        0.0,
                        0.0
                    ],
                    [
                        0.8384161321916346,
                        0.7192301918512567,
                        -0.9166798412235204,
                        0.6072686078824753,
                        -0.7406050613465658,
                        0.0
                    ]
                ]
            },
            "est_params": {
                "mui": [
                    -0.0012850720521642794,
                    -0.0034913062893317283,
                    0.01444971194382136,
                    -0.009824495079828879,
                    0.008639357664404528,
                    -0.028371094917415917
                ],
                "Si": [
                    [
                        1.0096559247032693,
                        0.5343239439755242,
                        -1.4098144846982341,
                        1.0195163957211808,
                        -2.0220194919831673,
                        4.628994462385175
                    ],
                    [
                        0.5343239439755242,
                        1.2869222237231208,
                        -1.576827409663301,
                        1.144384308531244,
                        -1.3166952825705724,
                        4.483166025999534
                    ],
                    [
                        -1.4098144846982341,
                        -1.576827409663301,
                        3.65251169704459,
                        -2.639740423420631,
                        4.365646274154957,
                        -10.477738624120365
                    ],
                    [
                        1.0195163957211808,
                        1.144384308531244,
                        -2.639740423420631,
                        2.894223390611275,
                        -3.7540843605857717,
                        8.616361241146762
                    ],
                    [
                        -2.0220194919831673,
                        -1.3166952825705724,
                        4.365646274154957,
                        -3.7540843605857717,
                        7.275363553623106,
                        -14.274693936254089
                    ],
                    [
                        4.628994462385175,
                        4.483166025999534,
                        -10.477738624120365,
                        8.616361241146762,
                        -14.274693936254089,
                        33.437938657023864
                    ]
                ]
            },
            "est_tgt": [
                0,
                1,
                2,
                3,
                4,
                5
            ],
            "oracle_est_tgt": [
                0,
                1,
                2,
                3,
                4,
                5
            ]
        }
    },
    "metric_dict": {
        "param_est_rel_err": 14.914413106453429,
        "est_num_comp": 4,
        "weight_precision_error": 0.0,
        "gm_score_dict": {
            "1": -19.591138548287795,
            "2": -15.34257186171845,
            "3": -12.668180127081127,
            "4": -11.627661054048431,
            "5": -11.629505028616942,
            "6": -11.62969521204503,
            "7": -11.630130792884849
        },
        "est_dag": {
            "amat": [
                [
                    0,
                    0,
                    1,
                    0,
                    0,
                    1
                ],
                [
                    1,
                    0,
                    1,
                    0,
                    1,
                    1
                ],
                [
                    0,
                    0,
                    0,
                    1,
                    1,
                    1
                ],
                [
                    0,
                    0,
                    0,
                    0,
                    1,
                    1
                ],
                [
                    0,
                    0,
                    0,
                    0,
                    0,
                    0
                ],
                [
                    0,
                    0,
                    0,
                    0,
                    1,
                    0
                ]
            ],
            "nodes": [
                0,
                1,
                2,
                3,
                4,
                5
            ]
        },
        "oracle_est_dag": {
            "amat": [
                [
                    0,
                    0,
                    1,
                    0,
                    0,
                    1
                ],
                [
                    1,
                    0,
                    1,
                    0,
                    1,
                    1
                ],
                [
                    0,
                    0,
                    0,
                    1,
                    1,
                    1
                ],
                [
                    0,
                    0,
                    0,
                    0,
                    1,
                    1
                ],
                [
                    0,
                    0,
                    0,
                    0,
                    0,
                    0
                ],
                [
                    0,
                    0,
                    0,
                    0,
                    1,
                    0
                ]
            ],
            "nodes": [
                0,
                1,
                2,
                3,
                4,
                5
            ]
        },
        "igsp_dag": null,
        "intv_base_est_dag": null,
        "act_dag": {
            "amat": [
                [
                    0,
                    1,
                    1,
                    0,
                    1,
                    1
                ],
                [
                    0,
                    0,
                    1,
                    0,
                    1,
                    1
                ],
                [
                    0,
                    0,
                    0,
                    1,
                    1,
                    1
                ],
                [
                    0,
                    0,
                    0,
                    0,
                    1,
                    1
                ],
                [
                    0,
                    0,
                    0,
                    0,
                    0,
                    1
                ],
                [
                    0,
                    0,
                    0,
                    0,
                    0,
                    0
                ]
            ],
            "nodes": [
                0,
                1,
                2,
                3,
                4,
                5
            ]
        },
        "shd": 3,
        "oracle_shd": 3,
        "intv_base_shd": null,
        "igsp_shd": null,
        "avg_js": 0.625,
        "avg_oracle_js": 0.625
    }
}