{
    "expt_args": {
        "save_dir": "all_expt_logs/expt_logs_sim_compsel_backwardbugfixed_cameraready_half_largemean_std_var",
        "exp_name": "169",
        "num_nodes": 6,
        "num_tgt_prior": 7,
        "obs_noise_mean": 0.0,
        "obs_noise_var": 1.0,
        "obs_noise_gamma_shape": null,
        "noise_type": "gaussian",
        "max_edge_strength": 1.0,
        "graph_sparsity_method": "adj_dense_prop",
        "adj_dense_prop": 0.8,
        "num_parents": null,
        "new_noise_mean": 100.0,
        "mix_samples": 16384,
        "stage2_samples": 16384,
        "gmm_tol": 0.001,
        "intv_type": "hard",
        "new_noise_var": 0.0001,
        "dtype": "simulation",
        "cutoff_drop_ratio": 0.07,
        "intv_targets": [
            4,
            5,
            2
        ]
    },
    "intv_args_dict": {
        "4": {
            "intv_type": "hard",
            "inode": 4,
            "new_mui": 100.0,
            "new_vari": 0.0001,
            "noise_type": "gaussian",
            "obs_noise_gamma_shape": null,
            "true_params": {
                "Si": [
                    [
                        1.0,
                        0.995144178907388,
                        -0.3033520810608773,
                        -0.8227928001798398,
                        0.0,
                        0.2212674057138691
                    ],
                    [
                        0.995144178907388,
                        1.9903119368132596,
                        -1.2892279149691719,
                        -1.997232435382414,
                        0.0,
                        0.548820056745184
                    ],
                    [
                        -0.3033520810608773,
                        -1.2892279149691719,
                        2.066880251178514,
                        1.9283147180861229,
                        0.0,
                        0.2054224719945909
                    ],
                    [
                        -0.8227928001798398,
                        -1.997232435382414,
                        1.9283147180861229,
                        3.331120167793126,
                        0.0,
                        -0.2617458210106008
                    ],
                    [
                        0.0,
                        0.0,
                        0.0,
                        0.0,
                        0.0001,
                        -7.477725042868024e-05
                    ],
                    [
                        0.2212674057138691,
                        0.548820056745184,
                        0.2054224719945909,
                        -0.2617458210106008,
                        -7.477725042868024e-05,
                        1.5134366325349842
                    ]
                ],
                "mui": [
                    0.0,
                    0.0,
                    0.0,
                    0.0,
                    100.0,
                    -74.77725042868025
                ],
                "Ai": [
                    [
                        0.0,
                        0.0,
                        0.0,
                        0.0,
                        0.0,
                        0.0
                    ],
                    [
                        0.995144178907388,
                        0.0,
                        0.0,
                        0.0,
                        0.0,
                        0.0
                    ],
                    [
                        0.6792023868738728,
                        -0.9873488573419977,
                        0.0,
                        0.0,
                        0.0,
                        0.0
                    ],
                    [
                        0.0,
                        -0.6697603532957503,
                        0.5151923889497059,
                        0.0,
                        0.0,
                        0.0
                    ],
                    [
                        0.0,
                        0.0,
                        0.0,
                        0.0,
                        0.0,
                        0.0
                    ],
                    [
                        -0.5112572446432404,
                        0.9180881547750603,
                        0.5970139778100692,
                        0.0,
                        -0.7477725042868024,
                        0.0
                    ]
                ]
            },
            "est_params": {
                "mui": [
                    -0.010244652350330646,
                    -0.013606463747746246,
                    -0.010645055156983049,
                    0.0017624376732794096,
                    100.00025824061345,
                    -74.78699779148141
                ],
                "Si": [
                    [
                        1.0186193902624674,
                        1.040234148963553,
                        -0.319871223916711,
                        -0.8809831204348092,
                        0.0001246713490342117,
                        0.23064159153469674
                    ],
                    [
                        1.040234148963553,
                        2.0588783302152516,
                        -1.2988748882151342,
                        -2.0646240388768815,
                        0.00020262554067068604,
                        0.5675084032652424
                    ],
                    [
                        -0.319871223916711,
                        -1.2988748882151342,
                        2.0270289942421904,
                        1.9187639752022505,
                        -0.0003902418176359491,
                        0.18534902436915346
                    ],
                    [
                        -0.8809831204348092,
                        -2.0646240388768815,
                        1.9187639752022505,
                        3.3546842700898933,
                        -0.0005419261552660714,
                        -0.28756986284208735
                    ],
                    [
                        0.0001246713490342117,
                        0.00020262554067068604,
                        -0.0003902418176359491,
                        -0.0005419261552660714,
                        0.00010038702539413138,
                        -0.00023901711186298153
                    ],
                    [
                        0.23064159153469674,
                        0.5675084032652424,
                        0.18534902436915346,
                        -0.28756986284208735,
                        -0.00023901711186298153,
                        1.4740581545330191
                    ]
                ]
            },
            "est_tgt": [
                1,
                2,
                4,
                5
            ],
            "oracle_est_tgt": [
                1,
                2,
                4
            ]
        },
        "5": {
            "intv_type": "hard",
            "inode": 5,
            "new_mui": 100.0,
            "new_vari": 0.0001,
            "noise_type": "gaussian",
            "obs_noise_gamma_shape": null,
            "true_params": {
                "Si": [
                    [
                        1.0,
                        0.995144178907388,
                        -0.3033520810608773,
                        -0.8227928001798398,
                        -0.25948639940834767,
                        0.0
                    ],
                    [
                        0.995144178907388,
                        1.9903119368132596,
                        -1.2892279149691719,
                        -1.997232435382414,
                        0.3011015651734611,
                        0.0
                    ],
                    [
                        -0.3033520810608773,
                        -1.2892279149691719,
                        2.066880251178514,
                        1.9283147180861229,
                        -0.8213241768597899,
                        0.0
                    ],
                    [
                        -0.8227928001798398,
                        -1.997232435382414,
                        1.9283147180861229,
                        3.331120167793126,
                        0.16764946000684644,
                        0.0
                    ],
                    [
                        -0.25948639940834767,
                        0.3011015651734611,
                        -0.8213241768597899,
                        0.16764946000684644,
                        2.1291229371380282,
                        0.0
                    ],
                    [
                        0.0,
                        0.0,
                        0.0,
                        0.0,
                        0.0,
                        0.0001
                    ]
                ],
                "mui": [
                    0.0,
                    0.0,
                    0.0,
                    0.0,
                    0.0,
                    100.0
                ],
                "Ai": [
                    [
                        0.0,
                        0.0,
                        0.0,
                        0.0,
                        0.0,
                        0.0
                    ],
                    [
                        0.995144178907388,
                        0.0,
                        0.0,
                        0.0,
                        0.0,
                        0.0
                    ],
                    [
                        0.6792023868738728,
                        -0.9873488573419977,
                        0.0,
                        0.0,
                        0.0,
                        0.0
                    ],
                    [
                        0.0,
                        -0.6697603532957503,
                        0.5151923889497059,
                        0.0,
                        0.0,
                        0.0
                    ],
                    [
                        -0.5798798344683611,
                        0.7466949053753194,
                        -0.7560550558070028,
                        0.7924553154538732,
                        0.0,
                        0.0
                    ],
                    [
                        0.0,
                        0.0,
                        0.0,
                        0.0,
                        0.0,
                        0.0
                    ]
                ]
            },
            "est_params": {
                "mui": [
                    0.032563966123442735,
                    0.007524235557133704,
                    0.04117816535620067,
                    -0.012359178493242837,
                    -0.05211471411115591,
                    99.99990954248665
                ],
                "Si": [
                    [
                        1.0114213700280363,
                        1.0249131435710153,
                        -0.3316213424079451,
                        -0.857624415471866,
                        -0.23183809417462142,
                        -0.00012174594323168111
                    ],
                    [
                        1.0249131435710153,
                        2.068978584717709,
                        -1.3570735860862928,
                        -2.0679804863150935,
                        0.3615118768564612,
                        -0.00026918367384875174
                    ],
                    [
                        -0.3316213424079451,
                        -1.3570735860862928,
                        2.117367186324103,
                        2.002131468166595,
                        -0.8531376547114623,
                        -0.0002093548444226585
                    ],
                    [
                        -0.857624415471866,
                        -2.0679804863150935,
                        2.002131468166595,
                        3.367297689357596,
                        0.07636184418980518,
                        -8.559898785055304e-05
                    ],
                    [
                        -0.23183809417462142,
                        0.3615118768564612,
                        -0.8531376547114623,
                        0.07636184418980518,
                        2.0769907019357765,
                        7.650838392016123e-05
                    ],
                    [
                        -0.00012174594323168111,
                        -0.00026918367384875174,
                        -0.0002093548444226585,
                        -8.559898785055304e-05,
                        7.650838392016123e-05,
                        0.00010629243300626986
                    ]
                ]
            },
            "est_tgt": [
                5
            ],
            "oracle_est_tgt": [
                5
            ]
        },
        "2": {
            "intv_type": "hard",
            "inode": 2,
            "new_mui": 100.0,
            "new_vari": 0.0001,
            "noise_type": "gaussian",
            "obs_noise_gamma_shape": null,
            "true_params": {
                "Si": [
                    [
                        1.0,
                        0.995144178907388,
                        0.0,
                        -0.6665081168452216,
                        -0.36498864595145614,
                        0.6753013121243554
                    ],
                    [
                        0.995144178907388,
                        1.9903119368132596,
                        0.0,
                        -1.333032025968798,
                        -0.14727657306004321,
                        1.4286365144245976
                    ],
                    [
                        0.0,
                        0.0,
                        0.0001,
                        5.151923889497059e-05,
                        -3.477881087024292e-05,
                        8.570803628156553e-05
                    ],
                    [
                        -0.6665081168452216,
                        -1.333032025968798,
                        5.151923889497059e-05,
                        1.892838542987175,
                        0.891077407280098,
                        -1.5493762362765944
                    ],
                    [
                        -0.36498864595145614,
                        -0.14727657306004321,
                        -3.477881087024292e-05,
                        0.891077407280098,
                        1.8078442113878541,
                        -1.3004867444931971
                    ],
                    [
                        0.6753013121243554,
                        1.4286365144245976,
                        8.570803628156553e-05,
                        -1.5493762362765944,
                        -1.3004867444931971,
                        2.938880971848829
                    ]
                ],
                "mui": [
                    0.0,
                    0.0,
                    100.0,
                    51.519238894970584,
                    -34.778810870242914,
                    85.70803628156553
                ],
                "Ai": [
                    [
                        0.0,
                        0.0,
                        0.0,
                        0.0,
                        0.0,
                        0.0
                    ],
                    [
                        0.995144178907388,
                        0.0,
                        0.0,
                        0.0,
                        0.0,
                        0.0
                    ],
                    [
                        0.0,
                        0.0,
                        0.0,
                        0.0,
                        0.0,
                        0.0
                    ],
                    [
                        0.0,
                        -0.6697603532957503,
                        0.5151923889497059,
                        0.0,
                        0.0,
                        0.0
                    ],
                    [
                        -0.5798798344683611,
                        0.7466949053753194,
                        -0.7560550558070028,
                        0.7924553154538732,
                        0.0,
                        0.0
                    ],
                    [
                        -0.5112572446432404,
                        0.9180881547750603,
                        0.5970139778100692,
                        0.0,
                        -0.7477725042868024,
                        0.0
                    ]
                ]
            },
            "est_params": {
                "mui": [
                    0.00887017989577725,
                    -0.007296831478693632,
                    100.00042606201296,
                    51.51605069702212,
                    -34.78942301847802,
                    85.72026024258405
                ],
                "Si": [
                    [
                        0.9866203330862133,
                        0.9756909220366639,
                        -0.00011957956151950615,
                        -0.6417057424419489,
                        -0.3347642550480019,
                        0.6368430412105321
                    ],
                    [
                        0.9756909220366639,
                        1.9518258473881722,
                        -0.0002735711370694993,
                        -1.2901099240989025,
                        -0.13858910455295714,
                        1.3941183446778729
                    ],
                    [
                        -0.00011957956151950615,
                        -0.0002735711370694993,
                        9.987673570245237e-05,
                        0.0003241781945773292,
                        -9.573316982778145e-05,
                        -1.576039468902864e-05
                    ],
                    [
                        -0.6417057424419489,
                        -1.2901099240989025,
                        0.0003241781945773292,
                        1.8636866074524523,
                        0.8902598709123305,
                        -1.5201486881126063
                    ],
                    [
                        -0.3347642550480019,
                        -0.13858910455295714,
                        -9.573316982778145e-05,
                        0.8902598709123305,
                        1.7597985146351791,
                        -1.281182075139231
                    ],
                    [
                        0.6368430412105321,
                        1.3941183446778729,
                        -1.576039468902864e-05,
                        -1.5201486881126063,
                        -1.281182075139231,
                        2.894797958341933
                    ]
                ]
            },
            "est_tgt": [
                1,
                2,
                3,
                4
            ],
            "oracle_est_tgt": [
                1,
                2,
                3,
                4
            ]
        },
        "obs": {
            "intv_type": "obs",
            "noise_type": "gaussian",
            "obs_noise_gamma_shape": null,
            "true_params": {
                "Si": [
                    [
                        1.0,
                        0.995144178907388,
                        -0.3033520810608773,
                        -0.8227928001798398,
                        -0.25948639940834767,
                        0.4153042004278147
                    ],
                    [
                        0.995144178907388,
                        1.9903119368132596,
                        -1.2892279149691719,
                        -1.997232435382414,
                        0.3011015651734611,
                        0.3236645853107491
                    ],
                    [
                        -0.3033520810608773,
                        -1.2892279149691719,
                        2.066880251178514,
                        1.9283147180861229,
                        -0.8213241768597899,
                        0.8195861085563326
                    ],
                    [
                        -0.8227928001798398,
                        -1.997232435382414,
                        1.9283147180861229,
                        3.331120167793126,
                        0.16764946000684644,
                        -0.38710947756225056
                    ],
                    [
                        -0.25948639940834767,
                        0.3011015651734611,
                        -0.8213241768597899,
                        0.16764946000684644,
                        2.1291229371380282,
                        -1.6733395225829266
                    ],
                    [
                        0.4153042004278147,
                        0.3236645853107491,
                        0.8195861085563326,
                        -0.38710947756225056,
                        -1.6733395225829266,
                        2.8254069888455007
                    ]
                ],
                "mui": [
                    0.0,
                    0.0,
                    0.0,
                    0.0,
                    0.0,
                    0.0
                ],
                "Ai": [
                    [
                        0.0,
                        0.0,
                        0.0,
                        0.0,
                        0.0,
                        0.0
                    ],
                    [
                        0.995144178907388,
                        0.0,
                        0.0,
                        0.0,
                        0.0,
                        0.0
                    ],
                    [
                        0.6792023868738728,
                        -0.9873488573419977,
                        0.0,
                        0.0,
                        0.0,
                        0.0
                    ],
                    [
                        0.0,
                        -0.6697603532957503,
                        0.5151923889497059,
                        0.0,
                        0.0,
                        0.0
                    ],
                    [
                        -0.5798798344683611,
                        0.7466949053753194,
                        -0.7560550558070028,
                        0.7924553154538732,
                        0.0,
                        0.0
                    ],
                    [
                        -0.5112572446432404,
                        0.9180881547750603,
                        0.5970139778100692,
                        0.0,
                        -0.7477725042868024,
                        0.0
                    ]
                ]
            },
            "est_params": {
                "mui": [
                    -0.030641559218801788,
                    -0.014062653752793832,
                    0.00186549872888301,
                    0.0030721892833265162,
                    0.007040672643015529,
                    -0.00847015293149534
                ],
                "Si": [
                    [
                        1.0328660641456402,
                        1.038339091291456,
                        -0.32348019176298115,
                        -0.871402159436141,
                        -0.25694664775913145,
                        0.40970048111714485
                    ],
                    [
                        1.038339091291456,
                        2.044522819279933,
                        -1.3137846106405568,
                        -2.069259986467772,
                        0.28009365411822923,
                        0.33742469154183674
                    ],
                    [
                        -0.32348019176298115,
                        -1.3137846106405568,
                        2.0573104735243937,
                        1.9487061707275704,
                        -0.7852082053449412,
                        0.7626870885222152
                    ],
                    [
                        -0.871402159436141,
                        -2.069259986467772,
                        1.9487061707275704,
                        3.414116923361713,
                        0.1939202188102117,
                        -0.43083985354511023
                    ],
                    [
                        -0.25694664775913145,
                        0.28009365411822923,
                        -0.7852082053449412,
                        0.1939202188102117,
                        2.0576105810863594,
                        -1.5734409656328936
                    ],
                    [
                        0.40970048111714485,
                        0.33742469154183674,
                        0.7626870885222152,
                        -0.43083985354511023,
                        -1.5734409656328936,
                        2.741008861965831
                    ]
                ]
            },
            "est_tgt": [
                0,
                1,
                2,
                3,
                4,
                5
            ],
            "oracle_est_tgt": [
                0,
                1,
                2,
                3,
                4,
                5
            ]
        }
    },
    "metric_dict": {
        "param_est_rel_err": 4.393342870975499,
        "est_num_comp": 4,
        "weight_precision_error": 0.0,
        "gm_score_dict": {
            "1": -19.55845626475894,
            "2": -13.12300911009902,
            "3": -9.18146045699491,
            "4": -6.433257300649782,
            "5": -6.434152457705569,
            "6": -6.434182226346557,
            "7": -6.433968753247372
        },
        "est_dag": {
            "amat": [
                [
                    0,
                    1,
                    1,
                    1,
                    1,
                    1
                ],
                [
                    0,
                    0,
                    0,
                    0,
                    0,
                    1
                ],
                [
                    0,
                    0,
                    0,
                    0,
                    0,
                    1
                ],
                [
                    0,
                    1,
                    1,
                    0,
                    0,
                    0
                ],
                [
                    0,
                    1,
                    1,
                    0,
                    0,
                    1
                ],
                [
                    0,
                    0,
                    0,
                    0,
                    0,
                    0
                ]
            ],
            "nodes": [
                0,
                1,
                2,
                3,
                4,
                5
            ]
        },
        "oracle_est_dag": {
            "amat": [
                [
                    0,
                    1,
                    1,
                    1,
                    1,
                    1
                ],
                [
                    0,
                    0,
                    0,
                    0,
                    0,
                    1
                ],
                [
                    0,
                    0,
                    0,
                    0,
                    0,
                    1
                ],
                [
                    0,
                    1,
                    1,
                    0,
                    0,
                    0
                ],
                [
                    0,
                    1,
                    1,
                    0,
                    0,
                    1
                ],
                [
                    0,
                    0,
                    0,
                    0,
                    0,
                    0
                ]
            ],
            "nodes": [
                0,
                1,
                2,
                3,
                4,
                5
            ]
        },
        "igsp_dag": null,
        "intv_base_est_dag": null,
        "act_dag": {
            "amat": [
                [
                    0,
                    1,
                    1,
                    0,
                    1,
                    1
                ],
                [
                    0,
                    0,
                    1,
                    1,
                    1,
                    1
                ],
                [
                    0,
                    0,
                    0,
                    1,
                    1,
                    1
                ],
                [
                    0,
                    0,
                    0,
                    0,
                    1,
                    0
                ],
                [
                    0,
                    0,
                    0,
                    0,
                    0,
                    1
                ],
                [
                    0,
                    0,
                    0,
                    0,
                    0,
                    0
                ]
            ],
            "nodes": [
                0,
                1,
                2,
                3,
                4,
                5
            ]
        },
        "shd": 7,
        "oracle_shd": 7,
        "intv_base_shd": null,
        "igsp_shd": null,
        "avg_js": 0.375,
        "avg_oracle_js": 0.3958333333333333
    }
}