{
    "expt_args": {
        "save_dir": "all_expt_logs/expt_logs_sim_compsel_backwardbugfixed_cameraready_half_largemean_std_var",
        "exp_name": "42",
        "num_nodes": 6,
        "num_tgt_prior": 7,
        "obs_noise_mean": 0.0,
        "obs_noise_var": 1.0,
        "obs_noise_gamma_shape": null,
        "noise_type": "gaussian",
        "max_edge_strength": 1.0,
        "graph_sparsity_method": "adj_dense_prop",
        "adj_dense_prop": 0.8,
        "num_parents": null,
        "new_noise_mean": 100.0,
        "mix_samples": 524288,
        "stage2_samples": 524288,
        "gmm_tol": 0.001,
        "intv_type": "hard",
        "new_noise_var": 100,
        "dtype": "simulation",
        "cutoff_drop_ratio": 0.07,
        "intv_targets": [
            2,
            3,
            4
        ]
    },
    "intv_args_dict": {
        "2": {
            "intv_type": "hard",
            "inode": 2,
            "new_mui": 100.0,
            "new_vari": 100,
            "noise_type": "gaussian",
            "obs_noise_gamma_shape": null,
            "true_params": {
                "Si": [
                    [
                        1.0,
                        0.7279590792340952,
                        0.0,
                        -1.2661480819463646,
                        -2.0457267765729386,
                        -2.7341886959935495
                    ],
                    [
                        0.7279590792340952,
                        1.5299244210393517,
                        0.0,
                        -1.6263888597476355,
                        -2.835477207425095,
                        -3.2846844328528535
                    ],
                    [
                        0.0,
                        0.0,
                        100.0,
                        0.0,
                        -57.93254023947354,
                        53.417266950571296
                    ],
                    [
                        -1.2661480819463646,
                        -1.6263888597476355,
                        0.0,
                        3.0997117283790576,
                        4.152215239975787,
                        5.37202446312269
                    ],
                    [
                        -2.0457267765729386,
                        -2.835477207425095,
                        -57.93254023947354,
                        4.152215239975787,
                        40.935405398386536,
                        -22.3514062406448
                    ],
                    [
                        -2.7341886959935495,
                        -3.2846844328528535,
                        53.417266950571296,
                        5.37202446312269,
                        -22.3514062406448,
                        40.09920626192532
                    ]
                ],
                "mui": [
                    0.0,
                    0.0,
                    100.0,
                    0.0,
                    -57.93254023947354,
                    53.417266950571296
                ],
                "Ai": [
                    [
                        0.0,
                        0.0,
                        0.0,
                        0.0,
                        0.0,
                        0.0
                    ],
                    [
                        0.7279590792340952,
                        0.0,
                        0.0,
                        0.0,
                        0.0,
                        0.0
                    ],
                    [
                        0.0,
                        0.0,
                        0.0,
                        0.0,
                        0.0,
                        0.0
                    ],
                    [
                        -0.7531663344033988,
                        -0.7046848678399442,
                        0.0,
                        0.0,
                        0.0,
                        0.0
                    ],
                    [
                        -0.6037603696925347,
                        -0.9140711061486386,
                        -0.5793254023947354,
                        0.6133248212959392,
                        0.0,
                        0.0
                    ],
                    [
                        -0.6499225857234665,
                        -0.0,
                        0.9087341039599772,
                        0.60151449361346,
                        0.6465475756905426,
                        0.0
                    ]
                ]
            },
            "est_params": {
                "mui": [
                    -0.00046446248476104447,
                    -0.001013979166666904,
                    100.01223509543709,
                    0.0021120292749493507,
                    -57.939735851053605,
                    53.4195006190106
                ],
                "Si": [
                    [
                        0.9958777828310992,
                        0.724937299330471,
                        0.028785778818592903,
                        -1.258037013920207,
                        -2.0565996837131073,
                        -2.705993843647909
                    ],
                    [
                        0.724937299330471,
                        1.523866983605762,
                        0.02001902210591244,
                        -1.620571389620721,
                        -2.836716753865503,
                        -3.260864099892355
                    ],
                    [
                        0.028785778818592903,
                        0.02001902210591244,
                        99.61771919785036,
                        -0.020025043457363056,
                        -57.75048111005839,
                        53.19141906212885
                    ],
                    [
                        -1.258037013920207,
                        -1.620571389620721,
                        -0.020025043457363056,
                        3.0770580777833643,
                        4.14315162196577,
                        5.328183819520522
                    ],
                    [
                        -2.0565996837131073,
                        -2.836716753865503,
                        -57.75048111005839,
                        4.14315162196577,
                        40.83653270329204,
                        -22.265101787321438
                    ],
                    [
                        -2.705993843647909,
                        -3.260864099892355,
                        53.19141906212885,
                        5.328183819520522,
                        -22.265101787321438,
                        39.92480146140755
                    ]
                ]
            },
            "est_tgt": [
                2
            ],
            "oracle_est_tgt": [
                2
            ]
        },
        "3": {
            "intv_type": "hard",
            "inode": 3,
            "new_mui": 100.0,
            "new_vari": 100,
            "noise_type": "gaussian",
            "obs_noise_gamma_shape": null,
            "true_params": {
                "Si": [
                    [
                        1.0,
                        0.7279590792340952,
                        -1.3132953839912926,
                        0.0,
                        -0.5083413536850843,
                        -2.1720257595779078
                    ],
                    [
                        0.7279590792340952,
                        1.5299244210393517,
                        -1.5946522134185233,
                        0.0,
                        -0.9141500154443287,
                        -2.5132733736683757
                    ],
                    [
                        -1.3132953839912926,
                        -1.5946522134185233,
                        3.1325891020805257,
                        0.0,
                        0.435752777095763,
                        3.9819657841679366
                    ],
                    [
                        0.0,
                        0.0,
                        0.0,
                        100.0,
                        61.33248212959393,
                        99.80581699331847
                    ],
                    [
                        -0.5083413536850843,
                        -0.9141500154443287,
                        0.435752777095763,
                        61.33248212959393,
                        39.506805468267856,
                        63.1617721654851
                    ],
                    [
                        -2.1720257595779078,
                        -2.5132733736683757,
                        3.9819657841679366,
                        99.80581699331847,
                        63.16177216548509,
                        106.90193284512438
                    ]
                ],
                "mui": [
                    0.0,
                    0.0,
                    0.0,
                    100.0,
                    61.33248212959393,
                    99.80581699331847
                ],
                "Ai": [
                    [
                        0.0,
                        0.0,
                        0.0,
                        0.0,
                        0.0,
                        0.0
                    ],
                    [
                        0.7279590792340952,
                        0.0,
                        0.0,
                        0.0,
                        0.0,
                        0.0
                    ],
                    [
                        -0.8484011230277715,
                        -0.6386269149258342,
                        0.0,
                        0.0,
                        0.0,
                        0.0
                    ],
                    [
                        0.0,
                        0.0,
                        0.0,
                        0.0,
                        0.0,
                        0.0
                    ],
                    [
                        -0.6037603696925347,
                        -0.9140711061486386,
                        -0.5793254023947354,
                        0.6133248212959392,
                        0.0,
                        0.0
                    ],
                    [
                        -0.6499225857234665,
                        -0.0,
                        0.9087341039599772,
                        0.60151449361346,
                        0.6465475756905426,
                        0.0
                    ]
                ]
            },
            "est_params": {
                "mui": [
                    0.004189931927456884,
                    0.002451613529375004,
                    -0.008673263694932296,
                    100.0229463284001,
                    61.345593079840626,
                    99.82187240532957
                ],
                "Si": [
                    [
                        1.0037407542386456,
                        0.7287687310022694,
                        -1.3153014911544205,
                        -0.018308503514700036,
                        -0.5178950758493914,
                        -2.1967620157116863
                    ],
                    [
                        0.7287687310022694,
                        1.5287441104934296,
                        -1.5961257728350902,
                        0.002119899965884158,
                        -0.9099851591919537,
                        -2.510164588828858
                    ],
                    [
                        -1.3153014911544205,
                        -1.5961257728350902,
                        3.130242803462811,
                        -0.0214164236214809,
                        0.4197953741496568,
                        3.962238153058136
                    ],
                    [
                        -0.018308503514700036,
                        0.002119899965884158,
                        -0.0214164236214809,
                        99.93693142046344,
                        61.355363389808254,
                        99.77970650530452
                    ],
                    [
                        -0.5178950758493914,
                        -0.9099851591919537,
                        0.4197953741496568,
                        61.355363389808254,
                        39.55837989117091,
                        63.203777000721104
                    ],
                    [
                        -2.1967620157116863,
                        -2.510164588828858,
                        3.962238153058136,
                        99.77970650530452,
                        63.203777000721104,
                        106.91983210694329
                    ]
                ]
            },
            "est_tgt": [
                3
            ],
            "oracle_est_tgt": [
                3
            ]
        },
        "4": {
            "intv_type": "hard",
            "inode": 4,
            "new_mui": 100.0,
            "new_vari": 100,
            "noise_type": "gaussian",
            "obs_noise_gamma_shape": null,
            "true_params": {
                "Si": [
                    [
                        1.0,
                        0.7279590792340952,
                        -1.3132953839912926,
                        -1.2661480819463646,
                        0.0,
                        -2.6049653120811893
                    ],
                    [
                        0.7279590792340952,
                        1.5299244210393517,
                        -1.5946522134185233,
                        -1.6263888597476355,
                        0.0,
                        -2.9005283687550447
                    ],
                    [
                        -1.3132953839912926,
                        -1.5946522134185233,
                        3.1325891020805257,
                        2.1128571546131325,
                        0.0,
                        4.971145083970945
                    ],
                    [
                        -1.2661480819463646,
                        -1.6263888597476355,
                        2.1128571546131325,
                        3.0997117283790576,
                        0.0,
                        4.607445119163812
                    ],
                    [
                        0.0,
                        0.0,
                        0.0,
                        0.0,
                        100.0,
                        64.65475756905425
                    ],
                    [
                        -2.6049653120811893,
                        -2.9005283687550447,
                        4.971145083970945,
                        4.607445119163812,
                        64.65475756905425,
                        51.78429664572254
                    ]
                ],
                "mui": [
                    0.0,
                    0.0,
                    0.0,
                    0.0,
                    100.0,
                    64.65475756905425
                ],
                "Ai": [
                    [
                        0.0,
                        0.0,
                        0.0,
                        0.0,
                        0.0,
                        0.0
                    ],
                    [
                        0.7279590792340952,
                        0.0,
                        0.0,
                        0.0,
                        0.0,
                        0.0
                    ],
                    [
                        -0.8484011230277715,
                        -0.6386269149258342,
                        0.0,
                        0.0,
                        0.0,
                        0.0
                    ],
                    [
                        -0.7531663344033988,
                        -0.7046848678399442,
                        0.0,
                        0.0,
                        0.0,
                        0.0
                    ],
                    [
                        0.0,
                        0.0,
                        0.0,
                        0.0,
                        0.0,
                        0.0
                    ],
                    [
                        -0.6499225857234665,
                        -0.0,
                        0.9087341039599772,
                        0.60151449361346,
                        0.6465475756905426,
                        0.0
                    ]
                ]
            },
            "est_params": {
                "mui": [
                    -0.00031395897847416414,
                    -0.00138266428059275,
                    -0.0015062069046322883,
                    0.004437766306524805,
                    99.97957789987385,
                    64.64242005720028
                ],
                "Si": [
                    [
                        0.9988188167728007,
                        0.7297837226312115,
                        -1.3126147116100901,
                        -1.2669251095501748,
                        0.014427326835965005,
                        -2.59091095636567
                    ],
                    [
                        0.7297837226312115,
                        1.5325985894671428,
                        -1.5951272445031854,
                        -1.627880172099678,
                        0.02894131406334758,
                        -2.8762458867683005
                    ],
                    [
                        -1.3126147116100901,
                        -1.5951272445031854,
                        3.1283959944018362,
                        2.116165059342587,
                        -0.04276769869888474,
                        4.9318752411045415
                    ],
                    [
                        -1.2669251095501748,
                        -1.627880172099678,
                        2.116165059342587,
                        3.1005995160602047,
                        0.01483102603449357,
                        4.6120016702684605
                    ],
                    [
                        0.014427326835965005,
                        0.02894131406334758,
                        -0.04276769869888474,
                        0.01483102603449357,
                        100.09832649471808,
                        64.67782894466463
                    ],
                    [
                        -2.59091095636567,
                        -2.8762458867683005,
                        4.9318752411045415,
                        4.6120016702684605,
                        64.67782894466463,
                        51.74230173757953
                    ]
                ]
            },
            "est_tgt": [
                4
            ],
            "oracle_est_tgt": [
                4
            ]
        },
        "obs": {
            "intv_type": "obs",
            "noise_type": "gaussian",
            "obs_noise_gamma_shape": null,
            "true_params": {
                "Si": [
                    [
                        1.0,
                        0.7279590792340952,
                        -1.3132953839912926,
                        -1.2661480819463646,
                        -1.2849013997790346,
                        -3.4357151971097086
                    ],
                    [
                        0.7279590792340952,
                        1.5299244210393517,
                        -1.5946522134185233,
                        -1.6263888597476355,
                        -1.9116546722067538,
                        -4.13650406262782
                    ],
                    [
                        -1.3132953839912926,
                        -1.5946522134185233,
                        3.1325891020805257,
                        2.1128571546131325,
                        1.731620513872709,
                        6.0907201292313555
                    ],
                    [
                        -1.2661480819463646,
                        -1.6263888597476355,
                        2.1128571546131325,
                        3.0997117283790576,
                        2.928183418676939,
                        6.500655009686632
                    ],
                    [
                        -1.2849013997790346,
                        -1.9116546722067538,
                        1.731620513872709,
                        2.928183418676939,
                        4.3159166659347665,
                        6.960459279752244
                    ],
                    [
                        -3.4357151971097086,
                        -4.13650406262782,
                        6.0907201292313555,
                        6.500655009686632,
                        6.960459279752244,
                        17.178300283147014
                    ]
                ],
                "mui": [
                    0.0,
                    0.0,
                    0.0,
                    0.0,
                    0.0,
                    0.0
                ],
                "Ai": [
                    [
                        0.0,
                        0.0,
                        0.0,
                        0.0,
                        0.0,
                        0.0
                    ],
                    [
                        0.7279590792340952,
                        0.0,
                        0.0,
                        0.0,
                        0.0,
                        0.0
                    ],
                    [
                        -0.8484011230277715,
                        -0.6386269149258342,
                        0.0,
                        0.0,
                        0.0,
                        0.0
                    ],
                    [
                        -0.7531663344033988,
                        -0.7046848678399442,
                        0.0,
                        0.0,
                        0.0,
                        0.0
                    ],
                    [
                        -0.6037603696925347,
                        -0.9140711061486386,
                        -0.5793254023947354,
                        0.6133248212959392,
                        0.0,
                        0.0
                    ],
                    [
                        -0.6499225857234665,
                        -0.0,
                        0.9087341039599772,
                        0.60151449361346,
                        0.6465475756905426,
                        0.0
                    ]
                ]
            },
            "est_params": {
                "mui": [
                    -0.0012740336480392537,
                    -0.004210283198302477,
                    0.004519086735841894,
                    0.0012020901184894447,
                    0.00627801344603577,
                    0.009863702208653811
                ],
                "Si": [
                    [
                        0.9935794120898397,
                        0.7262120915127409,
                        -1.3084755088037532,
                        -1.2586164402267164,
                        -1.2792516429977905,
                        -3.4181501349015124
                    ],
                    [
                        0.7262120915127409,
                        1.5290797960964817,
                        -1.5940715168009165,
                        -1.621878095578167,
                        -1.9116746280782742,
                        -4.135330576396778
                    ],
                    [
                        -1.3084755088037532,
                        -1.5940715168009165,
                        3.1343493651421497,
                        2.101379257689139,
                        1.7279744606454588,
                        6.081107324795992
                    ],
                    [
                        -1.2586164402267164,
                        -1.621878095578167,
                        2.101379257689139,
                        3.0873941465848684,
                        2.9214511490133908,
                        6.474268737799442
                    ],
                    [
                        -1.2792516429977905,
                        -1.9116746280782742,
                        1.7279744606454588,
                        2.9214511490133908,
                        4.314456521194003,
                        6.951079873692308
                    ],
                    [
                        -3.4181501349015124,
                        -4.135330576396778,
                        6.081107324795992,
                        6.474268737799442,
                        6.951079873692308,
                        17.142343298577945
                    ]
                ]
            },
            "est_tgt": [
                0,
                1,
                2,
                3,
                4,
                5
            ],
            "oracle_est_tgt": [
                0,
                1,
                2,
                3,
                4,
                5
            ]
        }
    },
    "metric_dict": {
        "param_est_rel_err": 3.6706376508098906,
        "est_num_comp": 4,
        "weight_precision_error": 0.0,
        "gm_score_dict": {
            "1": -19.58612071070211,
            "2": -14.279177435759728,
            "3": -13.238004802639617,
            "4": -11.62428852067291,
            "5": -11.625975858160716,
            "6": -11.6266283931746,
            "7": -11.626963657702106
        },
        "est_dag": {
            "amat": [
                [
                    0,
                    0,
                    1,
                    1,
                    1,
                    1
                ],
                [
                    1,
                    0,
                    1,
                    1,
                    1,
                    0
                ],
                [
                    0,
                    0,
                    0,
                    0,
                    1,
                    1
                ],
                [
                    0,
                    0,
                    0,
                    0,
                    1,
                    1
                ],
                [
                    0,
                    0,
                    0,
                    0,
                    0,
                    1
                ],
                [
                    0,
                    0,
                    0,
                    0,
                    0,
                    0
                ]
            ],
            "nodes": [
                0,
                1,
                2,
                3,
                4,
                5
            ]
        },
        "oracle_est_dag": {
            "amat": [
                [
                    0,
                    1,
                    1,
                    1,
                    1,
                    1
                ],
                [
                    0,
                    0,
                    1,
                    1,
                    1,
                    0
                ],
                [
                    0,
                    0,
                    0,
                    0,
                    1,
                    1
                ],
                [
                    0,
                    0,
                    0,
                    0,
                    1,
                    1
                ],
                [
                    0,
                    0,
                    0,
                    0,
                    0,
                    1
                ],
                [
                    0,
                    0,
                    0,
                    0,
                    0,
                    0
                ]
            ],
            "nodes": [
                0,
                1,
                2,
                3,
                4,
                5
            ]
        },
        "igsp_dag": null,
        "intv_base_est_dag": null,
        "act_dag": {
            "amat": [
                [
                    0,
                    1,
                    1,
                    1,
                    1,
                    1
                ],
                [
                    0,
                    0,
                    1,
                    1,
                    1,
                    0
                ],
                [
                    0,
                    0,
                    0,
                    0,
                    1,
                    1
                ],
                [
                    0,
                    0,
                    0,
                    0,
                    1,
                    1
                ],
                [
                    0,
                    0,
                    0,
                    0,
                    0,
                    1
                ],
                [
                    0,
                    0,
                    0,
                    0,
                    0,
                    0
                ]
            ],
            "nodes": [
                0,
                1,
                2,
                3,
                4,
                5
            ]
        },
        "shd": 1,
        "oracle_shd": 0,
        "intv_base_shd": null,
        "igsp_shd": null,
        "avg_js": 0.75,
        "avg_oracle_js": 0.75
    }
}