{
    "expt_args": {
        "save_dir": "all_expt_logs/expt_logs_sim_compsel_backwardbugfixed_cameraready_half_largemean_std_var",
        "exp_name": "74",
        "num_nodes": 6,
        "num_tgt_prior": 7,
        "obs_noise_mean": 0.0,
        "obs_noise_var": 1.0,
        "obs_noise_gamma_shape": null,
        "noise_type": "gaussian",
        "max_edge_strength": 1.0,
        "graph_sparsity_method": "adj_dense_prop",
        "adj_dense_prop": 0.8,
        "num_parents": null,
        "new_noise_mean": 100.0,
        "mix_samples": 262144,
        "stage2_samples": 262144,
        "gmm_tol": 0.001,
        "intv_type": "hard",
        "new_noise_var": 0.1,
        "dtype": "simulation",
        "cutoff_drop_ratio": 0.07,
        "intv_targets": [
            5,
            0,
            1
        ]
    },
    "intv_args_dict": {
        "5": {
            "intv_type": "hard",
            "inode": 5,
            "new_mui": 100.0,
            "new_vari": 0.1,
            "noise_type": "gaussian",
            "obs_noise_gamma_shape": null,
            "true_params": {
                "Si": [
                    [
                        1.0,
                        0.7279590792340952,
                        -1.3132953839912926,
                        -1.2661480819463646,
                        -1.2849013997790346,
                        0.0
                    ],
                    [
                        0.7279590792340952,
                        1.5299244210393517,
                        -1.5946522134185233,
                        -1.6263888597476355,
                        -1.9116546722067538,
                        0.0
                    ],
                    [
                        -1.3132953839912926,
                        -1.5946522134185233,
                        3.1325891020805257,
                        2.1128571546131325,
                        1.731620513872709,
                        0.0
                    ],
                    [
                        -1.2661480819463646,
                        -1.6263888597476355,
                        2.1128571546131325,
                        3.0997117283790576,
                        2.928183418676939,
                        0.0
                    ],
                    [
                        -1.2849013997790346,
                        -1.9116546722067538,
                        1.731620513872709,
                        2.928183418676939,
                        4.3159166659347665,
                        0.0
                    ],
                    [
                        0.0,
                        0.0,
                        0.0,
                        0.0,
                        0.0,
                        0.1
                    ]
                ],
                "mui": [
                    0.0,
                    0.0,
                    0.0,
                    0.0,
                    0.0,
                    100.0
                ],
                "Ai": [
                    [
                        0.0,
                        0.0,
                        0.0,
                        0.0,
                        0.0,
                        0.0
                    ],
                    [
                        0.7279590792340952,
                        0.0,
                        0.0,
                        0.0,
                        0.0,
                        0.0
                    ],
                    [
                        -0.8484011230277715,
                        -0.6386269149258342,
                        0.0,
                        0.0,
                        0.0,
                        0.0
                    ],
                    [
                        -0.7531663344033988,
                        -0.7046848678399442,
                        0.0,
                        0.0,
                        0.0,
                        0.0
                    ],
                    [
                        -0.6037603696925347,
                        -0.9140711061486386,
                        -0.5793254023947354,
                        0.6133248212959392,
                        0.0,
                        0.0
                    ],
                    [
                        0.0,
                        0.0,
                        0.0,
                        0.0,
                        0.0,
                        0.0
                    ]
                ]
            },
            "est_params": {
                "mui": [
                    -0.0016174977708138154,
                    -0.0018573596000377459,
                    0.008525911269113878,
                    0.003073997962994028,
                    -0.0023670690166710806,
                    99.99791825242482
                ],
                "Si": [
                    [
                        1.0010161675283453,
                        0.733021159215757,
                        -1.3215820464105228,
                        -1.2684877892576654,
                        -1.294128489340842,
                        0.000553115379129756
                    ],
                    [
                        0.733021159215757,
                        1.529239316197845,
                        -1.6001443461181533,
                        -1.6319392978545302,
                        -1.9160996038093192,
                        0.0007408279929760082
                    ],
                    [
                        -1.3215820464105228,
                        -1.6001443461181533,
                        3.143124124733804,
                        2.125087518652754,
                        1.7511893142971617,
                        -0.0008168215115817912
                    ],
                    [
                        -1.2684877892576654,
                        -1.6319392978545302,
                        2.125087518652754,
                        3.0931739230154696,
                        2.9304003785933874,
                        -0.0029899336268593367
                    ],
                    [
                        -1.294128489340842,
                        -1.9160996038093192,
                        1.7511893142971617,
                        2.9304003785933874,
                        4.328642507590841,
                        0.0015224419684292665
                    ],
                    [
                        0.000553115379129756,
                        0.0007408279929760082,
                        -0.0008168215115817912,
                        -0.0029899336268593367,
                        0.0015224419684292665,
                        0.10005510426036988
                    ]
                ]
            },
            "est_tgt": [
                5
            ],
            "oracle_est_tgt": [
                3,
                5
            ]
        },
        "0": {
            "intv_type": "hard",
            "inode": 0,
            "new_mui": 100.0,
            "new_vari": 0.1,
            "noise_type": "gaussian",
            "obs_noise_gamma_shape": null,
            "true_params": {
                "Si": [
                    [
                        0.1,
                        0.07279590792340952,
                        -0.13132953839912928,
                        -0.12661480819463647,
                        -0.12849013997790346,
                        -0.3435715197109709
                    ],
                    [
                        0.07279590792340952,
                        1.0529924421039352,
                        -0.7342294447751031,
                        -0.7968552670307134,
                        -1.0698345963059823,
                        -1.8855499983691055
                    ],
                    [
                        -0.13132953839912928,
                        -0.7342294447751031,
                        1.5803188130289723,
                        0.6163133662905018,
                        0.2129109443803282,
                        2.0298221110657324
                    ],
                    [
                        -0.12661480819463647,
                        -0.7968552670307134,
                        0.6163133662905018,
                        1.6568938595042455,
                        1.4639955201385577,
                        2.585543223445642
                    ],
                    [
                        -0.12849013997790346,
                        -1.0698345963059823,
                        0.2129109443803282,
                        1.4639955201385577,
                        2.8300422194960557,
                        2.9873595403447153
                    ],
                    [
                        -0.3435715197109709,
                        -1.8855499983691055,
                        2.0298221110657324,
                        2.585543223445642,
                        2.9873595403447153,
                        6.55457525906147
                    ]
                ],
                "mui": [
                    100.0,
                    72.79590792340952,
                    -131.32953839912926,
                    -126.61480819463647,
                    -128.49013997790345,
                    -343.57151971097085
                ],
                "Ai": [
                    [
                        0.0,
                        0.0,
                        0.0,
                        0.0,
                        0.0,
                        0.0
                    ],
                    [
                        0.7279590792340952,
                        0.0,
                        0.0,
                        0.0,
                        0.0,
                        0.0
                    ],
                    [
                        -0.8484011230277715,
                        -0.6386269149258342,
                        0.0,
                        0.0,
                        0.0,
                        0.0
                    ],
                    [
                        -0.7531663344033988,
                        -0.7046848678399442,
                        0.0,
                        0.0,
                        0.0,
                        0.0
                    ],
                    [
                        -0.6037603696925347,
                        -0.9140711061486386,
                        -0.5793254023947354,
                        0.6133248212959392,
                        0.0,
                        0.0
                    ],
                    [
                        -0.6499225857234665,
                        -0.0,
                        0.9087341039599772,
                        0.60151449361346,
                        0.6465475756905426,
                        0.0
                    ]
                ]
            },
            "est_params": {
                "mui": [
                    100.00021774583865,
                    72.79539458191407,
                    -131.33291574667302,
                    -126.61306199739394,
                    -128.49000743929972,
                    -343.5786207319003
                ],
                "Si": [
                    [
                        0.09907457391531112,
                        0.07074162189160343,
                        -0.12608178258870095,
                        -0.12328067214171397,
                        -0.12751994728090377,
                        -0.3351681198311765
                    ],
                    [
                        0.07074162189160343,
                        1.0503236891394119,
                        -0.7300922046689882,
                        -0.7945328298716943,
                        -1.0657341627936878,
                        -1.8774470872656717
                    ],
                    [
                        -0.12608178258870095,
                        -0.7300922046689882,
                        1.567027585857481,
                        0.6099102322646683,
                        0.21018654437975873,
                        2.015572482900776
                    ],
                    [
                        -0.12328067214171397,
                        -0.7945328298716943,
                        0.6099102322646683,
                        1.6433225541888452,
                        1.454015283663709,
                        2.571722666085366
                    ],
                    [
                        -0.12751994728090377,
                        -1.0657341627936878,
                        0.21018654437975873,
                        1.454015283663709,
                        2.8198563501971665,
                        2.9725697536889255
                    ],
                    [
                        -0.3351681198311765,
                        -1.8774470872656717,
                        2.015572482900776,
                        2.571722666085366,
                        2.9725697536889255,
                        6.5309528568927036
                    ]
                ]
            },
            "est_tgt": [
                0
            ],
            "oracle_est_tgt": [
                0
            ]
        },
        "1": {
            "intv_type": "hard",
            "inode": 1,
            "new_mui": 100.0,
            "new_vari": 0.1,
            "noise_type": "gaussian",
            "obs_noise_gamma_shape": null,
            "true_params": {
                "Si": [
                    [
                        1.0,
                        0.0,
                        -0.8484011230277715,
                        -0.7531663344033988,
                        -0.5741956551564077,
                        -2.245178895115531
                    ],
                    [
                        0.0,
                        0.1,
                        -0.06386269149258343,
                        -0.07046848678399442,
                        -0.09762990323170077,
                        -0.16354439912292484
                    ],
                    [
                        -0.8484011230277715,
                        -0.06386269149258343,
                        1.7605688992015527,
                        0.6839902362489079,
                        -0.029828079817003306,
                        2.5434288205852535
                    ],
                    [
                        -0.7531663344033988,
                        -0.07046848678399442,
                        0.6839902362489079,
                        1.6169176035749122,
                        1.1145879735765063,
                        2.8042985917291237
                    ],
                    [
                        -0.5741956551564077,
                        -0.09762990323170077,
                        -0.029828079817003306,
                        1.1145879735765063,
                        2.1368018887283267,
                        2.398061832926878
                    ],
                    [
                        -2.245178895115531,
                        -0.16354439912292484,
                        2.5434288205852535,
                        2.8042985917291237,
                        2.398061832926878,
                        8.007780294965539
                    ]
                ],
                "mui": [
                    0.0,
                    100.0,
                    -63.86269149258342,
                    -70.46848678399442,
                    -97.62990323170077,
                    -163.54439912292486
                ],
                "Ai": [
                    [
                        0.0,
                        0.0,
                        0.0,
                        0.0,
                        0.0,
                        0.0
                    ],
                    [
                        0.0,
                        0.0,
                        0.0,
                        0.0,
                        0.0,
                        0.0
                    ],
                    [
                        -0.8484011230277715,
                        -0.6386269149258342,
                        0.0,
                        0.0,
                        0.0,
                        0.0
                    ],
                    [
                        -0.7531663344033988,
                        -0.7046848678399442,
                        0.0,
                        0.0,
                        0.0,
                        0.0
                    ],
                    [
                        -0.6037603696925347,
                        -0.9140711061486386,
                        -0.5793254023947354,
                        0.6133248212959392,
                        0.0,
                        0.0
                    ],
                    [
                        -0.6499225857234665,
                        -0.0,
                        0.9087341039599772,
                        0.60151449361346,
                        0.6465475756905426,
                        0.0
                    ]
                ]
            },
            "est_params": {
                "mui": [
                    0.007299555270588457,
                    100.00021935527133,
                    -63.87647222565248,
                    -70.47135261589786,
                    -97.62841791557265,
                    -163.55624191737422
                ],
                "Si": [
                    [
                        1.0030978451383552,
                        -0.00017602131949189139,
                        -0.8459165349813008,
                        -0.7601283864677832,
                        -0.5735301596305397,
                        -2.2515273353939946
                    ],
                    [
                        -0.00017602131949189139,
                        0.10011088961173761,
                        -0.06410782141312497,
                        -0.07030625385825165,
                        -0.09800955316453376,
                        -0.16177693300777493
                    ],
                    [
                        -0.8459165349813008,
                        -0.06410782141312497,
                        1.7503546839173656,
                        0.6770236053766128,
                        -0.040126063937517116,
                        2.5241949553584555
                    ],
                    [
                        -0.7601283864677832,
                        -0.07030625385825165,
                        0.6770236053766128,
                        1.6315307683079758,
                        1.1339759345427265,
                        2.8269104658843838
                    ],
                    [
                        -0.5735301596305397,
                        -0.09800955316453376,
                        -0.040126063937517116,
                        1.1339759345427265,
                        2.1603366268236632,
                        2.4152949427790262
                    ],
                    [
                        -2.2515273353939946,
                        -0.16177693300777493,
                        2.5241949553584555,
                        2.8269104658843838,
                        2.4152949427790262,
                        8.02670178777152
                    ]
                ]
            },
            "est_tgt": [
                1
            ],
            "oracle_est_tgt": [
                1
            ]
        },
        "obs": {
            "intv_type": "obs",
            "noise_type": "gaussian",
            "obs_noise_gamma_shape": null,
            "true_params": {
                "Si": [
                    [
                        1.0,
                        0.7279590792340952,
                        -1.3132953839912926,
                        -1.2661480819463646,
                        -1.2849013997790346,
                        -3.4357151971097086
                    ],
                    [
                        0.7279590792340952,
                        1.5299244210393517,
                        -1.5946522134185233,
                        -1.6263888597476355,
                        -1.9116546722067538,
                        -4.13650406262782
                    ],
                    [
                        -1.3132953839912926,
                        -1.5946522134185233,
                        3.1325891020805257,
                        2.1128571546131325,
                        1.731620513872709,
                        6.0907201292313555
                    ],
                    [
                        -1.2661480819463646,
                        -1.6263888597476355,
                        2.1128571546131325,
                        3.0997117283790576,
                        2.928183418676939,
                        6.500655009686632
                    ],
                    [
                        -1.2849013997790346,
                        -1.9116546722067538,
                        1.731620513872709,
                        2.928183418676939,
                        4.3159166659347665,
                        6.960459279752244
                    ],
                    [
                        -3.4357151971097086,
                        -4.13650406262782,
                        6.0907201292313555,
                        6.500655009686632,
                        6.960459279752244,
                        17.178300283147014
                    ]
                ],
                "mui": [
                    0.0,
                    0.0,
                    0.0,
                    0.0,
                    0.0,
                    0.0
                ],
                "Ai": [
                    [
                        0.0,
                        0.0,
                        0.0,
                        0.0,
                        0.0,
                        0.0
                    ],
                    [
                        0.7279590792340952,
                        0.0,
                        0.0,
                        0.0,
                        0.0,
                        0.0
                    ],
                    [
                        -0.8484011230277715,
                        -0.6386269149258342,
                        0.0,
                        0.0,
                        0.0,
                        0.0
                    ],
                    [
                        -0.7531663344033988,
                        -0.7046848678399442,
                        0.0,
                        0.0,
                        0.0,
                        0.0
                    ],
                    [
                        -0.6037603696925347,
                        -0.9140711061486386,
                        -0.5793254023947354,
                        0.6133248212959392,
                        0.0,
                        0.0
                    ],
                    [
                        -0.6499225857234665,
                        -0.0,
                        0.9087341039599772,
                        0.60151449361346,
                        0.6465475756905426,
                        0.0
                    ]
                ]
            },
            "est_params": {
                "mui": [
                    0.0010803085843253133,
                    -0.0011042127490054176,
                    0.00013063224999202913,
                    0.001767211915721328,
                    -0.0009350450489059029,
                    0.002448823536166104
                ],
                "Si": [
                    [
                        1.0043643238242632,
                        0.7278585199605386,
                        -1.3185407930844606,
                        -1.2682746357286108,
                        -1.2867775425376622,
                        -3.4495708916010237
                    ],
                    [
                        0.7278585199605386,
                        1.525607927391702,
                        -1.597478039285376,
                        -1.6197283742828887,
                        -1.9029949062290707,
                        -4.1317368366982645
                    ],
                    [
                        -1.3185407930844606,
                        -1.597478039285376,
                        3.1389359957244074,
                        2.1177305190554705,
                        1.7367812018114495,
                        6.113761616748733
                    ],
                    [
                        -1.2682746357286108,
                        -1.6197283742828887,
                        2.1177305190554705,
                        3.0860645700200995,
                        2.9137688928719796,
                        6.491949032041123
                    ],
                    [
                        -1.2867775425376622,
                        -1.9029949062290707,
                        1.7367812018114495,
                        2.9137688928719796,
                        4.299990956191391,
                        6.9529929707193565
                    ],
                    [
                        -3.4495708916010237,
                        -4.1317368366982645,
                        6.113761616748733,
                        6.491949032041123,
                        6.9529929707193565,
                        17.206346367082222
                    ]
                ]
            },
            "est_tgt": [
                0,
                1,
                2,
                3,
                4,
                5
            ],
            "oracle_est_tgt": [
                0,
                1,
                2,
                3,
                4,
                5
            ]
        }
    },
    "metric_dict": {
        "param_est_rel_err": 1.1293013489921304,
        "est_num_comp": 4,
        "weight_precision_error": 0.0,
        "gm_score_dict": {
            "1": -19.555748416235,
            "2": -14.457590524635766,
            "3": -10.929531374777548,
            "4": -9.031047973453365,
            "5": -9.032606298857871,
            "6": -9.033322834406897,
            "7": -9.033427788822989
        },
        "est_dag": {
            "amat": [
                [
                    0,
                    1,
                    1,
                    1,
                    1,
                    1
                ],
                [
                    0,
                    0,
                    1,
                    1,
                    1,
                    0
                ],
                [
                    0,
                    0,
                    0,
                    0,
                    1,
                    1
                ],
                [
                    0,
                    0,
                    0,
                    0,
                    1,
                    1
                ],
                [
                    0,
                    0,
                    0,
                    0,
                    0,
                    1
                ],
                [
                    0,
                    0,
                    0,
                    0,
                    0,
                    0
                ]
            ],
            "nodes": [
                0,
                1,
                2,
                3,
                4,
                5
            ]
        },
        "oracle_est_dag": {
            "amat": [
                [
                    0,
                    1,
                    1,
                    0,
                    1,
                    1
                ],
                [
                    0,
                    0,
                    1,
                    1,
                    1,
                    1
                ],
                [
                    0,
                    0,
                    0,
                    1,
                    0,
                    1
                ],
                [
                    0,
                    0,
                    0,
                    0,
                    0,
                    0
                ],
                [
                    0,
                    0,
                    1,
                    1,
                    0,
                    1
                ],
                [
                    0,
                    0,
                    0,
                    1,
                    0,
                    0
                ]
            ],
            "nodes": [
                0,
                1,
                2,
                3,
                4,
                5
            ]
        },
        "igsp_dag": null,
        "intv_base_est_dag": null,
        "act_dag": {
            "amat": [
                [
                    0,
                    1,
                    1,
                    1,
                    1,
                    1
                ],
                [
                    0,
                    0,
                    1,
                    1,
                    1,
                    0
                ],
                [
                    0,
                    0,
                    0,
                    0,
                    1,
                    1
                ],
                [
                    0,
                    0,
                    0,
                    0,
                    1,
                    1
                ],
                [
                    0,
                    0,
                    0,
                    0,
                    0,
                    1
                ],
                [
                    0,
                    0,
                    0,
                    0,
                    0,
                    0
                ]
            ],
            "nodes": [
                0,
                1,
                2,
                3,
                4,
                5
            ]
        },
        "shd": 0,
        "oracle_shd": 6,
        "intv_base_shd": null,
        "igsp_shd": null,
        "avg_js": 0.75,
        "avg_oracle_js": 0.625
    }
}