{
    "expt_args": {
        "save_dir": "all_expt_logs/expt_logs_sim_compsel_backwardbugfixed_cameraready_half_largemean_std_var",
        "exp_name": "66",
        "num_nodes": 6,
        "num_tgt_prior": 7,
        "obs_noise_mean": 0.0,
        "obs_noise_var": 1.0,
        "obs_noise_gamma_shape": null,
        "noise_type": "gaussian",
        "max_edge_strength": 1.0,
        "graph_sparsity_method": "adj_dense_prop",
        "adj_dense_prop": 0.8,
        "num_parents": null,
        "new_noise_mean": 100.0,
        "mix_samples": 1024,
        "stage2_samples": 1024,
        "gmm_tol": 0.001,
        "intv_type": "hard",
        "new_noise_var": 0.1,
        "dtype": "simulation",
        "cutoff_drop_ratio": 0.07,
        "intv_targets": [
            4,
            5,
            2
        ]
    },
    "intv_args_dict": {
        "4": {
            "intv_type": "hard",
            "inode": 4,
            "new_mui": 100.0,
            "new_vari": 0.1,
            "noise_type": "gaussian",
            "obs_noise_gamma_shape": null,
            "true_params": {
                "Si": [
                    [
                        1.0,
                        0.7279590792340952,
                        -1.3132953839912926,
                        -1.2661480819463646,
                        0.0,
                        -2.6049653120811893
                    ],
                    [
                        0.7279590792340952,
                        1.5299244210393517,
                        -1.5946522134185233,
                        -1.6263888597476355,
                        0.0,
                        -2.9005283687550447
                    ],
                    [
                        -1.3132953839912926,
                        -1.5946522134185233,
                        3.1325891020805257,
                        2.1128571546131325,
                        0.0,
                        4.971145083970945
                    ],
                    [
                        -1.2661480819463646,
                        -1.6263888597476355,
                        2.1128571546131325,
                        3.0997117283790576,
                        0.0,
                        4.607445119163812
                    ],
                    [
                        0.0,
                        0.0,
                        0.0,
                        0.0,
                        0.1,
                        0.06465475756905426
                    ],
                    [
                        -2.6049653120811893,
                        -2.9005283687550447,
                        4.971145083970945,
                        4.607445119163812,
                        0.06465475756905426,
                        10.023722259353887
                    ]
                ],
                "mui": [
                    0.0,
                    0.0,
                    0.0,
                    0.0,
                    100.0,
                    64.65475756905425
                ],
                "Ai": [
                    [
                        0.0,
                        0.0,
                        0.0,
                        0.0,
                        0.0,
                        0.0
                    ],
                    [
                        0.7279590792340952,
                        0.0,
                        0.0,
                        0.0,
                        0.0,
                        0.0
                    ],
                    [
                        -0.8484011230277715,
                        -0.6386269149258342,
                        0.0,
                        0.0,
                        0.0,
                        0.0
                    ],
                    [
                        -0.7531663344033988,
                        -0.7046848678399442,
                        0.0,
                        0.0,
                        0.0,
                        0.0
                    ],
                    [
                        0.0,
                        0.0,
                        0.0,
                        0.0,
                        0.0,
                        0.0
                    ],
                    [
                        -0.6499225857234665,
                        -0.0,
                        0.9087341039599772,
                        0.60151449361346,
                        0.6465475756905426,
                        0.0
                    ]
                ]
            },
            "est_params": {
                "mui": [
                    -0.05423034959616701,
                    -0.025951144364168375,
                    0.10144087566029478,
                    0.020134352368917828,
                    100.01946120437756,
                    64.81820917193893
                ],
                "Si": [
                    [
                        1.002836264906929,
                        0.7700543509451769,
                        -1.3744056523933406,
                        -1.2942630744625558,
                        -0.014294788579206278,
                        -2.724532237223662
                    ],
                    [
                        0.7700543509451769,
                        1.557171625612538,
                        -1.59108917858679,
                        -1.58614848457342,
                        -0.05074655400737959,
                        -2.973048186681112
                    ],
                    [
                        -1.3744056523933406,
                        -1.59108917858679,
                        3.1033589155490797,
                        2.169450494907591,
                        0.015475883144391835,
                        5.139532462302304
                    ],
                    [
                        -1.2942630744625558,
                        -1.58614848457342,
                        2.169450494907591,
                        2.896489875679346,
                        0.025843189968838783,
                        4.6438920070571035
                    ],
                    [
                        -0.014294788579206278,
                        -0.05074655400737959,
                        0.015475883144391835,
                        0.025843189968838783,
                        0.09812518708878627,
                        0.09208042996147894
                    ],
                    [
                        -2.724532237223662,
                        -2.973048186681112,
                        5.139532462302304,
                        4.6438920070571035,
                        0.09208042996147894,
                        10.351129950596171
                    ]
                ]
            },
            "est_tgt": [
                0,
                3,
                4,
                5
            ],
            "oracle_est_tgt": [
                0,
                3,
                4,
                5
            ]
        },
        "5": {
            "intv_type": "hard",
            "inode": 5,
            "new_mui": 100.0,
            "new_vari": 0.1,
            "noise_type": "gaussian",
            "obs_noise_gamma_shape": null,
            "true_params": {
                "Si": [
                    [
                        1.0,
                        0.7279590792340952,
                        -1.3132953839912926,
                        -1.2661480819463646,
                        -1.2849013997790346,
                        0.0
                    ],
                    [
                        0.7279590792340952,
                        1.5299244210393517,
                        -1.5946522134185233,
                        -1.6263888597476355,
                        -1.9116546722067538,
                        0.0
                    ],
                    [
                        -1.3132953839912926,
                        -1.5946522134185233,
                        3.1325891020805257,
                        2.1128571546131325,
                        1.731620513872709,
                        0.0
                    ],
                    [
                        -1.2661480819463646,
                        -1.6263888597476355,
                        2.1128571546131325,
                        3.0997117283790576,
                        2.928183418676939,
                        0.0
                    ],
                    [
                        -1.2849013997790346,
                        -1.9116546722067538,
                        1.731620513872709,
                        2.928183418676939,
                        4.3159166659347665,
                        0.0
                    ],
                    [
                        0.0,
                        0.0,
                        0.0,
                        0.0,
                        0.0,
                        0.1
                    ]
                ],
                "mui": [
                    0.0,
                    0.0,
                    0.0,
                    0.0,
                    0.0,
                    100.0
                ],
                "Ai": [
                    [
                        0.0,
                        0.0,
                        0.0,
                        0.0,
                        0.0,
                        0.0
                    ],
                    [
                        0.7279590792340952,
                        0.0,
                        0.0,
                        0.0,
                        0.0,
                        0.0
                    ],
                    [
                        -0.8484011230277715,
                        -0.6386269149258342,
                        0.0,
                        0.0,
                        0.0,
                        0.0
                    ],
                    [
                        -0.7531663344033988,
                        -0.7046848678399442,
                        0.0,
                        0.0,
                        0.0,
                        0.0
                    ],
                    [
                        -0.6037603696925347,
                        -0.9140711061486386,
                        -0.5793254023947354,
                        0.6133248212959392,
                        0.0,
                        0.0
                    ],
                    [
                        0.0,
                        0.0,
                        0.0,
                        0.0,
                        0.0,
                        0.0
                    ]
                ]
            },
            "est_params": {
                "mui": [
                    -0.06961755632578955,
                    -0.06108546781241224,
                    0.056044770419393077,
                    0.07736594204781548,
                    -0.0009491166646541441,
                    100.00626016900496
                ],
                "Si": [
                    [
                        1.0036601044625215,
                        0.7628800590542743,
                        -1.2860155699180986,
                        -1.3846736616184887,
                        -1.3261897972520722,
                        0.009959090709239298
                    ],
                    [
                        0.7628800590542743,
                        1.5416706635333326,
                        -1.4528939200162692,
                        -1.7019954539052566,
                        -2.0493280871852346,
                        0.013569255054246882
                    ],
                    [
                        -1.2860155699180986,
                        -1.4528939200162692,
                        2.7890357789232834,
                        2.1781465898493138,
                        1.754063554383458,
                        -0.01864603268576235
                    ],
                    [
                        -1.3846736616184887,
                        -1.7019954539052566,
                        2.1781465898493138,
                        3.308328530080834,
                        3.0202250312652654,
                        -0.024195810621729926
                    ],
                    [
                        -1.3261897972520722,
                        -2.0493280871852346,
                        1.754063554383458,
                        3.0202250312652654,
                        4.4452409890578375,
                        -0.03519568130042515
                    ],
                    [
                        0.009959090709239298,
                        0.013569255054246882,
                        -0.01864603268576235,
                        -0.024195810621729926,
                        -0.03519568130042515,
                        0.09559656114790574
                    ]
                ]
            },
            "est_tgt": [
                0,
                3,
                5
            ],
            "oracle_est_tgt": [
                0,
                3,
                5
            ]
        },
        "2": {
            "intv_type": "hard",
            "inode": 2,
            "new_mui": 100.0,
            "new_vari": 0.1,
            "noise_type": "gaussian",
            "obs_noise_gamma_shape": null,
            "true_params": {
                "Si": [
                    [
                        1.0,
                        0.7279590792340952,
                        0.0,
                        -1.2661480819463646,
                        -2.0457267765729386,
                        -2.7341886959935495
                    ],
                    [
                        0.7279590792340952,
                        1.5299244210393517,
                        0.0,
                        -1.6263888597476355,
                        -2.835477207425095,
                        -3.2846844328528535
                    ],
                    [
                        0.0,
                        0.0,
                        0.1,
                        0.0,
                        -0.05793254023947354,
                        0.0534172669505713
                    ],
                    [
                        -1.2661480819463646,
                        -1.6263888597476355,
                        0.0,
                        3.0997117283790576,
                        4.152215239975787,
                        5.37202446312269
                    ],
                    [
                        -2.0457267765729386,
                        -2.835477207425095,
                        -0.05793254023947354,
                        4.152215239975787,
                        7.407175004590311,
                        8.56362745065095
                    ],
                    [
                        -2.7341886959935495,
                        -3.2846844328528535,
                        0.0534172669505713,
                        5.37202446312269,
                        8.56362745065095,
                        11.593696221324038
                    ]
                ],
                "mui": [
                    0.0,
                    0.0,
                    100.0,
                    0.0,
                    -57.93254023947354,
                    53.417266950571296
                ],
                "Ai": [
                    [
                        0.0,
                        0.0,
                        0.0,
                        0.0,
                        0.0,
                        0.0
                    ],
                    [
                        0.7279590792340952,
                        0.0,
                        0.0,
                        0.0,
                        0.0,
                        0.0
                    ],
                    [
                        0.0,
                        0.0,
                        0.0,
                        0.0,
                        0.0,
                        0.0
                    ],
                    [
                        -0.7531663344033988,
                        -0.7046848678399442,
                        0.0,
                        0.0,
                        0.0,
                        0.0
                    ],
                    [
                        -0.6037603696925347,
                        -0.9140711061486386,
                        -0.5793254023947354,
                        0.6133248212959392,
                        0.0,
                        0.0
                    ],
                    [
                        -0.6499225857234665,
                        -0.0,
                        0.9087341039599772,
                        0.60151449361346,
                        0.6465475756905426,
                        0.0
                    ]
                ]
            },
            "est_params": {
                "mui": [
                    0.03715971366407475,
                    -0.03003819693872621,
                    99.97439130497719,
                    0.11303323290468302,
                    -57.8575679475947,
                    53.40739880293933
                ],
                "Si": [
                    [
                        1.1868701555382113,
                        0.7965316610420977,
                        0.017088143602759415,
                        -1.4907459568264783,
                        -2.3312566204143548,
                        -3.232681738458421
                    ],
                    [
                        0.7965316610420977,
                        1.693189655964028,
                        0.022429533203596336,
                        -1.748622770740745,
                        -3.0312680203742466,
                        -3.55501387537735
                    ],
                    [
                        0.017088143602759415,
                        0.022429533203596336,
                        0.10261013137590783,
                        -0.016318107584988306,
                        -0.1467991962898343,
                        -0.038121152971720675
                    ],
                    [
                        -1.4907459568264783,
                        -1.748622770740745,
                        -0.016318107584988306,
                        3.421661216513277,
                        4.471277414737341,
                        6.0465782819195
                    ],
                    [
                        -2.3312566204143548,
                        -3.0312680203742466,
                        -0.1467991962898343,
                        4.471277414737341,
                        8.000444494023686,
                        9.52324100708955
                    ],
                    [
                        -3.232681738458421,
                        -3.55501387537735,
                        -0.038121152971720675,
                        6.0465782819195,
                        9.52324100708955,
                        13.014102882301431
                    ]
                ]
            },
            "est_tgt": [
                0,
                2,
                4,
                5
            ],
            "oracle_est_tgt": [
                0,
                2,
                4,
                5
            ]
        },
        "obs": {
            "intv_type": "obs",
            "noise_type": "gaussian",
            "obs_noise_gamma_shape": null,
            "true_params": {
                "Si": [
                    [
                        1.0,
                        0.7279590792340952,
                        -1.3132953839912926,
                        -1.2661480819463646,
                        -1.2849013997790346,
                        -3.4357151971097086
                    ],
                    [
                        0.7279590792340952,
                        1.5299244210393517,
                        -1.5946522134185233,
                        -1.6263888597476355,
                        -1.9116546722067538,
                        -4.13650406262782
                    ],
                    [
                        -1.3132953839912926,
                        -1.5946522134185233,
                        3.1325891020805257,
                        2.1128571546131325,
                        1.731620513872709,
                        6.0907201292313555
                    ],
                    [
                        -1.2661480819463646,
                        -1.6263888597476355,
                        2.1128571546131325,
                        3.0997117283790576,
                        2.928183418676939,
                        6.500655009686632
                    ],
                    [
                        -1.2849013997790346,
                        -1.9116546722067538,
                        1.731620513872709,
                        2.928183418676939,
                        4.3159166659347665,
                        6.960459279752244
                    ],
                    [
                        -3.4357151971097086,
                        -4.13650406262782,
                        6.0907201292313555,
                        6.500655009686632,
                        6.960459279752244,
                        17.178300283147014
                    ]
                ],
                "mui": [
                    0.0,
                    0.0,
                    0.0,
                    0.0,
                    0.0,
                    0.0
                ],
                "Ai": [
                    [
                        0.0,
                        0.0,
                        0.0,
                        0.0,
                        0.0,
                        0.0
                    ],
                    [
                        0.7279590792340952,
                        0.0,
                        0.0,
                        0.0,
                        0.0,
                        0.0
                    ],
                    [
                        -0.8484011230277715,
                        -0.6386269149258342,
                        0.0,
                        0.0,
                        0.0,
                        0.0
                    ],
                    [
                        -0.7531663344033988,
                        -0.7046848678399442,
                        0.0,
                        0.0,
                        0.0,
                        0.0
                    ],
                    [
                        -0.6037603696925347,
                        -0.9140711061486386,
                        -0.5793254023947354,
                        0.6133248212959392,
                        0.0,
                        0.0
                    ],
                    [
                        -0.6499225857234665,
                        -0.0,
                        0.9087341039599772,
                        0.60151449361346,
                        0.6465475756905426,
                        0.0
                    ]
                ]
            },
            "est_params": {
                "mui": [
                    -0.01131508816997041,
                    -0.17124735506090605,
                    0.1333794409443647,
                    0.1358536038518977,
                    0.06351319157774474,
                    0.19123926908401018
                ],
                "Si": [
                    [
                        1.138286957446,
                        0.865286748127743,
                        -1.5603529646967178,
                        -1.5091333341326338,
                        -1.5715527767986799,
                        -4.094705101328339
                    ],
                    [
                        0.865286748127743,
                        1.5020314194275457,
                        -1.791634725984209,
                        -1.7337207801496721,
                        -1.9726263546286327,
                        -4.558542831913856
                    ],
                    [
                        -1.5603529646967178,
                        -1.791634725984209,
                        3.557360554496646,
                        2.4783694770413542,
                        2.231393448766622,
                        7.272239256931228
                    ],
                    [
                        -1.5091333341326338,
                        -1.7337207801496721,
                        2.4783694770413542,
                        3.2948096059246446,
                        3.2814754363380043,
                        7.260751918268061
                    ],
                    [
                        -1.5715527767986799,
                        -1.9726263546286327,
                        2.231393448766622,
                        3.2814754363380043,
                        4.660152961139879,
                        7.849307787013384
                    ],
                    [
                        -4.094705101328339,
                        -4.558542831913856,
                        7.272239256931228,
                        7.260751918268061,
                        7.849307787013384,
                        19.504166300906316
                    ]
                ]
            },
            "est_tgt": [
                0,
                1,
                2,
                3,
                4,
                5
            ],
            "oracle_est_tgt": [
                0,
                1,
                2,
                3,
                4,
                5
            ]
        }
    },
    "metric_dict": {
        "param_est_rel_err": 32.86129342457143,
        "est_num_comp": 4,
        "weight_precision_error": 0.0,
        "gm_score_dict": {
            "1": -19.561979119018556,
            "2": -14.432644645363869,
            "3": -10.898254150597062,
            "4": -8.962309728580076,
            "5": -8.948531769542573,
            "6": -8.936039600859072,
            "7": -8.917100974888772
        },
        "est_dag": {
            "amat": [
                [
                    0,
                    0,
                    0,
                    0,
                    0,
                    0
                ],
                [
                    1,
                    0,
                    1,
                    0,
                    1,
                    0
                ],
                [
                    0,
                    0,
                    0,
                    0,
                    0,
                    1
                ],
                [
                    0,
                    0,
                    0,
                    0,
                    0,
                    0
                ],
                [
                    0,
                    0,
                    0,
                    1,
                    0,
                    1
                ],
                [
                    1,
                    0,
                    0,
                    1,
                    0,
                    0
                ]
            ],
            "nodes": [
                0,
                1,
                2,
                3,
                4,
                5
            ]
        },
        "oracle_est_dag": {
            "amat": [
                [
                    0,
                    0,
                    0,
                    0,
                    0,
                    0
                ],
                [
                    1,
                    0,
                    1,
                    0,
                    1,
                    0
                ],
                [
                    0,
                    0,
                    0,
                    0,
                    0,
                    1
                ],
                [
                    0,
                    0,
                    0,
                    0,
                    0,
                    0
                ],
                [
                    0,
                    0,
                    0,
                    1,
                    0,
                    1
                ],
                [
                    1,
                    0,
                    0,
                    1,
                    0,
                    0
                ]
            ],
            "nodes": [
                0,
                1,
                2,
                3,
                4,
                5
            ]
        },
        "igsp_dag": null,
        "intv_base_est_dag": null,
        "act_dag": {
            "amat": [
                [
                    0,
                    1,
                    1,
                    1,
                    1,
                    1
                ],
                [
                    0,
                    0,
                    1,
                    1,
                    1,
                    0
                ],
                [
                    0,
                    0,
                    0,
                    0,
                    1,
                    1
                ],
                [
                    0,
                    0,
                    0,
                    0,
                    1,
                    1
                ],
                [
                    0,
                    0,
                    0,
                    0,
                    0,
                    1
                ],
                [
                    0,
                    0,
                    0,
                    0,
                    0,
                    0
                ]
            ],
            "nodes": [
                0,
                1,
                2,
                3,
                4,
                5
            ]
        },
        "shd": 9,
        "oracle_shd": 9,
        "intv_base_shd": null,
        "igsp_shd": null,
        "avg_js": 0.20833333333333331,
        "avg_oracle_js": 0.20833333333333331
    }
}