{
    "expt_args": {
        "save_dir": "all_expt_logs/expt_logs_sim_compsel_backwardbugfixed_cameraready_half_largemean_std_var",
        "exp_name": "19",
        "num_nodes": 6,
        "num_tgt_prior": 7,
        "obs_noise_mean": 0.0,
        "obs_noise_var": 1.0,
        "obs_noise_gamma_shape": null,
        "noise_type": "gaussian",
        "max_edge_strength": 1.0,
        "graph_sparsity_method": "adj_dense_prop",
        "adj_dense_prop": 0.8,
        "num_parents": null,
        "new_noise_mean": 100.0,
        "mix_samples": 262144,
        "stage2_samples": 262144,
        "gmm_tol": 0.001,
        "intv_type": "hard",
        "new_noise_var": 0.1,
        "dtype": "simulation",
        "cutoff_drop_ratio": 0.07,
        "intv_targets": [
            0,
            4,
            2
        ]
    },
    "intv_args_dict": {
        "0": {
            "intv_type": "hard",
            "inode": 0,
            "new_mui": 100.0,
            "new_vari": 0.1,
            "noise_type": "gaussian",
            "obs_noise_gamma_shape": null,
            "true_params": {
                "Si": [
                    [
                        0.1,
                        0.05313527627221362,
                        -0.05793434403651426,
                        0.13299129285540007,
                        -0.08099864050682404,
                        -0.09679646336089523
                    ],
                    [
                        0.05313527627221362,
                        1.0282335758452448,
                        -0.03078357376029657,
                        0.5950531581802018,
                        -0.5741576735953832,
                        -0.4790005212540997
                    ],
                    [
                        -0.05793434403651426,
                        -0.030783573760296567,
                        1.033563882189412,
                        -0.9788731842565798,
                        0.07710895715874089,
                        0.38338375027904686
                    ],
                    [
                        0.13299129285540007,
                        0.5950531581802018,
                        -0.9788731842565798,
                        2.265138799772714,
                        0.3576355357522935,
                        -0.12729976168842927
                    ],
                    [
                        -0.08099864050682404,
                        -0.5741576735953832,
                        0.07710895715874089,
                        0.35763553575229345,
                        1.943183755238612,
                        0.7169662322196552
                    ],
                    [
                        -0.09679646336089523,
                        -0.4790005212540997,
                        0.38338375027904686,
                        -0.12729976168842927,
                        0.7169662322196552,
                        1.6548861460787196
                    ]
                ],
                "mui": [
                    100.0,
                    53.135276272213616,
                    -57.93434403651426,
                    132.99129285540005,
                    -80.99864050682403,
                    -96.79646336089522
                ],
                "Ai": [
                    [
                        0.0,
                        0.0,
                        0.0,
                        0.0,
                        0.0,
                        0.0
                    ],
                    [
                        0.5313527627221362,
                        0.0,
                        0.0,
                        0.0,
                        0.0,
                        0.0
                    ],
                    [
                        -0.5793434403651426,
                        0.0,
                        0.0,
                        0.0,
                        0.0,
                        0.0
                    ],
                    [
                        0.528811269132092,
                        0.5243878673034963,
                        -0.9018255511151241,
                        0.0,
                        0.0,
                        0.0
                    ],
                    [
                        -0.9180490523561345,
                        -0.9354683681670644,
                        0.7255703957312138,
                        0.7710886753748951,
                        0.0,
                        0.0
                    ],
                    [
                        -0.8265659178182485,
                        -0.7006763222368189,
                        0.7969892882450129,
                        0.5208146226106287,
                        -0.0,
                        0.0
                    ]
                ]
            },
            "est_params": {
                "mui": [
                    99.99833526388315,
                    53.1394102159043,
                    -57.93697982851406,
                    132.99701537537726,
                    -80.99926253069884,
                    -96.79430528029002
                ],
                "Si": [
                    [
                        0.09976182327018625,
                        0.05346454633162666,
                        -0.05819317708036538,
                        0.13228305872892665,
                        -0.08435528778609348,
                        -0.09548479011541473
                    ],
                    [
                        0.05346454633162666,
                        1.0263731671774814,
                        -0.023344973243187468,
                        0.5835012939739325,
                        -0.5865093198079118,
                        -0.4806688804148253
                    ],
                    [
                        -0.05819317708036538,
                        -0.023344973243187468,
                        1.0365104229532607,
                        -0.9684612603292722,
                        0.07878523987135017,
                        0.38302191593613527
                    ],
                    [
                        0.13228305872892665,
                        0.5835012939739325,
                        -0.9684612603292722,
                        2.2379345252571854,
                        0.35411120354542125,
                        -0.12192240229087087
                    ],
                    [
                        -0.08435528778609348,
                        -0.5865093198079118,
                        0.07878523987135017,
                        0.35411120354542125,
                        1.9631561858642594,
                        0.7273865283981574
                    ],
                    [
                        -0.09548479011541473,
                        -0.4806688804148253,
                        0.38302191593613527,
                        -0.12192240229087087,
                        0.7273865283981574,
                        1.6550746652905284
                    ]
                ]
            },
            "est_tgt": [
                0
            ],
            "oracle_est_tgt": [
                0
            ]
        },
        "4": {
            "intv_type": "hard",
            "inode": 4,
            "new_mui": 100.0,
            "new_vari": 0.1,
            "noise_type": "gaussian",
            "obs_noise_gamma_shape": null,
            "true_params": {
                "Si": [
                    [
                        1.0,
                        0.5313527627221362,
                        -0.5793434403651426,
                        1.3299129285540006,
                        0.0,
                        -0.9679646336089522
                    ],
                    [
                        0.5313527627221362,
                        1.2823357584524468,
                        -0.3078357376029657,
                        1.2310407760705515,
                        0.0,
                        -0.9418981353109931
                    ],
                    [
                        -0.5793434403651426,
                        -0.3078357376029657,
                        1.3356388218941195,
                        -1.672301882529681,
                        0.0,
                        0.8880893151671625
                    ],
                    [
                        1.3299129285540006,
                        1.2310407760705515,
                        -1.672301882529681,
                        3.856940357554284,
                        0.0,
                        -1.2858775742460529
                    ],
                    [
                        0.0,
                        0.0,
                        0.0,
                        0.0,
                        0.1,
                        0.0
                    ],
                    [
                        -0.9679646336089522,
                        -0.9418981353109931,
                        0.8880893151671625,
                        -1.2858775742460529,
                        0.0,
                        2.4981461248046615
                    ]
                ],
                "mui": [
                    0.0,
                    0.0,
                    0.0,
                    0.0,
                    100.0,
                    0.0
                ],
                "Ai": [
                    [
                        0.0,
                        0.0,
                        0.0,
                        0.0,
                        0.0,
                        0.0
                    ],
                    [
                        0.5313527627221362,
                        0.0,
                        0.0,
                        0.0,
                        0.0,
                        0.0
                    ],
                    [
                        -0.5793434403651426,
                        0.0,
                        0.0,
                        0.0,
                        0.0,
                        0.0
                    ],
                    [
                        0.528811269132092,
                        0.5243878673034963,
                        -0.9018255511151241,
                        0.0,
                        0.0,
                        0.0
                    ],
                    [
                        0.0,
                        0.0,
                        0.0,
                        0.0,
                        0.0,
                        0.0
                    ],
                    [
                        -0.8265659178182485,
                        -0.7006763222368189,
                        0.7969892882450129,
                        0.5208146226106287,
                        -0.0,
                        0.0
                    ]
                ]
            },
            "est_params": {
                "mui": [
                    -0.004495103307827125,
                    0.0021424766842405756,
                    0.0015330877183077833,
                    -0.004779103973015248,
                    100.00064660637601,
                    0.0020793706015664742
                ],
                "Si": [
                    [
                        0.9961693398617041,
                        0.5349280172813783,
                        -0.5766908648790109,
                        1.3266235906856938,
                        -0.0003216986232643796,
                        -0.9647263995463722
                    ],
                    [
                        0.5349280172813783,
                        1.2898512625728489,
                        -0.3096018421676652,
                        1.2358747446362497,
                        0.00023863874658933089,
                        -0.9431178591566054
                    ],
                    [
                        -0.5766908648790109,
                        -0.3096018421676652,
                        1.3386545828540994,
                        -1.6743855810363637,
                        0.000301995868257575,
                        0.8825436521323557
                    ],
                    [
                        1.3266235906856938,
                        1.2358747446362497,
                        -1.6743855810363637,
                        3.8574548695255677,
                        0.00031950093321509034,
                        -1.2760424114955577
                    ],
                    [
                        -0.0003216986232643796,
                        0.00023863874658933089,
                        0.000301995868257575,
                        0.00031950093321509034,
                        0.10007411903005597,
                        0.0015765373325465819
                    ],
                    [
                        -0.9647263995463722,
                        -0.9431178591566054,
                        0.8825436521323557,
                        -1.2760424114955577,
                        0.0015765373325465819,
                        2.4900617845773776
                    ]
                ]
            },
            "est_tgt": [
                4
            ],
            "oracle_est_tgt": [
                4
            ]
        },
        "2": {
            "intv_type": "hard",
            "inode": 2,
            "new_mui": 100.0,
            "new_vari": 0.1,
            "noise_type": "gaussian",
            "obs_noise_gamma_shape": null,
            "true_params": {
                "Si": [
                    [
                        1.0,
                        0.5313527627221362,
                        0.0,
                        0.8074462111617737,
                        -0.7925001248196626,
                        -0.7783424236681667
                    ],
                    [
                        0.5313527627221362,
                        1.2823357584524468,
                        0.0,
                        0.9534266423538261,
                        -0.9522159529659107,
                        -0.8411418501854797
                    ],
                    [
                        0.0,
                        0.0,
                        0.1,
                        -0.09018255511151241,
                        0.003018292610261805,
                        0.032730535418036735
                    ],
                    [
                        0.8074462111617737,
                        0.9534266423538261,
                        -0.09018255511151241,
                        2.0082809517590228,
                        -0.15004678760316814,
                        -0.36138343632882775
                    ],
                    [
                        -0.7925001248196626,
                        -0.9522159529659107,
                        0.003018292610261805,
                        -0.15004678760316814,
                        2.504812497312951,
                        1.2465077507617095
                    ],
                    [
                        -0.7783424236681667,
                        -0.8411418501854797,
                        0.032730535418036735,
                        -0.36138343632882775,
                        1.2465077507617095,
                        2.070591605980962
                    ]
                ],
                "mui": [
                    0.0,
                    0.0,
                    100.0,
                    -90.18255511151241,
                    3.0182926102618053,
                    32.73053541803673
                ],
                "Ai": [
                    [
                        0.0,
                        0.0,
                        0.0,
                        0.0,
                        0.0,
                        0.0
                    ],
                    [
                        0.5313527627221362,
                        0.0,
                        0.0,
                        0.0,
                        0.0,
                        0.0
                    ],
                    [
                        0.0,
                        0.0,
                        0.0,
                        0.0,
                        0.0,
                        0.0
                    ],
                    [
                        0.528811269132092,
                        0.5243878673034963,
                        -0.9018255511151241,
                        0.0,
                        0.0,
                        0.0
                    ],
                    [
                        -0.9180490523561345,
                        -0.9354683681670644,
                        0.7255703957312138,
                        0.7710886753748951,
                        0.0,
                        0.0
                    ],
                    [
                        -0.8265659178182485,
                        -0.7006763222368189,
                        0.7969892882450129,
                        0.5208146226106287,
                        -0.0,
                        0.0
                    ]
                ]
            },
            "est_params": {
                "mui": [
                    0.0027206590448450967,
                    0.00019694820986090444,
                    100.00003515312194,
                    -90.18155677203761,
                    3.014492283264195,
                    32.72581582539976
                ],
                "Si": [
                    [
                        1.0031682791175505,
                        0.5340987179240096,
                        -0.0006892891282597962,
                        0.8131841911426881,
                        -0.7953764323333952,
                        -0.7825401785533374
                    ],
                    [
                        0.5340987179240096,
                        1.2804847122914538,
                        -0.0002963010386148884,
                        0.9573491409333112,
                        -0.9532621200873775,
                        -0.8427512329889824
                    ],
                    [
                        -0.0006892891282597962,
                        -0.0002963010386148884,
                        0.10021713378332363,
                        -0.09216978213211925,
                        0.002767179868657501,
                        0.0338858555044755
                    ],
                    [
                        0.8131841911426881,
                        0.9573491409333112,
                        -0.09216978213211925,
                        2.018369116900336,
                        -0.14962252165758924,
                        -0.3681678751533999
                    ],
                    [
                        -0.7953764323333952,
                        -0.9532621200873775,
                        0.002767179868657501,
                        -0.14962252165758924,
                        2.5161877150014447,
                        1.2590534806661684
                    ],
                    [
                        -0.7825401785533374,
                        -0.8427512329889824,
                        0.0338858555044755,
                        -0.3681678751533999,
                        1.2590534806661684,
                        2.07390540249294
                    ]
                ]
            },
            "est_tgt": [
                2
            ],
            "oracle_est_tgt": [
                2
            ]
        },
        "obs": {
            "intv_type": "obs",
            "noise_type": "gaussian",
            "obs_noise_gamma_shape": null,
            "true_params": {
                "Si": [
                    [
                        1.0,
                        0.5313527627221362,
                        -0.5793434403651426,
                        1.3299129285540006,
                        -0.8099864050682403,
                        -0.9679646336089522
                    ],
                    [
                        0.5313527627221362,
                        1.2823357584524468,
                        -0.3078357376029657,
                        1.2310407760705515,
                        -0.9615073362857258,
                        -0.9418981353109931
                    ],
                    [
                        -0.5793434403651426,
                        -0.3078357376029657,
                        1.3356388218941195,
                        -1.672301882529681,
                        0.4994432366638464,
                        0.8880893151671625
                    ],
                    [
                        1.3299129285540006,
                        1.2310407760705515,
                        -1.672301882529681,
                        3.856940357554284,
                        -0.6118547170956139,
                        -1.2858775742460529
                    ],
                    [
                        -0.8099864050682403,
                        -0.9615073362857258,
                        0.4994432366638464,
                        -0.6118547170956139,
                        2.5336539339944464,
                        1.4226006066487555
                    ],
                    [
                        -0.9679646336089522,
                        -0.9418981353109931,
                        0.8880893151671625,
                        -1.2858775742460529,
                        1.4226006066487555,
                        2.4981461248046615
                    ]
                ],
                "mui": [
                    0.0,
                    0.0,
                    0.0,
                    0.0,
                    0.0,
                    0.0
                ],
                "Ai": [
                    [
                        0.0,
                        0.0,
                        0.0,
                        0.0,
                        0.0,
                        0.0
                    ],
                    [
                        0.5313527627221362,
                        0.0,
                        0.0,
                        0.0,
                        0.0,
                        0.0
                    ],
                    [
                        -0.5793434403651426,
                        0.0,
                        0.0,
                        0.0,
                        0.0,
                        0.0
                    ],
                    [
                        0.528811269132092,
                        0.5243878673034963,
                        -0.9018255511151241,
                        0.0,
                        0.0,
                        0.0
                    ],
                    [
                        -0.9180490523561345,
                        -0.9354683681670644,
                        0.7255703957312138,
                        0.7710886753748951,
                        0.0,
                        0.0
                    ],
                    [
                        -0.8265659178182485,
                        -0.7006763222368189,
                        0.7969892882450129,
                        0.5208146226106287,
                        -0.0,
                        0.0
                    ]
                ]
            },
            "est_params": {
                "mui": [
                    0.0030313952926159862,
                    0.0022033593864175497,
                    0.0007776089334018664,
                    -0.0011431663286179442,
                    -0.005383251098922077,
                    -0.013002450320593483
                ],
                "Si": [
                    [
                        1.0010095278097548,
                        0.5290601556572289,
                        -0.5709302028930041,
                        1.3186277673355433,
                        -0.8083685852196681,
                        -0.9693644288099713
                    ],
                    [
                        0.5290601556572289,
                        1.2755796949115976,
                        -0.30149757642591646,
                        1.2156678638973937,
                        -0.9639936880442068,
                        -0.9430209499878358
                    ],
                    [
                        -0.5709302028930041,
                        -0.30149757642591646,
                        1.3210453649526093,
                        -1.6486562904359217,
                        0.48819839207971744,
                        0.8798614070534205
                    ],
                    [
                        1.3186277673355433,
                        1.2156678638973937,
                        -1.6486562904359217,
                        3.8117467380450285,
                        -0.597462714903126,
                        -1.27598636517727
                    ],
                    [
                        -0.8083685852196681,
                        -0.9639936880442068,
                        0.48819839207971744,
                        -0.597462714903126,
                        2.5339462495222502,
                        1.4288973559948819
                    ],
                    [
                        -0.9693644288099713,
                        -0.9430209499878358,
                        0.8798614070534205,
                        -1.27598636517727,
                        1.4288973559948819,
                        2.5048612553508747
                    ]
                ]
            },
            "est_tgt": [
                0,
                1,
                2,
                3,
                4,
                5
            ],
            "oracle_est_tgt": [
                0,
                1,
                2,
                3,
                4,
                5
            ]
        }
    },
    "metric_dict": {
        "param_est_rel_err": 0.8143283912747564,
        "est_num_comp": 4,
        "weight_precision_error": 0.0,
        "gm_score_dict": {
            "1": -19.555681547311618,
            "2": -14.4579999469102,
            "3": -10.93186945179061,
            "4": -9.033800326939375,
            "5": -9.035479254021396,
            "6": -9.036153019837226,
            "7": -9.036462197034968
        },
        "est_dag": {
            "amat": [
                [
                    0,
                    1,
                    1,
                    1,
                    1,
                    1
                ],
                [
                    0,
                    0,
                    0,
                    1,
                    1,
                    1
                ],
                [
                    0,
                    0,
                    0,
                    1,
                    1,
                    1
                ],
                [
                    0,
                    0,
                    0,
                    0,
                    1,
                    1
                ],
                [
                    0,
                    0,
                    0,
                    0,
                    0,
                    0
                ],
                [
                    0,
                    0,
                    0,
                    0,
                    0,
                    0
                ]
            ],
            "nodes": [
                0,
                1,
                2,
                3,
                4,
                5
            ]
        },
        "oracle_est_dag": {
            "amat": [
                [
                    0,
                    1,
                    1,
                    1,
                    1,
                    1
                ],
                [
                    0,
                    0,
                    0,
                    1,
                    1,
                    1
                ],
                [
                    0,
                    0,
                    0,
                    1,
                    1,
                    1
                ],
                [
                    0,
                    0,
                    0,
                    0,
                    1,
                    0
                ],
                [
                    0,
                    0,
                    0,
                    0,
                    0,
                    0
                ],
                [
                    0,
                    0,
                    0,
                    1,
                    0,
                    0
                ]
            ],
            "nodes": [
                0,
                1,
                2,
                3,
                4,
                5
            ]
        },
        "igsp_dag": null,
        "intv_base_est_dag": null,
        "act_dag": {
            "amat": [
                [
                    0,
                    1,
                    1,
                    1,
                    1,
                    1
                ],
                [
                    0,
                    0,
                    0,
                    1,
                    1,
                    1
                ],
                [
                    0,
                    0,
                    0,
                    1,
                    1,
                    1
                ],
                [
                    0,
                    0,
                    0,
                    0,
                    1,
                    1
                ],
                [
                    0,
                    0,
                    0,
                    0,
                    0,
                    0
                ],
                [
                    0,
                    0,
                    0,
                    0,
                    0,
                    0
                ]
            ],
            "nodes": [
                0,
                1,
                2,
                3,
                4,
                5
            ]
        },
        "shd": 0,
        "oracle_shd": 1,
        "intv_base_shd": null,
        "igsp_shd": null,
        "avg_js": 0.75,
        "avg_oracle_js": 0.75
    }
}