{
    "expt_args": {
        "save_dir": "all_expt_logs/expt_logs_sim_compsel_backwardbugfixed_cameraready_half_largemean_std_var",
        "exp_name": "251",
        "num_nodes": 6,
        "num_tgt_prior": 7,
        "obs_noise_mean": 0.0,
        "obs_noise_var": 1.0,
        "obs_noise_gamma_shape": null,
        "noise_type": "gaussian",
        "max_edge_strength": 1.0,
        "graph_sparsity_method": "adj_dense_prop",
        "adj_dense_prop": 0.8,
        "num_parents": null,
        "new_noise_mean": 100.0,
        "mix_samples": 524288,
        "stage2_samples": 524288,
        "gmm_tol": 0.001,
        "intv_type": "hard",
        "new_noise_var": 1.0,
        "dtype": "simulation",
        "cutoff_drop_ratio": 0.07,
        "intv_targets": [
            1,
            3,
            4
        ]
    },
    "intv_args_dict": {
        "1": {
            "intv_type": "hard",
            "inode": 1,
            "new_mui": 100.0,
            "new_vari": 1.0,
            "noise_type": "gaussian",
            "obs_noise_gamma_shape": null,
            "true_params": {
                "Si": [
                    [
                        1.0,
                        0.0,
                        0.5939310719202164,
                        0.5442533388120112,
                        0.12110955118199836,
                        -1.7307279541196037
                    ],
                    [
                        0.0,
                        1.0,
                        0.8423414954350934,
                        -1.0505908614789798,
                        -2.274822731217083,
                        -0.3091637368029382
                    ],
                    [
                        0.5939310719202164,
                        0.8423414954350934,
                        2.062293313124127,
                        -1.1189383965765995,
                        -3.1108619931808077,
                        -1.6528760482563274
                    ],
                    [
                        0.5442533388120112,
                        -1.0505908614789798,
                        -1.1189383965765995,
                        2.710459340626124,
                        4.159541728032366,
                        -1.3284848976008716
                    ],
                    [
                        0.12110955118199836,
                        -2.274822731217083,
                        -3.1108619931808077,
                        4.159541728032366,
                        8.78964849824574,
                        0.042835827380631644
                    ],
                    [
                        -1.7307279541196037,
                        -0.3091637368029382,
                        -1.6528760482563274,
                        -1.3284848976008716,
                        0.042835827380631644,
                        5.060110338150604
                    ]
                ],
                "mui": [
                    0.0,
                    100.0,
                    84.23414954350935,
                    -105.05908614789799,
                    -227.4822731217083,
                    -30.91637368029382
                ],
                "Ai": [
                    [
                        0.0,
                        0.0,
                        0.0,
                        0.0,
                        0.0,
                        0.0
                    ],
                    [
                        0.0,
                        0.0,
                        0.0,
                        0.0,
                        0.0,
                        0.0
                    ],
                    [
                        0.5939310719202164,
                        0.8423414954350934,
                        0.0,
                        0.0,
                        0.0,
                        0.0
                    ],
                    [
                        0.8752101963010777,
                        -0.5812119933882258,
                        -0.5572310881447273,
                        0.0,
                        0.0,
                        0.0
                    ],
                    [
                        -0.0,
                        -0.627895922325554,
                        -0.7105418940464625,
                        0.9979221462246883,
                        0.0,
                        0.0
                    ],
                    [
                        -0.7138845774561136,
                        -0.5336059592009034,
                        -0.8740857740647483,
                        -0.9144577358209093,
                        -0.0,
                        0.0
                    ]
                ]
            },
            "est_params": {
                "mui": [
                    -0.0008739123762921957,
                    100.00030584432868,
                    84.2323135820568,
                    -105.06277735975853,
                    -227.48680257282047,
                    -30.911837995991977
                ],
                "Si": [
                    [
                        1.0029265769566604,
                        0.002274575559506783,
                        0.5951644437394806,
                        0.5474490786323839,
                        0.12286207808916287,
                        -1.7363751149750974
                    ],
                    [
                        0.002274575559506783,
                        0.9966156100433189,
                        0.8397787396439246,
                        -1.0450125975589206,
                        -2.2656878825846225,
                        -0.3096702784565967
                    ],
                    [
                        0.5951644437394806,
                        0.8397787396439246,
                        2.0618884868542793,
                        -1.1124931087565704,
                        -3.1014905826318153,
                        -1.6568578099850166
                    ],
                    [
                        0.5474490786323839,
                        -1.0450125975589206,
                        -1.1124931087565704,
                        2.712547015415293,
                        4.158248026621052,
                        -1.3431338612375276
                    ],
                    [
                        0.12286207808916287,
                        -2.2656878825846225,
                        -3.1014905826318153,
                        4.158248026621052,
                        8.785423083885934,
                        0.02354213973174279
                    ],
                    [
                        -1.7363751149750974,
                        -0.3096702784565967,
                        -1.6568578099850166,
                        -1.3431338612375276,
                        0.02354213973174279,
                        5.073992389750315
                    ]
                ]
            },
            "est_tgt": [
                1
            ],
            "oracle_est_tgt": [
                1
            ]
        },
        "3": {
            "intv_type": "hard",
            "inode": 3,
            "new_mui": 100.0,
            "new_vari": 1.0,
            "noise_type": "gaussian",
            "obs_noise_gamma_shape": null,
            "true_params": {
                "Si": [
                    [
                        1.0,
                        0.0,
                        0.5939310719202164,
                        0.0,
                        -0.42201290877523634,
                        -1.2330312781966017
                    ],
                    [
                        0.0,
                        1.0,
                        0.8423414954350934,
                        0.0,
                        -1.226414843925935,
                        -1.2698846772651446
                    ],
                    [
                        0.5939310719202164,
                        0.8423414954350934,
                        2.062293313124127,
                        0.0,
                        -1.994248586975876,
                        -2.6760979209128433
                    ],
                    [
                        0.0,
                        0.0,
                        0.0,
                        1.0,
                        0.9979221462246883,
                        -0.9144577358209093
                    ],
                    [
                        -0.42201290877523634,
                        -1.226414843925935,
                        -1.994248586975876,
                        0.9979221462246883,
                        4.182906657695634,
                        1.7862774696955277
                    ],
                    [
                        -1.2330312781966017,
                        -1.2698846772651446,
                        -2.6760979209128433,
                        -0.9144577358209093,
                        1.7862774696955277,
                        5.73323211758902
                    ]
                ],
                "mui": [
                    0.0,
                    0.0,
                    0.0,
                    100.0,
                    99.79221462246883,
                    -91.44577358209092
                ],
                "Ai": [
                    [
                        0.0,
                        0.0,
                        0.0,
                        0.0,
                        0.0,
                        0.0
                    ],
                    [
                        -0.0,
                        0.0,
                        0.0,
                        0.0,
                        0.0,
                        0.0
                    ],
                    [
                        0.5939310719202164,
                        0.8423414954350934,
                        0.0,
                        0.0,
                        0.0,
                        0.0
                    ],
                    [
                        0.0,
                        0.0,
                        0.0,
                        0.0,
                        0.0,
                        0.0
                    ],
                    [
                        -0.0,
                        -0.627895922325554,
                        -0.7105418940464625,
                        0.9979221462246883,
                        0.0,
                        0.0
                    ],
                    [
                        -0.7138845774561136,
                        -0.5336059592009034,
                        -0.8740857740647483,
                        -0.9144577358209093,
                        -0.0,
                        0.0
                    ]
                ]
            },
            "est_params": {
                "mui": [
                    0.0044570909449893935,
                    0.006028661211769744,
                    0.007573138786253165,
                    99.99730737558144,
                    99.7784131940434,
                    -91.45821507305585
                ],
                "Si": [
                    [
                        1.0012119240688586,
                        -0.005591428417922164,
                        0.5887420981527259,
                        -0.002374903792251851,
                        -0.41809972783890065,
                        -1.2262907888978605
                    ],
                    [
                        -0.005591428417922164,
                        0.9961316744690141,
                        0.8343818134815345,
                        0.005436247755048858,
                        -1.2134381554802423,
                        -1.2639224756919105
                    ],
                    [
                        0.5887420981527259,
                        0.8343818134815345,
                        2.0531775916062447,
                        0.0023527637126898,
                        -1.980613153635747,
                        -2.670206787508763
                    ],
                    [
                        -0.002374903792251851,
                        0.005436247755048858,
                        0.0023527637126898,
                        0.9999281179747861,
                        0.9910134385660773,
                        -0.9155693791395904
                    ],
                    [
                        -0.41809972783890065,
                        -1.2134381554802423,
                        -1.980613153635747,
                        0.9910134385660773,
                        4.158432789092247,
                        1.781222027285209
                    ],
                    [
                        -1.2262907888978605,
                        -1.2639224756919105,
                        -2.670206787508763,
                        -0.9155693791395904,
                        1.781222027285209,
                        5.734349456840408
                    ]
                ]
            },
            "est_tgt": [
                3,
                5
            ],
            "oracle_est_tgt": [
                3,
                5
            ]
        },
        "4": {
            "intv_type": "hard",
            "inode": 4,
            "new_mui": 100.0,
            "new_vari": 1.0,
            "noise_type": "gaussian",
            "obs_noise_gamma_shape": null,
            "true_params": {
                "Si": [
                    [
                        1.0,
                        0.0,
                        0.5939310719202164,
                        0.5442533388120112,
                        0.0,
                        -1.7307279541196037
                    ],
                    [
                        0.0,
                        1.0,
                        0.8423414954350934,
                        -1.0505908614789798,
                        0.0,
                        -0.3091637368029382
                    ],
                    [
                        0.5939310719202164,
                        0.8423414954350934,
                        2.062293313124127,
                        -1.1189383965765995,
                        0.0,
                        -1.6528760482563274
                    ],
                    [
                        0.5442533388120112,
                        -1.0505908614789798,
                        -1.1189383965765995,
                        2.710459340626124,
                        0.0,
                        -1.3284848976008716
                    ],
                    [
                        0.0,
                        0.0,
                        0.0,
                        0.0,
                        1.0,
                        0.0
                    ],
                    [
                        -1.7307279541196037,
                        -0.3091637368029382,
                        -1.6528760482563274,
                        -1.3284848976008716,
                        0.0,
                        5.060110338150604
                    ]
                ],
                "mui": [
                    0.0,
                    0.0,
                    0.0,
                    0.0,
                    100.0,
                    0.0
                ],
                "Ai": [
                    [
                        0.0,
                        0.0,
                        0.0,
                        0.0,
                        0.0,
                        0.0
                    ],
                    [
                        -0.0,
                        0.0,
                        0.0,
                        0.0,
                        0.0,
                        0.0
                    ],
                    [
                        0.5939310719202164,
                        0.8423414954350934,
                        0.0,
                        0.0,
                        0.0,
                        0.0
                    ],
                    [
                        0.8752101963010777,
                        -0.5812119933882258,
                        -0.5572310881447273,
                        0.0,
                        0.0,
                        0.0
                    ],
                    [
                        0.0,
                        0.0,
                        0.0,
                        0.0,
                        0.0,
                        0.0
                    ],
                    [
                        -0.7138845774561136,
                        -0.5336059592009034,
                        -0.8740857740647483,
                        -0.9144577358209093,
                        -0.0,
                        0.0
                    ]
                ]
            },
            "est_params": {
                "mui": [
                    -0.0037606032011176346,
                    -0.0011577664506917397,
                    0.0028563323726177895,
                    -0.00459446648905214,
                    100.00163293485164,
                    0.00397544710545831
                ],
                "Si": [
                    [
                        1.001476452437,
                        -0.0038296826016962653,
                        0.5935918870335266,
                        0.5478247510959252,
                        -0.002325051604435306,
                        -1.7331576743114603
                    ],
                    [
                        -0.0038296826016962653,
                        1.000969524778936,
                        0.8401881235106498,
                        -1.0520980338760375,
                        -0.004058149204673528,
                        -0.3047314027577476
                    ],
                    [
                        0.5935918870335266,
                        0.8401881235106498,
                        2.062558239113355,
                        -1.1162467650032826,
                        -0.0072391091649119535,
                        -1.660463764582678
                    ],
                    [
                        0.5478247510959252,
                        -1.0520980338760375,
                        -1.1162467650032826,
                        2.713299435260588,
                        0.0038561895562992513,
                        -1.3312634020361243
                    ],
                    [
                        -0.002325051604435306,
                        -0.004058149204673528,
                        -0.0072391091649119535,
                        0.0038561895562992513,
                        1.0039788843022528,
                        0.0044825165987149385
                    ],
                    [
                        -1.7331576743114603,
                        -0.3047314027577476,
                        -1.660463764582678,
                        -1.3312634020361243,
                        0.0044825165987149385,
                        5.063708996188133
                    ]
                ]
            },
            "est_tgt": [
                4
            ],
            "oracle_est_tgt": [
                4
            ]
        },
        "obs": {
            "intv_type": "obs",
            "noise_type": "gaussian",
            "obs_noise_gamma_shape": null,
            "true_params": {
                "Si": [
                    [
                        1.0,
                        0.0,
                        0.5939310719202164,
                        0.5442533388120112,
                        0.12110955118199836,
                        -1.7307279541196037
                    ],
                    [
                        0.0,
                        1.0,
                        0.8423414954350934,
                        -1.0505908614789798,
                        -2.274822731217083,
                        -0.3091637368029382
                    ],
                    [
                        0.5939310719202164,
                        0.8423414954350934,
                        2.062293313124127,
                        -1.1189383965765995,
                        -3.1108619931808077,
                        -1.6528760482563274
                    ],
                    [
                        0.5442533388120112,
                        -1.0505908614789798,
                        -1.1189383965765995,
                        2.710459340626124,
                        4.159541728032366,
                        -1.3284848976008716
                    ],
                    [
                        0.12110955118199836,
                        -2.274822731217083,
                        -3.1108619931808077,
                        4.159541728032366,
                        8.78964849824574,
                        0.042835827380631644
                    ],
                    [
                        -1.7307279541196037,
                        -0.3091637368029382,
                        -1.6528760482563274,
                        -1.3284848976008716,
                        0.042835827380631644,
                        5.060110338150604
                    ]
                ],
                "mui": [
                    0.0,
                    0.0,
                    0.0,
                    0.0,
                    0.0,
                    0.0
                ],
                "Ai": [
                    [
                        0.0,
                        0.0,
                        0.0,
                        0.0,
                        0.0,
                        0.0
                    ],
                    [
                        -0.0,
                        0.0,
                        0.0,
                        0.0,
                        0.0,
                        0.0
                    ],
                    [
                        0.5939310719202164,
                        0.8423414954350934,
                        0.0,
                        0.0,
                        0.0,
                        0.0
                    ],
                    [
                        0.8752101963010777,
                        -0.5812119933882258,
                        -0.5572310881447273,
                        0.0,
                        0.0,
                        0.0
                    ],
                    [
                        -0.0,
                        -0.627895922325554,
                        -0.7105418940464625,
                        0.9979221462246883,
                        0.0,
                        0.0
                    ],
                    [
                        -0.7138845774561136,
                        -0.5336059592009034,
                        -0.8740857740647483,
                        -0.9144577358209093,
                        -0.0,
                        0.0
                    ]
                ]
            },
            "est_params": {
                "mui": [
                    2.7521558737609385e-05,
                    -0.0003633074690789944,
                    -0.0008234029519729189,
                    0.0010217899488768952,
                    -0.0002384934605145721,
                    0.0020649000953722315
                ],
                "Si": [
                    [
                        0.9980559926852538,
                        -0.0013644643717610218,
                        0.5883113401315894,
                        0.5441170129688472,
                        0.12924915891644836,
                        -1.7221115566946565
                    ],
                    [
                        -0.0013644643717610218,
                        0.9983207994665395,
                        0.8397551243506914,
                        -1.0497140623771306,
                        -2.2742601576325687,
                        -0.30298678559640274
                    ],
                    [
                        0.5883113401315894,
                        0.8397551243506914,
                        2.053420367741873,
                        -1.1194425942532789,
                        -3.1066532438132546,
                        -1.634393419305596
                    ],
                    [
                        0.5441170129688472,
                        -1.0497140623771306,
                        -1.1194425942532789,
                        2.7110200308044043,
                        4.166517007138573,
                        -1.3315811975166916
                    ],
                    [
                        0.12924915891644836,
                        -2.2742601576325687,
                        -3.1066532438132546,
                        4.166517007138573,
                        8.805139916593843,
                        0.017659205515338377
                    ],
                    [
                        -1.7221115566946565,
                        -0.30298678559640274,
                        -1.634393419305596,
                        -1.3315811975166916,
                        0.017659205515338377,
                        5.033301979936644
                    ]
                ]
            },
            "est_tgt": [
                0,
                1,
                2,
                3,
                4,
                5
            ],
            "oracle_est_tgt": [
                0,
                1,
                2,
                3,
                4,
                5
            ]
        }
    },
    "metric_dict": {
        "param_est_rel_err": 0.8681871479306354,
        "est_num_comp": 4,
        "weight_precision_error": 0.0,
        "gm_score_dict": {
            "1": -19.55928631603053,
            "2": -14.749349833722889,
            "3": -11.511057650735005,
            "4": -9.90189761626494,
            "5": -9.90358052541744,
            "6": -9.904371769954075,
            "7": -9.904659800681546
        },
        "est_dag": {
            "amat": [
                [
                    0,
                    0,
                    1,
                    1,
                    0,
                    1
                ],
                [
                    0,
                    0,
                    1,
                    1,
                    1,
                    0
                ],
                [
                    0,
                    0,
                    0,
                    1,
                    1,
                    1
                ],
                [
                    0,
                    0,
                    0,
                    0,
                    1,
                    0
                ],
                [
                    0,
                    0,
                    0,
                    0,
                    0,
                    0
                ],
                [
                    0,
                    0,
                    0,
                    1,
                    0,
                    0
                ]
            ],
            "nodes": [
                0,
                1,
                2,
                3,
                4,
                5
            ]
        },
        "oracle_est_dag": {
            "amat": [
                [
                    0,
                    0,
                    1,
                    1,
                    0,
                    1
                ],
                [
                    0,
                    0,
                    1,
                    1,
                    1,
                    0
                ],
                [
                    0,
                    0,
                    0,
                    1,
                    1,
                    1
                ],
                [
                    0,
                    0,
                    0,
                    0,
                    1,
                    0
                ],
                [
                    0,
                    0,
                    0,
                    0,
                    0,
                    0
                ],
                [
                    0,
                    0,
                    0,
                    1,
                    0,
                    0
                ]
            ],
            "nodes": [
                0,
                1,
                2,
                3,
                4,
                5
            ]
        },
        "igsp_dag": null,
        "intv_base_est_dag": null,
        "act_dag": {
            "amat": [
                [
                    0,
                    0,
                    1,
                    1,
                    0,
                    1
                ],
                [
                    0,
                    0,
                    1,
                    1,
                    1,
                    1
                ],
                [
                    0,
                    0,
                    0,
                    1,
                    1,
                    1
                ],
                [
                    0,
                    0,
                    0,
                    0,
                    1,
                    1
                ],
                [
                    0,
                    0,
                    0,
                    0,
                    0,
                    0
                ],
                [
                    0,
                    0,
                    0,
                    0,
                    0,
                    0
                ]
            ],
            "nodes": [
                0,
                1,
                2,
                3,
                4,
                5
            ]
        },
        "shd": 2,
        "oracle_shd": 2,
        "intv_base_shd": null,
        "igsp_shd": null,
        "avg_js": 0.625,
        "avg_oracle_js": 0.625
    }
}