{
    "expt_args": {
        "save_dir": "all_expt_logs/expt_logs_sim_compsel_backwardbugfixed_cameraready_half_largemean_std_var",
        "exp_name": "187",
        "num_nodes": 6,
        "num_tgt_prior": 7,
        "obs_noise_mean": 0.0,
        "obs_noise_var": 1.0,
        "obs_noise_gamma_shape": null,
        "noise_type": "gaussian",
        "max_edge_strength": 1.0,
        "graph_sparsity_method": "adj_dense_prop",
        "adj_dense_prop": 0.8,
        "num_parents": null,
        "new_noise_mean": 100.0,
        "mix_samples": 1024,
        "stage2_samples": 1024,
        "gmm_tol": 0.001,
        "intv_type": "hard",
        "new_noise_var": 1.0,
        "dtype": "simulation",
        "cutoff_drop_ratio": 0.07,
        "intv_targets": [
            1,
            2,
            0
        ]
    },
    "intv_args_dict": {
        "1": {
            "intv_type": "hard",
            "inode": 1,
            "new_mui": 100.0,
            "new_vari": 1.0,
            "noise_type": "gaussian",
            "obs_noise_gamma_shape": null,
            "true_params": {
                "Si": [
                    [
                        1.0,
                        0.0,
                        -0.9080337782142284,
                        -0.12311639296686927,
                        0.9415140389071222,
                        -0.4280545997509917
                    ],
                    [
                        0.0,
                        1.0,
                        -0.9976530049535823,
                        -0.19966054261120314,
                        1.092779290353864,
                        1.0771935550674454
                    ],
                    [
                        -0.9080337782142284,
                        -0.9976530049535823,
                        2.819836860670919,
                        -0.45624617251126615,
                        -1.3186982716867777,
                        0.8037282195581619
                    ],
                    [
                        -0.12311639296686927,
                        -0.19966054261120314,
                        -0.45624617251126615,
                        1.6436668532360543,
                        -1.6312249699656272,
                        -2.0883503994110435
                    ],
                    [
                        0.9415140389071222,
                        1.092779290353864,
                        -1.3186982716867777,
                        -1.6312249699656272,
                        4.139713712502883,
                        3.3056800280782666
                    ],
                    [
                        -0.4280545997509917,
                        1.0771935550674454,
                        0.8037282195581619,
                        -2.0883503994110435,
                        3.3056800280782666,
                        6.095630544571747
                    ]
                ],
                "mui": [
                    0.0,
                    100.0,
                    -99.76530049535823,
                    -19.966054261120313,
                    109.2779290353864,
                    107.71935550674453
                ],
                "Ai": [
                    [
                        0.0,
                        0.0,
                        0.0,
                        0.0,
                        0.0,
                        0.0
                    ],
                    [
                        0.0,
                        0.0,
                        0.0,
                        0.0,
                        0.0,
                        0.0
                    ],
                    [
                        -0.9080337782142284,
                        -0.9976530049535823,
                        0.0,
                        0.0,
                        0.0,
                        0.0
                    ],
                    [
                        -0.8197889249979506,
                        -0.9650918092941614,
                        -0.7672319562838097,
                        0.0,
                        0.0,
                        0.0
                    ],
                    [
                        0.8409898364162879,
                        0.9297569963180123,
                        0.0,
                        -0.8164973003870036,
                        0.0,
                        0.0
                    ],
                    [
                        -0.5237861699854589,
                        0.9160634995109207,
                        0.8889413377660933,
                        -0.0,
                        0.9590088883062253,
                        0.0
                    ]
                ]
            },
            "est_params": {
                "mui": [
                    0.03816912566427729,
                    100.00404319133418,
                    -99.86903749837967,
                    -20.090545822456033,
                    109.38665390996373,
                    107.64740257586399
                ],
                "Si": [
                    [
                        1.048974231132522,
                        -0.022208588918779335,
                        -0.8743999869042092,
                        -0.12674721209497852,
                        0.9279089655411411,
                        -0.3970516355739897
                    ],
                    [
                        -0.022208588918779335,
                        0.9746510886333708,
                        -1.0425168730130767,
                        -0.07083850730558654,
                        0.9622592668279424,
                        0.9046767015203745
                    ],
                    [
                        -0.8743999869042092,
                        -1.0425168730130767,
                        2.903622128916531,
                        -0.624046861917464,
                        -1.219491770826764,
                        0.7782669088158418
                    ],
                    [
                        -0.12674721209497852,
                        -0.07083850730558654,
                        -0.624046861917464,
                        1.523004967572808,
                        -1.41662719535485,
                        -1.8729296354854987
                    ],
                    [
                        0.9279089655411411,
                        0.9622592668279424,
                        -1.219491770826764,
                        -1.41662719535485,
                        3.706051773403736,
                        2.9068619590949356
                    ],
                    [
                        -0.3970516355739897,
                        0.9046767015203745,
                        0.7782669088158418,
                        -1.8729296354854987,
                        2.9068619590949356,
                        5.54368572423474
                    ]
                ]
            },
            "est_tgt": [
                1,
                2,
                4,
                5
            ],
            "oracle_est_tgt": [
                1,
                2,
                4,
                5
            ]
        },
        "2": {
            "intv_type": "hard",
            "inode": 2,
            "new_mui": 100.0,
            "new_vari": 1.0,
            "noise_type": "gaussian",
            "obs_noise_gamma_shape": null,
            "true_params": {
                "Si": [
                    [
                        1.0,
                        -0.5593507535143594,
                        0.0,
                        -0.27996409425872504,
                        0.5495194871081018,
                        -0.5091929062697454
                    ],
                    [
                        -0.5593507535143594,
                        1.3128732654570816,
                        0.0,
                        -0.8084936822135784,
                        1.4103777140475628,
                        2.8482202304713398
                    ],
                    [
                        0.0,
                        0.0,
                        1.0,
                        -0.7672319562838097,
                        0.6264428210763702,
                        1.4897055711939586
                    ],
                    [
                        -0.27996409425872504,
                        -0.8084936822135784,
                        -0.7672319562838097,
                        2.598426969183868,
                        -3.1087582209414775,
                        -4.257341198269566
                    ],
                    [
                        0.5495194871081018,
                        1.4103777140475628,
                        0.6264428210763702,
                        -3.1087582209414775,
                        5.3117415456119526,
                        6.655043110906799
                    ],
                    [
                        -0.5091929062697454,
                        2.8482202304713398,
                        1.4897055711939586,
                        -4.257341198269566,
                        6.655043110906799,
                        11.582365152617665
                    ]
                ],
                "mui": [
                    0.0,
                    0.0,
                    100.0,
                    -76.72319562838096,
                    62.64428210763702,
                    148.97055711939586
                ],
                "Ai": [
                    [
                        0.0,
                        0.0,
                        0.0,
                        0.0,
                        0.0,
                        0.0
                    ],
                    [
                        -0.5593507535143594,
                        0.0,
                        0.0,
                        0.0,
                        0.0,
                        0.0
                    ],
                    [
                        0.0,
                        0.0,
                        0.0,
                        0.0,
                        0.0,
                        0.0
                    ],
                    [
                        -0.8197889249979506,
                        -0.9650918092941614,
                        -0.7672319562838097,
                        0.0,
                        0.0,
                        0.0
                    ],
                    [
                        0.8409898364162879,
                        0.9297569963180123,
                        0.0,
                        -0.8164973003870036,
                        0.0,
                        0.0
                    ],
                    [
                        -0.5237861699854589,
                        0.9160634995109207,
                        0.8889413377660933,
                        -0.0,
                        0.9590088883062253,
                        0.0
                    ]
                ]
            },
            "est_params": {
                "mui": [
                    0.00036646968683486775,
                    0.05847335711497108,
                    100.10633117999143,
                    -76.85050589344088,
                    62.74215105934122,
                    149.1743893983134
                ],
                "Si": [
                    [
                        1.0014196892023084,
                        -0.5808092136453874,
                        0.004832117723094392,
                        -0.2898051852044884,
                        0.4510656394849692,
                        -0.578830430414206
                    ],
                    [
                        -0.5808092136453874,
                        1.1416950286731589,
                        -0.060775795911219434,
                        -0.5929195967004789,
                        1.0479421232776878,
                        2.201536190557471
                    ],
                    [
                        0.004832117723094392,
                        -0.060775795911219434,
                        1.0445531149696161,
                        -0.7612913069499065,
                        0.5926448154736309,
                        1.4795359100307315
                    ],
                    [
                        -0.2898051852044884,
                        -0.5929195967004789,
                        -0.7612913069499065,
                        2.4049364952565386,
                        -2.737257633346827,
                        -3.627932243349879
                    ],
                    [
                        0.4510656394849692,
                        1.0479421232776878,
                        0.5926448154736309,
                        -2.737257633346827,
                        4.639383541184935,
                        5.55854458370905
                    ],
                    [
                        -0.578830430414206,
                        2.201536190557471,
                        1.4795359100307315,
                        -3.627932243349879,
                        5.55854458370905,
                        9.9383660164554
                    ]
                ]
            },
            "est_tgt": [
                1,
                2,
                4,
                5
            ],
            "oracle_est_tgt": [
                1,
                2,
                4
            ]
        },
        "0": {
            "intv_type": "hard",
            "inode": 0,
            "new_mui": 100.0,
            "new_vari": 1.0,
            "noise_type": "gaussian",
            "obs_noise_gamma_shape": null,
            "true_params": {
                "Si": [
                    [
                        1.0,
                        -0.5593507535143594,
                        -0.3499958181475772,
                        -0.011436118010206886,
                        0.33026711942280135,
                        -1.0305836264587789
                    ],
                    [
                        -0.5593507535143594,
                        1.3128732654570816,
                        -0.8018825803458604,
                        -0.19326374138491478,
                        0.9080441282437032,
                        1.6536512830867245
                    ],
                    [
                        -0.3499958181475772,
                        -0.8018825803458604,
                        2.1178085910137048,
                        -0.5640374224976655,
                        -0.5793638323658323,
                        0.775740143576227
                    ],
                    [
                        -0.011436118010206886,
                        -0.19326374138491478,
                        -0.5640374224976655,
                        1.628639991814025,
                        -1.5190861313203239,
                        -2.129265061753693
                    ],
                    [
                        0.33026711942280135,
                        0.9080441282437032,
                        -0.5793638323658323,
                        -1.5190861313203239,
                        3.3623413972155154,
                        3.3683315575277493
                    ],
                    [
                        -1.0305836264587789,
                        1.6536512830867245,
                        0.775740143576227,
                        -2.129265061753693,
                        3.3683315575277493,
                        6.9745024153286925
                    ]
                ],
                "mui": [
                    100.0,
                    -55.935075351435934,
                    -34.99958181475772,
                    -1.1436118010206886,
                    33.02671194228014,
                    -103.05836264587789
                ],
                "Ai": [
                    [
                        0.0,
                        0.0,
                        0.0,
                        0.0,
                        0.0,
                        0.0
                    ],
                    [
                        -0.5593507535143594,
                        0.0,
                        0.0,
                        0.0,
                        0.0,
                        0.0
                    ],
                    [
                        -0.9080337782142284,
                        -0.9976530049535823,
                        0.0,
                        0.0,
                        0.0,
                        0.0
                    ],
                    [
                        -0.8197889249979506,
                        -0.9650918092941614,
                        -0.7672319562838097,
                        0.0,
                        0.0,
                        0.0
                    ],
                    [
                        0.8409898364162879,
                        0.9297569963180123,
                        0.0,
                        -0.8164973003870036,
                        0.0,
                        0.0
                    ],
                    [
                        -0.5237861699854589,
                        0.9160634995109207,
                        0.8889413377660933,
                        -0.0,
                        0.9590088883062253,
                        0.0
                    ]
                ]
            },
            "est_params": {
                "mui": [
                    100.0078914530197,
                    -55.9235540132626,
                    -35.0529671700971,
                    -1.1493796533236529,
                    32.8893414893651,
                    -103.1194290999799
                ],
                "Si": [
                    [
                        0.990899858035269,
                        -0.670111396305137,
                        -0.15623252155844516,
                        -0.11207867838649212,
                        0.36883365871380724,
                        -0.9427572188210819
                    ],
                    [
                        -0.670111396305137,
                        1.403126456042523,
                        -0.9552485738767899,
                        -0.07499683065029872,
                        0.8699800168097964,
                        1.762987455013831
                    ],
                    [
                        -0.15623252155844516,
                        -0.9552485738767899,
                        2.1664183121666776,
                        -0.5547993933026477,
                        -0.6918005570219193,
                        0.30014767216451804
                    ],
                    [
                        -0.11207867838649212,
                        -0.07499683065029872,
                        -0.5547993933026477,
                        1.6274356590438404,
                        -1.5264474594525452,
                        -1.879218968525651
                    ],
                    [
                        0.36883365871380724,
                        0.8699800168097964,
                        -0.6918005570219193,
                        -1.5264474594525452,
                        3.4510963270874004,
                        3.3878985225264877
                    ],
                    [
                        -0.9427572188210819,
                        1.762987455013831,
                        0.30014767216451804,
                        -1.879218968525651,
                        3.3878985225264877,
                        6.618720012771302
                    ]
                ]
            },
            "est_tgt": [
                0,
                1,
                4
            ],
            "oracle_est_tgt": [
                0,
                4
            ]
        },
        "obs": {
            "intv_type": "obs",
            "noise_type": "gaussian",
            "obs_noise_gamma_shape": null,
            "true_params": {
                "Si": [
                    [
                        1.0,
                        -0.5593507535143594,
                        -0.3499958181475772,
                        -0.011436118010206886,
                        0.33026711942280135,
                        -1.0305836264587789
                    ],
                    [
                        -0.5593507535143594,
                        1.3128732654570816,
                        -0.8018825803458604,
                        -0.19326374138491478,
                        0.9080441282437032,
                        1.6536512830867245
                    ],
                    [
                        -0.3499958181475772,
                        -0.8018825803458604,
                        2.1178085910137048,
                        -0.5640374224976655,
                        -0.5793638323658323,
                        0.775740143576227
                    ],
                    [
                        -0.011436118010206886,
                        -0.19326374138491478,
                        -0.5640374224976655,
                        1.628639991814025,
                        -1.5190861313203239,
                        -2.129265061753693
                    ],
                    [
                        0.33026711942280135,
                        0.9080441282437032,
                        -0.5793638323658323,
                        -1.5190861313203239,
                        3.3623413972155154,
                        3.3683315575277493
                    ],
                    [
                        -1.0305836264587789,
                        1.6536512830867245,
                        0.775740143576227,
                        -2.129265061753693,
                        3.3683315575277493,
                        6.9745024153286925
                    ]
                ],
                "mui": [
                    0.0,
                    0.0,
                    0.0,
                    0.0,
                    0.0,
                    0.0
                ],
                "Ai": [
                    [
                        0.0,
                        0.0,
                        0.0,
                        0.0,
                        0.0,
                        0.0
                    ],
                    [
                        -0.5593507535143594,
                        0.0,
                        0.0,
                        0.0,
                        0.0,
                        0.0
                    ],
                    [
                        -0.9080337782142284,
                        -0.9976530049535823,
                        0.0,
                        0.0,
                        0.0,
                        0.0
                    ],
                    [
                        -0.8197889249979506,
                        -0.9650918092941614,
                        -0.7672319562838097,
                        0.0,
                        0.0,
                        0.0
                    ],
                    [
                        0.8409898364162879,
                        0.9297569963180123,
                        0.0,
                        -0.8164973003870036,
                        0.0,
                        0.0
                    ],
                    [
                        -0.5237861699854589,
                        0.9160634995109207,
                        0.8889413377660933,
                        -0.0,
                        0.9590088883062253,
                        0.0
                    ]
                ]
            },
            "est_params": {
                "mui": [
                    -0.01159193743343015,
                    0.08159366041245758,
                    -0.048955601312354186,
                    -0.016724888261642312,
                    0.13951212255590212,
                    0.23318030813986804
                ],
                "Si": [
                    [
                        1.0130034036803253,
                        -0.6225808989483238,
                        -0.3797573629002725,
                        0.04803607650636941,
                        0.2831996477414387,
                        -1.105795106000942
                    ],
                    [
                        -0.6225808989483238,
                        1.308520590429698,
                        -0.6142564158348469,
                        -0.19666366783664782,
                        0.8001634196505518,
                        1.7915534816644392
                    ],
                    [
                        -0.3797573629002725,
                        -0.6142564158348469,
                        1.975515125650626,
                        -0.6513555762192152,
                        -0.3992631813632699,
                        0.9125957067062294
                    ],
                    [
                        0.04803607650636941,
                        -0.19666366783664782,
                        -0.6513555762192152,
                        1.6189076788549552,
                        -1.5033764423913147,
                        -2.287004451344837
                    ],
                    [
                        0.2831996477414387,
                        0.8001634196505518,
                        -0.3992631813632699,
                        -1.5033764423913147,
                        3.295146521572521,
                        3.455424322247025
                    ],
                    [
                        -1.105795106000942,
                        1.7915534816644392,
                        0.9125957067062294,
                        -2.287004451344837,
                        3.455424322247025,
                        7.348819458920762
                    ]
                ]
            },
            "est_tgt": [
                0,
                1,
                2,
                3,
                4,
                5
            ],
            "oracle_est_tgt": [
                0,
                1,
                2,
                3,
                4,
                5
            ]
        }
    },
    "metric_dict": {
        "param_est_rel_err": 24.130477530622304,
        "est_num_comp": 4,
        "weight_precision_error": 0.0,
        "gm_score_dict": {
            "1": -19.57634464641042,
            "2": -13.395613834345667,
            "3": -11.48729341634207,
            "4": -9.863856046059372,
            "5": -9.844228412526936,
            "6": -9.828296931352751,
            "7": -9.80930282534901
        },
        "est_dag": {
            "amat": [
                [
                    0,
                    1,
                    0,
                    0,
                    0,
                    1
                ],
                [
                    0,
                    0,
                    0,
                    0,
                    0,
                    0
                ],
                [
                    0,
                    1,
                    0,
                    1,
                    0,
                    0
                ],
                [
                    0,
                    0,
                    0,
                    0,
                    0,
                    0
                ],
                [
                    0,
                    0,
                    1,
                    1,
                    0,
                    1
                ],
                [
                    0,
                    1,
                    1,
                    0,
                    0,
                    0
                ]
            ],
            "nodes": [
                0,
                1,
                2,
                3,
                4,
                5
            ]
        },
        "oracle_est_dag": {
            "amat": [
                [
                    0,
                    1,
                    1,
                    0,
                    0,
                    1
                ],
                [
                    0,
                    0,
                    0,
                    0,
                    0,
                    0
                ],
                [
                    0,
                    1,
                    0,
                    1,
                    0,
                    1
                ],
                [
                    0,
                    0,
                    0,
                    0,
                    0,
                    0
                ],
                [
                    0,
                    0,
                    0,
                    1,
                    0,
                    1
                ],
                [
                    0,
                    1,
                    0,
                    0,
                    0,
                    0
                ]
            ],
            "nodes": [
                0,
                1,
                2,
                3,
                4,
                5
            ]
        },
        "igsp_dag": null,
        "intv_base_est_dag": null,
        "act_dag": {
            "amat": [
                [
                    0,
                    1,
                    1,
                    1,
                    1,
                    1
                ],
                [
                    0,
                    0,
                    1,
                    1,
                    1,
                    1
                ],
                [
                    0,
                    0,
                    0,
                    1,
                    0,
                    1
                ],
                [
                    0,
                    0,
                    0,
                    0,
                    1,
                    0
                ],
                [
                    0,
                    0,
                    0,
                    0,
                    0,
                    1
                ],
                [
                    0,
                    0,
                    0,
                    0,
                    0,
                    0
                ]
            ],
            "nodes": [
                0,
                1,
                2,
                3,
                4,
                5
            ]
        },
        "shd": 10,
        "oracle_shd": 7,
        "intv_base_shd": null,
        "igsp_shd": null,
        "avg_js": 0.20833333333333331,
        "avg_oracle_js": 0.2708333333333333
    }
}