{
    "expt_args": {
        "save_dir": "all_expt_logs/expt_logs_sim_compsel_backwardbugfixed_cameraready_half_largemean_std_var",
        "exp_name": "219",
        "num_nodes": 6,
        "num_tgt_prior": 7,
        "obs_noise_mean": 0.0,
        "obs_noise_var": 1.0,
        "obs_noise_gamma_shape": null,
        "noise_type": "gaussian",
        "max_edge_strength": 1.0,
        "graph_sparsity_method": "adj_dense_prop",
        "adj_dense_prop": 0.8,
        "num_parents": null,
        "new_noise_mean": 100.0,
        "mix_samples": 1048576,
        "stage2_samples": 1048576,
        "gmm_tol": 0.001,
        "intv_type": "hard",
        "new_noise_var": 1000,
        "dtype": "simulation",
        "cutoff_drop_ratio": 0.07,
        "intv_targets": [
            1,
            3,
            4
        ]
    },
    "intv_args_dict": {
        "1": {
            "intv_type": "hard",
            "inode": 1,
            "new_mui": 100.0,
            "new_vari": 1000,
            "noise_type": "gaussian",
            "obs_noise_gamma_shape": null,
            "true_params": {
                "Si": [
                    [
                        1.0,
                        0.0,
                        0.9832465924300797,
                        -0.5459077962533097,
                        0.0,
                        1.3455630602791033
                    ],
                    [
                        0.0,
                        1000.0,
                        -665.727177459362,
                        0.0,
                        593.3858329257941,
                        -1016.072637982083
                    ],
                    [
                        0.9832465924300797,
                        -665.727177459362,
                        445.15944866953424,
                        -0.536761980447081,
                        -395.0330756980615,
                        678.4435823676802
                    ],
                    [
                        -0.5459077962533097,
                        0.0,
                        -0.536761980447081,
                        1.2980153220101451,
                        0.0,
                        -0.14952111866846285
                    ],
                    [
                        0.0,
                        593.3858329257941,
                        -395.0330756980615,
                        0.0,
                        353.1067467170385,
                        -603.8575129047776
                    ],
                    [
                        1.3455630602791033,
                        -1016.072637982083,
                        678.4435823676803,
                        -0.14952111866846285,
                        -603.8575129047776,
                        1036.910313166331
                    ]
                ],
                "mui": [
                    0.0,
                    100.0,
                    -66.5727177459362,
                    0.0,
                    59.338583292579415,
                    -101.60726379820831
                ],
                "Ai": [
                    [
                        0.0,
                        0.0,
                        0.0,
                        0.0,
                        0.0,
                        0.0
                    ],
                    [
                        0.0,
                        0.0,
                        0.0,
                        0.0,
                        0.0,
                        0.0
                    ],
                    [
                        0.9832465924300797,
                        -0.665727177459362,
                        0.0,
                        0.0,
                        0.0,
                        0.0
                    ],
                    [
                        -0.5459077962533097,
                        -0.0,
                        0.0,
                        0.0,
                        0.0,
                        0.0
                    ],
                    [
                        -0.0,
                        0.5933858329257942,
                        0.0,
                        -0.0,
                        0.0,
                        0.0
                    ],
                    [
                        0.9831607187732837,
                        0.0,
                        0.6933926962606838,
                        0.5850322462883617,
                        -0.9344043026704003,
                        0.0
                    ]
                ]
            },
            "est_params": {
                "mui": [
                    -0.005312064396261561,
                    78.55946532201366,
                    -52.302065317568136,
                    -0.0015953104393647707,
                    46.61505860330071,
                    -79.82829141103609
                ],
                "Si": [
                    [
                        1.0008409165691332,
                        0.10830931273889416,
                        0.9124867030160988,
                        -0.5465090703192935,
                        0.06292948263159902,
                        1.2389745983278921
                    ],
                    [
                        0.1083093127388941,
                        2470.0846186274157,
                        -1644.2227229382584,
                        0.21098239102076538,
                        1465.7858766323043,
                        -2509.5876720587557
                    ],
                    [
                        0.9124867030160991,
                        -1644.2227229382586,
                        1096.453211775671,
                        -0.6786569736969819,
                        -975.708282782531,
                        1672.5364218908821
                    ],
                    [
                        -0.5465090703192935,
                        0.2109823910207653,
                        -0.678656973696982,
                        1.228164839616333,
                        0.1253690393787148,
                        -0.4082735311150967
                    ],
                    [
                        0.06292948263159907,
                        1465.7858766323043,
                        -975.708282782531,
                        0.12536903937871485,
                        870.7624043885503,
                        -1490.1107061009614
                    ],
                    [
                        1.2389745983278921,
                        -2509.5876720587557,
                        1672.5364218908821,
                        -0.4082735311150967,
                        -1490.1107061009614,
                        2554.1552492933843
                    ]
                ]
            },
            "est_tgt": [
                1,
                3,
                4
            ],
            "oracle_est_tgt": [
                1
            ]
        },
        "3": {
            "intv_type": "hard",
            "inode": 3,
            "new_mui": 100.0,
            "new_vari": 1000,
            "noise_type": "gaussian",
            "obs_noise_gamma_shape": null,
            "true_params": {
                "Si": [
                    [
                        1.0,
                        -0.9860536784098531,
                        1.6396893245812927,
                        0.0,
                        -0.5851102832727739,
                        2.6668388868013424
                    ],
                    [
                        -0.9860536784098531,
                        1.972301856705602,
                        -2.282548867412113,
                        0.0,
                        1.170335980022344,
                        -3.6457189320389847
                    ],
                    [
                        1.6396893245812927,
                        -2.282548867412113,
                        4.131773755953865,
                        0.0,
                        -1.354432160883165,
                        5.742607118704604
                    ],
                    [
                        0.0,
                        0.0,
                        0.0,
                        1000.0,
                        0.0,
                        585.0322462883616
                    ],
                    [
                        -0.5851102832727739,
                        1.170335980022344,
                        -1.354432160883165,
                        0.0,
                        1.6944607903085842,
                        -3.0977222677716902
                    ],
                    [
                        2.6668388868013424,
                        -3.6457189320389847,
                        5.742607118704604,
                        585.0322462883616,
                        -3.0977222677716902,
                        352.76106728309463
                    ]
                ],
                "mui": [
                    0.0,
                    0.0,
                    0.0,
                    100.0,
                    0.0,
                    58.50322462883617
                ],
                "Ai": [
                    [
                        0.0,
                        0.0,
                        0.0,
                        0.0,
                        0.0,
                        0.0
                    ],
                    [
                        -0.9860536784098531,
                        0.0,
                        0.0,
                        0.0,
                        0.0,
                        0.0
                    ],
                    [
                        0.9832465924300797,
                        -0.665727177459362,
                        0.0,
                        0.0,
                        0.0,
                        0.0
                    ],
                    [
                        0.0,
                        0.0,
                        0.0,
                        0.0,
                        0.0,
                        0.0
                    ],
                    [
                        -0.0,
                        0.5933858329257942,
                        0.0,
                        -0.0,
                        0.0,
                        0.0
                    ],
                    [
                        0.9831607187732837,
                        0.0,
                        0.6933926962606838,
                        0.5850322462883617,
                        -0.9344043026704003,
                        0.0
                    ]
                ]
            },
            "est_params": {
                "mui": [
                    0.0037700804346231733,
                    -0.007723301811612238,
                    0.012768715188516114,
                    70.23239027198733,
                    -0.010509471154711342,
                    41.11111707796073
                ],
                "Si": [
                    [
                        0.9990693354262508,
                        -0.9884616025097973,
                        1.6386144489394057,
                        -0.465484039974149,
                        -0.5828296274419037,
                        2.3915798743109087
                    ],
                    [
                        -0.9884616025097974,
                        1.894961059486974,
                        -2.2293654219240686,
                        0.7887051352605444,
                        1.1207688782614775,
                        -3.102401258878595
                    ],
                    [
                        1.6386144489394057,
                        -2.2293654219240686,
                        4.092309229284748,
                        -1.0383279176358537,
                        -1.315980528567674,
                        5.070907610846848
                    ],
                    [
                        -0.46548403997414883,
                        0.7887051352605444,
                        -1.0383279176358537,
                        2794.2186671672457,
                        0.7157119630082381,
                        1632.7477606429659
                    ],
                    [
                        -0.5828296274419037,
                        1.1207688782614775,
                        -1.315980528567674,
                        0.7157119630082381,
                        1.578169248431893,
                        -2.543114307248118
                    ],
                    [
                        2.3915798743109087,
                        -3.102401258878595,
                        5.070907610846849,
                        1632.7477606429659,
                        -2.543114307248118,
                        964.3952828760551
                    ]
                ]
            },
            "est_tgt": [
                1,
                3,
                4
            ],
            "oracle_est_tgt": [
                3
            ]
        },
        "4": {
            "intv_type": "hard",
            "inode": 4,
            "new_mui": 100.0,
            "new_vari": 1000,
            "noise_type": "gaussian",
            "obs_noise_gamma_shape": null,
            "true_params": {
                "Si": [
                    [
                        1.0,
                        -0.9860536784098531,
                        1.6396893245812927,
                        -0.5459077962533097,
                        0.0,
                        1.8007356562661627
                    ],
                    [
                        -0.9860536784098531,
                        1.972301856705602,
                        -2.282548867412113,
                        0.5382943905681926,
                        0.0,
                        -2.237232380257592
                    ],
                    [
                        1.6396893245812927,
                        -2.282548867412113,
                        4.131773755953865,
                        -0.8951191857222512,
                        0.0,
                        3.9533462919813083
                    ],
                    [
                        -0.5459077962533097,
                        0.5382943905681926,
                        -0.8951191857222512,
                        1.2980153220101451,
                        0.0,
                        -0.3980033874586565
                    ],
                    [
                        0.0,
                        0.0,
                        0.0,
                        0.0,
                        1000.0,
                        -934.4043026704003
                    ],
                    [
                        1.8007356562661627,
                        -2.237232380257592,
                        3.9533462919813083,
                        -0.3980033874586565,
                        -934.4043026704003,
                        878.3901900399461
                    ]
                ],
                "mui": [
                    0.0,
                    0.0,
                    0.0,
                    0.0,
                    100.0,
                    -93.44043026704003
                ],
                "Ai": [
                    [
                        0.0,
                        0.0,
                        0.0,
                        0.0,
                        0.0,
                        0.0
                    ],
                    [
                        -0.9860536784098531,
                        0.0,
                        0.0,
                        0.0,
                        0.0,
                        0.0
                    ],
                    [
                        0.9832465924300797,
                        -0.665727177459362,
                        0.0,
                        0.0,
                        0.0,
                        0.0
                    ],
                    [
                        -0.5459077962533097,
                        -0.0,
                        0.0,
                        0.0,
                        0.0,
                        0.0
                    ],
                    [
                        0.0,
                        0.0,
                        0.0,
                        0.0,
                        0.0,
                        0.0
                    ],
                    [
                        0.9831607187732837,
                        0.0,
                        0.6933926962606838,
                        0.5850322462883617,
                        -0.9344043026704003,
                        0.0
                    ]
                ]
            },
            "est_params": {
                "mui": [
                    -0.0008436986929502062,
                    0.0016072835211472525,
                    -0.001992422161957187,
                    -0.002576988905860271,
                    76.8006871534694,
                    -71.76601195027179
                ],
                "Si": [
                    [
                        1.004198317821313,
                        -0.9902505902021459,
                        1.6481672182666693,
                        -0.5490587462933062,
                        -0.293677692452593,
                        2.08090148565861
                    ],
                    [
                        -0.9902505902021459,
                        1.915372102019022,
                        -2.2504803417948294,
                        0.5448780668145226,
                        0.3166319749746281,
                        -2.5107107161979614
                    ],
                    [
                        1.6481672182666693,
                        -2.2504803417948294,
                        4.120898719129264,
                        -0.9024975003068552,
                        -0.34003110678820164,
                        4.264360324655945
                    ],
                    [
                        -0.5490587462933062,
                        0.5448780668145226,
                        -0.9024975003068552,
                        1.2242487503785535,
                        0.2849450570988577,
                        -0.7144111182903543
                    ],
                    [
                        -0.293677692452593,
                        0.3166319749746281,
                        -0.34003110678820136,
                        0.2849450570988578,
                        2548.8297940368807,
                        -2381.998771417709
                    ],
                    [
                        2.08090148565861,
                        -2.5107107161979614,
                        4.264360324655945,
                        -0.7144111182903542,
                        -2381.998771417709,
                        2231.330500471074
                    ]
                ]
            },
            "est_tgt": [
                1,
                3,
                4
            ],
            "oracle_est_tgt": [
                4
            ]
        },
        "obs": {
            "intv_type": "obs",
            "noise_type": "gaussian",
            "obs_noise_gamma_shape": null,
            "true_params": {
                "Si": [
                    [
                        1.0,
                        -0.9860536784098531,
                        1.6396893245812927,
                        -0.5459077962533097,
                        -0.5851102832727739,
                        2.3474652224929393
                    ],
                    [
                        -0.9860536784098531,
                        1.972301856705602,
                        -2.282548867412113,
                        0.5382943905681926,
                        1.170335980022344,
                        -3.3307993555604503
                    ],
                    [
                        1.6396893245812927,
                        -2.282548867412113,
                        4.131773755953865,
                        -0.8951191857222512,
                        -1.354432160883165,
                        5.218933530785706
                    ],
                    [
                        -0.5459077962533097,
                        0.5382943905681926,
                        -0.8951191857222512,
                        1.2980153220101451,
                        0.3194162653065898,
                        -0.6964673201040441
                    ],
                    [
                        -0.5851102832727739,
                        1.170335980022344,
                        -1.354432160883165,
                        0.3194162653065898,
                        1.6944607903085842,
                        -2.9108534525783365
                    ],
                    [
                        2.3474652224929393,
                        -3.3307993555604503,
                        5.218933530785706,
                        -0.6964673201040441,
                        -2.9108534525783365,
                        9.239164137743519
                    ]
                ],
                "mui": [
                    0.0,
                    0.0,
                    0.0,
                    0.0,
                    0.0,
                    0.0
                ],
                "Ai": [
                    [
                        0.0,
                        0.0,
                        0.0,
                        0.0,
                        0.0,
                        0.0
                    ],
                    [
                        -0.9860536784098531,
                        0.0,
                        0.0,
                        0.0,
                        0.0,
                        0.0
                    ],
                    [
                        0.9832465924300797,
                        -0.665727177459362,
                        0.0,
                        0.0,
                        0.0,
                        0.0
                    ],
                    [
                        -0.5459077962533097,
                        -0.0,
                        0.0,
                        0.0,
                        0.0,
                        0.0
                    ],
                    [
                        -0.0,
                        0.5933858329257942,
                        0.0,
                        -0.0,
                        0.0,
                        0.0
                    ],
                    [
                        0.9831607187732837,
                        0.0,
                        0.6933926962606838,
                        0.5850322462883617,
                        -0.9344043026704003,
                        0.0
                    ]
                ]
            },
            "est_tgt": [
                0,
                1,
                2,
                3,
                4,
                5
            ],
            "oracle_est_tgt": [
                0,
                1,
                2,
                3,
                4,
                5
            ]
        }
    },
    "metric_dict": {
        "param_est_rel_err": 26245.66092393612,
        "est_num_comp": 3,
        "weight_precision_error": 0.04554166281450578,
        "gm_score_dict": {
            "1": -19.821795080874367,
            "2": -14.915855927971513,
            "3": -13.23533844483289,
            "4": -12.490076383279277,
            "5": -12.490211249815262,
            "6": -12.492152500407332,
            "7": -12.492887930406653
        },
        "est_dag": {
            "amat": [
                [
                    0,
                    1,
                    1,
                    1,
                    0,
                    1
                ],
                [
                    0,
                    0,
                    1,
                    0,
                    1,
                    0
                ],
                [
                    0,
                    0,
                    0,
                    0,
                    0,
                    1
                ],
                [
                    0,
                    0,
                    0,
                    0,
                    0,
                    1
                ],
                [
                    0,
                    0,
                    0,
                    0,
                    0,
                    1
                ],
                [
                    0,
                    0,
                    0,
                    0,
                    0,
                    0
                ]
            ],
            "nodes": [
                0,
                1,
                2,
                3,
                4,
                5
            ]
        },
        "oracle_est_dag": {
            "amat": [
                [
                    0,
                    1,
                    1,
                    1,
                    0,
                    1
                ],
                [
                    0,
                    0,
                    1,
                    0,
                    1,
                    0
                ],
                [
                    0,
                    0,
                    0,
                    0,
                    0,
                    1
                ],
                [
                    0,
                    0,
                    0,
                    0,
                    0,
                    1
                ],
                [
                    0,
                    0,
                    0,
                    0,
                    0,
                    1
                ],
                [
                    0,
                    0,
                    0,
                    0,
                    0,
                    0
                ]
            ],
            "nodes": [
                0,
                1,
                2,
                3,
                4,
                5
            ]
        },
        "igsp_dag": null,
        "intv_base_est_dag": null,
        "act_dag": {
            "amat": [
                [
                    0,
                    1,
                    1,
                    1,
                    0,
                    1
                ],
                [
                    0,
                    0,
                    1,
                    0,
                    1,
                    0
                ],
                [
                    0,
                    0,
                    0,
                    0,
                    0,
                    1
                ],
                [
                    0,
                    0,
                    0,
                    0,
                    0,
                    1
                ],
                [
                    0,
                    0,
                    0,
                    0,
                    0,
                    1
                ],
                [
                    0,
                    0,
                    0,
                    0,
                    0,
                    0
                ]
            ],
            "nodes": [
                0,
                1,
                2,
                3,
                4,
                5
            ]
        },
        "shd": 0,
        "oracle_shd": 0,
        "intv_base_shd": null,
        "igsp_shd": null,
        "avg_js": 0.25,
        "avg_oracle_js": 0.75
    }
}