{
    "expt_args": {
        "save_dir": "all_expt_logs/expt_logs_sim_compsel_backwardbugfixed_cameraready_half_largemean_std_var",
        "exp_name": "248",
        "num_nodes": 6,
        "num_tgt_prior": 7,
        "obs_noise_mean": 0.0,
        "obs_noise_var": 1.0,
        "obs_noise_gamma_shape": null,
        "noise_type": "gaussian",
        "max_edge_strength": 1.0,
        "graph_sparsity_method": "adj_dense_prop",
        "adj_dense_prop": 0.8,
        "num_parents": null,
        "new_noise_mean": 100.0,
        "mix_samples": 65536,
        "stage2_samples": 65536,
        "gmm_tol": 0.001,
        "intv_type": "hard",
        "new_noise_var": 1.0,
        "dtype": "simulation",
        "cutoff_drop_ratio": 0.07,
        "intv_targets": [
            4,
            5,
            1
        ]
    },
    "intv_args_dict": {
        "4": {
            "intv_type": "hard",
            "inode": 4,
            "new_mui": 100.0,
            "new_vari": 1.0,
            "noise_type": "gaussian",
            "obs_noise_gamma_shape": null,
            "true_params": {
                "Si": [
                    [
                        1.0,
                        0.6568995682223442,
                        -0.3179781814060113,
                        1.5292848087472204,
                        0.0,
                        -2.725831473427326
                    ],
                    [
                        0.6568995682223442,
                        1.4315170427307022,
                        0.3753944415185996,
                        1.400553449882867,
                        0.0,
                        -3.285986280814347
                    ],
                    [
                        -0.3179781814060113,
                        0.3753944415185996,
                        1.4424864314355088,
                        -1.2324421780241792,
                        0.0,
                        0.2899597265104647
                    ],
                    [
                        1.5292848087472204,
                        1.400553449882867,
                        -1.2324421780241792,
                        4.451039786761752,
                        0.0,
                        -5.982139161343365
                    ],
                    [
                        0.0,
                        0.0,
                        0.0,
                        0.0,
                        1.0,
                        0.0
                    ],
                    [
                        -2.725831473427326,
                        -3.285986280814347,
                        0.2899597265104647,
                        -5.982139161343365,
                        0.0,
                        11.621633554102084
                    ]
                ],
                "mui": [
                    0.0,
                    0.0,
                    0.0,
                    0.0,
                    100.0,
                    0.0
                ],
                "Ai": [
                    [
                        0.0,
                        0.0,
                        0.0,
                        0.0,
                        0.0,
                        0.0
                    ],
                    [
                        0.6568995682223442,
                        0.0,
                        0.0,
                        0.0,
                        0.0,
                        0.0
                    ],
                    [
                        -0.7017876324458562,
                        0.5842741715883346,
                        0.0,
                        0.0,
                        0.0,
                        0.0
                    ],
                    [
                        0.5831655170827081,
                        0.9671043986632111,
                        -0.9775162194535496,
                        0.0,
                        0.0,
                        0.0
                    ],
                    [
                        0.0,
                        0.0,
                        0.0,
                        0.0,
                        0.0,
                        0.0
                    ],
                    [
                        -0.992093711831066,
                        -0.7683086520891556,
                        -0.6133374873032841,
                        -0.9311961188869827,
                        0.0,
                        0.0
                    ]
                ]
            },
            "est_params": {
                "mui": [
                    -0.006861061513687038,
                    -0.015386666693080588,
                    -0.0035379854890952534,
                    -0.009221001700011576,
                    99.99473493209776,
                    0.031097453807505896
                ],
                "Si": [
                    [
                        0.9943699746039765,
                        0.6504125412847003,
                        -0.31965155301722836,
                        1.5230848809453235,
                        -0.0037208021261883727,
                        -2.703906471468638
                    ],
                    [
                        0.6504125412847003,
                        1.4373357210645323,
                        0.38100610749385017,
                        1.400942620010275,
                        -0.016652505766087317,
                        -3.2835193578675663
                    ],
                    [
                        -0.31965155301722836,
                        0.38100610749385017,
                        1.4361993449679806,
                        -1.2113562147128725,
                        -0.003842283762243849,
                        0.26368795026092745
                    ],
                    [
                        1.5230848809453235,
                        1.400942620010275,
                        -1.2113562147128725,
                        4.410730433394018,
                        -0.0025553689588277955,
                        -5.927763935001804
                    ],
                    [
                        -0.0037208021261883727,
                        -0.016652505766087317,
                        -0.003842283762243849,
                        -0.0025553689588277955,
                        1.0154885411029893,
                        0.01100237869663237
                    ],
                    [
                        -2.703906471468638,
                        -3.2835193578675663,
                        0.26368795026092745,
                        -5.927763935001804,
                        0.01100237869663237,
                        11.528969593694699
                    ]
                ]
            },
            "est_tgt": [
                4
            ],
            "oracle_est_tgt": [
                4
            ]
        },
        "5": {
            "intv_type": "hard",
            "inode": 5,
            "new_mui": 100.0,
            "new_vari": 1.0,
            "noise_type": "gaussian",
            "obs_noise_gamma_shape": null,
            "true_params": {
                "Si": [
                    [
                        1.0,
                        0.6568995682223442,
                        -0.3179781814060113,
                        1.5292848087472204,
                        -0.40936354295906613,
                        0.0
                    ],
                    [
                        0.6568995682223442,
                        1.4315170427307022,
                        0.3753944415185996,
                        1.400553449882867,
                        0.9981900240225887,
                        0.0
                    ],
                    [
                        -0.3179781814060113,
                        0.3753944415185996,
                        1.4424864314355088,
                        -1.2324421780241792,
                        1.439463246290394,
                        0.0
                    ],
                    [
                        1.5292848087472204,
                        1.400553449882867,
                        -1.2324421780241792,
                        4.451039786761752,
                        -0.6804714098266711,
                        0.0
                    ],
                    [
                        -0.40936354295906613,
                        0.9981900240225887,
                        1.439463246290394,
                        -0.6804714098266711,
                        3.0968386946045428,
                        0.0
                    ],
                    [
                        0.0,
                        0.0,
                        0.0,
                        0.0,
                        0.0,
                        1.0
                    ]
                ],
                "mui": [
                    0.0,
                    0.0,
                    0.0,
                    0.0,
                    0.0,
                    100.0
                ],
                "Ai": [
                    [
                        0.0,
                        0.0,
                        0.0,
                        0.0,
                        0.0,
                        0.0
                    ],
                    [
                        0.6568995682223442,
                        0.0,
                        0.0,
                        0.0,
                        0.0,
                        0.0
                    ],
                    [
                        -0.7017876324458562,
                        0.5842741715883346,
                        0.0,
                        0.0,
                        0.0,
                        0.0
                    ],
                    [
                        0.5831655170827081,
                        0.9671043986632111,
                        -0.9775162194535496,
                        0.0,
                        0.0,
                        0.0
                    ],
                    [
                        -0.8424321645591386,
                        0.934671935910607,
                        0.5689603252939657,
                        -0.0,
                        0.0,
                        0.0
                    ],
                    [
                        0.0,
                        0.0,
                        0.0,
                        0.0,
                        0.0,
                        0.0
                    ]
                ]
            },
            "est_params": {
                "mui": [
                    0.004922750000645119,
                    0.02112598204948357,
                    0.0015891938807668566,
                    0.019623058956515702,
                    0.00826075062185387,
                    100.00431127877566
                ],
                "Si": [
                    [
                        1.0037461327895403,
                        0.673227074478881,
                        -0.31501247860888354,
                        1.5462179601039352,
                        -0.3996824028833275,
                        -0.0040143953830792094
                    ],
                    [
                        0.673227074478881,
                        1.463458202371267,
                        0.40190193640286975,
                        1.416278398648423,
                        1.0070637957934474,
                        0.003738060312236997
                    ],
                    [
                        -0.31501247860888354,
                        0.40190193640286975,
                        1.454324613163688,
                        -1.2273335438190343,
                        1.4600254352706763,
                        0.015531280318761338
                    ],
                    [
                        1.5462179601039352,
                        1.416278398648423,
                        -1.2273335438190343,
                        4.4890868807027,
                        -0.6891572168689505,
                        -0.013573474114462225
                    ],
                    [
                        -0.3996824028833275,
                        1.0070637957934474,
                        1.4600254352706763,
                        -0.6891572168689505,
                        3.0877617274617526,
                        0.026603287910565248
                    ],
                    [
                        -0.0040143953830792094,
                        0.003738060312236997,
                        0.015531280318761338,
                        -0.013573474114462225,
                        0.026603287910565248,
                        1.0115703250142118
                    ]
                ]
            },
            "est_tgt": [
                5
            ],
            "oracle_est_tgt": [
                5
            ]
        },
        "1": {
            "intv_type": "hard",
            "inode": 1,
            "new_mui": 100.0,
            "new_vari": 1.0,
            "noise_type": "gaussian",
            "obs_noise_gamma_shape": null,
            "true_params": {
                "Si": [
                    [
                        1.0,
                        0.0,
                        -0.7017876324458562,
                        1.2691743104104387,
                        -1.241721484202815,
                        -1.7435112407714672
                    ],
                    [
                        0.0,
                        1.0,
                        0.5842741715883346,
                        0.3959669193278277,
                        1.2671007586383682,
                        -1.4953887628730607
                    ],
                    [
                        -0.7017876324458562,
                        0.5842741715883346,
                        1.833882188639195,
                        -1.6368538101509422,
                        2.180719351922197,
                        0.6467794175745205
                    ],
                    [
                        1.2691743104104387,
                        0.3959669193278277,
                        -1.6368538101509422,
                        3.7231311907025435,
                        -1.6303989707593654,
                        -4.026386174524878
                    ],
                    [
                        -1.241721484202815,
                        1.2671007586383682,
                        2.180719351922197,
                        -1.6303989707593654,
                        4.471132428631385,
                        0.4390838663794061
                    ],
                    [
                        -1.7435112407714672,
                        -1.4953887628730607,
                        0.6467794175745205,
                        -4.026386174524878,
                        0.4390838663794061,
                        7.231307779271558
                    ]
                ],
                "mui": [
                    0.0,
                    100.0,
                    58.427417158833464,
                    39.59669193278277,
                    126.71007586383682,
                    -149.53887628730607
                ],
                "Ai": [
                    [
                        0.0,
                        0.0,
                        0.0,
                        0.0,
                        0.0,
                        0.0
                    ],
                    [
                        0.0,
                        0.0,
                        0.0,
                        0.0,
                        0.0,
                        0.0
                    ],
                    [
                        -0.7017876324458562,
                        0.5842741715883346,
                        0.0,
                        0.0,
                        0.0,
                        0.0
                    ],
                    [
                        0.5831655170827081,
                        0.9671043986632111,
                        -0.9775162194535496,
                        0.0,
                        0.0,
                        0.0
                    ],
                    [
                        -0.8424321645591386,
                        0.934671935910607,
                        0.5689603252939657,
                        -0.0,
                        0.0,
                        0.0
                    ],
                    [
                        -0.992093711831066,
                        -0.7683086520891556,
                        -0.6133374873032841,
                        -0.9311961188869827,
                        0.0,
                        0.0
                    ]
                ]
            },
            "est_params": {
                "mui": [
                    -0.005520519577174054,
                    99.99959768200269,
                    58.42607799158616,
                    39.61040986363676,
                    126.71283789186441,
                    -149.53545105347266
                ],
                "Si": [
                    [
                        1.000287635207361,
                        0.008915159553472564,
                        -0.686880503243275,
                        1.2699824481143205,
                        -1.2256087623643488,
                        -1.750167126575156
                    ],
                    [
                        0.008915159553472564,
                        1.0038597749251574,
                        0.5738419552217495,
                        0.4197863486382401,
                        1.2731750383849372,
                        -1.5178616283047064
                    ],
                    [
                        -0.686880503243275,
                        0.5738419552217495,
                        1.8091050576759888,
                        -1.605824612272316,
                        2.1494712882273412,
                        0.633686516981753
                    ],
                    [
                        1.2699824481143205,
                        0.4197863486382401,
                        -1.605824612272316,
                        3.713363910806386,
                        -1.5875562325360926,
                        -4.0570290047478395
                    ],
                    [
                        -1.2256087623643488,
                        1.2731750383849372,
                        2.1494712882273412,
                        -1.5875562325360926,
                        4.448125865471054,
                        0.40002362192897684
                    ],
                    [
                        -1.750167126575156,
                        -1.5178616283047064,
                        0.633686516981753,
                        -4.0570290047478395,
                        0.40002362192897684,
                        7.273999361707584
                    ]
                ]
            },
            "est_tgt": [
                1
            ],
            "oracle_est_tgt": [
                1
            ]
        },
        "obs": {
            "intv_type": "obs",
            "noise_type": "gaussian",
            "obs_noise_gamma_shape": null,
            "true_params": {
                "Si": [
                    [
                        1.0,
                        0.6568995682223442,
                        -0.3179781814060113,
                        1.5292848087472204,
                        -0.40936354295906613,
                        -2.725831473427326
                    ],
                    [
                        0.6568995682223442,
                        1.4315170427307022,
                        0.3753944415185996,
                        1.400553449882867,
                        0.9981900240225887,
                        -3.285986280814347
                    ],
                    [
                        -0.3179781814060113,
                        0.3753944415185996,
                        1.4424864314355088,
                        -1.2324421780241792,
                        1.439463246290394,
                        0.2899597265104647
                    ],
                    [
                        1.5292848087472204,
                        1.400553449882867,
                        -1.2324421780241792,
                        4.451039786761752,
                        -0.6804714098266711,
                        -5.982139161343365
                    ],
                    [
                        -0.40936354295906613,
                        0.9981900240225887,
                        1.439463246290394,
                        -0.6804714098266711,
                        3.0968386946045428,
                        -0.6100154697640898
                    ],
                    [
                        -2.725831473427326,
                        -3.285986280814347,
                        0.2899597265104647,
                        -5.982139161343365,
                        -0.6100154697640898,
                        11.621633554102084
                    ]
                ],
                "mui": [
                    0.0,
                    0.0,
                    0.0,
                    0.0,
                    0.0,
                    0.0
                ],
                "Ai": [
                    [
                        0.0,
                        0.0,
                        0.0,
                        0.0,
                        0.0,
                        0.0
                    ],
                    [
                        0.6568995682223442,
                        0.0,
                        0.0,
                        0.0,
                        0.0,
                        0.0
                    ],
                    [
                        -0.7017876324458562,
                        0.5842741715883346,
                        0.0,
                        0.0,
                        0.0,
                        0.0
                    ],
                    [
                        0.5831655170827081,
                        0.9671043986632111,
                        -0.9775162194535496,
                        0.0,
                        0.0,
                        0.0
                    ],
                    [
                        -0.8424321645591386,
                        0.934671935910607,
                        0.5689603252939657,
                        -0.0,
                        0.0,
                        0.0
                    ],
                    [
                        -0.992093711831066,
                        -0.7683086520891556,
                        -0.6133374873032841,
                        -0.9311961188869827,
                        0.0,
                        0.0
                    ]
                ]
            },
            "est_params": {
                "mui": [
                    -0.003467264931331556,
                    -0.005211544960092412,
                    0.008287188018415634,
                    -0.016116460029420267,
                    -0.011973466455264873,
                    0.0391619263466759
                ],
                "Si": [
                    [
                        1.0032257415796575,
                        0.6461336249846888,
                        -0.3276779864548406,
                        1.5258611306902559,
                        -0.42204395295554387,
                        -2.7045189636708695
                    ],
                    [
                        0.6461336249846888,
                        1.4118579321523956,
                        0.3779805228240097,
                        1.382752138606869,
                        0.9880183948178397,
                        -3.2484026048361216
                    ],
                    [
                        -0.3276779864548406,
                        0.3779805228240097,
                        1.4566009147654624,
                        -1.2351126277148732,
                        1.4595215557698373,
                        0.2710893480688163
                    ],
                    [
                        1.5258611306902559,
                        1.382752138606869,
                        -1.2351126277148732,
                        4.402793695976712,
                        -0.6917557183794671,
                        -5.8998907751777985
                    ],
                    [
                        -0.42204395295554387,
                        0.9880183948178397,
                        1.4595215557698373,
                        -0.6917557183794671,
                        3.1199780131807895,
                        -0.613015032467326
                    ],
                    [
                        -2.7045189636708695,
                        -3.2484026048361216,
                        0.2710893480688163,
                        -5.8998907751777985,
                        -0.613015032467326,
                        11.492334535071455
                    ]
                ]
            },
            "est_tgt": [
                0,
                1,
                2,
                3,
                4,
                5
            ],
            "oracle_est_tgt": [
                0,
                1,
                2,
                3,
                4,
                5
            ]
        }
    },
    "metric_dict": {
        "param_est_rel_err": 2.7397994867868363,
        "est_num_comp": 4,
        "weight_precision_error": 0.0,
        "gm_score_dict": {
            "1": -19.55239330483824,
            "2": -14.74289281524782,
            "3": -11.50638470814772,
            "4": -9.89721703150092,
            "5": -9.89878347201151,
            "6": -9.899491862724666,
            "7": -9.899267061669956
        },
        "est_dag": {
            "amat": [
                [
                    0,
                    1,
                    1,
                    1,
                    1,
                    1
                ],
                [
                    0,
                    0,
                    1,
                    1,
                    1,
                    1
                ],
                [
                    0,
                    0,
                    0,
                    1,
                    1,
                    1
                ],
                [
                    0,
                    0,
                    0,
                    0,
                    0,
                    1
                ],
                [
                    0,
                    0,
                    0,
                    0,
                    0,
                    0
                ],
                [
                    0,
                    0,
                    0,
                    0,
                    0,
                    0
                ]
            ],
            "nodes": [
                0,
                1,
                2,
                3,
                4,
                5
            ]
        },
        "oracle_est_dag": {
            "amat": [
                [
                    0,
                    1,
                    1,
                    1,
                    1,
                    1
                ],
                [
                    0,
                    0,
                    1,
                    1,
                    1,
                    1
                ],
                [
                    0,
                    0,
                    0,
                    1,
                    1,
                    1
                ],
                [
                    0,
                    0,
                    0,
                    0,
                    0,
                    1
                ],
                [
                    0,
                    0,
                    0,
                    0,
                    0,
                    0
                ],
                [
                    0,
                    0,
                    0,
                    0,
                    0,
                    0
                ]
            ],
            "nodes": [
                0,
                1,
                2,
                3,
                4,
                5
            ]
        },
        "igsp_dag": null,
        "intv_base_est_dag": null,
        "act_dag": {
            "amat": [
                [
                    0,
                    1,
                    1,
                    1,
                    1,
                    1
                ],
                [
                    0,
                    0,
                    1,
                    1,
                    1,
                    1
                ],
                [
                    0,
                    0,
                    0,
                    1,
                    1,
                    1
                ],
                [
                    0,
                    0,
                    0,
                    0,
                    0,
                    1
                ],
                [
                    0,
                    0,
                    0,
                    0,
                    0,
                    0
                ],
                [
                    0,
                    0,
                    0,
                    0,
                    0,
                    0
                ]
            ],
            "nodes": [
                0,
                1,
                2,
                3,
                4,
                5
            ]
        },
        "shd": 0,
        "oracle_shd": 0,
        "intv_base_shd": null,
        "igsp_shd": null,
        "avg_js": 0.75,
        "avg_oracle_js": 0.75
    }
}