{
    "expt_args": {
        "save_dir": "expt_logs_30.04.24-hard",
        "exp_name": "555",
        "num_nodes": 6,
        "obs_noise_mean": 0.0,
        "obs_noise_var": 1.0,
        "max_edge_strength": 1.0,
        "graph_sparsity_method": "adj_dense_prop",
        "adj_dense_prop": 0.8,
        "num_parents": null,
        "new_noise_mean": 1.0,
        "mix_samples": 8192,
        "stage2_samples": 8192,
        "gmm_tol": 0.001,
        "intv_type": "hard",
        "new_noise_sigma": 1.0,
        "intv_targets": [
            0,
            1,
            2,
            3,
            4,
            5
        ]
    },
    "intv_args_dict": {
        "0": {
            "intv_type": "hard",
            "inode": 0,
            "new_mui": 1.0,
            "new_sigmai": 1.0,
            "true_params": {
                "Si": [
                    [
                        1.0,
                        0.0,
                        0.0,
                        0.0,
                        -0.6482691159322767,
                        0.10173245683013876
                    ],
                    [
                        0.0,
                        1.0,
                        0.8371878623222648,
                        0.30285393511720127,
                        0.3226716677967419,
                        -0.6989207479953303
                    ],
                    [
                        0.0,
                        0.8371878623222648,
                        1.7008835168197236,
                        -0.34732486440962723,
                        -0.8196190842922737,
                        -2.8896874916844943
                    ],
                    [
                        0.0,
                        0.30285393511720127,
                        -0.34732486440962723,
                        1.4527658673268928,
                        1.2556187396216614,
                        2.480079687667132
                    ],
                    [
                        -0.6482691159322767,
                        0.3226716677967419,
                        -0.8196190842922737,
                        1.2556187396216614,
                        2.96504150819712,
                        3.864437495888274
                    ],
                    [
                        0.10173245683013876,
                        -0.6989207479953303,
                        -2.8896874916844943,
                        2.480079687667132,
                        3.864437495888274,
                        9.492183608857783
                    ]
                ],
                "mui": [
                    1.0,
                    0.0,
                    0.0,
                    0.0,
                    -0.6482691159322767,
                    0.10173245683013876
                ],
                "Ai": [
                    [
                        0.0,
                        0.0,
                        0.0,
                        0.0,
                        0.0,
                        0.0
                    ],
                    [
                        -0.0,
                        0.0,
                        0.0,
                        0.0,
                        0.0,
                        0.0
                    ],
                    [
                        -0.0,
                        0.8371878623222648,
                        0.0,
                        0.0,
                        0.0,
                        0.0
                    ],
                    [
                        -0.0,
                        0.8058954270113039,
                        -0.6008705029462829,
                        0.0,
                        0.0,
                        0.0
                    ],
                    [
                        -0.6482691159322767,
                        0.8295607657677295,
                        -0.787461431086143,
                        0.5030941867150862,
                        0.0,
                        0.0
                    ],
                    [
                        0.7415440046865192,
                        -0.6416218543581398,
                        -0.7420286157108921,
                        0.8104781192640093,
                        0.9869536156080281,
                        0.0
                    ]
                ]
            },
            "est_params": {
                "mui": [
                    0.28074076502352285,
                    0.38335374781827336,
                    1.0607089816265634,
                    -0.5910072656867161,
                    -1.2831097759848937,
                    -2.7109700862042505
                ],
                "Si": [
                    [
                        1.2707141024203599,
                        -0.10728363450271858,
                        -0.2343101338457802,
                        0.08898897492859009,
                        -0.651376453036912,
                        0.5987754383811428
                    ],
                    [
                        -0.10728363450271854,
                        1.115162261676026,
                        0.7426557959063377,
                        0.4174071833652289,
                        0.6713778946039825,
                        -0.31805795508375145
                    ],
                    [
                        -0.23431013384578017,
                        0.7426557959063377,
                        1.1169245488018207,
                        0.1720777434224853,
                        0.18599152598232377,
                        -1.0032178098145208
                    ],
                    [
                        0.0889889749285901,
                        0.41740718336522886,
                        0.1720777434224853,
                        0.8802204901938497,
                        0.3591083282808237,
                        0.6345135290839273
                    ],
                    [
                        -0.651376453036912,
                        0.6713778946039825,
                        0.18599152598232377,
                        0.3591083282808237,
                        1.5391760798727834,
                        0.5900566992683973
                    ],
                    [
                        0.5987754383811428,
                        -0.31805795508375145,
                        -1.003217809814521,
                        0.6345135290839276,
                        0.5900566992683972,
                        3.109117520674002
                    ]
                ]
            },
            "est_tgt": [
                0,
                1,
                2,
                4,
                5
            ]
        },
        "1": {
            "intv_type": "hard",
            "inode": 1,
            "new_mui": 1.0,
            "new_sigmai": 1.0,
            "true_params": {
                "Si": [
                    [
                        1.0,
                        0.0,
                        0.0,
                        0.0,
                        -0.6482691159322767,
                        0.10173245683013876
                    ],
                    [
                        0.0,
                        1.0,
                        0.8371878623222648,
                        0.30285393511720127,
                        0.3226716677967419,
                        -0.6989207479953303
                    ],
                    [
                        0.0,
                        0.8371878623222648,
                        1.7008835168197236,
                        -0.34732486440962723,
                        -0.8196190842922737,
                        -2.8896874916844943
                    ],
                    [
                        0.0,
                        0.30285393511720127,
                        -0.34732486440962723,
                        1.4527658673268928,
                        1.2556187396216614,
                        2.480079687667132
                    ],
                    [
                        -0.6482691159322767,
                        0.3226716677967419,
                        -0.8196190842922737,
                        1.2556187396216614,
                        2.96504150819712,
                        3.864437495888274
                    ],
                    [
                        0.10173245683013876,
                        -0.6989207479953303,
                        -2.8896874916844943,
                        2.480079687667132,
                        3.864437495888274,
                        9.492183608857783
                    ]
                ],
                "mui": [
                    0.0,
                    1.0,
                    0.8371878623222648,
                    0.30285393511720127,
                    0.3226716677967419,
                    -0.6989207479953303
                ],
                "Ai": [
                    [
                        0.0,
                        0.0,
                        0.0,
                        0.0,
                        0.0,
                        0.0
                    ],
                    [
                        0.0,
                        0.0,
                        0.0,
                        0.0,
                        0.0,
                        0.0
                    ],
                    [
                        -0.0,
                        0.8371878623222648,
                        0.0,
                        0.0,
                        0.0,
                        0.0
                    ],
                    [
                        -0.0,
                        0.8058954270113039,
                        -0.6008705029462829,
                        0.0,
                        0.0,
                        0.0
                    ],
                    [
                        -0.6482691159322767,
                        0.8295607657677295,
                        -0.787461431086143,
                        0.5030941867150862,
                        0.0,
                        0.0
                    ],
                    [
                        0.7415440046865192,
                        -0.6416218543581398,
                        -0.7420286157108921,
                        0.8104781192640093,
                        0.9869536156080281,
                        0.0
                    ]
                ]
            },
            "est_params": {
                "mui": [
                    -0.06979002413874476,
                    0.4132434011719747,
                    0.650013093245591,
                    0.022601633317003062,
                    0.19407525470687703,
                    -0.7729126329930601
                ],
                "Si": [
                    [
                        1.0309201644937624,
                        -0.04520387964065103,
                        -0.003097080057311568,
                        0.030670090062733482,
                        -0.5307538300852427,
                        0.2832834596011222
                    ],
                    [
                        -0.04520387964065102,
                        1.0009222232297668,
                        0.6372986349231602,
                        0.40523004994331635,
                        0.5431025119833225,
                        -0.19480532630253392
                    ],
                    [
                        -0.003097080057311572,
                        0.6372986349231602,
                        1.1637252442358605,
                        0.22141529238629407,
                        0.25199045601583775,
                        -0.6385485419254616
                    ],
                    [
                        0.030670090062733482,
                        0.40523004994331635,
                        0.22141529238629407,
                        1.025879869709909,
                        0.05713534315361867,
                        0.4036169141429638
                    ],
                    [
                        -0.5307538300852427,
                        0.5431025119833225,
                        0.25199045601583775,
                        0.05713534315361868,
                        1.4343085388483021,
                        0.32291150967154614
                    ],
                    [
                        0.2832834596011222,
                        -0.19480532630253392,
                        -0.6385485419254614,
                        0.4036169141429638,
                        0.3229115096715462,
                        1.838689953566285
                    ]
                ]
            },
            "est_tgt": [
                1,
                2,
                3,
                4,
                5
            ]
        },
        "2": {
            "intv_type": "hard",
            "inode": 2,
            "new_mui": 1.0,
            "new_sigmai": 1.0,
            "true_params": {
                "Si": [
                    [
                        1.0,
                        0.0,
                        0.0,
                        0.0,
                        -0.6482691159322767,
                        0.10173245683013876
                    ],
                    [
                        0.0,
                        1.0,
                        0.0,
                        0.8058954270113039,
                        1.2350020701973885,
                        1.2304285141141598
                    ],
                    [
                        0.0,
                        0.0,
                        1.0,
                        -0.6008705029462829,
                        -1.089755888086988,
                        -2.304559524737605
                    ],
                    [
                        0.0,
                        0.8058954270113039,
                        -0.6008705029462829,
                        2.010512800588651,
                        2.1531788760001564,
                        3.6833472993214906
                    ],
                    [
                        -0.6482691159322767,
                        1.2350020701973885,
                        -1.089755888086988,
                        2.1531788760001564,
                        4.386154616390225,
                        5.609541181462558
                    ],
                    [
                        0.10173245683013876,
                        1.2304285141141598,
                        -2.304559524737605,
                        3.6833472993214906,
                        5.609541181462558,
                        10.517647725224608
                    ]
                ],
                "mui": [
                    0.0,
                    0.0,
                    1.0,
                    -0.6008705029462829,
                    -1.089755888086988,
                    -2.304559524737605
                ],
                "Ai": [
                    [
                        0.0,
                        0.0,
                        0.0,
                        0.0,
                        0.0,
                        0.0
                    ],
                    [
                        -0.0,
                        0.0,
                        0.0,
                        0.0,
                        0.0,
                        0.0
                    ],
                    [
                        0.0,
                        0.0,
                        0.0,
                        0.0,
                        0.0,
                        0.0
                    ],
                    [
                        -0.0,
                        0.8058954270113039,
                        -0.6008705029462829,
                        0.0,
                        0.0,
                        0.0
                    ],
                    [
                        -0.6482691159322767,
                        0.8295607657677295,
                        -0.787461431086143,
                        0.5030941867150862,
                        0.0,
                        0.0
                    ],
                    [
                        0.7415440046865192,
                        -0.6416218543581398,
                        -0.7420286157108921,
                        0.8104781192640093,
                        0.9869536156080281,
                        0.0
                    ]
                ]
            },
            "est_params": {
                "mui": [
                    0.3496032580274429,
                    -0.09036240450501663,
                    1.853915811796527,
                    -1.8849812795256713,
                    -3.051858712146054,
                    -5.810148084671508
                ],
                "Si": [
                    [
                        1.1775885517377314,
                        0.03115284480752499,
                        -0.0951062586267894,
                        0.12510465083162922,
                        -0.636769356823777,
                        0.37994245750711886
                    ],
                    [
                        0.031152844807524983,
                        1.3743105136030773,
                        0.4069174824755842,
                        0.7174707269168212,
                        1.0353226544720764,
                        0.3120602993198763
                    ],
                    [
                        -0.09510625862678941,
                        0.4069174824755842,
                        0.8967406114387739,
                        0.11291131607294562,
                        4.678101567270021e-05,
                        -0.8539427340480322
                    ],
                    [
                        0.12510465083162922,
                        0.7174707269168212,
                        0.11291131607294562,
                        1.2710115842341516,
                        0.7799858396761542,
                        1.1397800006223382
                    ],
                    [
                        -0.636769356823777,
                        1.0353226544720764,
                        4.678101567266696e-05,
                        0.7799858396761542,
                        2.314310745553273,
                        1.4779910698437506
                    ],
                    [
                        0.37994245750711886,
                        0.3120602993198763,
                        -0.8539427340480322,
                        1.1397800006223382,
                        1.4779910698437506,
                        3.601240148166743
                    ]
                ]
            },
            "est_tgt": [
                0,
                1,
                2,
                4,
                5
            ]
        },
        "3": {
            "intv_type": "hard",
            "inode": 3,
            "new_mui": 1.0,
            "new_sigmai": 1.0,
            "true_params": {
                "Si": [
                    [
                        1.0,
                        0.0,
                        0.0,
                        0.0,
                        -0.6482691159322767,
                        0.10173245683013876
                    ],
                    [
                        0.0,
                        1.0,
                        0.8371878623222648,
                        0.0,
                        0.17030761361549002,
                        -1.094753489903708
                    ],
                    [
                        0.0,
                        0.8371878623222648,
                        1.7008835168197236,
                        0.0,
                        -0.6448819641061847,
                        -2.435730856255557
                    ],
                    [
                        0.0,
                        0.0,
                        0.0,
                        1.0,
                        0.5030941867150862,
                        1.307008745833844
                    ],
                    [
                        -0.6482691159322767,
                        0.17030761361549002,
                        -0.6448819641061847,
                        0.5030941867150862,
                        2.3224567960817692,
                        2.5884316701681813
                    ],
                    [
                        0.10173245683013876,
                        -1.094753489903708,
                        -2.435730856255557,
                        1.307008745833844,
                        2.5884316701681813,
                        7.199202839024936
                    ]
                ],
                "mui": [
                    0.0,
                    0.0,
                    0.0,
                    1.0,
                    0.5030941867150862,
                    1.307008745833844
                ],
                "Ai": [
                    [
                        0.0,
                        0.0,
                        0.0,
                        0.0,
                        0.0,
                        0.0
                    ],
                    [
                        -0.0,
                        0.0,
                        0.0,
                        0.0,
                        0.0,
                        0.0
                    ],
                    [
                        -0.0,
                        0.8371878623222648,
                        0.0,
                        0.0,
                        0.0,
                        0.0
                    ],
                    [
                        0.0,
                        0.0,
                        0.0,
                        0.0,
                        0.0,
                        0.0
                    ],
                    [
                        -0.6482691159322767,
                        0.8295607657677295,
                        -0.787461431086143,
                        0.5030941867150862,
                        0.0,
                        0.0
                    ],
                    [
                        0.7415440046865192,
                        -0.6416218543581398,
                        -0.7420286157108921,
                        0.8104781192640093,
                        0.9869536156080281,
                        0.0
                    ]
                ]
            },
            "est_params": {
                "mui": [
                    -0.04679513044067604,
                    0.5178968702781799,
                    0.11979419267516067,
                    0.8475689872921269,
                    1.0976752318512217,
                    1.3998448738945615
                ],
                "Si": [
                    [
                        0.9239423757567207,
                        0.0345093741777006,
                        -0.018923769750078808,
                        -0.019851707493154548,
                        -0.5388164422275684,
                        0.13961591809880797
                    ],
                    [
                        0.0345093741777006,
                        0.869575570954739,
                        0.4879633612119422,
                        0.3052379801764333,
                        0.4022032620598072,
                        -0.08122218583607371
                    ],
                    [
                        -0.0189237697500788,
                        0.4879633612119421,
                        0.8575593736487569,
                        0.2411316626703137,
                        -0.07597124358099022,
                        -0.6042446591832343
                    ],
                    [
                        -0.019851707493154548,
                        0.3052379801764332,
                        0.2411316626703137,
                        0.726543451138391,
                        0.24840239807480424,
                        0.3726716112382814
                    ],
                    [
                        -0.5388164422275684,
                        0.4022032620598072,
                        -0.07597124358099022,
                        0.24840239807480424,
                        1.3553098347987576,
                        0.7487963627716149
                    ],
                    [
                        0.13961591809880794,
                        -0.08122218583607373,
                        -0.6042446591832343,
                        0.3726716112382814,
                        0.7487963627716149,
                        2.4071358591556637
                    ]
                ]
            },
            "est_tgt": [
                1,
                2,
                3,
                4,
                5
            ]
        },
        "4": {
            "intv_type": "hard",
            "inode": 4,
            "new_mui": 1.0,
            "new_sigmai": 1.0,
            "true_params": {
                "Si": [
                    [
                        1.0,
                        0.0,
                        0.0,
                        0.0,
                        0.0,
                        0.7415440046865192
                    ],
                    [
                        0.0,
                        1.0,
                        0.8371878623222648,
                        0.30285393511720127,
                        0.0,
                        -1.0173827171815972
                    ],
                    [
                        0.0,
                        0.8371878623222648,
                        1.7008835168197236,
                        -0.34732486440962723,
                        0.0,
                        -2.0807614730208934
                    ],
                    [
                        0.0,
                        0.30285393511720127,
                        -0.34732486440962723,
                        1.4527658673268928,
                        0.0,
                        1.240842232772338
                    ],
                    [
                        0.0,
                        0.0,
                        0.0,
                        0.0,
                        1.0,
                        0.9869536156080281
                    ],
                    [
                        0.7415440046865192,
                        -1.0173827171815972,
                        -2.0807614730208934,
                        1.240842232772338,
                        0.9869536156080281,
                        5.7263999704091875
                    ]
                ],
                "mui": [
                    0.0,
                    0.0,
                    0.0,
                    0.0,
                    1.0,
                    0.9869536156080281
                ],
                "Ai": [
                    [
                        0.0,
                        0.0,
                        0.0,
                        0.0,
                        0.0,
                        0.0
                    ],
                    [
                        -0.0,
                        0.0,
                        0.0,
                        0.0,
                        0.0,
                        0.0
                    ],
                    [
                        -0.0,
                        0.8371878623222648,
                        0.0,
                        0.0,
                        0.0,
                        0.0
                    ],
                    [
                        -0.0,
                        0.8058954270113039,
                        -0.6008705029462829,
                        0.0,
                        0.0,
                        0.0
                    ],
                    [
                        0.0,
                        0.0,
                        0.0,
                        0.0,
                        0.0,
                        0.0
                    ],
                    [
                        0.7415440046865192,
                        -0.6416218543581398,
                        -0.7420286157108921,
                        0.8104781192640093,
                        0.9869536156080281,
                        0.0
                    ]
                ]
            },
            "est_params": {
                "mui": [
                    0.40491995731954045,
                    -0.3359151421418033,
                    -0.6297829599521447,
                    0.2074910620843761,
                    0.8667158124616062,
                    2.0909444644142883
                ],
                "Si": [
                    [
                        0.9246314144585334,
                        0.11792428749045542,
                        0.10039501727648573,
                        -0.01742738872343798,
                        -0.36095835193996784,
                        0.12500180387459658
                    ],
                    [
                        0.11792428749045542,
                        0.8633197819913133,
                        0.6157033940908793,
                        0.3499332519124868,
                        0.15773529976279452,
                        -0.3327977787452323
                    ],
                    [
                        0.10039501727648575,
                        0.6157033940908795,
                        1.229611893645286,
                        -0.1702159775781463,
                        0.1893173550974774,
                        -0.9590461849339477
                    ],
                    [
                        -0.01742738872343798,
                        0.3499332519124867,
                        -0.17021597757814633,
                        1.2034821070333754,
                        0.04691914240426515,
                        0.861345781248226
                    ],
                    [
                        -0.3609583519399678,
                        0.15773529976279452,
                        0.1893173550974774,
                        0.04691914240426515,
                        1.3879474376691612,
                        0.8746132388717781
                    ],
                    [
                        0.12500180387459656,
                        -0.3327977787452323,
                        -0.9590461849339477,
                        0.8613457812482261,
                        0.8746132388717781,
                        3.1021023445017986
                    ]
                ]
            },
            "est_tgt": [
                0,
                1,
                2,
                3,
                4,
                5
            ]
        },
        "5": {
            "intv_type": "hard",
            "inode": 5,
            "new_mui": 1.0,
            "new_sigmai": 1.0,
            "true_params": {
                "Si": [
                    [
                        1.0,
                        0.0,
                        0.0,
                        0.0,
                        -0.6482691159322767,
                        0.0
                    ],
                    [
                        0.0,
                        1.0,
                        0.8371878623222648,
                        0.30285393511720127,
                        0.3226716677967419,
                        0.0
                    ],
                    [
                        0.0,
                        0.8371878623222648,
                        1.7008835168197236,
                        -0.34732486440962723,
                        -0.8196190842922737,
                        0.0
                    ],
                    [
                        0.0,
                        0.30285393511720127,
                        -0.34732486440962723,
                        1.4527658673268928,
                        1.2556187396216614,
                        0.0
                    ],
                    [
                        -0.6482691159322767,
                        0.3226716677967419,
                        -0.8196190842922737,
                        1.2556187396216614,
                        2.96504150819712,
                        0.0
                    ],
                    [
                        0.0,
                        0.0,
                        0.0,
                        0.0,
                        0.0,
                        1.0
                    ]
                ],
                "mui": [
                    0.0,
                    0.0,
                    0.0,
                    0.0,
                    0.0,
                    1.0
                ],
                "Ai": [
                    [
                        0.0,
                        0.0,
                        0.0,
                        0.0,
                        0.0,
                        0.0
                    ],
                    [
                        -0.0,
                        0.0,
                        0.0,
                        0.0,
                        0.0,
                        0.0
                    ],
                    [
                        -0.0,
                        0.8371878623222648,
                        0.0,
                        0.0,
                        0.0,
                        0.0
                    ],
                    [
                        -0.0,
                        0.8058954270113039,
                        -0.6008705029462829,
                        0.0,
                        0.0,
                        0.0
                    ],
                    [
                        -0.6482691159322767,
                        0.8295607657677295,
                        -0.787461431086143,
                        0.5030941867150862,
                        0.0,
                        0.0
                    ],
                    [
                        0.0,
                        0.0,
                        0.0,
                        0.0,
                        0.0,
                        0.0
                    ]
                ]
            },
            "est_params": {
                "mui": [
                    0.014862975683738597,
                    -0.01777299039674111,
                    -0.009334138318630161,
                    -0.03388862434862381,
                    -0.06452709150687343,
                    0.9998631045059627
                ],
                "Si": [
                    [
                        0.9747846332445498,
                        -0.0026093522474408787,
                        -0.05160517752393636,
                        0.09218334445517454,
                        -0.6180124593810635,
                        0.03924105614432017
                    ],
                    [
                        -0.0026093522474408765,
                        0.9704219810151687,
                        0.8567102238034265,
                        0.27694854134672775,
                        0.18909098452507925,
                        -0.08533374351117991
                    ],
                    [
                        -0.05160517752393636,
                        0.8567102238034265,
                        1.7065971317656938,
                        -0.35278788797449756,
                        -0.8500101010046274,
                        -0.09064724243883131
                    ],
                    [
                        0.09218334445517454,
                        0.27694854134672775,
                        -0.35278788797449756,
                        1.4135138127256726,
                        1.1093165991735825,
                        -0.036445932351454005
                    ],
                    [
                        -0.6180124593810635,
                        0.18909098452507928,
                        -0.8500101010046276,
                        1.1093165991735825,
                        2.7158313577431663,
                        -0.0004262742298714299
                    ],
                    [
                        0.03924105614432017,
                        -0.08533374351117991,
                        -0.0906472424388313,
                        -0.03644593235145402,
                        -0.00042627422987144266,
                        0.9384992813146658
                    ]
                ]
            },
            "est_tgt": [
                2,
                3,
                4,
                5
            ]
        },
        "obs": {
            "intv_type": "obs",
            "true_params": {
                "Si": [
                    [
                        1.0,
                        0.0,
                        0.0,
                        0.0,
                        -0.6482691159322767,
                        0.10173245683013876
                    ],
                    [
                        0.0,
                        1.0,
                        0.8371878623222648,
                        0.30285393511720127,
                        0.3226716677967419,
                        -0.6989207479953303
                    ],
                    [
                        0.0,
                        0.8371878623222648,
                        1.7008835168197236,
                        -0.34732486440962723,
                        -0.8196190842922737,
                        -2.8896874916844943
                    ],
                    [
                        0.0,
                        0.30285393511720127,
                        -0.34732486440962723,
                        1.4527658673268928,
                        1.2556187396216614,
                        2.480079687667132
                    ],
                    [
                        -0.6482691159322767,
                        0.3226716677967419,
                        -0.8196190842922737,
                        1.2556187396216614,
                        2.96504150819712,
                        3.864437495888274
                    ],
                    [
                        0.10173245683013876,
                        -0.6989207479953303,
                        -2.8896874916844943,
                        2.480079687667132,
                        3.864437495888274,
                        9.492183608857783
                    ]
                ],
                "mui": [
                    0.0,
                    0.0,
                    0.0,
                    0.0,
                    0.0,
                    0.0
                ],
                "Ai": [
                    [
                        0.0,
                        0.0,
                        0.0,
                        0.0,
                        0.0,
                        0.0
                    ],
                    [
                        -0.0,
                        0.0,
                        0.0,
                        0.0,
                        0.0,
                        0.0
                    ],
                    [
                        -0.0,
                        0.8371878623222648,
                        0.0,
                        0.0,
                        0.0,
                        0.0
                    ],
                    [
                        -0.0,
                        0.8058954270113039,
                        -0.6008705029462829,
                        0.0,
                        0.0,
                        0.0
                    ],
                    [
                        -0.6482691159322767,
                        0.8295607657677295,
                        -0.787461431086143,
                        0.5030941867150862,
                        0.0,
                        0.0
                    ],
                    [
