{
    "expt_args": {
        "save_dir": "expt_logs_30.04.24-hard",
        "exp_name": "521",
        "num_nodes": 6,
        "obs_noise_mean": 0.0,
        "obs_noise_var": 1.0,
        "max_edge_strength": 1.0,
        "graph_sparsity_method": "adj_dense_prop",
        "adj_dense_prop": 0.8,
        "num_parents": null,
        "new_noise_mean": 0.0,
        "mix_samples": 2048,
        "stage2_samples": 2048,
        "gmm_tol": 0.001,
        "intv_type": "hard",
        "new_noise_sigma": 1.0,
        "intv_targets": [
            0,
            1,
            2,
            3,
            4,
            5
        ]
    },
    "intv_args_dict": {
        "0": {
            "intv_type": "hard",
            "inode": 0,
            "new_mui": 0.0,
            "new_sigmai": 1.0,
            "true_params": {
                "Si": [
                    [
                        1.0,
                        0.6849394477559066,
                        0.3479579575937887,
                        0.7645620564133175,
                        0.4718600358842117,
                        -0.11998270115033122
                    ],
                    [
                        0.6849394477559066,
                        1.4691420470921663,
                        0.7463428596443249,
                        0.3845105113522522,
                        0.8679986289222397,
                        -0.04383527046263626
                    ],
                    [
                        0.3479579575937887,
                        0.7463428596443249,
                        1.3791516723958575,
                        1.1578608832004476,
                        -0.7173123522268007,
                        0.9350688107019155
                    ],
                    [
                        0.7645620564133175,
                        0.3845105113522522,
                        1.1578608832004476,
                        2.5303766268005305,
                        -1.4962371635919816,
                        0.6025219189882738
                    ],
                    [
                        0.4718600358842117,
                        0.8679986289222397,
                        -0.7173123522268007,
                        -1.4962371635919816,
                        3.305031617106922,
                        -1.8186003986148305
                    ],
                    [
                        -0.11998270115033122,
                        -0.04383527046263626,
                        0.9350688107019155,
                        0.6025219189882738,
                        -1.8186003986148305,
                        2.6570413034265457
                    ]
                ],
                "mui": [
                    0.0,
                    0.0,
                    0.0,
                    0.0,
                    0.0,
                    0.0
                ],
                "Ai": [
                    [
                        0.0,
                        0.0,
                        0.0,
                        0.0,
                        0.0,
                        0.0
                    ],
                    [
                        0.6849394477559066,
                        0.0,
                        0.0,
                        0.0,
                        0.0,
                        0.0
                    ],
                    [
                        0.0,
                        0.508012728327762,
                        0.0,
                        0.0,
                        0.0,
                        0.0
                    ],
                    [
                        0.8598838473861048,
                        -0.6281429744947257,
                        0.9625246492576871,
                        0.0,
                        0.0,
                        0.0
                    ],
                    [
                        0.6716640984456461,
                        0.7146706121636257,
                        -0.5169135009061671,
                        -0.6663239258119759,
                        0.0,
                        0.0
                    ],
                    [
                        0.5965479179070572,
                        0.0,
                        0.746061004204174,
                        -0.7694935277053421,
                        -0.8218600832656044,
                        0.0
                    ]
                ]
            },
            "est_params": {
                "mui": [
                    -0.18202759024625823,
                    -0.14021376914785832,
                    -0.5083104493649035,
                    -1.209363600046778,
                    0.5407880340481421,
                    0.17977454063924023
                ],
                "Si": [
                    [
                        0.9252499374021494,
                        0.488136570365755,
                        0.3284619501914512,
                        0.7724330715778082,
                        0.06109772870759042,
                        0.15335174525748452
                    ],
                    [
                        0.488136570365755,
                        1.0165718077251022,
                        0.669491783989876,
                        0.2634044174210084,
                        0.30008279946227473,
                        0.3547090217338071
                    ],
                    [
                        0.3284619501914512,
                        0.669491783989876,
                        1.0551267425243946,
                        0.6475097028875921,
                        0.08921096163747423,
                        0.4368376105848628
                    ],
                    [
                        0.772433071577808,
                        0.2634044174210084,
                        0.6475097028875922,
                        1.6279051508311322,
                        -0.22656972494362723,
                        -0.08897440978462884
                    ],
                    [
                        0.061097728707590435,
                        0.3000827994622748,
                        0.0892109616374742,
                        -0.22656972494362715,
                        1.3481789712838543,
                        -0.5632089234007509
                    ],
                    [
                        0.15335174525748457,
                        0.3547090217338071,
                        0.4368376105848628,
                        -0.08897440978462882,
                        -0.5632089234007509,
                        1.584953813692305
                    ]
                ]
            },
            "est_tgt": [
                3,
                4
            ]
        },
        "1": {
            "intv_type": "hard",
            "inode": 1,
            "new_mui": 0.0,
            "new_sigmai": 1.0,
            "true_params": {
                "Si": [
                    [
                        1.0,
                        0.0,
                        0.0,
                        0.8598838473861048,
                        0.09870291751303086,
                        -0.1462471252407362
                    ],
                    [
                        0.0,
                        1.0,
                        0.508012728327762,
                        -0.13916820134260588,
                        0.5448030765256253,
                        0.038345614603533584
                    ],
                    [
                        0.0,
                        0.508012728327762,
                        1.2580769321430165,
                        0.8918254315971625,
                        -0.8814998065832028,
                        0.9768177463407707
                    ],
                    [
                        0.8598838473861048,
                        -0.13916820134260588,
                        0.8918254315971625,
                        2.6852217196890997,
                        -1.7721303985075378,
                        0.5685005989926338
                    ],
                    [
                        0.09870291751303086,
                        0.5448030765256253,
                        -0.8814998065832028,
                        -1.7721303985075378,
                        3.0921219895678567,
                        -1.7764203748837049
                    ],
                    [
                        -0.1462471252407362,
                        0.038345614603533584,
                        0.9768177463407707,
                        0.5685005989926338,
                        -1.7764203748837049,
                        2.6640336764923958
                    ]
                ],
                "mui": [
                    0.0,
                    0.0,
                    0.0,
                    0.0,
                    0.0,
                    0.0
                ],
                "Ai": [
                    [
                        0.0,
                        0.0,
                        0.0,
                        0.0,
                        0.0,
                        0.0
                    ],
                    [
                        0.0,
                        0.0,
                        0.0,
                        0.0,
                        0.0,
                        0.0
                    ],
                    [
                        0.0,
                        0.508012728327762,
                        0.0,
                        0.0,
                        0.0,
                        0.0
                    ],
                    [
                        0.8598838473861048,
                        -0.6281429744947257,
                        0.9625246492576871,
                        0.0,
                        0.0,
                        0.0
                    ],
                    [
                        0.6716640984456461,
                        0.7146706121636257,
                        -0.5169135009061671,
                        -0.6663239258119759,
                        0.0,
                        0.0
                    ],
                    [
                        0.5965479179070572,
                        0.0,
                        0.746061004204174,
                        -0.7694935277053421,
                        -0.8218600832656044,
                        0.0
                    ]
                ]
            },
            "est_params": {
                "mui": [
                    0.15952289068115044,
                    0.5310397483243918,
                    -0.5988033215754894,
                    -0.8617306753645078,
                    1.7776121923112922,
                    -1.1768100632294465
                ],
                "Si": [
                    [
                        0.8280826937964639,
                        0.35501850077295427,
                        0.1487866202362818,
                        0.676998513396212,
                        0.25528166020628285,
                        0.018882607708754103
                    ],
                    [
                        0.35501850077295427,
                        1.2353384123933668,
                        0.4780038675174958,
                        0.13151331583342032,
                        0.613307341330588,
                        -0.04702580325666227
                    ],
                    [
                        0.1487866202362818,
                        0.4780038675174958,
                        0.9084589637502269,
                        0.8363807286913718,
                        -0.6603144237566156,
                        0.2948601467709042
                    ],
                    [
                        0.6769985133962121,
                        0.13151331583342032,
                        0.8363807286913718,
                        2.239741979335282,
                        -1.4920181133615087,
                        0.27768621743840477
                    ],
                    [
                        0.25528166020628285,
                        0.6133073413305881,
                        -0.6603144237566156,
                        -1.4920181133615087,
                        2.648605879298134,
                        -0.8360127743125361
                    ],
                    [
                        0.01888260770875411,
                        -0.04702580325666228,
                        0.2948601467709042,
                        0.27768621743840477,
                        -0.8360127743125361,
                        1.958974685449367
                    ]
                ]
            },
            "est_tgt": [
                1,
                2,
                4,
                5
            ]
        },
        "2": {
            "intv_type": "hard",
            "inode": 2,
            "new_mui": 0.0,
            "new_sigmai": 1.0,
            "true_params": {
                "Si": [
                    [
                        1.0,
                        0.6849394477559066,
                        0.0,
                        0.42964394532393485,
                        0.8748881525187856,
                        -0.4530959671146785
                    ],
                    [
                        0.6849394477559066,
                        1.4691420470921663,
                        0.0,
                        -0.33386288785288076,
                        1.7324627129345656,
                        -0.758337416711955
                    ],
                    [
                        0.0,
                        0.0,
                        1.0,
                        0.9625246492576871,
                        -1.1582667038903443,
                        0.9573376860466247
                    ],
                    [
                        0.42964394532393485,
                        -0.33386288785288076,
                        0.9625246492576871,
                        2.5056112165892315,
                        -2.1171162698044323,
                        0.7863270470939421
                    ],
                    [
                        0.8748881525187856,
                        1.7324627129345656,
                        -1.1582667038903443,
                        -2.1171162698044323,
                        4.835180070993409,
                        -2.6869591431907023
                    ],
                    [
                        -0.4530959671146785,
                        -0.758337416711955,
                        0.9573376860466247,
                        0.7863270470939421,
                        -2.6869591431907023,
                        3.0471697513756446
                    ]
                ],
                "mui": [
                    0.0,
                    0.0,
                    0.0,
                    0.0,
                    0.0,
                    0.0
                ],
                "Ai": [
                    [
                        0.0,
                        0.0,
                        0.0,
                        0.0,
                        0.0,
                        0.0
                    ],
                    [
                        0.6849394477559066,
                        0.0,
                        0.0,
                        0.0,
                        0.0,
                        0.0
                    ],
                    [
                        0.0,
                        0.0,
                        0.0,
                        0.0,
                        0.0,
                        0.0
                    ],
                    [
                        0.8598838473861048,
                        -0.6281429744947257,
                        0.9625246492576871,
                        0.0,
                        0.0,
                        0.0
                    ],
                    [
                        0.6716640984456461,
                        0.7146706121636257,
                        -0.5169135009061671,
                        -0.6663239258119759,
                        0.0,
                        0.0
                    ],
                    [
                        0.5965479179070572,
                        0.0,
                        0.746061004204174,
                        -0.7694935277053421,
                        -0.8218600832656044,
                        0.0
                    ]
                ]
            },
            "est_params": {
                "mui": [
                    0.7028582927178937,
                    0.07589280770860181,
                    0.6048670206168711,
                    1.59261751893104,
                    -1.2809370964010178,
                    1.1249390790954095
                ],
                "Si": [
                    [
                        0.8097729911059139,
                        0.4095978757041753,
                        -0.20558615059043148,
                        0.2576507805274151,
                        0.7706928114388315,
                        -0.7760488275436431
                    ],
                    [
                        0.4095978757041752,
                        1.2779763422983506,
                        0.20370138980908445,
                        -0.08245200658697635,
                        1.106579109762996,
                        -0.33084955190781856
                    ],
                    [
                        -0.20558615059043148,
                        0.20370138980908445,
                        1.0823383777406246,
                        0.6450471240273594,
                        -0.7461167019665164,
                        0.8360505143245519
                    ],
                    [
                        0.2576507805274151,
                        -0.08245200658697635,
                        0.6450471240273594,
                        1.654237487951305,
                        -0.9689690991420704,
                        -0.2884511809444825
                    ],
                    [
                        0.7706928114388315,
                        1.106579109762996,
                        -0.7461167019665164,
                        -0.9689690991420704,
                        2.936258387559315,
                        -1.5772944047118311
                    ],
                    [
                        -0.776048827543643,
                        -0.33084955190781856,
                        0.8360505143245519,
                        -0.2884511809444825,
                        -1.577294404711831,
                        2.4610561589674527
                    ]
                ]
            },
            "est_tgt": [
                0,
                1,
                4,
                5
            ]
        },
        "3": {
            "intv_type": "hard",
            "inode": 3,
            "new_mui": 0.0,
            "new_sigmai": 1.0,
            "true_params": {
                "Si": [
                    [
                        1.0,
                        0.6849394477559066,
                        0.3479579575937887,
                        0.0,
                        0.9813060268404108,
                        0.04964952824221314
                    ],
                    [
                        0.6849394477559066,
                        1.4691420470921663,
                        0.7463428596443249,
                        0.0,
                        1.1242071823624427,
                        0.04147549629386794
                    ],
                    [
                        0.3479579575937887,
                        0.7463428596443249,
                        1.3791516723958575,
                        0.0,
                        0.05419805701144331,
                        1.1919616571310272
                    ],
                    [
                        0.0,
                        0.0,
                        0.0,
                        1.0,
                        -0.6663239258119759,
                        -0.22186849055564717
                    ],
                    [
                        0.9813060268404108,
                        1.1242071823624427,
                        0.05419805701144331,
                        -0.6663239258119759,
                        2.8785177297521414,
                        -1.2271757488069175
                    ],
                    [
                        0.04964952824221314,
                        0.04147549629386794,
                        1.1919616571310272,
                        -0.22186849055564717,
                        -1.2271757488069175,
                        3.0981875641703134
                    ]
                ],
                "mui": [
                    0.0,
                    0.0,
                    0.0,
                    0.0,
                    0.0,
                    0.0
                ],
                "Ai": [
                    [
                        0.0,
                        0.0,
                        0.0,
                        0.0,
                        0.0,
                        0.0
                    ],
                    [
                        0.6849394477559066,
                        0.0,
                        0.0,
                        0.0,
                        0.0,
                        0.0
                    ],
                    [
                        0.0,
                        0.508012728327762,
                        0.0,
                        0.0,
                        0.0,
                        0.0
                    ],
                    [
                        0.0,
                        0.0,
                        0.0,
                        0.0,
                        0.0,
                        0.0
                    ],
                    [
                        0.6716640984456461,
                        0.7146706121636257,
                        -0.5169135009061671,
                        -0.6663239258119759,
                        0.0,
                        0.0
                    ],
                    [
                        0.5965479179070572,
                        0.0,
                        0.746061004204174,
                        -0.7694935277053421,
                        -0.8218600832656044,
                        0.0
                    ]
                ]
            },
            "est_params": {
                "mui": [
                    0.03270889057027958,
                    -0.3405887963333651,
                    -0.1667135718934686,
                    0.23160719671242874,
                    -0.014248363514794977,
                    -0.4408875937413502
                ],
                "Si": [
                    [
                        0.801333577348178,
                        0.3780909028487183,
                        0.30141496891696173,
                        0.029909106543950088,
                        0.7775955978960155,
                        -0.04512920341433809
                    ],
                    [
                        0.3780909028487183,
                        0.8752278674137053,
                        0.7563471330398017,
                        0.2806617317984872,
                        0.39511134351849697,
                        0.2191965166403791
                    ],
                    [
                        0.30141496891696173,
                        0.7563471330398017,
                        1.6830237045664171,
                        0.42155047568679604,
                        -0.23320817059844826,
                        1.495953244203089
                    ],
                    [
                        0.029909106543950095,
                        0.2806617317984872,
                        0.42155047568679604,
                        1.3018965989348414,
                        -0.6740928120675993,
                        -0.14294153246132144
                    ],
                    [
                        0.7775955978960156,
                        0.39511134351849697,
                        -0.23320817059844826,
                        -0.6740928120675993,
                        2.033282891167179,
                        -1.087342173263567
                    ],
                    [
                        -0.04512920341433811,
                        0.21919651664037915,
                        1.495953244203089,
                        -0.14294153246132144,
                        -1.087342173263567,
                        2.936228931879565
                    ]
                ]
            },
            "est_tgt": [
                1,
                3,
                4,
                5
            ]
        },
        "4": {
            "intv_type": "hard",
            "inode": 4,
            "new_mui": 0.0,
            "new_sigmai": 1.0,
            "true_params": {
                "Si": [
                    [
                        1.0,
                        0.6849394477559066,
                        0.3479579575937887,
                        0.7645620564133175,
                        0.0,
                        0.2678202272311781
                    ],
                    [
                        0.6849394477559066,
                        1.4691420470921663,
                        0.7463428596443249,
                        0.3845105113522522,
                        0.0,
                        0.669538154977826
                    ],
                    [
                        0.3479579575937887,
                        0.7463428596443249,
                        1.3791516723958575,
                        1.1578608832004476,
                        0.0,
                        0.34553842117335065
                    ],
                    [
                        0.7645620564133175,
                        0.3845105113522522,
                        1.1578608832004476,
                        2.5303766268005305,
                        0.0,
                        -0.6271756808665239
                    ],
                    [
                        0.0,
                        0.0,
                        0.0,
                        0.0,
                        1.0,
                        -0.8218600832656044
                    ],
                    [
                        0.2678202272311781,
                        0.669538154977826,
                        0.34553842117335065,
                        -0.6271756808665239,
                        -0.8218600832656044,
                        2.5756219640461966
                    ]
                ],
                "mui": [
                    0.0,
                    0.0,
                    0.0,
                    0.0,
                    0.0,
                    0.0
                ],
                "Ai": [
                    [
                        0.0,
                        0.0,
                        0.0,
                        0.0,
                        0.0,
                        0.0
                    ],
                    [
                        0.6849394477559066,
                        0.0,
                        0.0,
                        0.0,
                        0.0,
                        0.0
                    ],
                    [
                        0.0,
                        0.508012728327762,
                        0.0,
                        0.0,
                        0.0,
                        0.0
                    ],
                    [
                        0.8598838473861048,
                        -0.6281429744947257,
                        0.9625246492576871,
                        0.0,
                        0.0,
                        0.0
                    ],
                    [
                        0.0,
                        0.0,
                        0.0,
                        0.0,
                        0.0,
                        0.0
                    ],
                    [
                        0.5965479179070572,
                        0.0,
                        0.746061004204174,
                        -0.7694935277053421,
                        -0.8218600832656044,
                        0.0
                    ]
                ]
            },
            "est_params": {
                "mui": [
                    0.16105748388261312,
                    0.34547615086762706,
                    0.5335325348510712,
                    0.8501830219919336,
                    -0.12289989496878517,
                    -0.0955002371321901
                ],
                "Si": [
                    [
                        0.7742970110297104,
                        0.5636993005137333,
                        0.3386448497368209,
                        0.6485779422138566,
                        -0.030899062866402933,
                        0.28427281366927853
                    ],
                    [
                        0.5636993005137333,
                        1.1624286932504886,
                        0.5096052697527296,
                        0.3573762310720744,
                        0.047141977826382506,
                        0.4759648561982558
                    ],
                    [
                        0.33864484973682085,
                        0.5096052697527296,
                        1.1362375207974742,
                        0.9092954019007751,
                        0.12198607384214184,
                        0.3310348934515511
                    ],
                    [
                        0.6485779422138566,
                        0.3573762310720744,
                        0.9092954019007751,
                        1.6972794521143566,
                        0.24362879683338914,
                        -0.6591952668703429
                    ],
                    [
                        -0.03089906286640292,
                        0.04714197782638249,
                        0.12198607384214184,
                        0.24362879683338912,
                        0.8803336318637138,
                        -0.5993235326888616
                    ],
                    [
                        0.2842728136692786,
                        0.4759648561982558,
                        0.3310348934515511,
                        -0.6591952668703427,
                        -0.5993235326888615,
                        2.3851342058624496
                    ]
                ]
            },
            "est_tgt": [
                1,
                3,
                4,
                5
            ]
        },
        "5": {
            "intv_type": "hard",
            "inode": 5,
            "new_mui": 0.0,
            "new_sigmai": 1.0,
            "true_params": {
                "Si": [
                    [
                        1.0,
                        0.6849394477559066,
                        0.3479579575937887,
                        0.7645620564133175,
                        0.4718600358842117,
                        0.0
                    ],
                    [
                        0.6849394477559066,
                        1.4691420470921663,
                        0.7463428596443249,
                        0.3845105113522522,
                        0.8679986289222397,
                        0.0
                    ],
                    [
                        0.3479579575937887,
                        0.7463428596443249,
                        1.3791516723958575,
                        1.1578608832004476,
                        -0.7173123522268007,
                        0.0
                    ],
                    [
                        0.7645620564133175,
                        0.3845105113522522,
                        1.1578608832004476,
                        2.5303766268005305,
                        -1.4962371635919816,
                        0.0
                    ],
                    [
                        0.4718600358842117,
                        0.8679986289222397,
                        -0.7173123522268007,
                        -1.4962371635919816,
                        3.305031617106922,
                        0.0
                    ],
                    [
                        0.0,
                        0.0,
                        0.0,
                        0.0,
                        0.0,
                        1.0
                    ]
                ],
                "mui": [
                    0.0,
                    0.0,
                    0.0,
                    0.0,
                    0.0,
                    0.0
                ],
                "Ai": [
                    [
                        0.0,
                        0.0,
                        0.0,
                        0.0,
                        0.0,
                        0.0
                    ],
                    [
                        0.6849394477559066,
                        0.0,
                        0.0,
                        0.0,
                        0.0,
                        0.0
                    ],
                    [
                        0.0,
                        0.508012728327762,
                        0.0,
                        0.0,
                        0.0,
                        0.0
                    ],
                    [
                        0.8598838473861048,
                        -0.6281429744947257,
                        0.9625246492576871,
                        0.0,
                        0.0,
                        0.0
                    ],
                    [
                        0.6716640984456461,
                        0.7146706121636257,
                        -0.5169135009061671,
                        -0.6663239258119759,
                        0.0,
                        0.0
                    ],
                    [
                        0.0,
                        0.0,
                        0.0,
                        0.0,
                        0.0,
                        0.0
                    ]
                ]
            },
            "est_params": {
                "mui": [
                    0.27485825220812204,
                    0.3916140860678201,
                    0.05327336008867454,
                    -0.37719402956371917,
                    0.5443085612333927,
                    0.4856588700373262
                ],
                "Si": [
                    [
                        0.6707155055821955,
                        0.595200826482651,
                        0.43072971653703956,
                        0.25955378050951744,
                        0.6090605382291593,
                        -0.07113689294899732
                    ],
                    [
                        0.595200826482651,
                        1.3048466465398538,
                        0.8685362940491497,
                        0.041016795304443555,
                        1.1363179056381032,
                        -0.19110371381302435
                    ],
                    [
                        0.43072971653703956,
                        0.8685362940491499,
                        1.3383378844355966,
                        0.2940715776739017,
                        0.17350749388322947,
                        0.17787160654308756
                    ],
                    [
                        0.25955378050951744,
                        0.04101679530444354,
                        0.2940715776739017,
                        1.171071521668875,
                        -0.7715625465609545,
                        0.33430150868229197
                    ],
                    [
                        0.6090605382291593,
                        1.1363179056381034,
                        0.17350749388322956,
                        -0.7715625465609545,
                        2.668148301979659,
                        -0.5633665432800344
                    ],
                    [
                        -0.07113689294899732,
                        -0.19110371381302432,
                        0.1778716065430876,
                        0.33430150868229197,
                        -0.5633665432800344,
                        0.9777073221925277
                    ]
                ]
            },
            "est_tgt": [
                0,
                1,
                2,
                3,
                5
            ]
        },
        "obs": {
            "intv_type": "obs",
            "true_params": {
                "Si": [
                    [
                        1.0,
                        0.6849394477559066,
                        0.3479579575937887,
                        0.7645620564133175,
                        0.4718600358842117,
                        -0.11998270115033122
                    ],
                    [
                        0.6849394477559066,
                        1.4691420470921663,
                        0.7463428596443249,
                        0.3845105113522522,
                        0.8679986289222397,
                        -0.04383527046263626
                    ],
                    [
                        0.3479579575937887,
                        0.7463428596443249,
                        1.3791516723958575,
                        1.1578608832004476,
                        -0.7173123522268007,
                        0.9350688107019155
                    ],
                    [
                        0.7645620564133175,
                        0.3845105113522522,
                        1.1578608832004476,
                        2.5303766268005305,
                        -1.4962371635919816,
                        0.6025219189882738
                    ],
                    [
                        0.4718600358842117,
                        0.8679986289222397,
                        -0.7173123522268007,
                        -1.4962371635919816,
                        3.305031617106922,
                        -1.8186003986148305
                    ],
                    [
                        -0.11998270115033122,
                        -0.04383527046263626,
                        0.9350688107019155,
                        0.6025219189882738,
                        -1.8186003986148305,
                        2.6570413034265457
                    ]
                ],
                "mui": [
                    0.0,
                    0.0,
                    0.0,
                    0.0,
                    0.0,
                    0.0
                ],
                "Ai": [
                    [
                        0.0,
                        0.0,
                        0.0,
                        0.0,
                        0.0,
                        0.0
                    ],
                    [
                        0.6849394477559066,
                        0.0,
                        0.0,
                        0.0,
                        0.0,
                        0.0
                    ],
                    [
                        0.0,
                        0.508012728327762,
                        0.0,
                        0.0,
                        0.0,
                        0.0
                    ],
                    [
                        0.8598838473861048,
                        -0.6281429744947257,
                        0.9625246492576871,
                        0.0,
                        0.0,
                        0.0
                    ],
