{
    "expt_args": {
        "save_dir": "expt_logs_30.04.24-hard",
        "exp_name": "573",
        "num_nodes": 6,
        "obs_noise_mean": 0.0,
        "obs_noise_var": 1.0,
        "max_edge_strength": 1.0,
        "graph_sparsity_method": "adj_dense_prop",
        "adj_dense_prop": 0.8,
        "num_parents": null,
        "new_noise_mean": 1.0,
        "mix_samples": 32768,
        "stage2_samples": 32768,
        "gmm_tol": 0.001,
        "intv_type": "hard",
        "new_noise_sigma": 8.0,
        "intv_targets": [
            0,
            1,
            2,
            3,
            4,
            5
        ]
    },
    "intv_args_dict": {
        "0": {
            "intv_type": "hard",
            "inode": 0,
            "new_mui": 1.0,
            "new_sigmai": 8.0,
            "true_params": {
                "Si": [
                    [
                        8.0,
                        0.0,
                        0.0,
                        0.0,
                        -5.186152927458213,
                        0.8138596546411101
                    ],
                    [
                        0.0,
                        1.0,
                        0.8371878623222648,
                        0.30285393511720127,
                        0.3226716677967419,
                        -0.6989207479953303
                    ],
                    [
                        0.0,
                        0.8371878623222648,
                        1.7008835168197236,
                        -0.34732486440962723,
                        -0.8196190842922737,
                        -2.8896874916844943
                    ],
                    [
                        0.0,
                        0.30285393511720127,
                        -0.34732486440962723,
                        1.4527658673268928,
                        1.2556187396216614,
                        2.480079687667132
                    ],
                    [
                        -5.186152927458213,
                        0.3226716677967419,
                        -0.8196190842922737,
                        1.2556187396216614,
                        5.9068114348984295,
                        3.4027874269320266
                    ],
                    [
                        0.8138596546411101,
                        -0.6989207479953303,
                        -2.8896874916844943,
                        2.480079687667132,
                        3.4027874269320266,
                        9.564630058266655
                    ]
                ],
                "mui": [
                    1.0,
                    0.0,
                    0.0,
                    0.0,
                    -0.6482691159322767,
                    0.10173245683013876
                ],
                "Ai": [
                    [
                        0.0,
                        0.0,
                        0.0,
                        0.0,
                        0.0,
                        0.0
                    ],
                    [
                        -0.0,
                        0.0,
                        0.0,
                        0.0,
                        0.0,
                        0.0
                    ],
                    [
                        -0.0,
                        0.8371878623222648,
                        0.0,
                        0.0,
                        0.0,
                        0.0
                    ],
                    [
                        -0.0,
                        0.8058954270113039,
                        -0.6008705029462829,
                        0.0,
                        0.0,
                        0.0
                    ],
                    [
                        -0.6482691159322767,
                        0.8295607657677295,
                        -0.787461431086143,
                        0.5030941867150862,
                        0.0,
                        0.0
                    ],
                    [
                        0.7415440046865192,
                        -0.6416218543581398,
                        -0.7420286157108921,
                        0.8104781192640093,
                        0.9869536156080281,
                        0.0
                    ]
                ]
            },
            "est_params": {
                "mui": [
                    1.0232882047492027,
                    -0.012502179453839753,
                    -0.027408931667672047,
                    -0.0024103368379955305,
                    -0.6421335142831247,
                    0.1554986088967357
                ],
                "Si": [
                    [
                        64.07409637074035,
                        -0.22305493518133157,
                        -0.20680798054425242,
                        -0.13129542240014982,
                        -41.63197558109438,
                        6.527531670533257
                    ],
                    [
                        -0.22305493518133157,
                        0.9808936535956615,
                        0.8290755210012091,
                        0.26804340142556615,
                        0.45527553742213894,
                        -0.7419512687460186
                    ],
                    [
                        -0.20680798054425237,
                        0.8290755210012091,
                        1.706587873062132,
                        -0.41163900442197615,
                        -0.6755225554315422,
                        -2.9133699157785458
                    ],
                    [
                        -0.13129542240014994,
                        0.26804340142556615,
                        -0.41163900442197615,
                        1.4884898823705637,
                        1.3389078852484473,
                        2.5614156987003214
                    ],
                    [
                        -41.63197558109438,
                        0.45527553742213894,
                        -0.6755225554315422,
                        1.3389078852484473,
                        29.489041727515122,
                        -0.43428378266602036
                    ],
                    [
                        6.527531670533257,
                        -0.7419512687460187,
                        -2.9133699157785458,
                        2.5614156987003214,
                        -0.43428378266602036,
                        10.04163842340176
                    ]
                ]
            },
            "est_tgt": [
                0
            ]
        },
        "1": {
            "intv_type": "hard",
            "inode": 1,
            "new_mui": 1.0,
            "new_sigmai": 8.0,
            "true_params": {
                "Si": [
                    [
                        1.0,
                        0.0,
                        0.0,
                        0.0,
                        -0.6482691159322767,
                        0.10173245683013876
                    ],
                    [
                        0.0,
                        8.0,
                        6.697502898578119,
                        2.42283148093761,
                        2.581373342373935,
                        -5.591365983962643
                    ],
                    [
                        0.0,
                        6.697502898578119,
                        6.607068134557788,
                        1.4274946053469622,
                        1.0713385422707267,
                        -6.985583260312717
                    ],
                    [
                        0.0,
                        2.42283148093761,
                        1.4274946053469622,
                        2.0948094094387106,
                        1.9396754300231767,
                        0.998383395609027
                    ],
                    [
                        -0.6482691159322767,
                        2.581373342373935,
                        1.0713385422707267,
                        1.9396754300231767,
                        3.693860544588237,
                        2.2857840319944773
                    ],
                    [
                        0.10173245683013876,
                        -5.591365983962643,
                        -6.985583260312717,
                        0.998383395609027,
                        2.2857840319944773,
                        12.911615092706244
                    ]
                ],
                "mui": [
                    0.0,
                    1.0,
                    0.8371878623222648,
                    0.30285393511720127,
                    0.3226716677967419,
                    -0.6989207479953303
                ],
                "Ai": [
                    [
                        0.0,
                        0.0,
                        0.0,
                        0.0,
                        0.0,
                        0.0
                    ],
                    [
                        0.0,
                        0.0,
                        0.0,
                        0.0,
                        0.0,
                        0.0
                    ],
                    [
                        -0.0,
                        0.8371878623222648,
                        0.0,
                        0.0,
                        0.0,
                        0.0
                    ],
                    [
                        -0.0,
                        0.8058954270113039,
                        -0.6008705029462829,
                        0.0,
                        0.0,
                        0.0
                    ],
                    [
                        -0.6482691159322767,
                        0.8295607657677295,
                        -0.787461431086143,
                        0.5030941867150862,
                        0.0,
                        0.0
                    ],
                    [
                        0.7415440046865192,
                        -0.6416218543581398,
                        -0.7420286157108921,
                        0.8104781192640093,
                        0.9869536156080281,
                        0.0
                    ]
                ]
            },
            "est_params": {
                "mui": [
                    -0.01594083386114966,
                    1.0516945812367315,
                    0.8524465354992242,
                    0.32266546434624616,
                    0.3664818788069215,
                    -0.7148060470725918
                ],
                "Si": [
                    [
                        0.9348935423776858,
                        -0.10623529495506094,
                        -0.09691502647812278,
                        -0.01905381291786302,
                        -0.6303106698079756,
                        0.18890309920016166
                    ],
                    [
                        -0.10623529495506093,
                        66.32624383467086,
                        55.5935924037343,
                        20.112347033215528,
                        21.40836775054794,
                        -46.37788519707293
                    ],
                    [
                        -0.09691502647812276,
                        55.5935924037343,
                        47.585535434303075,
                        16.267417202653142,
                        16.875364288598195,
                        -41.142566975372425
                    ],
                    [
                        -0.019053812917863025,
                        20.112347033215528,
                        16.267417202653142,
                        7.419407772868668,
                        7.600845025619972,
                        -11.452593953573436
                    ],
                    [
                        -0.6303106698079756,
                        21.40836775054794,
                        16.875364288598195,
                        7.600845025619972,
                        9.677212961158995,
                        -10.992510282594782
                    ],
                    [
                        0.18890309920016168,
                        -46.37788519707293,
                        -41.142566975372425,
                        -11.452593953573436,
                        -10.992510282594782,
                        41.213487811081116
                    ]
                ]
            },
            "est_tgt": [
                1
            ]
        },
        "2": {
            "intv_type": "hard",
            "inode": 2,
            "new_mui": 1.0,
            "new_sigmai": 8.0,
            "true_params": {
                "Si": [
                    [
                        1.0,
                        0.0,
                        0.0,
                        0.0,
                        -0.6482691159322767,
                        0.10173245683013876
                    ],
                    [
                        0.0,
                        1.0,
                        0.0,
                        0.8058954270113039,
                        1.2350020701973885,
                        1.2304285141141598
                    ],
                    [
                        0.0,
                        0.0,
                        8.0,
                        -4.806964023570263,
                        -8.718047104695904,
                        -18.43647619790084
                    ],
                    [
                        0.0,
                        0.8058954270113039,
                        -4.806964023570263,
                        4.537830329765083,
                        6.736794055944667,
                        13.37654018421261
                    ],
                    [
                        -0.6482691159322767,
                        1.2350020701973885,
                        -8.718047104695904,
                        6.736794055944667,
                        12.699129885732043,
                        23.18939236217085
                    ],
                    [
                        0.10173245683013876,
                        1.2304285141141598,
                        -18.43647619790084,
                        13.37654018421261,
                        23.18939236217085,
                        47.69460994663632
                    ]
                ],
                "mui": [
                    0.0,
                    0.0,
                    1.0,
                    -0.6008705029462829,
                    -1.089755888086988,
                    -2.304559524737605
                ],
                "Ai": [
                    [
                        0.0,
                        0.0,
                        0.0,
                        0.0,
                        0.0,
                        0.0
                    ],
                    [
                        -0.0,
                        0.0,
                        0.0,
                        0.0,
                        0.0,
                        0.0
                    ],
                    [
                        0.0,
                        0.0,
                        0.0,
                        0.0,
                        0.0,
                        0.0
                    ],
                    [
                        -0.0,
                        0.8058954270113039,
                        -0.6008705029462829,
                        0.0,
                        0.0,
                        0.0
                    ],
                    [
                        -0.6482691159322767,
                        0.8295607657677295,
                        -0.787461431086143,
                        0.5030941867150862,
                        0.0,
                        0.0
                    ],
                    [
                        0.7415440046865192,
                        -0.6416218543581398,
                        -0.7420286157108921,
                        0.8104781192640093,
                        0.9869536156080281,
                        0.0
                    ]
                ]
            },
            "est_params": {
                "mui": [
                    -0.02925987971963828,
                    0.012295401472983056,
                    1.114476291344344,
                    -0.6586784957452936,
                    -1.1617198276779732,
                    -2.5146502073141717
                ],
                "Si": [
                    [
                        1.0009090586958191,
                        0.024442165934299518,
                        0.16266602139017092,
                        -0.06953777470180399,
                        -0.7919770334304573,
                        -0.22446380114550024
                    ],
                    [
                        0.02444216593429953,
                        1.0268182344171994,
                        -0.028044469253658142,
                        0.8538918429823655,
                        1.2616483120524815,
                        1.3054132995953234
                    ],
                    [
                        0.16266602139017092,
                        -0.028044469253658142,
                        67.67890646142827,
                        -40.723797018377866,
                        -73.71291974825058,
                        -155.71973450241467
                    ],
                    [
                        -0.06953777470180394,
                        0.8538918429823654,
                        -40.723797018377866,
                        26.213015298124095,
                        45.85595013908437,
                        96.03888857215908
                    ],
                    [
                        -0.7919770334304576,
                        1.2616483120524817,
                        -73.71291974825058,
                        45.85595013908437,
                        83.39809425271704,
                        172.5991333143805
                    ],
                    [
                        -0.22446380114550024,
                        1.3054132995953234,
                        -155.71973450241467,
                        96.03888857215908,
                        172.5991333143805,
                        363.40781535084375
                    ]
                ]
            },
            "est_tgt": [
                2,
                3,
                5
            ]
        },
        "3": {
            "intv_type": "hard",
            "inode": 3,
            "new_mui": 1.0,
            "new_sigmai": 8.0,
            "true_params": {
                "Si": [
                    [
                        1.0,
                        0.0,
                        0.0,
                        0.0,
                        -0.6482691159322767,
                        0.10173245683013876
                    ],
                    [
                        0.0,
                        1.0,
                        0.8371878623222648,
                        0.0,
                        0.17030761361549002,
                        -1.094753489903708
                    ],
                    [
                        0.0,
                        0.8371878623222648,
                        1.7008835168197236,
                        0.0,
                        -0.6448819641061847,
                        -2.435730856255557
                    ],
                    [
                        0.0,
                        0.0,
                        0.0,
                        8.0,
                        4.02475349372069,
                        10.456069966670752
                    ],
                    [
                        -0.6482691159322767,
                        0.17030761361549002,
                        -0.6448819641061847,
                        4.02475349372069,
                        4.094183121027367,
                        7.19127118427166
                    ],
                    [
                        0.10173245683013876,
                        -1.094753489903708,
                        -2.435730856255557,
                        10.456069966670752,
                        7.19127118427166,
                        19.157105870828044
                    ]
                ],
                "mui": [
                    0.0,
                    0.0,
                    0.0,
                    1.0,
                    0.5030941867150862,
                    1.307008745833844
                ],
                "Ai": [
                    [
                        0.0,
                        0.0,
                        0.0,
                        0.0,
                        0.0,
                        0.0
                    ],
                    [
                        -0.0,
                        0.0,
                        0.0,
                        0.0,
                        0.0,
                        0.0
                    ],
                    [
                        -0.0,
                        0.8371878623222648,
                        0.0,
                        0.0,
                        0.0,
                        0.0
                    ],
                    [
                        0.0,
                        0.0,
                        0.0,
                        0.0,
                        0.0,
                        0.0
                    ],
                    [
                        -0.6482691159322767,
                        0.8295607657677295,
                        -0.787461431086143,
                        0.5030941867150862,
                        0.0,
                        0.0
                    ],
                    [
                        0.7415440046865192,
                        -0.6416218543581398,
                        -0.7420286157108921,
                        0.8104781192640093,
                        0.9869536156080281,
                        0.0
                    ]
                ]
            },
            "est_params": {
                "mui": [
                    0.007146893452950739,
                    -0.004605489667148885,
                    -0.011894202731682174,
                    0.9292828334179919,
                    0.46965557749716313,
                    1.2477619102911304
                ],
                "Si": [
                    [
                        0.9983933989441486,
                        -0.0025482454562082723,
                        -0.01324812241252832,
                        0.13162934157683126,
                        -0.5864691840917086,
                        0.2778556902771632
                    ],
                    [
                        -0.0025482454562082758,
                        0.9890336547192737,
                        0.8388134548590196,
                        0.2691993302948522,
                        0.3038300609687416,
                        -0.741604724649597
                    ],
                    [
                        -0.01324812241252832,
                        0.8388134548590196,
                        1.694616901386322,
                        0.35227081343370564,
                        -0.44223772349540263,
                        -2.005981764167087
                    ],
                    [
                        0.13162934157683126,
                        0.26919933029485227,
                        0.35227081343370575,
                        66.74222943149914,
                        33.44713875325989,
                        86.56955057738122
                    ],
                    [
                        -0.5864691840917086,
                        0.3038300609687416,
                        -0.44223772349540263,
                        33.44713875325989,
                        18.788554115972957,
                        45.30501566602225
                    ],
                    [
                        0.2778556902771633,
                        -0.741604724649597,
                        -2.005981764167087,
                        86.56955057738122,
                        45.30501566602225,
                        117.9073176645399
                    ]
                ]
            },
            "est_tgt": [
                2,
                3,
                4,
                5
            ]
        },
        "4": {
            "intv_type": "hard",
            "inode": 4,
            "new_mui": 1.0,
            "new_sigmai": 8.0,
            "true_params": {
                "Si": [
                    [
                        1.0,
                        0.0,
                        0.0,
                        0.0,
                        0.0,
                        0.7415440046865192
                    ],
                    [
                        0.0,
                        1.0,
                        0.8371878623222648,
                        0.30285393511720127,
                        0.0,
                        -1.0173827171815972
                    ],
                    [
                        0.0,
                        0.8371878623222648,
                        1.7008835168197236,
                        -0.34732486440962723,
                        0.0,
                        -2.0807614730208934
                    ],
                    [
                        0.0,
                        0.30285393511720127,
                        -0.34732486440962723,
                        1.4527658673268928,
                        0.0,
                        1.240842232772338
                    ],
                    [
                        0.0,
                        0.0,
                        0.0,
                        0.0,
                        8.0,
                        7.895628924864225
                    ],
                    [
                        0.7415440046865192,
                        -1.0173827171815972,
                        -2.0807614730208934,
                        1.240842232772338,
                        7.895628924864225,
                        12.544942045941502
                    ]
                ],
                "mui": [
                    0.0,
                    0.0,
                    0.0,
                    0.0,
                    1.0,
                    0.9869536156080281
                ],
                "Ai": [
                    [
                        0.0,
                        0.0,
                        0.0,
                        0.0,
                        0.0,
                        0.0
                    ],
                    [
                        -0.0,
                        0.0,
                        0.0,
                        0.0,
                        0.0,
                        0.0
                    ],
                    [
                        -0.0,
                        0.8371878623222648,
                        0.0,
                        0.0,
                        0.0,
                        0.0
                    ],
                    [
                        -0.0,
                        0.8058954270113039,
                        -0.6008705029462829,
                        0.0,
                        0.0,
                        0.0
                    ],
                    [
                        0.0,
                        0.0,
                        0.0,
                        0.0,
                        0.0,
                        0.0
                    ],
                    [
                        0.7415440046865192,
                        -0.6416218543581398,
                        -0.7420286157108921,
                        0.8104781192640093,
                        0.9869536156080281,
                        0.0
                    ]
                ]
            },
            "est_params": {
                "mui": [
                    -0.007374438351525761,
                    -0.02131311398366801,
                    -0.03990256939452577,
                    0.010950842487032387,
                    1.0073988484422607,
                    1.022074146241695
                ],
                "Si": [
                    [
                        0.9844817993894351,
                        0.0009790857464662848,
                        0.0011210296080291272,
                        -0.0026986047538875477,
                        -0.03641011792069463,
                        0.6879431742856165
                    ],
                    [
                        0.000979085746466279,
                        1.0227727148169912,
                        0.8821297445453642,
                        0.3034561629415859,
                        0.1529007248557382,
                        -0.9074707909083668
                    ],
                    [
                        0.0011210296080291268,
                        0.8821297445453642,
                        1.7572633656439283,
                        -0.33105403559619945,
                        0.13437909804973738,
                        -2.0034433892731274
                    ],
                    [
                        -0.002698604753887545,
                        0.3034561629415859,
                        -0.3310540355961994,
                        1.444216735614086,
                        -0.026912411747160053,
                        1.1883408977562353
                    ],
                    [
                        -0.03641011792069468,
                        0.15290072485573822,
                        0.13437909804973738,
                        -0.026912411747160053,
                        64.13481541969931,
                        63.17574710140472
                    ],
                    [
                        0.6879431742856165,
                        -0.9074707909083668,
                        -2.003443389273128,
                        1.188340897756235,
                        63.17574710140472,
                        67.03278430410549
                    ]
                ]
            },
            "est_tgt": [
                2,
                4,
                5
            ]
        },
        "5": {
            "intv_type": "hard",
            "inode": 5,
            "new_mui": 1.0,
            "new_sigmai": 8.0,
            "true_params": {
                "Si": [
                    [
                        1.0,
                        0.0,
                        0.0,
                        0.0,
                        -0.6482691159322767,
                        0.0
                    ],
                    [
                        0.0,
                        1.0,
                        0.8371878623222648,
                        0.30285393511720127,
                        0.3226716677967419,
                        0.0
                    ],
                    [
                        0.0,
                        0.8371878623222648,
                        1.7008835168197236,
                        -0.34732486440962723,
                        -0.8196190842922737,
                        0.0
                    ],
                    [
                        0.0,
                        0.30285393511720127,
                        -0.34732486440962723,
                        1.4527658673268928,
                        1.2556187396216614,
                        0.0
                    ],
                    [
                        -0.6482691159322767,
                        0.3226716677967419,
                        -0.8196190842922737,
                        1.2556187396216614,
                        2.96504150819712,
                        0.0
                    ],
                    [
                        0.0,
                        0.0,
                        0.0,
                        0.0,
                        0.0,
                        8.0
                    ]
                ],
                "mui": [
                    0.0,
                    0.0,
                    0.0,
                    0.0,
                    0.0,
                    1.0
                ],
                "Ai": [
                    [
                        0.0,
                        0.0,
                        0.0,
                        0.0,
                        0.0,
                        0.0
                    ],
                    [
                        -0.0,
                        0.0,
                        0.0,
                        0.0,
                        0.0,
                        0.0
                    ],
                    [
                        -0.0,
                        0.8371878623222648,
                        0.0,
                        0.0,
                        0.0,
                        0.0
                    ],
                    [
                        -0.0,
                        0.8058954270113039,
                        -0.6008705029462829,
                        0.0,
                        0.0,
                        0.0
                    ],
                    [
                        -0.6482691159322767,
                        0.8295607657677295,
                        -0.787461431086143,
                        0.5030941867150862,
                        0.0,
                        0.0
                    ],
                    [
                        0.0,
                        0.0,
                        0.0,
                        0.0,
                        0.0,
                        0.0
                    ]
                ]
            },
            "est_params": {
                "mui": [
                    -0.03460962166307157,
                    0.00832956346011354,
                    0.020394355480040306,
                    0.023305408976435873,
                    0.023960357412403585,
                    0.9437909179528802
                ],
                "Si": [
                    [
                        0.9757060215220388,
                        -0.03339096279350069,
                        -0.03798792372935853,
                        -0.010773644750225773,
                        -0.6250956895561877,
                        0.38743657956333094
                    ],
                    [
                        -0.03339096279350069,
                        0.9826998274339426,
                        0.8168764962460325,
                        0.3052990723428665,
                        0.3400949202796726,
                        0.027691141693039167
                    ],
                    [
                        -0.03798792372935853,
                        0.8168764962460325,
                        1.6673055726818193,
                        -0.3305400046542301,
                        -0.7836632051292572,
                        0.03506746393939473
                    ],
                    [
                        -0.010773644750225771,
                        0.3052990723428665,
                        -0.3305400046542301,
                        1.4660506483138926,
                        1.2421862497618,
                        0.02934952569418479
                    ],
                    [
                        -0.6250956895561877,
                        0.3400949202796726,
                        -0.7836632051292572,
                        1.2421862497618,
                        2.924499286440122,
                        -0.36734812050702725
                    ],
                    [
                        0.387436579563331,
                        0.027691141693039167,
                        0.03506746393939473,
                        0.02934952569418479,
                        -0.3673481205070272,
                        62.48723832592476
                    ]
                ]
            },
            "est_tgt": [
                2,
                4,
                5
            ]
        },
        "obs": {
            "intv_type": "obs",
            "true_params": {
                "Si": [
                    [
                        1.0,
                        0.0,
                        0.0,
                        0.0,
                        -0.6482691159322767,
                        0.10173245683013876
                    ],
                    [
                        0.0,
                        1.0,
                        0.8371878623222648,
                        0.30285393511720127,
                        0.3226716677967419,
                        -0.6989207479953303
                    ],
                    [
                        0.0,
                        0.8371878623222648,
                        1.7008835168197236,
                        -0.34732486440962723,
                        -0.8196190842922737,
                        -2.8896874916844943
                    ],
                    [
                        0.0,
                        0.30285393511720127,
                        -0.34732486440962723,
                        1.4527658673268928,
                        1.2556187396216614,
                        2.480079687667132
                    ],
                    [
                        -0.6482691159322767,
                        0.3226716677967419,
                        -0.8196190842922737,
                        1.2556187396216614,
                        2.96504150819712,
                        3.864437495888274
                    ],
                    [
                        0.10173245683013876,
                        -0.6989207479953303,
                        -2.8896874916844943,
                        2.480079687667132,
                        3.864437495888274,
                        9.492183608857783
                    ]
                ],
                "mui": [
                    0.0,
                    0.0,
                    0.0,
                    0.0,
                    0.0,
                    0.0
                ],
                "Ai": [
                    [
                        0.0,
                        0.0,
                        0.0,
                        0.0,
                        0.0,
                        0.0
                    ],
                    [
                        -0.0,
                        0.0,
                        0.0,
                        0.0,
                        0.0,
                        0.0
                    ],
                    [
                        -0.0,
                        0.8371878623222648,
                        0.0,
                        0.0,
                        0.0,
                        0.0
                    ],
                    [
                        -0.0,
                        0.8058954270113039,
                        -0.6008705029462829,
                        0.0,
                        0.0,
                        0.0
                    ],
                    [
                        -0.6482691159322767,
                        0.8295607657677295,
                        -0.787461431086143,
                        0.5030941867150862,
                        0.0,
                        0.0
                    ],
                    [
                        0.7415440046865192,
                        -0.6416218543581398,
                        -0.7420286157108921,
                        0.8104781192640093,
                        0.9869536156080281,
                        0.0
                    ]
                ]
            },
            "est_params": {
                "mui": [
