{
    "expt_args": {
        "save_dir": "expt_logs_30.04.24-hard",
        "exp_name": "571",
        "num_nodes": 6,
        "obs_noise_mean": 0.0,
        "obs_noise_var": 1.0,
        "max_edge_strength": 1.0,
        "graph_sparsity_method": "adj_dense_prop",
        "adj_dense_prop": 0.8,
        "num_parents": null,
        "new_noise_mean": 1.0,
        "mix_samples": 8192,
        "stage2_samples": 8192,
        "gmm_tol": 0.001,
        "intv_type": "hard",
        "new_noise_sigma": 8.0,
        "intv_targets": [
            0,
            1,
            2,
            3,
            4,
            5
        ]
    },
    "intv_args_dict": {
        "0": {
            "intv_type": "hard",
            "inode": 0,
            "new_mui": 1.0,
            "new_sigmai": 8.0,
            "true_params": {
                "Si": [
                    [
                        8.0,
                        4.56025700410796,
                        -7.314530147877812,
                        -12.608480783677194,
                        -0.16720349235241352,
                        -14.510451738005026
                    ],
                    [
                        4.56025700410796,
                        3.5994929929394637,
                        -4.736866944860678,
                        -7.720808452534581,
                        0.6450528783814717,
                        -8.85998782100622
                    ],
                    [
                        -7.314530147877812,
                        -4.736866944860678,
                        8.009679680593816,
                        12.771318814465669,
                        -0.39463440739387645,
                        14.43692946900445
                    ],
                    [
                        -12.608480783677194,
                        -7.720808452534581,
                        12.771318814465669,
                        22.040883332001485,
                        0.4722421662598079,
                        24.03253710560544
                    ],
                    [
                        -0.16720349235241352,
                        0.6450528783814717,
                        -0.39463440739387645,
                        0.4722421662598079,
                        2.0915238638741913,
                        -1.1544727177881302
                    ],
                    [
                        -14.510451738005026,
                        -8.85998782100622,
                        14.43692946900445,
                        24.03253710560544,
                        -1.1544727177881302,
                        29.291882036660603
                    ]
                ],
                "mui": [
                    1.0,
                    0.570032125513495,
                    -0.9143162684847265,
                    -1.5760600979596493,
                    -0.02090043654405169,
                    -1.8138064672506282
                ],
                "Ai": [
                    [
                        0.0,
                        0.0,
                        0.0,
                        0.0,
                        0.0,
                        0.0
                    ],
                    [
                        0.570032125513495,
                        0.0,
                        0.0,
                        0.0,
                        0.0,
                        0.0
                    ],
                    [
                        -0.5909086688877823,
                        -0.5673497775333503,
                        0.0,
                        0.0,
                        0.0,
                        0.0
                    ],
                    [
                        -0.7161828967286532,
                        -0.0,
                        0.9404592599626924,
                        0.0,
                        0.0,
                        0.0
                    ],
                    [
                        -0.0,
                        0.6680465509655529,
                        -0.80801170785436,
                        0.72363146749717,
                        0.0,
                        0.0
                    ],
                    [
                        -0.9392262896624803,
                        0.5277104964107175,
                        0.0,
                        0.7585238129079299,
                        -0.9610804693543518,
                        0.0
                    ]
                ]
            },
            "est_params": {
                "mui": [
                    0.9049567374799526,
                    0.5232371925652928,
                    -0.8693649620484275,
                    -1.5031704062158655,
                    -0.08500568742227205,
                    -1.6295791101658792
                ],
                "Si": [
                    [
                        63.5745187420396,
                        36.552100320383715,
                        -58.86773251730874,
                        -100.87724821777799,
                        -0.8748874432792294,
                        -116.21438224193943
                    ],
                    [
                        36.552100320383715,
                        21.970695296382917,
                        -34.41588822067249,
                        -58.499998983522936,
                        0.20296493526978435,
                        -67.32353488640513
                    ],
                    [
                        -58.86773251730874,
                        -34.41588822067249,
                        55.87559447507254,
                        94.63254357603454,
                        0.2388153889278792,
                        108.75495811234948
                    ],
                    [
                        -100.87724821777799,
                        -58.499998983522936,
                        94.63254357603454,
                        162.1825518216825,
                        1.627769058628646,
                        185.47987453845016
                    ],
                    [
                        -0.8748874432792294,
                        0.20296493526978432,
                        0.23881538892787912,
                        1.627769058628646,
                        2.0171324146307046,
                        0.22573402054115488
                    ],
                    [
                        -116.21438224193943,
                        -67.32353488640513,
                        108.75495811234948,
                        185.47987453845016,
                        0.22573402054115488,
                        215.2447503200574
                    ]
                ]
            },
            "est_tgt": [
                0
            ]
        },
        "1": {
            "intv_type": "hard",
            "inode": 1,
            "new_mui": 1.0,
            "new_sigmai": 8.0,
            "true_params": {
                "Si": [
                    [
                        1.0,
                        0.0,
                        -0.5909086688877823,
                        -1.2719084261763967,
                        -0.4429318382220783,
                        -1.4783059797850642
                    ],
                    [
                        0.0,
                        8.0,
                        -4.538798220266802,
                        -4.268554815352102,
                        5.922913924163179,
                        -4.7085133970418145
                    ],
                    [
                        -0.5909086688877823,
                        -4.538798220266802,
                        3.924259215503867,
                        4.113804599900668,
                        -3.22609742773759,
                        4.380783475391536
                    ],
                    [
                        -1.2719084261763967,
                        -4.268554815352102,
                        4.113804599900668,
                        5.779784690686296,
                        -1.993161525009234,
                        5.241741586663445
                    ],
                    [
                        -0.4429318382220783,
                        5.922913924163179,
                        -3.22609742773759,
                        -1.993161525009234,
                        6.121192311692539,
                        -3.8532217855162965
                    ],
                    [
                        -1.4783059797850642,
                        -4.7085133970418145,
                        4.380783475391536,
                        5.241741586663445,
                        -3.8532217855162965,
                        7.582973915014368
                    ]
                ],
                "mui": [
                    0.0,
                    1.0,
                    -0.5673497775333503,
                    -0.5335693519190128,
                    0.7403642405203974,
                    -0.5885641746302268
                ],
                "Ai": [
                    [
                        0.0,
                        0.0,
                        0.0,
                        0.0,
                        0.0,
                        0.0
                    ],
                    [
                        0.0,
                        0.0,
                        0.0,
                        0.0,
                        0.0,
                        0.0
                    ],
                    [
                        -0.5909086688877823,
                        -0.5673497775333503,
                        0.0,
                        0.0,
                        0.0,
                        0.0
                    ],
                    [
                        -0.7161828967286532,
                        -0.0,
                        0.9404592599626924,
                        0.0,
                        0.0,
                        0.0
                    ],
                    [
                        -0.0,
                        0.6680465509655529,
                        -0.80801170785436,
                        0.72363146749717,
                        0.0,
                        0.0
                    ],
                    [
                        -0.9392262896624803,
                        0.5277104964107175,
                        0.0,
                        0.7585238129079299,
                        -0.9610804693543518,
                        0.0
                    ]
                ]
            },
            "est_params": {
                "mui": [
                    -0.006306119850441032,
                    0.9260829512720286,
                    -0.46656723587136717,
                    -0.4115367740026513,
                    0.6436950854342199,
                    -0.4265375127007353
                ],
                "Si": [
                    [
                        1.0367600234363157,
                        -0.07264450700168582,
                        -0.5243677919985691,
                        -1.221901487846145,
                        -0.512792751260766,
                        -1.410316537913616
                    ],
                    [
                        -0.07264450700168582,
                        62.5360279619523,
                        -35.6703609111252,
                        -33.725677616737656,
                        46.024612727830764,
                        -36.5346068242286
                    ],
                    [
                        -0.5243677919985691,
                        -35.6703609111252,
                        21.564634916467526,
                        20.801112338675345,
                        -26.07927459595412,
                        22.346955821212074
                    ],
                    [
                        -1.221901487846145,
                        -33.725677616737656,
                        20.801112338675345,
                        21.552745702571833,
                        -23.634528764052412,
                        22.25238432696204
                    ],
                    [
                        -0.512792751260766,
                        46.024612727830764,
                        -26.07927459595412,
                        -23.634528764052412,
                        35.536756724131266,
                        -27.160351112674807
                    ],
                    [
                        -1.410316537913616,
                        -36.5346068242286,
                        22.346955821212074,
                        22.25238432696204,
                        -27.160351112674807,
                        25.803499748924335
                    ]
                ]
            },
            "est_tgt": [
                1,
                4
            ]
        },
        "2": {
            "intv_type": "hard",
            "inode": 2,
            "new_mui": 1.0,
            "new_sigmai": 8.0,
            "true_params": {
                "Si": [
                    [
                        1.0,
                        0.570032125513495,
                        0.0,
                        -0.7161828967286532,
                        -0.13744448516727595,
                        -1.0495609249890288
                    ],
                    [
                        0.570032125513495,
                        1.324936624117433,
                        0.0,
                        -0.4082472588786461,
                        0.5896987789455426,
                        -0.7126194412692178
                    ],
                    [
                        0.0,
                        0.0,
                        8.0,
                        7.523674079701539,
                        -1.0197263475700356,
                        6.686925026747381
                    ],
                    [
                        -0.7161828967286532,
                        -0.4082472588786461,
                        7.523674079701539,
                        8.588626898763245,
                        -0.13694422917652682,
                        7.103513888118868
                    ],
                    [
                        -0.13744448516727595,
                        0.5896987789455426,
                        -1.0197263475700356,
                        -0.13694422917652682,
                        2.118799909503042,
                        -1.6999309611554816
                    ],
                    [
                        -1.0495609249890288,
                        -0.7126194412692178,
                        6.686925026747381,
                        7.103513888118868,
                        -1.6999309611554816,
                        8.631673339725722
                    ]
                ],
                "mui": [
                    0.0,
                    0.0,
                    1.0,
                    0.9404592599626924,
                    -0.12746579344625444,
                    0.8358656283434226
                ],
                "Ai": [
                    [
                        0.0,
                        0.0,
                        0.0,
                        0.0,
                        0.0,
                        0.0
                    ],
                    [
                        0.570032125513495,
                        0.0,
                        0.0,
                        0.0,
                        0.0,
                        0.0
                    ],
                    [
                        0.0,
                        0.0,
                        0.0,
                        0.0,
                        0.0,
                        0.0
                    ],
                    [
                        -0.7161828967286532,
                        -0.0,
                        0.9404592599626924,
                        0.0,
                        0.0,
                        0.0
                    ],
                    [
                        -0.0,
                        0.6680465509655529,
                        -0.80801170785436,
                        0.72363146749717,
                        0.0,
                        0.0
                    ],
                    [
                        -0.9392262896624803,
                        0.5277104964107175,
                        0.0,
                        0.7585238129079299,
                        -0.9610804693543518,
                        0.0
                    ]
                ]
            },
            "est_params": {
                "mui": [
                    -0.01188722964466068,
                    -0.06703363276461052,
                    1.3683829458391148,
                    1.3564882312185058,
                    -0.22019733693877697,
                    1.2364132792982094
                ],
                "Si": [
                    [
                        1.0584325400832857,
                        0.5911452360054181,
                        0.23811918286481715,
                        -0.49453252859075747,
                        -0.11356094389869416,
                        -1.0054822536316268
                    ],
                    [
                        0.5911452360054181,
                        1.373618502857314,
                        0.03610195506599687,
                        -0.3428622879759712,
                        0.6116608491750198,
                        -0.6623461800868903
                    ],
                    [
                        0.23811918286481715,
                        0.03610195506599693,
                        64.16587855044969,
                        59.850623798424145,
                        -7.988998080515402,
                        53.05963629975364
                    ],
                    [
                        -0.49453252859075747,
                        -0.3428622879759712,
                        59.850623798424145,
                        57.260228117611575,
                        -6.692709292686767,
                        50.35962761224282
                    ],
                    [
                        -0.11356094389869421,
                        0.6116608491750198,
                        -7.9889980805154,
                        -6.692709292686767,
                        2.8741197475997553,
                        -7.3577419971039655
                    ],
                    [
                        -1.0054822536316268,
                        -0.6623461800868903,
                        53.05963629975364,
                        50.35962761224282,
                        -7.3577419971039655,
                        47.14514486262903
                    ]
                ]
            },
            "est_tgt": [
                1,
                2,
                3,
                4,
                5
            ]
        },
        "3": {
            "intv_type": "hard",
            "inode": 3,
            "new_mui": 1.0,
            "new_sigmai": 8.0,
            "true_params": {
                "Si": [
                    [
                        1.0,
                        0.570032125513495,
                        -0.9143162684847265,
                        0.0,
                        1.1195862450062228,
                        -1.7144268275709542
                    ],
                    [
                        0.570032125513495,
                        1.324936624117433,
                        -1.0885394234492662,
                        0.0,
                        1.7646719405976363,
                        -1.5321979315347374
                    ],
                    [
                        -0.9143162684847265,
                        -1.0885394234492662,
                        2.1578600088829765,
                        0.0,
                        -2.470771158513472,
                        2.6589261016072285
                    ],
                    [
                        0.0,
                        0.0,
                        0.0,
                        8.0,
                        5.78905173997736,
                        0.5044459398893713
                    ],
                    [
                        1.1195862450062228,
                        1.7646719405976363,
                        -2.470771158513472,
                        5.78905173997736,
                        8.364435033026568,
                        -3.7680704775757445
                    ],
                    [
                        -1.7144268275709542,
                        -1.5321979315347374,
                        2.6589261016072285,
                        0.5044459398893713,
                        -3.7680704775757445,
                        5.805731017987197
                    ]
                ],
                "mui": [
                    0.0,
                    0.0,
                    0.0,
                    1.0,
                    0.72363146749717,
                    0.0630557424861714
                ],
                "Ai": [
                    [
                        0.0,
                        0.0,
                        0.0,
                        0.0,
                        0.0,
                        0.0
                    ],
                    [
                        0.570032125513495,
                        0.0,
                        0.0,
                        0.0,
                        0.0,
                        0.0
                    ],
                    [
                        -0.5909086688877823,
                        -0.5673497775333503,
                        0.0,
                        0.0,
                        0.0,
                        0.0
                    ],
                    [
                        0.0,
                        0.0,
                        0.0,
                        0.0,
                        0.0,
                        0.0
                    ],
                    [
                        -0.0,
                        0.6680465509655529,
                        -0.80801170785436,
                        0.72363146749717,
                        0.0,
                        0.0
                    ],
                    [
                        -0.9392262896624803,
                        0.5277104964107175,
                        0.0,
                        0.7585238129079299,
                        -0.9610804693543518,
                        0.0
                    ]
                ]
            },
            "est_params": {
                "mui": [
                    0.007428445295636603,
                    -0.02073782823772701,
                    -0.011791353670281064,
                    1.2015283749257808,
                    0.8275942645124066,
                    0.0936254281083265
                ],
                "Si": [
                    [
                        0.9890813428612918,
                        0.5479833572962687,
                        -0.8686148802109191,
                        -0.11866977409059268,
                        0.992233445525362,
                        -1.6785354324006359
                    ],
                    [
                        0.5479833572962687,
                        1.3509455820423943,
                        -1.1097390037614805,
                        -0.3484553772988649,
                        1.5036615873335142,
                        -1.5278098310906283
                    ],
                    [
                        -0.8686148802109191,
                        -1.1097390037614803,
                        2.1274078280714233,
                        0.059863618732683026,
                        -2.329093610997934,
                        2.4798761451981375
                    ],
                    [
                        -0.11866977409059272,
                        -0.3484553772988647,
                        0.05986361873268298,
                        69.72000229820344,
                        50.454712990124804,
                        4.509922584706745
                    ],
                    [
                        0.9922334455253617,
                        1.5036615873335142,
                        -2.329093610997934,
                        50.454712990124804,
                        40.51009438327903,
                        -0.614990141232446
                    ],
                    [
                        -1.6785354324006359,
                        -1.5278098310906283,
                        2.4798761451981375,
                        4.509922584706744,
                        -0.614990141232446,
                        5.803657273321408
                    ]
                ]
            },
            "est_tgt": [
                1,
                2,
                3,
                4,
                5
            ]
        },
        "4": {
            "intv_type": "hard",
            "inode": 4,
            "new_mui": 1.0,
            "new_sigmai": 8.0,
            "true_params": {
                "Si": [
                    [
                        1.0,
                        0.570032125513495,
                        -0.9143162684847265,
                        -1.5760600979596493,
                        0.0,
                        -1.8338934686140962
                    ],
                    [
                        0.570032125513495,
                        1.324936624117433,
                        -1.0885394234492662,
                        -1.431974239495959,
                        0.0,
                        -0.9223927547371142
                    ],
                    [
                        -0.9143162684847265,
                        -1.0885394234492662,
                        2.1578600088829765,
                        2.6841971007466974,
                        0.0,
                        2.320343616370701
                    ],
                    [
                        -1.5760600979596493,
                        -1.431974239495959,
                        2.6841971007466974,
                        4.653125305337429,
                        0.0,
                        4.254115589862877
                    ],
                    [
                        0.0,
                        0.0,
                        0.0,
                        0.0,
                        8.0,
                        -7.688643754834814
                    ],
                    [
                        -1.8338934686140962,
                        -0.9223927547371142,
                        2.320343616370701,
                        4.254115589862877,
                        -7.688643754834814,
                        12.851937946043607
                    ]
                ],
                "mui": [
                    0.0,
                    0.0,
                    0.0,
                    0.0,
                    1.0,
                    -0.9610804693543518
                ],
                "Ai": [
                    [
                        0.0,
                        0.0,
                        0.0,
                        0.0,
                        0.0,
                        0.0
                    ],
                    [
                        0.570032125513495,
                        0.0,
                        0.0,
                        0.0,
                        0.0,
                        0.0
                    ],
                    [
                        -0.5909086688877823,
                        -0.5673497775333503,
                        0.0,
                        0.0,
                        0.0,
                        0.0
                    ],
                    [
                        -0.7161828967286532,
                        -0.0,
                        0.9404592599626924,
                        0.0,
                        0.0,
                        0.0
                    ],
                    [
                        0.0,
                        0.0,
                        0.0,
                        0.0,
                        0.0,
                        0.0
                    ],
                    [
                        -0.9392262896624803,
                        0.5277104964107175,
                        0.0,
                        0.7585238129079299,
                        -0.9610804693543518,
                        0.0
                    ]
                ]
            },
            "est_params": {
                "mui": [
                    0.008865636021850299,
                    0.0036509900439340207,
                    -0.00984433383704431,
                    -0.013676356675555616,
                    0.6325620645015464,
                    -0.6165055866954084
                ],
                "Si": [
                    [
                        1.035513584835987,
                        0.5417673865993029,
                        -0.9221603021304666,
                        -1.6215305493546353,
                        0.3085117711821693,
                        -2.1589679711626486
                    ],
                    [
                        0.5417673865993029,
                        1.3810043701933115,
                        -1.0951479753809334,
                        -1.4487391182730183,
                        0.13361928233644652,
                        -0.9593622467364279
                    ],
                    [
                        -0.9221603021304666,
                        -1.0951479753809334,
                        2.099455330547541,
                        2.6710863402420886,
                        -0.2904344617727653,
                        2.593574465770471
                    ],
                    [
                        -1.6215305493546353,
                        -1.4487391182730183,
                        2.6710863402420886,
                        4.693361471523565,
                        -0.2848110517836743,
                        4.651726472055662
                    ],
                    [
                        0.3085117711821693,
                        0.1336192823364465,
                        -0.2904344617727653,
                        -0.28481105178367416,
                        64.84128512042001,
                        -62.36301528733232
                    ],
                    [
                        -2.158967971162648,
                        -0.9593622467364279,
                        2.593574465770471,
                        4.651726472055662,
                        -62.36301528733232,
                        65.71094654299063
                    ]
                ]
            },
            "est_tgt": [
                1,
                2,
                3,
                4,
                5
            ]
        },
        "5": {
            "intv_type": "hard",
            "inode": 5,
            "new_mui": 1.0,
            "new_sigmai": 8.0,
            "true_params": {
                "Si": [
                    [
                        1.0,
                        0.570032125513495,
                        -0.9143162684847265,
                        -1.5760600979596493,
                        -0.02090043654405169,
                        0.0
                    ],
                    [
                        0.570032125513495,
                        1.324936624117433,
                        -1.0885394234492662,
                        -1.431974239495959,
                        0.7284503202530317,
                        0.0
                    ],
                    [
                        -0.9143162684847265,
                        -1.0885394234492662,
                        2.1578600088829765,
                        2.6841971007466974,
                        -0.5284016714484906,
                        0.0
                    ],
                    [
                        -1.5760600979596493,
                        -1.431974239495959,
                        2.6841971007466974,
                        4.653125305337429,
                        0.24165975779068516,
                        0.0
                    ],
                    [
                        -0.02090043654405169,
                        0.7284503202530317,
                        -0.5284016714484906,
                        0.24165975779068516,
                        2.088466066140068,
                        0.0
                    ],
                    [
                        0.0,
                        0.0,
                        0.0,
                        0.0,
                        0.0,
                        8.0
                    ]
                ],
                "mui": [
                    0.0,
                    0.0,
                    0.0,
                    0.0,
                    0.0,
                    1.0
                ],
                "Ai": [
                    [
                        0.0,
                        0.0,
                        0.0,
                        0.0,
                        0.0,
                        0.0
                    ],
                    [
                        0.570032125513495,
                        0.0,
                        0.0,
                        0.0,
                        0.0,
                        0.0
                    ],
                    [
                        -0.5909086688877823,
                        -0.5673497775333503,
                        0.0,
                        0.0,
                        0.0,
                        0.0
                    ],
                    [
                        -0.7161828967286532,
                        -0.0,
                        0.9404592599626924,
                        0.0,
                        0.0,
                        0.0
                    ],
                    [
                        -0.0,
                        0.6680465509655529,
                        -0.80801170785436,
                        0.72363146749717,
                        0.0,
                        0.0
                    ],
                    [
                        0.0,
                        0.0,
                        0.0,
                        0.0,
                        0.0,
                        0.0
                    ]
                ]
            },
            "est_params": {
                "mui": [
                    -0.03231668361413689,
                    -0.04848078894282502,
                    -0.01860856655361951,
                    0.03818693017782289,
                    0.0664222901968384,
                    1.0780855555848814
                ],
                "Si": [
                    [
                        0.9755437538516215,
                        0.5808814253336001,
                        -0.8974231192584509,
                        -1.5940334717690468,
                        -0.05732993143121915,
                        -0.3077464538549103
                    ],
                    [
                        0.5808814253336001,
                        1.3488205906410433,
                        -1.106853042314687,
                        -1.5494100477941484,
                        0.6014960817176865,
                        -0.6835185539823018
                    ],
                    [
                        -0.8974231192584509,
                        -1.106853042314687,
                        2.1695054679989294,
                        2.728558420434235,
                        -0.5060695467436739,
                        0.38997451987875453
                    ],
                    [
                        -1.5940334717690468,
                        -1.5494100477941484,
                        2.728558420434235,
                        4.927612386381341,
                        0.3836433530990341,
                        0.5852595019692611
                    ],
                    [
                        -0.05732993143121915,
                        0.6014960817176865,
                        -0.5060695467436739,
                        0.3836433530990341,
                        2.0097652548749787,
                        -0.2795407995941913
                    ],
                    [
                        -0.30774645385491023,
                        -0.6835185539823019,
                        0.3899745198787546,
                        0.5852595019692611,
                        -0.2795407995941913,
                        60.21071453433613
                    ]
                ]
            },
            "est_tgt": [
                3,
                5
            ]
        },
        "obs": {
            "intv_type": "obs",
            "true_params": {
                "Si": [
                    [
                        1.0,
                        0.570032125513495,
                        -0.9143162684847265,
                        -1.5760600979596493,
                        -0.02090043654405169,
                        -1.8138064672506282
                    ],
                    [
                        0.570032125513495,
                        1.324936624117433,
                        -1.0885394234492662,
                        -1.431974239495959,
                        0.7284503202530317,
                        -1.622492130427226
                    ],
                    [
                        -0.9143162684847265,
                        -1.0885394234492662,
                        2.1578600088829765,
                        2.6841971007466974,
                        -0.5284016714484906,
                        2.8281801427740403
                    ],
                    [
                        -1.5760600979596493,
                        -1.431974239495959,
                        2.6841971007466974,
                        4.653125305337429,
                        0.24165975779068516,
                        4.021861116421347
                    ],
                    [
                        -0.02090043654405169,
                        0.7284503202530317,
                        -0.5284016714484906,
                        0.24165975779068516,
                        2.088466066140068,
                        -1.4198381465918664
                    ],
                    [
                        -1.8138064672506282,
                        -1.622492130427226,
                        2.8281801427740403,
                        4.021861116421347,
                        -1.4198381465918664,
                        6.262624732179173
                    ]
                ],
                "mui": [
                    0.0,
                    0.0,
                    0.0,
                    0.0,
                    0.0,
                    0.0
                ],
                "Ai": [
                    [
                        0.0,
                        0.0,
                        0.0,
                        0.0,
                        0.0,
                        0.0
                    ],
                    [
                        0.570032125513495,
                        0.0,
                        0.0,
                        0.0,
                        0.0,
                        0.0
                    ],
                    [
                        -0.5909086688877823,
                        -0.5673497775333503,
                        0.0,
                        0.0,
                        0.0,
                        0.0
                    ],
                    [
                        -0.7161828967286532,
                        -0.0,
                        0.9404592599626924,
                        0.0,
                        0.0,
