{
    "expt_args": {
        "save_dir": "expt_logs_30.04.24-hard",
        "exp_name": "335",
        "num_nodes": 6,
        "obs_noise_mean": 0.0,
        "obs_noise_var": 1.0,
        "max_edge_strength": 1.0,
        "graph_sparsity_method": "adj_dense_prop",
        "adj_dense_prop": 0.8,
        "num_parents": null,
        "new_noise_mean": 0.0,
        "mix_samples": 131072,
        "stage2_samples": 131072,
        "gmm_tol": 0.001,
        "intv_type": "hard",
        "new_noise_sigma": 1.0,
        "intv_targets": [
            0,
            1,
            2,
            3,
            4,
            5
        ]
    },
    "intv_args_dict": {
        "0": {
            "intv_type": "hard",
            "inode": 0,
            "new_mui": 0.0,
            "new_sigmai": 1.0,
            "true_params": {
                "Si": [
                    [
                        1.0,
                        -0.9423915995455334,
                        0.262913286258453,
                        0.0,
                        1.058282540624392,
                        -6.749311672909285e-05
                    ],
                    [
                        -0.9423915995455334,
                        1.888101926893989,
                        -1.0615022806111272,
                        0.0,
                        -2.4353452923989605,
                        0.8880484237851866
                    ],
                    [
                        0.262913286258453,
                        -1.0615022806111272,
                        1.7312880597139608,
                        0.0,
                        2.0375711311006324,
                        -0.722602078705149
                    ],
                    [
                        0.0,
                        0.0,
                        0.0,
                        1.0,
                        0.9405522990879054,
                        -0.7283142133168946
                    ],
                    [
                        1.058282540624392,
                        -2.4353452923989605,
                        2.0375711311006324,
                        0.9405522990879054,
                        5.419636988774541,
                        -1.962036703593042
                    ],
                    [
                        -6.749311672909285e-05,
                        0.8880484237851866,
                        -0.722602078705149,
                        -0.7283142133168946,
                        -1.962036703593042,
                        2.3189586363631776
                    ]
                ],
                "mui": [
                    0.0,
                    0.0,
                    0.0,
                    0.0,
                    0.0,
                    0.0
                ],
                "Ai": [
                    [
                        0.0,
                        0.0,
                        0.0,
                        0.0,
                        0.0,
                        0.0
                    ],
                    [
                        -0.9423915995455334,
                        0.0,
                        0.0,
                        0.0,
                        0.0,
                        0.0
                    ],
                    [
                        -0.5039437497557357,
                        -0.813735008232251,
                        0.0,
                        0.0,
                        0.0,
                        0.0
                    ],
                    [
                        0.0,
                        -0.0,
                        0.0,
                        0.0,
                        0.0,
                        0.0
                    ],
                    [
                        -0.0,
                        -0.9586083697619426,
                        0.5891602813652735,
                        0.9405522990879054,
                        0.0,
                        0.0
                    ],
                    [
                        0.8367619406810634,
                        0.8879848188389539,
                        0.0,
                        -0.7283142133168946,
                        0.0,
                        0.0
                    ]
                ]
            },
            "est_params": {
                "mui": [
                    -0.3450893092950395,
                    1.3069855063651057,
                    -1.029966673253397,
                    -0.559239276570441,
                    -2.7571545214410897,
                    1.1791278267742356
                ],
                "Si": [
                    [
                        1.1191716332572197,
                        -0.697108987398799,
                        -0.05284240387353295,
                        -0.09656241160864491,
                        0.525708045378004,
                        0.41267266913847195
                    ],
                    [
                        -0.697108987398799,
                        1.177079718027923,
                        -0.399226216822577,
                        0.30311461492555924,
                        -0.9234299173627764,
                        0.1162121143811981
                    ],
                    [
                        -0.05284240387353295,
                        -0.3992262168225769,
                        1.4307926197176069,
                        -0.24970818479596016,
                        0.8591180659981795,
                        -0.0968640967897028
                    ],
                    [
                        -0.0965624116086449,
                        0.30311461492555924,
                        -0.24970818479596016,
                        0.9234272815183757,
                        0.37115801810995874,
                        -0.40016162555035306
                    ],
                    [
                        0.5257080453780039,
                        -0.9234299173627764,
                        0.8591180659981793,
                        0.37115801810995874,
                        2.3526262602312653,
                        -0.3800307281130263
                    ],
                    [
                        0.41267266913847195,
                        0.1162121143811981,
                        -0.0968640967897028,
                        -0.40016162555035306,
                        -0.3800307281130264,
                        2.112711969539678
                    ]
                ]
            },
            "est_tgt": [
                0,
                1,
                2,
                3,
                4,
                5
            ]
        },
        "1": {
            "intv_type": "hard",
            "inode": 1,
            "new_mui": 0.0,
            "new_sigmai": 1.0,
            "true_params": {
                "Si": [
                    [
                        1.0,
                        0.0,
                        -0.5039437497557357,
                        0.0,
                        -0.2969036413983603,
                        0.8367619406810634
                    ],
                    [
                        0.0,
                        1.0,
                        -0.813735008232251,
                        0.0,
                        -1.4380287161688288,
                        0.8879848188389539
                    ],
                    [
                        -0.5039437497557357,
                        -0.813735008232251,
                        1.9161239665406131,
                        0.0,
                        1.9089573249175507,
                        -1.1442652839077316
                    ],
                    [
                        0.0,
                        0.0,
                        0.0,
                        1.0,
                        0.9405522990879054,
                        -0.7283142133168946
                    ],
                    [
                        -0.2969036413983603,
                        -1.4380287161688288,
                        1.9089573249175507,
                        0.9405522990879054,
                        4.3878268252597294,
                        -2.2104029439777615
                    ],
                    [
                        0.8367619406810634,
                        0.8879848188389539,
                        -1.1442652839077316,
                        -0.7283142133168946,
                        -2.2104029439777615,
                        3.0191291771801962
                    ]
                ],
                "mui": [
                    0.0,
                    0.0,
                    0.0,
                    0.0,
                    0.0,
                    0.0
                ],
                "Ai": [
                    [
                        0.0,
                        0.0,
                        0.0,
                        0.0,
                        0.0,
                        0.0
                    ],
                    [
                        0.0,
                        0.0,
                        0.0,
                        0.0,
                        0.0,
                        0.0
                    ],
                    [
                        -0.5039437497557357,
                        -0.813735008232251,
                        0.0,
                        0.0,
                        0.0,
                        0.0
                    ],
                    [
                        0.0,
                        -0.0,
                        0.0,
                        0.0,
                        0.0,
                        0.0
                    ],
                    [
                        -0.0,
                        -0.9586083697619426,
                        0.5891602813652735,
                        0.9405522990879054,
                        0.0,
                        0.0
                    ],
                    [
                        0.8367619406810634,
                        0.8879848188389539,
                        0.0,
                        -0.7283142133168946,
                        0.0,
                        0.0
                    ]
                ]
            },
            "est_params": {
                "mui": [
                    -0.03965935393395475,
                    -0.07206104854670665,
                    0.17910658735856358,
                    -0.25709401405116045,
                    -0.14890449469024467,
                    0.031987630243269276
                ],
                "Si": [
                    [
                        0.6445470436615456,
                        -0.2552900657615899,
                        -0.21806138755947324,
                        0.005018614890183651,
                        -0.011332330014381168,
                        0.16614481033330025
                    ],
                    [
                        -0.2552900657615899,
                        0.5848763064075624,
                        -0.01094370399433039,
                        0.20030576854750867,
                        -0.12367302100222331,
                        0.13135874034359302
                    ],
                    [
                        -0.2180613875594733,
                        -0.010943703994330391,
                        0.8518599546575831,
                        -0.15147630219803518,
                        0.19069589224449277,
                        -0.02057054148559117
                    ],
                    [
                        0.005018614890183649,
                        0.20030576854750867,
                        -0.15147630219803518,
                        0.7278347354083778,
                        0.3052332990884427,
                        -0.18570291915898596
                    ],
                    [
                        -0.011332330014381163,
                        -0.12367302100222331,
                        0.19069589224449277,
                        0.3052332990884427,
                        0.91913185640278,
                        -0.22814480068245424
                    ],
                    [
                        0.16614481033330025,
                        0.13135874034359302,
                        -0.02057054148559116,
                        -0.18570291915898596,
                        -0.22814480068245424,
                        1.1036737526784641
                    ]
                ]
            },
            "est_tgt": [
                0,
                1,
                2,
                3,
                4,
                5
            ]
        },
        "2": {
            "intv_type": "hard",
            "inode": 2,
            "new_mui": 0.0,
            "new_sigmai": 1.0,
            "true_params": {
                "Si": [
                    [
                        1.0,
                        -0.9423915995455334,
                        0.0,
                        0.0,
                        0.9033844749176932,
                        -6.749311672909285e-05
                    ],
                    [
                        -0.9423915995455334,
                        1.888101926893989,
                        0.0,
                        0.0,
                        -1.8099503100842294,
                        0.8880484237851866
                    ],
                    [
                        0.0,
                        0.0,
                        1.0,
                        0.0,
                        0.5891602813652735,
                        0.0
                    ],
                    [
                        0.0,
                        0.0,
                        0.0,
                        1.0,
                        0.9405522990879054,
                        -0.7283142133168946
                    ],
                    [
                        0.9033844749176932,
                        -1.8099503100842294,
                        0.5891602813652735,
                        0.9405522990879054,
                        3.9667819805579185,
                        -1.5363082595879847
                    ],
                    [
                        -6.749311672909285e-05,
                        0.8880484237851866,
                        0.0,
                        -0.7283142133168946,
                        -1.5363082595879847,
                        2.3189586363631776
                    ]
                ],
                "mui": [
                    0.0,
                    0.0,
                    0.0,
                    0.0,
                    0.0,
                    0.0
                ],
                "Ai": [
                    [
                        0.0,
                        0.0,
                        0.0,
                        0.0,
                        0.0,
                        0.0
                    ],
                    [
                        -0.9423915995455334,
                        0.0,
                        0.0,
                        0.0,
                        0.0,
                        0.0
                    ],
                    [
                        0.0,
                        0.0,
                        0.0,
                        0.0,
                        0.0,
                        0.0
                    ],
                    [
                        0.0,
                        -0.0,
                        0.0,
                        0.0,
                        0.0,
                        0.0
                    ],
                    [
                        -0.0,
                        -0.9586083697619426,
                        0.5891602813652735,
                        0.9405522990879054,
                        0.0,
                        0.0
                    ],
                    [
                        0.8367619406810634,
                        0.8879848188389539,
                        0.0,
                        -0.7283142133168946,
                        0.0,
                        0.0
                    ]
                ]
            },
            "est_params": {
                "mui": [
                    -0.46463310022749743,
                    0.8048204346617669,
                    -0.626560032356782,
                    0.14953908556485554,
                    -1.1992028941553743,
                    0.05818113724067212
                ],
                "Si": [
                    [
                        0.7193917281823162,
                        -0.3967115311399423,
                        -0.19134523098562103,
                        -0.01764466224794127,
                        0.14885453914593108,
                        0.15521797297088333
                    ],
                    [
                        -0.3967115311399423,
                        0.7265508102902914,
                        0.007472429531199898,
                        0.18491077678850015,
                        -0.3013050768497722,
                        0.13954846525816736
                    ],
                    [
                        -0.19134523098562095,
                        0.007472429531199897,
                        0.9194208020191197,
                        -0.13528480886369026,
                        0.23993615987728836,
                        0.0011628224973351908
                    ],
                    [
                        -0.017644662247941274,
                        0.18491077678850013,
                        -0.13528480886369026,
                        0.8093235192447299,
                        0.48257972830524676,
                        -0.25503890872111845
                    ],
                    [
                        0.14885453914593108,
                        -0.3013050768497722,
                        0.23993615987728836,
                        0.48257972830524676,
                        1.4284289291369399,
                        -0.29916732301886156
                    ],
                    [
                        0.1552179729708833,
                        0.13954846525816736,
                        0.0011628224973351895,
                        -0.25503890872111845,
                        -0.29916732301886156,
                        1.2690419746351314
                    ]
                ]
            },
            "est_tgt": [
                0,
                1,
                2,
                3,
                4,
                5
            ]
        },
        "3": {
            "intv_type": "hard",
            "inode": 3,
            "new_mui": 0.0,
            "new_sigmai": 1.0,
            "true_params": {
                "Si": [
                    [
                        1.0,
                        -0.9423915995455334,
                        0.262913286258453,
                        0.0,
                        1.058282540624392,
                        -6.749311672909285e-05
                    ],
                    [
                        -0.9423915995455334,
                        1.888101926893989,
                        -1.0615022806111272,
                        0.0,
                        -2.4353452923989605,
                        0.8880484237851866
                    ],
                    [
                        0.262913286258453,
                        -1.0615022806111272,
                        1.7312880597139608,
                        0.0,
                        2.0375711311006324,
                        -0.722602078705149
                    ],
                    [
                        0.0,
                        0.0,
                        0.0,
                        1.0,
                        0.9405522990879054,
                        -0.7283142133168946
                    ],
                    [
                        1.058282540624392,
                        -2.4353452923989605,
                        2.0375711311006324,
                        0.9405522990879054,
                        5.419636988774541,
                        -1.962036703593042
                    ],
                    [
                        -6.749311672909285e-05,
                        0.8880484237851866,
                        -0.722602078705149,
                        -0.7283142133168946,
                        -1.962036703593042,
                        2.3189586363631776
                    ]
                ],
                "mui": [
                    0.0,
                    0.0,
                    0.0,
                    0.0,
                    0.0,
                    0.0
                ],
                "Ai": [
                    [
                        0.0,
                        0.0,
                        0.0,
                        0.0,
                        0.0,
                        0.0
                    ],
                    [
                        -0.9423915995455334,
                        0.0,
                        0.0,
                        0.0,
                        0.0,
                        0.0
                    ],
                    [
                        -0.5039437497557357,
                        -0.813735008232251,
                        0.0,
                        0.0,
                        0.0,
                        0.0
                    ],
                    [
                        0.0,
                        0.0,
                        0.0,
                        0.0,
                        0.0,
                        0.0
                    ],
                    [
                        -0.0,
                        -0.9586083697619426,
                        0.5891602813652735,
                        0.9405522990879054,
                        0.0,
                        0.0
                    ],
                    [
                        0.8367619406810634,
                        0.8879848188389539,
                        0.0,
                        -0.7283142133168946,
                        0.0,
                        0.0
                    ]
                ]
            },
            "est_params": {
                "mui": [
                    0.3153619041083859,
                    -1.3428347178067357,
                    1.06965427840733,
                    0.5873463512935068,
                    2.842060514583177,
                    -1.3590461575819697
                ],
                "Si": [
                    [
                        1.2143918317299562,
                        -0.751944290268443,
                        -0.07417467872381941,
                        -0.04952611677098275,
                        0.6380405008426849,
                        0.4813532158503137
                    ],
                    [
                        -0.751944290268443,
                        1.2065286279576901,
                        -0.3814942524599686,
                        0.2704017447158717,
                        -1.0124636621885252,
                        0.03332853173145067
                    ],
                    [
                        -0.07417467872381941,
                        -0.3814942524599686,
                        1.4335988309288932,
                        -0.23722955802902657,
                        0.8716034729100629,
                        -0.05063300935576696
                    ],
                    [
                        -0.049526116770982745,
                        0.2704017447158717,
                        -0.23722955802902657,
                        0.9069721368207178,
                        0.37815707903806134,
                        -0.38464313725914123
                    ],
                    [
                        0.638040500842685,
                        -1.0124636621885255,
                        0.8716034729100629,
                        0.3781570790380614,
                        2.5054664873480843,
                        -0.24726685288189
                    ],
                    [
                        0.4813532158503137,
                        0.033328531731450645,
                        -0.05063300935576694,
                        -0.38464313725914123,
                        -0.24726685288189,
                        1.9881671772171492
                    ]
                ]
            },
            "est_tgt": [
                0,
                1,
                2,
                3,
                4,
                5
            ]
        },
        "4": {
            "intv_type": "hard",
            "inode": 4,
            "new_mui": 0.0,
            "new_sigmai": 1.0,
            "true_params": {
                "Si": [
                    [
                        1.0,
                        -0.9423915995455334,
                        0.262913286258453,
                        0.0,
                        0.0,
                        -6.749311672909285e-05
                    ],
                    [
                        -0.9423915995455334,
                        1.888101926893989,
                        -1.0615022806111272,
                        0.0,
                        0.0,
                        0.8880484237851866
                    ],
                    [
                        0.262913286258453,
                        -1.0615022806111272,
                        1.7312880597139608,
                        0.0,
                        0.0,
                        -0.722602078705149
                    ],
                    [
                        0.0,
                        0.0,
                        0.0,
                        1.0,
                        0.0,
                        -0.7283142133168946
                    ],
                    [
                        0.0,
                        0.0,
                        0.0,
                        0.0,
                        1.0,
                        0.0
                    ],
                    [
                        -6.749311672909285e-05,
                        0.8880484237851866,
                        -0.722602078705149,
                        -0.7283142133168946,
                        0.0,
                        2.3189586363631776
                    ]
                ],
                "mui": [
                    0.0,
                    0.0,
                    0.0,
                    0.0,
                    0.0,
                    0.0
                ],
                "Ai": [
                    [
                        0.0,
                        0.0,
                        0.0,
                        0.0,
                        0.0,
                        0.0
                    ],
                    [
                        -0.9423915995455334,
                        0.0,
                        0.0,
                        0.0,
                        0.0,
                        0.0
                    ],
                    [
                        -0.5039437497557357,
                        -0.813735008232251,
                        0.0,
                        0.0,
                        0.0,
                        0.0
                    ],
                    [
                        0.0,
                        -0.0,
                        0.0,
                        0.0,
                        0.0,
                        0.0
                    ],
                    [
                        0.0,
                        0.0,
                        0.0,
                        0.0,
                        0.0,
                        0.0
                    ],
                    [
                        0.8367619406810634,
                        0.8879848188389539,
                        0.0,
                        -0.7283142133168946,
                        0.0,
                        0.0
                    ]
                ]
            },
            "est_params": {
                "mui": [
                    -0.015984331871216246,
                    -0.45101370181976286,
                    0.44024968326570824,
                    0.4449687657383427,
                    0.41451749736878296,
                    -1.079257111020432
                ],
                "Si": [
                    [
                        0.9681685619474389,
                        -0.7977284272246988,
                        0.15208867028610348,
                        -0.04551394042458511,
                        0.014879586706460748,
                        0.1872633779065354
                    ],
                    [
                        -0.7977284272246988,
                        1.4025755086436174,
                        -0.6243439885897837,
                        0.26115715179762966,
                        -0.01419174184841459,
                        0.24765002378851667
                    ],
                    [
                        0.15208867028610348,
                        -0.6243439885897837,
                        1.3579535126875961,
                        -0.23407711314770122,
                        0.04522127571697624,
                        -0.12888236403861425
                    ],
                    [
                        -0.04551394042458511,
                        0.26115715179762966,
                        -0.23407711314770122,
                        0.824710287019771,
                        0.03181511409025661,
                        -0.3260990722246516
                    ],
                    [
                        0.014879586706460739,
                        -0.014191741848414605,
                        0.04522127571697624,
                        0.031815114090256606,
                        1.1930924674319312,
                        0.04446148342476201
                    ],
                    [
                        0.1872633779065354,
                        0.24765002378851667,
                        -0.12888236403861425,
                        -0.3260990722246516,
                        0.04446148342476201,
                        1.331027401315611
                    ]
                ]
            },
            "est_tgt": [
                1,
                2,
                3,
                4,
                5
            ]
        },
        "5": {
            "intv_type": "hard",
            "inode": 5,
            "new_mui": 0.0,
            "new_sigmai": 1.0,
            "true_params": {
                "Si": [
                    [
                        1.0,
                        -0.9423915995455334,
                        0.262913286258453,
                        0.0,
                        1.058282540624392,
                        0.0
                    ],
                    [
                        -0.9423915995455334,
                        1.888101926893989,
                        -1.0615022806111272,
                        0.0,
                        -2.4353452923989605,
                        0.0
                    ],
                    [
                        0.262913286258453,
                        -1.0615022806111272,
                        1.7312880597139608,
                        0.0,
                        2.0375711311006324,
                        0.0
                    ],
                    [
                        0.0,
                        0.0,
                        0.0,
                        1.0,
                        0.9405522990879054,
                        0.0
                    ],
                    [
                        1.058282540624392,
                        -2.4353452923989605,
                        2.0375711311006324,
                        0.9405522990879054,
                        5.419636988774541,
                        0.0
                    ],
                    [
                        0.0,
                        0.0,
                        0.0,
                        0.0,
                        0.0,
                        1.0
                    ]
                ],
                "mui": [
                    0.0,
                    0.0,
                    0.0,
                    0.0,
                    0.0,
                    0.0
                ],
                "Ai": [
                    [
                        0.0,
                        0.0,
                        0.0,
                        0.0,
                        0.0,
                        0.0
                    ],
                    [
                        -0.9423915995455334,
                        0.0,
                        0.0,
                        0.0,
                        0.0,
                        0.0
                    ],
                    [
                        -0.5039437497557357,
                        -0.813735008232251,
                        0.0,
                        0.0,
                        0.0,
                        0.0
                    ],
                    [
                        0.0,
                        -0.0,
                        0.0,
                        0.0,
                        0.0,
                        0.0
                    ],
                    [
                        -0.0,
                        -0.9586083697619426,
                        0.5891602813652735,
                        0.9405522990879054,
                        0.0,
                        0.0
                    ],
                    [
                        0.0,
                        0.0,
                        0.0,
                        0.0,
                        0.0,
                        0.0
                    ]
                ]
            },
            "est_params": {
                "mui": [
                    0.06041917640161343,
                    0.4892963179054543,
                    -0.5641633706623245,
                    -0.47701286582681734,
                    -0.43762840970441746,
                    1.2375950806189322
                ],
                "Si": [
                    [
                        1.0123295286527731,
                        -0.8047616395896523,
                        0.13655526291286765,
                        -0.008419588335916361,
                        0.035082291708229754,
                        0.19225601015189572
                    ],
                    [
                        -0.8047616395896523,
                        1.407708294674991,
                        -0.6275865202031762,
                        0.26292253683042927,
                        -0.051664467132145654,
                        0.21426454757981958
                    ],
                    [
                        0.13655526291286768,
                        -0.6275865202031762,
                        1.3479120261070512,
                        -0.2741182571334302,
                        0.04873418632760013,
                        -0.07417062492181531
                    ],
                    [
                        -0.008419588335916365,
                        0.26292253683042927,
                        -0.2741182571334302,
                        0.8504506160193992,
                        0.04741164562246536,
                        -0.32925020127082266
                    ],
                    [
                        0.035082291708229754,
                        -0.05166446713214566,
                        0.04873418632760016,
                        0.04741164562246538,
                        1.3006494098379675,
                        -0.022305830031791436
                    ],
                    [
                        0.19225601015189572,
                        0.21426454757981958,
                        -0.07417062492181531,
                        -0.32925020127082266,
                        -0.02230583003179143,
                        1.2954060865900736
                    ]
                ]
            },
            "est_tgt": [
                0,
                1,
                2,
                3,
                4,
                5
            ]
        },
        "obs": {
            "intv_type": "obs",
            "true_params": {
                "Si": [
                    [
                        1.0,
                        -0.9423915995455334,
                        0.262913286258453,
                        0.0,
                        1.058282540624392,
                        -6.749311672909285e-05
                    ],
                    [
                        -0.9423915995455334,
                        1.888101926893989,
                        -1.0615022806111272,
                        0.0,
                        -2.4353452923989605,
                        0.8880484237851866
                    ],
                    [
                        0.262913286258453,
                        -1.0615022806111272,
                        1.7312880597139608,
                        0.0,
                        2.0375711311006324,
                        -0.722602078705149
                    ],
                    [
                        0.0,
                        0.0,
                        0.0,
                        1.0,
                        0.9405522990879054,
                        -0.7283142133168946
                    ],
                    [
                        1.058282540624392,
                        -2.4353452923989605,
                        2.0375711311006324,
                        0.9405522990879054,
                        5.419636988774541,
                        -1.962036703593042
                    ],
                    [
                        -6.749311672909285e-05,
                        0.8880484237851866,
                        -0.722602078705149,
                        -0.7283142133168946,
                        -1.962036703593042,
                        2.3189586363631776
                    ]
                ],
                "mui": [
                    0.0,
                    0.0,
                    0.0,
                    0.0,
                    0.0,
                    0.0
                ],
                "Ai": [
                    [
                        0.0,
                        0.0,
                        0.0,
                        0.0,
                        0.0,
                        0.0
                    ],
                    [
                        -0.9423915995455334,
                        0.0,
                        0.0,
                        0.0,
                        0.0,
                        0.0
                    ],
                    [
                        -0.5039437497557357,
                        -0.813735008232251,
                        0.0,
                        0.0,
                        0.0,
                        0.0
                    ],
                    [
                        0.0,
                        -0.0,
                        0.0,
                        0.0,
                        0.0,
                        0.0
                    ],
                    [
                        -0.0,
                        -0.9586083697619426,
                        0.5891602813652735,
                        0.9405522990879054,
                        0.0,
                        0.0
                    ],
                    [
                        0.8367619406810634,
                        0.8879848188389539,
                        0.0,
                        -0.7283142133168946,
                        0.0,
                        0.0
                    ]
                ]
            },
            "est_params": {
                "mui": [
