{
    "expt_args": {
        "save_dir": "expt_logs_30.04.24-hard",
        "exp_name": "192",
        "num_nodes": 6,
        "obs_noise_mean": 0.0,
        "obs_noise_var": 1.0,
        "max_edge_strength": 1.0,
        "graph_sparsity_method": "adj_dense_prop",
        "adj_dense_prop": 0.8,
        "num_parents": null,
        "new_noise_mean": 0.0,
        "mix_samples": 1024,
        "stage2_samples": 1024,
        "gmm_tol": 0.001,
        "intv_type": "hard",
        "new_noise_sigma": 0.1,
        "intv_targets": [
            0,
            1,
            2,
            3,
            4,
            5
        ]
    },
    "intv_args_dict": {
        "0": {
            "intv_type": "hard",
            "inode": 0,
            "new_mui": 0.0,
            "new_sigmai": 0.1,
            "true_params": {
                "Si": [
                    [
                        0.1,
                        0.0,
                        -0.09022475446507479,
                        -0.15384803505349318,
                        -0.13253765259447756,
                        -0.1823444656961114
                    ],
                    [
                        0.0,
                        1.0,
                        0.7526181422645741,
                        1.6831825880065308,
                        -0.033830392331224646,
                        0.8193771901229424
                    ],
                    [
                        -0.09022475446507479,
                        0.7526181422645741,
                        1.6478391312486091,
                        2.371618205684582,
                        -0.011406389633124153,
                        2.160074757564355
                    ],
                    [
                        -0.15384803505349318,
                        1.6831825880065308,
                        2.371618205684582,
                        5.002981636355865,
                        0.7409479899628811,
                        3.941953065304513
                    ],
                    [
                        -0.13253765259447756,
                        -0.033830392331224646,
                        -0.011406389633124153,
                        0.7409479899628811,
                        1.6722538197929357,
                        1.2568760133408339
                    ],
                    [
                        -0.1823444656961114,
                        0.8193771901229424,
                        2.160074757564355,
                        3.941953065304513,
                        1.2568760133408339,
                        5.086003616978677
                    ]
                ],
                "mui": [
                    0.0,
                    0.0,
                    0.0,
                    0.0,
                    0.0,
                    0.0
                ],
                "Ai": [
                    [
                        0.0,
                        0.0,
                        0.0,
                        0.0,
                        0.0,
                        0.0
                    ],
                    [
                        0.0,
                        0.0,
                        0.0,
                        0.0,
                        0.0,
                        0.0
                    ],
                    [
                        -0.9022475446507479,
                        0.7526181422645741,
                        0.0,
                        0.0,
                        0.0,
                        0.0
                    ],
                    [
                        -0.6668952904996237,
                        0.9561418411533473,
                        0.9660154413306725,
                        0.0,
                        0.0,
                        0.0
                    ],
                    [
                        -0.956478941466619,
                        -0.6198116941593954,
                        -0.7778007576984585,
                        0.6959246557596981,
                        0.0,
                        0.0
                    ],
                    [
                        0.5585464793973103,
                        -0.8002338147926007,
                        0.8709322852780768,
                        0.5833975879199504,
                        0.5271323893011264,
                        0.0
                    ]
                ]
            },
            "est_params": {
                "mui": [
                    -0.18814208761656528,
                    0.12352331909023724,
                    0.488927752175563,
                    1.044311585076564,
                    0.5492951542477466,
                    0.9388376448606431
                ],
                "Si": [
                    [
                        0.42348968220040384,
                        0.11534635113700573,
                        -0.07282928146051981,
                        -0.1072641366790066,
                        -0.368939327584074,
                        -0.16680677946293054
                    ],
                    [
                        0.11534635113700573,
                        0.7766530046441106,
                        0.161559873823075,
                        0.7225999994056883,
                        -0.18796342977507918,
                        -0.06020229784292846
                    ],
                    [
                        -0.07282928146051981,
                        0.161559873823075,
                        0.6235415862071533,
                        0.5154725477279684,
                        -0.23231625287636354,
                        0.5610227532086821
                    ],
                    [
                        -0.10726413667900658,
                        0.7225999994056883,
                        0.5154725477279685,
                        1.6250927988251778,
                        0.04686627198803892,
                        0.8880241199996292
                    ],
                    [
                        -0.368939327584074,
                        -0.18796342977507918,
                        -0.23231625287636354,
                        0.04686627198803888,
                        1.3284094483986741,
                        0.43139461792056777
                    ],
                    [
                        -0.16680677946293054,
                        -0.060202297842928465,
                        0.561022753208682,
                        0.8880241199996292,
                        0.43139461792056777,
                        2.1559616580534113
                    ]
                ]
            },
            "est_tgt": [
                3
            ]
        },
        "1": {
            "intv_type": "hard",
            "inode": 1,
            "new_mui": 0.0,
            "new_sigmai": 0.1,
            "true_params": {
                "Si": [
                    [
                        1.0,
                        0.0,
                        -0.9022475446507479,
                        -1.5384803505349316,
                        -1.3253765259447756,
                        -1.823444656961114
                    ],
                    [
                        0.0,
                        0.1,
                        0.07526181422645742,
                        0.1683182588006531,
                        -0.003383039233122465,
                        0.08193771901229424
                    ],
                    [
                        -0.9022475446507479,
                        0.07526181422645742,
                        1.8706940386348812,
                        2.4807849353419917,
                        1.087744785336714,
                        3.08574305087921
                    ],
                    [
                        -1.5384803505349316,
                        0.1683182588006531,
                        2.4807849353419917,
                        4.583417984328216,
                        2.627355612552153,
                        5.225508185342649
                    ],
                    [
                        -1.3253765259447756,
                        -0.003383039233122465,
                        1.087744785336714,
                        2.627355612552153,
                        3.252184415865078,
                        3.456899550195154
                    ],
                    [
                        -1.823444656961114,
                        0.08193771901229424,
                        3.08574305087921,
                        5.225508185342649,
                        3.456899550195154,
                        7.474217910554316
                    ]
                ],
                "mui": [
                    0.0,
                    0.0,
                    0.0,
                    0.0,
                    0.0,
                    0.0
                ],
                "Ai": [
                    [
                        0.0,
                        0.0,
                        0.0,
                        0.0,
                        0.0,
                        0.0
                    ],
                    [
                        0.0,
                        0.0,
                        0.0,
                        0.0,
                        0.0,
                        0.0
                    ],
                    [
                        -0.9022475446507479,
                        0.7526181422645741,
                        0.0,
                        0.0,
                        0.0,
                        0.0
                    ],
                    [
                        -0.6668952904996237,
                        0.9561418411533473,
                        0.9660154413306725,
                        0.0,
                        0.0,
                        0.0
                    ],
                    [
                        -0.956478941466619,
                        -0.6198116941593954,
                        -0.7778007576984585,
                        0.6959246557596981,
                        0.0,
                        0.0
                    ],
                    [
                        0.5585464793973103,
                        -0.8002338147926007,
                        0.8709322852780768,
                        0.5833975879199504,
                        0.5271323893011264,
                        0.0
                    ]
                ]
            },
            "est_params": {
                "mui": [
                    -1.3044989968983838,
                    0.2045449612508124,
                    1.87311736550202,
                    3.402754917572162,
                    1.8195928037870548,
                    2.6920438872219727
                ],
                "Si": [
                    [
                        0.7106272069393215,
                        0.11273632003749229,
                        -0.17782293676083702,
                        -0.44267898622382307,
                        -0.6468123100138872,
                        -0.15210775942951416
                    ],
                    [
                        0.11273632003749229,
                        0.5039316025968864,
                        0.40500804307951804,
                        0.7866066961724497,
                        -0.3533763587621616,
                        -0.08910728084478706
                    ],
                    [
                        -0.17782293676083702,
                        0.40500804307951804,
                        1.3676969883753638,
                        1.415551133392922,
                        -0.19989000301362497,
                        1.083757601254326
                    ],
                    [
                        -0.442678986223823,
                        0.7866066961724496,
                        1.4155511333929216,
                        2.708854618104241,
                        0.06877034861798946,
                        1.135344208600767
                    ],
                    [
                        -0.6468123100138872,
                        -0.3533763587621616,
                        -0.19989000301362506,
                        0.06877034861798935,
                        2.5798785405318045,
                        0.17656535656275973
                    ],
                    [
                        -0.15210775942951416,
                        -0.08910728084478707,
                        1.083757601254326,
                        1.135344208600767,
                        0.1765653565627598,
                        5.336576720221924
                    ]
                ]
            },
            "est_tgt": [
                0,
                1,
                2,
                3,
                4,
                5
            ]
        },
        "2": {
            "intv_type": "hard",
            "inode": 2,
            "new_mui": 0.0,
            "new_sigmai": 0.1,
            "true_params": {
                "Si": [
                    [
                        1.0,
                        0.0,
                        0.0,
                        -0.6668952904996237,
                        -1.4205878169353334,
                        -0.5793564746285383
                    ],
                    [
                        0.0,
                        1.0,
                        0.0,
                        0.9561418411533473,
                        0.045590987502691756,
                        -0.21839048478150577
                    ],
                    [
                        0.0,
                        0.0,
                        0.1,
                        0.09660154413306726,
                        -0.010552679423185739,
                        0.13788767724650905
                    ],
                    [
                        -0.6668952904996237,
                        0.9561418411533473,
                        0.09660154413306726,
                        2.45227513218362,
                        1.6767053800756266,
                        1.2610014641143477
                    ],
                    [
                        -1.4205878169353334,
                        0.045590987502691756,
                        -0.010552679423185739,
                        1.6767053800756266,
                        3.5055730006909065,
                        1.986948503233017
                    ],
                    [
                        -0.5793564746285383,
                        -0.21839048478150577,
                        0.13788767724650905,
                        1.2610014641143477,
                        1.986948503233017,
                        2.7543068858426443
                    ]
                ],
                "mui": [
                    0.0,
                    0.0,
                    0.0,
                    0.0,
                    0.0,
                    0.0
                ],
                "Ai": [
                    [
                        0.0,
                        0.0,
                        0.0,
                        0.0,
                        0.0,
                        0.0
                    ],
                    [
                        0.0,
                        0.0,
                        0.0,
                        0.0,
                        0.0,
                        0.0
                    ],
                    [
                        0.0,
                        0.0,
                        0.0,
                        0.0,
                        0.0,
                        0.0
                    ],
                    [
                        -0.6668952904996237,
                        0.9561418411533473,
                        0.9660154413306725,
                        0.0,
                        0.0,
                        0.0
                    ],
                    [
                        -0.956478941466619,
                        -0.6198116941593954,
                        -0.7778007576984585,
                        0.6959246557596981,
                        0.0,
                        0.0
                    ],
                    [
                        0.5585464793973103,
                        -0.8002338147926007,
                        0.8709322852780768,
                        0.5833975879199504,
                        0.5271323893011264,
                        0.0
                    ]
                ]
            },
            "est_params": {
                "mui": [
                    0.06254954198719898,
                    0.12360838113808588,
                    0.026690235194106588,
                    -0.0476809710498797,
                    -0.3691910479176536,
                    0.012088942003572734
                ],
                "Si": [
                    [
                        0.6872832559155582,
                        0.07453451781199812,
                        -0.09820701412735511,
                        -0.10571739316620916,
                        -0.7498188407603614,
                        -0.27662832667100823
                    ],
                    [
                        0.07453451781199812,
                        0.45058220830738,
                        0.09074109114986294,
                        0.06529655835059889,
                        -0.5562718661401751,
                        -0.7794471322158559
                    ],
                    [
                        -0.09820701412735511,
                        0.09074109114986294,
                        0.36414874435633615,
                        -0.044395324111524415,
                        -0.406000819728425,
                        0.06411788374828835
                    ],
                    [
                        -0.10571739316620915,
                        0.06529655835059889,
                        -0.04439532411152443,
                        0.11150936289381493,
                        0.25372336420242786,
                        0.04820765670299688
                    ],
                    [
                        -0.7498188407603614,
                        -0.556271866140175,
                        -0.406000819728425,
                        0.25372336420242786,
                        2.5110975027541387,
                        1.553007801539054
                    ],
                    [
                        -0.27662832667100823,
                        -0.7794471322158559,
                        0.06411788374828838,
                        0.048207656702996884,
                        1.553007801539054,
                        2.874491111964579
                    ]
                ]
            },
            "est_tgt": [
                1,
                2,
                3
            ]
        },
        "3": {
            "intv_type": "hard",
            "inode": 3,
            "new_mui": 0.0,
            "new_sigmai": 0.1,
            "true_params": {
                "Si": [
                    [
                        1.0,
                        0.0,
                        -0.9022475446507479,
                        0.0,
                        -0.2547101176056936,
                        -0.3615159894245593
                    ],
                    [
                        0.0,
                        1.0,
                        0.7526181422645741,
                        0.0,
                        -1.2051986554703873,
                        -0.7800536230489847
                    ],
                    [
                        -0.9022475446507479,
                        0.7526181422645741,
                        2.3804846998940823,
                        0.0,
                        -1.4550435526309036,
                        0.20002271863667892
                    ],
                    [
                        0.0,
                        0.0,
                        0.0,
                        0.1,
                        0.0695924655759698,
                        0.0950242014484124
                    ],
                    [
                        -0.2547101176056936,
                        -1.2051986554703873,
                        -1.4550435526309036,
                        0.0695924655759698,
                        3.170786174484057,
                        1.266953040395664
                    ],
                    [
                        -0.3615159894245593,
                        -0.7800536230489847,
                        0.20002271863667892,
                        0.0950242014484124,
                        1.266953040395664,
                        2.3197969200612483
                    ]
                ],
                "mui": [
                    0.0,
                    0.0,
                    0.0,
                    0.0,
                    0.0,
                    0.0
                ],
                "Ai": [
                    [
                        0.0,
                        0.0,
                        0.0,
                        0.0,
                        0.0,
                        0.0
                    ],
                    [
                        0.0,
                        0.0,
                        0.0,
                        0.0,
                        0.0,
                        0.0
                    ],
                    [
                        -0.9022475446507479,
                        0.7526181422645741,
                        0.0,
                        0.0,
                        0.0,
                        0.0
                    ],
                    [
                        0.0,
                        0.0,
                        0.0,
                        0.0,
                        0.0,
                        0.0
                    ],
                    [
                        -0.956478941466619,
                        -0.6198116941593954,
                        -0.7778007576984585,
                        0.6959246557596981,
                        0.0,
                        0.0
                    ],
                    [
                        0.5585464793973103,
                        -0.8002338147926007,
                        0.8709322852780768,
                        0.5833975879199504,
                        0.5271323893011264,
                        0.0
                    ]
                ]
            },
            "est_params": {
                "mui": [
                    -0.10574469459701659,
                    -0.1259171512515347,
                    -0.06243548436319102,
                    0.003024572080434329,
                    0.1331211164808447,
                    0.019818965918736334
                ],
                "Si": [
                    [
                        1.1435137759322094,
                        -0.10708877122446459,
                        -1.4026828113391394,
                        0.007203286151411369,
                        -0.033052780679880864,
                        -0.5547066930875872
                    ],
                    [
                        -0.10708877122446459,
                        1.1401238842071844,
                        0.948912543342234,
                        -0.0076075338750477214,
                        -1.2560126278732244,
                        -0.7616458047626447
                    ],
                    [
                        -1.4026828113391396,
                        0.948912543342234,
                        3.0818515930441133,
                        -0.011438768302900013,
                        -1.5376111660652518,
                        0.35787560014596564
                    ],
                    [
                        0.007203286151411368,
                        -0.007607533875047725,
                        -0.011438768302900013,
                        0.007512278214745006,
                        -0.0035113704241265357,
                        0.007041175329851096
                    ],
                    [
                        -0.033052780679880864,
                        -1.2560126278732247,
                        -1.5376111660652518,
                        -0.00351137042412654,
                        3.1867246343361573,
                        1.4870613314193548
                    ],
                    [
                        -0.5547066930875872,
                        -0.7616458047626447,
                        0.35787560014596564,
                        0.007041175329851096,
                        1.4870613314193548,
                        2.036702629485973
                    ]
                ]
            },
            "est_tgt": [
                0,
                1,
                2,
                3
            ]
        },
        "4": {
            "intv_type": "hard",
            "inode": 4,
            "new_mui": 0.0,
            "new_sigmai": 0.1,
            "true_params": {
                "Si": [
                    [
                        1.0,
                        0.0,
                        -0.9022475446507479,
                        -1.5384803505349316,
                        0.0,
                        -1.1247957621162181
                    ],
                    [
                        0.0,
                        1.0,
                        0.7526181422645741,
                        1.6831825880065308,
                        0.0,
                        0.8372102856634953
                    ],
                    [
                        -0.9022475446507479,
                        0.7526181422645741,
                        2.3804846998940823,
                        3.62089931257179,
                        0.0,
                        3.079447228127595
                    ],
                    [
                        -1.5384803505349316,
                        1.6831825880065308,
                        3.62089931257179,
                        7.133211246439743,
                        0.0,
                        5.108803941550201
                    ],
                    [
                        0.0,
                        0.0,
                        0.0,
                        0.0,
                        0.1,
                        0.05271323893011264
                    ],
                    [
                        -1.1247957621162181,
                        0.8372102856634953,
                        3.079447228127595,
                        5.108803941550201,
                        0.05271323893011264,
                        5.392026070376629
                    ]
                ],
                "mui": [
                    0.0,
                    0.0,
                    0.0,
                    0.0,
                    0.0,
                    0.0
                ],
                "Ai": [
                    [
                        0.0,
                        0.0,
                        0.0,
                        0.0,
                        0.0,
                        0.0
                    ],
                    [
                        0.0,
                        0.0,
                        0.0,
                        0.0,
                        0.0,
                        0.0
                    ],
                    [
                        -0.9022475446507479,
                        0.7526181422645741,
                        0.0,
                        0.0,
                        0.0,
                        0.0
                    ],
                    [
                        -0.6668952904996237,
                        0.9561418411533473,
                        0.9660154413306725,
                        0.0,
                        0.0,
                        0.0
                    ],
                    [
                        0.0,
                        0.0,
                        0.0,
                        0.0,
                        0.0,
                        0.0
                    ],
                    [
                        0.5585464793973103,
                        -0.8002338147926007,
                        0.8709322852780768,
                        0.5833975879199504,
                        0.5271323893011264,
                        0.0
                    ]
                ]
            },
            "est_params": {
                "mui": [
                    0.9520907146232791,
                    -0.39089270104608764,
                    -2.2057104449887435,
                    -3.7847168399936177,
                    -1.8563179947529633,
                    -2.5383795635621293
                ],
                "Si": [
                    [
                        0.658928568587835,
                        0.27112794539230883,
                        -0.2274870644400226,
                        -0.14547054910917026,
                        -0.6298238893335992,
                        -0.3004069934092736
                    ],
                    [
                        0.27112794539230883,
                        0.8926777373053982,
                        0.36335854754951014,
                        1.112420144591162,
                        -0.24117857190558356,
                        0.06795631982307963
                    ],
                    [
                        -0.2274870644400226,
                        0.36335854754951014,
                        0.7703368138603406,
                        0.9516436127982247,
                        -0.13458634321356272,
                        0.3727719536946349
                    ],
                    [
                        -0.14547054910917026,
                        1.1124201445911617,
                        0.9516436127982247,
                        2.457725242734737,
                        0.010567139266407477,
                        0.6731484307654747
                    ],
                    [
                        -0.6298238893335992,
                        -0.24117857190558356,
                        -0.13458634321356272,
                        0.010567139266407477,
                        1.9104936375902581,
                        0.24667195556623478
                    ],
                    [
                        -0.3004069934092735,
                        0.06795631982307958,
                        0.3727719536946349,
                        0.6731484307654747,
                        0.24667195556623486,
                        5.582943607858632
                    ]
                ]
            },
            "est_tgt": [
                1,
                2,
                3,
                4,
                5
            ]
        },
        "5": {
            "intv_type": "hard",
            "inode": 5,
            "new_mui": 0.0,
            "new_sigmai": 0.1,
            "true_params": {
                "Si": [
                    [
                        1.0,
                        0.0,
                        -0.9022475446507479,
                        -1.5384803505349316,
                        -1.3253765259447756,
                        0.0
                    ],
                    [
                        0.0,
                        1.0,
                        0.7526181422645741,
                        1.6831825880065308,
                        -0.033830392331224646,
                        0.0
                    ],
                    [
                        -0.9022475446507479,
                        0.7526181422645741,
                        2.3804846998940823,
                        3.62089931257179,
                        1.0648295550111466,
                        0.0
                    ],
                    [
                        -1.5384803505349316,
                        1.6831825880065308,
                        3.62089931257179,
                        7.133211246439743,
                        2.5761071579665407,
                        0.0
                    ],
                    [
                        -1.3253765259447756,
                        -0.033830392331224646,
                        1.0648295550111466,
                        2.5761071579665407,
                        3.2532144617658343,
                        0.0
                    ],
                    [
                        0.0,
                        0.0,
                        0.0,
                        0.0,
                        0.0,
                        0.1
                    ]
                ],
                "mui": [
                    0.0,
                    0.0,
                    0.0,
                    0.0,
                    0.0,
                    0.0
                ],
                "Ai": [
                    [
                        0.0,
                        0.0,
                        0.0,
                        0.0,
                        0.0,
                        0.0
                    ],
                    [
                        0.0,
                        0.0,
                        0.0,
                        0.0,
                        0.0,
                        0.0
                    ],
                    [
                        -0.9022475446507479,
                        0.7526181422645741,
                        0.0,
                        0.0,
                        0.0,
                        0.0
                    ],
                    [
                        -0.6668952904996237,
                        0.9561418411533473,
                        0.9660154413306725,
                        0.0,
                        0.0,
                        0.0
                    ],
                    [
                        -0.956478941466619,
                        -0.6198116941593954,
                        -0.7778007576984585,
                        0.6959246557596981,
                        0.0,
                        0.0
                    ],
                    [
                        0.0,
                        0.0,
                        0.0,
                        0.0,
                        0.0,
                        0.0
                    ]
                ]
            },
            "est_params": {
                "mui": [
                    0.37761154073659514,
                    -0.15231802166444464,
                    -0.9001071500706476,
                    -1.5142755778623556,
                    -0.21779870369537596,
                    -1.3044142688644231
                ],
                "Si": [
                    [
                        0.642137693619765,
                        -0.045504582675182585,
                        -0.3448893412232854,
                        -0.44194449373245226,
                        -0.1393347171236151,
                        -0.18297697405429247
                    ],
                    [
                        -0.04550458267518258,
                        0.7572924305096117,
                        0.4428343555023847,
                        1.1969670440416806,
                        0.029026585275783313,
                        0.20604742307150445
                    ],
                    [
                        -0.3448893412232854,
                        0.4428343555023848,
                        0.8246268008912592,
                        0.8549039377514572,
                        -0.04377652349160046,
                        0.3534099895600164
                    ],
                    [
                        -0.44194449373245226,
                        1.1969670440416806,
                        0.854903937751457,
                        2.651532883095466,
                        0.048040970414781864,
                        0.48992140017900904
                    ],
                    [
                        -0.1393347171236151,
                        0.0290265852757833,
                        -0.04377652349160045,
                        0.04804097041478186,
                        0.3795686644953586,
                        -0.020009168642399086
                    ],
                    [
                        -0.18297697405429247,
                        0.20604742307150448,
                        0.3534099895600164,
                        0.48992140017900904,
                        -0.02000916864239908,
                        1.4094637104646155
                    ]
                ]
            },
            "est_tgt": [
                1,
                2,
                3,
                4,
                5
            ]
        },
        "obs": {
            "intv_type": "obs",
            "true_params": {
                "Si": [
                    [
                        1.0,
                        0.0,
                        -0.9022475446507479,
                        -1.5384803505349316,
                        -1.3253765259447756,
                        -1.823444656961114
                    ],
                    [
                        0.0,
                        1.0,
                        0.7526181422645741,
                        1.6831825880065308,
                        -0.033830392331224646,
                        0.8193771901229424
                    ],
                    [
                        -0.9022475446507479,
                        0.7526181422645741,
                        2.3804846998940823,
                        3.62089931257179,
                        1.0648295550111466,
                        3.6407533756590764
                    ],
                    [
                        -1.5384803505349316,
                        1.6831825880065308,
                        3.62089931257179,
                        7.133211246439743,
                        2.5761071579665407,
                        6.466753462824837
                    ],
                    [
                        -1.3253765259447756,
                        -0.033830392331224646,
                        1.0648295550111466,
                        2.5761071579665407,
                        3.2532144617658343,
                        3.43195168356695
                    ],
                    [
                        -1.823444656961114,
                        0.8193771901229424,
                        3.6407533756590764,
                        6.466753462824837,
                        3.43195168356695,
                        8.078458992278708
                    ]
                ],
                "mui": [
                    0.0,
                    0.0,
                    0.0,
                    0.0,
                    0.0,
                    0.0
                ],
                "Ai": [
                    [
                        0.0,
                        0.0,
                        0.0,
                        0.0,
                        0.0,
                        0.0
                    ],
                    [
                        0.0,
                        0.0,
                        0.0,
                        0.0,
                        0.0,
                        0.0
                    ],
                    [
                        -0.9022475446507479,
                        0.7526181422645741,
                        0.0,
                        0.0,
                        0.0,
                        0.0
                    ],
                    [
                        -0.6668952904996237,
                        0.9561418411533473,
                        0.9660154413306725,
                        0.0,
                        0.0,
                        0.0
                    ],
                    [
                        -0.956478941466619,
