{
    "expt_args": {
        "save_dir": "expt_logs_30.04.24-hard",
        "exp_name": "24",
        "num_nodes": 6,
        "obs_noise_mean": 0.0,
        "obs_noise_var": 1.0,
        "max_edge_strength": 1.0,
        "graph_sparsity_method": "adj_dense_prop",
        "adj_dense_prop": 0.8,
        "num_parents": null,
        "new_noise_mean": 0.0,
        "mix_samples": 1024,
        "stage2_samples": 1024,
        "gmm_tol": 0.001,
        "intv_type": "hard",
        "new_noise_sigma": 8.0,
        "intv_targets": [
            0,
            1,
            2,
            3,
            4,
            5
        ]
    },
    "intv_args_dict": {
        "0": {
            "intv_type": "hard",
            "inode": 0,
            "new_mui": 0.0,
            "new_sigmai": 8.0,
            "true_params": {
                "Si": [
                    [
                        8.0,
                        0.0,
                        4.803114549208711,
                        -11.16486787663927,
                        -1.847673562842415,
                        7.066086754695756
                    ],
                    [
                        0.0,
                        1.0,
                        0.9679082517421228,
                        -0.6764559159655081,
                        0.2841683678748465,
                        0.4708419606753923
                    ],
                    [
                        4.803114549208711,
                        0.9679082517421228,
                        4.8205850553930425,
                        -8.056899016430036,
                        -1.302100414073833,
                        5.051428150242997
                    ],
                    [
                        -11.16486787663927,
                        -0.6764559159655081,
                        -8.056899016430036,
                        17.527816259401323,
                        2.0046036170353814,
                        -10.458116124713182
                    ],
                    [
                        -1.847673562842415,
                        0.2841683678748465,
                        -1.302100414073833,
                        2.0046036170353814,
                        2.2286822183728017,
                        -2.6395561709851285
                    ],
                    [
                        7.066086754695756,
                        0.4708419606753923,
                        5.051428150242997,
                        -10.458116124713182,
                        -2.6395561709851285,
                        8.585118692422704
                    ]
                ],
                "mui": [
                    0.0,
                    0.0,
                    0.0,
                    0.0,
                    0.0,
                    0.0
                ],
                "Ai": [
                    [
                        0.0,
                        0.0,
                        0.0,
                        0.0,
                        0.0,
                        0.0
                    ],
                    [
                        -0.0,
                        0.0,
                        0.0,
                        0.0,
                        0.0,
                        0.0
                    ],
                    [
                        0.6003893186510889,
                        0.9679082517421228,
                        0.0,
                        0.0,
                        0.0,
                        0.0
                    ],
                    [
                        -0.9760057941874771,
                        -0.0,
                        -0.6988843361423625,
                        0.0,
                        0.0,
                        0.0
                    ],
                    [
                        -0.6418296301138666,
                        0.7369808691837911,
                        -0.9631629681226194,
                        -0.7087540695465218,
                        0.0,
                        0.0
                    ],
                    [
                        -0.0,
                        0.8645537701765427,
                        -0.629965507682216,
                        -0.7387013385967331,
                        -0.9982176730273804,
                        0.0
                    ]
                ]
            },
            "est_params": {
                "mui": [
                    -0.4447916943293469,
                    -0.05309249050632229,
                    -0.42425582615687224,
                    0.6973127610009932,
                    0.18276307523157162,
                    -0.5902070471886626
                ],
                "Si": [
                    [
                        54.78706889962161,
                        -0.2446293515369182,
                        33.13516848978053,
                        -77.5685622987282,
                        -11.584382288235151,
                        47.48900873252876
                    ],
                    [
                        -0.24462935153691825,
                        1.1050703776912891,
                        0.8695661496865541,
                        -0.23990008677349128,
                        0.25165810002218486,
                        0.3639719910716108
                    ],
                    [
                        33.13516848978053,
                        0.8695661496865541,
                        21.834983412148425,
                        -48.098719481604746,
                        -7.296010809420022,
                        29.739225532941873
                    ],
                    [
                        -77.5685622987282,
                        -0.23990008677349134,
                        -48.098719481604746,
                        111.61159510620692,
                        15.982336986963267,
                        -67.90734771933396
                    ],
                    [
                        -11.584382288235151,
                        0.25165810002218486,
                        -7.296010809420022,
                        15.982336986963267,
                        4.187497686111898,
                        -11.194985389771402
                    ],
                    [
                        47.48900873252876,
                        0.3639719910716108,
                        29.739225532941873,
                        -67.90734771933396,
                        -11.194985389771402,
                        43.67380042971315
                    ]
                ]
            },
            "est_tgt": [
                0,
                2,
                3,
                4
            ]
        },
        "1": {
            "intv_type": "hard",
            "inode": 1,
            "new_mui": 0.0,
            "new_sigmai": 8.0,
            "true_params": {
                "Si": [
                    [
                        1.0,
                        0.0,
                        0.6003893186510889,
                        -1.3956084845799088,
                        -0.23095919535530188,
                        0.8832608443369695
                    ],
                    [
                        0.0,
                        8.0,
                        7.743266013936982,
                        -5.411647327724065,
                        2.273346942998772,
                        3.7667356854031384
                    ],
                    [
                        0.6003893186510889,
                        7.743266013936982,
                        8.85523840427426,
                        -6.774770867325303,
                        1.5938999805262668,
                        4.529448247613453
                    ],
                    [
                        -1.3956084845799088,
                        -5.411647327724065,
                        -6.774770867325303,
                        7.0969032074944565,
                        -1.5972882864262938,
                        -4.0588386340216385
                    ],
                    [
                        -0.23095919535530188,
                        2.273346942998772,
                        1.5938999805262668,
                        -1.5972882864262938,
                        2.420548798043201,
                        -0.2749869332619189
                    ],
                    [
                        0.8832608443369695,
                        3.7667356854031384,
                        4.529448247613453,
                        -4.0588386340216385,
                        -0.2749869332619189,
                        4.675915721979242
                    ]
                ],
                "mui": [
                    0.0,
                    0.0,
                    0.0,
                    0.0,
                    0.0,
                    0.0
                ],
                "Ai": [
                    [
                        0.0,
                        0.0,
                        0.0,
                        0.0,
                        0.0,
                        0.0
                    ],
                    [
                        0.0,
                        0.0,
                        0.0,
                        0.0,
                        0.0,
                        0.0
                    ],
                    [
                        0.6003893186510889,
                        0.9679082517421228,
                        0.0,
                        0.0,
                        0.0,
                        0.0
                    ],
                    [
                        -0.9760057941874771,
                        -0.0,
                        -0.6988843361423625,
                        0.0,
                        0.0,
                        0.0
                    ],
                    [
                        -0.6418296301138666,
                        0.7369808691837911,
                        -0.9631629681226194,
                        -0.7087540695465218,
                        0.0,
                        0.0
                    ],
                    [
                        -0.0,
                        0.8645537701765427,
                        -0.629965507682216,
                        -0.7387013385967331,
                        -0.9982176730273804,
                        0.0
                    ]
                ]
            },
            "est_params": {
                "mui": [
                    0.10524774646351272,
                    -4.205593743290942,
                    -7.834357196740396,
                    5.590351405753984,
                    0.3732729806751058,
                    -3.3048607119860254
                ],
                "Si": [
                    [
                        0.7634693811231053,
                        0.08640288272403883,
                        0.6196621402423288,
                        -1.1812827750014356,
                        -0.1379180537722308,
                        0.678530232783425
                    ],
                    [
                        0.08640288272403863,
                        29.802075804912732,
                        12.139559435073789,
                        -7.390732453373373,
                        15.380959398894465,
                        7.897117232086756
                    ],
                    [
                        0.6196621402423288,
                        12.139559435073789,
                        21.470034957208835,
                        -15.082314712242235,
                        -1.3084434634704534,
                        9.090201762409855
                    ],
                    [
                        -1.1812827750014356,
                        -7.390732453373374,
                        -15.082314712242235,
                        12.503978371532176,
                        1.0029167230480933,
                        -6.903078878242364
                    ],
                    [
                        -0.13791805377223076,
                        15.380959398894465,
                        -1.3084434634704545,
                        1.0029167230480935,
                        12.993574358676174,
                        0.46837935544098835
                    ],
                    [
                        0.6785302327834251,
                        7.897117232086756,
                        9.090201762409855,
                        -6.903078878242364,
                        0.46837935544098835,
                        6.313164243909772
                    ]
                ]
            },
            "est_tgt": [
                0,
                1,
                2,
                4,
                5
            ]
        },
        "2": {
            "intv_type": "hard",
            "inode": 2,
            "new_mui": 0.0,
            "new_sigmai": 8.0,
            "true_params": {
                "Si": [
                    [
                        1.0,
                        0.0,
                        0.0,
                        -0.9760057941874771,
                        0.049918448417492746,
                        0.67114730922401
                    ],
                    [
                        0.0,
                        1.0,
                        0.0,
                        0.0,
                        0.7369808691837911,
                        0.1288864418742024
                    ],
                    [
                        0.0,
                        0.0,
                        8.0,
                        -5.5910746891389,
                        -3.7426068059152056,
                        2.8263465524606035
                    ],
                    [
                        -0.9760057941874771,
                        0.0,
                        -5.5910746891389,
                        5.860101832728733,
                        1.8581745085550927,
                        -2.6615434971259697
                    ],
                    [
                        0.049918448417492746,
                        0.7369808691837911,
                        -3.7426068059152056,
                        1.8581745085550927,
                        3.7988531970944144,
                        -2.1698456098480627
                    ],
                    [
                        0.67114730922401,
                        0.1288864418742024,
                        2.8263465524606035,
                        -2.6615434971259697,
                        -2.1698456098480627,
                        3.462992397991851
                    ]
                ],
                "mui": [
                    0.0,
                    0.0,
                    0.0,
                    0.0,
                    0.0,
                    0.0
                ],
                "Ai": [
                    [
                        0.0,
                        0.0,
                        0.0,
                        0.0,
                        0.0,
                        0.0
                    ],
                    [
                        -0.0,
                        0.0,
                        0.0,
                        0.0,
                        0.0,
                        0.0
                    ],
                    [
                        0.0,
                        0.0,
                        0.0,
                        0.0,
                        0.0,
                        0.0
                    ],
                    [
                        -0.9760057941874771,
                        -0.0,
                        -0.6988843361423625,
                        0.0,
                        0.0,
                        0.0
                    ],
                    [
                        -0.6418296301138666,
                        0.7369808691837911,
                        -0.9631629681226194,
                        -0.7087540695465218,
                        0.0,
                        0.0
                    ],
                    [
                        -0.0,
                        0.8645537701765427,
                        -0.629965507682216,
                        -0.7387013385967331,
                        -0.9982176730273804,
                        0.0
                    ]
                ]
            },
            "est_params": {
                "mui": [
                    -0.20885085682685228,
                    3.5826558629344114,
                    7.653835018593391,
                    -5.271291945453215,
                    -1.0753559242490278,
                    3.175629942339201
                ],
                "Si": [
                    [
                        0.6777822279536506,
                        -0.23149833372252998,
                        -0.07578555888741216,
                        -0.6921776955664168,
                        0.043386245911279625,
                        0.3562138037885013
                    ],
                    [
                        -0.23149833372253004,
                        30.085871340477464,
                        12.371613245183351,
                        -8.809159168714263,
                        16.147521280909306,
                        8.354460290925156
                    ],
                    [
                        -0.07578555888741217,
                        12.371613245183351,
                        25.208736472658025,
                        -16.829311540448643,
                        -3.549630835529158,
                        10.068934467452953
                    ],
                    [
                        -0.692177695566417,
                        -8.809159168714263,
                        -16.829311540448643,
                        13.052205926377356,
                        1.082817149032984,
                        -7.154188709846921
                    ],
                    [
                        0.04338624591127967,
                        16.147521280909306,
                        -3.549630835529158,
                        1.082817149032984,
                        15.23111152436202,
                        0.31384712291555955
                    ],
                    [
                        0.3562138037885013,
                        8.354460290925156,
                        10.068934467452955,
                        -7.15418870984692,
                        0.31384712291555955,
                        6.5177666124889635
                    ]
                ]
            },
            "est_tgt": [
                0,
                1,
                2,
                4,
                5
            ]
        },
        "3": {
            "intv_type": "hard",
            "inode": 3,
            "new_mui": 0.0,
            "new_sigmai": 8.0,
            "true_params": {
                "Si": [
                    [
                        1.0,
                        0.0,
                        0.6003893186510889,
                        0.0,
                        -1.2201023882949664,
                        0.8397032049679378
                    ],
                    [
                        0.0,
                        1.0,
                        0.9679082517421228,
                        0.0,
                        -0.19527251543452734,
                        0.4497294329412672
                    ],
                    [
                        0.6003893186510889,
                        0.9679082517421228,
                        2.2973137177408116,
                        0.0,
                        -1.8847052887431208,
                        1.270926453398284
                    ],
                    [
                        0.0,
                        0.0,
                        0.0,
                        8.0,
                        -5.670032556372174,
                        -0.24968400436254434
                    ],
                    [
                        -1.2201023882949664,
                        -0.19527251543452734,
                        -1.8847052887431208,
                        -5.670032556372174,
                        7.473122745160029,
                        -2.252866823018812
                    ],
                    [
                        0.8397032049679378,
                        0.4497294329412672,
                        1.270926453398284,
                        -0.24968400436254434,
                        -2.252866823018812,
                        3.021468834330153
                    ]
                ],
                "mui": [
                    0.0,
                    0.0,
                    0.0,
                    0.0,
                    0.0,
                    0.0
                ],
                "Ai": [
                    [
                        0.0,
                        0.0,
                        0.0,
                        0.0,
                        0.0,
                        0.0
                    ],
                    [
                        -0.0,
                        0.0,
                        0.0,
                        0.0,
                        0.0,
                        0.0
                    ],
                    [
                        0.6003893186510889,
                        0.9679082517421228,
                        0.0,
                        0.0,
                        0.0,
                        0.0
                    ],
                    [
                        0.0,
                        0.0,
                        0.0,
                        0.0,
                        0.0,
                        0.0
                    ],
                    [
                        -0.6418296301138666,
                        0.7369808691837911,
                        -0.9631629681226194,
                        -0.7087540695465218,
                        0.0,
                        0.0
                    ],
                    [
                        -0.0,
                        0.8645537701765427,
                        -0.629965507682216,
                        -0.7387013385967331,
                        -0.9982176730273804,
                        0.0
                    ]
                ]
            },
            "est_params": {
                "mui": [
                    -0.021128608140979496,
                    -0.08410452594823066,
                    -0.07636102491973056,
                    -0.3954577125370976,
                    0.2776862976857052,
                    0.04331002926050176
                ],
                "Si": [
                    [
                        0.8806110767048064,
                        -0.06274249513267911,
                        0.5136242620718674,
                        -0.08953701050207845,
                        -0.9008569366410649,
                        0.644174832041816
                    ],
                    [
                        -0.0627424951326791,
                        0.7809121027943219,
                        0.8576112051128786,
                        0.15671889104503536,
                        -0.23331115535138539,
                        0.19861871398585296
                    ],
                    [
                        0.5136242620718674,
                        0.8576112051128786,
                        2.446769021660617,
                        0.5098335661831546,
                        -1.8925870306476082,
                        0.7223557239757277
                    ],
                    [
                        -0.08953701050207845,
                        0.15671889104503542,
                        0.5098335661831546,
                        64.66527295034253,
                        -45.976328401107054,
                        -2.0969339484398386
                    ],
                    [
                        -0.9008569366410648,
                        -0.2333111553513855,
                        -1.8925870306476082,
                        -45.976328401107054,
                        35.264872351169835,
                        -0.4731135853795524
                    ],
                    [
                        0.644174832041816,
                        0.19861871398585293,
                        0.7223557239757277,
                        -2.096933948439839,
                        -0.4731135853795524,
                        3.068294156664212
                    ]
                ]
            },
            "est_tgt": [
                0,
                3,
                4
            ]
        },
        "4": {
            "intv_type": "hard",
            "inode": 4,
            "new_mui": 0.0,
            "new_sigmai": 8.0,
            "true_params": {
                "Si": [
                    [
                        1.0,
                        0.0,
                        0.6003893186510889,
                        -1.3956084845799088,
                        0.0,
                        0.6527132937851239
                    ],
                    [
                        0.0,
                        1.0,
                        0.9679082517421228,
                        -0.6764559159655081,
                        0.0,
                        0.7545038476034102
                    ],
                    [
                        0.6003893186510889,
                        0.9679082517421228,
                        2.2973137177408116,
                        -2.191540026305764,
                        0.0,
                        1.0084738767471166
                    ],
                    [
                        -1.3956084845799088,
                        -0.6764559159655081,
                        -2.191540026305764,
                        3.8937549637813147,
                        0.0,
                        -2.0805598911415304
                    ],
                    [
                        0.0,
                        0.0,
                        0.0,
                        0.0,
                        8.0,
                        -7.985741384219043
                    ],
                    [
                        0.6527132937851239,
                        0.7545038476034102,
                        1.0084738767471166,
                        -2.0805598911415304,
                        -7.985741384219043,
                        10.525425946879492
                    ]
                ],
                "mui": [
                    0.0,
                    0.0,
                    0.0,
                    0.0,
                    0.0,
                    0.0
                ],
                "Ai": [
                    [
                        0.0,
                        0.0,
                        0.0,
                        0.0,
                        0.0,
                        0.0
                    ],
                    [
                        -0.0,
                        0.0,
                        0.0,
                        0.0,
                        0.0,
                        0.0
                    ],
                    [
                        0.6003893186510889,
                        0.9679082517421228,
                        0.0,
                        0.0,
                        0.0,
                        0.0
                    ],
                    [
                        -0.9760057941874771,
                        -0.0,
                        -0.6988843361423625,
                        0.0,
                        0.0,
                        0.0
                    ],
                    [
                        0.0,
                        0.0,
                        0.0,
                        0.0,
                        0.0,
                        0.0
                    ],
                    [
                        -0.0,
                        0.8645537701765427,
                        -0.629965507682216,
                        -0.7387013385967331,
                        -0.9982176730273804,
                        0.0
                    ]
                ]
            },
            "est_params": {
                "mui": [
                    0.2538246059406886,
                    0.04262831601595806,
                    0.1623435147945758,
                    -0.23217254496540882,
                    4.065191158158359,
                    -7.920369623657144
                ],
                "Si": [
                    [
                        0.8280697362477256,
                        -0.016108253743660685,
                        0.46671487338536516,
                        -1.1928695599555985,
                        -0.4282673761004684,
                        0.6033163489898736
                    ],
                    [
                        -0.01610825374366067,
                        0.9032788988082159,
                        0.8832914389494879,
                        -0.6580971400189796,
                        -0.15128356686646033,
                        1.2052661067819648
                    ],
                    [
                        0.4667148733853652,
                        0.8832914389494879,
                        2.1595778311319074,
                        -1.9949048850146414,
                        -1.2776157630097191,
                        1.9346337767950355
                    ],
                    [
                        -1.192869559955599,
                        -0.6580971400189796,
                        -1.9949048850146414,
                        3.5003332650194645,
                        1.137529662595039,
                        -2.3417843499521944
                    ],
                    [
                        -0.4282673761004684,
                        -0.1512835668664603,
                        -1.2776157630097191,
                        1.137529662595039,
                        30.718849832234106,
                        -13.201688729310776
                    ],
                    [
                        0.6033163489898736,
                        1.2052661067819648,
                        1.9346337767950355,
                        -2.341784349952194,
                        -13.201688729310776,
                        20.27623511143011
                    ]
                ]
            },
            "est_tgt": [
                0,
                1,
                4,
                5
            ]
        },
        "5": {
            "intv_type": "hard",
            "inode": 5,
            "new_mui": 0.0,
            "new_sigmai": 8.0,
            "true_params": {
                "Si": [
                    [
                        1.0,
                        0.0,
                        0.6003893186510889,
                        -1.3956084845799088,
                        -0.23095919535530188,
                        0.0
                    ],
                    [
                        0.0,
                        1.0,
                        0.9679082517421228,
                        -0.6764559159655081,
                        0.2841683678748465,
                        0.0
                    ],
                    [
                        0.6003893186510889,
                        0.9679082517421228,
                        2.2973137177408116,
                        -2.191540026305764,
                        -0.331442376524819,
                        0.0
                    ],
                    [
                        -1.3956084845799088,
                        -0.6764559159655081,
                        -2.191540026305764,
                        3.8937549637813147,
                        -0.25169667137187457,
                        0.0
                    ],
                    [
                        -0.23095919535530188,
                        0.2841683678748465,
                        -0.331442376524819,
                        -0.25169667137187457,
                        1.8552871689386223,
                        0.0
                    ],
                    [
                        0.0,
                        0.0,
                        0.0,
                        0.0,
                        0.0,
                        8.0
                    ]
                ],
                "mui": [
                    0.0,
                    0.0,
                    0.0,
                    0.0,
                    0.0,
                    0.0
                ],
                "Ai": [
                    [
                        0.0,
                        0.0,
                        0.0,
                        0.0,
                        0.0,
                        0.0
                    ],
                    [
                        -0.0,
                        0.0,
                        0.0,
                        0.0,
                        0.0,
                        0.0
                    ],
                    [
                        0.6003893186510889,
                        0.9679082517421228,
                        0.0,
                        0.0,
                        0.0,
                        0.0
                    ],
                    [
                        -0.9760057941874771,
                        -0.0,
                        -0.6988843361423625,
                        0.0,
                        0.0,
                        0.0
                    ],
                    [
                        -0.6418296301138666,
                        0.7369808691837911,
                        -0.9631629681226194,
                        -0.7087540695465218,
                        0.0,
                        0.0
                    ],
                    [
                        0.0,
                        0.0,
                        0.0,
                        0.0,
                        0.0,
                        0.0
                    ]
                ]
            },
            "est_params": {
                "mui": [
                    -0.20042553911110592,
                    -0.35059471713255097,
                    -0.5673913650751885,
                    0.6066807400210471,
                    -3.4558470872682254,
                    7.783737659156635
                ],
                "Si": [
                    [
                        0.7631530226628191,
                        -0.008888841074918575,
                        0.39062204355839764,
                        -0.8987530988465294,
                        0.18023823398440525,
                        0.5189097391019694
                    ],
                    [
                        -0.00888884107491858,
                        0.9627570385001861,
                        0.9867935520827678,
                        -0.7749241389596533,
                        -0.27957567569934527,
                        0.9092922315886215
                    ],
                    [
                        0.3906220435583975,
                        0.9867935520827678,
                        2.31059289522566,
                        -1.9033866192698559,
                        -1.110048856851364,
                        1.4104868814014848
                    ],
                    [
                        -0.8987530988465294,
                        -0.7749241389596533,
                        -1.9033866192698556,
                        3.294076364682609,
                        -0.24013836450313866,
                        -1.5006176969373402
                    ],
                    [
                        0.18023823398440525,
                        -0.27957567569934544,
                        -1.110048856851364,
                        -0.24013836450313877,
                        24.496047258083493,
                        -5.9076207830406515
                    ],
                    [
                        0.5189097391019694,
                        0.9092922315886214,
                        1.4104868814014848,
                        -1.5006176969373402,
                        -5.9076207830406515,
                        26.1379095765377
                    ]
                ]
            },
            "est_tgt": [
                0,
                1,
                4,
                5
            ]
        },
        "obs": {
            "intv_type": "obs",
            "true_params": {
                "Si": [
                    [
                        1.0,
                        0.0,
                        0.6003893186510889,
                        -1.3956084845799088,
                        -0.23095919535530188,
                        0.8832608443369695
                    ],
                    [
                        0.0,
                        1.0,
                        0.9679082517421228,
                        -0.6764559159655081,
                        0.2841683678748465,
                        0.4708419606753923
                    ],
                    [
                        0.6003893186510889,
                        0.9679082517421228,
                        2.2973137177408116,
                        -2.191540026305764,
                        -0.331442376524819,
                        1.3393255145843863
                    ],
                    [
                        -1.3956084845799088,
                        -0.6764559159655081,
                        -2.191540026305764,
                        3.8937549637813147,
                        -0.25169667137187457,
                        -1.8293118255359604
                    ],
                    [
                        -0.23095919535530188,
                        0.2841683678748465,
                        -0.331442376524819,
                        -0.25169667137187457,
                        1.8552871689386223,
                        -1.2115756737067511
                    ],
                    [
                        0.8832608443369695,
                        0.4708419606753923,
                        1.3393255145843863,
                        -1.8293118255359604,
                        -1.2115756737067511,
                        3.124070658450709
                    ]
                ],
                "mui": [
                    0.0,
                    0.0,
                    0.0,
                    0.0,
                    0.0,
                    0.0
                ],
                "Ai": [
                    [
                        0.0,
                        0.0,
                        0.0,
                        0.0,
                        0.0,
                        0.0
                    ],
                    [
                        -0.0,
                        0.0,
                        0.0,
                        0.0,
                        0.0,
                        0.0
                    ],
                    [
                        0.6003893186510889,
                        0.9679082517421228,
                        0.0,
                        0.0,
                        0.0,
                        0.0
                    ],
                    [
                        -0.9760057941874771,
                        -0.0,
                        -0.6988843361423625,
                        0.0,
                        0.0,
                        0.0
                    ],
                    [
                        -0.6418296301138666,
                        0.7369808691837911,
                        -0.9631629681226194,
                        -0.7087540695465218,
                        0.0,
                        0.0
                    ],
                    [
                        -0.0,
