{
    "expt_args": {
        "save_dir": "expt_logs_30.04.24-hard",
        "exp_name": "161",
        "num_nodes": 6,
        "obs_noise_mean": 0.0,
        "obs_noise_var": 1.0,
        "max_edge_strength": 1.0,
        "graph_sparsity_method": "adj_dense_prop",
        "adj_dense_prop": 0.8,
        "num_parents": null,
        "new_noise_mean": 1.0,
        "mix_samples": 2048,
        "stage2_samples": 2048,
        "gmm_tol": 0.001,
        "intv_type": "hard",
        "new_noise_sigma": 0.1,
        "intv_targets": [
            0,
            1,
            2,
            3,
            4,
            5
        ]
    },
    "intv_args_dict": {
        "0": {
            "intv_type": "hard",
            "inode": 0,
            "new_mui": 1.0,
            "new_sigmai": 0.1,
            "true_params": {
                "Si": [
                    [
                        0.1,
                        0.0983101715460931,
                        0.020434561821756594,
                        -0.09078814025355426,
                        0.18929507480442617,
                        -0.18573843751414199
                    ],
                    [
                        0.0983101715460931,
                        1.0966488982942226,
                        0.9756767178971499,
                        -0.781282994989375,
                        2.0390094707414494,
                        -1.7904959473135909
                    ],
                    [
                        0.020434561821756594,
                        0.9756767178971499,
                        1.917323116654317,
                        -1.4040386455797509,
                        3.040104740721261,
                        -3.3341295049750563
                    ],
                    [
                        -0.09078814025355426,
                        -0.781282994989375,
                        -1.4040386455797509,
                        2.085783414512402,
                        -2.862844206298392,
                        3.950061151383104
                    ],
                    [
                        0.18929507480442617,
                        2.0390094707414494,
                        3.040104740721261,
                        -2.862844206298392,
                        6.574169766996927,
                        -7.094059565384504
                    ],
                    [
                        -0.18573843751414199,
                        -1.7904959473135909,
                        -3.3341295049750563,
                        3.950061151383104,
                        -7.094059565384504,
                        9.738334624605557
                    ]
                ],
                "mui": [
                    1.0,
                    0.983101715460931,
                    0.20434561821756592,
                    -0.9078814025355426,
                    1.8929507480442616,
                    -1.8573843751414199
                ],
                "Ai": [
                    [
                        0.0,
                        0.0,
                        0.0,
                        0.0,
                        0.0,
                        0.0
                    ],
                    [
                        0.983101715460931,
                        0.0,
                        0.0,
                        0.0,
                        0.0,
                        0.0
                    ],
                    [
                        -0.7350940580104334,
                        0.9555874651154885,
                        0.0,
                        0.0,
                        0.0,
                        0.0
                    ],
                    [
                        -0.7598958933225488,
                        -0.0,
                        -0.7241922312982227,
                        0.0,
                        0.0,
                        0.0
                    ],
                    [
                        0.5829497759868767,
                        0.6767736845186112,
                        0.8561203767766876,
                        -0.517379420765089,
                        0.0,
                        0.0
                    ],
                    [
                        0.0,
                        0.6664446730678244,
                        0.0,
                        0.9411823548618482,
                        -0.875926286953636,
                        0.0
                    ]
                ]
            },
            "est_params": {
                "mui": [
                    1.000109171192981,
                    1.028533278350382,
                    0.17885890693026757,
                    -0.9035705099956566,
                    1.9202274013465501,
                    -1.7311112613283848
                ],
                "Si": [
                    [
                        0.011002490720467335,
                        -0.00030364883857783825,
                        -0.009596508651694048,
                        -0.001997317165184674,
                        0.001722551618031694,
                        -0.005151054907922101
                    ],
                    [
                        -0.0003036488385778378,
                        0.8930003808667587,
                        0.910895664670953,
                        -0.6939146785240056,
                        1.7581888682732632,
                        -1.614849372499479
                    ],
                    [
                        -0.009596508651694048,
                        0.910895664670953,
                        2.0121374762591167,
                        -1.380175950814589,
                        3.0667102535945205,
                        -3.304312135723914
                    ],
                    [
                        -0.001997317165184673,
                        -0.6939146785240056,
                        -1.3801759508145888,
                        2.021778807738635,
                        -2.5956086642991427,
                        3.714293162008834
                    ],
                    [
                        0.0017225516180316906,
                        1.7581888682732632,
                        3.0667102535945205,
                        -2.595608664299143,
                        6.258818352611459,
                        -6.7296855308397
                    ],
                    [
                        -0.005151054907922101,
                        -1.614849372499479,
                        -3.304312135723914,
                        3.714293162008834,
                        -6.729685530839701,
                        9.358313192320066
                    ]
                ]
            },
            "est_tgt": [
                0,
                3
            ]
        },
        "1": {
            "intv_type": "hard",
            "inode": 1,
            "new_mui": 1.0,
            "new_sigmai": 0.1,
            "true_params": {
                "Si": [
                    [
                        1.0,
                        0.0,
                        -0.7350940580104334,
                        -0.22754648723790782,
                        0.07134864384095968,
                        -0.2766588913779048
                    ],
                    [
                        0.0,
                        0.1,
                        0.09555874651154886,
                        -0.06920290185625982,
                        0.1852913157972913,
                        -0.16078961707664052
                    ],
                    [
                        -0.7350940580104334,
                        0.09555874651154886,
                        1.631678014470831,
                        -0.6230535861719491,
                        1.3554166285643945,
                        -1.7099674785944
                    ],
                    [
                        -0.22754648723790782,
                        -0.06920290185625982,
                        -0.6230535861719491,
                        1.6241222079802813,
                        -1.5531791547927307,
                        2.842945709018749
                    ],
                    [
                        0.07134864384095968,
                        0.1852913157972913,
                        1.3554166285643945,
                        -1.5531791547927307,
                        3.1309756886324998,
                        -4.0808423135372935
                    ],
                    [
                        -0.2766588913779048,
                        -0.16078961707664052,
                        -1.7099674785944,
                        2.842945709018749,
                        -4.0808423135372935,
                        7.143090008713318
                    ]
                ],
                "mui": [
                    0.0,
                    1.0,
                    0.9555874651154885,
                    -0.6920290185625982,
                    1.852913157972913,
                    -1.607896170766405
                ],
                "Ai": [
                    [
                        0.0,
                        0.0,
                        0.0,
                        0.0,
                        0.0,
                        0.0
                    ],
                    [
                        0.0,
                        0.0,
                        0.0,
                        0.0,
                        0.0,
                        0.0
                    ],
                    [
                        -0.7350940580104334,
                        0.9555874651154885,
                        0.0,
                        0.0,
                        0.0,
                        0.0
                    ],
                    [
                        -0.7598958933225488,
                        -0.0,
                        -0.7241922312982227,
                        0.0,
                        0.0,
                        0.0
                    ],
                    [
                        0.5829497759868767,
                        0.6767736845186112,
                        0.8561203767766876,
                        -0.517379420765089,
                        0.0,
                        0.0
                    ],
                    [
                        0.0,
                        0.6664446730678244,
                        0.0,
                        0.9411823548618482,
                        -0.875926286953636,
                        0.0
                    ]
                ]
            },
            "est_params": {
                "mui": [
                    -0.03459084839126351,
                    1.006608451321099,
                    1.0059687013847012,
                    -0.7724738752307116,
                    1.7535230960265369,
                    -1.5752675645420422
                ],
                "Si": [
                    [
                        0.9839127949385181,
                        0.005005969064891637,
                        -0.7140149181744397,
                        -0.19936408916932638,
                        0.014216002143927074,
                        -0.20064817824145492
                    ],
                    [
                        0.005005969064891637,
                        0.010268953471847796,
                        -0.003256172177484982,
                        0.006058755744073388,
                        0.009438987041368856,
                        0.0026281128926726864
                    ],
                    [
                        -0.7140149181744397,
                        -0.0032561721774849823,
                        1.5170705031039624,
                        -0.8002538309481029,
                        1.3949324376589514,
                        -1.9810015262785996
                    ],
                    [
                        -0.19936408916932638,
                        0.006058755744073388,
                        -0.8002538309481028,
                        1.8745685376309993,
                        -1.8989848487988095,
                        3.388803045178474
                    ],
                    [
                        0.01421600214392705,
                        0.009438987041368852,
                        1.3949324376589516,
                        -1.8989848487988095,
                        3.2993661735925426,
                        -4.635015011729084
                    ],
                    [
                        -0.20064817824145492,
                        0.0026281128926726877,
                        -1.9810015262785996,
                        3.388803045178474,
                        -4.635015011729084,
                        8.023013522110865
                    ]
                ]
            },
            "est_tgt": [
                1
            ]
        },
        "2": {
            "intv_type": "hard",
            "inode": 2,
            "new_mui": 1.0,
            "new_sigmai": 0.1,
            "true_params": {
                "Si": [
                    [
                        1.0,
                        0.983101715460931,
                        0.0,
                        -0.7598958933225488,
                        1.6414416433449284,
                        -1.4977995888805844
                    ],
                    [
                        0.983101715460931,
                        1.9664889829422252,
                        0.0,
                        -0.7470549562971143,
                        2.2904777799200198,
                        -1.398848532765674
                    ],
                    [
                        0.0,
                        0.0,
                        0.1,
                        -0.07241922312982228,
                        0.12308025339283396,
                        -0.17596892431428945
                    ],
                    [
                        -0.7598958933225488,
                        -0.7470549562971143,
                        -0.07241922312982228,
                        1.6298872074757442,
                        -1.853837948004823,
                        2.6599756743877068
                    ],
                    [
                        1.6414416433449284,
                        2.2904777799200198,
                        0.12308025339283396,
                        -1.853837948004823,
                        4.571522241347457,
                        -4.222639352816963
                    ],
                    [
                        -1.4977995888805844,
                        -1.398848532765674,
                        -0.17596892431428945,
                        2.6599756743877068,
                        -4.222639352816963,
                        6.269987825462298
                    ]
                ],
                "mui": [
                    0.0,
                    0.0,
                    1.0,
                    -0.7241922312982227,
                    1.2308025339283395,
                    -1.7596892431428945
                ],
                "Ai": [
                    [
                        0.0,
                        0.0,
                        0.0,
                        0.0,
                        0.0,
                        0.0
                    ],
                    [
                        0.983101715460931,
                        0.0,
                        0.0,
                        0.0,
                        0.0,
                        0.0
                    ],
                    [
                        0.0,
                        0.0,
                        0.0,
                        0.0,
                        0.0,
                        0.0
                    ],
                    [
                        -0.7598958933225488,
                        -0.0,
                        -0.7241922312982227,
                        0.0,
                        0.0,
                        0.0
                    ],
                    [
                        0.5829497759868767,
                        0.6767736845186112,
                        0.8561203767766876,
                        -0.517379420765089,
                        0.0,
                        0.0
                    ],
                    [
                        0.0,
                        0.6664446730678244,
                        0.0,
                        0.9411823548618482,
                        -0.875926286953636,
                        0.0
                    ]
                ]
            },
            "est_params": {
                "mui": [
                    0.15032216608909435,
                    0.24108296847599753,
                    0.9895785744039495,
                    -0.9127170805846191,
                    1.5247646273899733,
                    -2.197403473001925
                ],
                "Si": [
                    [
                        1.1193307854069774,
                        1.1452346911892235,
                        0.011237683958288096,
                        -0.8002366187400006,
                        1.9300159501784893,
                        -1.6111922059742432
                    ],
                    [
                        1.1452346911892235,
                        2.0420005350880004,
                        0.0067151235677803435,
                        -0.7344487749563641,
                        2.4556811871088735,
                        -1.3806672197722702
                    ],
                    [
                        0.011237683958288096,
                        0.0067151235677803435,
                        0.010434898822185894,
                        -0.012382047744892348,
                        0.023990013109080652,
                        -0.041343250790794914
                    ],
                    [
                        -0.8002366187400006,
                        -0.7344487749563641,
                        -0.012382047744892348,
                        1.5370279379048581,
                        -1.7499808300833737,
                        2.4627786643705263
                    ],
                    [
                        1.9300159501784893,
                        2.4556811871088735,
                        0.02399001310908066,
                        -1.7499808300833732,
                        4.907297844359058,
                        -4.18997589004322
                    ],
                    [
                        -1.6111922059742427,
                        -1.3806672197722702,
                        -0.041343250790794914,
                        2.4627786643705263,
                        -4.18997589004322,
                        6.081384425919603
                    ]
                ]
            },
            "est_tgt": [
                2,
                4
            ]
        },
        "3": {
            "intv_type": "hard",
            "inode": 3,
            "new_mui": 1.0,
            "new_sigmai": 0.1,
            "true_params": {
                "Si": [
                    [
                        1.0,
                        0.983101715460931,
                        0.20434561821756592,
                        0.0,
                        1.423231593877026,
                        -0.5914630641470311
                    ],
                    [
                        0.983101715460931,
                        1.9664889829422252,
                        1.1564799929321021,
                        0.0,
                        2.894053006635062,
                        -1.2244209970204465
                    ],
                    [
                        0.20434561821756592,
                        1.1564799929321021,
                        1.9549045351705643,
                        0.0,
                        2.5754320654652245,
                        -1.485158715605173
                    ],
                    [
                        0.0,
                        0.0,
                        0.0,
                        0.1,
                        -0.051737942076508905,
                        0.13943685898388355
                    ],
                    [
                        1.423231593877026,
                        2.894053006635062,
                        2.5754320654652245,
                        -0.051737942076508905,
                        6.019939472072607,
                        -3.392991857769606
                    ],
                    [
                        -0.5914630641470311,
                        -1.2244209970204465,
                        -1.485158715605173,
                        0.13943685898388355,
                        -3.392991857769606,
                        3.2872374198763703
                    ]
                ],
                "mui": [
                    0.0,
                    0.0,
                    0.0,
                    1.0,
                    -0.517379420765089,
                    1.3943685898388356
                ],
                "Ai": [
                    [
                        0.0,
                        0.0,
                        0.0,
                        0.0,
                        0.0,
                        0.0
                    ],
                    [
                        0.983101715460931,
                        0.0,
                        0.0,
                        0.0,
                        0.0,
                        0.0
                    ],
                    [
                        -0.7350940580104334,
                        0.9555874651154885,
                        0.0,
                        0.0,
                        0.0,
                        0.0
                    ],
                    [
                        0.0,
                        0.0,
                        0.0,
                        0.0,
                        0.0,
                        0.0
                    ],
                    [
                        0.5829497759868767,
                        0.6767736845186112,
                        0.8561203767766876,
                        -0.517379420765089,
                        0.0,
                        0.0
                    ],
                    [
                        0.0,
                        0.6664446730678244,
                        0.0,
                        0.9411823548618482,
                        -0.875926286953636,
                        0.0
                    ]
                ]
            },
            "est_params": {
                "mui": [
                    -0.14227486699789071,
                    -0.2240034671847521,
                    -0.07815337173031249,
                    0.9934649796583462,
                    -0.8492204776530016,
                    1.3988435991954895
                ],
                "Si": [
                    [
                        1.0405308275355565,
                        0.9606640348593908,
                        0.1817667630519235,
                        0.0030608548250590697,
                        1.4333068591784943,
                        -0.7175501333214427
                    ],
                    [
                        0.9606640348593908,
                        1.7977385556228869,
                        1.1207126709635649,
                        0.007720134111730927,
                        2.702974920956185,
                        -1.2308935823592686
                    ],
                    [
                        0.18176676305192355,
                        1.1207126709635649,
                        2.0563418262644295,
                        0.006756348078042717,
                        2.5729564875921107,
                        -1.526140522868723
                    ],
                    [
                        0.0030608548250590705,
                        0.007720134111730928,
                        0.006756348078042717,
                        0.011845275213182025,
                        0.004124579316194396,
                        0.00237279016698055
                    ],
                    [
                        1.4333068591784945,
                        2.702974920956185,
                        2.5729564875921107,
                        0.0041245793161943925,
                        5.7059369286483195,
                        -3.2427242740345275
                    ],
                    [
                        -0.7175501333214427,
                        -1.2308935823592686,
                        -1.5261405228687233,
                        0.002372790166980553,
                        -3.2427242740345275,
                        3.169569750552928
                    ]
                ]
            },
            "est_tgt": [
                2,
                3,
                4,
                5
            ]
        },
        "4": {
            "intv_type": "hard",
            "inode": 4,
            "new_mui": 1.0,
            "new_sigmai": 0.1,
            "true_params": {
                "Si": [
                    [
                        1.0,
                        0.983101715460931,
                        0.20434561821756592,
                        -0.9078814025355426,
                        0.0,
                        -0.19929905502090206
                    ],
                    [
                        0.983101715460931,
                        1.9664889829422252,
                        1.1564799929321021,
                        -1.5845687828303663,
                        0.0,
                        -0.18081207113644676
                    ],
                    [
                        0.20434561821756592,
                        1.1564799929321021,
                        1.9549045351705643,
                        -1.5710080734021716,
                        0.0,
                        -0.7078751472325165
                    ],
                    [
                        -0.9078814025355426,
                        -1.5845687828303663,
                        -1.5710080734021716,
                        2.827607191475315,
                        0.0,
                        1.6052665706701705
                    ],
                    [
                        0.0,
                        0.0,
                        0.0,
                        0.0,
                        0.1,
                        -0.0875926286953636
                    ],
                    [
                        -0.19929905502090206,
                        -0.18081207113644676,
                        -0.7078751472325165,
                        1.6052665706701705,
                        -0.0875926286953636,
                        2.4670720155467474
                    ]
                ],
                "mui": [
                    0.0,
                    0.0,
                    0.0,
                    0.0,
                    1.0,
                    -0.875926286953636
                ],
                "Ai": [
                    [
                        0.0,
                        0.0,
                        0.0,
                        0.0,
                        0.0,
                        0.0
                    ],
                    [
                        0.983101715460931,
                        0.0,
                        0.0,
                        0.0,
                        0.0,
                        0.0
                    ],
                    [
                        -0.7350940580104334,
                        0.9555874651154885,
                        0.0,
                        0.0,
                        0.0,
                        0.0
                    ],
                    [
                        -0.7598958933225488,
                        -0.0,
                        -0.7241922312982227,
                        0.0,
                        0.0,
                        0.0
                    ],
                    [
                        0.0,
                        0.0,
                        0.0,
                        0.0,
                        0.0,
                        0.0
                    ],
                    [
                        0.0,
                        0.6664446730678244,
                        0.0,
                        0.9411823548618482,
                        -0.875926286953636,
                        0.0
                    ]
                ]
            },
            "est_params": {
                "mui": [
                    -0.03909437183521446,
                    -0.018442385601036167,
                    -0.01944255793440075,
                    0.06888469933253118,
                    1.0044940098713522,
                    -0.8229077340260794
                ],
                "Si": [
                    [
                        0.9821778945594446,
                        0.9453281113577916,
                        0.1054141644173544,
                        -0.885648826090563,
                        0.008831088003264835,
                        -0.2179628270118718
                    ],
                    [
                        0.9453281113577916,
                        1.9501200395945342,
                        1.0349883873723909,
                        -1.4293069113918377,
                        0.0015562653780882606,
                        -0.04876134130822181
                    ],
                    [
                        0.10541416441735439,
                        1.0349883873723909,
                        1.7839327915752328,
                        -1.3426944616018481,
                        0.000349351171706903,
                        -0.5732846740953504
                    ],
                    [
                        -0.8856488260905632,
                        -1.4293069113918377,
                        -1.3426944616018481,
                        2.614683058996575,
                        -0.002263736359183938,
                        1.488198012605295
                    ],
                    [
                        0.008831088003264839,
                        0.0015562653780882613,
                        0.0003493511717069033,
                        -0.0022637363591839384,
                        0.00991567956846856,
                        -0.010710820215430829
                    ],
                    [
                        -0.2179628270118718,
                        -0.04876134130822183,
                        -0.5732846740953504,
                        1.488198012605295,
                        -0.010710820215430829,
                        2.2506572929443838
                    ]
                ]
            },
            "est_tgt": [
                2,
                3,
                4,
                5
            ]
        },
        "5": {
            "intv_type": "hard",
            "inode": 5,
            "new_mui": 1.0,
            "new_sigmai": 0.1,
            "true_params": {
                "Si": [
                    [
                        1.0,
                        0.983101715460931,
                        0.20434561821756592,
                        -0.9078814025355426,
                        1.8929507480442616,
                        0.0
                    ],
                    [
                        0.983101715460931,
                        1.9664889829422252,
                        1.1564799929321021,
                        -1.5845687828303663,
                        3.713876285658279,
                        0.0
                    ],
                    [
                        0.20434561821756592,
                        1.1564799929321021,
                        1.9549045351705643,
                        -1.5710080734021716,
                        3.388239312499319,
                        0.0
                    ],
                    [
                        -0.9078814025355426,
                        -1.5845687828303663,
                        -1.5710080734021716,
                        2.827607191475315,
                        -4.409561508357008,
                        0.0
                    ],
                    [
                        1.8929507480442616,
                        3.713876285658279,
                        3.388239312499319,
                        -4.409561508357008,
                        9.799106048066122,
                        0.0
                    ],
                    [
                        0.0,
                        0.0,
                        0.0,
                        0.0,
                        0.0,
                        0.1
                    ]
                ],
                "mui": [
                    0.0,
                    0.0,
                    0.0,
                    0.0,
                    0.0,
                    1.0
                ],
                "Ai": [
                    [
                        0.0,
                        0.0,
                        0.0,
                        0.0,
                        0.0,
                        0.0
                    ],
                    [
                        0.983101715460931,
                        0.0,
                        0.0,
                        0.0,
                        0.0,
                        0.0
                    ],
                    [
                        -0.7350940580104334,
                        0.9555874651154885,
                        0.0,
                        0.0,
                        0.0,
                        0.0
                    ],
                    [
                        -0.7598958933225488,
                        -0.0,
                        -0.7241922312982227,
                        0.0,
                        0.0,
                        0.0
                    ],
                    [
                        0.5829497759868767,
                        0.6767736845186112,
                        0.8561203767766876,
                        -0.517379420765089,
                        0.0,
                        0.0
                    ],
                    [
                        0.0,
                        0.0,
                        0.0,
                        0.0,
                        0.0,
                        0.0
                    ]
                ]
            },
            "est_params": {
                "mui": [
                    -0.003080497929267317,
                    0.0920274612476921,
                    0.07264476819685611,
                    -0.0017771388599534504,
                    0.15117803719653505,
                    1.001327647144016
                ],
                "Si": [
                    [
                        0.9198405992912951,
                        0.8328613848454642,
                        0.19086793381538664,
                        -0.8520511970989041,
                        1.6222268952315866,
                        -0.008348030050130252
                    ],
                    [
                        0.8328613848454642,
                        1.6820408860577825,
                        1.1117920745911154,
                        -1.5401187538154544,
                        3.3099722044474778,
                        -0.004079733562765357
                    ],
                    [
                        0.1908679338153867,
                        1.1117920745911154,
                        1.8442635073893938,
                        -1.6460292572787376,
                        3.362465058608281,
                        0.009393336476294971
                    ],
                    [
                        -0.8520511970989041,
                        -1.5401187538154542,
                        -1.6460292572787376,
                        3.0760379147636177,
                        -4.406867099477194,
                        0.0064040746307525015
                    ],
                    [
                        1.6222268952315866,
                        3.3099722044474778,
                        3.362465058608281,
                        -4.406867099477194,
                        9.26810119220387,
                        -0.004276624003815611
                    ],
                    [
                        -0.008348030050130253,
                        -0.004079733562765358,
                        0.009393336476294971,
                        0.006404074630752498,
                        -0.004276624003815609,
                        0.0084596467460631
                    ]
                ]
            },
            "est_tgt": [
                3,
                5
            ]
        },
        "obs": {
            "intv_type": "obs",
            "true_params": {
                "Si": [
                    [
                        1.0,
                        0.983101715460931,
                        0.20434561821756592,
                        -0.9078814025355426,
                        1.8929507480442616,
                        -1.8573843751414199
                    ],
                    [
                        0.983101715460931,
                        1.9664889829422252,
                        1.1564799929321021,
                        -1.5845687828303663,
                        3.713876285658279,
                        -3.433893936238264
                    ],
                    [
                        0.20434561821756592,
                        1.1564799929321021,
                        1.9549045351705643,
                        -1.5710080734021716,
                        3.388239312499319,
                        -3.6757230275403847
                    ],
                    [
                        -0.9078814025355426,
                        -1.5845687828303663,
                        -1.5710080734021716,
                        2.827607191475315,
                        -4.409561508357008,
                        5.467717409779
                    ],
                    [
                        1.8929507480442616,
                        3.713876285658279,
                        3.388239312499319,
                        -4.409561508357008,
                        9.799106048066122,
                        -10.25840299348121
                    ],
                    [
                        -1.8573843751414199,
                        -3.433893936238264,
                        -3.6757230275403847,
                        5.467717409779,
                        -10.25840299348121,
                        12.843223669923091
                    ]
                ],
                "mui": [
                    0.0,
                    0.0,
                    0.0,
                    0.0,
                    0.0,
                    0.0
                ],
                "Ai": [
                    [
                        0.0,
                        0.0,
                        0.0,
                        0.0,
                        0.0,
                        0.0
                    ],
                    [
                        0.983101715460931,
                        0.0,
                        0.0,
                        0.0,
                        0.0,
                        0.0
                    ],
                    [
                        -0.7350940580104334,
                        0.9555874651154885,
                        0.0,
                        0.0,
                        0.0,
                        0.0
                    ],
                    [
                        -0.7598958933225488,
                        -0.0,
