{
    "expt_args": {
        "save_dir": "expt_logs_30.04.24-hard",
        "exp_name": "37",
        "num_nodes": 6,
        "obs_noise_mean": 0.0,
        "obs_noise_var": 1.0,
        "max_edge_strength": 1.0,
        "graph_sparsity_method": "adj_dense_prop",
        "adj_dense_prop": 0.8,
        "num_parents": null,
        "new_noise_mean": 1.0,
        "mix_samples": 32768,
        "stage2_samples": 32768,
        "gmm_tol": 0.001,
        "intv_type": "hard",
        "new_noise_sigma": 0.1,
        "intv_targets": [
            0,
            1,
            2,
            3,
            4,
            5
        ]
    },
    "intv_args_dict": {
        "0": {
            "intv_type": "hard",
            "inode": 0,
            "new_mui": 1.0,
            "new_sigmai": 0.1,
            "true_params": {
                "Si": [
                    [
                        0.1,
                        0.05034370994723192,
                        0.1326804937363559,
                        -0.1341301734092337,
                        0.15118332510793264,
                        -0.12544729520462788
                    ],
                    [
                        0.05034370994723192,
                        1.0253448913125103,
                        0.9092187323313313,
                        -0.5209498900470827,
                        1.2185986695952575,
                        -0.3161786423863923
                    ],
                    [
                        0.1326804937363559,
                        0.9092187323313314,
                        1.8857167174480507,
                        -1.0981769637572252,
                        2.519240730873804,
                        -1.7137462600477558
                    ],
                    [
                        -0.1341301734092337,
                        -0.5209498900470827,
                        -1.0981769637572252,
                        1.6752023203905986,
                        -2.166055110615567,
                        0.6152581373354521
                    ],
                    [
                        0.15118332510793264,
                        1.2185986695952575,
                        2.519240730873804,
                        -2.166055110615567,
                        4.884736316166097,
                        -2.859172998937228
                    ],
                    [
                        -0.12544729520462788,
                        -0.3161786423863923,
                        -1.7137462600477558,
                        0.6152581373354521,
                        -2.859172998937228,
                        3.8676979564360354
                    ]
                ],
                "mui": [
                    1.0,
                    0.5034370994723192,
                    1.3268049373635589,
                    -1.3413017340923368,
                    1.5118332510793264,
                    -1.2544729520462787
                ],
                "Ai": [
                    [
                        0.0,
                        0.0,
                        0.0,
                        0.0,
                        0.0,
                        0.0
                    ],
                    [
                        0.5034370994723192,
                        0.0,
                        0.0,
                        0.0,
                        0.0,
                        0.0
                    ],
                    [
                        0.9026982229031557,
                        0.8424224494081451,
                        0.0,
                        0.0,
                        0.0,
                        0.0
                    ],
                    [
                        -0.6271648820410343,
                        0.0,
                        -0.5382380121906505,
                        0.0,
                        0.0,
                        0.0
                    ],
                    [
                        -0.7361731914580693,
                        -0.0,
                        0.971198220880487,
                        -0.7152871151424411,
                        0.0,
                        0.0
                    ],
                    [
                        -0.7883066567376207,
                        0.8708934365564902,
                        -0.7191591172620859,
                        -0.9917056165124429,
                        -0.8470503976862458,
                        0.0
                    ]
                ]
            },
            "est_params": {
                "mui": [
                    0.9959407175270477,
                    0.49391599364061967,
                    1.2965238401419374,
                    -1.296683146929005,
                    1.461398040336372,
                    -1.2597501009542023
                ],
                "Si": [
                    [
                        0.011644655694349198,
                        0.007793075617762766,
                        0.01885702392478006,
                        -0.018716296933876157,
                        0.022270246558352205,
                        -0.014583020358535544
                    ],
                    [
                        0.007793075617762769,
                        1.0432401022890627,
                        0.8581256052407015,
                        -0.4612071951460856,
                        1.150376937581758,
                        -0.23174080664888513
                    ],
                    [
                        0.01885702392478006,
                        0.8581256052407015,
                        1.704823498846712,
                        -0.9462438767825769,
                        2.327786901746571,
                        -1.5013087219290144
                    ],
                    [
                        -0.018716296933876164,
                        -0.4612071951460856,
                        -0.9462438767825769,
                        1.5130700839483457,
                        -2.0100078817085203,
                        0.48423232260838117
                    ],
                    [
                        0.022270246558352205,
                        1.150376937581758,
                        2.327786901746571,
                        -2.0100078817085203,
                        4.694787490531992,
                        -2.6576140103635972
                    ],
                    [
                        -0.014583020358535542,
                        -0.23174080664888513,
                        -1.5013087219290144,
                        0.48423232260838117,
                        -2.6576140103635972,
                        3.659905290199815
                    ]
                ]
            },
            "est_tgt": [
                0
            ]
        },
        "1": {
            "intv_type": "hard",
            "inode": 1,
            "new_mui": 1.0,
            "new_sigmai": 0.1,
            "true_params": {
                "Si": [
                    [
                        1.0,
                        0.0,
                        0.9026982229031557,
                        -1.1130313791444615,
                        0.9366627208687074,
                        -1.1270913740322746
                    ],
                    [
                        0.0,
                        0.1,
                        0.08424224494081452,
                        -0.04534237845942189,
                        0.11424873749143392,
                        -0.02530238199519267
                    ],
                    [
                        0.9026982229031557,
                        0.08424224494081452,
                        1.8858316399591972,
                        -1.5811668977035815,
                        2.2979624107474783,
                        -2.372887898233505
                    ],
                    [
                        -1.1130313791444615,
                        -0.04534237845942189,
                        -1.5811668977035815,
                        2.5490983215707392,
                        -2.5395798000378558,
                        1.59822921296968
                    ],
                    [
                        0.9366627208687074,
                        0.11424873749143392,
                        2.2979624107474783,
                        -2.5395798000378558,
                        4.358759729269567,
                        -3.4650532119947206
                    ],
                    [
                        -1.1270913740322746,
                        -0.02530238199519267,
                        -2.372887898233505,
                        1.59822921296968,
                        -3.4650532119947206,
                        4.923043734995668
                    ]
                ],
                "mui": [
                    0.0,
                    1.0,
                    0.8424224494081451,
                    -0.4534237845942189,
                    1.1424873749143392,
                    -0.2530238199519267
                ],
                "Ai": [
                    [
                        0.0,
                        0.0,
                        0.0,
                        0.0,
                        0.0,
                        0.0
                    ],
                    [
                        0.0,
                        0.0,
                        0.0,
                        0.0,
                        0.0,
                        0.0
                    ],
                    [
                        0.9026982229031557,
                        0.8424224494081451,
                        0.0,
                        0.0,
                        0.0,
                        0.0
                    ],
                    [
                        -0.6271648820410343,
                        0.0,
                        -0.5382380121906505,
                        0.0,
                        0.0,
                        0.0
                    ],
                    [
                        -0.7361731914580693,
                        -0.0,
                        0.971198220880487,
                        -0.7152871151424411,
                        0.0,
                        0.0
                    ],
                    [
                        -0.7883066567376207,
                        0.8708934365564902,
                        -0.7191591172620859,
                        -0.9917056165124429,
                        -0.8470503976862458,
                        0.0
                    ]
                ]
            },
            "est_params": {
                "mui": [
                    -0.013015191783284946,
                    0.9986020328658101,
                    0.8321490153319339,
                    -0.45253495560850576,
                    1.1348409165290902,
                    -0.21299808921878238
                ],
                "Si": [
                    [
                        1.0268916473696015,
                        0.0009428400172199958,
                        0.9218647584173075,
                        -1.1583075816301684,
                        0.9559699910021933,
                        -1.107462197923034
                    ],
                    [
                        0.0009428400172199958,
                        0.009887121797724245,
                        0.010226115631001698,
                        -0.004971146559254879,
                        0.011134818606876234,
                        -0.002898773382198022
                    ],
                    [
                        0.9218647584173075,
                        0.010226115631001698,
                        1.8263937760646807,
                        -1.5703764296353977,
                        2.185381824590637,
                        -2.3032810318523333
                    ],
                    [
                        -1.1583075816301684,
                        -0.00497114655925488,
                        -1.5703764296353977,
                        2.6264188085042686,
                        -2.5280184752859296,
                        1.5260141545299055
                    ],
                    [
                        0.9559699910021933,
                        0.011134818606876236,
                        2.185381824590637,
                        -2.5280184752859296,
                        4.1907425808886,
                        -3.3327913795780106
                    ],
                    [
                        -1.1074621979230337,
                        -0.0028987733821980236,
                        -2.303281031852334,
                        1.5260141545299055,
                        -3.3327913795780106,
                        4.822628856103499
                    ]
                ]
            },
            "est_tgt": [
                1
            ]
        },
        "2": {
            "intv_type": "hard",
            "inode": 2,
            "new_mui": 1.0,
            "new_sigmai": 0.1,
            "true_params": {
                "Si": [
                    [
                        1.0,
                        0.5034370994723192,
                        0.0,
                        -0.6271648820410343,
                        -0.28757023226428846,
                        0.5156828245135081
                    ],
                    [
                        0.5034370994723192,
                        1.2534489131251019,
                        0.0,
                        -0.3157380691056375,
                        -0.14477352362571452,
                        1.1305073019772638
                    ],
                    [
                        0.0,
                        0.0,
                        0.1,
                        -0.05382380121906505,
                        0.13561929358803396,
                        -0.1334149223228844
                    ],
                    [
                        -0.6271648820410343,
                        -0.3157380691056375,
                        -0.05382380121906505,
                        1.4223058050422388,
                        -0.6079286233414195,
                        -0.637430556390153
                    ],
                    [
                        -0.28757023226428846,
                        -0.14477352362571452,
                        0.13561929358803396,
                        -0.6079286233414195,
                        1.7782582235065063,
                        -0.9003087398034065
                    ],
                    [
                        0.5156828245135081,
                        1.1305073019772638,
                        -0.1334149223228844,
                        -0.637430556390153,
                        -0.9003087398034065,
                        3.068732082708888
                    ]
                ],
                "mui": [
                    0.0,
                    0.0,
                    1.0,
                    -0.5382380121906505,
                    1.3561929358803395,
                    -1.3341492232288439
                ],
                "Ai": [
                    [
                        0.0,
                        0.0,
                        0.0,
                        0.0,
                        0.0,
                        0.0
                    ],
                    [
                        0.5034370994723192,
                        0.0,
                        0.0,
                        0.0,
                        0.0,
                        0.0
                    ],
                    [
                        0.0,
                        0.0,
                        0.0,
                        0.0,
                        0.0,
                        0.0
                    ],
                    [
                        -0.6271648820410343,
                        0.0,
                        -0.5382380121906505,
                        0.0,
                        0.0,
                        0.0
                    ],
                    [
                        -0.7361731914580693,
                        -0.0,
                        0.971198220880487,
                        -0.7152871151424411,
                        0.0,
                        0.0
                    ],
                    [
                        -0.7883066567376207,
                        0.8708934365564902,
                        -0.7191591172620859,
                        -0.9917056165124429,
                        -0.8470503976862458,
                        0.0
                    ]
                ]
            },
            "est_params": {
                "mui": [
                    -0.004779643672838693,
                    0.005530935448833729,
                    0.9983886802056546,
                    -0.5634855989884915,
                    1.3637308506877774,
                    -1.2983142579127542
                ],
                "Si": [
                    [
                        1.0324929394791489,
                        0.5039448245661233,
                        -0.00020050013891370917,
                        -0.6696417436111751,
                        -0.2663029761920089,
                        0.5171558715624255
                    ],
                    [
                        0.5039448245661233,
                        1.2319088527956097,
                        0.00011324875631908592,
                        -0.34106909761750365,
                        -0.11152540474193748,
                        1.1304717132423523
                    ],
                    [
                        -0.00020050013891370906,
                        0.00011324875631908654,
                        0.010220155052788322,
                        -0.009189281897318904,
                        0.017702136314496474,
                        -0.009810224216521456
                    ],
                    [
                        -0.6696417436111752,
                        -0.34106909761750365,
                        -0.009189281897318904,
                        1.4920635728909517,
                        -0.57282271950537,
                        -0.7893335966791197
                    ],
                    [
                        -0.2663029761920088,
                        -0.11152540474193748,
                        0.017702136314496474,
                        -0.57282271950537,
                        1.628014249460336,
                        -0.6952821308956026
                    ],
                    [
                        0.5171558715624255,
                        1.1304717132423523,
                        -0.009810224216521453,
                        -0.7893335966791196,
                        -0.6952821308956026,
                        2.979400094483908
                    ]
                ]
            },
            "est_tgt": [
                2
            ]
        },
        "3": {
            "intv_type": "hard",
            "inode": 3,
            "new_mui": 1.0,
            "new_sigmai": 0.1,
            "true_params": {
                "Si": [
                    [
                        1.0,
                        0.5034370994723192,
                        1.3268049373635589,
                        0.0,
                        0.5524174031648651,
                        -1.7719758396610974
                    ],
                    [
                        0.5034370994723192,
                        1.2534489131251019,
                        1.5103852786400074,
                        0.0,
                        1.096266599242323,
                        -1.320042787833947
                    ],
                    [
                        1.3268049373635589,
                        1.5103852786400074,
                        3.470086925079136,
                        0.0,
                        2.3933840227562424,
                        -4.253406076631107
                    ],
                    [
                        0.0,
                        0.0,
                        0.0,
                        0.1,
                        -0.07152871151424411,
                        -0.03858213811711907
                    ],
                    [
                        0.5524174031648651,
                        1.096266599242323,
                        2.3933840227562424,
                        -0.07152871151424411,
                        2.9689389877886674,
                        -3.645872396652906
                    ],
                    [
                        -1.7719758396610974,
                        -1.320042787833947,
                        -4.253406076631107,
                        -0.03858213811711907,
                        -3.645872396652906,
                        7.432619296077937
                    ]
                ],
                "mui": [
                    0.0,
                    0.0,
                    0.0,
                    1.0,
                    -0.7152871151424411,
                    -0.3858213811711907
                ],
                "Ai": [
                    [
                        0.0,
                        0.0,
                        0.0,
                        0.0,
                        0.0,
                        0.0
                    ],
                    [
                        0.5034370994723192,
                        0.0,
                        0.0,
                        0.0,
                        0.0,
                        0.0
                    ],
                    [
                        0.9026982229031557,
                        0.8424224494081451,
                        0.0,
                        0.0,
                        0.0,
                        0.0
                    ],
                    [
                        0.0,
                        0.0,
                        0.0,
                        0.0,
                        0.0,
                        0.0
                    ],
                    [
                        -0.7361731914580693,
                        -0.0,
                        0.971198220880487,
                        -0.7152871151424411,
                        0.0,
                        0.0
                    ],
                    [
                        -0.7883066567376207,
                        0.8708934365564902,
                        -0.7191591172620859,
                        -0.9917056165124429,
                        -0.8470503976862458,
                        0.0
                    ]
                ]
            },
            "est_params": {
                "mui": [
                    0.009393065343780042,
                    0.012113108349339726,
                    0.021841950881929865,
                    1.0016511702195199,
                    -0.7125718271746024,
                    -0.38273889225854724
                ],
                "Si": [
                    [
                        0.993167403920367,
                        0.5147988185517209,
                        1.334412181001468,
                        0.001095617982139121,
                        0.57755700433401,
                        -1.7390447404503846
                    ],
                    [
                        0.5147988185517209,
                        1.28501965011674,
                        1.5457230793562886,
                        0.0022786335493618307,
                        1.115213499716381,
                        -1.3294419681776917
                    ],
                    [
                        1.3344121810014677,
                        1.5457230793562886,
                        3.4769734255233877,
                        0.0021693779346284524,
                        2.404593675915494,
                        -4.1893441938255105
                    ],
                    [
                        0.0010956179821391208,
                        0.0022786335493618303,
                        0.002169377934628453,
                        0.009921928077573763,
                        -0.005324945909004091,
                        -0.004827321813066571
                    ],
                    [
                        0.57755700433401,
                        1.1152134997163807,
                        2.404593675915494,
                        -0.005324945909004092,
                        2.912857435078541,
                        -3.6631202664799885
                    ],
                    [
                        -1.7390447404503846,
                        -1.3294419681776917,
                        -4.1893441938255105,
                        -0.004827321813066571,
                        -3.6631202664799885,
                        7.2799389341079985
                    ]
                ]
            },
            "est_tgt": [
                3
            ]
        },
        "4": {
            "intv_type": "hard",
            "inode": 4,
            "new_mui": 1.0,
            "new_sigmai": 0.1,
            "true_params": {
                "Si": [
                    [
                        1.0,
                        0.5034370994723192,
                        1.3268049373635589,
                        -1.3413017340923368,
                        0.0,
                        0.02612600451575448
                    ],
                    [
                        0.5034370994723192,
                        1.2534489131251019,
                        1.5103852786400074,
                        -1.1286848391228568,
                        0.0,
                        0.7278733652549915
                    ],
                    [
                        1.3268049373635589,
                        1.5103852786400074,
                        3.470086925079136,
                        -2.699858150716439,
                        0.0,
                        0.4513753035128657
                    ],
                    [
                        -1.3413017340923368,
                        -1.1286848391228568,
                        -2.699858150716439,
                        3.294383628081797,
                        0.0,
                        -1.251038275167486
                    ],
                    [
                        0.0,
                        0.0,
                        0.0,
                        0.0,
                        0.1,
                        -0.08470503976862459
                    ],
                    [
                        0.02612600451575448,
                        0.7278733652549915,
                        0.4513753035128657,
                        -1.251038275167486,
                        -0.08470503976862459,
                        2.6011052899205893
                    ]
                ],
                "mui": [
                    0.0,
                    0.0,
                    0.0,
                    0.0,
                    1.0,
                    -0.8470503976862458
                ],
                "Ai": [
                    [
                        0.0,
                        0.0,
                        0.0,
                        0.0,
                        0.0,
                        0.0
                    ],
                    [
                        0.5034370994723192,
                        0.0,
                        0.0,
                        0.0,
                        0.0,
                        0.0
                    ],
                    [
                        0.9026982229031557,
                        0.8424224494081451,
                        0.0,
                        0.0,
                        0.0,
                        0.0
                    ],
                    [
                        -0.6271648820410343,
                        0.0,
                        -0.5382380121906505,
                        0.0,
                        0.0,
                        0.0
                    ],
                    [
                        0.0,
                        0.0,
                        0.0,
                        0.0,
                        0.0,
                        0.0
                    ],
                    [
                        -0.7883066567376207,
                        0.8708934365564902,
                        -0.7191591172620859,
                        -0.9917056165124429,
                        -0.8470503976862458,
                        0.0
                    ]
                ]
            },
            "est_params": {
                "mui": [
                    0.025338016753741064,
                    0.007296166135139114,
                    0.026553216282596267,
                    -0.025633939204786196,
                    0.9999219287434676,
                    -0.8591311993860635
                ],
                "Si": [
                    [
                        1.0217242187609892,
                        0.5204971735837327,
                        1.358878583263845,
                        -1.3401996420605944,
                        0.0012287947335254258,
                        -0.03358975528461184
                    ],
                    [
                        0.5204971735837327,
                        1.2651891982293164,
                        1.5226574540306625,
                        -1.1427044956139296,
                        0.0011716859158797418,
                        0.6776644037144922
                    ],
                    [
                        1.358878583263845,
                        1.5226574540306623,
                        3.4715559105358778,
                        -2.6644735682721654,
                        0.00120119409238386,
                        0.35583568118446623
                    ],
                    [
                        -1.3401996420605944,
                        -1.1427044956139296,
                        -2.6644735682721654,
                        3.204267767459889,
                        -0.001163366822468707,
                        -1.1313010457302712
                    ],
                    [
                        0.0012287947335254262,
                        0.001171685915879742,
                        0.0012011940923838595,
                        -0.0011633668224687067,
                        0.00978820906365904,
                        -0.010470897512167147
                    ],
                    [
                        -0.03358975528461184,
                        0.6776644037144921,
                        0.35583568118446623,
                        -1.1313010457302712,
                        -0.010470897512167147,
                        2.4468361370782277
                    ]
                ]
            },
            "est_tgt": [
                4
            ]
        },
        "5": {
            "intv_type": "hard",
            "inode": 5,
            "new_mui": 1.0,
            "new_sigmai": 0.1,
            "true_params": {
                "Si": [
                    [
                        1.0,
                        0.5034370994723192,
                        1.3268049373635589,
                        -1.3413017340923368,
                        1.5118332510793264,
                        0.0
                    ],
                    [
                        0.5034370994723192,
                        1.2534489131251019,
                        1.5103852786400074,
                        -1.1286848391228568,
                        1.9036003217235216,
                        0.0
                    ],
                    [
                        1.3268049373635589,
                        1.5103852786400074,
                        3.470086925079136,
                        -2.699858150716439,
                        4.3245577706760105,
                        0.0
                    ],
                    [
                        -1.3413017340923368,
                        -1.1286848391228568,
                        -2.699858150716439,
                        3.294383628081797,
                        -3.991097215813607,
                        0.0
                    ],
                    [
                        1.5118332510793264,
                        1.9036003217235216,
                        4.3245577706760105,
                        -3.991097215813607,
                        6.941812117328274,
                        0.0
                    ],
                    [
                        0.0,
                        0.0,
                        0.0,
                        0.0,
                        0.0,
                        0.1
                    ]
                ],
                "mui": [
                    0.0,
                    0.0,
                    0.0,
                    0.0,
                    0.0,
                    1.0
                ],
                "Ai": [
                    [
                        0.0,
                        0.0,
                        0.0,
                        0.0,
                        0.0,
                        0.0
                    ],
                    [
                        0.5034370994723192,
                        0.0,
                        0.0,
                        0.0,
                        0.0,
                        0.0
                    ],
                    [
                        0.9026982229031557,
                        0.8424224494081451,
                        0.0,
                        0.0,
                        0.0,
                        0.0
                    ],
                    [
                        -0.6271648820410343,
                        0.0,
                        -0.5382380121906505,
                        0.0,
                        0.0,
                        0.0
                    ],
                    [
                        -0.7361731914580693,
                        -0.0,
                        0.971198220880487,
                        -0.7152871151424411,
                        0.0,
                        0.0
                    ],
                    [
                        0.0,
                        0.0,
                        0.0,
                        0.0,
                        0.0,
                        0.0
                    ]
                ]
            },
            "est_params": {
                "mui": [
                    -0.0036787683825469475,
                    0.005785676078898898,
                    0.005605837486776188,
                    0.02861037122208461,
                    -0.040091017666571284,
                    0.9991763887415643
                ],
                "Si": [
                    [
                        0.9849248920297152,
                        0.510674096336293,
                        1.3037957406354574,
                        -1.326905684247883,
                        1.4864478719078047,
                        0.002184570156648469
                    ],
                    [
                        0.510674096336293,
                        1.2144080706497655,
                        1.4905607724278471,
                        -1.1314199168872363,
                        1.8840995268402796,
                        0.002341839946873041
                    ],
                    [
                        1.3037957406354574,
                        1.4905607724278471,
                        3.399538178424878,
                        -2.6314312895781495,
                        4.221465392015512,
                        0.008152945937569836
                    ],
                    [
                        -1.326905684247883,
                        -1.1314199168872363,
                        -2.6314312895781495,
                        3.2254159188191034,
                        -3.8816350578353016,
                        -0.004675709385734987
                    ],
                    [
                        1.4864478719078047,
                        1.8840995268402796,
                        4.221465392015512,
                        -3.8816350578353016,
                        6.8076027910448556,
                        0.007819342459547005
                    ],
                    [
                        0.002184570156648469,
                        0.002341839946873041,
                        0.008152945937569833,
                        -0.004675709385734987,
                        0.007819342459547006,
                        0.009984571040843401
                    ]
                ]
            },
            "est_tgt": [
                5
            ]
        },
        "obs": {
            "intv_type": "obs",
            "true_params": {
                "Si": [
                    [
                        1.0,
                        0.5034370994723192,
                        1.3268049373635589,
                        -1.3413017340923368,
                        1.5118332510793264,
                        -1.2544729520462787
                    ],
                    [
                        0.5034370994723192,
                        1.2534489131251019,
                        1.5103852786400074,
                        -1.1286848391228568,
                        1.9036003217235216,
                        -0.884572044296583
                    ],
                    [
                        1.3268049373635589,
                        1.5103852786400074,
                        3.470086925079136,
                        -2.699858150716439,
                        4.3245577706760105,
                        -3.2117430759553933
                    ],
                    [
                        -1.3413017340923368,
                        -1.1286848391228568,
                        -2.699858150716439,
                        3.294383628081797,
                        -3.991097215813607,
                        2.129622208691898
                    ],
                    [
                        1.5118332510793264,
                        1.9036003217235216,
                        4.3245577706760105,
                        -3.991097215813607,
                        6.941812117328274,
                        -4.566071528272113
                    ],
                    [
                        -1.2544729520462787,
                        -0.884572044296583,
                        -3.2117430759553933,
                        2.129622208691898,
                        -4.566071528272113,
                        5.284030105110171
                    ]
                ],
                "mui": [
                    0.0,
                    0.0,
                    0.0,
                    0.0,
                    0.0,
                    0.0
                ],
                "Ai": [
                    [
                        0.0,
                        0.0,
                        0.0,
                        0.0,
                        0.0,
                        0.0
                    ],
                    [
                        0.5034370994723192,
                        0.0,
                        0.0,
                        0.0,
                        0.0,
                        0.0
                    ],
                    [
                        0.9026982229031557,
                        0.8424224494081451,
                        0.0,
                        0.0,
                        0.0,
                        0.0
                    ],
                    [
                        -0.6271648820410343,
                        0.0,
                        -0.5382380121906505,
                        0.0,
