{
    "expt_args": {
        "save_dir": "expt_logs_30.04.24-hard",
        "exp_name": "226",
        "num_nodes": 6,
        "obs_noise_mean": 0.0,
        "obs_noise_var": 1.0,
        "max_edge_strength": 1.0,
        "graph_sparsity_method": "adj_dense_prop",
        "adj_dense_prop": 0.8,
        "num_parents": null,
        "new_noise_mean": 1.0,
        "mix_samples": 4096,
        "stage2_samples": 4096,
        "gmm_tol": 0.001,
        "intv_type": "hard",
        "new_noise_sigma": 0.1,
        "intv_targets": [
            0,
            1,
            2,
            3,
            4,
            5
        ]
    },
    "intv_args_dict": {
        "0": {
            "intv_type": "hard",
            "inode": 0,
            "new_mui": 1.0,
            "new_sigmai": 0.1,
            "true_params": {
                "Si": [
                    [
                        0.1,
                        -0.0544494045856931,
                        0.01757168158724313,
                        0.09104519779015584,
                        -0.022416958674295454,
                        -0.11311790560280154
                    ],
                    [
                        -0.0544494045856931,
                        1.029647376597365,
                        0.7053731855949567,
                        -0.04957356810060646,
                        -0.6587822390721576,
                        0.021627439761018254
                    ],
                    [
                        0.01757168158724313,
                        0.7053731855949567,
                        1.5142280755160988,
                        0.015998172256161902,
                        -1.4221784519210283,
                        -0.10434818376595117
                    ],
                    [
                        0.09104519779015584,
                        -0.04957356810060646,
                        0.015998172256161906,
                        1.082892280406486,
                        -0.6503294715485815,
                        -1.0150432017369195
                    ],
                    [
                        -0.022416958674295454,
                        -0.6587822390721576,
                        -1.4221784519210283,
                        -0.6503294715485815,
                        2.7328740002438225,
                        1.3304521985774018
                    ],
                    [
                        -0.11311790560280154,
                        0.021627439761018254,
                        -0.10434818376595117,
                        -1.0150432017369195,
                        1.3304521985774018,
                        2.3887072816635726
                    ]
                ],
                "mui": [
                    1.0,
                    -0.544494045856931,
                    0.17571681587243132,
                    0.9104519779015583,
                    -0.22416958674295454,
                    -1.1311790560280153
                ],
                "Ai": [
                    [
                        0.0,
                        0.0,
                        0.0,
                        0.0,
                        0.0,
                        0.0
                    ],
                    [
                        -0.544494045856931,
                        0.0,
                        0.0,
                        0.0,
                        0.0,
                        0.0
                    ],
                    [
                        0.5649978581506809,
                        0.7149408615949044,
                        0.0,
                        0.0,
                        0.0,
                        0.0
                    ],
                    [
                        0.9104519779015583,
                        -0.0,
                        -0.0,
                        0.0,
                        0.0,
                        0.0
                    ],
                    [
                        0.5142564374714944,
                        -0.0,
                        -0.9385225766781304,
                        -0.6299199071850317,
                        0.0,
                        0.0
                    ],
                    [
                        -0.6259070813193581,
                        0.0,
                        0.5553556902878378,
                        -0.5017912435555923,
                        0.6512947640003139,
                        0.0
                    ]
                ]
            },
            "est_params": {
                "mui": [
                    0.9961307472632542,
                    -0.544982605978811,
                    0.20929824376435127,
                    0.9983419484354251,
                    -0.32057254337357954,
                    -1.2403114864610632
                ],
                "Si": [
                    [
                        0.010586167115153583,
                        0.0026850874055230275,
                        0.016263985918274226,
                        0.01038590430707424,
                        -0.014806196537942117,
                        -0.014765278749577544
                    ],
                    [
                        0.002685087405523028,
                        1.0860485793637302,
                        0.8561859743714032,
                        0.03860520207379586,
                        -0.780005266163786,
                        -0.030087088766093985
                    ],
                    [
                        0.016263985918274226,
                        0.856185974371403,
                        1.7103186918457656,
                        0.1128644196551748,
                        -1.681002566547312,
                        -0.16127268698143815
                    ],
                    [
                        0.01038590430707424,
                        0.03860520207379587,
                        0.11286441965517478,
                        0.9744953833055513,
                        -0.7488044209431739,
                        -0.9012379615386658
                    ],
                    [
                        -0.014806196537942117,
                        -0.780005266163786,
                        -1.6810025665473125,
                        -0.7488044209431739,
                        2.8872735182052134,
                        1.2119064207791665
                    ],
                    [
                        -0.014765278749577544,
                        -0.03008708876609396,
                        -0.16127268698143815,
                        -0.9012379615386658,
                        1.2119064207791663,
                        2.185069552971087
                    ]
                ]
            },
            "est_tgt": [
                0
            ]
        },
        "1": {
            "intv_type": "hard",
            "inode": 1,
            "new_mui": 1.0,
            "new_sigmai": 0.1,
            "true_params": {
                "Si": [
                    [
                        1.0,
                        0.0,
                        0.5649978581506809,
                        0.9104519779015583,
                        -0.5895186335938856,
                        -1.1529395353241259
                    ],
                    [
                        0.0,
                        0.1,
                        0.07149408615949045,
                        0.0,
                        -0.06709881395965324,
                        -0.0039964586319513554
                    ],
                    [
                        0.5649978581506809,
                        0.07149408615949045,
                        1.3703366232726633,
                        0.5144034174634315,
                        -1.3195710258629025,
                        -0.7101647494117399
                    ],
                    [
                        0.9104519779015583,
                        0.0,
                        0.5144034174634315,
                        1.8289228040648595,
                        -1.1666483131504088,
                        -1.961750861181521
                    ],
                    [
                        -0.5895186335938856,
                        -0.06709881395965324,
                        -1.3195710258629025,
                        -1.1666483131504088,
                        2.67017844410488,
                        1.9606397568239935
                    ],
                    [
                        -1.1529395353241259,
                        -0.0039964586319513554,
                        -0.7101647494117399,
                        -1.961750861181521,
                        1.9606397568239935,
                        3.58858279675362
                    ]
                ],
                "mui": [
                    0.0,
                    1.0,
                    0.7149408615949044,
                    0.0,
                    -0.6709881395965324,
                    -0.03996458631951355
                ],
                "Ai": [
                    [
                        0.0,
                        0.0,
                        0.0,
                        0.0,
                        0.0,
                        0.0
                    ],
                    [
                        0.0,
                        0.0,
                        0.0,
                        0.0,
                        0.0,
                        0.0
                    ],
                    [
                        0.5649978581506809,
                        0.7149408615949044,
                        0.0,
                        0.0,
                        0.0,
                        0.0
                    ],
                    [
                        0.9104519779015583,
                        -0.0,
                        -0.0,
                        0.0,
                        0.0,
                        0.0
                    ],
                    [
                        0.5142564374714944,
                        -0.0,
                        -0.9385225766781304,
                        -0.6299199071850317,
                        0.0,
                        0.0
                    ],
                    [
                        -0.6259070813193581,
                        0.0,
                        0.5553556902878378,
                        -0.5017912435555923,
                        0.6512947640003139,
                        0.0
                    ]
                ]
            },
            "est_params": {
                "mui": [
                    -0.03263258843220679,
                    0.5488694665031023,
                    0.32648108534956666,
                    -0.04892969863035552,
                    -0.32157377219396355,
                    -0.011574941328374196
                ],
                "Si": [
                    [
                        1.0308079069901988,
                        -0.2502603968972278,
                        0.353418904794269,
                        1.016176136805752,
                        -0.5475925340402763,
                        -1.3031946215232044
                    ],
                    [
                        -0.25026039689722784,
                        0.7995974140618723,
                        0.40777487745674684,
                        -0.3080718567452689,
                        -0.26686493413862195,
                        0.3545384547566048
                    ],
                    [
                        0.353418904794269,
                        0.40777487745674684,
                        1.4604855617327577,
                        0.2802033131371552,
                        -1.4194892685067688,
                        -0.4127696852010238
                    ],
                    [
                        1.016176136805752,
                        -0.3080718567452689,
                        0.2802033131371552,
                        1.967345440707475,
                        -1.1004946392141641,
                        -2.169904774027143
                    ],
                    [
                        -0.5475925340402763,
                        -0.26686493413862195,
                        -1.4194892685067688,
                        -1.1004946392141641,
                        2.8341923401405276,
                        1.9262678550088432
                    ],
                    [
                        -1.3031946215232044,
                        0.3545384547566048,
                        -0.41276968520102375,
                        -2.169904774027143,
                        1.9262678550088432,
                        3.9887737568294614
                    ]
                ]
            },
            "est_tgt": [
                1
            ]
        },
        "2": {
            "intv_type": "hard",
            "inode": 2,
            "new_mui": 1.0,
            "new_sigmai": 0.1,
            "true_params": {
                "Si": [
                    [
                        1.0,
                        -0.544494045856931,
                        0.0,
                        0.9104519779015583,
                        -0.059255387944683685,
                        -1.1213566354154094
                    ],
                    [
                        -0.544494045856931,
                        1.2964737659736496,
                        0.0,
                        -0.4957356810060646,
                        0.03226420592082283,
                        0.6105720112658517
                    ],
                    [
                        0.0,
                        0.0,
                        0.1,
                        0.0,
                        -0.09385225766781305,
                        -0.005589914979871169
                    ],
                    [
                        0.9104519779015583,
                        -0.4957356810060646,
                        0.0,
                        1.8289228040648595,
                        -0.6838690923405931,
                        -1.9329961474917634
                    ],
                    [
                        -0.059255387944683685,
                        0.03226420592082283,
                        -0.09385225766781305,
                        -0.6838690923405931,
                        1.4883927531619296,
                        1.2975089107639197
                    ],
                    [
                        -1.1213566354154094,
                        0.6105720112658517,
                        -0.005589914979871169,
                        -1.9329961474917634,
                        1.2975089107639197,
                        3.5137819681610103
                    ]
                ],
                "mui": [
                    0.0,
                    0.0,
                    1.0,
                    0.0,
                    -0.9385225766781304,
                    -0.05589914979871169
                ],
                "Ai": [
                    [
                        0.0,
                        0.0,
                        0.0,
                        0.0,
                        0.0,
                        0.0
                    ],
                    [
                        -0.544494045856931,
                        0.0,
                        0.0,
                        0.0,
                        0.0,
                        0.0
                    ],
                    [
                        0.0,
                        0.0,
                        0.0,
                        0.0,
                        0.0,
                        0.0
                    ],
                    [
                        0.9104519779015583,
                        -0.0,
                        -0.0,
                        0.0,
                        0.0,
                        0.0
                    ],
                    [
                        0.5142564374714944,
                        -0.0,
                        -0.9385225766781304,
                        -0.6299199071850317,
                        0.0,
                        0.0
                    ],
                    [
                        -0.6259070813193581,
                        0.0,
                        0.5553556902878378,
                        -0.5017912435555923,
                        0.6512947640003139,
                        0.0
                    ]
                ]
            },
            "est_params": {
                "mui": [
                    0.002860690825953159,
                    0.08390832950996051,
                    1.0096791049863625,
                    -0.03790000229442914,
                    -0.9007867362440887,
                    0.08131385555667964
                ],
                "Si": [
                    [
                        0.9373211266745277,
                        -0.46014111274953345,
                        -0.004711065449017906,
                        0.7655715330350668,
                        0.05868262513143707,
                        -0.8610131857746356
                    ],
                    [
                        -0.46014111274953345,
                        1.2326224194708502,
                        0.002456038667811747,
                        -0.39692781738283456,
                        -0.03725587409234421,
                        0.41627657745852864
                    ],
                    [
                        -0.004711065449017906,
                        0.002456038667811747,
                        0.009600621933178611,
                        -0.0007535456380602126,
                        -0.012231062934186847,
                        0.006951641174686788
                    ],
                    [
                        0.7655715330350668,
                        -0.3969278173828346,
                        -0.000753545638060212,
                        1.67348082986738,
                        -0.6255693269278909,
                        -1.6096334155421363
                    ],
                    [
                        0.058682625131437086,
                        -0.0372558740923442,
                        -0.012231062934186847,
                        -0.6255693269278909,
                        1.4877897172017647,
                        1.3650274785768874
                    ],
                    [
                        -0.8610131857746356,
                        0.41627657745852875,
                        0.006951641174686783,
                        -1.6096334155421363,
                        1.3650274785768874,
                        3.2867041658499323
                    ]
                ]
            },
            "est_tgt": [
                2
            ]
        },
        "3": {
            "intv_type": "hard",
            "inode": 3,
            "new_mui": 1.0,
            "new_sigmai": 0.1,
            "true_params": {
                "Si": [
                    [
                        1.0,
                        -0.544494045856931,
                        0.17571681587243132,
                        0.0,
                        0.34934223867322356,
                        -0.3007969768533246
                    ],
                    [
                        -0.544494045856931,
                        1.2964737659736496,
                        0.6192641015954269,
                        0.0,
                        -0.8612029085204335,
                        0.12381757658888679
                    ],
                    [
                        0.17571681587243132,
                        0.6192641015954269,
                        1.5420168349584102,
                        0.0,
                        -1.3568541094918314,
                        -0.13732655257198828
                    ],
                    [
                        0.0,
                        0.0,
                        0.0,
                        0.1,
                        -0.06299199071850317,
                        -0.09120547808447672
                    ],
                    [
                        0.34934223867322356,
                        -0.8612029085204335,
                        -1.3568541094918314,
                        -0.06299199071850317,
                        2.492769619081792,
                        0.6829441985374548
                    ],
                    [
                        -0.3007969768533246,
                        0.12381757658888679,
                        -0.13732655257198828,
                        -0.09120547808447672,
                        0.6829441985374548,
                        1.6025699663324124
                    ]
                ],
                "mui": [
                    0.0,
                    0.0,
                    0.0,
                    1.0,
                    -0.6299199071850317,
                    -0.9120547808447672
                ],
                "Ai": [
                    [
                        0.0,
                        0.0,
                        0.0,
                        0.0,
                        0.0,
                        0.0
                    ],
                    [
                        -0.544494045856931,
                        0.0,
                        0.0,
                        0.0,
                        0.0,
                        0.0
                    ],
                    [
                        0.5649978581506809,
                        0.7149408615949044,
                        0.0,
                        0.0,
                        0.0,
                        0.0
                    ],
                    [
                        0.0,
                        0.0,
                        0.0,
                        0.0,
                        0.0,
                        0.0
                    ],
                    [
                        0.5142564374714944,
                        -0.0,
                        -0.9385225766781304,
                        -0.6299199071850317,
                        0.0,
                        0.0
                    ],
                    [
                        -0.6259070813193581,
                        0.0,
                        0.5553556902878378,
                        -0.5017912435555923,
                        0.6512947640003139,
                        0.0
                    ]
                ]
            },
            "est_params": {
                "mui": [
                    -0.02683665814412461,
                    0.0036000263278371863,
                    0.06416823630233473,
                    0.9884059215397563,
                    -0.6613924957019518,
                    -0.8857004023441994
                ],
                "Si": [
                    [
                        0.9785959661707819,
                        -0.5955538571448438,
                        0.1834096688318047,
                        -0.0035356386405945286,
                        0.3878271370783222,
                        -0.3325404718270183
                    ],
                    [
                        -0.5955538571448437,
                        1.2975111973567828,
                        0.5532304410558632,
                        -0.001862326262253711,
                        -0.8258592007923286,
                        0.23357142942223283
                    ],
                    [
                        0.1834096688318047,
                        0.5532304410558633,
                        1.4657678903475109,
                        -0.00511905954767471,
                        -1.1757540265024693,
                        -0.005515035590700722
                    ],
                    [
                        -0.0035356386405945277,
                        -0.0018623262622537106,
                        -0.005119059547674708,
                        0.010743595185333354,
                        -0.0076179298244221354,
                        -0.018712521666657232
                    ],
                    [
                        0.3878271370783222,
                        -0.8258592007923286,
                        -1.1757540265024693,
                        -0.007617929824422136,
                        2.1932018084334417,
                        0.4851760385175177
                    ],
                    [
                        -0.3325404718270183,
                        0.23357142942223283,
                        -0.005515035590700717,
                        -0.018712521666657232,
                        0.4851760385175177,
                        1.5691358252204914
                    ]
                ]
            },
            "est_tgt": [
                3,
                5
            ]
        },
        "4": {
            "intv_type": "hard",
            "inode": 4,
            "new_mui": 1.0,
            "new_sigmai": 0.1,
            "true_params": {
                "Si": [
                    [
                        1.0,
                        -0.544494045856931,
                        0.17571681587243132,
                        0.9104519779015583,
                        0.0,
                        -0.9851785779342147
                    ],
                    [
                        -0.544494045856931,
                        1.2964737659736496,
                        0.6192641015954269,
                        -0.4957356810060646,
                        0.0,
                        0.933470345496998
                    ],
                    [
                        0.17571681587243132,
                        0.6192641015954269,
                        1.5420168349584102,
                        0.15998172256161902,
                        0.0,
                        0.6661079969419897
                    ],
                    [
                        0.9104519779015583,
                        -0.4957356810060646,
                        0.15998172256161902,
                        1.8289228040648595,
                        0.0,
                        -1.3987490284220425
                    ],
                    [
                        0.0,
                        0.0,
                        0.0,
                        0.0,
                        0.1,
                        0.0651294764000314
                    ],
                    [
                        -0.9851785779342147,
                        0.933470345496998,
                        0.6661079969419897,
                        -1.3987490284220425,
                        0.0651294764000314,
                        2.7308556160966235
                    ]
                ],
                "mui": [
                    0.0,
                    0.0,
                    0.0,
                    0.0,
                    1.0,
                    0.6512947640003139
                ],
                "Ai": [
                    [
                        0.0,
                        0.0,
                        0.0,
                        0.0,
                        0.0,
                        0.0
                    ],
                    [
                        -0.544494045856931,
                        0.0,
                        0.0,
                        0.0,
                        0.0,
                        0.0
                    ],
                    [
                        0.5649978581506809,
                        0.7149408615949044,
                        0.0,
                        0.0,
                        0.0,
                        0.0
                    ],
                    [
                        0.9104519779015583,
                        -0.0,
                        -0.0,
                        0.0,
                        0.0,
                        0.0
                    ],
                    [
                        0.0,
                        0.0,
                        0.0,
                        0.0,
                        0.0,
                        0.0
                    ],
                    [
                        -0.6259070813193581,
                        0.0,
                        0.5553556902878378,
                        -0.5017912435555923,
                        0.6512947640003139,
                        0.0
                    ]
                ]
            },
            "est_params": {
                "mui": [
                    -0.05052061699661327,
                    0.15843305164199714,
                    0.07993223482785575,
                    -0.044234484479910775,
                    0.9964446995970728,
                    0.7757094581722185
                ],
                "Si": [
                    [
                        0.922420510380932,
                        -0.5303979241735922,
                        0.2179492785155691,
                        0.8103575421570225,
                        0.0107105828637436,
                        -0.8762065154222943
                    ],
                    [
                        -0.5303979241735922,
                        1.3742531371951197,
                        0.5815950032226717,
                        -0.4728845786967639,
                        -0.002387538547849956,
                        0.9940948193221838
                    ],
                    [
                        0.2179492785155691,
                        0.5815950032226715,
                        1.4911782189589133,
                        0.2322886400682192,
                        0.0021150374243740153,
                        0.6718233553373919
                    ],
                    [
                        0.8103575421570226,
                        -0.4728845786967639,
                        0.23228864006821923,
                        1.7595745401775023,
                        -0.0004135923785619277,
                        -1.2698950640814073
                    ],
                    [
                        0.0107105828637436,
                        -0.002387538547849957,
                        0.002115037424374015,
                        -0.00041359237856192845,
                        0.009549830673450199,
                        -0.0032140231354380387
                    ],
                    [
                        -0.8762065154222943,
                        0.9940948193221838,
                        0.6718233553373919,
                        -1.2698950640814073,
                        -0.0032140231354380387,
                        2.554871012458515
                    ]
                ]
            },
            "est_tgt": [
                4,
                5
            ]
        },
        "5": {
            "intv_type": "hard",
            "inode": 5,
            "new_mui": 1.0,
            "new_sigmai": 0.1,
            "true_params": {
                "Si": [
                    [
                        1.0,
                        -0.544494045856931,
                        0.17571681587243132,
                        0.9104519779015583,
                        -0.22416958674295454,
                        0.0
                    ],
                    [
                        -0.544494045856931,
                        1.2964737659736496,
                        0.6192641015954269,
                        -0.4957356810060646,
                        -0.5489291343527848,
                        0.0
                    ],
                    [
                        0.17571681587243132,
                        0.6192641015954269,
                        1.5420168349584102,
                        0.15998172256161902,
                        -1.457629781319148,
                        0.0
                    ],
                    [
                        0.9104519779015583,
                        -0.4957356810060646,
                        0.15998172256161902,
                        1.8289228040648595,
                        -0.8340155508205296,
                        0.0
                    ],
                    [
                        -0.22416958674295454,
                        -0.5489291343527848,
                        -1.457629781319148,
                        -0.8340155508205296,
                        2.7781008035022787,
                        0.0
                    ],
                    [
                        0.0,
                        0.0,
                        0.0,
                        0.0,
                        0.0,
                        0.1
                    ]
                ],
                "mui": [
                    0.0,
                    0.0,
                    0.0,
                    0.0,
                    0.0,
                    1.0
                ],
                "Ai": [
                    [
                        0.0,
                        0.0,
                        0.0,
                        0.0,
                        0.0,
                        0.0
                    ],
                    [
                        -0.544494045856931,
                        0.0,
                        0.0,
                        0.0,
                        0.0,
                        0.0
                    ],
                    [
                        0.5649978581506809,
                        0.7149408615949044,
                        0.0,
                        0.0,
                        0.0,
                        0.0
                    ],
                    [
                        0.9104519779015583,
                        -0.0,
                        -0.0,
                        0.0,
                        0.0,
                        0.0
                    ],
                    [
                        0.5142564374714944,
                        -0.0,
                        -0.9385225766781304,
                        -0.6299199071850317,
                        0.0,
                        0.0
                    ],
                    [
                        0.0,
                        0.0,
                        0.0,
                        0.0,
                        0.0,
                        0.0
                    ]
                ]
            },
            "est_params": {
                "mui": [
                    -0.011702035335746496,
                    0.022659062376605317,
                    0.08395120350650619,
                    -0.04027448923368049,
                    -0.06101531520660841,
                    0.9964923006247406
                ],
                "Si": [
                    [
                        0.9562990403591876,
                        -0.5827715589071172,
                        0.1857107269609953,
                        0.8867237230932101,
                        -0.21218439649132312,
                        -0.001664238287802313
                    ],
                    [
                        -0.5827715589071172,
                        1.2641651913569325,
                        0.5213330969063703,
                        -0.46829295912829644,
                        -0.468689011506683,
                        -0.00434422382012455
                    ],
                    [
                        0.1857107269609953,
                        0.5213330969063703,
                        1.425706824161817,
                        0.12033739179597196,
                        -1.287203719111936,
                        -0.0040255342799231115
                    ],
                    [
                        0.8867237230932101,
                        -0.46829295912829655,
                        0.12033739179597196,
                        1.905800361651412,
                        -0.8219452764450469,
                        0.005977165325078958
                    ],
                    [
                        -0.21218439649132312,
                        -0.468689011506683,
                        -1.2872037191119359,
                        -0.8219452764450469,
                        2.599230118931283,
                        0.001315413813317799
                    ],
                    [
                        -0.001664238287802312,
                        -0.004344223820124553,
                        -0.004025534279923112,
                        0.00597716532507896,
                        0.0013154138133178,
                        0.01022580902796477
                    ]
                ]
            },
            "est_tgt": [
                4,
                5
            ]
        },
        "obs": {
            "intv_type": "obs",
            "true_params": {
                "Si": [
                    [
                        1.0,
                        -0.544494045856931,
                        0.17571681587243132,
                        0.9104519779015583,
                        -0.22416958674295454,
                        -1.1311790560280153
                    ],
                    [
                        -0.544494045856931,
                        1.2964737659736496,
                        0.6192641015954269,
                        -0.4957356810060646,
                        -0.5489291343527848,
                        0.5759556744858045
                    ],
                    [
                        0.17571681587243132,
                        0.6192641015954269,
                        1.5420168349584102,
                        0.15998172256161902,
                        -1.457629781319148,
                        -0.28323864748209404
                    ],
                    [
                        0.9104519779015583,
                        -0.4957356810060646,
                        0.15998172256161902,
                        1.8289228040648595,
                        -0.8340155508205296,
                        -1.9419389897662913
                    ],
                    [
                        -0.22416958674295454,
                        -0.5489291343527848,
                        -1.457629781319148,
                        -0.8340155508205296,
                        2.7781008035022787,
                        1.5586705459472787
                    ],
                    [
                        -1.1311790560280153,
                        0.5759556744858045,
                        -0.28323864748209404,
                        -1.9419389897662913,
                        1.5586705459472787,
                        3.540316732780361
                    ]
                ],
                "mui": [
                    0.0,
                    0.0,
                    0.0,
                    0.0,
                    0.0,
                    0.0
                ],
                "Ai": [
                    [
                        0.0,
                        0.0,
                        0.0,
                        0.0,
                        0.0,
                        0.0
                    ],
                    [
                        -0.544494045856931,
                        0.0,
                        0.0,
                        0.0,
                        0.0,
                        0.0
                    ],
                    [
                        0.5649978581506809,
                        0.7149408615949044,
                        0.0,
                        0.0,
                        0.0,
                        0.0
                    ],
                    [
                        0.9104519779015583,
                        -0.0,
                        -0.0,
                        0.0,
                        0.0,
                        0.0
                    ],
                    [
