{
    "expt_args": {
        "save_dir": "expt_logs_30.04.24-hard",
        "exp_name": "333",
        "num_nodes": 6,
        "obs_noise_mean": 0.0,
        "obs_noise_var": 1.0,
        "max_edge_strength": 1.0,
        "graph_sparsity_method": "adj_dense_prop",
        "adj_dense_prop": 0.8,
        "num_parents": null,
        "new_noise_mean": 0.0,
        "mix_samples": 32768,
        "stage2_samples": 32768,
        "gmm_tol": 0.001,
        "intv_type": "hard",
        "new_noise_sigma": 1.0,
        "intv_targets": [
            0,
            1,
            2,
            3,
            4,
            5
        ]
    },
    "intv_args_dict": {
        "0": {
            "intv_type": "hard",
            "inode": 0,
            "new_mui": 0.0,
            "new_sigmai": 1.0,
            "true_params": {
                "Si": [
                    [
                        1.0,
                        0.0,
                        0.5857013592789891,
                        0.32271021075800654,
                        1.4997798120958765,
                        -0.0684643979698272
                    ],
                    [
                        0.0,
                        1.0,
                        0.9860578276439298,
                        -1.604819390143771,
                        -0.141921063317306,
                        -1.1140414926912
                    ],
                    [
                        0.5857013592789891,
                        0.9860578276439298,
                        2.3153561217191214,
                        -2.314398797603089,
                        1.0401990454825385,
                        -2.5655474000026706
                    ],
                    [
                        0.32271021075800654,
                        -1.604819390143771,
                        -2.314398797603089,
                        4.527765316610793,
                        1.0646198763432724,
                        3.969911487099804
                    ],
                    [
                        1.4997798120958765,
                        -0.141921063317306,
                        1.0401990454825385,
                        1.0646198763432724,
                        3.758348292250251,
                        0.1862552484513022
                    ],
                    [
                        -0.0684643979698272,
                        -1.1140414926912,
                        -2.5655474000026706,
                        3.969911487099804,
                        0.1862552484513022,
                        5.074044424281701
                    ]
                ],
                "mui": [
                    0.0,
                    0.0,
                    0.0,
                    0.0,
                    0.0,
                    0.0
                ],
                "Ai": [
                    [
                        0.0,
                        0.0,
                        0.0,
                        0.0,
                        0.0,
                        0.0
                    ],
                    [
                        0.0,
                        0.0,
                        0.0,
                        0.0,
                        0.0,
                        0.0
                    ],
                    [
                        0.5857013592789891,
                        0.9860578276439298,
                        0.0,
                        0.0,
                        0.0,
                        0.0
                    ],
                    [
                        0.862121181505523,
                        -0.6966937701565341,
                        -0.9209658850912397,
                        0.0,
                        0.0,
                        0.0
                    ],
                    [
                        0.7792884398621736,
                        -0.0,
                        0.88260859584543,
                        0.6307402466677747,
                        0.0,
                        0.0
                    ],
                    [
                        -0.0,
                        0.9130657746869058,
                        -0.6072707292139822,
                        0.8900086951277825,
                        -0.0,
                        0.0
                    ]
                ]
            },
            "est_params": {
                "mui": [
                    0.297758714088848,
                    -0.21329018224529625,
                    -0.6655615623388774,
                    1.253316327893437,
                    0.5651661228155301,
                    0.6808642356126241
                ],
                "Si": [
                    [
                        1.0117960994180386,
                        0.1043461174425792,
                        0.5440282119873683,
                        0.20895455254042747,
                        1.4036778255916773,
                        0.11057804581983664
                    ],
                    [
                        0.1043461174425792,
                        1.0948072296409959,
                        0.5035563237791676,
                        -1.1320937549478916,
                        -0.19197215851448252,
                        0.4083913048970866
                    ],
                    [
                        0.5440282119873683,
                        0.5035563237791676,
                        1.4878811999850532,
                        -1.105639333796824,
                        1.0998155986873899,
                        -0.20011617708758467
                    ],
                    [
                        0.20895455254042747,
                        -1.1320937549478916,
                        -1.105639333796824,
                        2.5940048909620357,
                        0.7889005072146851,
                        0.07792259295003712
                    ],
                    [
                        1.4036778255916773,
                        -0.1919721585144825,
                        1.0998155986873899,
                        0.7889005072146851,
                        3.5048791557257615,
                        -0.1064361268682621
                    ],
                    [
                        0.11057804581983663,
                        0.4083913048970866,
                        -0.20011617708758467,
                        0.07792259295003708,
                        -0.1064361268682621,
                        1.8198886228595823
                    ]
                ]
            },
            "est_tgt": [
                0,
                1,
                2,
                3,
                4,
                5
            ]
        },
        "1": {
            "intv_type": "hard",
            "inode": 1,
            "new_mui": 0.0,
            "new_sigmai": 1.0,
            "true_params": {
                "Si": [
                    [
                        1.0,
                        0.0,
                        0.5857013592789891,
                        0.32271021075800654,
                        1.4997798120958765,
                        -0.0684643979698272
                    ],
                    [
                        0.0,
                        1.0,
                        0.9860578276439298,
                        -1.604819390143771,
                        -0.141921063317306,
                        -1.1140414926912
                    ],
                    [
                        0.5857013592789891,
                        0.9860578276439298,
                        2.3153561217191214,
                        -2.314398797603089,
                        1.0401990454825385,
                        -2.5655474000026706
                    ],
                    [
                        0.32271021075800654,
                        -1.604819390143771,
                        -2.314398797603089,
                        4.527765316610793,
                        1.0646198763432724,
                        3.969911487099804
                    ],
                    [
                        1.4997798120958765,
                        -0.141921063317306,
                        1.0401990454825385,
                        1.0646198763432724,
                        3.758348292250251,
                        0.1862552484513022
                    ],
                    [
                        -0.0684643979698272,
                        -1.1140414926912,
                        -2.5655474000026706,
                        3.969911487099804,
                        0.1862552484513022,
                        5.074044424281701
                    ]
                ],
                "mui": [
                    0.0,
                    0.0,
                    0.0,
                    0.0,
                    0.0,
                    0.0
                ],
                "Ai": [
                    [
                        0.0,
                        0.0,
                        0.0,
                        0.0,
                        0.0,
                        0.0
                    ],
                    [
                        0.0,
                        0.0,
                        0.0,
                        0.0,
                        0.0,
                        0.0
                    ],
                    [
                        0.5857013592789891,
                        0.9860578276439298,
                        0.0,
                        0.0,
                        0.0,
                        0.0
                    ],
                    [
                        0.862121181505523,
                        -0.6966937701565341,
                        -0.9209658850912397,
                        0.0,
                        0.0,
                        0.0
                    ],
                    [
                        0.7792884398621736,
                        -0.0,
                        0.88260859584543,
                        0.6307402466677747,
                        0.0,
                        0.0
                    ],
                    [
                        -0.0,
                        0.9130657746869058,
                        -0.6072707292139822,
                        0.8900086951277825,
                        -0.0,
                        0.0
                    ]
                ]
            },
            "est_params": {
                "mui": [
                    0.0531875875514247,
                    -0.629362919995109,
                    -1.1634127544195678,
                    1.9833837287796747,
                    0.3092365940358799,
                    2.1509984108498736
                ],
                "Si": [
                    [
                        1.0641136405379803,
                        0.04966450572880103,
                        0.6489318826442309,
                        0.2946520027651058,
                        1.5542126786456931,
                        -0.07397401955042796
                    ],
                    [
                        0.049664505728801024,
                        0.8323024303092361,
                        0.526983008306131,
                        -0.9033844619283802,
                        -0.06317335358014896,
                        -0.31601956717107227
                    ],
                    [
                        0.6489318826442309,
                        0.526983008306131,
                        1.583711998897993,
                        -1.064105186640325,
                        1.2346755048174942,
                        -1.336025385190296
                    ],
                    [
                        0.2946520027651058,
                        -0.9033844619283802,
                        -1.064105186640325,
                        2.476732908281382,
                        0.8383890445184472,
                        1.8630069031493448
                    ],
                    [
                        1.5542126786456927,
                        -0.06317335358014893,
                        1.2346755048174942,
                        0.8383890445184472,
                        3.7734897033676758,
                        -0.07943248273131358
                    ],
                    [
                        -0.07397401955042796,
                        -0.3160195671710723,
                        -1.336025385190296,
                        1.8630069031493448,
                        -0.07943248273131358,
                        2.864976271348431
                    ]
                ]
            },
            "est_tgt": [
                1,
                2,
                3,
                5
            ]
        },
        "2": {
            "intv_type": "hard",
            "inode": 2,
            "new_mui": 0.0,
            "new_sigmai": 1.0,
            "true_params": {
                "Si": [
                    [
                        1.0,
                        0.0,
                        0.0,
                        0.862121181505523,
                        1.3230629665424805,
                        0.7672953477937526
                    ],
                    [
                        0.0,
                        1.0,
                        0.0,
                        -0.6966937701565341,
                        -0.43943280044043426,
                        0.29300226140623364
                    ],
                    [
                        0.0,
                        0.0,
                        1.0,
                        -0.9209658850912397,
                        0.3017183463103761,
                        -1.4269383748612396
                    ],
                    [
                        0.862121181505523,
                        -0.6966937701565341,
                        -0.9209658850912397,
                        3.076813302477295,
                        1.7996586452008696,
                        2.661538980142661
                    ],
                    [
                        1.3230629665424805,
                        -0.43943280044043426,
                        0.3017183463103761,
                        1.7996586452008696,
                        3.432464018805905,
                        1.0172560719525385
                    ],
                    [
                        0.7672953477937526,
                        0.29300226140623364,
                        -1.4269383748612396,
                        2.661538980142661,
                        1.0172560719525385,
                        4.502861078989796
                    ]
                ],
                "mui": [
                    0.0,
                    0.0,
                    0.0,
                    0.0,
                    0.0,
                    0.0
                ],
                "Ai": [
                    [
                        0.0,
                        0.0,
                        0.0,
                        0.0,
                        0.0,
                        0.0
                    ],
                    [
                        0.0,
                        0.0,
                        0.0,
                        0.0,
                        0.0,
                        0.0
                    ],
                    [
                        0.0,
                        0.0,
                        0.0,
                        0.0,
                        0.0,
                        0.0
                    ],
                    [
                        0.862121181505523,
                        -0.6966937701565341,
                        -0.9209658850912397,
                        0.0,
                        0.0,
                        0.0
                    ],
                    [
                        0.7792884398621736,
                        -0.0,
                        0.88260859584543,
                        0.6307402466677747,
                        0.0,
                        0.0
                    ],
                    [
                        -0.0,
                        0.9130657746869058,
                        -0.6072707292139822,
                        0.8900086951277825,
                        -0.0,
                        0.0
                    ]
                ]
            },
            "est_params": {
                "mui": [
                    0.3723446934859758,
                    0.1511460407356007,
                    0.5673557647859176,
                    -0.0771527370153218,
                    0.9251910964556467,
                    -0.3747760654538298
                ],
                "Si": [
                    [
                        0.8009150834985194,
                        -0.06172258207045518,
                        0.31412069232690676,
                        0.1443507813164824,
                        0.9917040882227676,
                        -0.08410119921604302
                    ],
                    [
                        -0.06172258207045518,
                        0.7839738248932433,
                        0.5738379608526912,
                        -0.2502884982186733,
                        0.2721298475790457,
                        0.1374887694992397
                    ],
                    [
                        0.31412069232690676,
                        0.5738379608526912,
                        1.3264195406025745,
                        -0.2068483877506837,
                        1.2437314020325696,
                        -0.45776020380904214
                    ],
                    [
                        0.1443507813164824,
                        -0.2502884982186733,
                        -0.2068483877506837,
                        1.2249530823681651,
                        0.7433481598633004,
                        0.9621276593922616
                    ],
                    [
                        0.9917040882227677,
                        0.2721298475790457,
                        1.2437314020325696,
                        0.7433481598633004,
                        3.216560148442229,
                        0.23873903204877267
                    ],
                    [
                        -0.08410119921604302,
                        0.13748876949923966,
                        -0.45776020380904214,
                        0.9621276593922616,
                        0.2387390320487727,
                        2.074460670716073
                    ]
                ]
            },
            "est_tgt": [
                0,
                1,
                2,
                3,
                4,
                5
            ]
        },
        "3": {
            "intv_type": "hard",
            "inode": 3,
            "new_mui": 0.0,
            "new_sigmai": 1.0,
            "true_params": {
                "Si": [
                    [
                        1.0,
                        0.0,
                        0.5857013592789891,
                        0.0,
                        1.2962334941601619,
                        -0.3556792915509723
                    ],
                    [
                        0.0,
                        1.0,
                        0.9860578276439298,
                        0.0,
                        0.870303114679204,
                        0.31426171864642133
                    ],
                    [
                        0.5857013592789891,
                        0.9860578276439298,
                        2.3153561217191214,
                        0.0,
                        2.4999835139703124,
                        -0.5057123461426365
                    ],
                    [
                        0.0,
                        0.0,
                        0.0,
                        1.0,
                        0.6307402466677747,
                        0.8900086951277825
                    ],
                    [
                        1.2962334941601619,
                        0.870303114679204,
                        2.4999835139703124,
                        0.6307402466677747,
                        4.614479975029752,
                        -0.16215852003332898
                    ],
                    [
                        -0.3556792915509723,
                        0.31426171864642133,
                        -0.5057123461426365,
                        0.8900086951277825,
                        -0.16215852003332898,
                        2.386161402207944
                    ]
                ],
                "mui": [
                    0.0,
                    0.0,
                    0.0,
                    0.0,
                    0.0,
                    0.0
                ],
                "Ai": [
                    [
                        0.0,
                        0.0,
                        0.0,
                        0.0,
                        0.0,
                        0.0
                    ],
                    [
                        0.0,
                        0.0,
                        0.0,
                        0.0,
                        0.0,
                        0.0
                    ],
                    [
                        0.5857013592789891,
                        0.9860578276439298,
                        0.0,
                        0.0,
                        0.0,
                        0.0
                    ],
                    [
                        0.0,
                        0.0,
                        0.0,
                        0.0,
                        0.0,
                        0.0
                    ],
                    [
                        0.7792884398621736,
                        -0.0,
                        0.88260859584543,
                        0.6307402466677747,
                        0.0,
                        0.0
                    ],
                    [
                        -0.0,
                        0.9130657746869058,
                        -0.6072707292139822,
                        0.8900086951277825,
                        -0.0,
                        0.0
                    ]
                ]
            },
            "est_params": {
                "mui": [
                    -0.4849385569586202,
                    -0.24706803906930552,
                    -0.8620350536806088,
                    0.09237236701256335,
                    -1.3510502052596414,
                    0.5321953913989358
                ],
                "Si": [
                    [
                        0.8145776861445384,
                        -0.059937787659609325,
                        0.24652624850244897,
                        0.057596065982460476,
                        0.8686122749681419,
                        -0.1537236271342073
                    ],
                    [
                        -0.05993778765960934,
                        0.8274652223948266,
                        0.653471996572021,
                        -0.07181321575312448,
                        0.4039481320790221,
                        0.350099658429874
                    ],
                    [
                        0.246526248502449,
                        0.653471996572021,
                        1.3773149657801163,
                        -0.012277020025199037,
                        1.2572934227146508,
                        -0.15898544321975092
                    ],
                    [
                        0.057596065982460476,
                        -0.07181321575312448,
                        -0.012277020025199037,
                        1.0751028328107743,
                        0.7685450712612394,
                        0.9147042833269504
                    ],
                    [
                        0.8686122749681419,
                        0.403948132079022,
                        1.2572934227146508,
                        0.7685450712612394,
                        3.110288668923333,
                        0.35016889029606196
                    ],
                    [
                        -0.1537236271342073,
                        0.350099658429874,
                        -0.15898544321975097,
                        0.9147042833269504,
                        0.35016889029606196,
                        2.2275589212968554
                    ]
                ]
            },
            "est_tgt": [
                0,
                1,
                2,
                3,
                4,
                5
            ]
        },
        "4": {
            "intv_type": "hard",
            "inode": 4,
            "new_mui": 0.0,
            "new_sigmai": 1.0,
            "true_params": {
                "Si": [
                    [
                        1.0,
                        0.0,
                        0.5857013592789891,
                        0.32271021075800654,
                        0.0,
                        -0.0684643979698272
                    ],
                    [
                        0.0,
                        1.0,
                        0.9860578276439298,
                        -1.604819390143771,
                        0.0,
                        -1.1140414926912
                    ],
                    [
                        0.5857013592789891,
                        0.9860578276439298,
                        2.3153561217191214,
                        -2.314398797603089,
                        0.0,
                        -2.5655474000026706
                    ],
                    [
                        0.32271021075800654,
                        -1.604819390143771,
                        -2.314398797603089,
                        4.527765316610793,
                        0.0,
                        3.969911487099804
                    ],
                    [
                        0.0,
                        0.0,
                        0.0,
                        0.0,
                        1.0,
                        0.0
                    ],
                    [
                        -0.0684643979698272,
                        -1.1140414926912,
                        -2.5655474000026706,
                        3.969911487099804,
                        0.0,
                        5.074044424281701
                    ]
                ],
                "mui": [
                    0.0,
                    0.0,
                    0.0,
                    0.0,
                    0.0,
                    0.0
                ],
                "Ai": [
                    [
                        0.0,
                        0.0,
                        0.0,
                        0.0,
                        0.0,
                        0.0
                    ],
                    [
                        0.0,
                        0.0,
                        0.0,
                        0.0,
                        0.0,
                        0.0
                    ],
                    [
                        0.5857013592789891,
                        0.9860578276439298,
                        0.0,
                        0.0,
                        0.0,
                        0.0
                    ],
                    [
                        0.862121181505523,
                        -0.6966937701565341,
                        -0.9209658850912397,
                        0.0,
                        0.0,
                        0.0
                    ],
                    [
                        0.0,
                        0.0,
                        0.0,
                        0.0,
                        0.0,
                        0.0
                    ],
                    [
                        -0.0,
                        0.9130657746869058,
                        -0.6072707292139822,
                        0.8900086951277825,
                        -0.0,
                        0.0
                    ]
                ]
            },
            "est_params": {
                "mui": [
                    0.026772735063402043,
                    -0.008941597573820332,
                    -0.034142038826728505,
                    0.06624475211933184,
                    0.031590540328634634,
                    0.12470210061788405
                ],
                "Si": [
                    [
                        0.8694441731784536,
                        -0.04499066887818702,
                        0.42200139679031307,
                        0.37053784078142743,
                        0.1855052533192864,
                        0.020455130874742496
                    ],
                    [
                        -0.04499066887818702,
                        0.8862034349218082,
                        0.7267226141581395,
                        -1.2887424875857307,
                        -0.06331500271919159,
                        -0.7974917518375828
                    ],
                    [
                        0.42200139679031307,
                        0.7267226141581395,
                        1.7453743095234353,
                        -1.6816272511559094,
                        0.093920368808354,
                        -1.884293479555504
                    ],
                    [
                        0.3705378407814273,
                        -1.2887424875857305,
                        -1.681627251155909,
                        3.538567946507003,
                        0.1693557123633772,
                        2.9812716850169463
                    ],
                    [
                        0.1855052533192864,
                        -0.06331500271919158,
                        0.093920368808354,
                        0.16935571236337724,
                        1.2136673244929272,
                        0.029247440841129464
                    ],
                    [
                        0.020455130874742506,
                        -0.7974917518375829,
                        -1.884293479555504,
                        2.9812716850169463,
                        0.029247440841129475,
                        3.9463714154660643
                    ]
                ]
            },
            "est_tgt": [
                2,
                3,
                4,
                5
            ]
        },
        "5": {
            "intv_type": "hard",
            "inode": 5,
            "new_mui": 0.0,
            "new_sigmai": 1.0,
            "true_params": {
                "Si": [
                    [
                        1.0,
                        0.0,
                        0.5857013592789891,
                        0.32271021075800654,
                        1.4997798120958765,
                        0.0
                    ],
                    [
                        0.0,
                        1.0,
                        0.9860578276439298,
                        -1.604819390143771,
                        -0.141921063317306,
                        0.0
                    ],
                    [
                        0.5857013592789891,
                        0.9860578276439298,
                        2.3153561217191214,
                        -2.314398797603089,
                        1.0401990454825385,
                        0.0
                    ],
                    [
                        0.32271021075800654,
                        -1.604819390143771,
                        -2.314398797603089,
                        4.527765316610793,
                        1.0646198763432724,
                        0.0
                    ],
                    [
                        1.4997798120958765,
                        -0.141921063317306,
                        1.0401990454825385,
                        1.0646198763432724,
                        3.758348292250251,
                        0.0
                    ],
                    [
                        0.0,
                        0.0,
                        0.0,
                        0.0,
                        0.0,
                        1.0
                    ]
                ],
                "mui": [
                    0.0,
                    0.0,
                    0.0,
                    0.0,
                    0.0,
                    0.0
                ],
                "Ai": [
                    [
                        0.0,
                        0.0,
                        0.0,
                        0.0,
                        0.0,
                        0.0
                    ],
                    [
                        0.0,
                        0.0,
                        0.0,
                        0.0,
                        0.0,
                        0.0
                    ],
                    [
                        0.5857013592789891,
                        0.9860578276439298,
                        0.0,
                        0.0,
                        0.0,
                        0.0
                    ],
                    [
                        0.862121181505523,
                        -0.6966937701565341,
                        -0.9209658850912397,
                        0.0,
                        0.0,
                        0.0
                    ],
                    [
                        0.7792884398621736,
                        -0.0,
                        0.88260859584543,
                        0.6307402466677747,
                        0.0,
                        0.0
                    ],
                    [
                        0.0,
                        0.0,
                        0.0,
                        0.0,
                        0.0,
                        0.0
                    ]
                ]
            },
            "est_params": {
                "mui": [
                    -0.1795758293521056,
                    0.25047601859332425,
                    0.2857012053599348,
                    -0.7587346734036239,
                    -0.47038118679408747,
                    -0.23856283758119426
                ],
                "Si": [
                    [
                        0.9213469982424903,
                        -0.03738709387271545,
                        0.6264065937188593,
                        0.2454015613086913,
                        1.4530368832630816,
                        0.009372180751740209
                    ],
                    [
                        -0.03738709387271545,
                        0.7749774329888637,
                        0.6340547604502201,
                        -1.1084918014813636,
                        -0.12171774929579438,
                        -0.05112435635982756
                    ],
                    [
                        0.6264065937188593,
                        0.63405476045022,
                        1.7772641858546743,
                        -1.4397839095510565,
                        1.2178874355633946,
                        -0.06522191958377492
                    ],
                    [
                        0.24540156130869134,
                        -1.1084918014813636,
                        -1.4397839095510565,
                        3.0360129296573177,
                        0.7460454441032903,
                        0.1685767030812942
                    ],
                    [
                        1.4530368832630816,
                        -0.12171774929579438,
                        1.2178874355633946,
                        0.7460454441032903,
                        3.581898060046749,
                        0.09750082844776069
                    ],
                    [
                        0.009372180751740209,
                        -0.051124356359827546,
                        -0.06522191958377492,
                        0.1685767030812942,
                        0.0975008284477607,
                        1.1140882201252518
                    ]
                ]
            },
            "est_tgt": [
                0,
                1,
                2,
                3,
                4,
                5
            ]
        },
        "obs": {
            "intv_type": "obs",
            "true_params": {
                "Si": [
                    [
                        1.0,
                        0.0,
                        0.5857013592789891,
                        0.32271021075800654,
                        1.4997798120958765,
                        -0.0684643979698272
                    ],
                    [
                        0.0,
                        1.0,
                        0.9860578276439298,
                        -1.604819390143771,
                        -0.141921063317306,
                        -1.1140414926912
                    ],
                    [
                        0.5857013592789891,
                        0.9860578276439298,
                        2.3153561217191214,
                        -2.314398797603089,
                        1.0401990454825385,
                        -2.5655474000026706
                    ],
                    [
                        0.32271021075800654,
                        -1.604819390143771,
                        -2.314398797603089,
                        4.527765316610793,
                        1.0646198763432724,
                        3.969911487099804
                    ],
                    [
                        1.4997798120958765,
                        -0.141921063317306,
                        1.0401990454825385,
                        1.0646198763432724,
                        3.758348292250251,
                        0.1862552484513022
                    ],
                    [
                        -0.0684643979698272,
                        -1.1140414926912,
                        -2.5655474000026706,
                        3.969911487099804,
                        0.1862552484513022,
                        5.074044424281701
                    ]
                ],
                "mui": [
                    0.0,
                    0.0,
                    0.0,
                    0.0,
                    0.0,
                    0.0
                ],
                "Ai": [
                    [
                        0.0,
                        0.0,
                        0.0,
                        0.0,
                        0.0,
                        0.0
                    ],
                    [
                        0.0,
                        0.0,
                        0.0,
                        0.0,
                        0.0,
                        0.0
                    ],
                    [
                        0.5857013592789891,
                        0.9860578276439298,
                        0.0,
                        0.0,
                        0.0,
                        0.0
                    ],
                    [
                        0.862121181505523,
                        -0.6966937701565341,
                        -0.9209658850912397,
                        0.0,
                        0.0,
                        0.0
                    ],
                    [
                        0.7792884398621736,
                        -0.0,
                        0.88260859584543,
                        0.6307402466677747,
                        0.0,
                        0.0
                    ],
                    [
                        -0.0,
