{
    "expt_args": {
        "save_dir": "expt_logs_30.04.24-hard",
        "exp_name": "630",
        "num_nodes": 6,
        "obs_noise_mean": 0.0,
        "obs_noise_var": 1.0,
        "max_edge_strength": 1.0,
        "graph_sparsity_method": "adj_dense_prop",
        "adj_dense_prop": 0.8,
        "num_parents": null,
        "new_noise_mean": 1.0,
        "mix_samples": 65536,
        "stage2_samples": 65536,
        "gmm_tol": 0.001,
        "intv_type": "hard",
        "new_noise_sigma": 2.0,
        "intv_targets": [
            0,
            1,
            2,
            3,
            4,
            5
        ]
    },
    "intv_args_dict": {
        "0": {
            "intv_type": "hard",
            "inode": 0,
            "new_mui": 1.0,
            "new_sigmai": 2.0,
            "true_params": {
                "Si": [
                    [
                        2.0,
                        1.9849209101580296,
                        -0.5555888798855546,
                        -2.323507480744755,
                        -1.51653717648901,
                        1.4893400913634167
                    ],
                    [
                        1.9849209101580296,
                        2.9699555097912906,
                        -1.4619720672040266,
                        -2.5746922545125335,
                        -2.059819471109132,
                        1.452788354141248
                    ],
                    [
                        -0.5555888798855546,
                        -1.4619720672040266,
                        1.983481004833095,
                        0.36894410716403403,
                        1.2252861163178297,
                        -0.5929466741483536
                    ],
                    [
                        -2.323507480744755,
                        -2.5746922545125335,
                        0.36894410716403403,
                        4.043180434268198,
                        1.181636192943175,
                        -2.2865475000977464
                    ],
                    [
                        -1.51653717648901,
                        -2.059819471109132,
                        1.2252861163178297,
                        1.181636192943175,
                        2.875870590182436,
                        -0.7923419060890672
                    ],
                    [
                        1.4893400913634167,
                        1.452788354141248,
                        -0.5929466741483536,
                        -2.2865475000977464,
                        -0.7923419060890672,
                        2.597553102082668
                    ]
                ],
                "mui": [
                    1.0,
                    0.9924604550790148,
                    -0.2777944399427773,
                    -1.1617537403723774,
                    -0.758268588244505,
                    0.7446700456817084
                ],
                "Ai": [
                    [
                        0.0,
                        0.0,
                        0.0,
                        0.0,
                        0.0,
                        0.0
                    ],
                    [
                        0.9924604550790148,
                        0.0,
                        0.0,
                        0.0,
                        0.0,
                        0.0
                    ],
                    [
                        0.625912335632679,
                        -0.9105720746359689,
                        0.0,
                        0.0,
                        0.0,
                        0.0
                    ],
                    [
                        -0.5688594493520693,
                        -0.7432810779865071,
                        -0.521186766443652,
                        0.0,
                        0.0,
                        0.0
                    ],
                    [
                        -0.7210451771932243,
                        -0.7088126713022875,
                        0.0,
                        -0.5734822382079079,
                        0.0,
                        0.0
                    ],
                    [
                        0.5161094477931989,
                        -0.7064126526523031,
                        -0.5507025449168783,
                        -0.6685281816473404,
                        0.0,
                        0.0
                    ]
                ]
            },
            "est_params": {
                "mui": [
                    2.436540438268112,
                    2.577228335007459,
                    -0.8241316535041676,
                    -2.9333310629913525,
                    -2.0011435766243793,
                    1.876908846196
                ],
                "Si": [
                    [
                        2.395832661283323,
                        2.225022194912502,
                        -0.5516829652374299,
                        -2.6091054675937877,
                        -1.6984057852420082,
                        1.7286398869612403
                    ],
                    [
                        2.225022194912502,
                        3.034367922022789,
                        -1.3690576542158084,
                        -2.711245559820345,
                        -2.118857880645466,
                        1.5427443031170183
                    ],
                    [
                        -0.5516829652374299,
                        -1.3690576542158084,
                        1.9179318940994459,
                        0.27194753100291863,
                        1.2062170365539384,
                        -0.4860043798459505
                    ],
                    [
                        -2.6091054675937873,
                        -2.711245559820345,
                        0.27194753100291863,
                        4.314765872113849,
                        1.2452975786916616,
                        -2.4709596424310116
                    ],
                    [
                        -1.6984057852420087,
                        -2.118857880645466,
                        1.2062170365539386,
                        1.2452975786916616,
                        2.8619364739299598,
                        -0.856926996955291
                    ],
                    [
                        1.7286398869612403,
                        1.5427443031170185,
                        -0.4860043798459505,
                        -2.4709596424310116,
                        -0.856926996955291,
                        2.73608937503364
                    ]
                ]
            },
            "est_tgt": [
                0,
                1,
                2,
                3,
                4,
                5
            ]
        },
        "1": {
            "intv_type": "hard",
            "inode": 1,
            "new_mui": 1.0,
            "new_sigmai": 2.0,
            "true_params": {
                "Si": [
                    [
                        1.0,
                        0.0,
                        0.625912335632679,
                        -0.8950766756376591,
                        -0.20773460188084591,
                        0.7698019140644059
                    ],
                    [
                        0.0,
                        2.0,
                        -1.8211441492719378,
                        -0.5374059255861974,
                        -1.1094325895732102,
                        -0.050645581401420316
                    ],
                    [
                        0.625912335632679,
                        -1.8211441492719378,
                        3.0500492581108603,
                        -0.5920794704796662,
                        1.179086038245916,
                        0.3256704624867487
                    ],
                    [
                        -0.8950766756376591,
                        -0.5374059255861974,
                        -0.5920794704796662,
                        2.217200465214132,
                        -0.24521423547150606,
                        -1.2385285075225636
                    ],
                    [
                        -0.20773460188084591,
                        -1.1094325895732102,
                        1.179086038245916,
                        -0.24521423547150606,
                        2.07679191886618,
                        0.19111037289088484
                    ],
                    [
                        0.7698019140644059,
                        -0.050645581401420316,
                        0.3256704624867487,
                        -1.2385285075225636,
                        0.19111037289088484,
                        2.081722378837568
                    ]
                ],
                "mui": [
                    0.0,
                    1.0,
                    -0.9105720746359689,
                    -0.2687029627930987,
                    -0.5547162947866051,
                    -0.025322790700710158
                ],
                "Ai": [
                    [
                        0.0,
                        0.0,
                        0.0,
                        0.0,
                        0.0,
                        0.0
                    ],
                    [
                        0.0,
                        0.0,
                        0.0,
                        0.0,
                        0.0,
                        0.0
                    ],
                    [
                        0.625912335632679,
                        -0.9105720746359689,
                        0.0,
                        0.0,
                        0.0,
                        0.0
                    ],
                    [
                        -0.5688594493520693,
                        -0.7432810779865071,
                        -0.521186766443652,
                        0.0,
                        0.0,
                        0.0
                    ],
                    [
                        -0.7210451771932243,
                        -0.7088126713022875,
                        0.0,
                        -0.5734822382079079,
                        0.0,
                        0.0
                    ],
                    [
                        0.5161094477931989,
                        -0.7064126526523031,
                        -0.5507025449168783,
                        -0.6685281816473404,
                        0.0,
                        0.0
                    ]
                ]
            },
            "est_params": {
                "mui": [
                    0.021616706222950203,
                    1.0189767530124316,
                    -0.9858874938413422,
                    -0.26602492472607486,
                    -0.6022095755900428,
                    -0.00910719323600125
                ],
                "Si": [
                    [
                        1.0322115770210358,
                        -0.0018109793286318618,
                        0.6317837724170391,
                        -0.9143491301109111,
                        -0.2208658817945954,
                        0.8138076347643686
                    ],
                    [
                        -0.0018109793286319098,
                        4.0055352072634935,
                        -3.6258754057925042,
                        -1.0597175210570178,
                        -2.1940989488879463,
                        -0.10379469342792133
                    ],
                    [
                        0.631783772417039,
                        -3.6258754057925042,
                        4.689338591010945,
                        -0.10415225940592955,
                        2.144557287190988,
                        0.33272641733444114
                    ],
                    [
                        -0.9143491301109111,
                        -1.059717521057018,
                        -0.10415225940592958,
                        2.315845602175212,
                        0.056623592041989454,
                        -1.2318521362971173
                    ],
                    [
                        -0.2208658817945954,
                        -2.1940989488879463,
                        2.1445572871909886,
                        0.056623592041989454,
                        2.605086813867824,
                        0.1985219648224686
                    ],
                    [
                        0.8138076347643683,
                        -0.10379469342792133,
                        0.33272641733444114,
                        -1.2318521362971173,
                        0.1985219648224686,
                        2.134698224182102
                    ]
                ]
            },
            "est_tgt": [
                0,
                1,
                2,
                4
            ]
        },
        "2": {
            "intv_type": "hard",
            "inode": 2,
            "new_mui": 1.0,
            "new_sigmai": 2.0,
            "true_params": {
                "Si": [
                    [
                        1.0,
                        0.9924604550790148,
                        0.0,
                        -1.3065365262621789,
                        -0.6752382321384454,
                        0.6884793132262071
                    ],
                    [
                        0.9924604550790148,
                        1.9849777548956453,
                        0.0,
                        -2.0399669134180245,
                        -0.9527014182358698,
                        0.4737801873838606
                    ],
                    [
                        0.0,
                        0.0,
                        2.0,
                        -1.042373532887304,
                        0.5977827066888954,
                        -0.4045490072952931
                    ],
                    [
                        -1.3065365262621789,
                        -2.0399669134180245,
                        -1.042373532887304,
                        3.802775746382005,
                        0.2072019119183448,
                        -1.2014824040865935
                    ],
                    [
                        -0.6752382321384454,
                        -0.9527014182358698,
                        0.5977827066888954,
                        0.2072019119183448,
                        2.0433374917452594,
                        -0.14321727036571477
                    ],
                    [
                        0.6884793132262071,
                        0.4737801873838606,
                        -0.4045490072952931,
                        -1.2014824040865935,
                        -0.14321727036571477,
                        2.0466573739686806
                    ]
                ],
                "mui": [
                    0.0,
                    0.0,
                    1.0,
                    -0.521186766443652,
                    0.2988913533444477,
                    -0.20227450364764654
                ],
                "Ai": [
                    [
                        0.0,
                        0.0,
                        0.0,
                        0.0,
                        0.0,
                        0.0
                    ],
                    [
                        0.9924604550790148,
                        0.0,
                        0.0,
                        0.0,
                        0.0,
                        0.0
                    ],
                    [
                        0.0,
                        0.0,
                        0.0,
                        0.0,
                        0.0,
                        0.0
                    ],
                    [
                        -0.5688594493520693,
                        -0.7432810779865071,
                        -0.521186766443652,
                        0.0,
                        0.0,
                        0.0
                    ],
                    [
                        -0.7210451771932243,
                        -0.7088126713022875,
                        0.0,
                        -0.5734822382079079,
                        0.0,
                        0.0
                    ],
                    [
                        0.5161094477931989,
                        -0.7064126526523031,
                        -0.5507025449168783,
                        -0.6685281816473404,
                        0.0,
                        0.0
                    ]
                ]
            },
            "est_params": {
                "mui": [
                    0.07112064132053028,
                    0.17812769445902338,
                    0.7582576468111261,
                    -0.5412551148104495,
                    1.0895617436952958,
                    -0.12246685926237905
                ],
                "Si": [
                    [
                        0.9349536471954156,
                        0.920026914085835,
                        -0.11984487690560276,
                        -1.124608849097303,
                        -0.1655284200163243,
                        0.6289801449299962
                    ],
                    [
                        0.920026914085835,
                        1.9297042550033332,
                        -0.4342668073319097,
                        -1.6756994597018322,
                        -0.21256268156271002,
                        0.439591423566898
                    ],
                    [
                        -0.11984487690560276,
                        -0.43426680733190964,
                        4.12885993714654,
                        -1.8716002270923653,
                        -0.10815477364944294,
                        -0.7582144748363472
                    ],
                    [
                        -1.124608849097303,
                        -1.6756994597018322,
                        -1.8716002270923653,
                        3.8208437668987174,
                        0.12690146990099202,
                        -0.9142767067219271
                    ],
                    [
                        -0.16552842001632434,
                        -0.21256268156271008,
                        -0.10815477364944305,
                        0.126901469900992,
                        3.658305580170807,
                        0.06209201168833477
                    ],
                    [
                        0.6289801449299961,
                        0.439591423566898,
                        -0.7582144748363471,
                        -0.9142767067219271,
                        0.062092011688334746,
                        2.007717202225824
                    ]
                ]
            },
            "est_tgt": [
                0,
                1,
                2,
                3,
                4,
                5
            ]
        },
        "3": {
            "intv_type": "hard",
            "inode": 3,
            "new_mui": 1.0,
            "new_sigmai": 2.0,
            "true_params": {
                "Si": [
                    [
                        1.0,
                        0.9924604550790148,
                        -0.2777944399427773,
                        0.0,
                        -1.4245137235196648,
                        -0.03199506989143352
                    ],
                    [
                        0.9924604550790148,
                        1.9849777548956453,
                        -1.1862720709199976,
                        0.0,
                        -2.122586209612916,
                        -0.23671213544477038
                    ],
                    [
                        -0.2777944399427773,
                        -1.1862720709199976,
                        1.9063112539699738,
                        0.0,
                        1.0411470166519325,
                        -0.35518519357790124
                    ],
                    [
                        0.0,
                        0.0,
                        0.0,
                        2.0,
                        -1.1469644764158158,
                        -1.3370563632946808
                    ],
                    [
                        -1.4245137235196648,
                        -2.122586209612916,
                        1.0411470166519325,
                        -1.1469644764158158,
                        4.189418506574448,
                        0.9576325277258141
                    ],
                    [
                        -0.03199506989143352,
                        -0.23671213544477038,
                        -0.35518519357790124,
                        -1.3370563632946808,
                        0.9576325277258141,
                        2.2401647389943022
                    ]
                ],
                "mui": [
                    0.0,
                    0.0,
                    0.0,
                    1.0,
                    -0.5734822382079079,
                    -0.6685281816473404
                ],
                "Ai": [
                    [
                        0.0,
                        0.0,
                        0.0,
                        0.0,
                        0.0,
                        0.0
                    ],
                    [
                        0.9924604550790148,
                        0.0,
                        0.0,
                        0.0,
                        0.0,
                        0.0
                    ],
                    [
                        0.625912335632679,
                        -0.9105720746359689,
                        0.0,
                        0.0,
                        0.0,
                        0.0
                    ],
                    [
                        0.0,
                        0.0,
                        0.0,
                        0.0,
                        0.0,
                        0.0
                    ],
                    [
                        -0.7210451771932243,
                        -0.7088126713022875,
                        0.0,
                        -0.5734822382079079,
                        0.0,
                        0.0
                    ],
                    [
                        0.5161094477931989,
                        -0.7064126526523031,
                        -0.5507025449168783,
                        -0.6685281816473404,
                        0.0,
                        0.0
                    ]
                ]
            },
            "est_params": {
                "mui": [
                    -0.048568660966909365,
                    -0.02661904494089237,
                    -0.014177895379257658,
                    0.953307132194922,
                    -0.49212661002674163,
                    -0.6553605500803369
                ],
                "Si": [
                    [
                        0.9547865935361942,
                        0.9338792821503772,
                        -0.24182262494234688,
                        -0.021461868583379066,
                        -1.33766656547212,
                        -0.02446146005864511
                    ],
                    [
                        0.9338792821503772,
                        1.8597515073965705,
                        -1.1015840448849183,
                        -0.007102110689653692,
                        -2.0066589632991754,
                        -0.2578842510150013
                    ],
                    [
                        -0.24182262494234688,
                        -1.1015840448849183,
                        1.8542749751571619,
                        -0.0724015444402495,
                        1.036909829584837,
                        -0.2798116676884633
                    ],
                    [
                        -0.02146186858337909,
                        -0.007102110689653611,
                        -0.0724015444402495,
                        3.6926759306717956,
                        -2.1053493672541603,
                        -2.416468505929892
                    ],
                    [
                        -1.33766656547212,
                        -2.0066589632991754,
                        1.036909829584837,
                        -2.1053493672541603,
                        4.596268260480498,
                        1.5577271521555898
                    ],
                    [
                        -0.0244614600586451,
                        -0.25788425101500134,
                        -0.2798116676884633,
                        -2.416468505929892,
                        1.5577271521555898,
                        2.844714318222117
                    ]
                ]
            },
            "est_tgt": [
                0,
                1,
                3,
                5
            ]
        },
        "4": {
            "intv_type": "hard",
            "inode": 4,
            "new_mui": 1.0,
            "new_sigmai": 2.0,
            "true_params": {
                "Si": [
                    [
                        1.0,
                        0.9924604550790148,
                        -0.2777944399427773,
                        -1.1617537403723774,
                        0.0,
                        0.7446700456817084
                    ],
                    [
                        0.9924604550790148,
                        1.9849777548956453,
                        -1.1862720709199976,
                        -1.4216976086528161,
                        0.0,
                        0.7137327817202689
                    ],
                    [
                        -0.2777944399427773,
                        -1.1862720709199976,
                        1.9063112539699738,
                        0.04621537750586269,
                        0.0,
                        -0.386081475866041
                    ],
                    [
                        -1.1617537403723774,
                        -1.4216976086528161,
                        0.04621537750586269,
                        2.6935086809989883,
                        0.0,
                        -1.4214242891837525
                    ],
                    [
                        0.0,
                        0.0,
                        0.0,
                        0.0,
                        2.0,
                        0.0
                    ],
                    [
                        0.7446700456817084,
                        0.7137327817202689,
                        -0.386081475866041,
                        -1.4214242891837525,
                        0.0,
                        2.0430196251470707
                    ]
                ],
                "mui": [
                    0.0,
                    0.0,
                    0.0,
                    0.0,
                    1.0,
                    0.0
                ],
                "Ai": [
                    [
                        0.0,
                        0.0,
                        0.0,
                        0.0,
                        0.0,
                        0.0
                    ],
                    [
                        0.9924604550790148,
                        0.0,
                        0.0,
                        0.0,
                        0.0,
                        0.0
                    ],
                    [
                        0.625912335632679,
                        -0.9105720746359689,
                        0.0,
                        0.0,
                        0.0,
                        0.0
                    ],
                    [
                        -0.5688594493520693,
                        -0.7432810779865071,
                        -0.521186766443652,
                        0.0,
                        0.0,
                        0.0
                    ],
                    [
                        0.0,
                        0.0,
                        0.0,
                        0.0,
                        0.0,
                        0.0
                    ],
                    [
                        0.5161094477931989,
                        -0.7064126526523031,
                        -0.5507025449168783,
                        -0.6685281816473404,
                        0.0,
                        0.0
                    ]
                ]
            },
            "est_params": {
                "mui": [
                    0.7061631279881686,
                    0.8818553347362782,
                    -0.25942801371286517,
                    -1.2666154024195697,
                    -0.40735365486484526,
                    0.8697792652929375
                ],
                "Si": [
                    [
                        0.7498672646639553,
                        0.5748218698549887,
                        -0.027284640843699023,
                        -0.6792927414766403,
                        -0.4198020247627079,
                        0.34015886367076836
                    ],
                    [
                        0.5748218698549887,
                        1.336891286040018,
                        -0.7703208458346307,
                        -0.7423105346358494,
                        -0.7200377279057035,
                        0.16881970607154714
                    ],
                    [
                        -0.02728464084369903,
                        -0.7703208458346307,
                        1.7317448495703025,
                        -0.2792865463891193,
                        0.5415727742024034,
                        -0.2092457845202081
                    ],
                    [
                        -0.6792927414766402,
                        -0.7423105346358493,
                        -0.2792865463891193,
                        1.711821015224943,
                        -0.06887824875158315,
                        -0.645791709723178
                    ],
                    [
                        -0.4198020247627079,
                        -0.7200377279057035,
                        0.5415727742024034,
                        -0.06887824875158315,
                        1.9960040874156562,
                        0.08485113580801602
                    ],
                    [
                        0.34015886367076836,
                        0.16881970607154714,
                        -0.2092457845202081,
                        -0.645791709723178,
                        0.08485113580801602,
                        1.580922956902421
                    ]
                ]
            },
            "est_tgt": [
                0,
                1,
                2,
                3,
                4,
                5
            ]
        },
        "5": {
            "intv_type": "hard",
            "inode": 5,
            "new_mui": 1.0,
            "new_sigmai": 2.0,
            "true_params": {
                "Si": [
                    [
                        1.0,
                        0.9924604550790148,
                        -0.2777944399427773,
                        -1.1617537403723774,
                        -0.758268588244505,
                        0.0
                    ],
                    [
                        0.9924604550790148,
                        1.9849777548956453,
                        -1.1862720709199976,
                        -1.4216976086528161,
                        -1.3072678829478686,
                        0.0
                    ],
                    [
                        -0.2777944399427773,
                        -1.1862720709199976,
                        1.9063112539699738,
                        0.04621537750586269,
                        1.014643318520247,
                        0.0
                    ],
                    [
                        -1.1617537403723774,
                        -1.4216976086528161,
                        0.04621537750586269,
                        2.6935086809989883,
                        0.30071482434323893,
                        0.0
                    ],
                    [
                        -0.758268588244505,
                        -1.3072678829478686,
                        1.014643318520247,
                        0.30071482434323893,
                        2.300899338264122,
                        0.0
                    ],
                    [
                        0.0,
                        0.0,
                        0.0,
                        0.0,
                        0.0,
                        2.0
                    ]
                ],
                "mui": [
                    0.0,
                    0.0,
                    0.0,
                    0.0,
                    0.0,
                    1.0
                ],
                "Ai": [
                    [
                        0.0,
                        0.0,
                        0.0,
                        0.0,
                        0.0,
                        0.0
                    ],
                    [
                        0.9924604550790148,
                        0.0,
                        0.0,
                        0.0,
                        0.0,
                        0.0
                    ],
                    [
                        0.625912335632679,
                        -0.9105720746359689,
                        0.0,
                        0.0,
                        0.0,
                        0.0
                    ],
                    [
                        -0.5688594493520693,
                        -0.7432810779865071,
                        -0.521186766443652,
                        0.0,
                        0.0,
                        0.0
                    ],
                    [
                        -0.7210451771932243,
                        -0.7088126713022875,
                        0.0,
                        -0.5734822382079079,
                        0.0,
                        0.0
                    ],
                    [
                        0.0,
                        0.0,
                        0.0,
                        0.0,
                        0.0,
                        0.0
                    ]
                ]
            },
            "est_params": {
                "mui": [
                    -0.11638507129006778,
                    -0.12924442779854314,
                    0.06238776200317909,
                    0.1443279847543563,
                    0.12371582592650338,
                    0.7655099299316699
                ],
                "Si": [
                    [
                        0.8455127181756655,
                        0.7753382328341748,
                        -0.15503563975881637,
                        -0.9257766547713957,
                        -0.6330623965472063,
                        0.0738684271884232
                    ],
                    [
                        0.7753382328341748,
                        1.6955544997113128,
                        -1.004946243304084,
                        -1.0960595307627927,
                        -1.1275652646620564,
                        0.005874494571295173
                    ],
                    [
                        -0.15503563975881637,
                        -1.004946243304084,
                        1.7642830704937433,
                        -0.1374840746151328,
                        0.9097745238605842,
                        -1.611038436349502e-05
                    ],
                    [
                        -0.925776654771396,
                        -1.0960595307627925,
                        -0.13748407461513282,
                        2.303183218432659,
                        0.12534668074120775,
                        -0.09751402033275856
                    ],
                    [
                        -0.6330623965472063,
                        -1.1275652646620564,
                        0.9097745238605842,
                        0.12534668074120772,
                        2.1176268612886124,
                        -0.026440405834568165
                    ],
                    [
                        0.07386842718842314,
                        0.005874494571295188,
                        -1.6110384363496665e-05,
                        -0.09751402033275847,
                        -0.026440405834568158,
                        3.7921520508151048
                    ]
                ]
            },
            "est_tgt": [
                0,
                1,
                3,
                5
            ]
        },
        "obs": {
            "intv_type": "obs",
            "true_params": {
                "Si": [
                    [
                        1.0,
                        0.9924604550790148,
                        -0.2777944399427773,
                        -1.1617537403723774,
                        -0.758268588244505,
                        0.7446700456817084
                    ],
                    [
                        0.9924604550790148,
                        1.9849777548956453,
                        -1.1862720709199976,
                        -1.4216976086528161,
                        -1.3072678829478686,
                        0.7137327817202689
                    ],
                    [
                        -0.2777944399427773,
                        -1.1862720709199976,
                        1.9063112539699738,
                        0.04621537750586269,
                        1.014643318520247,
                        -0.386081475866041
                    ],
                    [
                        -1.1617537403723774,
                        -1.4216976086528161,
                        0.04621537750586269,
                        2.6935086809989883,
                        0.30071482434323893,
                        -1.4214242891837525
                    ],
                    [
                        -0.758268588244505,
                        -1.3072678829478686,
                        1.014643318520247,
                        0.30071482434323893,
                        2.300899338264122,
                        -0.22768200184202728
                    ],
                    [
                        0.7446700456817084,
                        0.7137327817202689,
                        -0.386081475866041,
                        -1.4214242891837525,
                        -0.22768200184202728,
                        2.0430196251470707
                    ]
                ],
                "mui": [
                    0.0,
                    0.0,
                    0.0,
                    0.0,
                    0.0,
                    0.0
                ],
                "Ai": [
                    [
                        0.0,
                        0.0,
                        0.0,
                        0.0,
                        0.0,
                        0.0
                    ],
                    [
                        0.9924604550790148,
                        0.0,
                        0.0,
                        0.0,
                        0.0,
                        0.0
                    ],
                    [
