{
    "expt_args": {
        "save_dir": "expt_logs_30.04.24-hard",
        "exp_name": "165",
        "num_nodes": 6,
        "obs_noise_mean": 0.0,
        "obs_noise_var": 1.0,
        "max_edge_strength": 1.0,
        "graph_sparsity_method": "adj_dense_prop",
        "adj_dense_prop": 0.8,
        "num_parents": null,
        "new_noise_mean": 1.0,
        "mix_samples": 32768,
        "stage2_samples": 32768,
        "gmm_tol": 0.001,
        "intv_type": "hard",
        "new_noise_sigma": 0.1,
        "intv_targets": [
            0,
            1,
            2,
            3,
            4,
            5
        ]
    },
    "intv_args_dict": {
        "0": {
            "intv_type": "hard",
            "inode": 0,
            "new_mui": 1.0,
            "new_sigmai": 0.1,
            "true_params": {
                "Si": [
                    [
                        0.1,
                        0.0,
                        0.06003893186510889,
                        -0.13956084845799088,
                        -0.02309591953553019,
                        0.08832608443369695
                    ],
                    [
                        0.0,
                        1.0,
                        0.9679082517421228,
                        -0.6764559159655081,
                        0.2841683678748465,
                        0.4708419606753923
                    ],
                    [
                        0.06003893186510889,
                        0.9679082517421228,
                        1.9728931171855244,
                        -1.437422441861215,
                        -0.20664348598280297,
                        0.8620551757139936
                    ],
                    [
                        -0.13956084845799088,
                        -0.6764559159655081,
                        -1.437422441861215,
                        2.140804225773028,
                        -0.5417924227385218,
                        -0.7198941299274606
                    ],
                    [
                        -0.02309591953553019,
                        0.2841683678748465,
                        -0.20664348598280297,
                        -0.5417924227385218,
                        1.8072792340113706,
                        -1.0279781811995312
                    ],
                    [
                        0.08832608443369695,
                        0.4708419606753923,
                        0.8620551757139936,
                        -0.7198941299274606,
                        -1.0279781811995312,
                        2.421935911225739
                    ]
                ],
                "mui": [
                    1.0,
                    0.0,
                    0.6003893186510889,
                    -1.3956084845799088,
                    -0.23095919535530188,
                    0.8832608443369695
                ],
                "Ai": [
                    [
                        0.0,
                        0.0,
                        0.0,
                        0.0,
                        0.0,
                        0.0
                    ],
                    [
                        -0.0,
                        0.0,
                        0.0,
                        0.0,
                        0.0,
                        0.0
                    ],
                    [
                        0.6003893186510889,
                        0.9679082517421228,
                        0.0,
                        0.0,
                        0.0,
                        0.0
                    ],
                    [
                        -0.9760057941874771,
                        -0.0,
                        -0.6988843361423625,
                        0.0,
                        0.0,
                        0.0
                    ],
                    [
                        -0.6418296301138666,
                        0.7369808691837911,
                        -0.9631629681226194,
                        -0.7087540695465218,
                        0.0,
                        0.0
                    ],
                    [
                        -0.0,
                        0.8645537701765427,
                        -0.629965507682216,
                        -0.7387013385967331,
                        -0.9982176730273804,
                        0.0
                    ]
                ]
            },
            "est_params": {
                "mui": [
                    0.9969598341715191,
                    -0.002992339733923235,
                    0.5998836047892462,
                    -1.3626508882616584,
                    -0.26305521543741256,
                    0.882589987758741
                ],
                "Si": [
                    [
                        0.011731292538658185,
                        -0.001073654714460846,
                        0.005418970254609657,
                        -0.014962916579851866,
                        -0.00030471715590506406,
                        0.007007049912579923
                    ],
                    [
                        -0.001073654714460846,
                        0.9703785753196232,
                        0.946026051803457,
                        -0.6911810869501377,
                        0.30211296736060744,
                        0.41938493265830906
                    ],
                    [
                        0.0054189702546096575,
                        0.946026051803457,
                        1.9477034176145953,
                        -1.376710000770557,
                        -0.17356107551620611,
                        0.7475011985491159
                    ],
                    [
                        -0.01496291657985187,
                        -0.6911810869501377,
                        -1.376710000770557,
                        1.9835786437595027,
                        -0.6016199522830437,
                        -0.5901687640372191
                    ],
                    [
                        -0.00030471715590506395,
                        0.3021129673606075,
                        -0.1735610755162061,
                        -0.6016199522830437,
                        1.8399082843650232,
                        -1.0232845786713904
                    ],
                    [
                        0.0070070499125799235,
                        0.41938493265830906,
                        0.7475011985491159,
                        -0.5901687640372191,
                        -1.0232845786713902,
                        2.3507742692362346
                    ]
                ]
            },
            "est_tgt": [
                0
            ]
        },
        "1": {
            "intv_type": "hard",
            "inode": 1,
            "new_mui": 1.0,
            "new_sigmai": 0.1,
            "true_params": {
                "Si": [
                    [
                        1.0,
                        0.0,
                        0.6003893186510889,
                        -1.3956084845799088,
                        -0.23095919535530188,
                        0.8832608443369695
                    ],
                    [
                        0.0,
                        0.1,
                        0.09679082517421228,
                        -0.06764559159655081,
                        0.02841683678748465,
                        0.04708419606753923
                    ],
                    [
                        0.6003893186510889,
                        0.09679082517421228,
                        1.454151972329368,
                        -1.6022674896032518,
                        -0.5789863938599586,
                        0.9291668774806493
                    ],
                    [
                        -1.3956084845799088,
                        -0.06764559159655081,
                        -1.6022674896032518,
                        3.4819216181610537,
                        -0.07869203515059209,
                        -1.542658378730659
                    ],
                    [
                        -0.23095919535530188,
                        0.02841683678748465,
                        -0.5789863938599586,
                        -0.07869203515059209,
                        1.7826106737680338,
                        -1.3319942260496582
                    ],
                    [
                        0.8832608443369695,
                        0.04708419606753923,
                        0.9291668774806493,
                        -1.542658378730659,
                        -1.3319942260496582,
                        2.9245477217113263
                    ]
                ],
                "mui": [
                    0.0,
                    1.0,
                    0.9679082517421228,
                    -0.6764559159655081,
                    0.2841683678748465,
                    0.4708419606753923
                ],
                "Ai": [
                    [
                        0.0,
                        0.0,
                        0.0,
                        0.0,
                        0.0,
                        0.0
                    ],
                    [
                        0.0,
                        0.0,
                        0.0,
                        0.0,
                        0.0,
                        0.0
                    ],
                    [
                        0.6003893186510889,
                        0.9679082517421228,
                        0.0,
                        0.0,
                        0.0,
                        0.0
                    ],
                    [
                        -0.9760057941874771,
                        -0.0,
                        -0.6988843361423625,
                        0.0,
                        0.0,
                        0.0
                    ],
                    [
                        -0.6418296301138666,
                        0.7369808691837911,
                        -0.9631629681226194,
                        -0.7087540695465218,
                        0.0,
                        0.0
                    ],
                    [
                        -0.0,
                        0.8645537701765427,
                        -0.629965507682216,
                        -0.7387013385967331,
                        -0.9982176730273804,
                        0.0
                    ]
                ]
            },
            "est_params": {
                "mui": [
                    -0.0006518356036007522,
                    1.000802549578314,
                    0.9457316860683005,
                    -0.6557798037169815,
                    0.32340670875382055,
                    0.45311143024090306
                ],
                "Si": [
                    [
                        1.0108057498443148,
                        0.002814354639779668,
                        0.6195816788530922,
                        -1.4237460737258567,
                        -0.2401255489016852,
                        0.8833958087637791
                    ],
                    [
                        0.0028143546397796683,
                        0.010423713833832747,
                        0.007015626219845612,
                        -0.008176749040409279,
                        0.0049831190070079405,
                        0.004656356246536477
                    ],
                    [
                        0.6195816788530921,
                        0.007015626219845613,
                        1.343094568306685,
                        -1.5530828003366903,
                        -0.5546932034183368,
                        0.8324278721631599
                    ],
                    [
                        -1.4237460737258567,
                        -0.00817674904040928,
                        -1.5530828003366903,
                        3.5116143502715915,
                        -0.09732819006067454,
                        -1.4742649694184864
                    ],
                    [
                        -0.2401255489016852,
                        0.0049831190070079405,
                        -0.5546932034183368,
                        -0.0973281900606745,
                        1.7364436926161773,
                        -1.3206127565584387
                    ],
                    [
                        0.8833958087637791,
                        0.004656356246536479,
                        0.8324278721631599,
                        -1.4742649694184864,
                        -1.320612756558439,
                        2.8969707191377756
                    ]
                ]
            },
            "est_tgt": [
                1,
                2,
                4,
                5
            ]
        },
        "2": {
            "intv_type": "hard",
            "inode": 2,
            "new_mui": 1.0,
            "new_sigmai": 0.1,
            "true_params": {
                "Si": [
                    [
                        1.0,
                        0.0,
                        0.0,
                        -0.9760057941874771,
                        0.049918448417492746,
                        0.67114730922401
                    ],
                    [
                        0.0,
                        1.0,
                        0.0,
                        0.0,
                        0.7369808691837911,
                        0.1288864418742024
                    ],
                    [
                        0.0,
                        0.0,
                        0.1,
                        -0.06988843361423625,
                        -0.04678258507394007,
                        0.035329331905757544
                    ],
                    [
                        -0.9760057941874771,
                        0.0,
                        -0.06988843361423625,
                        2.001431241818043,
                        -0.7247791485264192,
                        -0.7109452797765947
                    ],
                    [
                        0.049918448417492746,
                        0.7369808691837911,
                        -0.04678258507394007,
                        -0.7247791485264192,
                        2.069851086796066,
                        -0.8641356042136743
                    ],
                    [
                        0.67114730922401,
                        0.1288864418742024,
                        0.035329331905757544,
                        -0.7109452797765947,
                        -0.8641356042136743,
                        2.47694466059518
                    ]
                ],
                "mui": [
                    0.0,
                    0.0,
                    1.0,
                    -0.6988843361423625,
                    -0.4678258507394007,
                    0.35329331905757544
                ],
                "Ai": [
                    [
                        0.0,
                        0.0,
                        0.0,
                        0.0,
                        0.0,
                        0.0
                    ],
                    [
                        -0.0,
                        0.0,
                        0.0,
                        0.0,
                        0.0,
                        0.0
                    ],
                    [
                        0.0,
                        0.0,
                        0.0,
                        0.0,
                        0.0,
                        0.0
                    ],
                    [
                        -0.9760057941874771,
                        -0.0,
                        -0.6988843361423625,
                        0.0,
                        0.0,
                        0.0
                    ],
                    [
                        -0.6418296301138666,
                        0.7369808691837911,
                        -0.9631629681226194,
                        -0.7087540695465218,
                        0.0,
                        0.0
                    ],
                    [
                        -0.0,
                        0.8645537701765427,
                        -0.629965507682216,
                        -0.7387013385967331,
                        -0.9982176730273804,
                        0.0
                    ]
                ]
            },
            "est_params": {
                "mui": [
                    -0.024380887740134003,
                    -0.019420254818521446,
                    1.0011834729059441,
                    -0.6376017253198762,
                    -0.49080135809048514,
                    0.3157722394745702
                ],
                "Si": [
                    [
                        0.9794225300239353,
                        -0.0026375446565439216,
                        0.0008177440283675898,
                        -0.9446967348959784,
                        0.0678238149922467,
                        0.6384063393374667
                    ],
                    [
                        -0.002637544656543923,
                        1.0275445722444374,
                        -1.1352183542699001e-05,
                        0.005487484704652567,
                        0.7657991144431694,
                        0.1032978425071323
                    ],
                    [
                        0.0008177440283675896,
                        -1.1352183542699491e-05,
                        0.009749229139015289,
                        -0.007763873227544039,
                        -0.004966508504165982,
                        0.006721671315333134
                    ],
                    [
                        -0.9446967348959783,
                        0.005487484704652561,
                        -0.007763873227544039,
                        1.9524846406760887,
                        -0.7745506790394663,
                        -0.6662980040150187
                    ],
                    [
                        0.06782381499224673,
                        0.7657991144431694,
                        -0.004966508504165982,
                        -0.7745506790394663,
                        2.0954894112026143,
                        -0.8766631677176908
                    ],
                    [
                        0.6384063393374667,
                        0.10329784250713232,
                        0.006721671315333134,
                        -0.6662980040150188,
                        -0.8766631677176908,
                        2.3751145446420536
                    ]
                ]
            },
            "est_tgt": [
                1,
                2,
                4,
                5
            ]
        },
        "3": {
            "intv_type": "hard",
            "inode": 3,
            "new_mui": 1.0,
            "new_sigmai": 0.1,
            "true_params": {
                "Si": [
                    [
                        1.0,
                        0.0,
                        0.6003893186510889,
                        0.0,
                        -1.2201023882949664,
                        0.8397032049679378
                    ],
                    [
                        0.0,
                        1.0,
                        0.9679082517421228,
                        0.0,
                        -0.19527251543452734,
                        0.4497294329412672
                    ],
                    [
                        0.6003893186510889,
                        0.9679082517421228,
                        2.2973137177408116,
                        0.0,
                        -1.8847052887431208,
                        1.270926453398284
                    ],
                    [
                        0.0,
                        0.0,
                        0.0,
                        0.1,
                        -0.07087540695465218,
                        -0.0031210500545318046
                    ],
                    [
                        -1.2201023882949664,
                        -0.19527251543452734,
                        -1.8847052887431208,
                        -0.07087540695465218,
                        3.5046973294798582,
                        -2.4276193202840286
                    ],
                    [
                        0.8397032049679378,
                        0.4497294329412672,
                        1.270926453398284,
                        -0.0031210500545318046,
                        -2.4276193202840286,
                        3.013773481110267
                    ]
                ],
                "mui": [
                    0.0,
                    0.0,
                    0.0,
                    1.0,
                    -0.7087540695465218,
                    -0.031210500545318043
                ],
                "Ai": [
                    [
                        0.0,
                        0.0,
                        0.0,
                        0.0,
                        0.0,
                        0.0
                    ],
                    [
                        -0.0,
                        0.0,
                        0.0,
                        0.0,
                        0.0,
                        0.0
                    ],
                    [
                        0.6003893186510889,
                        0.9679082517421228,
                        0.0,
                        0.0,
                        0.0,
                        0.0
                    ],
                    [
                        0.0,
                        0.0,
                        0.0,
                        0.0,
                        0.0,
                        0.0
                    ],
                    [
                        -0.6418296301138666,
                        0.7369808691837911,
                        -0.9631629681226194,
                        -0.7087540695465218,
                        0.0,
                        0.0
                    ],
                    [
                        -0.0,
                        0.8645537701765427,
                        -0.629965507682216,
                        -0.7387013385967331,
                        -0.9982176730273804,
                        0.0
                    ]
                ]
            },
            "est_params": {
                "mui": [
                    0.006614686786731657,
                    -0.012596844119374156,
                    -0.03598006996238737,
                    1.0011432152173172,
                    -0.6783495097276111,
                    -0.06620095779538378
                ],
                "Si": [
                    [
                        1.012446271428496,
                        0.021635846547718534,
                        0.6430525242482487,
                        -0.0017914045498119279,
                        -1.2616837338267683,
                        0.9072797765669337
                    ],
                    [
                        0.021635846547718537,
                        0.969954090640715,
                        0.951254991187189,
                        0.0010544719178751177,
                        -0.21031815411282645,
                        0.4508140768811711
                    ],
                    [
                        0.6430525242482487,
                        0.951254991187189,
                        2.319343949562611,
                        0.0007947364988746944,
                        -1.948093391089963,
                        1.338534052580037
                    ],
                    [
                        -0.0017914045498119283,
                        0.0010544719178751183,
                        0.0007947364988746947,
                        0.009958060887351265,
                        -0.008472402445858424,
                        -0.0004904044970327099
                    ],
                    [
                        -1.2616837338267683,
                        -0.21031815411282642,
                        -1.948093391089963,
                        -0.008472402445858425,
                        3.529708539915406,
                        -2.537498185708028
                    ],
                    [
                        0.9072797765669337,
                        0.4508140768811711,
                        1.338534052580037,
                        -0.0004904044970327104,
                        -2.537498185708028,
                        3.116300989370963
                    ]
                ]
            },
            "est_tgt": [
                3
            ]
        },
        "4": {
            "intv_type": "hard",
            "inode": 4,
            "new_mui": 1.0,
            "new_sigmai": 0.1,
            "true_params": {
                "Si": [
                    [
                        1.0,
                        0.0,
                        0.6003893186510889,
                        -1.3956084845799088,
                        0.0,
                        0.6527132937851239
                    ],
                    [
                        0.0,
                        1.0,
                        0.9679082517421228,
                        -0.6764559159655081,
                        0.0,
                        0.7545038476034102
                    ],
                    [
                        0.6003893186510889,
                        0.9679082517421228,
                        2.2973137177408116,
                        -2.191540026305764,
                        0.0,
                        1.0084738767471166
                    ],
                    [
                        -1.3956084845799088,
                        -0.6764559159655081,
                        -2.191540026305764,
                        3.8937549637813147,
                        0.0,
                        -2.0805598911415304
                    ],
                    [
                        0.0,
                        0.0,
                        0.0,
                        0.0,
                        0.1,
                        -0.09982176730273805
                    ],
                    [
                        0.6527132937851239,
                        0.7545038476034102,
                        1.0084738767471166,
                        -2.0805598911415304,
                        -0.09982176730273805,
                        2.653561617200328
                    ]
                ],
                "mui": [
                    0.0,
                    0.0,
                    0.0,
                    0.0,
                    1.0,
                    -0.9982176730273804
                ],
                "Ai": [
                    [
                        0.0,
                        0.0,
                        0.0,
                        0.0,
                        0.0,
                        0.0
                    ],
                    [
                        -0.0,
                        0.0,
                        0.0,
                        0.0,
                        0.0,
                        0.0
                    ],
                    [
                        0.6003893186510889,
                        0.9679082517421228,
                        0.0,
                        0.0,
                        0.0,
                        0.0
                    ],
                    [
                        -0.9760057941874771,
                        -0.0,
                        -0.6988843361423625,
                        0.0,
                        0.0,
                        0.0
                    ],
                    [
                        0.0,
                        0.0,
                        0.0,
                        0.0,
                        0.0,
                        0.0
                    ],
                    [
                        -0.0,
                        0.8645537701765427,
                        -0.629965507682216,
                        -0.7387013385967331,
                        -0.9982176730273804,
                        0.0
                    ]
                ]
            },
            "est_params": {
                "mui": [
                    0.006489725475375162,
                    -0.012010849280362397,
                    0.0020309488277879847,
                    0.011763186715286927,
                    0.9967145077005591,
                    -1.0102016229486408
                ],
                "Si": [
                    [
                        1.0168335042135375,
                        -0.004782174507606582,
                        0.5894675036821003,
                        -1.4014565703747384,
                        0.00020177075399601744,
                        0.6465076083038058
                    ],
                    [
                        -0.004782174507606586,
                        0.9800413969784534,
                        0.943807963372672,
                        -0.6596829572143031,
                        0.0007863279256759067,
                        0.7420147443569917
                    ],
                    [
                        0.5894675036821001,
                        0.943807963372672,
                        2.208199244271709,
                        -2.1118243862431516,
                        0.0011095029249533256,
                        0.9910268217997343
                    ],
                    [
                        -1.4014565703747384,
                        -0.6596829572143031,
                        -2.1118243862431516,
                        3.8397751309995503,
                        -0.0016025484367131998,
                        -2.0868476992986156
                    ],
                    [
                        0.00020177075399601765,
                        0.0007863279256759067,
                        0.0011095029249533264,
                        -0.0016025484367131985,
                        0.009998932952179981,
                        -0.010879589224815887
                    ],
                    [
                        0.6465076083038057,
                        0.7420147443569917,
                        0.9910268217997343,
                        -2.0868476992986156,
                        -0.010879589224815887,
                        2.6037598768624246
                    ]
                ]
            },
            "est_tgt": [
                1,
                4,
                5
            ]
        },
        "5": {
            "intv_type": "hard",
            "inode": 5,
            "new_mui": 1.0,
            "new_sigmai": 0.1,
            "true_params": {
                "Si": [
                    [
                        1.0,
                        0.0,
                        0.6003893186510889,
                        -1.3956084845799088,
                        -0.23095919535530188,
                        0.0
                    ],
                    [
                        0.0,
                        1.0,
                        0.9679082517421228,
                        -0.6764559159655081,
                        0.2841683678748465,
                        0.0
                    ],
                    [
                        0.6003893186510889,
                        0.9679082517421228,
                        2.2973137177408116,
                        -2.191540026305764,
                        -0.331442376524819,
                        0.0
                    ],
                    [
                        -1.3956084845799088,
                        -0.6764559159655081,
                        -2.191540026305764,
                        3.8937549637813147,
                        -0.25169667137187457,
                        0.0
                    ],
                    [
                        -0.23095919535530188,
                        0.2841683678748465,
                        -0.331442376524819,
                        -0.25169667137187457,
                        1.8552871689386223,
                        0.0
                    ],
                    [
                        0.0,
                        0.0,
                        0.0,
                        0.0,
                        0.0,
                        0.1
                    ]
                ],
                "mui": [
                    0.0,
                    0.0,
                    0.0,
                    0.0,
                    0.0,
                    1.0
                ],
                "Ai": [
                    [
                        0.0,
                        0.0,
                        0.0,
                        0.0,
                        0.0,
                        0.0
                    ],
                    [
                        -0.0,
                        0.0,
                        0.0,
                        0.0,
                        0.0,
                        0.0
                    ],
                    [
                        0.6003893186510889,
                        0.9679082517421228,
                        0.0,
                        0.0,
                        0.0,
                        0.0
                    ],
                    [
                        -0.9760057941874771,
                        -0.0,
                        -0.6988843361423625,
                        0.0,
                        0.0,
                        0.0
                    ],
                    [
                        -0.6418296301138666,
                        0.7369808691837911,
                        -0.9631629681226194,
                        -0.7087540695465218,
                        0.0,
                        0.0
                    ],
                    [
                        0.0,
                        0.0,
                        0.0,
                        0.0,
                        0.0,
                        0.0
                    ]
                ]
            },
            "est_params": {
                "mui": [
                    -0.015429108349193359,
                    -0.018555233599724514,
                    -0.041716746012146345,
                    0.05006440971643892,
                    0.007230337962513945,
                    0.9998109988526026
                ],
                "Si": [
                    [
                        0.9978751906256147,
                        0.017197309628920677,
                        0.6295448158575361,
                        -1.399059461450112,
                        -0.23745522795599455,
                        -0.00035626244594901907
                    ],
                    [
                        0.017197309628920673,
                        1.00189153309416,
                        0.9879119633409895,
                        -0.7165656441184124,
                        0.2729603778501777,
                        0.000467008320415274
                    ],
                    [
                        0.6295448158575361,
                        0.9879119633409895,
                        2.334481570443742,
                        -2.2379591538753445,
                        -0.32518166674526344,
                        0.0010338174319045239
                    ],
                    [
                        -1.399059461450112,
                        -0.7165656441184124,
                        -2.2379591538753445,
                        3.91767144853078,
                        -0.24530381449727937,
                        -0.0060753468465221784
                    ],
                    [
                        -0.23745522795599455,
                        0.2729603778501776,
                        -0.32518166674526344,
                        -0.24530381449727937,
                        1.892414128470434,
                        0.0011285379929540783
                    ],
                    [
                        -0.00035626244594901983,
                        0.0004670083204152745,
                        0.0010338174319045239,
                        -0.0060753468465221784,
                        0.001128537992954078,
                        0.010098787867436801
                    ]
                ]
            },
            "est_tgt": [
                1,
                5
            ]
        },
        "obs": {
            "intv_type": "obs",
            "true_params": {
                "Si": [
                    [
                        1.0,
                        0.0,
                        0.6003893186510889,
                        -1.3956084845799088,
                        -0.23095919535530188,
                        0.8832608443369695
                    ],
                    [
                        0.0,
                        1.0,
                        0.9679082517421228,
                        -0.6764559159655081,
                        0.2841683678748465,
                        0.4708419606753923
                    ],
                    [
                        0.6003893186510889,
                        0.9679082517421228,
                        2.2973137177408116,
                        -2.191540026305764,
                        -0.331442376524819,
                        1.3393255145843863
                    ],
                    [
                        -1.3956084845799088,
                        -0.6764559159655081,
                        -2.191540026305764,
                        3.8937549637813147,
                        -0.25169667137187457,
                        -1.8293118255359604
                    ],
                    [
                        -0.23095919535530188,
                        0.2841683678748465,
                        -0.331442376524819,
                        -0.25169667137187457,
                        1.8552871689386223,
                        -1.2115756737067511
                    ],
                    [
                        0.8832608443369695,
                        0.4708419606753923,
                        1.3393255145843863,
                        -1.8293118255359604,
                        -1.2115756737067511,
                        3.124070658450709
                    ]
                ],
                "mui": [
                    0.0,
                    0.0,
                    0.0,
                    0.0,
                    0.0,
                    0.0
                ],
                "Ai": [
                    [
                        0.0,
                        0.0,
                        0.0,
                        0.0,
                        0.0,
                        0.0
                    ],
                    [
                        -0.0,
                        0.0,
                        0.0,
                        0.0,
                        0.0,
                        0.0
                    ],
                    [
                        0.6003893186510889,
                        0.9679082517421228,
                        0.0,
                        0.0,
                        0.0,
                        0.0
                    ],
                    [
                        -0.9760057941874771,
                        -0.0,
                        -0.6988843361423625,
                        0.0,
                        0.0,
                        0.0
                    ],
