{
    "expt_args": {
        "save_dir": "expt_logs_30.04.24-hard",
        "exp_name": "448",
        "num_nodes": 6,
        "obs_noise_mean": 0.0,
        "obs_noise_var": 1.0,
        "max_edge_strength": 1.0,
        "graph_sparsity_method": "adj_dense_prop",
        "adj_dense_prop": 0.8,
        "num_parents": null,
        "new_noise_mean": 0.0,
        "mix_samples": 1024,
        "stage2_samples": 1024,
        "gmm_tol": 0.001,
        "intv_type": "hard",
        "new_noise_sigma": 0.1,
        "intv_targets": [
            0,
            1,
            2,
            3,
            4,
            5
        ]
    },
    "intv_args_dict": {
        "0": {
            "intv_type": "hard",
            "inode": 0,
            "new_mui": 0.0,
            "new_sigmai": 0.1,
            "true_params": {
                "Si": [
                    [
                        0.1,
                        0.0,
                        0.07286295291819851,
                        0.0,
                        -0.12917836710496405,
                        0.15310468278617623
                    ],
                    [
                        0.0,
                        1.0,
                        0.6718395590319562,
                        -0.8887913367605245,
                        1.1775909728338982,
                        -0.43037000347967
                    ],
                    [
                        0.07286295291819851,
                        0.6718395590319562,
                        1.5044584921598494,
                        -0.5971251797606136,
                        0.17914494437734296,
                        0.8004595267546315
                    ],
                    [
                        0.0,
                        -0.8887913367605245,
                        -0.5971251797606136,
                        1.78995004030056,
                        -1.693919851084182,
                        1.5585585831516053
                    ],
                    [
                        -0.12917836710496405,
                        1.1775909728338982,
                        0.17914494437734296,
                        -1.693919851084182,
                        3.2407756420623115,
                        -2.867325939603221
                    ],
                    [
                        0.15310468278617623,
                        -0.43037000347967,
                        0.8004595267546315,
                        1.5585585831516053,
                        -2.867325939603221,
                        4.560301768087351
                    ]
                ],
                "mui": [
                    0.0,
                    0.0,
                    0.0,
                    0.0,
                    0.0,
                    0.0
                ],
                "Ai": [
                    [
                        0.0,
                        0.0,
                        0.0,
                        0.0,
                        0.0,
                        0.0
                    ],
                    [
                        0.0,
                        0.0,
                        0.0,
                        0.0,
                        0.0,
                        0.0
                    ],
                    [
                        0.7286295291819851,
                        0.6718395590319562,
                        0.0,
                        0.0,
                        0.0,
                        0.0
                    ],
                    [
                        0.0,
                        -0.8887913367605245,
                        -0.0,
                        0.0,
                        0.0,
                        0.0
                    ],
                    [
                        -0.9144380356812707,
                        0.9502227342404297,
                        -0.517884082727208,
                        -0.647287196182015,
                        0.0,
                        0.0
                    ],
                    [
                        0.0,
                        0.808248138157057,
                        0.514539603322335,
                        0.5967315741680063,
                        -0.8949935696339173,
                        0.0
                    ]
                ]
            },
            "est_params": {
                "mui": [
                    0.014112584854722221,
                    -0.1078940555485189,
                    0.16914551886406068,
                    -0.1567283630314028,
                    -0.14047313807479603,
                    0.2534550760358989
                ],
                "Si": [
                    [
                        0.017100889334472905,
                        0.007862303075947742,
                        -0.0029983258072515924,
                        -0.004930924975593819,
                        0.019402066107073155,
                        -0.023490256225539616
                    ],
                    [
                        0.007862303075947737,
                        1.3429448153617598,
                        0.9218112961150483,
                        -1.361970853440139,
                        1.654952595127955,
                        -0.8088313310584132
                    ],
                    [
                        -0.0029983258072515924,
                        0.9218112961150483,
                        1.5425440893022035,
                        -0.8894453322511241,
                        0.4240947386341111,
                        0.6119859138941847
                    ],
                    [
                        -0.004930924975593821,
                        -1.3619708534401387,
                        -0.8894453322511241,
                        2.274892309095999,
                        -2.353343650866396,
                        1.984309168387293
                    ],
                    [
                        0.01940206610707316,
                        1.654952595127955,
                        0.4240947386341111,
                        -2.353343650866396,
                        3.782518414721707,
                        -3.3979068819684572
                    ],
                    [
                        -0.023490256225539616,
                        -0.8088313310584132,
                        0.6119859138941848,
                        1.984309168387293,
                        -3.3979068819684577,
                        5.062746965847525
                    ]
                ]
            },
            "est_tgt": [
                0,
                4
            ]
        },
        "1": {
            "intv_type": "hard",
            "inode": 1,
            "new_mui": 0.0,
            "new_sigmai": 0.1,
            "true_params": {
                "Si": [
                    [
                        1.0,
                        0.0,
                        0.7286295291819851,
                        0.0,
                        -1.2917836710496404,
                        1.5310468278617622
                    ],
                    [
                        0.0,
                        0.1,
                        0.06718395590319563,
                        -0.08887913367605245,
                        0.11775909728338983,
                        -0.04303700034796701
                    ],
                    [
                        0.7286295291819851,
                        0.06718395590319563,
                        1.5760378301039868,
                        -0.05971251797606138,
                        -1.3800005907782098,
                        2.0646944971835968
                    ],
                    [
                        0.0,
                        -0.08887913367605245,
                        -0.05971251797606137,
                        1.078995004030056,
                        -0.7519504616722317,
                        1.2143003655267106
                    ],
                    [
                        -1.2917836710496404,
                        0.11775909728338983,
                        -1.3800005907782098,
                        -0.7519504616722317,
                        3.4945617402038507,
                        -4.19120925429444
                    ],
                    [
                        1.5310468278617622,
                        -0.04303700034796701,
                        2.0646944971835968,
                        1.2143003655267106,
                        -4.19120925429444,
                        6.503299212376777
                    ]
                ],
                "mui": [
                    0.0,
                    0.0,
                    0.0,
                    0.0,
                    0.0,
                    0.0
                ],
                "Ai": [
                    [
                        0.0,
                        0.0,
                        0.0,
                        0.0,
                        0.0,
                        0.0
                    ],
                    [
                        0.0,
                        0.0,
                        0.0,
                        0.0,
                        0.0,
                        0.0
                    ],
                    [
                        0.7286295291819851,
                        0.6718395590319562,
                        0.0,
                        0.0,
                        0.0,
                        0.0
                    ],
                    [
                        0.0,
                        -0.8887913367605245,
                        -0.0,
                        0.0,
                        0.0,
                        0.0
                    ],
                    [
                        -0.9144380356812707,
                        0.9502227342404297,
                        -0.517884082727208,
                        -0.647287196182015,
                        0.0,
                        0.0
                    ],
                    [
                        0.0,
                        0.808248138157057,
                        0.514539603322335,
                        0.5967315741680063,
                        -0.8949935696339173,
                        0.0
                    ]
                ]
            },
            "est_params": {
                "mui": [
                    -0.07241701426174262,
                    -0.09682818761754698,
                    -0.14659321642071615,
                    0.03763347808899824,
                    -0.009531410506142696,
                    -0.20598894711760585
                ],
                "Si": [
                    [
                        1.098432127463926,
                        0.036450488564073076,
                        0.8171366352736396,
                        -0.1323440831384778,
                        -0.001689160118902431,
                        0.39186197123367106
                    ],
                    [
                        0.03645048856407308,
                        0.5091933952636098,
                        0.502377676233321,
                        -0.5320036885178462,
                        -0.015177493745390062,
                        0.2525968179436623
                    ],
                    [
                        0.8171366352736397,
                        0.502377676233321,
                        2.0415258455641987,
                        -0.38662339950231084,
                        -0.022110337993161262,
                        1.0195679343413093
                    ],
                    [
                        -0.1323440831384778,
                        -0.5320036885178462,
                        -0.38662339950231084,
                        1.5098346693852052,
                        0.003382147659448992,
                        0.4481979931106819
                    ],
                    [
                        -0.0016891601189024312,
                        -0.015177493745390064,
                        -0.022110337993161266,
                        0.003382147659448991,
                        0.010148713415404315,
                        -0.022274114124690176
                    ],
                    [
                        0.39186197123367106,
                        0.2525968179436623,
                        1.019567934341309,
                        0.4481979931106818,
                        -0.022274114124690183,
                        1.9251736174256866
                    ]
                ]
            },
            "est_tgt": [
                0,
                1,
                4,
                5
            ]
        },
        "2": {
            "intv_type": "hard",
            "inode": 2,
            "new_mui": 0.0,
            "new_sigmai": 0.1,
            "true_params": {
                "Si": [
                    [
                        1.0,
                        0.0,
                        0.0,
                        0.0,
                        -0.9144380356812707,
                        0.8184161617634079
                    ],
                    [
                        0.0,
                        1.0,
                        0.0,
                        -0.8887913367605245,
                        1.5255259866030146,
                        -1.087457663654073
                    ],
                    [
                        0.0,
                        0.0,
                        0.1,
                        0.0,
                        -0.0517884082727208,
                        0.09780425271789457
                    ],
                    [
                        0.0,
                        -0.8887913367605245,
                        0.0,
                        1.78995004030056,
                        -2.0031614770778265,
                        2.142572403006858
                    ],
                    [
                        -0.9144380356812707,
                        1.5255259866030146,
                        -0.0517884082727208,
                        -2.0031614770778265,
                        4.609227563557116,
                        -4.114222380559634
                    ],
                    [
                        0.8184161617634079,
                        -1.087457663654073,
                        0.09780425271789457,
                        2.142572403006858,
                        -4.114222380559634,
                        5.132131706883706
                    ]
                ],
                "mui": [
                    0.0,
                    0.0,
                    0.0,
                    0.0,
                    0.0,
                    0.0
                ],
                "Ai": [
                    [
                        0.0,
                        0.0,
                        0.0,
                        0.0,
                        0.0,
                        0.0
                    ],
                    [
                        0.0,
                        0.0,
                        0.0,
                        0.0,
                        0.0,
                        0.0
                    ],
                    [
                        0.0,
                        0.0,
                        0.0,
                        0.0,
                        0.0,
                        0.0
                    ],
                    [
                        0.0,
                        -0.8887913367605245,
                        -0.0,
                        0.0,
                        0.0,
                        0.0
                    ],
                    [
                        -0.9144380356812707,
                        0.9502227342404297,
                        -0.517884082727208,
                        -0.647287196182015,
                        0.0,
                        0.0
                    ],
                    [
                        0.0,
                        0.808248138157057,
                        0.514539603322335,
                        0.5967315741680063,
                        -0.8949935696339173,
                        0.0
                    ]
                ]
            },
            "est_params": {
                "mui": [
                    0.07730462291887363,
                    -0.027591556268177612,
                    -0.01258709542268127,
                    -0.020117823030339262,
                    -0.07459896294127442,
                    -0.024757789531862983
                ],
                "Si": [
                    [
                        0.9698838357293315,
                        -0.009081696028946588,
                        0.010449902295856675,
                        0.08787524099115737,
                        -1.0358592877378026,
                        0.9995651484818541
                    ],
                    [
                        -0.009081696028946578,
                        0.9309410814095893,
                        -0.0061818787655741276,
                        -0.7907615477937858,
                        1.4315665709398109,
                        -1.1062864944011417
                    ],
                    [
                        0.010449902295856675,
                        -0.0061818787655741276,
                        0.008654921418975964,
                        0.020385707475900173,
                        -0.032148392782525535,
                        0.04888755838975492
                    ],
                    [
                        0.08787524099115737,
                        -0.7907615477937858,
                        0.02038570747590017,
                        1.8244845894041914,
                        -2.0192247612960386,
                        2.205396269124209
                    ],
                    [
                        -1.0358592877378026,
                        1.4315665709398109,
                        -0.032148392782525535,
                        -2.0192247612960386,
                        4.817842818686723,
                        -4.577211938896874
                    ],
                    [
                        0.9995651484818541,
                        -1.106286494401142,
                        0.04888755838975492,
                        2.205396269124209,
                        -4.577211938896874,
                        5.5761756901757575
                    ]
                ]
            },
            "est_tgt": [
                2
            ]
        },
        "3": {
            "intv_type": "hard",
            "inode": 3,
            "new_mui": 0.0,
            "new_sigmai": 0.1,
            "true_params": {
                "Si": [
                    [
                        1.0,
                        0.0,
                        0.7286295291819851,
                        0.0,
                        -1.2917836710496404,
                        1.5310468278617622
                    ],
                    [
                        0.0,
                        1.0,
                        0.6718395590319562,
                        0.0,
                        0.6022877204713132,
                        0.6148925614663167
                    ],
                    [
                        0.7286295291819851,
                        0.6718395590319562,
                        1.9822693838762149,
                        0.0,
                        -1.0544750942372745,
                        2.506717603866994
                    ],
                    [
                        0.0,
                        0.0,
                        0.0,
                        0.1,
                        -0.06472871961820151,
                        0.11760494524572779
                    ],
                    [
                        -1.2917836710496404,
                        0.6022877204713132,
                        -1.0544750942372745,
                        -0.06472871961820151,
                        3.341557545597335,
                        -3.085069454619292
                    ],
                    [
                        1.5310468278617622,
                        0.6148925614663167,
                        2.506717603866994,
                        0.11760494524572779,
                        -3.085069454619292,
                        5.618087157371319
                    ]
                ],
                "mui": [
                    0.0,
                    0.0,
                    0.0,
                    0.0,
                    0.0,
                    0.0
                ],
                "Ai": [
                    [
                        0.0,
                        0.0,
                        0.0,
                        0.0,
                        0.0,
                        0.0
                    ],
                    [
                        0.0,
                        0.0,
                        0.0,
                        0.0,
                        0.0,
                        0.0
                    ],
                    [
                        0.7286295291819851,
                        0.6718395590319562,
                        0.0,
                        0.0,
                        0.0,
                        0.0
                    ],
                    [
                        0.0,
                        0.0,
                        0.0,
                        0.0,
                        0.0,
                        0.0
                    ],
                    [
                        -0.9144380356812707,
                        0.9502227342404297,
                        -0.517884082727208,
                        -0.647287196182015,
                        0.0,
                        0.0
                    ],
                    [
                        0.0,
                        0.808248138157057,
                        0.514539603322335,
                        0.5967315741680063,
                        -0.8949935696339173,
                        0.0
                    ]
                ]
            },
            "est_params": {
                "mui": [
                    -0.33045838687626516,
                    0.30242078533188343,
                    -0.6697257023896851,
                    0.046911407110804805,
                    1.3184420520242481,
                    -1.370146114020115
                ],
                "Si": [
                    [
                        0.952503749380131,
                        0.16389877326486993,
                        0.7796052924645094,
                        0.01143890232546083,
                        -1.1278446594726776,
                        1.464818490570879
                    ],
                    [
                        0.16389877326486993,
                        0.5903114437583923,
                        0.655835371226141,
                        -0.033586732181352816,
                        -0.04877808743359524,
                        0.7455154138513139
                    ],
                    [
                        0.7796052924645094,
                        0.6558353712261409,
                        1.8870058043627878,
                        -0.03199188448259655,
                        -0.9367735472073886,
                        2.130068320461554
                    ],
                    [
                        0.011438902325460824,
                        -0.033586732181352816,
                        -0.03199188448259655,
                        0.20011797566166803,
                        -0.144289645842799,
                        0.1598758462705118
                    ],
                    [
                        -1.1278446594726776,
                        -0.04877808743359524,
                        -0.9367735472073886,
                        -0.144289645842799,
                        2.032285706785306,
                        -2.333002463948825
                    ],
                    [
                        1.4648184905708792,
                        0.7455154138513139,
                        2.130068320461554,
                        0.15987584627051185,
                        -2.333002463948825,
                        4.906948508175564
                    ]
                ]
            },
            "est_tgt": [
                0,
                1,
                3
            ]
        },
        "4": {
            "intv_type": "hard",
            "inode": 4,
            "new_mui": 0.0,
            "new_sigmai": 0.1,
            "true_params": {
                "Si": [
                    [
                        1.0,
                        0.0,
                        0.7286295291819851,
                        0.0,
                        0.0,
                        0.3749087489142383
                    ],
                    [
                        0.0,
                        1.0,
                        0.6718395590319562,
                        -0.8887913367605245,
                        0.0,
                        0.6235663448656179
                    ],
                    [
                        0.7286295291819851,
                        0.6718395590319562,
                        1.9822693838762149,
                        -0.5971251797606136,
                        0.0,
                        1.206645726691609
                    ],
                    [
                        0.0,
                        -0.8887913367605245,
                        -0.5971251797606136,
                        1.78995004030056,
                        0.0,
                        0.042511208956019564
                    ],
                    [
                        0.0,
                        0.0,
                        0.0,
                        0.0,
                        0.1,
                        -0.08949935696339173
                    ],
                    [
                        0.3749087489142383,
                        0.6235663448656179,
                        1.206645726691609,
                        0.042511208956019564,
                        -0.08949935696339173,
                        2.2303324804262448
                    ]
                ],
                "mui": [
                    0.0,
                    0.0,
                    0.0,
                    0.0,
                    0.0,
                    0.0
                ],
                "Ai": [
                    [
                        0.0,
                        0.0,
                        0.0,
                        0.0,
                        0.0,
                        0.0
                    ],
                    [
                        0.0,
                        0.0,
                        0.0,
                        0.0,
                        0.0,
                        0.0
                    ],
                    [
                        0.7286295291819851,
                        0.6718395590319562,
                        0.0,
                        0.0,
                        0.0,
                        0.0
                    ],
                    [
                        0.0,
                        -0.8887913367605245,
                        -0.0,
                        0.0,
                        0.0,
                        0.0
                    ],
                    [
                        0.0,
                        0.0,
                        0.0,
                        0.0,
                        0.0,
                        0.0
                    ],
                    [
                        0.0,
                        0.808248138157057,
                        0.514539603322335,
                        0.5967315741680063,
                        -0.8949935696339173,
                        0.0
                    ]
                ]
            },
            "est_params": {
                "mui": [
                    -0.11064795079513863,
                    0.19873672723906702,
                    0.2938255560996673,
                    0.1338748298595391,
                    -0.03562455044740121,
                    0.794554723749476
                ],
                "Si": [
                    [
                        0.45304440974903426,
                        -0.040250129316036935,
                        0.21682832173105424,
                        0.29849098848103783,
                        -0.018769778883346293,
                        0.15465726201826938
                    ],
                    [
                        -0.04025012931603692,
                        1.178695051575008,
                        0.5682160174563644,
                        -0.5441515293128183,
                        0.042869144808875936,
                        0.9928071088444892
                    ],
                    [
                        0.21682832173105424,
                        0.5682160174563644,
                        1.3412812063245394,
                        -0.41212673394116356,
                        0.02185173655247116,
                        1.0675567677581292
                    ],
                    [
                        0.29849098848103783,
                        -0.5441515293128183,
                        -0.41212673394116356,
                        0.9701275867422489,
                        -0.03760669779889941,
                        -0.42036637793993364
                    ],
                    [
                        -0.018769778883346293,
                        0.042869144808875936,
                        0.02185173655247116,
                        -0.03760669779889941,
                        0.02706705752962784,
                        -0.03961828406223379
                    ],
                    [
                        0.15465726201826938,
                        0.9928071088444892,
                        1.0675567677581292,
                        -0.42036637793993364,
                        -0.03961828406223379,
                        1.6801511859644735
                    ]
                ]
            },
            "est_tgt": [
                0,
                4,
                5
            ]
        },
        "5": {
            "intv_type": "hard",
            "inode": 5,
            "new_mui": 0.0,
            "new_sigmai": 0.1,
            "true_params": {
                "Si": [
                    [
                        1.0,
                        0.0,
                        0.7286295291819851,
                        0.0,
                        -1.2917836710496404,
                        0.0
                    ],
                    [
                        0.0,
                        1.0,
                        0.6718395590319562,
                        -0.8887913367605245,
                        1.1775909728338982,
                        0.0
                    ],
                    [
                        0.7286295291819851,
                        0.6718395590319562,
                        1.9822693838762149,
                        -0.5971251797606136,
                        -0.6679636108603453,
                        0.0
                    ],
                    [
                        0.0,
                        -0.8887913367605245,
                        -0.5971251797606136,
                        1.78995004030056,
                        -1.693919851084182,
                        0.0
                    ],
                    [
                        -1.2917836710496404,
                        1.1775909728338982,
                        -0.6679636108603453,
                        -1.693919851084182,
                        4.742610189573749,
                        0.0
                    ],
                    [
                        0.0,
                        0.0,
                        0.0,
                        0.0,
                        0.0,
                        0.1
                    ]
                ],
                "mui": [
                    0.0,
                    0.0,
                    0.0,
                    0.0,
                    0.0,
                    0.0
                ],
                "Ai": [
                    [
                        0.0,
                        0.0,
                        0.0,
                        0.0,
                        0.0,
                        0.0
                    ],
                    [
                        0.0,
                        0.0,
                        0.0,
                        0.0,
                        0.0,
                        0.0
                    ],
                    [
                        0.7286295291819851,
                        0.6718395590319562,
                        0.0,
                        0.0,
                        0.0,
                        0.0
                    ],
                    [
                        0.0,
                        -0.8887913367605245,
                        -0.0,
                        0.0,
                        0.0,
                        0.0
                    ],
                    [
                        -0.9144380356812707,
                        0.9502227342404297,
                        -0.517884082727208,
                        -0.647287196182015,
                        0.0,
                        0.0
                    ],
                    [
                        0.0,
                        0.0,
                        0.0,
                        0.0,
                        0.0,
                        0.0
                    ]
                ]
            },
            "est_params": {
                "mui": [
                    0.15347964720170656,
                    -0.05591993497318749,
                    -0.08763816757905109,
                    0.15230960357831902,
                    -0.16818031645940903,
                    0.01068016390876494
                ],
                "Si": [
                    [
                        1.1221566776804115,
                        0.005432697058433762,
                        0.8159382757901618,
                        -0.18963341993212074,
                        -1.324281966783525,
                        -0.02045390822470763
                    ],
                    [
                        0.005432697058433749,
                        1.1939773364599324,
                        0.7877960769939913,
                        -1.2661385708184916,
                        1.5198311704779424,
                        0.008848743990413872
                    ],
                    [
                        0.8159382757901618,
                        0.7877960769939913,
                        2.0145291677280963,
                        -0.8921895843381185,
                        -0.40784397248861637,
                        0.015541387761642914
                    ],
                    [
                        -0.1896334199321207,
                        -1.2661385708184913,
                        -0.8921895843381185,
                        2.512270007423779,
                        -2.368886189225421,
                        0.008343578392223314
                    ],
                    [
                        -1.324281966783525,
                        1.5198311704779424,
                        -0.40784397248861637,
                        -2.368886189225421,
                        5.522305984435223,
                        0.02491184187507795
                    ],
                    [
                        -0.02045390822470763,
                        0.00884874399041387,
                        0.015541387761642917,
                        0.008343578392223315,
                        0.02491184187507796,
                        0.010873677308904357
                    ]
                ]
            },
            "est_tgt": [
                4,
                5
            ]
        },
        "obs": {
            "intv_type": "obs",
            "true_params": {
                "Si": [
                    [
                        1.0,
                        0.0,
                        0.7286295291819851,
                        0.0,
                        -1.2917836710496404,
                        1.5310468278617622
                    ],
                    [
                        0.0,
                        1.0,
                        0.6718395590319562,
                        -0.8887913367605245,
                        1.1775909728338982,
                        -0.43037000347967
                    ],
                    [
                        0.7286295291819851,
                        0.6718395590319562,
                        1.9822693838762149,
                        -0.5971251797606136,
                        -0.6679636108603453,
                        1.8044688631610701
                    ],
                    [
                        0.0,
                        -0.8887913367605245,
                        -0.5971251797606136,
                        1.78995004030056,
                        -1.693919851084182,
                        1.5585585831516053
                    ],
                    [
                        -1.2917836710496404,
                        1.1775909728338982,
                        -0.6679636108603453,
                        -1.693919851084182,
                        4.742610189573749,
                        -4.647329102262978
                    ],
                    [
                        1.5310468278617622,
                        -0.43037000347967,
                        1.8044688631610701,
                        1.5585585831516053,
                        -4.647329102262978,
                        6.669995718282358
                    ]
                ],
                "mui": [
                    0.0,
                    0.0,
                    0.0,
                    0.0,
                    0.0,
                    0.0
                ],
                "Ai": [
                    [
                        0.0,
                        0.0,
                        0.0,
                        0.0,
                        0.0,
                        0.0
                    ],
                    [
                        0.0,
                        0.0,
                        0.0,
                        0.0,
                        0.0,
                        0.0
                    ],
                    [
                        0.7286295291819851,
                        0.6718395590319562,
                        0.0,
                        0.0,
                        0.0,
                        0.0
                    ],
                    [
                        0.0,
                        -0.8887913367605245,
                        -0.0,
                        0.0,
                        0.0,
                        0.0
                    ],
                    [
                        -0.9144380356812707,
                        0.9502227342404297,
                        -0.517884082727208,
                        -0.647287196182015,
                        0.0,
                        0.0
                    ],
                    [
                        0.0,
                        0.808248138157057,
                        0.514539603322335,
                        0.5967315741680063,
                        -0.8949935696339173,
                        0.0
                    ]
                ]
            },
            "est_params": {
                "mui": [
                    0.12686988345989786,
