{
    "expt_args": {
        "save_dir": "expt_logs_30.04.24-hard",
        "exp_name": "454",
        "num_nodes": 6,
        "obs_noise_mean": 0.0,
        "obs_noise_var": 1.0,
        "max_edge_strength": 1.0,
        "graph_sparsity_method": "adj_dense_prop",
        "adj_dense_prop": 0.8,
        "num_parents": null,
        "new_noise_mean": 0.0,
        "mix_samples": 65536,
        "stage2_samples": 65536,
        "gmm_tol": 0.001,
        "intv_type": "hard",
        "new_noise_sigma": 0.1,
        "intv_targets": [
            0,
            1,
            2,
            3,
            4,
            5
        ]
    },
    "intv_args_dict": {
        "0": {
            "intv_type": "hard",
            "inode": 0,
            "new_mui": 0.0,
            "new_sigmai": 0.1,
            "true_params": {
                "Si": [
                    [
                        0.1,
                        0.0,
                        0.0,
                        0.0,
                        0.09587256156843432,
                        -0.16643658760550692
                    ],
                    [
                        0.0,
                        1.0,
                        0.7704934312178429,
                        0.631999579453962,
                        -1.8803404260691048,
                        2.20919996240211
                    ],
                    [
                        0.0,
                        0.7704934312178429,
                        1.5936601275498448,
                        1.3072045647580404,
                        -3.043701130190275,
                        3.7335148869230803
                    ],
                    [
                        0.0,
                        0.631999579453962,
                        1.3072045647580404,
                        2.0722385184797263,
                        -3.446075524316517,
                        4.5552760329615705
                    ],
                    [
                        0.09587256156843432,
                        -1.8803404260691048,
                        -3.043701130190275,
                        -3.446075524316517,
                        8.072831357507141,
                        -9.959470194668144
                    ],
                    [
                        -0.16643658760550692,
                        2.20919996240211,
                        3.7335148869230803,
                        4.5552760329615705,
                        -9.959470194668144,
                        13.48991092169766
                    ]
                ],
                "mui": [
                    0.0,
                    0.0,
                    0.0,
                    0.0,
                    0.0,
                    0.0
                ],
                "Ai": [
                    [
                        0.0,
                        0.0,
                        0.0,
                        0.0,
                        0.0,
                        0.0
                    ],
                    [
                        0.0,
                        0.0,
                        0.0,
                        0.0,
                        0.0,
                        0.0
                    ],
                    [
                        -0.0,
                        0.7704934312178429,
                        0.0,
                        0.0,
                        0.0,
                        0.0
                    ],
                    [
                        0.0,
                        -0.0,
                        0.8202530402563234,
                        0.0,
                        0.0,
                        0.0
                    ],
                    [
                        0.9587256156843432,
                        -0.6514718358444878,
                        -0.8161051859225688,
                        -0.9494704186463359,
                        0.0,
                        0.0
                    ],
                    [
                        -0.7165400919612082,
                        -0.0,
                        -0.0,
                        0.554173285956765,
                        -0.9886309164872974,
                        0.0
                    ]
                ]
            },
            "est_params": {
                "mui": [
                    -0.0005736411879661411,
                    -0.0009479440795444665,
                    -0.011061023902682767,
                    -0.017799168973822985,
                    0.018475183980933414,
                    -0.015238303898358396
                ],
                "Si": [
                    [
                        0.011144242308521556,
                        -0.0011368557363635034,
                        -0.0005199747902023015,
                        -0.0016641640302886413,
                        0.011854237861535291,
                        -0.02012229372574364
                    ],
                    [
                        -0.0011368557363635038,
                        0.9999301099597802,
                        0.7722902059380689,
                        0.6352660000852284,
                        -1.8636174442665134,
                        2.1806834036449327
                    ],
                    [
                        -0.0005199747902023014,
                        0.7722902059380689,
                        1.582774174903489,
                        1.2876362760692563,
                        -3.0216541576932543,
                        3.69984426222923
                    ],
                    [
                        -0.0016641640302886417,
                        0.6352660000852284,
                        1.2876362760692568,
                        2.0270646431906574,
                        -3.404866220473544,
                        4.49034944022695
                    ],
                    [
                        0.011854237861535291,
                        -1.8636174442665134,
                        -3.0216541576932547,
                        -3.404866220473544,
                        7.906023115774708,
                        -9.672550586588459
                    ],
                    [
                        -0.02012229372574364,
                        2.1806834036449327,
                        3.69984426222923,
                        4.49034944022695,
                        -9.672550586588459,
                        13.013017585326887
                    ]
                ]
            },
            "est_tgt": [
                0
            ]
        },
        "1": {
            "intv_type": "hard",
            "inode": 1,
            "new_mui": 0.0,
            "new_sigmai": 0.1,
            "true_params": {
                "Si": [
                    [
                        1.0,
                        0.0,
                        0.0,
                        0.0,
                        0.9587256156843432,
                        -1.664365876055069
                    ],
                    [
                        0.0,
                        0.1,
                        0.0770493431217843,
                        0.0631999579453962,
                        -0.18803404260691048,
                        0.220919996240211
                    ],
                    [
                        0.0,
                        0.0770493431217843,
                        1.0593660127549844,
                        0.868948192706495,
                        -1.7397901781246305,
                        2.2015582335733024
                    ],
                    [
                        0.0,
                        0.0631999579453962,
                        0.868948192706495,
                        1.7127573968927403,
                        -2.3765386016611547,
                        3.298683930510512
                    ],
                    [
                        0.9587256156843432,
                        -0.18803404260691048,
                        -1.7397901781246305,
                        -2.3765386016611547,
                        5.717958576940762,
                        -7.6569301752710315
                    ],
                    [
                        -1.664365876055069,
                        0.220919996240211,
                        2.2015582335733024,
                        3.298683930510512,
                        -7.6569301752710315,
                        11.590505287646826
                    ]
                ],
                "mui": [
                    0.0,
                    0.0,
                    0.0,
                    0.0,
                    0.0,
                    0.0
                ],
                "Ai": [
                    [
                        0.0,
                        0.0,
                        0.0,
                        0.0,
                        0.0,
                        0.0
                    ],
                    [
                        0.0,
                        0.0,
                        0.0,
                        0.0,
                        0.0,
                        0.0
                    ],
                    [
                        -0.0,
                        0.7704934312178429,
                        0.0,
                        0.0,
                        0.0,
                        0.0
                    ],
                    [
                        0.0,
                        -0.0,
                        0.8202530402563234,
                        0.0,
                        0.0,
                        0.0
                    ],
                    [
                        0.9587256156843432,
                        -0.6514718358444878,
                        -0.8161051859225688,
                        -0.9494704186463359,
                        0.0,
                        0.0
                    ],
                    [
                        -0.7165400919612082,
                        -0.0,
                        -0.0,
                        0.554173285956765,
                        -0.9886309164872974,
                        0.0
                    ]
                ]
            },
            "est_params": {
                "mui": [
                    0.0045844345245401145,
                    0.0007323030646251913,
                    0.021418610655313888,
                    -0.0006613451441020424,
                    -0.02103450221144635,
                    0.013361521791689727
                ],
                "Si": [
                    [
                        0.9744122166995545,
                        0.0010872445047412185,
                        -0.000846974748345171,
                        -0.0020520292371894026,
                        0.9218857009444811,
                        -1.608349738862317
                    ],
                    [
                        0.0010872445047412187,
                        0.01006643002340915,
                        0.007951714142334199,
                        0.006358138037952631,
                        -0.017976414800625003,
                        0.0210016741397446
                    ],
                    [
                        -0.0008469747483451816,
                        0.007951714142334197,
                        1.0133393730488025,
                        0.824891155036455,
                        -1.6060043878908912,
                        2.069729190249013
                    ],
                    [
                        -0.00205202923718941,
                        0.006358138037952631,
                        0.8248911550364549,
                        1.6850389006680848,
                        -2.2743881588879065,
                        3.2019564226304196
                    ],
                    [
                        0.9218857009444811,
                        -0.01797641480062501,
                        -1.6060043878908914,
                        -2.274388158887907,
                        5.334693982200132,
                        -7.244507355885735
                    ],
                    [
                        -1.6083497388623171,
                        0.0210016741397446,
                        2.0697291902490136,
                        3.2019564226304196,
                        -7.244507355885735,
                        11.149675209052523
                    ]
                ]
            },
            "est_tgt": [
                0,
                1
            ]
        },
        "2": {
            "intv_type": "hard",
            "inode": 2,
            "new_mui": 0.0,
            "new_sigmai": 0.1,
            "true_params": {
                "Si": [
                    [
                        1.0,
                        0.0,
                        0.0,
                        0.0,
                        0.9587256156843432,
                        -1.664365876055069
                    ],
                    [
                        0.0,
                        1.0,
                        0.0,
                        0.0,
                        -0.6514718358444878,
                        0.6440651981365981
                    ],
                    [
                        0.0,
                        0.0,
                        0.1,
                        0.08202530402563235,
                        -0.15949111834506702,
                        0.2031340827645549
                    ],
                    [
                        0.0,
                        0.0,
                        0.08202530402563235,
                        1.0672815050049742,
                        -1.0802934933627582,
                        1.6594704450879758
                    ],
                    [
                        0.9587256156843432,
                        -0.6514718358444878,
                        -0.15949111834506702,
                        -1.0802934933627582,
                        3.49943860326196,
                        -4.745288329376478
                    ],
                    [
                        -1.664365876055069,
                        0.6440651981365981,
                        0.2031340827645549,
                        1.6594704450879758,
                        -4.745288329376478,
                        7.8035578174560785
                    ]
                ],
                "mui": [
                    0.0,
                    0.0,
                    0.0,
                    0.0,
                    0.0,
                    0.0
                ],
                "Ai": [
                    [
                        0.0,
                        0.0,
                        0.0,
                        0.0,
                        0.0,
                        0.0
                    ],
                    [
                        0.0,
                        0.0,
                        0.0,
                        0.0,
                        0.0,
                        0.0
                    ],
                    [
                        0.0,
                        0.0,
                        0.0,
                        0.0,
                        0.0,
                        0.0
                    ],
                    [
                        0.0,
                        -0.0,
                        0.8202530402563234,
                        0.0,
                        0.0,
                        0.0
                    ],
                    [
                        0.9587256156843432,
                        -0.6514718358444878,
                        -0.8161051859225688,
                        -0.9494704186463359,
                        0.0,
                        0.0
                    ],
                    [
                        -0.7165400919612082,
                        -0.0,
                        -0.0,
                        0.554173285956765,
                        -0.9886309164872974,
                        0.0
                    ]
                ]
            },
            "est_params": {
                "mui": [
                    -0.03279330376405923,
                    -0.0014132133212192452,
                    0.0011415489008300395,
                    0.015740323186168574,
                    -0.05809418948557425,
                    0.07825202587656553
                ],
                "Si": [
                    [
                        1.0447798194998037,
                        -0.013802051458759899,
                        0.00014554821744119342,
                        0.004096593640015659,
                        1.002212248174824,
                        -1.7390791177388074
                    ],
                    [
                        -0.013802051458759904,
                        1.0074943377955836,
                        -0.0002404048134433068,
                        0.004627729533683577,
                        -0.6724805777715902,
                        0.6860605926156796
                    ],
                    [
                        0.00014554821744119323,
                        -0.00024040481344330644,
                        0.009759317740480418,
                        0.012058288650480243,
                        -0.021362838598760734,
                        0.028091738331617717
                    ],
                    [
                        0.004096593640015653,
                        0.004627729533683572,
                        0.012058288650480243,
                        0.987893612748252,
                        -0.9812898235528283,
                        1.5308954816999119
                    ],
                    [
                        1.0022122481748237,
                        -0.6724805777715901,
                        -0.021362838598760734,
                        -0.9812898235528283,
                        3.411207024782489,
                        -4.656198895639889
                    ],
                    [
                        -1.7390791177388074,
                        0.6860605926156795,
                        0.028091738331617717,
                        1.5308954816999119,
                        -4.65619889563989,
                        7.745424879754759
                    ]
                ]
            },
            "est_tgt": [
                2,
                4
            ]
        },
        "3": {
            "intv_type": "hard",
            "inode": 3,
            "new_mui": 0.0,
            "new_sigmai": 0.1,
            "true_params": {
                "Si": [
                    [
                        1.0,
                        0.0,
                        0.0,
                        0.0,
                        0.9587256156843432,
                        -1.664365876055069
                    ],
                    [
                        0.0,
                        1.0,
                        0.7704934312178429,
                        0.0,
                        -1.2802755207806433,
                        1.2657199614656194
                    ],
                    [
                        0.0,
                        0.7704934312178429,
                        1.5936601275498448,
                        0.0,
                        -1.8025490648330573,
                        1.7820557339792265
                    ],
                    [
                        0.0,
                        0.0,
                        0.0,
                        0.1,
                        -0.0949470418646336,
                        0.149284909612067
                    ],
                    [
                        0.9587256156843432,
                        -1.2802755207806433,
                        -1.8025490648330573,
                        -0.0949470418646336,
                        4.314437297357626,
                        -5.004968554423672
                    ],
                    [
                        -1.664365876055069,
                        1.2657199614656194,
                        1.7820557339792265,
                        0.149284909612067,
                        -5.004968554423672,
                        7.223381235739054
                    ]
                ],
                "mui": [
                    0.0,
                    0.0,
                    0.0,
                    0.0,
                    0.0,
                    0.0
                ],
                "Ai": [
                    [
                        0.0,
                        0.0,
                        0.0,
                        0.0,
                        0.0,
                        0.0
                    ],
                    [
                        0.0,
                        0.0,
                        0.0,
                        0.0,
                        0.0,
                        0.0
                    ],
                    [
                        -0.0,
                        0.7704934312178429,
                        0.0,
                        0.0,
                        0.0,
                        0.0
                    ],
                    [
                        0.0,
                        0.0,
                        0.0,
                        0.0,
                        0.0,
                        0.0
                    ],
                    [
                        0.9587256156843432,
                        -0.6514718358444878,
                        -0.8161051859225688,
                        -0.9494704186463359,
                        0.0,
                        0.0
                    ],
                    [
                        -0.7165400919612082,
                        -0.0,
                        -0.0,
                        0.554173285956765,
                        -0.9886309164872974,
                        0.0
                    ]
                ]
            },
            "est_params": {
                "mui": [
                    -0.004118841390092449,
                    0.025290568416989425,
                    0.015750318249732054,
                    0.0007687876448930139,
                    -0.034386192849869594,
                    0.02015510344402976
                ],
                "Si": [
                    [
                        0.9917778663563668,
                        0.013423957346667351,
                        0.023112084229202835,
                        -1.1363368850607633e-06,
                        0.9510238981592423,
                        -1.6513596721327517
                    ],
                    [
                        0.013423957346667357,
                        1.0045936541193667,
                        0.7543558537170193,
                        -0.0025850015348413222,
                        -1.2573377412230702,
                        1.2348550045164834
                    ],
                    [
                        0.023112084229202835,
                        0.7543558537170193,
                        1.5603464415874082,
                        -0.0025664649512892406,
                        -1.7285786423461507,
                        1.685881393512447
                    ],
                    [
                        -1.1363368850609179e-06,
                        -0.0025850015348413222,
                        -0.0025664649512892406,
                        0.009959330507570868,
                        -0.0058141010709110985,
                        0.011847732547711919
                    ],
                    [
                        0.9510238981592425,
                        -1.2573377412230702,
                        -1.7285786423461507,
                        -0.0058141010709111,
                        4.179831655570663,
                        -4.811315329572722
                    ],
                    [
                        -1.6513596721327515,
                        1.2348550045164834,
                        1.685881393512447,
                        0.011847732547711915,
                        -4.811315329572722,
                        6.920389774438204
                    ]
                ]
            },
            "est_tgt": [
                1,
                3,
                4
            ]
        },
        "4": {
            "intv_type": "hard",
            "inode": 4,
            "new_mui": 0.0,
            "new_sigmai": 0.1,
            "true_params": {
                "Si": [
                    [
                        1.0,
                        0.0,
                        0.0,
                        0.0,
                        0.0,
                        -0.7165400919612082
                    ],
                    [
                        0.0,
                        1.0,
                        0.7704934312178429,
                        0.631999579453962,
                        0.0,
                        0.3502372836692957
                    ],
                    [
                        0.0,
                        0.7704934312178429,
                        1.5936601275498448,
                        1.3072045647580404,
                        0.0,
                        0.724417849069646
                    ],
                    [
                        0.0,
                        0.631999579453962,
                        1.3072045647580404,
                        2.0722385184797263,
                        0.0,
                        1.1483792290720884
                    ],
                    [
                        0.0,
                        0.0,
                        0.0,
                        0.0,
                        0.1,
                        -0.09886309164872975
                    ],
                    [
                        -0.7165400919612082,
                        0.3502372836692957,
                        0.724417849069646,
                        1.1483792290720884,
                        -0.09886309164872975,
                        2.2475699031906036
                    ]
                ],
                "mui": [
                    0.0,
                    0.0,
                    0.0,
                    0.0,
                    0.0,
                    0.0
                ],
                "Ai": [
                    [
                        0.0,
                        0.0,
                        0.0,
                        0.0,
                        0.0,
                        0.0
                    ],
                    [
                        0.0,
                        0.0,
                        0.0,
                        0.0,
                        0.0,
                        0.0
                    ],
                    [
                        -0.0,
                        0.7704934312178429,
                        0.0,
                        0.0,
                        0.0,
                        0.0
                    ],
                    [
                        0.0,
                        -0.0,
                        0.8202530402563234,
                        0.0,
                        0.0,
                        0.0
                    ],
                    [
                        0.0,
                        0.0,
                        0.0,
                        0.0,
                        0.0,
                        0.0
                    ],
                    [
                        -0.7165400919612082,
                        -0.0,
                        -0.0,
                        0.554173285956765,
                        -0.9886309164872974,
                        0.0
                    ]
                ]
            },
            "est_params": {
                "mui": [
                    -0.016214744189743616,
                    0.016051854641009656,
                    0.008261057255043773,
                    0.01662071022291571,
                    0.0005289220118245667,
                    0.034498430148888
                ],
                "Si": [
                    [
                        0.9984284968265272,
                        -0.00987033372379345,
                        0.006815175002958925,
                        0.0026263306686461,
                        -0.0002298805684352169,
                        -0.696897252667127
                    ],
                    [
                        -0.00987033372379345,
                        0.9950356854441037,
                        0.75843554288307,
                        0.6346350667316636,
                        -0.0013854294900279881,
                        0.35083548512191676
                    ],
                    [
                        0.006815175002958929,
                        0.75843554288307,
                        1.5550513188689112,
                        1.280440359963365,
                        -1.562805533361177e-05,
                        0.7099465756208473
                    ],
                    [
                        0.0026263306686460882,
                        0.6346350667316636,
                        1.2804403599633647,
                        2.04814590812125,
                        0.0004683029387036303,
                        1.1380675433167735
                    ],
                    [
                        -0.00022988056843521696,
                        -0.0013854294900279885,
                        -1.5628055333611465e-05,
                        0.00046830293870362967,
                        0.010055110331757258,
                        -0.009342756040751831
                    ],
                    [
                        -0.6968972526671271,
                        0.35083548512191676,
                        0.7099465756208473,
                        1.1380675433167735,
                        -0.009342756040751831,
                        2.15270181611066
                    ]
                ]
            },
            "est_tgt": [
                3,
                4
            ]
        },
        "5": {
            "intv_type": "hard",
            "inode": 5,
            "new_mui": 0.0,
            "new_sigmai": 0.1,
            "true_params": {
                "Si": [
                    [
                        1.0,
                        0.0,
                        0.0,
                        0.0,
                        0.9587256156843432,
                        0.0
                    ],
                    [
                        0.0,
                        1.0,
                        0.7704934312178429,
                        0.631999579453962,
                        -1.8803404260691048,
                        0.0
                    ],
                    [
                        0.0,
                        0.7704934312178429,
                        1.5936601275498448,
                        1.3072045647580404,
                        -3.043701130190275,
                        0.0
                    ],
                    [
                        0.0,
                        0.631999579453962,
                        1.3072045647580404,
                        2.0722385184797263,
                        -3.446075524316517,
                        0.0
                    ],
                    [
                        0.9587256156843432,
                        -1.8803404260691048,
                        -3.043701130190275,
                        -3.446075524316517,
                        8.900070683059532,
                        0.0
                    ],
                    [
                        0.0,
                        0.0,
                        0.0,
                        0.0,
                        0.0,
                        0.1
                    ]
                ],
                "mui": [
                    0.0,
                    0.0,
                    0.0,
                    0.0,
                    0.0,
                    0.0
                ],
                "Ai": [
                    [
                        0.0,
                        0.0,
                        0.0,
                        0.0,
                        0.0,
                        0.0
                    ],
                    [
                        0.0,
                        0.0,
                        0.0,
                        0.0,
                        0.0,
                        0.0
                    ],
                    [
                        -0.0,
                        0.7704934312178429,
                        0.0,
                        0.0,
                        0.0,
                        0.0
                    ],
                    [
                        0.0,
                        -0.0,
                        0.8202530402563234,
                        0.0,
                        0.0,
                        0.0
                    ],
                    [
                        0.9587256156843432,
                        -0.6514718358444878,
                        -0.8161051859225688,
                        -0.9494704186463359,
                        0.0,
                        0.0
                    ],
                    [
                        0.0,
                        0.0,
                        0.0,
                        0.0,
                        0.0,
                        0.0
                    ]
                ]
            },
            "est_params": {
                "mui": [
                    -0.008968763626712693,
                    -0.004940733717161341,
                    -0.007847670072967567,
                    -0.00799778127186751,
                    0.00837367407962175,
                    -0.0007303421063534699
                ],
                "Si": [
                    [
                        1.0135197604256212,
                        -0.009242824045116903,
                        0.018090217890199104,
                        0.010995080062990987,
                        0.9401407504855332,
                        0.0013254749167925426
                    ],
                    [
                        -0.0092428240451169,
                        1.0057560906821197,
                        0.7654543272066346,
                        0.6384110076168938,
                        -1.9070321121701814,
                        0.00023678736992436907
                    ],
                    [
                        0.018090217890199104,
                        0.7654543272066346,
                        1.5623427236029233,
                        1.2834247954310665,
                        -2.9985497751756554,
                        -0.00013311256267777984
                    ],
                    [
                        0.010995080062990983,
                        0.6384110076168938,
                        1.2834247954310665,
                        2.0575013629763093,
                        -3.426665301836785,
                        -2.443581996975849e-05
                    ],
                    [
                        0.9401407504855332,
                        -1.9070321121701819,
                        -2.998549775175656,
                        -3.426665301836785,
                        8.858923142916098,
                        0.0013648112050772686
                    ],
                    [
                        0.0013254749167925424,
                        0.0002367873699243688,
                        -0.00013311256267778006,
                        -2.443581996975924e-05,
                        0.0013648112050772673,
                        0.009902990796281734
                    ]
                ]
            },
            "est_tgt": [
                5
            ]
        },
        "obs": {
            "intv_type": "obs",
            "true_params": {
                "Si": [
                    [
                        1.0,
                        0.0,
                        0.0,
                        0.0,
                        0.9587256156843432,
                        -1.664365876055069
                    ],
                    [
                        0.0,
                        1.0,
                        0.7704934312178429,
                        0.631999579453962,
                        -1.8803404260691048,
                        2.20919996240211
                    ],
                    [
                        0.0,
                        0.7704934312178429,
                        1.5936601275498448,
                        1.3072045647580404,
                        -3.043701130190275,
                        3.7335148869230803
                    ],
                    [
                        0.0,
                        0.631999579453962,
                        1.3072045647580404,
                        2.0722385184797263,
                        -3.446075524316517,
                        4.5552760329615705
                    ],
                    [
                        0.9587256156843432,
                        -1.8803404260691048,
                        -3.043701130190275,
                        -3.446075524316517,
                        8.900070683059532,
                        -11.395573373988562
                    ],
                    [
                        -1.664365876055069,
                        2.20919996240211,
                        3.7335148869230803,
                        4.5552760329615705,
                        -11.395573373988562,
                        15.983013314136562
                    ]
                ],
                "mui": [
                    0.0,
                    0.0,
                    0.0,
                    0.0,
                    0.0,
                    0.0
                ],
                "Ai": [
                    [
                        0.0,
                        0.0,
                        0.0,
                        0.0,
                        0.0,
                        0.0
                    ],
                    [
                        0.0,
                        0.0,
                        0.0,
                        0.0,
                        0.0,
                        0.0
                    ],
                    [
                        -0.0,
                        0.7704934312178429,
                        0.0,
                        0.0,
                        0.0,
                        0.0
                    ],
                    [
                        0.0,
                        -0.0,
                        0.8202530402563234,
                        0.0,
                        0.0,
                        0.0
                    ],
                    [
                        0.9587256156843432,
                        -0.6514718358444878,
                        -0.8161051859225688,
                        -0.9494704186463359,
                        0.0,
                        0.0
                    ],
                    [
                        -0.7165400919612082,
                        -0.0,
                        -0.0,
                        0.554173285956765,
                        -0.9886309164872974,
                        0.0
                    ]
                ]
            },
            "est_params": {
                "mui": [
                    -0.00452901535253417,
                    0.003909367151914329,
                    0.005441614835288249,
                    0.009187131026287708,
                    -0.030506460657965414,
                    0.02024521416894688
                ],
                "Si": [
                    [
                        1.0423166679895066,
