{
    "expt_args": {
        "save_dir": "expt_logs_30.04.24-hard",
        "exp_name": "376",
        "num_nodes": 6,
        "obs_noise_mean": 0.0,
        "obs_noise_var": 1.0,
        "max_edge_strength": 1.0,
        "graph_sparsity_method": "adj_dense_prop",
        "adj_dense_prop": 0.8,
        "num_parents": null,
        "new_noise_mean": 1.0,
        "mix_samples": 1024,
        "stage2_samples": 1024,
        "gmm_tol": 0.001,
        "intv_type": "hard",
        "new_noise_sigma": 8.0,
        "intv_targets": [
            0,
            1,
            2,
            3,
            4,
            5
        ]
    },
    "intv_args_dict": {
        "0": {
            "intv_type": "hard",
            "inode": 0,
            "new_mui": 1.0,
            "new_sigmai": 8.0,
            "true_params": {
                "Si": [
                    [
                        8.0,
                        0.0,
                        5.829036233455881,
                        0.0,
                        -10.334269368397123,
                        12.248374622894097
                    ],
                    [
                        0.0,
                        1.0,
                        0.6718395590319562,
                        -0.8887913367605245,
                        1.1775909728338982,
                        -0.43037000347967
                    ],
                    [
                        5.829036233455881,
                        0.6718395590319562,
                        5.698576319447944,
                        -0.5971251797606136,
                        -7.256585707153476,
                        9.613430368544483
                    ],
                    [
                        0.0,
                        -0.8887913367605245,
                        -0.5971251797606136,
                        1.78995004030056,
                        -1.693919851084182,
                        1.5585585831516053
                    ],
                    [
                        -10.334269368397123,
                        1.1775909728338982,
                        -7.256585707153476,
                        -1.693919851084182,
                        16.423545559107147,
                        -18.4917981451722
                    ],
                    [
                        12.248374622894097,
                        -0.43037000347967,
                        9.613430368544483,
                        1.5585585831516053,
                        -18.4917981451722,
                        23.078726442021306
                    ]
                ],
                "mui": [
                    1.0,
                    0.0,
                    0.7286295291819851,
                    0.0,
                    -1.2917836710496404,
                    1.5310468278617622
                ],
                "Ai": [
                    [
                        0.0,
                        0.0,
                        0.0,
                        0.0,
                        0.0,
                        0.0
                    ],
                    [
                        0.0,
                        0.0,
                        0.0,
                        0.0,
                        0.0,
                        0.0
                    ],
                    [
                        0.7286295291819851,
                        0.6718395590319562,
                        0.0,
                        0.0,
                        0.0,
                        0.0
                    ],
                    [
                        0.0,
                        -0.8887913367605245,
                        -0.0,
                        0.0,
                        0.0,
                        0.0
                    ],
                    [
                        -0.9144380356812707,
                        0.9502227342404297,
                        -0.517884082727208,
                        -0.647287196182015,
                        0.0,
                        0.0
                    ],
                    [
                        0.0,
                        0.808248138157057,
                        0.514539603322335,
                        0.5967315741680063,
                        -0.8949935696339173,
                        0.0
                    ]
                ]
            },
            "est_params": {
                "mui": [
                    1.2353843360622638,
                    -0.018705019077192374,
                    1.0236501356297805,
                    -0.11227590857119352,
                    -1.6646346390855906,
                    2.125260328374754
                ],
                "Si": [
                    [
                        62.6643982700504,
                        0.31754803902252826,
                        46.27206721816285,
                        -0.6695920188154185,
                        -79.53513808164509,
                        94.40178611461214
                    ],
                    [
                        0.3175480390225282,
                        1.0719427726720763,
                        0.9277577052711726,
                        -1.1084809788515517,
                        1.0564174932001755,
                        -0.3285349066951404
                    ],
                    [
                        46.27206721816285,
                        0.9277577052711727,
                        35.54739682741266,
                        -1.1654779678684428,
                        -58.34361680682333,
                        70.28633826576907
                    ],
                    [
                        -0.6695920188154185,
                        -1.1084809788515515,
                        -1.1654779678684426,
                        2.0261221400923137,
                        -1.315168482413455,
                        1.0079300941007934
                    ],
                    [
                        -79.53513808164509,
                        1.0564174932001758,
                        -58.34361680682333,
                        -1.315168482413455,
                        104.68986994390703,
                        -123.1534828546172
                    ],
                    [
                        94.40178611461214,
                        -0.32853490669514046,
                        70.28633826576907,
                        1.0079300941007936,
                        -123.1534828546172,
                        147.19029097219268
                    ]
                ]
            },
            "est_tgt": [
                0,
                4,
                5
            ]
        },
        "1": {
            "intv_type": "hard",
            "inode": 1,
            "new_mui": 1.0,
            "new_sigmai": 8.0,
            "true_params": {
                "Si": [
                    [
                        1.0,
                        0.0,
                        0.7286295291819851,
                        0.0,
                        -1.2917836710496404,
                        1.5310468278617622
                    ],
                    [
                        0.0,
                        8.0,
                        5.37471647225565,
                        -7.110330694084196,
                        9.420727782671186,
                        -3.44296002783736
                    ],
                    [
                        0.7286295291819851,
                        5.37471647225565,
                        5.141848135437988,
                        -4.777001438084909,
                        4.870101788500825,
                        -0.21950829034747055
                    ],
                    [
                        0.0,
                        -7.110330694084196,
                        -4.777001438084909,
                        7.31960032240448,
                        -9.02034843539935,
                        4.236122498011898
                    ],
                    [
                        -1.2917836710496404,
                        9.420727782671186,
                        4.870101788500825,
                        -9.02034843539935,
                        14.449653684672958,
                        -8.194927919796047
                    ],
                    [
                        1.5310468278617622,
                        -3.44296002783736,
                        -0.21950829034747055,
                        4.236122498011898,
                        -8.194927919796047,
                        7.966524097547997
                    ]
                ],
                "mui": [
                    0.0,
                    1.0,
                    0.6718395590319562,
                    -0.8887913367605245,
                    1.1775909728338982,
                    -0.43037000347967
                ],
                "Ai": [
                    [
                        0.0,
                        0.0,
                        0.0,
                        0.0,
                        0.0,
                        0.0
                    ],
                    [
                        0.0,
                        0.0,
                        0.0,
                        0.0,
                        0.0,
                        0.0
                    ],
                    [
                        0.7286295291819851,
                        0.6718395590319562,
                        0.0,
                        0.0,
                        0.0,
                        0.0
                    ],
                    [
                        0.0,
                        -0.8887913367605245,
                        -0.0,
                        0.0,
                        0.0,
                        0.0
                    ],
                    [
                        -0.9144380356812707,
                        0.9502227342404297,
                        -0.517884082727208,
                        -0.647287196182015,
                        0.0,
                        0.0
                    ],
                    [
                        0.0,
                        0.808248138157057,
                        0.514539603322335,
                        0.5967315741680063,
                        -0.8949935696339173,
                        0.0
                    ]
                ]
            },
            "est_params": {
                "mui": [
                    -0.14511327544953836,
                    0.7344373983529778,
                    0.3866003711832082,
                    -0.6592987223309869,
                    1.1299639912643669,
                    -0.6433506179091035
                ],
                "Si": [
                    [
                        0.9694542767228823,
                        -0.09292743991913312,
                        0.7349781446602676,
                        0.15326588640231276,
                        -1.4266637230116026,
                        1.77487278878414
                    ],
                    [
                        -0.09292743991913303,
                        57.50975400287921,
                        38.19741932813237,
                        -49.65577920492847,
                        67.43417390287067,
                        -24.875483630070427
                    ],
                    [
                        0.7349781446602676,
                        38.19741932813237,
                        27.180931856982006,
                        -32.78613009238477,
                        43.098611385714705,
                        -13.994163733314704
                    ],
                    [
                        0.15326588640231278,
                        -49.65577920492847,
                        -32.78613009238477,
                        43.83738177621781,
                        -59.012842406294965,
                        22.76552222474728
                    ],
                    [
                        -1.4266637230116026,
                        67.43417390287068,
                        43.098611385714705,
                        -59.012842406294965,
                        82.55022078028584,
                        -33.47204018283232
                    ],
                    [
                        1.7748727887841402,
                        -24.875483630070427,
                        -13.994163733314704,
                        22.76552222474728,
                        -33.47204018283232,
                        17.512765152624475
                    ]
                ]
            },
            "est_tgt": [
                1,
                2
            ]
        },
        "2": {
            "intv_type": "hard",
            "inode": 2,
            "new_mui": 1.0,
            "new_sigmai": 8.0,
            "true_params": {
                "Si": [
                    [
                        1.0,
                        0.0,
                        0.0,
                        0.0,
                        -0.9144380356812707,
                        0.8184161617634079
                    ],
                    [
                        0.0,
                        1.0,
                        0.0,
                        -0.8887913367605245,
                        1.5255259866030146,
                        -1.087457663654073
                    ],
                    [
                        0.0,
                        0.0,
                        8.0,
                        0.0,
                        -4.143072661817664,
                        7.8243402174315655
                    ],
                    [
                        0.0,
                        -0.8887913367605245,
                        0.0,
                        1.78995004030056,
                        -2.0031614770778265,
                        2.142572403006858
                    ],
                    [
                        -0.9144380356812707,
                        1.5255259866030146,
                        -4.143072661817664,
                        -2.0031614770778265,
                        6.728038556380509,
                        -8.115672371304157
                    ],
                    [
                        0.8184161617634079,
                        -1.087457663654073,
                        7.8243402174315655,
                        2.142572403006858,
                        -8.115672371304157,
                        12.689012468151278
                    ]
                ],
                "mui": [
                    0.0,
                    0.0,
                    1.0,
                    0.0,
                    -0.517884082727208,
                    0.9780425271789457
                ],
                "Ai": [
                    [
                        0.0,
                        0.0,
                        0.0,
                        0.0,
                        0.0,
                        0.0
                    ],
                    [
                        0.0,
                        0.0,
                        0.0,
                        0.0,
                        0.0,
                        0.0
                    ],
                    [
                        0.0,
                        0.0,
                        0.0,
                        0.0,
                        0.0,
                        0.0
                    ],
                    [
                        0.0,
                        -0.8887913367605245,
                        -0.0,
                        0.0,
                        0.0,
                        0.0
                    ],
                    [
                        -0.9144380356812707,
                        0.9502227342404297,
                        -0.517884082727208,
                        -0.647287196182015,
                        0.0,
                        0.0
                    ],
                    [
                        0.0,
                        0.808248138157057,
                        0.514539603322335,
                        0.5967315741680063,
                        -0.8949935696339173,
                        0.0
                    ]
                ]
            },
            "est_params": {
                "mui": [
                    0.048564676911598104,
                    -0.010767121688168563,
                    0.25945266693753377,
                    0.03447902198529009,
                    0.37494931294415457,
                    -0.2161169059986764
                ],
                "Si": [
                    [
                        0.9596326513195274,
                        -0.00878874930884571,
                        0.8325076326242636,
                        -0.019093910512446792,
                        -0.966383773392143,
                        1.2420309629608033
                    ],
                    [
                        -0.00878874930884569,
                        0.9540012472200354,
                        -0.02124883875609649,
                        -0.6569070626857169,
                        1.0356285270983872,
                        -0.6078720109904024
                    ],
                    [
                        0.8325076326242636,
                        -0.021248838756096428,
                        19.727057163537093,
                        0.552001573213885,
                        -11.458738343297327,
                        20.842132926661005
                    ],
                    [
                        -0.019093910512446806,
                        -0.6569070626857169,
                        0.552001573213885,
                        1.3636444012522573,
                        -1.6027393130809287,
                        2.0460124477616293
                    ],
                    [
                        -0.966383773392143,
                        1.0356285270983874,
                        -11.458738343297327,
                        -1.6027393130809287,
                        43.861517702111435,
                        -45.539958328899644
                    ],
                    [
                        1.2420309629608033,
                        -0.6078720109904024,
                        20.842132926661005,
                        2.046012447761629,
                        -45.539958328899644,
                        53.24591683731986
                    ]
                ]
            },
            "est_tgt": [
                0,
                2,
                4,
                5
            ]
        },
        "3": {
            "intv_type": "hard",
            "inode": 3,
            "new_mui": 1.0,
            "new_sigmai": 8.0,
            "true_params": {
                "Si": [
                    [
                        1.0,
                        0.0,
                        0.7286295291819851,
                        0.0,
                        -1.2917836710496404,
                        1.5310468278617622
                    ],
                    [
                        0.0,
                        1.0,
                        0.6718395590319562,
                        0.0,
                        0.6022877204713132,
                        0.6148925614663167
                    ],
                    [
                        0.7286295291819851,
                        0.6718395590319562,
                        1.9822693838762149,
                        0.0,
                        -1.0544750942372745,
                        2.506717603866994
                    ],
                    [
                        0.0,
                        0.0,
                        0.0,
                        8.0,
                        -5.17829756945612,
                        9.408395619658222
                    ],
                    [
                        -1.2917836710496404,
                        0.6022877204713132,
                        -1.0544750942372745,
                        -5.17829756945612,
                        6.651505188892613,
                        -9.098879300573767
                    ],
                    [
                        1.5310468278617622,
                        0.6148925614663167,
                        2.506717603866994,
                        9.408395619658222,
                        -9.098879300573767,
                        16.544516442909316
                    ]
                ],
                "mui": [
                    0.0,
                    0.0,
                    0.0,
                    1.0,
                    -0.647287196182015,
                    1.1760494524572778
                ],
                "Ai": [
                    [
                        0.0,
                        0.0,
                        0.0,
                        0.0,
                        0.0,
                        0.0
                    ],
                    [
                        0.0,
                        0.0,
                        0.0,
                        0.0,
                        0.0,
                        0.0
                    ],
                    [
                        0.7286295291819851,
                        0.6718395590319562,
                        0.0,
                        0.0,
                        0.0,
                        0.0
                    ],
                    [
                        0.0,
                        0.0,
                        0.0,
                        0.0,
                        0.0,
                        0.0
                    ],
                    [
                        -0.9144380356812707,
                        0.9502227342404297,
                        -0.517884082727208,
                        -0.647287196182015,
                        0.0,
                        0.0
                    ],
                    [
                        0.0,
                        0.808248138157057,
                        0.514539603322335,
                        0.5967315741680063,
                        -0.8949935696339173,
                        0.0
                    ]
                ]
            },
            "est_params": {
                "mui": [
                    0.033787508029138796,
                    -0.05795326650829805,
                    -0.06212937208243192,
                    0.9274788947189174,
                    -0.6801903777202457,
                    1.0337164376250965
                ],
                "Si": [
                    [
                        0.8536476570162679,
                        -0.018028111258391183,
                        0.44987917925331916,
                        -0.6915261060935819,
                        -0.5833001766456261,
                        0.2692488577709343
                    ],
                    [
                        -0.018028111258391176,
                        1.1873419410983366,
                        0.7368850859768522,
                        -0.47086150748343986,
                        0.9524988111449011,
                        0.2816139068359637
                    ],
                    [
                        0.44987917925331916,
                        0.7368850859768521,
                        1.7093158703156666,
                        0.18818339538615508,
                        -0.7919229743562458,
                        2.45765486674505
                    ],
                    [
                        -0.6915261060935818,
                        -0.47086150748343986,
                        0.18818339538615492,
                        63.26509618365464,
                        -41.04632564769244,
                        74.64374517808847
                    ],
                    [
                        -0.5833001766456261,
                        0.9524988111449011,
                        -0.791922974356246,
                        -41.04632564769244,
                        29.39559748272442,
                        -50.81881023162758
                    ],
                    [
                        0.26924885777093416,
                        0.2816139068359637,
                        2.45765486674505,
                        74.64374517808847,
                        -50.81881023162758,
                        93.25984537331784
                    ]
                ]
            },
            "est_tgt": [
                3
            ]
        },
        "4": {
            "intv_type": "hard",
            "inode": 4,
            "new_mui": 1.0,
            "new_sigmai": 8.0,
            "true_params": {
                "Si": [
                    [
                        1.0,
                        0.0,
                        0.7286295291819851,
                        0.0,
                        0.0,
                        0.3749087489142383
                    ],
                    [
                        0.0,
                        1.0,
                        0.6718395590319562,
                        -0.8887913367605245,
                        0.0,
                        0.6235663448656179
                    ],
                    [
                        0.7286295291819851,
                        0.6718395590319562,
                        1.9822693838762149,
                        -0.5971251797606136,
                        0.0,
                        1.206645726691609
                    ],
                    [
                        0.0,
                        -0.8887913367605245,
                        -0.5971251797606136,
                        1.78995004030056,
                        0.0,
                        0.042511208956019564
                    ],
                    [
                        0.0,
                        0.0,
                        0.0,
                        0.0,
                        8.0,
                        -7.159948557071338
                    ],
                    [
                        0.3749087489142383,
                        0.6235663448656179,
                        1.206645726691609,
                        0.042511208956019564,
                        -7.159948557071338,
                        8.55833904894613
                    ]
                ],
                "mui": [
                    0.0,
                    0.0,
                    0.0,
                    0.0,
                    1.0,
                    -0.8949935696339173
                ],
                "Ai": [
                    [
                        0.0,
                        0.0,
                        0.0,
                        0.0,
                        0.0,
                        0.0
                    ],
                    [
                        0.0,
                        0.0,
                        0.0,
                        0.0,
                        0.0,
                        0.0
                    ],
                    [
                        0.7286295291819851,
                        0.6718395590319562,
                        0.0,
                        0.0,
                        0.0,
                        0.0
                    ],
                    [
                        0.0,
                        -0.8887913367605245,
                        -0.0,
                        0.0,
                        0.0,
                        0.0
                    ],
                    [
                        0.0,
                        0.0,
                        0.0,
                        0.0,
                        0.0,
                        0.0
                    ],
                    [
                        0.0,
                        0.808248138157057,
                        0.514539603322335,
                        0.5967315741680063,
                        -0.8949935696339173,
                        0.0
                    ]
                ]
            },
            "est_params": {
                "mui": [
                    0.10731887714866939,
                    -0.03720826059887871,
                    8.877919019369662,
                    -0.12071978393557765,
                    -6.223484375954454,
                    14.133244317437489
                ],
                "Si": [
                    [
                        1.6610238584817254,
                        0.01802635133102444,
                        0.037122227170021664,
                        1.19447305694617,
                        0.5134823229315193,
                        2.2183344204562414
                    ],
                    [
                        0.01802635133102444,
                        0.5535617898270876,
                        -0.7641162859196716,
                        -0.876430980064066,
                        0.6768177749067689,
                        0.12614164505789227
                    ],
                    [
                        0.03712222717002172,
                        -0.7641162859196716,
                        46.923621143289076,
                        4.104225391925829,
                        -10.546400649420846,
                        3.1899460606260797
                    ],
                    [
                        1.1944730569461701,
                        -0.8764309800640661,
                        4.104225391925829,
                        3.2520366063359485,
                        -3.85150655561236,
                        2.1055474502098686
                    ],
                    [
                        0.5134823229315192,
                        0.6768177749067686,
                        -10.546400649420846,
                        -3.85150655561236,
                        31.477339437928286,
                        -7.309351300995779
                    ],
                    [
                        2.2183344204562414,
                        0.1261416450578923,
                        3.189946060626079,
                        2.1055474502098686,
                        -7.309351300995779,
                        7.740830443691086
                    ]
                ]
            },
            "est_tgt": [
                0,
                1,
                2,
                3,
                4,
                5
            ]
        },
        "5": {
            "intv_type": "hard",
            "inode": 5,
            "new_mui": 1.0,
            "new_sigmai": 8.0,
            "true_params": {
                "Si": [
                    [
                        1.0,
                        0.0,
                        0.7286295291819851,
                        0.0,
                        -1.2917836710496404,
                        0.0
                    ],
                    [
                        0.0,
                        1.0,
                        0.6718395590319562,
                        -0.8887913367605245,
                        1.1775909728338982,
                        0.0
                    ],
                    [
                        0.7286295291819851,
                        0.6718395590319562,
                        1.9822693838762149,
                        -0.5971251797606136,
                        -0.6679636108603453,
                        0.0
                    ],
                    [
                        0.0,
                        -0.8887913367605245,
                        -0.5971251797606136,
                        1.78995004030056,
                        -1.693919851084182,
                        0.0
                    ],
                    [
                        -1.2917836710496404,
                        1.1775909728338982,
                        -0.6679636108603453,
                        -1.693919851084182,
                        4.742610189573749,
                        0.0
                    ],
                    [
                        0.0,
                        0.0,
                        0.0,
                        0.0,
                        0.0,
                        8.0
                    ]
                ],
                "mui": [
                    0.0,
                    0.0,
                    0.0,
                    0.0,
                    0.0,
                    1.0
                ],
                "Ai": [
                    [
                        0.0,
                        0.0,
                        0.0,
                        0.0,
                        0.0,
                        0.0
                    ],
                    [
                        0.0,
                        0.0,
                        0.0,
                        0.0,
                        0.0,
                        0.0
                    ],
                    [
                        0.7286295291819851,
                        0.6718395590319562,
                        0.0,
                        0.0,
                        0.0,
                        0.0
                    ],
                    [
                        0.0,
                        -0.8887913367605245,
                        -0.0,
                        0.0,
                        0.0,
                        0.0
                    ],
                    [
                        -0.9144380356812707,
                        0.9502227342404297,
                        -0.517884082727208,
                        -0.647287196182015,
                        0.0,
                        0.0
                    ],
                    [
                        0.0,
                        0.0,
                        0.0,
                        0.0,
                        0.0,
                        0.0
                    ]
                ]
            },
            "est_params": {
                "mui": [
                    -0.01743465893608948,
                    0.04265496730133114,
                    -0.14783719070079218,
                    0.12757707134429166,
                    0.1082249682674608,
                    0.5931466190215394
                ],
                "Si": [
                    [
                        0.8207501586529038,
                        -0.0025385651295587713,
                        0.5284271423208006,
                        -0.17624836074910094,
                        -0.8690922536283394,
                        0.1724298624851867
                    ],
                    [
                        -0.0025385651295587795,
                        0.974674847771545,
                        0.6426978480961636,
                        -1.0183986484208545,
                        1.1224153627207343,
                        -0.532403657296684
                    ],
                    [
                        0.5284271423208006,
                        0.6426978480961635,
                        1.4675844580436157,
                        -0.8054373644326716,
                        -0.11728619296190507,
                        0.5494732848641748
                    ],
                    [
                        -0.17624836074910094,
                        -1.0183986484208545,
                        -0.8054373644326716,
                        2.0774383661933826,
                        -1.7304380408381348,
                        1.1464247487124977
                    ],
                    [
                        -0.8690922536283395,
                        1.1224153627207343,
                        -0.11728619296190507,
                        -1.7304380408381348,
                        3.9749101687391497,
                        -1.7940464857990066
                    ],
                    [
                        0.17242986248518677,
                        -0.5324036572966842,
                        0.5494732848641748,
                        1.1464247487124979,
                        -1.7940464857990066,
                        31.856056698612
                    ]
                ]
            },
            "est_tgt": [
                2,
                4,
                5
            ]
        },
        "obs": {
            "intv_type": "obs",
            "true_params": {
                "Si": [
                    [
                        1.0,
                        0.0,
                        0.7286295291819851,
                        0.0,
                        -1.2917836710496404,
                        1.5310468278617622
                    ],
                    [
                        0.0,
                        1.0,
                        0.6718395590319562,
                        -0.8887913367605245,
                        1.1775909728338982,
                        -0.43037000347967
                    ],
                    [
                        0.7286295291819851,
                        0.6718395590319562,
                        1.9822693838762149,
                        -0.5971251797606136,
                        -0.6679636108603453,
                        1.8044688631610701
                    ],
                    [
                        0.0,
                        -0.8887913367605245,
                        -0.5971251797606136,
                        1.78995004030056,
                        -1.693919851084182,
                        1.5585585831516053
                    ],
                    [
                        -1.2917836710496404,
                        1.1775909728338982,
                        -0.6679636108603453,
                        -1.693919851084182,
                        4.742610189573749,
                        -4.647329102262978
                    ],
                    [
                        1.5310468278617622,
                        -0.43037000347967,
                        1.8044688631610701,
                        1.5585585831516053,
                        -4.647329102262978,
                        6.669995718282358
                    ]
                ],
                "mui": [
                    0.0,
                    0.0,
                    0.0,
                    0.0,
                    0.0,
                    0.0
                ],
                "Ai": [
                    [
                        0.0,
                        0.0,
                        0.0,
                        0.0,
                        0.0,
                        0.0
                    ],
                    [
                        0.0,
                        0.0,
                        0.0,
                        0.0,
                        0.0,
                        0.0
                    ],
                    [
                        0.7286295291819851,
                        0.6718395590319562,
                        0.0,
                        0.0,
                        0.0,
                        0.0
                    ],
                    [
                        0.0,
                        -0.8887913367605245,
                        -0.0,
                        0.0,
                        0.0,
                        0.0
                    ],
                    [
                        -0.9144380356812707,
                        0.9502227342404297,
                        -0.517884082727208,
                        -0.647287196182015,
                        0.0,
                        0.0
                    ],
                    [
                        0.0,
                        0.808248138157057,
                        0.514539603322335,
                        0.5967315741680063,
                        -0.8949935696339173,
                        0.0
                    ]
                ]
            },
            "est_params": {
                "mui": [
