{
    "expt_args": {
        "save_dir": "expt_logs_30.04.24-hard",
        "exp_name": "309",
        "num_nodes": 6,
        "obs_noise_mean": 0.0,
        "obs_noise_var": 1.0,
        "max_edge_strength": 1.0,
        "graph_sparsity_method": "adj_dense_prop",
        "adj_dense_prop": 0.8,
        "num_parents": null,
        "new_noise_mean": 1.0,
        "mix_samples": 32768,
        "stage2_samples": 32768,
        "gmm_tol": 0.001,
        "intv_type": "hard",
        "new_noise_sigma": 2.0,
        "intv_targets": [
            0,
            1,
            2,
            3,
            4,
            5
        ]
    },
    "intv_args_dict": {
        "0": {
            "intv_type": "hard",
            "inode": 0,
            "new_mui": 1.0,
            "new_sigmai": 2.0,
            "true_params": {
                "Si": [
                    [
                        2.0,
                        -1.1193022218451278,
                        2.175939004153511,
                        -0.19726502074369479,
                        2.4281929691079545,
                        -1.3174652006358414
                    ],
                    [
                        -1.1193022218451278,
                        1.62641873191372,
                        -1.8912416945702664,
                        -0.24095855629136653,
                        -1.655398139797701,
                        2.3367587188408554
                    ],
                    [
                        2.175939004153511,
                        -1.8912416945702664,
                        3.820923868836441,
                        0.5437218547004616,
                        4.123200321023495,
                        -3.77477579422355
                    ],
                    [
                        -0.19726502074369479,
                        -0.24095855629136653,
                        0.5437218547004616,
                        1.4150898313963949,
                        1.430548663714682,
                        -1.9822589978319092
                    ],
                    [
                        2.4281929691079545,
                        -1.655398139797701,
                        4.123200321023495,
                        1.430548663714682,
                        6.483759553699558,
                        -4.493211600468337
                    ],
                    [
                        -1.3174652006358414,
                        2.3367587188408554,
                        -3.77477579422355,
                        -1.9822589978319092,
                        -4.493211600468337,
                        6.81762936986111
                    ]
                ],
                "mui": [
                    1.0,
                    -0.5596511109225639,
                    1.0879695020767555,
                    -0.09863251037184739,
                    1.2140964845539772,
                    -0.6587326003179207
                ],
                "Ai": [
                    [
                        0.0,
                        0.0,
                        0.0,
                        0.0,
                        0.0,
                        0.0
                    ],
                    [
                        -0.5596511109225639,
                        0.0,
                        0.0,
                        0.0,
                        0.0,
                        0.0
                    ],
                    [
                        0.7110584625391558,
                        -0.6734750135960166,
                        0.0,
                        0.0,
                        0.0,
                        0.0
                    ],
                    [
                        -0.6662362634198221,
                        -0.0,
                        0.5217092500888234,
                        0.0,
                        0.0,
                        0.0
                    ],
                    [
                        0.7345276253493698,
                        0.5667652278562163,
                        0.8136730538063275,
                        0.8971871268682858,
                        0.0,
                        0.0
                    ],
                    [
                        0.5419433070094899,
                        0.7480089200498465,
                        -0.7995633786883427,
                        -0.8906666414313673,
                        0.0,
                        0.0
                    ]
                ]
            },
            "est_params": {
                "mui": [
                    1.19608098000462,
                    -0.6127115960515839,
                    3.00179430723867,
                    0.8133032113530898,
                    3.74115470910614,
                    -2.9600962200760534
                ],
                "Si": [
                    [
                        3.5916337440441097,
                        -2.2019731876273645,
                        1.3937573923632638,
                        -1.7060637802499359,
                        0.9745256333584714,
                        0.6809169269606853
                    ],
                    [
                        -2.201973187627364,
                        2.3134431583401045,
                        -1.1642015241934756,
                        0.8557549392534697,
                        -0.4903300903879042,
                        0.7254237789804386
                    ],
                    [
                        1.3937573923632636,
                        -1.1642015241934756,
                        2.3255789104304063,
                        0.19074593950784596,
                        2.384235639710052,
                        -2.0603555183401476
                    ],
                    [
                        -1.7060637802499359,
                        0.8557549392534697,
                        0.19074593950784602,
                        2.1636311000283994,
                        1.313587371539884,
                        -2.328268388832901
                    ],
                    [
                        0.9745256333584714,
                        -0.4903300903879042,
                        2.384235639710052,
                        1.313587371539884,
                        4.444901481239801,
                        -2.8275549781832767
                    ],
                    [
                        0.6809169269606856,
                        0.7254237789804389,
                        -2.0603555183401476,
                        -2.328268388832901,
                        -2.8275549781832767,
                        5.577687675663545
                    ]
                ]
            },
            "est_tgt": [
                0,
                1,
                2,
                3,
                5
            ]
        },
        "1": {
            "intv_type": "hard",
            "inode": 1,
            "new_mui": 1.0,
            "new_sigmai": 2.0,
            "true_params": {
                "Si": [
                    [
                        1.0,
                        0.0,
                        0.7110584625391558,
                        -0.2952704861592074,
                        1.0481838568722557,
                        0.2363945724779724
                    ],
                    [
                        0.0,
                        2.0,
                        -1.3469500271920332,
                        -0.7027162885934759,
                        -0.5929144942041507,
                        3.1988757114063766
                    ],
                    [
                        0.7110584625391558,
                        -1.3469500271920332,
                        2.4127413250248573,
                        0.7850165341819018,
                        2.4263769757254914,
                        -3.250504906241221
                    ],
                    [
                        -0.2952704861592074,
                        -0.7027162885934759,
                        0.7850165341819018,
                        1.6062702927522319,
                        1.4647123431272697,
                        -2.7439797551369667
                    ],
                    [
                        1.0481838568722557,
                        -0.5929144942041507,
                        2.4263769757254914,
                        1.4647123431272697,
                        4.722275303253845,
                        -3.1200617007431464
                    ],
                    [
                        0.2363945724779724,
                        3.1988757114063766,
                        -3.250504906241221,
                        -2.7439797551369667,
                        -3.1200617007431464,
                        8.563855940571347
                    ]
                ],
                "mui": [
                    0.0,
                    1.0,
                    -0.6734750135960166,
                    -0.35135814429673795,
                    -0.2964572471020753,
                    1.5994378557031883
                ],
                "Ai": [
                    [
                        0.0,
                        0.0,
                        0.0,
                        0.0,
                        0.0,
                        0.0
                    ],
                    [
                        0.0,
                        0.0,
                        0.0,
                        0.0,
                        0.0,
                        0.0
                    ],
                    [
                        0.7110584625391558,
                        -0.6734750135960166,
                        0.0,
                        0.0,
                        0.0,
                        0.0
                    ],
                    [
                        -0.6662362634198221,
                        -0.0,
                        0.5217092500888234,
                        0.0,
                        0.0,
                        0.0
                    ],
                    [
                        0.7345276253493698,
                        0.5667652278562163,
                        0.8136730538063275,
                        0.8971871268682858,
                        0.0,
                        0.0
                    ],
                    [
                        0.5419433070094899,
                        0.7480089200498465,
                        -0.7995633786883427,
                        -0.8906666414313673,
                        0.0,
                        0.0
                    ]
                ]
            },
            "est_params": {
                "mui": [
                    -0.07131927721686489,
                    1.1484276491167267,
                    -1.474987073028694,
                    -0.832894322559285,
                    -1.4337249696694323,
                    2.8131701566126734
                ],
                "Si": [
                    [
                        1.4786295621948349,
                        -0.2919664544143673,
                        0.9097749755584188,
                        -0.45636849760518583,
                        1.242183614064818,
                        0.21924455764038345
                    ],
                    [
                        -0.29196645441436725,
                        3.624094760399184,
                        -1.6360370493676502,
                        -0.5474695293776011,
                        0.0763936208584947,
                        4.2391628103587085
                    ],
                    [
                        0.9097749755584188,
                        -1.6360370493676502,
                        2.653621048723911,
                        0.6637243923242526,
                        2.4611755601838716,
                        -3.4304515025941686
                    ],
                    [
                        -0.45636849760518583,
                        -0.5474695293776011,
                        0.6637243923242525,
                        1.599774581795001,
                        1.3174104678140002,
                        -2.6037343490925227
                    ],
                    [
                        1.242183614064818,
                        0.0763936208584946,
                        2.4611755601838716,
                        1.3174104678140002,
                        5.111358203358245,
                        -2.5337599430369973
                    ],
                    [
                        0.2192445576403834,
                        4.2391628103587085,
                        -3.4304515025941686,
                        -2.6037343490925227,
                        -2.5337599430369973,
                        9.107265909497903
                    ]
                ]
            },
            "est_tgt": [
                0,
                1,
                2,
                3,
                5
            ]
        },
        "2": {
            "intv_type": "hard",
            "inode": 2,
            "new_mui": 1.0,
            "new_sigmai": 2.0,
            "true_params": {
                "Si": [
                    [
                        1.0,
                        -0.5596511109225639,
                        0.0,
                        -0.6662362634198221,
                        -0.18040176304573438,
                        0.7167136990635227
                    ],
                    [
                        -0.5596511109225639,
                        1.31320936595686,
                        0.0,
                        0.3728598649598014,
                        0.6677272749571507,
                        0.3468993021555259
                    ],
                    [
                        0.0,
                        0.0,
                        2.0,
                        1.0434185001776468,
                        2.563487753908254,
                        -2.5284648085372647
                    ],
                    [
                        -0.6662362634198221,
                        0.3728598649598014,
                        1.0434185001776468,
                        1.9882318419520915,
                        2.3547725970975817,
                        -2.687290777375204
                    ],
                    [
                        -0.18040176304573438,
                        0.6677272749571507,
                        2.563487753908254,
                        2.3547725970975817,
                        5.4444470924538795,
                        -3.745289900359418
                    ],
                    [
                        0.7167136990635227,
                        0.3468993021555259,
                        -2.5284648085372647,
                        -2.687290777375204,
                        -3.745289900359418,
                        6.063050081063781
                    ]
                ],
                "mui": [
                    0.0,
                    0.0,
                    1.0,
                    0.5217092500888234,
                    1.281743876954127,
                    -1.2642324042686324
                ],
                "Ai": [
                    [
                        0.0,
                        0.0,
                        0.0,
                        0.0,
                        0.0,
                        0.0
                    ],
                    [
                        -0.5596511109225639,
                        0.0,
                        0.0,
                        0.0,
                        0.0,
                        0.0
                    ],
                    [
                        0.0,
                        0.0,
                        0.0,
                        0.0,
                        0.0,
                        0.0
                    ],
                    [
                        -0.6662362634198221,
                        -0.0,
                        0.5217092500888234,
                        0.0,
                        0.0,
                        0.0
                    ],
                    [
                        0.7345276253493698,
                        0.5667652278562163,
                        0.8136730538063275,
                        0.8971871268682858,
                        0.0,
                        0.0
                    ],
                    [
                        0.5419433070094899,
                        0.7480089200498465,
                        -0.7995633786883427,
                        -0.8906666414313673,
                        0.0,
                        0.0
                    ]
                ]
            },
            "est_params": {
                "mui": [
                    0.45462812758140925,
                    -0.48500540210510423,
                    1.1664148764118374,
                    0.5072478478643659,
                    1.5641463778233275,
                    0.6760291719126141
                ],
                "Si": [
                    [
                        0.8900515335963906,
                        -0.3290506575290769,
                        0.6324212425347622,
                        -0.2890870474262992,
                        0.7008928197410605,
                        -0.030906808824663054
                    ],
                    [
                        -0.32905065752907686,
                        1.1101051552325207,
                        -0.7128049534389822,
                        -0.11047410104689162,
                        -0.21325463162268907,
                        -0.02167349253118408
                    ],
                    [
                        0.6324212425347622,
                        -0.7128049534389822,
                        1.4328700667187093,
                        0.20572102768343178,
                        1.3249154051734242,
                        -0.1478415518593199
                    ],
                    [
                        -0.2890870474262992,
                        -0.11047410104689162,
                        0.20572102768343178,
                        1.1270095280510677,
                        0.8939875174226655,
                        0.020518292084701992
                    ],
                    [
                        0.7008928197410604,
                        -0.21325463162268907,
                        1.3249154051734242,
                        0.8939875174226656,
                        3.144580375072714,
                        -0.19914050402883499
                    ],
                    [
                        -0.030906808824663064,
                        -0.021673492531184054,
                        -0.14784155185931994,
                        0.020518292084702003,
                        -0.19914050402883496,
                        4.780083295415999
                    ]
                ]
            },
            "est_tgt": [
                0,
                1,
                2,
                3,
                4,
                5
            ]
        },
        "3": {
            "intv_type": "hard",
            "inode": 3,
            "new_mui": 1.0,
            "new_sigmai": 2.0,
            "true_params": {
                "Si": [
                    [
                        1.0,
                        -0.5596511109225639,
                        1.0879695020767555,
                        0.0,
                        1.3025883031503014,
                        -0.7465812870667585
                    ],
                    [
                        -0.5596511109225639,
                        1.31320936595686,
                        -1.2823583540831414,
                        0.0,
                        -0.7102182340515161,
                        1.704319924083764
                    ],
                    [
                        1.0879695020767555,
                        -1.2823583540831414,
                        2.637246231387298,
                        0.0,
                        2.2182037247998525,
                        -2.4782432048748113
                    ],
                    [
                        0.0,
                        0.0,
                        0.0,
                        2.0,
                        1.7943742537365717,
                        -1.7813332828627346
                    ],
                    [
                        1.3025883031503014,
                        -0.7102182340515161,
                        2.2182037247998525,
                        1.7943742537365717,
                        4.9690421738298145,
                        -3.1971043164379345
                    ],
                    [
                        -0.7465812870667585,
                        1.704319924083764,
                        -2.4782432048748113,
                        -1.7813332828627346,
                        -3.1971043164379345,
                        5.438328416587367
                    ]
                ],
                "mui": [
                    0.0,
                    0.0,
                    0.0,
                    1.0,
                    0.8971871268682858,
                    -0.8906666414313673
                ],
                "Ai": [
                    [
                        0.0,
                        0.0,
                        0.0,
                        0.0,
                        0.0,
                        0.0
                    ],
                    [
                        -0.5596511109225639,
                        0.0,
                        0.0,
                        0.0,
                        0.0,
                        0.0
                    ],
                    [
                        0.7110584625391558,
                        -0.6734750135960166,
                        0.0,
                        0.0,
                        0.0,
                        0.0
                    ],
                    [
                        0.0,
                        0.0,
                        0.0,
                        0.0,
                        0.0,
                        0.0
                    ],
                    [
                        0.7345276253493698,
                        0.5667652278562163,
                        0.8136730538063275,
                        0.8971871268682858,
                        0.0,
                        0.0
                    ],
                    [
                        0.5419433070094899,
                        0.7480089200498465,
                        -0.7995633786883427,
                        -0.8906666414313673,
                        0.0,
                        0.0
                    ]
                ]
            },
            "est_params": {
                "mui": [
                    0.07068538132170053,
                    -0.26763075062121594,
                    0.44165863331259186,
                    1.2049394659161063,
                    1.3895672557923682,
                    -1.6167533762383912
                ],
                "Si": [
                    [
                        0.9749333828853558,
                        -0.4839411199195972,
                        0.9142867285532874,
                        -0.11905534909291242,
                        1.112626026653148,
                        -0.4802477375268222
                    ],
                    [
                        -0.4839411199195972,
                        1.600709745135451,
                        -1.4553303756208993,
                        0.10619546634024551,
                        -0.577816228417779,
                        2.0821460153325995
                    ],
                    [
                        0.9142867285532872,
                        -1.4553303756208993,
                        2.604774417042984,
                        -0.24652576975466706,
                        1.8042695790805863,
                        -2.542475010656484
                    ],
                    [
                        -0.11905534909291242,
                        0.10619546634024551,
                        -0.24652576975466706,
                        3.227414359925554,
                        2.6443309193398323,
                        -2.67369835019637
                    ],
                    [
                        1.112626026653148,
                        -0.577816228417779,
                        1.8042695790805863,
                        2.6443309193398323,
                        5.301622090555255,
                        -3.7217839403470956
                    ],
                    [
                        -0.4802477375268222,
                        2.0821460153325995,
                        -2.5424750106564837,
                        -2.67369835019637,
                        -3.7217839403470956,
                        6.857736144903798
                    ]
                ]
            },
            "est_tgt": [
                0,
                1,
                2,
                3
            ]
        },
        "4": {
            "intv_type": "hard",
            "inode": 4,
            "new_mui": 1.0,
            "new_sigmai": 2.0,
            "true_params": {
                "Si": [
                    [
                        1.0,
                        -0.5596511109225639,
                        1.0879695020767555,
                        -0.09863251037184739,
                        0.0,
                        -0.6587326003179207
                    ],
                    [
                        -0.5596511109225639,
                        1.31320936595686,
                        -1.2823583540831414,
                        -0.29615835029405224,
                        0.0,
                        1.9680982872720219
                    ],
                    [
                        1.0879695020767555,
                        -1.2823583540831414,
                        2.637246231387298,
                        0.651031017898301,
                        0.0,
                        -3.058094815053935
                    ],
                    [
                        -0.09863251037184739,
                        -0.29615835029405224,
                        0.651031017898301,
                        1.4053614592941424,
                        0.0,
                        -2.04723144786504
                    ],
                    [
                        0.0,
                        0.0,
                        0.0,
                        0.0,
                        2.0,
                        0.0
                    ],
                    [
                        -0.6587326003179207,
                        1.9680982872720219,
                        -3.058094815053935,
                        -2.04723144786504,
                        0.0,
                        6.383700731139501
                    ]
                ],
                "mui": [
                    0.0,
                    0.0,
                    0.0,
                    0.0,
                    1.0,
                    0.0
                ],
                "Ai": [
                    [
                        0.0,
                        0.0,
                        0.0,
                        0.0,
                        0.0,
                        0.0
                    ],
                    [
                        -0.5596511109225639,
                        0.0,
                        0.0,
                        0.0,
                        0.0,
                        0.0
                    ],
                    [
                        0.7110584625391558,
                        -0.6734750135960166,
                        0.0,
                        0.0,
                        0.0,
                        0.0
                    ],
                    [
                        -0.6662362634198221,
                        -0.0,
                        0.5217092500888234,
                        0.0,
                        0.0,
                        0.0
                    ],
                    [
                        0.0,
                        0.0,
                        0.0,
                        0.0,
                        0.0,
                        0.0
                    ],
                    [
                        0.5419433070094899,
                        0.7480089200498465,
                        -0.7995633786883427,
                        -0.8906666414313673,
                        0.0,
                        0.0
                    ]
                ]
            },
            "est_params": {
                "mui": [
                    0.015270762702433802,
                    -0.007620926199420364,
                    0.024433353968892686,
                    -0.019964531741737006,
                    1.0878515242463433,
                    -0.016235037917655754
                ],
                "Si": [
                    [
                        1.0184718926354588,
                        -0.6100351339158324,
                        1.1896371359167177,
                        -0.05731443764121573,
                        -0.034191570588745515,
                        -0.8464324681009557
                    ],
                    [
                        -0.6100351339158323,
                        1.3781855989413194,
                        -1.4574664199965497,
                        -0.3427051615750308,
                        -0.06881358943454789,
                        2.171656365552307
                    ],
                    [
                        1.1896371359167177,
                        -1.4574664199965497,
                        3.0446840465571854,
                        0.7878653010933583,
                        -0.001823433693668182,
                        -3.608153890307991
                    ],
                    [
                        -0.05731443764121576,
                        -0.3427051615750308,
                        0.7878653010933583,
                        1.4683445304778333,
                        0.05465478019321144,
                        -2.209193491294327
                    ],
                    [
                        -0.03419157058874552,
                        -0.06881358943454793,
                        -0.001823433693668123,
                        0.054654780193211426,
                        4.275248893046265,
                        -0.12976373978650188
                    ],
                    [
                        -0.8464324681009556,
                        2.171656365552307,
                        -3.6081538903079906,
                        -2.209193491294327,
                        -0.12976373978650205,
                        7.05964659226115
                    ]
                ]
            },
            "est_tgt": [
                4
            ]
        },
        "5": {
            "intv_type": "hard",
            "inode": 5,
            "new_mui": 1.0,
            "new_sigmai": 2.0,
            "true_params": {
                "Si": [
                    [
                        1.0,
                        -0.5596511109225639,
                        1.0879695020767555,
                        -0.09863251037184739,
                        1.2140964845539772,
                        0.0
                    ],
                    [
                        -0.5596511109225639,
                        1.31320936595686,
                        -1.2823583540831414,
                        -0.29615835029405224,
                        -0.9759276934498882,
                        0.0
                    ],
                    [
                        1.0879695020767555,
                        -1.2823583540831414,
                        2.637246231387298,
                        0.651031017898301,
                        2.802300373250165,
                        0.0
                    ],
                    [
                        -0.09863251037184739,
                        -0.29615835029405224,
                        0.651031017898301,
                        1.4053614592941424,
                        1.5502980478198756,
                        0.0
                    ],
                    [
                        1.2140964845539772,
                        -0.9759276934498882,
                        2.802300373250165,
                        1.5502980478198756,
                        5.009729279893232,
                        0.0
                    ],
                    [
                        0.0,
                        0.0,
                        0.0,
                        0.0,
                        0.0,
                        2.0
                    ]
                ],
                "mui": [
                    0.0,
                    0.0,
                    0.0,
                    0.0,
                    0.0,
                    1.0
                ],
                "Ai": [
                    [
                        0.0,
                        0.0,
                        0.0,
                        0.0,
                        0.0,
                        0.0
                    ],
                    [
                        -0.5596511109225639,
                        0.0,
                        0.0,
                        0.0,
                        0.0,
                        0.0
                    ],
                    [
                        0.7110584625391558,
                        -0.6734750135960166,
                        0.0,
                        0.0,
                        0.0,
                        0.0
                    ],
                    [
                        -0.6662362634198221,
                        -0.0,
                        0.5217092500888234,
                        0.0,
                        0.0,
                        0.0
                    ],
                    [
                        0.7345276253493698,
                        0.5667652278562163,
                        0.8136730538063275,
                        0.8971871268682858,
                        0.0,
                        0.0
                    ],
                    [
                        0.0,
                        0.0,
                        0.0,
                        0.0,
                        0.0,
                        0.0
                    ]
                ]
            },
            "est_params": {
                "mui": [
                    -0.3983826288802076,
                    0.4421051663245365,
                    -1.0487301541069183,
                    -0.4823231817636372,
                    -1.4585676585560725,
                    1.302805105915563
                ],
                "Si": [
                    [
                        1.1044380198845951,
                        -0.5565146555710424,
                        0.9792162878687045,
                        -0.33199301817159593,
                        0.9491734074358442,
                        -0.05786087263976468
                    ],
                    [
                        -0.5565146555710423,
                        1.120223224333005,
                        -0.9238208788004124,
                        0.0461258405660316,
                        -0.45038390226460173,
                        0.36819103767384925
                    ],
                    [
                        0.9792162878687045,
                        -0.9238208788004124,
                        1.8719428114584,
                        0.06292447673125227,
                        1.7068959074889807,
                        -0.4553913046926536
                    ],
                    [
                        -0.33199301817159593,
                        0.046125840566031605,
                        0.06292447673125226,
                        1.4374453745676572,
                        1.0560492066149836,
                        -0.519921130671538
                    ],
                    [
                        0.9491734074358442,
                        -0.45038390226460173,
                        1.7068959074889807,
                        1.0560492066149838,
                        3.5674372183971417,
                        -0.5594543812778912
                    ],
                    [
                        -0.05786087263976467,
                        0.3681910376738493,
                        -0.45539130469265343,
                        -0.5199211306715379,
                        -0.5594543812778912,
                        3.6722626593059062
                    ]
                ]
            },
            "est_tgt": [
                0,
                1,
                2,
                3,
                4,
                5
            ]
        },
        "obs": {
            "intv_type": "obs",
            "true_params": {
                "Si": [
                    [
                        1.0,
                        -0.5596511109225639,
                        1.0879695020767555,
                        -0.09863251037184739,
                        1.2140964845539772,
                        -0.6587326003179207
                    ],
                    [
                        -0.5596511109225639,
                        1.31320936595686,
                        -1.2823583540831414,
                        -0.29615835029405224,
                        -0.9759276934498882,
                        1.9680982872720219
                    ],
                    [
                        1.0879695020767555,
                        -1.2823583540831414,
                        2.637246231387298,
                        0.651031017898301,
                        2.802300373250165,
                        -3.058094815053935
                    ],
                    [
                        -0.09863251037184739,
                        -0.29615835029405224,
                        0.651031017898301,
                        1.4053614592941424,
                        1.5502980478198756,
                        -2.04723144786504
                    ],
                    [
                        1.2140964845539772,
                        -0.9759276934498882,
                        2.802300373250165,
                        1.5502980478198756,
                        5.009729279893232,
                        -3.6934466661612495
                    ],
                    [
                        -0.6587326003179207,
                        1.9680982872720219,
                        -3.058094815053935,
                        -2.04723144786504,
                        -3.6934466661612495,
                        6.383700731139501
                    ]
                ],
                "mui": [
                    0.0,
                    0.0,
                    0.0,
                    0.0,
                    0.0,
                    0.0
                ],
                "Ai": [
                    [
                        0.0,
                        0.0,
                        0.0,
                        0.0,
                        0.0,
                        0.0
                    ],
                    [
                        -0.5596511109225639,
                        0.0,
                        0.0,
                        0.0,
                        0.0,
                        0.0
                    ],
                    [
                        0.7110584625391558,
                        -0.6734750135960166,
                        0.0,
                        0.0,
                        0.0,
