{
    "expt_args": {
        "save_dir": "expt_logs_30.04.24-hard",
        "exp_name": "260",
        "num_nodes": 6,
        "obs_noise_mean": 0.0,
        "obs_noise_var": 1.0,
        "max_edge_strength": 1.0,
        "graph_sparsity_method": "adj_dense_prop",
        "adj_dense_prop": 0.8,
        "num_parents": null,
        "new_noise_mean": 0.0,
        "mix_samples": 16384,
        "stage2_samples": 16384,
        "gmm_tol": 0.001,
        "intv_type": "hard",
        "new_noise_sigma": 0.1,
        "intv_targets": [
            0,
            1,
            2,
            3,
            4,
            5
        ]
    },
    "intv_args_dict": {
        "0": {
            "intv_type": "hard",
            "inode": 0,
            "new_mui": 0.0,
            "new_sigmai": 0.1,
            "true_params": {
                "Si": [
                    [
                        0.1,
                        -0.07136168810657,
                        0.039162054097036596,
                        0.0061607929947967216,
                        -0.04103439483219484,
                        -0.020378781048177832
                    ],
                    [
                        -0.07136168810657,
                        1.0509249052941938,
                        0.47780497084706336,
                        0.20910140217694856,
                        -0.7382670508679763,
                        -1.9623537097391144
                    ],
                    [
                        0.039162054097036596,
                        0.47780497084706336,
                        1.2711214203098116,
                        -0.7336832485157884,
                        0.40397978470884083,
                        -1.205547197327005
                    ],
                    [
                        0.0061607929947967216,
                        0.20910140217694856,
                        -0.7336832485157884,
                        1.7584198366243182,
                        -1.8061580742067118,
                        -1.1524602572759104
                    ],
                    [
                        -0.04103439483219484,
                        -0.7382670508679763,
                        0.40397978470884083,
                        -1.8061580742067118,
                        3.176117959821493,
                        3.1596982508915805
                    ],
                    [
                        -0.020378781048177832,
                        -1.9623537097391142,
                        -1.205547197327005,
                        -1.1524602572759104,
                        3.1596982508915805,
                        6.629979272041489
                    ]
                ],
                "mui": [
                    0.0,
                    0.0,
                    0.0,
                    0.0,
                    0.0,
                    0.0
                ],
                "Ai": [
                    [
                        0.0,
                        0.0,
                        0.0,
                        0.0,
                        0.0,
                        0.0
                    ],
                    [
                        -0.7136168810657,
                        0.0,
                        0.0,
                        0.0,
                        0.0,
                        0.0
                    ],
                    [
                        0.7525334729841118,
                        0.5057516737479169,
                        0.0,
                        0.0,
                        0.0,
                        0.0
                    ],
                    [
                        0.8491566608184241,
                        0.6403890974278921,
                        -0.844072835598527,
                        0.0,
                        0.0,
                        0.0
                    ],
                    [
                        -0.753200322394852,
                        -0.5631156826521782,
                        0.0,
                        -0.9575469117425317,
                        0.0,
                        0.0
                    ],
                    [
                        -0.0,
                        -0.7761075449378769,
                        -0.9540836626884857,
                        -0.0,
                        0.9357820373107519,
                        0.0
                    ]
                ]
            },
            "est_params": {
                "mui": [
                    0.12422904423101129,
                    0.18026163762350375,
                    -0.07285261706375666,
                    0.74141010738705,
                    -1.1118215087346035,
                    -1.1918431126983884
                ],
                "Si": [
                    [
                        0.6931743229382852,
                        -0.3760057260000636,
                        0.23820433199415733,
                        0.08662477438869211,
                        -0.3634532873758771,
                        -0.30777776565782106
                    ],
                    [
                        -0.3760057260000636,
                        1.0082345637506815,
                        0.2300702560088025,
                        0.08737821522532274,
                        -0.32698174864146756,
                        -1.240980002569132
                    ],
                    [
                        0.23820433199415728,
                        0.2300702560088025,
                        0.9873929275768358,
                        -0.48808689766955915,
                        0.14917688792398803,
                        -0.9860518297739925
                    ],
                    [
                        0.08662477438869211,
                        0.08737821522532276,
                        -0.48808689766955915,
                        1.2867384762797789,
                        -1.2203841051231912,
                        -0.6673027273837614
                    ],
                    [
                        -0.3634532873758772,
                        -0.3269817486414677,
                        0.14917688792398806,
                        -1.2203841051231912,
                        2.434156419325186,
                        2.2917056636098074
                    ],
                    [
                        -0.307777765657821,
                        -1.240980002569132,
                        -0.9860518297739925,
                        -0.6673027273837614,
                        2.2917056636098074,
                        4.865543184765653
                    ]
                ]
            },
            "est_tgt": [
                0,
                1,
                2,
                3,
                4
            ]
        },
        "1": {
            "intv_type": "hard",
            "inode": 1,
            "new_mui": 0.0,
            "new_sigmai": 0.1,
            "true_params": {
                "Si": [
                    [
                        1.0,
                        0.0,
                        0.7525334729841118,
                        0.21396359839391743,
                        -0.958080505262267,
                        -1.6145344193224067
                    ],
                    [
                        0.0,
                        0.1,
                        0.05057516737479169,
                        0.02134978480587868,
                        -0.07675498877245457,
                        -0.19768963519106358
                    ],
                    [
                        0.7525334729841118,
                        0.05057516737479169,
                        1.5918851035114108,
                        -0.6722603764072436,
                        0.04843272294957335,
                        -1.512720866969219
                    ],
                    [
                        0.21396359839391743,
                        0.02134978480587868,
                        -0.6722603764072436,
                        1.762797506345585,
                        -1.8611411581651516,
                        -1.1167995515783573
                    ],
                    [
                        -0.958080505262267,
                        -0.07675498877245457,
                        0.04843272294957335,
                        -1.8611411581651516,
                        3.546978451661283,
                        3.33255997798515
                    ],
                    [
                        -1.6145344193224067,
                        -0.19768963519106358,
                        -1.512720866969219,
                        -1.1167995515783573,
                        3.33255997798515,
                        5.715240448470313
                    ]
                ],
                "mui": [
                    0.0,
                    0.0,
                    0.0,
                    0.0,
                    0.0,
                    0.0
                ],
                "Ai": [
                    [
                        0.0,
                        0.0,
                        0.0,
                        0.0,
                        0.0,
                        0.0
                    ],
                    [
                        0.0,
                        0.0,
                        0.0,
                        0.0,
                        0.0,
                        0.0
                    ],
                    [
                        0.7525334729841118,
                        0.5057516737479169,
                        0.0,
                        0.0,
                        0.0,
                        0.0
                    ],
                    [
                        0.8491566608184241,
                        0.6403890974278921,
                        -0.844072835598527,
                        0.0,
                        0.0,
                        0.0
                    ],
                    [
                        -0.753200322394852,
                        -0.5631156826521782,
                        0.0,
                        -0.9575469117425317,
                        0.0,
                        0.0
                    ],
                    [
                        -0.0,
                        -0.7761075449378769,
                        -0.9540836626884857,
                        -0.0,
                        0.9357820373107519,
                        0.0
                    ]
                ]
            },
            "est_params": {
                "mui": [
                    -0.055300800336080806,
                    -0.23803661987581726,
                    -0.2663709333715367,
                    0.09469516311011728,
                    0.0348534927922456,
                    0.8285223454824713
                ],
                "Si": [
                    [
                        0.9501341053453668,
                        -0.5364059132393411,
                        0.361693580543251,
                        -0.10227919260681222,
                        -0.03562607693000485,
                        0.002933221952086544
                    ],
                    [
                        -0.5364059132393412,
                        1.0316191349075183,
                        0.05177624594872742,
                        0.15784814936081618,
                        0.00671856501291572,
                        -0.7350562639546957
                    ],
                    [
                        0.361693580543251,
                        0.05177624594872743,
                        0.920008143478365,
                        -0.4795369646338999,
                        -0.0073267863486600636,
                        -0.8752467218473989
                    ],
                    [
                        -0.10227919260681223,
                        0.15784814936081618,
                        -0.4795369646338998,
                        1.1095136640600478,
                        -0.03734565924399302,
                        0.3392210575681988
                    ],
                    [
                        -0.035626076930004844,
                        0.006718565012915718,
                        -0.007326786348660065,
                        -0.03734565924399302,
                        0.07244783497494799,
                        0.039678558891817615
                    ],
                    [
                        0.002933221952086545,
                        -0.7350562639546957,
                        -0.8752467218473989,
                        0.3392210575681988,
                        0.039678558891817615,
                        2.303769120847711
                    ]
                ]
            },
            "est_tgt": [
                1,
                2,
                3,
                4,
                5
            ]
        },
        "2": {
            "intv_type": "hard",
            "inode": 2,
            "new_mui": 0.0,
            "new_sigmai": 0.1,
            "true_params": {
                "Si": [
                    [
                        1.0,
                        -0.7136168810657,
                        0.0,
                        0.3921641904434531,
                        -0.7268670747165606,
                        -0.1263457064422443
                    ],
                    [
                        -0.7136168810657,
                        1.5092490529419373,
                        0.0,
                        0.3605341109779799,
                        -0.6576136703992624,
                        -1.7867226374282061
                    ],
                    [
                        0.0,
                        0.0,
                        0.1,
                        -0.0844072835598527,
                        0.08082393370131313,
                        -0.019774780926364633
                    ],
                    [
                        0.3921641904434531,
                        0.3605341109779799,
                        -0.0844072835598527,
                        1.635136843550213,
                        -2.0641208415144243,
                        -2.1308488398090617
                    ],
                    [
                        -0.7268670747165606,
                        -0.6576136703992624,
                        0.08082393370131313,
                        -2.0641208415144243,
                        3.894281623198534,
                        4.0774649277710635
                    ],
                    [
                        -0.1263457064422443,
                        -1.7867226374282061,
                        -0.019774780926364633,
                        -2.1308488398090617,
                        4.0774649277710635,
                        6.2211741522071655
                    ]
                ],
                "mui": [
                    0.0,
                    0.0,
                    0.0,
                    0.0,
                    0.0,
                    0.0
                ],
                "Ai": [
                    [
                        0.0,
                        0.0,
                        0.0,
                        0.0,
                        0.0,
                        0.0
                    ],
                    [
                        -0.7136168810657,
                        0.0,
                        0.0,
                        0.0,
                        0.0,
                        0.0
                    ],
                    [
                        0.0,
                        0.0,
                        0.0,
                        0.0,
                        0.0,
                        0.0
                    ],
                    [
                        0.8491566608184241,
                        0.6403890974278921,
                        -0.844072835598527,
                        0.0,
                        0.0,
                        0.0
                    ],
                    [
                        -0.753200322394852,
                        -0.5631156826521782,
                        0.0,
                        -0.9575469117425317,
                        0.0,
                        0.0
                    ],
                    [
                        -0.0,
                        -0.7761075449378769,
                        -0.9540836626884857,
                        -0.0,
                        0.9357820373107519,
                        0.0
                    ]
                ]
            },
            "est_params": {
                "mui": [
                    -0.016706938923745692,
                    -0.08561648096801588,
                    0.15968166603325878,
                    -0.2750486178136889,
                    0.3984529465537109,
                    -0.0024336637662859
                ],
                "Si": [
                    [
                        0.9737285941611522,
                        -0.7432618505718672,
                        0.3382023607051669,
                        0.07615954397394435,
                        -0.46627662284140853,
                        0.0008811167644491194
                    ],
                    [
                        -0.7432618505718672,
                        1.5940260647042128,
                        0.2808714228349005,
                        0.12179304775930493,
                        -0.39241600424425077,
                        -0.004746103780177076
                    ],
                    [
                        0.3382023607051669,
                        0.2808714228349005,
                        1.2307972809284429,
                        -0.46631561417793266,
                        -0.06463182370296786,
                        0.003608785748094637
                    ],
                    [
                        0.07615954397394434,
                        0.12179304775930497,
                        -0.4663156141779327,
                        1.5202867394322597,
                        -1.5695031486304007,
                        -0.0011395194697996446
                    ],
                    [
                        -0.4662766228414085,
                        -0.3924160042442507,
                        -0.06463182370296786,
                        -1.5695031486304007,
                        3.0231736635207413,
                        0.003169434862986761
                    ],
                    [
                        0.0008811167644491198,
                        -0.004746103780177076,
                        0.003608785748094637,
                        -0.0011395194697996446,
                        0.003169434862986762,
                        0.008967744847839828
                    ]
                ]
            },
            "est_tgt": [
                1,
                2,
                4,
                5
            ]
        },
        "3": {
            "intv_type": "hard",
            "inode": 3,
            "new_mui": 0.0,
            "new_sigmai": 0.1,
            "true_params": {
                "Si": [
                    [
                        1.0,
                        -0.7136168810657,
                        0.3916205409703659,
                        0.0,
                        -0.35135146526142214,
                        -0.148583704497379
                    ],
                    [
                        -0.7136168810657,
                        1.5092490529419373,
                        0.22628464473938215,
                        0.0,
                        -0.31238534585445843,
                        -1.6795586552114043
                    ],
                    [
                        0.3916205409703659,
                        0.22628464473938215,
                        1.4091514036087414,
                        0.0,
                        -0.4223931499114488,
                        -1.9153374748937115
                    ],
                    [
                        0.0,
                        0.0,
                        0.0,
                        0.1,
                        -0.09575469117425317,
                        -0.08960551998910452
                    ],
                    [
                        -0.35135146526142214,
                        -0.31238534585445843,
                        -0.4223931499114488,
                        -0.09575469117425317,
                        1.532236733008943,
                        2.079282639065194
                    ],
                    [
                        -0.148583704497379,
                        -1.6795586552114043,
                        -1.9153374748937115,
                        -0.08960551998910452,
                        2.079282639065194,
                        6.076665681935697
                    ]
                ],
                "mui": [
                    0.0,
                    0.0,
                    0.0,
                    0.0,
                    0.0,
                    0.0
                ],
                "Ai": [
                    [
                        0.0,
                        0.0,
                        0.0,
                        0.0,
                        0.0,
                        0.0
                    ],
                    [
                        -0.7136168810657,
                        0.0,
                        0.0,
                        0.0,
                        0.0,
                        0.0
                    ],
                    [
                        0.7525334729841118,
                        0.5057516737479169,
                        0.0,
                        0.0,
                        0.0,
                        0.0
                    ],
                    [
                        0.0,
                        0.0,
                        0.0,
                        0.0,
                        0.0,
                        0.0
                    ],
                    [
                        -0.753200322394852,
                        -0.5631156826521782,
                        0.0,
                        -0.9575469117425317,
                        0.0,
                        0.0
                    ],
                    [
                        -0.0,
                        -0.7761075449378769,
                        -0.9540836626884857,
                        -0.0,
                        0.9357820373107519,
                        0.0
                    ]
                ]
            },
            "est_params": {
                "mui": [
                    0.012784717313779129,
                    0.0050607917779348765,
                    -0.039281464300846926,
                    0.003984798690032189,
                    -0.02524033594268564,
                    0.005745511113916753
                ],
                "Si": [
                    [
                        0.9992519570843407,
                        -0.6912950496972833,
                        0.3982092562442566,
                        -0.001175877445653158,
                        -0.36182053268756986,
                        -0.15632745766198486
                    ],
                    [
                        -0.6912950496972833,
                        1.414085180208365,
                        0.22452828181165616,
                        0.007559703132367301,
                        -0.29733721485039416,
                        -1.5149811895690326
                    ],
                    [
                        0.3982092562442566,
                        0.22452828181165613,
                        1.3819888029825735,
                        -0.0034919611046307893,
                        -0.4086437055822707,
                        -1.7997910712862033
                    ],
                    [
                        -0.001175877445653158,
                        0.007559703132367301,
                        -0.0034919611046307884,
                        0.015931304095554513,
                        -0.011449758898227514,
                        -0.016014364014494704
                    ],
                    [
                        -0.36182053268756986,
                        -0.29733721485039416,
                        -0.4086437055822707,
                        -0.011449758898227514,
                        1.4366281964377094,
                        1.8948099736765207
                    ],
                    [
                        -0.1563274576619848,
                        -1.5149811895690324,
                        -1.7997910712862033,
                        -0.016014364014494704,
                        1.8948099736765207,
                        5.4425346621218464
                    ]
                ]
            },
            "est_tgt": [
                3,
                4
            ]
        },
        "4": {
            "intv_type": "hard",
            "inode": 4,
            "new_mui": 0.0,
            "new_sigmai": 0.1,
            "true_params": {
                "Si": [
                    [
                        1.0,
                        -0.7136168810657,
                        0.3916205409703659,
                        0.06160792994796721,
                        0.0,
                        0.18020468547707247
                    ],
                    [
                        -0.7136168810657,
                        1.5092490529419373,
                        0.22628464473938215,
                        0.16953338924040431,
                        0.0,
                        -1.3872340598416955
                    ],
                    [
                        0.3916205409703659,
                        0.22628464473938215,
                        1.4091514036087414,
                        -0.7119690107469298,
                        0.0,
                        -1.52006955252347
                    ],
                    [
                        0.06160792994796721,
                        0.16953338924040431,
                        -0.7119690107469298,
                        1.7618358199535444,
                        0.0,
                        0.5477018589857608
                    ],
                    [
                        0.0,
                        0.0,
                        0.0,
                        0.0,
                        0.1,
                        0.0935782037310752
                    ],
                    [
                        0.18020468547707247,
                        -1.3872340598416955,
                        -1.52006955252347,
                        0.5477018589857608,
                        0.0935782037310752,
                        3.614485148786128
                    ]
                ],
                "mui": [
                    0.0,
                    0.0,
                    0.0,
                    0.0,
                    0.0,
                    0.0
                ],
                "Ai": [
                    [
                        0.0,
                        0.0,
                        0.0,
                        0.0,
                        0.0,
                        0.0
                    ],
                    [
                        -0.7136168810657,
                        0.0,
                        0.0,
                        0.0,
                        0.0,
                        0.0
                    ],
                    [
                        0.7525334729841118,
                        0.5057516737479169,
                        0.0,
                        0.0,
                        0.0,
                        0.0
                    ],
                    [
                        0.8491566608184241,
                        0.6403890974278921,
                        -0.844072835598527,
                        0.0,
                        0.0,
                        0.0
                    ],
                    [
                        0.0,
                        0.0,
                        0.0,
                        0.0,
                        0.0,
                        0.0
                    ],
                    [
                        -0.0,
                        -0.7761075449378769,
                        -0.9540836626884857,
                        -0.0,
                        0.9357820373107519,
                        0.0
                    ]
                ]
            },
            "est_params": {
                "mui": [
                    -0.04588041032801999,
                    0.045564864907746,
                    -0.02893185405177372,
                    0.023472314296135402,
                    -0.00015226786364142198,
                    -0.0876208728761306
                ],
                "Si": [
                    [
                        1.0391118174000953,
                        -0.7267520285528306,
                        0.3872491420364156,
                        0.0680263671202754,
                        0.00024376330987093097,
                        0.22291876886326456
                    ],
                    [
                        -0.7267520285528305,
                        1.5958733646407057,
                        0.2917669559482928,
                        0.20168098634040146,
                        -6.90962308819957e-05,
                        -1.5350444071652736
                    ],
                    [
                        0.3872491420364156,
                        0.2917669559482928,
                        1.4623494791535228,
                        -0.759935504466893,
                        -0.0003505736474522484,
                        -1.6035182247117492
                    ],
                    [
                        0.0680263671202754,
                        0.20168098634040146,
                        -0.759935504466893,
                        1.931530794524336,
                        0.0006460827401485056,
                        0.5970865213047469
                    ],
                    [
                        0.0002437633098709304,
                        -6.90962308819959e-05,
                        -0.0003505736474522486,
                        0.0006460827401485055,
                        0.007410322775956477,
                        0.008154929513029334
                    ],
                    [
                        0.2229187688632646,
                        -1.5350444071652736,
                        -1.6035182247117492,
                        0.5970865213047469,
                        0.008154929513029334,
                        3.7769920067071983
                    ]
                ]
            },
            "est_tgt": [
                3,
                4
            ]
        },
        "5": {
            "intv_type": "hard",
            "inode": 5,
            "new_mui": 0.0,
            "new_sigmai": 0.1,
            "true_params": {
                "Si": [
                    [
                        1.0,
                        -0.7136168810657,
                        0.3916205409703659,
                        0.06160792994796721,
                        -0.41034394832194837,
                        0.0
                    ],
                    [
                        -0.7136168810657,
                        1.5092490529419373,
                        0.22628464473938215,
                        0.16953338924040431,
                        -0.47472151915885213,
                        0.0
                    ],
                    [
                        0.3916205409703659,
                        0.22628464473938215,
                        1.4091514036087414,
                        -0.7119690107469298,
                        0.25935057758565927,
                        0.0
                    ],
                    [
                        0.06160792994796721,
                        0.16953338924040431,
                        -0.7119690107469298,
                        1.7618358199535444,
                        -1.8289104713072235,
                        0.0
                    ],
                    [
                        -0.41034394832194837,
                        -0.47472151915885213,
                        0.25935057758565927,
                        -1.8289104713072235,
                        3.3276619001534944,
                        0.0
                    ],
                    [
                        0.0,
                        0.0,
                        0.0,
                        0.0,
                        0.0,
                        0.1
                    ]
                ],
                "mui": [
                    0.0,
                    0.0,
                    0.0,
                    0.0,
                    0.0,
                    0.0
                ],
                "Ai": [
                    [
                        0.0,
                        0.0,
                        0.0,
                        0.0,
                        0.0,
                        0.0
                    ],
                    [
                        -0.7136168810657,
                        0.0,
                        0.0,
                        0.0,
                        0.0,
                        0.0
                    ],
                    [
                        0.7525334729841118,
                        0.5057516737479169,
                        0.0,
                        0.0,
                        0.0,
                        0.0
                    ],
                    [
                        0.8491566608184241,
                        0.6403890974278921,
                        -0.844072835598527,
                        0.0,
                        0.0,
                        0.0
                    ],
                    [
                        -0.753200322394852,
                        -0.5631156826521782,
                        0.0,
                        -0.9575469117425317,
                        0.0,
                        0.0
                    ],
                    [
                        0.0,
                        0.0,
                        0.0,
                        0.0,
                        0.0,
                        0.0
                    ]
                ]
            },
            "est_params": {
                "mui": [
                    0.09825518232909164,
                    0.12820150748526984,
                    -0.5124563377182405,
                    0.8223042849218138,
                    -1.2096721729062896,
                    0.0071676287850649155
                ],
                "Si": [
                    [
                        1.1047194201849893,
                        -0.6074897012413619,
                        0.5571895648752887,
                        0.0026929450400921292,
                        -0.3148138367442538,
                        -0.004366903546696518
                    ],
                    [
                        -0.607489701241362,
                        1.1922727016212211,
                        0.21666394110248055,
                        0.10311819011448627,
                        -0.42759142702041353,
                        0.016839689942985042
                    ],
                    [
                        0.5571895648752887,
                        0.21666394110248055,
                        1.3699645088794772,
                        -0.6135530811327563,
                        0.0017780036331064984,
                        0.0045987671324512125
                    ],
                    [
                        0.002692945040092141,
                        0.10311819011448627,
                        -0.6135530811327563,
                        1.3121751498483494,
                        -1.1589271578703573,
                        -0.007268243095984651
                    ],
                    [
                        -0.3148138367442538,
                        -0.4275914270204134,
                        0.001778003633106494,
                        -1.1589271578703573,
                        2.5424516215566157,
                        -0.005726378010430022
                    ],
                    [
                        -0.004366903546696519,
                        0.016839689942985042,
                        0.004598767132451213,
                        -0.00726824309598465,
                        -0.005726378010430021,
                        0.00973500113983047
                    ]
                ]
            },
            "est_tgt": [
                1,
                2,
                3,
                4,
                5
            ]
        },
        "obs": {
            "intv_type": "obs",
            "true_params": {
                "Si": [
                    [
                        1.0,
                        -0.7136168810657,
                        0.3916205409703659,
                        0.06160792994796721,
                        -0.41034394832194837,
                        -0.2037878104817783
                    ],
                    [
                        -0.7136168810657,
                        1.5092490529419373,
                        0.22628464473938215,
                        0.16953338924040431,
                        -0.47472151915885213,
                        -1.8314699301954211
                    ],
                    [
                        0.3916205409703659,
                        0.22628464473938215,
                        1.4091514036087414,
                        -0.7119690107469298,
                        0.25935057758565927,
                        -1.2773739406526414
                    ],
                    [
                        0.06160792994796721,
                        0.16953338924040431,
                        -0.7119690107469298,
                        1.7618358199535444,
                        -1.8289104713072235,
                        -1.1637597079130804
                    ],
                    [
                        -0.41034394832194837,
                        -0.47472151915885213,
                        0.25935057758565927,
                        -1.8289104713072235,
                        3.3276619001534944,
                        3.2349590361872607
                    ],
                    [
                        -0.2037878104817783,
                        -1.8314699301954211,
                        -1.2773739406526414,
                        -1.1637597079130804,
                        3.2349590361872607,
                        6.667355796572351
                    ]
                ],
                "mui": [
                    0.0,
                    0.0,
                    0.0,
                    0.0,
                    0.0,
                    0.0
                ],
                "Ai": [
                    [
                        0.0,
                        0.0,
                        0.0,
                        0.0,
                        0.0,
                        0.0
                    ],
                    [
                        -0.7136168810657,
                        0.0,
                        0.0,
                        0.0,
                        0.0,
                        0.0
                    ],
                    [
                        0.7525334729841118,
                        0.5057516737479169,
                        0.0,
                        0.0,
                        0.0,
                        0.0
                    ],
                    [
                        0.8491566608184241,
