{
    "expt_args": {
        "save_dir": "expt_logs_30.04.24-hard",
        "exp_name": "315",
        "num_nodes": 6,
        "obs_noise_mean": 0.0,
        "obs_noise_var": 1.0,
        "max_edge_strength": 1.0,
        "graph_sparsity_method": "adj_dense_prop",
        "adj_dense_prop": 0.8,
        "num_parents": null,
        "new_noise_mean": 1.0,
        "mix_samples": 8192,
        "stage2_samples": 8192,
        "gmm_tol": 0.001,
        "intv_type": "hard",
        "new_noise_sigma": 8.0,
        "intv_targets": [
            0,
            1,
            2,
            3,
            4,
            5
        ]
    },
    "intv_args_dict": {
        "0": {
            "intv_type": "hard",
            "inode": 0,
            "new_mui": 1.0,
            "new_sigmai": 8.0,
            "true_params": {
                "Si": [
                    [
                        8.0,
                        -6.996538361686964,
                        6.928351430221675,
                        2.5679884871725895,
                        4.263684688246251,
                        6.672727506938863
                    ],
                    [
                        -6.996538361686964,
                        7.118943630819664,
                        -7.049563760894543,
                        -2.6129157505780665,
                        -3.450499071169954,
                        -6.789467666731124
                    ],
                    [
                        6.928351430221675,
                        -7.049563760894543,
                        7.980860053979057,
                        2.036724796786272,
                        3.2183646918612228,
                        7.96809026992398
                    ],
                    [
                        2.5679884871725895,
                        -2.6129157505780665,
                        2.036724796786272,
                        2.262335870543029,
                        0.70318254440671,
                        0.8387085816106084
                    ],
                    [
                        4.263684688246251,
                        -3.450499071169954,
                        3.2183646918612228,
                        0.70318254440671,
                        3.8416682641666746,
                        3.694607083419388
                    ],
                    [
                        6.672727506938863,
                        -6.789467666731124,
                        7.96809026992398,
                        0.8387085816106084,
                        3.694607083419388,
                        9.961263587945767
                    ]
                ],
                "mui": [
                    1.0,
                    -0.8745672952108705,
                    0.8660439287777094,
                    0.3209985608965737,
                    0.5329605860307813,
                    0.8340909383673579
                ],
                "Ai": [
                    [
                        0.0,
                        0.0,
                        0.0,
                        0.0,
                        0.0,
                        0.0
                    ],
                    [
                        -0.8745672952108705,
                        0.0,
                        0.0,
                        0.0,
                        0.0,
                        0.0
                    ],
                    [
                        0.0,
                        -0.9902541902952064,
                        0.0,
                        0.0,
                        0.0,
                        0.0
                    ],
                    [
                        -0.0,
                        -0.9123957087876999,
                        -0.550725974112003,
                        0.0,
                        0.0,
                        0.0
                    ],
                    [
                        0.7764227296010181,
                        -0.531869991381466,
                        -0.5689252970999015,
                        -0.6726009713317528,
                        0.0,
                        0.0
                    ],
                    [
                        -0.0,
                        -0.6040187352694875,
                        0.7118328413984734,
                        -0.9677383067514504,
                        -0.0,
                        0.0
                    ]
                ]
            },
            "est_params": {
                "mui": [
                    1.0643035887416943,
                    -0.9118567175522893,
                    0.9350777689024075,
                    0.2662554052458569,
                    0.6090975086115274,
                    0.9291073274479839
                ],
                "Si": [
                    [
                        63.79492774758486,
                        -55.852944284769116,
                        55.01680663966599,
                        20.713008971513105,
                        34.28394562840417,
                        52.54033081993747
                    ],
                    [
                        -55.852944284769116,
                        49.90787821787497,
                        -49.20561180480931,
                        -18.500786346052582,
                        -29.694586836185184,
                        -46.99912474648736
                    ],
                    [
                        55.01680663966599,
                        -49.20561180480931,
                        49.48912664881301,
                        17.69964955444878,
                        29.08841866549189,
                        47.59158264132469
                    ],
                    [
                        20.713008971513105,
                        -18.500786346052582,
                        17.69964955444878,
                        8.079949564060382,
                        10.508956551843628,
                        15.853214742325033
                    ],
                    [
                        34.28394562840417,
                        -29.694586836185184,
                        29.08841866549189,
                        10.508956551843628,
                        19.956778151422277,
                        28.215043652375694
                    ],
                    [
                        52.54033081993747,
                        -46.99912474648736,
                        47.59158264132469,
                        15.853214742325033,
                        28.215043652375694,
                        47.63162436285915
                    ]
                ]
            },
            "est_tgt": [
                0,
                1,
                2,
                3
            ]
        },
        "1": {
            "intv_type": "hard",
            "inode": 1,
            "new_mui": 1.0,
            "new_sigmai": 8.0,
            "true_params": {
                "Si": [
                    [
                        1.0,
                        0.0,
                        0.0,
                        0.0,
                        0.7764227296010181,
                        0.0
                    ],
                    [
                        0.0,
                        8.0,
                        -7.922033522361652,
                        -2.936296041751037,
                        2.227040914092582,
                        -7.6297473544674155
                    ],
                    [
                        0.0,
                        -7.922033522361652,
                        8.84482689117772,
                        2.3569534851791896,
                        -2.4038430691135892,
                        8.80018075172479
                    ],
                    [
                        0.0,
                        -2.936296041751037,
                        2.3569534851791896,
                        2.381028404161966,
                        -1.3806847287944932,
                        1.147122321743592
                    ],
                    [
                        0.7764227296010181,
                        2.227040914092582,
                        -2.4038430691135892,
                        -1.3806847287944932,
                        2.714593045223584,
                        -1.7201673768855887
                    ],
                    [
                        0.0,
                        -7.6297473544674155,
                        8.80018075172479,
                        1.147122321743592,
                        -1.7201673768855887,
                        10.7626538035106
                    ]
                ],
                "mui": [
                    0.0,
                    1.0,
                    -0.9902541902952064,
                    -0.3670370052188796,
                    0.2783801142615728,
                    -0.9537184193084269
                ],
                "Ai": [
                    [
                        0.0,
                        0.0,
                        0.0,
                        0.0,
                        0.0,
                        0.0
                    ],
                    [
                        0.0,
                        0.0,
                        0.0,
                        0.0,
                        0.0,
                        0.0
                    ],
                    [
                        0.0,
                        -0.9902541902952064,
                        0.0,
                        0.0,
                        0.0,
                        0.0
                    ],
                    [
                        -0.0,
                        -0.9123957087876999,
                        -0.550725974112003,
                        0.0,
                        0.0,
                        0.0
                    ],
                    [
                        0.7764227296010181,
                        -0.531869991381466,
                        -0.5689252970999015,
                        -0.6726009713317528,
                        0.0,
                        0.0
                    ],
                    [
                        -0.0,
                        -0.6040187352694875,
                        0.7118328413984734,
                        -0.9677383067514504,
                        -0.0,
                        0.0
                    ]
                ]
            },
            "est_params": {
                "mui": [
                    0.02454834931785641,
                    0.9757866456056979,
                    -0.9641847202026893,
                    -0.3225440564991902,
                    0.32045035455988824,
                    -0.9295010357602278
                ],
                "Si": [
                    [
                        0.9627802199321072,
                        -0.3140000267884604,
                        0.2904498926474613,
                        0.11541997946978408,
                        0.6839329910234867,
                        0.2410083894811621
                    ],
                    [
                        -0.3140000267884604,
                        62.93584158676469,
                        -61.7989046761732,
                        -23.395585914090937,
                        17.197994789464072,
                        -59.70686750736536
                    ],
                    [
                        0.2904498926474613,
                        -61.7989046761732,
                        61.65134349965397,
                        22.401321791579896,
                        -17.044848352870652,
                        59.90026810843112
                    ],
                    [
                        0.11541997946978406,
                        -23.395585914090937,
                        22.401321791579896,
                        10.145589118386072,
                        -7.073333774942724,
                        20.33191687627667
                    ],
                    [
                        0.6839329910234867,
                        17.197994789464072,
                        -17.044848352870652,
                        -7.073333774942724,
                        6.823935799636881,
                        -15.790945395339639
                    ],
                    [
                        0.2410083894811621,
                        -59.70686750736536,
                        59.90026810843112,
                        20.33191687627667,
                        -15.790945395339639,
                        60.35783300663632
                    ]
                ]
            },
            "est_tgt": [
                0,
                1,
                2,
                3
            ]
        },
        "2": {
            "intv_type": "hard",
            "inode": 2,
            "new_mui": 1.0,
            "new_sigmai": 8.0,
            "true_params": {
                "Si": [
                    [
                        1.0,
                        -0.8745672952108705,
                        0.0,
                        0.7979514471964638,
                        0.7048759109074163,
                        -0.24395315081844884
                    ],
                    [
                        -0.8745672952108705,
                        1.764867953852458,
                        0.0,
                        -1.610257947671911,
                        -0.5346531702735335,
                        0.4922949903094711
                    ],
                    [
                        0.0,
                        0.0,
                        8.0,
                        -4.405807792896024,
                        -1.5880517757963404,
                        9.95833170455733
                    ],
                    [
                        0.7979514471964638,
                        -1.610257947671911,
                        -4.405807792896024,
                        4.895585229990057,
                        0.6897956480812945,
                        -6.9012180718902725
                    ],
                    [
                        0.7048759109074163,
                        -0.5346531702735335,
                        -1.5880517757963404,
                        0.6897956480812945,
                        2.271173261277262,
                        -1.4750285486152699
                    ],
                    [
                        -0.24395315081844884,
                        0.4922949903094711,
                        9.95833170455733,
                        -6.9012180718902725,
                        -1.4750285486152699,
                        14.469885246830916
                    ]
                ],
                "mui": [
                    0.0,
                    0.0,
                    1.0,
                    -0.550725974112003,
                    -0.19850647197454255,
                    1.2447914630696661
                ],
                "Ai": [
                    [
                        0.0,
                        0.0,
                        0.0,
                        0.0,
                        0.0,
                        0.0
                    ],
                    [
                        -0.8745672952108705,
                        0.0,
                        0.0,
                        0.0,
                        0.0,
                        0.0
                    ],
                    [
                        0.0,
                        0.0,
                        0.0,
                        0.0,
                        0.0,
                        0.0
                    ],
                    [
                        -0.0,
                        -0.9123957087876999,
                        -0.550725974112003,
                        0.0,
                        0.0,
                        0.0
                    ],
                    [
                        0.7764227296010181,
                        -0.531869991381466,
                        -0.5689252970999015,
                        -0.6726009713317528,
                        0.0,
                        0.0
                    ],
                    [
                        -0.0,
                        -0.6040187352694875,
                        0.7118328413984734,
                        -0.9677383067514504,
                        -0.0,
                        0.0
                    ]
                ]
            },
            "est_params": {
                "mui": [
                    -0.010479863115573548,
                    0.006422351436719524,
                    1.2174172900473987,
                    -0.7103784737868142,
                    -0.24906106470581368,
                    1.5187693651137262
                ],
                "Si": [
                    [
                        1.1224444672768887,
                        -0.9083276309570615,
                        -0.09259376257557177,
                        0.8691023934297373,
                        0.8478081857395283,
                        -0.377773758355992
                    ],
                    [
                        -0.9083276309570615,
                        1.8023469533459067,
                        -0.251444179479755,
                        -1.526421537055544,
                        -0.5307698583804361,
                        0.20928698358264947
                    ],
                    [
                        -0.09259376257557181,
                        -0.2514441794797549,
                        64.68733825377295,
                        -35.48835449922763,
                        -12.935998604160488,
                        80.61359456047194
                    ],
                    [
                        0.8691023934297374,
                        -1.526421537055544,
                        -35.48835449922763,
                        22.026548255174635,
                        6.9299700551280115,
                        -45.64839001659864
                    ],
                    [
                        0.8478081857395283,
                        -0.5307698583804361,
                        -12.935998604160488,
                        6.9299700551280115,
                        4.666200786592635,
                        -15.682893555752132
                    ],
                    [
                        -0.3777737583559921,
                        0.20928698358264952,
                        80.61359456047194,
                        -45.64839001659864,
                        -15.682893555752132,
                        102.42292886342786
                    ]
                ]
            },
            "est_tgt": [
                1,
                2,
                3
            ]
        },
        "3": {
            "intv_type": "hard",
            "inode": 3,
            "new_mui": 1.0,
            "new_sigmai": 8.0,
            "true_params": {
                "Si": [
                    [
                        1.0,
                        -0.8745672952108705,
                        0.8660439287777094,
                        0.0,
                        0.7488645298859116,
                        1.1447335421590605
                    ],
                    [
                        -0.8745672952108705,
                        1.764867953852458,
                        -1.7476678866201234,
                        0.0,
                        -0.6234217583450251,
                        -2.3100607069572776
                    ],
                    [
                        0.8660439287777094,
                        -1.7476678866201234,
                        2.730635447969945,
                        0.0,
                        0.04842071142246518,
                        2.9993801362992243
                    ],
                    [
                        0.0,
                        0.0,
                        0.0,
                        8.0,
                        -5.380807770654022,
                        -7.741906454011604
                    ],
                    [
                        0.7488645298859116,
                        -0.6234217583450251,
                        0.04842071142246518,
                        -5.380807770654022,
                        5.504603533092913,
                        5.618239675537201
                    ],
                    [
                        1.1447335421590605,
                        -2.3100607069572776,
                        2.9993801362992243,
                        -7.741906454011604,
                        5.618239675537201,
                        12.022516674301405
                    ]
                ],
                "mui": [
                    0.0,
                    0.0,
                    0.0,
                    1.0,
                    -0.6726009713317528,
                    -0.9677383067514504
                ],
                "Ai": [
                    [
                        0.0,
                        0.0,
                        0.0,
                        0.0,
                        0.0,
                        0.0
                    ],
                    [
                        -0.8745672952108705,
                        0.0,
                        0.0,
                        0.0,
                        0.0,
                        0.0
                    ],
                    [
                        0.0,
                        -0.9902541902952064,
                        0.0,
                        0.0,
                        0.0,
                        0.0
                    ],
                    [
                        0.0,
                        0.0,
                        0.0,
                        0.0,
                        0.0,
                        0.0
                    ],
                    [
                        0.7764227296010181,
                        -0.531869991381466,
                        -0.5689252970999015,
                        -0.6726009713317528,
                        0.0,
                        0.0
                    ],
                    [
                        -0.0,
                        -0.6040187352694875,
                        0.7118328413984734,
                        -0.9677383067514504,
                        -0.0,
                        0.0
                    ]
                ]
            },
            "est_params": {
                "mui": [
                    0.022725305649890556,
                    -0.03130154667351133,
                    0.09507142730667313,
                    1.1618038501028485,
                    -0.7659719155859456,
                    -1.0113076947987505
                ],
                "Si": [
                    [
                        0.9415194261501763,
                        -0.8354834731660645,
                        0.8171806195589725,
                        0.15558594816984994,
                        0.6367157798847345,
                        0.8704683489236829
                    ],
                    [
                        -0.8354834731660645,
                        1.7811993325009565,
                        -1.7758446325425852,
                        0.08785739551961898,
                        -0.7253202439809194,
                        -2.3317461078044603
                    ],
                    [
                        0.8171806195589726,
                        -1.7758446325425852,
                        2.7511501657807176,
                        -0.3043590853534694,
                        0.32095084782563654,
                        3.2723802387675542
                    ],
                    [
                        0.15558594816984983,
                        0.08785739551961907,
                        -0.3043590853534693,
                        62.593695680656474,
                        -41.50832686329781,
                        -60.66714012195179
                    ],
                    [
                        0.6367157798847345,
                        -0.7253202439809193,
                        0.3209508478256367,
                        -41.50832686329781,
                        29.339753046351092,
                        40.67411027880389
                    ],
                    [
                        0.8704683489236829,
                        -2.3317461078044603,
                        3.272380238767555,
                        -60.66714012195179,
                        40.67411027880389,
                        63.23646547978732
                    ]
                ]
            },
            "est_tgt": [
                1,
                3
            ]
        },
        "4": {
            "intv_type": "hard",
            "inode": 4,
            "new_mui": 1.0,
            "new_sigmai": 8.0,
            "true_params": {
                "Si": [
                    [
                        1.0,
                        -0.8745672952108705,
                        0.8660439287777094,
                        0.3209985608965737,
                        0.0,
                        0.8340909383673579
                    ],
                    [
                        -0.8745672952108705,
                        1.764867953852458,
                        -1.7476678866201234,
                        -0.647771848388778,
                        0.0,
                        -1.683187075236264
                    ],
                    [
                        0.8660439287777094,
                        -1.7476678866201234,
                        2.730635447969945,
                        0.0907328131102556,
                        0.0,
                        2.9115745173731096
                    ],
                    [
                        0.3209985608965737,
                        -0.647771848388778,
                        0.0907328131102556,
                        1.54105533785933,
                        0.0,
                        -1.0354853544989544
                    ],
                    [
                        0.0,
                        0.0,
                        0.0,
                        0.0,
                        8.0,
                        0.0
                    ],
                    [
                        0.8340909383673579,
                        -1.683187075236264,
                        2.9115745173731096,
                        -1.0354853544989544,
                        0.0,
                        5.091309733679989
                    ]
                ],
                "mui": [
                    0.0,
                    0.0,
                    0.0,
                    0.0,
                    1.0,
                    0.0
                ],
                "Ai": [
                    [
                        0.0,
                        0.0,
                        0.0,
                        0.0,
                        0.0,
                        0.0
                    ],
                    [
                        -0.8745672952108705,
                        0.0,
                        0.0,
                        0.0,
                        0.0,
                        0.0
                    ],
                    [
                        0.0,
                        -0.9902541902952064,
                        0.0,
                        0.0,
                        0.0,
                        0.0
                    ],
                    [
                        -0.0,
                        -0.9123957087876999,
                        -0.550725974112003,
                        0.0,
                        0.0,
                        0.0
                    ],
                    [
                        0.0,
                        0.0,
                        0.0,
                        0.0,
                        0.0,
                        0.0
                    ],
                    [
                        -0.0,
                        -0.6040187352694875,
                        0.7118328413984734,
                        -0.9677383067514504,
                        -0.0,
                        0.0
                    ]
                ]
            },
            "est_params": {
                "mui": [
                    0.08630234290984626,
                    -0.05203274374621441,
                    0.07362187313296334,
                    -0.07472326982795512,
                    0.8264003738596266,
                    0.24707768008373515
                ],
                "Si": [
                    [
                        1.074219049440458,
                        -0.9782409773069978,
                        1.016696533417012,
                        0.3054269789561287,
                        0.24672783371763476,
                        1.0527040469648106
                    ],
                    [
                        -0.9782409773069978,
                        1.8891155558034214,
                        -1.9075093238322471,
                        -0.6573383272994755,
                        -0.8320777939259711,
                        -1.8973634074717933
                    ],
                    [
                        1.016696533417012,
                        -1.9075093238322476,
                        2.9136568818784574,
                        0.14730511170141886,
                        1.112819732403776,
                        3.110356206718725
                    ],
                    [
                        0.3054269789561287,
                        -0.6573383272994754,
                        0.14730511170141886,
                        1.5153324561670711,
                        0.16435073473599826,
                        -0.9482480518314007
                    ],
                    [
                        0.2467278337176347,
                        -0.8320777939259711,
                        1.112819732403776,
                        0.16435073473599826,
                        68.70466590272332,
                        1.5255461455082293
                    ],
                    [
                        1.0527040469648101,
                        -1.8973634074717929,
                        3.110356206718725,
                        -0.9482480518314007,
                        1.5255461455082293,
                        5.3821905951821325
                    ]
                ]
            },
            "est_tgt": [
                4
            ]
        },
        "5": {
            "intv_type": "hard",
            "inode": 5,
            "new_mui": 1.0,
            "new_sigmai": 8.0,
            "true_params": {
                "Si": [
                    [
                        1.0,
                        -0.8745672952108705,
                        0.8660439287777094,
                        0.3209985608965737,
                        0.5329605860307813,
                        0.0
                    ],
                    [
                        -0.8745672952108705,
                        1.764867953852458,
                        -1.7476678866201234,
                        -0.647771848388778,
                        -0.1877297839173681,
                        0.0
                    ],
                    [
                        0.8660439287777094,
                        -1.7476678866201234,
                        2.730635447969945,
                        0.0907328131102556,
                        -0.012606266807155098,
                        0.0
                    ],
                    [
                        0.3209985608965737,
                        -0.647771848388778,
                        0.0907328131102556,
                        1.54105533785933,
                        -0.49437452350661765,
                        0.0
                    ],
                    [
                        0.5329605860307813,
                        -0.1877297839173681,
                        -0.012606266807155098,
                        -0.49437452350661765,
                        1.8533393603307573,
                        0.0
                    ],
                    [
                        0.0,
                        0.0,
                        0.0,
                        0.0,
                        0.0,
                        8.0
                    ]
                ],
                "mui": [
                    0.0,
                    0.0,
                    0.0,
                    0.0,
                    0.0,
                    1.0
                ],
                "Ai": [
                    [
                        0.0,
                        0.0,
                        0.0,
                        0.0,
                        0.0,
                        0.0
                    ],
                    [
                        -0.8745672952108705,
                        0.0,
                        0.0,
                        0.0,
                        0.0,
                        0.0
                    ],
                    [
                        0.0,
                        -0.9902541902952064,
                        0.0,
                        0.0,
                        0.0,
                        0.0
                    ],
                    [
                        -0.0,
                        -0.9123957087876999,
                        -0.550725974112003,
                        0.0,
                        0.0,
                        0.0
                    ],
                    [
                        0.7764227296010181,
                        -0.531869991381466,
                        -0.5689252970999015,
                        -0.6726009713317528,
                        0.0,
                        0.0
                    ],
                    [
                        0.0,
                        0.0,
                        0.0,
                        0.0,
                        0.0,
                        0.0
                    ]
                ]
            },
            "est_params": {
                "mui": [
                    0.03782500159994124,
                    -0.030404807706996197,
                    0.01935448610328485,
                    -0.010227348879239253,
                    0.07652510640569181,
                    1.0779523692392219
                ],
                "Si": [
                    [
                        1.0360519522548413,
                        -0.8889121155261175,
                        0.8608590496157668,
                        0.3322463109955611,
                        0.5572077844230338,
                        -0.07115714985958979
                    ],
                    [
                        -0.8889121155261175,
                        1.7939905880371247,
                        -1.7987293323733429,
                        -0.6345220986663004,
                        -0.17620071794463155,
                        0.15716167681197848
                    ],
                    [
                        0.8608590496157668,
                        -1.7987293323733429,
                        2.802301576379383,
                        0.10429770668352753,
                        -0.04291323837307259,
                        -0.07081520560258625
                    ],
                    [
                        0.3322463109955611,
                        -0.6345220986663004,
                        0.10429770668352754,
                        1.5177198915810513,
                        -0.5047267434085568,
                        -4.7592472191708905e-05
                    ],
                    [
                        0.5572077844230338,
                        -0.17620071794463157,
                        -0.04291323837307259,
                        -0.5047267434085568,
                        1.9335683876566574,
                        -0.13565687257525372
                    ],
                    [
                        -0.07115714985958985,
                        0.15716167681197843,
                        -0.07081520560258635,
                        -4.7592472191708905e-05,
                        -0.13565687257525372,
                        68.0429265764396
                    ]
                ]
            },
            "est_tgt": [
                5
            ]
        },
        "obs": {
            "intv_type": "obs",
            "true_params": {
                "Si": [
                    [
                        1.0,
                        -0.8745672952108705,
                        0.8660439287777094,
                        0.3209985608965737,
                        0.5329605860307813,
                        0.8340909383673579
                    ],
                    [
                        -0.8745672952108705,
                        1.764867953852458,
                        -1.7476678866201234,
                        -0.647771848388778,
                        -0.1877297839173681,
                        -1.683187075236264
                    ],
                    [
                        0.8660439287777094,
                        -1.7476678866201234,
                        2.730635447969945,
                        0.0907328131102556,
                        -0.012606266807155098,
                        2.9115745173731096
                    ],
                    [
                        0.3209985608965737,
                        -0.647771848388778,
                        0.0907328131102556,
                        1.54105533785933,
                        -0.49437452350661765,
                        -1.0354853544989544
                    ],
                    [
                        0.5329605860307813,
                        -0.1877297839173681,
                        -0.012606266807155098,
                        -0.49437452350661765,
                        1.8533393603307573,
                        0.5828439162127678
                    ],
                    [
                        0.8340909383673579,
                        -1.683187075236264,
                        2.9115745173731096,
                        -1.0354853544989544,
                        0.5828439162127678,
                        5.091309733679989
                    ]
                ],
                "mui": [
                    0.0,
                    0.0,
                    0.0,
                    0.0,
                    0.0,
                    0.0
                ],
                "Ai": [
                    [
                        0.0,
                        0.0,
                        0.0,
                        0.0,
                        0.0,
                        0.0
                    ],
                    [
                        -0.8745672952108705,
                        0.0,
                        0.0,
                        0.0,
                        0.0,
                        0.0
                    ],
                    [
                        0.0,
                        -0.9902541902952064,
                        0.0,
                        0.0,
                        0.0,
                        0.0
                    ],
                    [
                        -0.0,
                        -0.9123957087876999,
                        -0.550725974112003,
                        0.0,
                        0.0,
                        0.0
                    ],
                    [
                        0.7764227296010181,
                        -0.531869991381466,
                        -0.5689252970999015,
                        -0.6726009713317528,
                        0.0,
