{
    "expt_args": {
        "save_dir": "expt_logs_30.04.24-hard",
        "exp_name": "25",
        "num_nodes": 6,
        "obs_noise_mean": 0.0,
        "obs_noise_var": 1.0,
        "max_edge_strength": 1.0,
        "graph_sparsity_method": "adj_dense_prop",
        "adj_dense_prop": 0.8,
        "num_parents": null,
        "new_noise_mean": 0.0,
        "mix_samples": 2048,
        "stage2_samples": 2048,
        "gmm_tol": 0.001,
        "intv_type": "hard",
        "new_noise_sigma": 8.0,
        "intv_targets": [
            0,
            1,
            2,
            3,
            4,
            5
        ]
    },
    "intv_args_dict": {
        "0": {
            "intv_type": "hard",
            "inode": 0,
            "new_mui": 0.0,
            "new_sigmai": 8.0,
            "true_params": {
                "Si": [
                    [
                        8.0,
                        0.0,
                        0.0,
                        7.7871568855940145,
                        -11.699939809207178,
                        8.203469930970295
                    ],
                    [
                        0.0,
                        1.0,
                        0.7404780203076649,
                        1.201340885772045,
                        -0.9047574241958983,
                        -0.6717636465146555
                    ],
                    [
                        0.0,
                        0.7404780203076649,
                        1.5483076985587585,
                        1.428069312490027,
                        -1.7562631334826762,
                        0.36041413966791613
                    ],
                    [
                        7.7871568855940145,
                        1.201340885772045,
                        1.428069312490027,
                        10.3131817255803,
                        -13.971689977826912,
                        7.41444430428434
                    ],
                    [
                        -11.699939809207178,
                        -0.9047574241958983,
                        -1.7562631334826762,
                        -13.971689977826912,
                        20.93988479971286,
                        -12.66394515459216
                    ],
                    [
                        8.203469930970295,
                        -0.6717636465146555,
                        0.36041413966791613,
                        7.41444430428434,
                        -12.66394515459216,
                        10.950491854067531
                    ]
                ],
                "mui": [
                    0.0,
                    0.0,
                    0.0,
                    0.0,
                    0.0,
                    0.0
                ],
                "Ai": [
                    [
                        0.0,
                        0.0,
                        0.0,
                        0.0,
                        0.0,
                        0.0
                    ],
                    [
                        0.0,
                        0.0,
                        0.0,
                        0.0,
                        0.0,
                        0.0
                    ],
                    [
                        0.0,
                        0.7404780203076649,
                        0.0,
                        0.0,
                        0.0,
                        0.0
                    ],
                    [
                        0.9733946106992518,
                        0.8025914046595121,
                        0.5385027916788866,
                        0.0,
                        0.0,
                        0.0
                    ],
                    [
                        -0.5756049145499729,
                        0.6308952574432014,
                        -0.5956649118337666,
                        -0.9111284897743744,
                        0.0,
                        0.0
                    ],
                    [
                        0.9297117045429126,
                        -0.7801131277682432,
                        0.6529701942160235,
                        -0.7249793639645106,
                        -0.5479775490461476,
                        0.0
                    ]
                ]
            },
            "est_params": {
                "mui": [
                    -0.25403164001271017,
                    0.055777905728245945,
                    0.5511783519921934,
                    0.1585358898504326,
                    -0.3383325391197687,
                    0.1681991109712054
                ],
                "Si": [
                    [
                        40.984835308933,
                        -0.370750158434775,
                        -0.05741539363719114,
                        39.749525370060006,
                        -60.07177934064216,
                        42.9051302175317
                    ],
                    [
                        -0.37075015843477493,
                        0.9169497388367848,
                        0.0802870616467299,
                        0.4648886793035306,
                        0.29188452665203307,
                        -1.4909734753643895
                    ],
                    [
                        -0.05741539363719108,
                        0.0802870616467299,
                        37.314329148173925,
                        19.990605501371604,
                        -40.330658397024024,
                        31.462848169155723
                    ],
                    [
                        39.749525370060006,
                        0.4648886793035306,
                        19.990605501371604,
                        50.99900923752522,
                        -81.06257731423223,
                        57.2722348863997
                    ],
                    [
                        -60.07177934064216,
                        0.29188452665203296,
                        -40.330658397024024,
                        -81.06257731423223,
                        133.72280284672584,
                        -97.16171895218405
                    ],
                    [
                        42.9051302175317,
                        -1.4909734753643895,
                        31.462848169155723,
                        57.2722348863997,
                        -97.16171895218405,
                        74.41213824602508
                    ]
                ]
            },
            "est_tgt": [
                0,
                1,
                2,
                5
            ]
        },
        "1": {
            "intv_type": "hard",
            "inode": 1,
            "new_mui": 0.0,
            "new_sigmai": 8.0,
            "true_params": {
                "Si": [
                    [
                        1.0,
                        0.0,
                        0.0,
                        0.9733946106992518,
                        -1.4624924761508973,
                        1.0254337413712868
                    ],
                    [
                        0.0,
                        8.0,
                        5.923824162461319,
                        9.61072708617636,
                        -7.238059393567187,
                        -5.374109172117244
                    ],
                    [
                        0.0,
                        5.923824162461319,
                        5.386461588470068,
                        7.655034958168009,
                        -6.4459340377733625,
                        -3.1215693659328942
                    ],
                    [
                        0.9733946106992518,
                        9.61072708617636,
                        7.655034958168009,
                        13.783241715404793,
                        -11.615068514258839,
                        -5.221737377009153
                    ],
                    [
                        -1.4624924761508973,
                        -7.238059393567187,
                        -6.4459340377733625,
                        -11.615068514258839,
                        11.69779707659015,
                        2.0883607916585514
                    ],
                    [
                        1.0254337413712868,
                        -5.374109172117244,
                        -3.1215693659328942,
                        -5.221737377009153,
                        2.0883607916585514,
                        6.748756125919193
                    ]
                ],
                "mui": [
                    0.0,
                    0.0,
                    0.0,
                    0.0,
                    0.0,
                    0.0
                ],
                "Ai": [
                    [
                        0.0,
                        0.0,
                        0.0,
                        0.0,
                        0.0,
                        0.0
                    ],
                    [
                        0.0,
                        0.0,
                        0.0,
                        0.0,
                        0.0,
                        0.0
                    ],
                    [
                        0.0,
                        0.7404780203076649,
                        0.0,
                        0.0,
                        0.0,
                        0.0
                    ],
                    [
                        0.9733946106992518,
                        0.8025914046595121,
                        0.5385027916788866,
                        0.0,
                        0.0,
                        0.0
                    ],
                    [
                        -0.5756049145499729,
                        0.6308952574432014,
                        -0.5956649118337666,
                        -0.9111284897743744,
                        0.0,
                        0.0
                    ],
                    [
                        0.9297117045429126,
                        -0.7801131277682432,
                        0.6529701942160235,
                        -0.7249793639645106,
                        -0.5479775490461476,
                        0.0
                    ]
                ]
            },
            "est_params": {
                "mui": [
                    -0.06022425807780525,
                    3.6141926852551363,
                    2.572180898766556,
                    8.582877699206268,
                    -7.0374045698247745,
                    -3.593170384352004
                ],
                "Si": [
                    [
                        1.0434598394718204,
                        0.25997543187455147,
                        0.07338378438530095,
                        0.374424848438632,
                        -0.7911195603597017,
                        0.9070135063103199
                    ],
                    [
                        0.2599754318745516,
                        22.42284871694423,
                        16.747693678284943,
                        10.825875146291198,
                        -5.835785562971076,
                        -10.725597351657106
                    ],
                    [
                        0.07338378438530094,
                        16.747693678284943,
                        13.394424203709404,
                        8.519609987503832,
                        -5.138968619730828,
                        -7.404082079575478
                    ],
                    [
                        0.374424848438632,
                        10.825875146291198,
                        8.519609987503832,
                        24.692511296948055,
                        -20.394082752215002,
                        -9.041865451648091
                    ],
                    [
                        -0.7911195603597014,
                        -5.835785562971076,
                        -5.138968619730828,
                        -20.394082752215002,
                        18.72703962518962,
                        4.851221900193726
                    ],
                    [
                        0.9070135063103197,
                        -10.725597351657107,
                        -7.404082079575477,
                        -9.041865451648091,
                        4.851221900193726,
                        9.124678805159627
                    ]
                ]
            },
            "est_tgt": [
                1,
                2,
                3,
                5
            ]
        },
        "2": {
            "intv_type": "hard",
            "inode": 2,
            "new_mui": 0.0,
            "new_sigmai": 8.0,
            "true_params": {
                "Si": [
                    [
                        1.0,
                        0.0,
                        0.0,
                        0.9733946106992518,
                        -1.4624924761508973,
                        1.0254337413712868
                    ],
                    [
                        0.0,
                        1.0,
                        0.0,
                        0.8025914046595121,
                        -0.10036863699011365,
                        -1.3069755741427345
                    ],
                    [
                        0.0,
                        0.0,
                        8.0,
                        4.308022333431093,
                        -8.69048117724348,
                        6.86272283802997
                    ],
                    [
                        0.9733946106992518,
                        0.8025914046595121,
                        4.308022333431093,
                        4.911532084139312,
                        -7.0951141645719495,
                        3.419078315098851
                    ],
                    [
                        -1.4624924761508973,
                        -0.10036863699011365,
                        -8.69048117724348,
                        -7.0951141645719495,
                        13.419671117470672,
                        -9.16588979735661
                    ],
                    [
                        1.0254337413712868,
                        -1.3069755741427345,
                        6.86272283802997,
                        3.419078315098851,
                        -9.16588979735661,
                        9.998040622803819
                    ]
                ],
                "mui": [
                    0.0,
                    0.0,
                    0.0,
                    0.0,
                    0.0,
                    0.0
                ],
                "Ai": [
                    [
                        0.0,
                        0.0,
                        0.0,
                        0.0,
                        0.0,
                        0.0
                    ],
                    [
                        0.0,
                        0.0,
                        0.0,
                        0.0,
                        0.0,
                        0.0
                    ],
                    [
                        0.0,
                        0.0,
                        0.0,
                        0.0,
                        0.0,
                        0.0
                    ],
                    [
                        0.9733946106992518,
                        0.8025914046595121,
                        0.5385027916788866,
                        0.0,
                        0.0,
                        0.0
                    ],
                    [
                        -0.5756049145499729,
                        0.6308952574432014,
                        -0.5956649118337666,
                        -0.9111284897743744,
                        0.0,
                        0.0
                    ],
                    [
                        0.9297117045429126,
                        -0.7801131277682432,
                        0.6529701942160235,
                        -0.7249793639645106,
                        -0.5479775490461476,
                        0.0
                    ]
                ]
            },
            "est_params": {
                "mui": [
                    -0.025330351272880327,
                    -4.321248484667973,
                    -3.1652881283372674,
                    -9.612946748603791,
                    7.907097827099875,
                    3.8590293254574886
                ],
                "Si": [
                    [
                        1.2170091755336587,
                        -0.695057589635672,
                        -0.3768386115945641,
                        0.4460605478905061,
                        -1.3485816189944337,
                        1.9123031823639163
                    ],
                    [
                        -0.6950575896356719,
                        28.878227747105893,
                        20.9348938013522,
                        12.118349424636282,
                        -4.9302503069845915,
                        -14.536806919439833
                    ],
                    [
                        -0.37683861159456417,
                        20.934893801352196,
                        16.201185533463857,
                        8.900197482818179,
                        -4.360618590536781,
                        -9.395620818377516
                    ],
                    [
                        0.4460605478905061,
                        12.118349424636282,
                        8.900197482818179,
                        22.764630100990125,
                        -18.943766825614336,
                        -8.863153841694185
                    ],
                    [
                        -1.3485816189944337,
                        -4.930250306984591,
                        -4.360618590536781,
                        -18.943766825614343,
                        18.817632232403636,
                        2.8050133476650383
                    ],
                    [
                        1.9123031823639163,
                        -14.536806919439833,
                        -9.395620818377518,
                        -8.863153841694185,
                        2.8050133476650383,
                        12.424763098735063
                    ]
                ]
            },
            "est_tgt": [
                1,
                2,
                3,
                5
            ]
        },
        "3": {
            "intv_type": "hard",
            "inode": 3,
            "new_mui": 0.0,
            "new_sigmai": 8.0,
            "true_params": {
                "Si": [
                    [
                        1.0,
                        0.0,
                        0.0,
                        0.0,
                        -0.5756049145499729,
                        1.245130274836924
                    ],
                    [
                        0.0,
                        1.0,
                        0.7404780203076649,
                        0.0,
                        0.1898184827617942,
                        -0.400619317982717
                    ],
                    [
                        0.0,
                        0.7404780203076649,
                        1.5483076985587585,
                        0.0,
                        -0.45510849750050864,
                        0.6827313931786314
                    ],
                    [
                        0.0,
                        0.0,
                        0.0,
                        8.0,
                        -7.2890279181949955,
                        -1.8056112581746473
                    ],
                    [
                        -0.5756049145499729,
                        0.1898184827617942,
                        -0.45510849750050864,
                        -7.2890279181949955,
                        8.363409760270258,
                        -0.2789647585962851
                    ],
                    [
                        1.245130274836924,
                        -0.400619317982717,
                        0.6827313931786314,
                        -1.8056112581746473,
                        -0.2789647585962851,
                        4.377841155998185
                    ]
                ],
                "mui": [
                    0.0,
                    0.0,
                    0.0,
                    0.0,
                    0.0,
                    0.0
                ],
                "Ai": [
                    [
                        0.0,
                        0.0,
                        0.0,
                        0.0,
                        0.0,
                        0.0
                    ],
                    [
                        0.0,
                        0.0,
                        0.0,
                        0.0,
                        0.0,
                        0.0
                    ],
                    [
                        0.0,
                        0.7404780203076649,
                        0.0,
                        0.0,
                        0.0,
                        0.0
                    ],
                    [
                        0.0,
                        0.0,
                        0.0,
                        0.0,
                        0.0,
                        0.0
                    ],
                    [
                        -0.5756049145499729,
                        0.6308952574432014,
                        -0.5956649118337666,
                        -0.9111284897743744,
                        0.0,
                        0.0
                    ],
                    [
                        0.9297117045429126,
                        -0.7801131277682432,
                        0.6529701942160235,
                        -0.7249793639645106,
                        -0.5479775490461476,
                        0.0
                    ]
                ]
            },
            "est_params": {
                "mui": [
                    -0.10437054132065102,
                    -0.6224000583777866,
                    -0.47240993301261136,
                    -1.2098316717964976,
                    1.4416673137041922,
                    -9.45153366454188
                ],
                "Si": [
                    [
                        1.245689829419318,
                        0.12500502043705297,
                        0.28561485508751516,
                        1.533926658859635,
                        -1.8314573627746633,
                        -1.6386861459240514
                    ],
                    [
                        0.12500502043705297,
                        1.2843702869014966,
                        1.2456995046580635,
                        1.7974395026480516,
                        -1.6301049826678022,
                        -1.7373644519305995
                    ],
                    [
                        0.28561485508751516,
                        1.2456995046580635,
                        2.3933368415623204,
                        2.61425996544532,
                        -3.156910985168703,
                        -2.5544889500704153
                    ],
                    [
                        1.533926658859635,
                        1.797439502648052,
                        2.61425996544532,
                        5.715227737723901,
                        -6.394034218744468,
                        -8.080451977383795
                    ],
                    [
                        -1.8314573627746633,
                        -1.6301049826678022,
                        -3.156910985168703,
                        -6.3940342187444665,
                        9.00885236767357,
                        10.239468797902068
                    ],
                    [
                        -1.6386861459240512,
                        -1.7373644519305993,
                        -2.5544889500704158,
                        -8.080451977383795,
                        10.239468797902068,
                        37.488435881904365
                    ]
                ]
            },
            "est_tgt": [
                1,
                2,
                3,
                4,
                5
            ]
        },
        "4": {
            "intv_type": "hard",
            "inode": 4,
            "new_mui": 0.0,
            "new_sigmai": 8.0,
            "true_params": {
                "Si": [
                    [
                        1.0,
                        0.0,
                        0.0,
                        0.9733946106992518,
                        0.0,
                        0.22402069879168668
                    ],
                    [
                        0.0,
                        1.0,
                        0.7404780203076649,
                        1.201340885772045,
                        0.0,
                        -1.1675504023068295
                    ],
                    [
                        0.0,
                        0.7404780203076649,
                        1.5483076985587585,
                        1.428069312490027,
                        0.0,
                        -0.6019786276980278
                    ],
                    [
                        0.9733946106992518,
                        1.201340885772045,
                        1.428069312490027,
                        3.6807022486118637,
                        0.0,
                        -1.7681519120202323
                    ],
                    [
                        0.0,
                        0.0,
                        0.0,
                        0.0,
                        8.0,
                        -4.383820392369181
                    ],
                    [
                        0.22402069879168668,
                        -1.1675504023068295,
                        -0.6019786276980278,
                        -1.7681519120202323,
                        -4.383820392369181,
                        5.410130763093334
                    ]
                ],
                "mui": [
                    0.0,
                    0.0,
                    0.0,
                    0.0,
                    0.0,
                    0.0
                ],
                "Ai": [
                    [
                        0.0,
                        0.0,
                        0.0,
                        0.0,
                        0.0,
                        0.0
                    ],
                    [
                        0.0,
                        0.0,
                        0.0,
                        0.0,
                        0.0,
                        0.0
                    ],
                    [
                        0.0,
                        0.7404780203076649,
                        0.0,
                        0.0,
                        0.0,
                        0.0
                    ],
                    [
                        0.9733946106992518,
                        0.8025914046595121,
                        0.5385027916788866,
                        0.0,
                        0.0,
                        0.0
                    ],
                    [
                        0.0,
                        0.0,
                        0.0,
                        0.0,
                        0.0,
                        0.0
                    ],
                    [
                        0.9297117045429126,
                        -0.7801131277682432,
                        0.6529701942160235,
                        -0.7249793639645106,
                        -0.5479775490461476,
                        0.0
                    ]
                ]
            },
            "est_params": {
                "mui": [
                    0.02389865905159174,
                    -0.03217378699190212,
                    -0.002367053287370475,
                    -0.03394976445939494,
                    0.17719988825203345,
                    -0.07389290137565085
                ],
                "Si": [
                    [
                        1.0566225102626785,
                        0.02824654324218255,
                        -0.016043633882641045,
                        1.1113645255230784,
                        0.6462829673265863,
                        -0.15548369998557504
                    ],
                    [
                        0.028246543242182533,
                        0.9819791455422427,
                        0.7186976717288888,
                        1.1258419177554755,
                        0.259333607947352,
                        -1.302113698713058
                    ],
                    [
                        -0.016043633882641035,
                        0.7186976717288888,
                        1.4197140437233793,
                        1.2982471857744133,
                        1.1131865580408595,
                        -1.2647750949847427
                    ],
                    [
                        1.1113645255230786,
                        1.1258419177554757,
                        1.2982471857744131,
                        3.6887693679379874,
                        1.3535468674328401,
                        -2.4245003712542603
                    ],
                    [
                        0.6462829673265863,
                        0.25933360794735194,
                        1.1131865580408593,
                        1.3535468674328401,
                        70.96284814098004,
                        -38.63726333142622
                    ],
                    [
                        -0.1554836999855751,
                        -1.302113698713058,
                        -1.2647750949847427,
                        -2.4245003712542608,
                        -38.63726333142622,
                        23.89639434441599
                    ]
                ]
            },
            "est_tgt": [
                1,
                3,
                4,
                5
            ]
        },
        "5": {
            "intv_type": "hard",
            "inode": 5,
            "new_mui": 0.0,
            "new_sigmai": 8.0,
            "true_params": {
                "Si": [
                    [
                        1.0,
                        0.0,
                        0.0,
                        0.9733946106992518,
                        -1.4624924761508973,
                        0.0
                    ],
                    [
                        0.0,
                        1.0,
                        0.7404780203076649,
                        1.201340885772045,
                        -0.9047574241958983,
                        0.0
                    ],
                    [
                        0.0,
                        0.7404780203076649,
                        1.5483076985587585,
                        1.428069312490027,
                        -1.7562631334826762,
                        0.0
                    ],
                    [
                        0.9733946106992518,
                        1.201340885772045,
                        1.428069312490027,
                        3.6807022486118637,
                        -4.0066139165125,
                        0.0
                    ],
                    [
                        -1.4624924761508973,
                        -0.9047574241958983,
                        -1.7562631334826762,
                        -4.0066139165125,
                        5.967695100126974,
                        0.0
                    ],
                    [
                        0.0,
                        0.0,
                        0.0,
                        0.0,
                        0.0,
                        8.0
                    ]
                ],
                "mui": [
                    0.0,
                    0.0,
                    0.0,
                    0.0,
                    0.0,
                    0.0
                ],
                "Ai": [
                    [
                        0.0,
                        0.0,
                        0.0,
                        0.0,
                        0.0,
                        0.0
                    ],
                    [
                        0.0,
                        0.0,
                        0.0,
                        0.0,
                        0.0,
                        0.0
                    ],
                    [
                        0.0,
                        0.7404780203076649,
                        0.0,
                        0.0,
                        0.0,
                        0.0
                    ],
                    [
                        0.9733946106992518,
                        0.8025914046595121,
                        0.5385027916788866,
                        0.0,
                        0.0,
                        0.0
                    ],
                    [
                        -0.5756049145499729,
                        0.6308952574432014,
                        -0.5956649118337666,
                        -0.9111284897743744,
                        0.0,
                        0.0
                    ],
                    [
                        0.0,
                        0.0,
                        0.0,
                        0.0,
                        0.0,
                        0.0
                    ]
                ]
            },
            "est_params": {
                "mui": [
                    0.018635410340395446,
                    0.18806136726283182,
                    0.13315914807900123,
                    0.1767338752732472,
                    -0.2760847684399999,
                    1.7366807391959165
                ],
                "Si": [
                    [
                        0.9318883203186022,
                        -0.044992484319172986,
                        -0.11331243914772907,
                        0.7756203646014846,
                        -1.1906871940963442,
                        -0.5321403571260092
                    ],
                    [
                        -0.044992484319173,
                        0.7873226892776367,
                        0.6092433792964004,
                        1.022980650640422,
                        -0.7791108243983695,
                        -1.032593729638446
                    ],
                    [
                        -0.11331243914772908,
                        0.6092433792964004,
                        1.4654162684334204,
                        1.2590248925608127,
                        -1.5118946478176134,
                        -1.0647078700800767
                    ],
                    [
                        0.7756203646014846,
                        1.0229806506404218,
                        1.2590248925608127,
                        3.297995601863476,
                        -3.522105626669544,
                        -1.4679689166646628
                    ],
                    [
                        -1.190687194096344,
                        -0.7791108243983693,
                        -1.5118946478176136,
                        -3.522105626669544,
                        5.212536555345206,
                        1.6323718482476104
                    ],
                    [
                        -0.532140357126009,
                        -1.032593729638446,
                        -1.0647078700800765,
                        -1.4679689166646628,
                        1.6323718482476104,
                        41.03753757877282
                    ]
                ]
            },
            "est_tgt": [
                1,
                3,
                4,
                5
            ]
        },
        "obs": {
            "intv_type": "obs",
            "true_params": {
                "Si": [
                    [
                        1.0,
                        0.0,
                        0.0,
                        0.9733946106992518,
                        -1.4624924761508973,
                        1.0254337413712868
                    ],
                    [
                        0.0,
                        1.0,
                        0.7404780203076649,
                        1.201340885772045,
                        -0.9047574241958983,
                        -0.6717636465146555
                    ],
                    [
                        0.0,
                        0.7404780203076649,
                        1.5483076985587585,
                        1.428069312490027,
                        -1.7562631334826762,
                        0.36041413966791613
                    ],
                    [
                        0.9733946106992518,
                        1.201340885772045,
                        1.428069312490027,
                        3.6807022486118637,
                        -4.0066139165125,
                        0.4273825619244738
                    ],
                    [
                        -1.4624924761508973,
                        -0.9047574241958983,
                        -1.7562631334826762,
                        -4.0066139165125,
                        5.967695100126974,
                        -2.1661212337647546
                    ],
                    [
                        1.0254337413712868,
                        -0.6717636465146555,
                        0.36041413966791613,
                        0.4273825619244738,
                        -2.1661212337647546,
                        3.5898913484685235
                    ]
                ],
                "mui": [
                    0.0,
                    0.0,
                    0.0,
                    0.0,
                    0.0,
                    0.0
                ],
                "Ai": [
                    [
                        0.0,
                        0.0,
                        0.0,
                        0.0,
                        0.0,
                        0.0
                    ],
                    [
                        0.0,
                        0.0,
                        0.0,
                        0.0,
                        0.0,
                        0.0
                    ],
                    [
                        0.0,
                        0.7404780203076649,
                        0.0,
                        0.0,
                        0.0,
                        0.0
                    ],
                    [
                        0.9733946106992518,
                        0.8025914046595121,
                        0.5385027916788866,
                        0.0,
                        0.0,
                        0.0
                    ],
                    [
                        -0.5756049145499729,
                        0.6308952574432014,
                        -0.5956649118337666,
                        -0.9111284897743744,
                        0.0,
                        0.0
                    ],
                    [
                        0.9297117045429126,
                        -0.7801131277682432,
                        0.6529701942160235,
                        -0.7249793639645106,
                        -0.5479775490461476,
