{
    "expt_args": {
        "save_dir": "all_expt_logs/expt_logs_sim_compsel_n48-all",
        "exp_name": "139",
        "num_nodes": 4,
        "num_tgt_prior": 5,
        "obs_noise_mean": 0.0,
        "obs_noise_var": 1.0,
        "obs_noise_gamma_shape": 2.0,
        "noise_type": "gaussian",
        "max_edge_strength": 1.0,
        "graph_sparsity_method": "adj_dense_prop",
        "adj_dense_prop": 0.8,
        "num_parents": null,
        "new_noise_mean": 1.0,
        "mix_samples": 131072,
        "stage2_samples": 131072,
        "gmm_tol": 0.001,
        "intv_type": "do",
        "new_noise_var": null,
        "dtype": "simulation",
        "cutoff_drop_ratio": 0.07,
        "intv_targets": [
            0,
            1,
            2,
            3
        ]
    },
    "intv_args_dict": {
        "0": {
            "intv_type": "do",
            "inode": 0,
            "new_mui": 1.0,
            "new_vari": null,
            "noise_type": "gaussian",
            "obs_noise_gamma_shape": 2.0,
            "true_params": {
                "Si": [
                    [
                        1e-09,
                        8.273153855049309e-10,
                        7.792903576513466e-11,
                        5.471017426129352e-10
                    ],
                    [
                        8.273153855049309e-10,
                        1.0000000006844507,
                        0.8822637327499753,
                        0.14801325790651174
                    ],
                    [
                        7.792903576513466e-11,
                        0.8822637327499753,
                        1.7783892940182304,
                        0.9462679233096972
                    ],
                    [
                        5.471017426129352e-10,
                        0.14801325790651174,
                        0.9462679233096972,
                        1.6872437353489846
                    ]
                ],
                "mui": [
                    1.0,
                    0.8273153855049309,
                    0.07792903576513466,
                    0.5471017426129352
                ],
                "Ai": [
                    [
                        0.0,
                        0.0,
                        0.0,
                        0.0
                    ],
                    [
                        0.8273153855049309,
                        0.0,
                        0.0,
                        0.0
                    ],
                    [
                        -0.6519813243585919,
                        0.8822637326855034,
                        0.0,
                        0.0
                    ],
                    [
                        0.9564570027499197,
                        -0.5716326776743016,
                        0.8156811942588562,
                        0.0
                    ]
                ]
            },
            "est_params": {
                "mui": [
                    1.0000008511854408,
                    0.8304460838684509,
                    0.08313125853842225,
                    0.5404799122023056
                ],
                "Si": [
                    [
                        1.0303718807263439e-06,
                        -4.718612779372842e-09,
                        -9.501424872048383e-07,
                        -1.9524030405474e-06
                    ],
                    [
                        -4.718612779372771e-09,
                        0.99920649170847,
                        0.8878910775092359,
                        0.162972222011113
                    ],
                    [
                        -9.501424872048388e-07,
                        0.8878910775092359,
                        1.7937533566678823,
                        0.9727485617562259
                    ],
                    [
                        -1.9524030405474e-06,
                        0.16297222201111303,
                        0.9727485617562259,
                        1.696318034133599
                    ]
                ]
            },
            "est_tgt": [
                0
            ],
            "oracle_est_tgt": [
                0
            ]
        },
        "1": {
            "intv_type": "do",
            "inode": 1,
            "new_mui": 1.0,
            "new_vari": null,
            "noise_type": "gaussian",
            "obs_noise_gamma_shape": 2.0,
            "true_params": {
                "Si": [
                    [
                        1.0,
                        0.0,
                        -0.6519813243585919,
                        0.42464809746263277
                    ],
                    [
                        0.0,
                        1e-09,
                        8.822637326855035e-10,
                        1.4801325745388605e-10
                    ],
                    [
                        -0.6519813243585919,
                        8.822637326855035e-10,
                        1.4250796480907728,
                        0.5388185654193992
                    ],
                    [
                        0.42464809746263277,
                        1.4801325745388605e-10,
                        0.5388185654193992,
                        1.8456618173680956
                    ]
                ],
                "mui": [
                    0.0,
                    1.0,
                    0.8822637326855034,
                    0.14801325745388605
                ],
                "Ai": [
                    [
                        0.0,
                        0.0,
                        0.0,
                        0.0
                    ],
                    [
                        0.0,
                        0.0,
                        0.0,
                        0.0
                    ],
                    [
                        -0.6519813243585919,
                        0.8822637326855034,
                        0.0,
                        0.0
                    ],
                    [
                        0.9564570027499197,
                        -0.5716326776743016,
                        0.8156811942588562,
                        0.0
                    ]
                ]
            },
            "est_params": {
                "mui": [
                    0.003812100996891763,
                    0.3345894119312853,
                    0.6329854702520942,
                    0.33224500363492304
                ],
                "Si": [
                    [
                        0.9956412021896268,
                        0.5478923267786243,
                        -0.19261372616571487,
                        0.4763723555775665
                    ],
                    [
                        0.5478923267786243,
                        1.3352088206964334,
                        0.39441828357629166,
                        0.07850195728387417
                    ],
                    [
                        -0.19261372616571487,
                        0.39441828357629166,
                        1.2623530586536384,
                        0.6237865042367947
                    ],
                    [
                        0.4763723555775665,
                        0.07850195728387417,
                        0.6237865042367947,
                        1.9220106981637686
                    ]
                ]
            },
            "est_tgt": [
                1,
                2
            ],
            "oracle_est_tgt": [
                1
            ]
        },
        "2": {
            "intv_type": "do",
            "inode": 2,
            "new_mui": 1.0,
            "new_vari": null,
            "noise_type": "gaussian",
            "obs_noise_gamma_shape": 2.0,
            "true_params": {
                "Si": [
                    [
                        1.0,
                        0.8273153855049309,
                        0.0,
                        0.483536493652589
                    ],
                    [
                        0.8273153855049309,
                        1.6844507470931724,
                        0.0,
                        -0.17159549702240734
                    ],
                    [
                        0.0,
                        0.0,
                        1e-09,
                        8.156811942588563e-10
                    ],
                    [
                        0.483536493652589,
                        -0.17159549702240734,
                        8.156811942588563e-10,
                        1.560571459544268
                    ]
                ],
                "mui": [
                    0.0,
                    0.0,
                    1.0,
                    0.8156811942588562
                ],
                "Ai": [
                    [
                        0.0,
                        0.0,
                        0.0,
                        0.0
                    ],
                    [
                        0.8273153855049309,
                        0.0,
                        0.0,
                        0.0
                    ],
                    [
                        0.0,
                        0.0,
                        0.0,
                        0.0
                    ],
                    [
                        0.9564570027499197,
                        -0.5716326776743016,
                        0.8156811942588562,
                        0.0
                    ]
                ]
            },
            "oracle_est_tgt": [
                2
            ]
        },
        "3": {
            "intv_type": "do",
            "inode": 3,
            "new_mui": 1.0,
            "new_vari": null,
            "noise_type": "gaussian",
            "obs_noise_gamma_shape": 2.0,
            "true_params": {
                "Si": [
                    [
                        1.0,
                        0.8273153855049309,
                        0.07792903576513466,
                        0.0
                    ],
                    [
                        0.8273153855049309,
                        1.6844507470931724,
                        0.9467356229515633,
                        0.0
                    ],
                    [
                        0.07792903576513466,
                        0.9467356229515633,
                        1.784462228627441,
                        0.0
                    ],
                    [
                        0.0,
                        0.0,
                        0.0,
                        1e-09
                    ]
                ],
                "mui": [
                    0.0,
                    0.0,
                    0.0,
                    1.0
                ],
                "Ai": [
                    [
                        0.0,
                        0.0,
                        0.0,
                        0.0
                    ],
                    [
                        0.8273153855049309,
                        0.0,
                        0.0,
                        0.0
                    ],
                    [
                        -0.6519813243585919,
                        0.8822637326855034,
                        0.0,
                        0.0
                    ],
                    [
                        0.0,
                        0.0,
                        0.0,
                        0.0
                    ]
                ]
            },
            "est_params": {
                "mui": [
                    0.0011808417584184612,
                    -0.002570973021201071,
                    -0.006268689406391603,
                    1.0000017716621659
                ],
                "Si": [
                    [
                        0.9963450435304891,
                        0.8165053240109239,
                        0.07842896161668154,
                        2.3662469753575925e-06
                    ],
                    [
                        0.8165053240109239,
                        1.6794797199572953,
                        0.9529234791055718,
                        1.7035215351068561e-06
                    ],
                    [
                        0.07842896161668157,
                        0.9529234791055715,
                        1.793659131073703,
                        1.3564430074694656e-06
                    ],
                    [
                        2.3662469753575925e-06,
                        1.7035215351068561e-06,
                        1.3564430074694658e-06,
                        1.0264385788875775e-06
                    ]
                ]
            },
            "est_tgt": [
                3
            ],
            "oracle_est_tgt": [
                3
            ]
        },
        "obs": {
            "intv_type": "obs",
            "noise_type": "gaussian",
            "obs_noise_gamma_shape": 2.0,
            "true_params": {
                "Si": [
                    [
                        1.0,
                        0.8273153855049309,
                        0.07792903576513466,
                        0.5471017426129352
                    ],
                    [
                        0.8273153855049309,
                        1.6844507470931724,
                        0.9467356229515633,
                        0.600638946554126
                    ],
                    [
                        0.07792903576513466,
                        0.9467356229515633,
                        1.784462228627441,
                        0.988903034534313
                    ],
                    [
                        0.5471017426129352,
                        0.600638946554126,
                        0.988903034534313,
                        1.9865640518197747
                    ]
                ],
                "mui": [
                    0.0,
                    0.0,
                    0.0,
                    0.0
                ],
                "Ai": [
                    [
                        0.0,
                        0.0,
                        0.0,
                        0.0
                    ],
                    [
                        0.8273153855049309,
                        0.0,
                        0.0,
                        0.0
                    ],
                    [
                        -0.6519813243585919,
                        0.8822637326855034,
                        0.0,
                        0.0
                    ],
                    [
                        0.9564570027499197,
                        -0.5716326776743016,
                        0.8156811942588562,
                        0.0
                    ]
                ]
            },
            "est_tgt": [
                0,
                1,
                2,
                3
            ],
            "oracle_est_tgt": [
                0,
                1,
                2,
                3
            ]
        }
    },
    "metric_dict": {
        "param_est_rel_err": 6.112301450216432,
        "est_num_comp": 3,
        "weight_precision_error": 0.5304445111349166,
        "est_dag": {
            "amat": [
                [
                    0,
                    1,
                    1,
                    1
                ],
                [
                    0,
                    0,
                    0,
                    1
                ],
                [
                    0,
                    1,
                    0,
                    1
                ],
                [
                    0,
                    0,
                    0,
                    0
                ]
            ],
            "nodes": [
                0,
                1,
                2,
                3
            ]
        },
        "oracle_est_dag": {
            "amat": [
                [
                    0,
                    1,
                    1,
                    1
                ],
                [
                    0,
                    0,
                    1,
                    1
                ],
                [
                    0,
                    0,
                    0,
                    1
                ],
                [
                    0,
                    0,
                    0,
                    0
                ]
            ],
            "nodes": [
                0,
                1,
                2,
                3
            ]
        },
        "igsp_dag": null,
        "intv_base_est_dag": null,
        "act_dag": {
            "amat": [
                [
                    0,
                    1,
                    1,
                    1
                ],
                [
                    0,
                    0,
                    1,
                    1
                ],
                [
                    0,
                    0,
                    0,
                    1
                ],
                [
                    0,
                    0,
                    0,
                    0
                ]
            ],
            "nodes": [
                0,
                1,
                2,
                3
            ]
        },
        "shd": 1,
        "oracle_shd": 0,
        "intv_base_shd": null,
        "igsp_shd": null,
        "avg_js": null,
        "avg_oracle_js": null,
        "avg_intv_base_js": null
    }
}