{
    "expt_args": {
        "save_dir": "all_expt_logs/expt_logs_sim_compsel_n48-all",
        "exp_name": "166",
        "num_nodes": 8,
        "num_tgt_prior": 9,
        "obs_noise_mean": 0.0,
        "obs_noise_var": 1.0,
        "obs_noise_gamma_shape": 2.0,
        "noise_type": "gaussian",
        "max_edge_strength": 1.0,
        "graph_sparsity_method": "adj_dense_prop",
        "adj_dense_prop": 0.8,
        "num_parents": null,
        "new_noise_mean": 1.0,
        "mix_samples": 2048,
        "stage2_samples": 2048,
        "gmm_tol": 0.001,
        "intv_type": "do",
        "new_noise_var": null,
        "dtype": "simulation",
        "cutoff_drop_ratio": 0.07,
        "intv_targets": [
            0,
            1,
            2,
            3,
            4,
            5,
            6,
            7
        ]
    },
    "intv_args_dict": {
        "0": {
            "intv_type": "do",
            "inode": 0,
            "new_mui": 1.0,
            "new_vari": null,
            "noise_type": "gaussian",
            "obs_noise_gamma_shape": 2.0,
            "true_params": {
                "Si": [
                    [
                        1e-09,
                        6.984872744910483e-10,
                        3.5654422362962833e-10,
                        1.110392796238876e-10,
                        -7.749698819643398e-10,
                        8.882667394077344e-10,
                        -2.604211430976686e-09,
                        1.0564932923581037e-09
                    ],
                    [
                        6.984872744910483e-10,
                        1.0000000004878844,
                        -0.5368793908144209,
                        1.100750989098492,
                        0.35750139382970664,
                        -0.43469631360500527,
                        -1.0875355347522457,
                        0.09439753238155843
                    ],
                    [
                        3.5654422362962833e-10,
                        -0.5368793908144209,
                        1.2882394806757982,
                        -1.4901891593707348,
                        -0.2910151878555682,
                        1.5246558202333995,
                        0.3797081157675578,
                        0.7808378091060358
                    ],
                    [
                        1.110392796238876e-10,
                        1.100750989098492,
                        -1.4901891593707348,
                        3.0202469000504255,
                        -0.028167322293385866,
                        -2.7662472952015964,
                        -2.302975687465496,
                        -0.5097229083695797
                    ],
                    [
                        -7.749698819643398e-10,
                        0.35750139382970664,
                        -0.2910151878555682,
                        -0.028167322293385866,
                        1.3985223253842893,
                        0.8722126482198014,
                        1.114513892705966,
                        0.18282761322480243
                    ],
                    [
                        8.882667394077344e-10,
                        -0.43469631360500527,
                        1.5246558202333995,
                        -2.7662472952015964,
                        0.8722126482198014,
                        4.462135725373722,
                        2.1401010620035326,
                        1.6155099205047407
                    ],
                    [
                        -2.604211430976686e-09,
                        -1.0875355347522457,
                        0.3797081157675578,
                        -2.302975687465496,
                        1.114513892705966,
                        2.1401010620035326,
                        4.566840242953521,
                        -1.0642408211069803
                    ],
                    [
                        1.0564932923581037e-09,
                        0.09439753238155843,
                        0.7808378091060358,
                        -0.5097229083695797,
                        0.18282761322480243,
                        1.6155099205047407,
                        -1.0642408211069803,
                        2.8720751653246284
                    ]
                ],
                "mui": [
                    1.0,
                    0.6984872744910482,
                    0.3565442236296283,
                    0.1110392796238876,
                    -0.7749698819643397,
                    0.8882667394077343,
                    -2.6042114309766857,
                    1.0564932923581036
                ],
                "Ai": [
                    [
                        0.0,
                        0.0,
                        0.0,
                        0.0,
                        0.0,
                        0.0,
                        0.0,
                        0.0
                    ],
                    [
                        0.6984872744910482,
                        0.0,
                        0.0,
                        0.0,
                        0.0,
                        0.0,
                        0.0,
                        0.0
                    ],
                    [
                        0.7315476462239598,
                        -0.5368793910634625,
                        0.0,
                        0.0,
                        0.0,
                        0.0,
                        0.0,
                        0.0
                    ],
                    [
                        0.0,
                        0.617979033836177,
                        -0.8992186387122628,
                        0.0,
                        0.0,
                        0.0,
                        0.0,
                        0.0
                    ],
                    [
                        -0.9521982743042743,
                        0.6199599017806605,
                        -0.5583847237916004,
                        -0.5107819693154321,
                        0.0,
                        0.0,
                        0.0,
                        0.0
                    ],
                    [
                        0.7996387493913117,
                        0.5951477701102029,
                        0.6021231932220606,
                        -0.8303094064173449,
                        0.5801022109543057,
                        0.0,
                        0.0,
                        0.0
                    ],
                    [
                        -0.9101865190325755,
                        -0.9114130613450679,
                        -0.9033159369489465,
                        -0.8683482165047987,
                        0.8244470679493303,
                        0.0,
                        0.0,
                        0.0
                    ],
                    [
                        -0.5682373530464622,
                        -0.850688887489265,
                        -0.0,
                        -0.0,
                        0.6893117198431431,
                        0.5598824556108184,
                        -0.8662111070940226,
                        0.0
                    ]
                ]
            },
            "oracle_est_tgt": [
                0,
                1,
                4,
                5,
                7
            ]
        },
        "1": {
            "intv_type": "do",
            "inode": 1,
            "new_mui": 1.0,
            "new_vari": null,
            "noise_type": "gaussian",
            "obs_noise_gamma_shape": 2.0,
            "true_params": {
                "Si": [
                    [
                        1.0,
                        0.0,
                        0.7315476462239598,
                        -0.6578212785906692,
                        -1.024680056545298,
                        1.191896583162372,
                        -1.8445817006659793,
                        0.9905578177616748
                    ],
                    [
                        0.0,
                        1e-09,
                        -5.368793910634626e-10,
                        1.1007509890209325e-09,
                        3.575013943710133e-10,
                        -4.346963142254483e-10,
                        -1.0875355329332373e-09,
                        9.439753164361132e-11
                    ],
                    [
                        0.7315476462239598,
                        -5.368793910634626e-10,
                        1.5351619589840553,
                        -1.3804462472922732,
                        -0.8486823403552908,
                        2.163205467625996,
                        -1.5535666987911108,
                        1.5561581380176805
                    ],
                    [
                        -0.6578212785906692,
                        1.1007509890209325e-09,
                        -1.3804462472922732,
                        2.2413229959858505,
                        0.2523690096989182,
                        -3.0718098322550267,
                        0.10753521789528109,
                        -1.2652410948987918
                    ],
                    [
                        -1.024680056545298,
                        3.575013943710133e-10,
                        -0.8486823403552908,
                        0.2523690096989182,
                        2.320684296215975,
                        -0.19369547101465223,
                        3.393415441091478,
                        -0.8659244758258927
                    ],
                    [
                        1.191896583162372,
                        -4.346963142254483e-10,
                        2.163205467625996,
                        -3.0718098322550267,
                        -0.19369547101465223,
                        5.693792304126613,
                        -0.5311972493533902,
                        2.8371866570176323
                    ],
                    [
                        -1.8445817006659793,
                        -1.0875355329332373e-09,
                        -1.5535666987911108,
                        0.10753521789528109,
                        3.393415441091478,
                        -0.5311972493533902,
                        6.786588352393753,
                        -2.7887449726695035
                    ],
                    [
                        0.9905578177616748,
                        9.439753164361132e-11,
                        1.5561581380176805,
                        -1.2652410948987918,
                        -0.8659244758258927,
                        2.8371866570176323,
                        -2.7887449726695035,
                        3.8443690605657252
                    ]
                ],
                "mui": [
                    0.0,
                    1.0,
                    -0.5368793910634625,
                    1.1007509890209324,
                    0.35750139437101325,
                    -0.4346963142254483,
                    -1.0875355329332372,
                    0.09439753164361131
                ],
                "Ai": [
                    [
                        0.0,
                        0.0,
                        0.0,
                        0.0,
                        0.0,
                        0.0,
                        0.0,
                        0.0
                    ],
                    [
                        0.0,
                        0.0,
                        0.0,
                        0.0,
                        0.0,
                        0.0,
                        0.0,
                        0.0
                    ],
                    [
                        0.7315476462239598,
                        -0.5368793910634625,
                        0.0,
                        0.0,
                        0.0,
                        0.0,
                        0.0,
                        0.0
                    ],
                    [
                        0.0,
                        0.617979033836177,
                        -0.8992186387122628,
                        0.0,
                        0.0,
                        0.0,
                        0.0,
                        0.0
                    ],
                    [
                        -0.9521982743042743,
                        0.6199599017806605,
                        -0.5583847237916004,
                        -0.5107819693154321,
                        0.0,
                        0.0,
                        0.0,
                        0.0
                    ],
                    [
                        0.7996387493913117,
                        0.5951477701102029,
                        0.6021231932220606,
                        -0.8303094064173449,
                        0.5801022109543057,
                        0.0,
                        0.0,
                        0.0
                    ],
                    [
                        -0.9101865190325755,
                        -0.9114130613450679,
                        -0.9033159369489465,
                        -0.8683482165047987,
                        0.8244470679493303,
                        0.0,
                        0.0,
                        0.0
                    ],
                    [
                        -0.5682373530464622,
                        -0.850688887489265,
                        -0.0,
                        -0.0,
                        0.6893117198431431,
                        0.5598824556108184,
                        -0.8662111070940226,
                        0.0
                    ]
                ]
            },
            "oracle_est_tgt": [
                1,
                3,
                5
            ]
        },
        "2": {
            "intv_type": "do",
            "inode": 2,
            "new_mui": 1.0,
            "new_vari": null,
            "noise_type": "gaussian",
            "obs_noise_gamma_shape": 2.0,
            "true_params": {
                "Si": [
                    [
                        1.0,
                        0.6984872744910482,
                        0.0,
                        0.43165049103684255,
                        -0.7396434600835345,
                        0.42786962375010507,
                        -2.5314167602260653,
                        0.7600203889686947
                    ],
                    [
                        0.6984872744910482,
                        1.4878844726259328,
                        0.0,
                        0.9194814088532238,
                        -0.21232419064670638,
                        0.5574248214747448,
                        -2.9653111410017603,
                        1.0716869244479543
                    ],
                    [
                        0.0,
                        0.0,
                        1e-09,
                        -8.992186387122629e-10,
                        -9.90800566650088e-11,
                        1.291276327437803e-09,
                        -2.0416729798500023e-10,
                        8.315178980360653e-10
                    ],
                    [
                        0.43165049103684255,
                        0.9194814088532238,
                        -8.992186387122629e-10,
                        1.5682202334820363,
                        -0.6419938674222374,
                        -0.7821383046826947,
                        -3.12196102722462,
                        0.7963653569296354
                    ],
                    [
                        -0.7396434600835345,
                        -0.21232419064670638,
                        -9.90800566650088e-11,
                        -0.6419938674222374,
                        1.9005736338586794,
                        0.9177686739856528,
                        2.991125136582782,
                        -0.16610068541440076
                    ],
                    [
                        0.42786962375010507,
                        0.5574248214747448,
                        1.291276327437803e-09,
                        -0.7821383046826947,
                        0.9177686739856528,
                        2.85570769954138,
                        0.5383346666371794,
                        1.0478512711462795
                    ],
                    [
                        -2.5314167602260653,
                        -2.9653111410017603,
                        -2.0416729798500023e-10,
                        -3.12196102722462,
                        2.991125136582782,
                        0.5383346666371794,
                        11.183658352969564,
                        -3.3631845411392707
                    ],
                    [
                        0.7600203889686947,
                        1.0716869244479543,
                        8.315178980360653e-10,
                        0.7963653569296354,
                        -0.16610068541440076,
                        1.0478512711462795,
                        -3.3631845411392707,
                        3.041862066831585
                    ]
                ],
                "mui": [
                    0.0,
                    0.0,
                    1.0,
                    -0.8992186387122628,
                    -0.0990800566650088,
                    1.291276327437803,
                    -0.20416729798500022,
                    0.8315178980360652
                ],
                "Ai": [
                    [
                        0.0,
                        0.0,
                        0.0,
                        0.0,
                        0.0,
                        0.0,
                        0.0,
                        0.0
                    ],
                    [
                        0.6984872744910482,
                        0.0,
                        0.0,
                        0.0,
                        0.0,
                        0.0,
                        0.0,
                        0.0
                    ],
                    [
                        0.0,
                        0.0,
                        0.0,
                        0.0,
                        0.0,
                        0.0,
                        0.0,
                        0.0
                    ],
                    [
                        0.0,
                        0.617979033836177,
                        -0.8992186387122628,
                        0.0,
                        0.0,
                        0.0,
                        0.0,
                        0.0
                    ],
                    [
                        -0.9521982743042743,
                        0.6199599017806605,
                        -0.5583847237916004,
                        -0.5107819693154321,
                        0.0,
                        0.0,
                        0.0,
                        0.0
                    ],
                    [
                        0.7996387493913117,
                        0.5951477701102029,
                        0.6021231932220606,
                        -0.8303094064173449,
                        0.5801022109543057,
                        0.0,
                        0.0,
                        0.0
                    ],
                    [
                        -0.9101865190325755,
                        -0.9114130613450679,
                        -0.9033159369489465,
                        -0.8683482165047987,
                        0.8244470679493303,
                        0.0,
                        0.0,
                        0.0
                    ],
                    [
                        -0.5682373530464622,
                        -0.850688887489265,
                        -0.0,
                        -0.0,
                        0.6893117198431431,
                        0.5598824556108184,
                        -0.8662111070940226,
                        0.0
                    ]
                ]
            },
            "est_params": {
                "mui": [
                    0.34396004455132057,
                    0.3214030874260564,
                    0.7786208490278522,
                    -0.6988319441518618,
                    0.11086348634690374,
                    1.5456994278721838,
                    -0.5593139776094264,
                    1.0810671699388068
                ],
                "Si": [
                    [
                        0.9356306129838118,
                        0.5411543665019379,
                        0.05358168057615875,
                        0.31078139880036276,
                        -0.5526890447973917,
                        0.5250740271106811,
                        -2.0980815979127887,
                        0.7035775398477084
                    ],
                    [
                        0.5411543665019379,
                        1.2644716223741548,
                        -0.18369227336747576,
                        1.09077218012366,
                        -0.10330551087560409,
                        0.14503119482552462,
                        -2.6140374427707385,
                        0.9200336993709939
                    ],
                    [
                        0.05358168057615873,
                        -0.18369227336747576,
                        0.5430082902025807,
                        -0.615770706981444,
                        -0.12065971736802752,
                        0.6981748926305738,
                        0.1316894490774188,
                        0.33364586159730764
                    ],
                    [
                        0.31078139880036276,
                        1.09077218012366,
                        -0.615770706981444,
                        2.1858509415905045,
                        -0.15047233709392155,
                        -1.3264473945057074,
                        -2.8877479240935986,
                        0.6112117830615138
                    ],
                    [
                        -0.5526890447973917,
                        -0.10330551087560406,
                        -0.12065971736802755,
                        -0.15047233709392152,
                        1.6890586813474218,
                        0.6151787357498484,
                        2.2011618795189722,
                        0.021359118907577104
                    ],
                    [
                        0.5250740271106811,
                        0.1450311948255246,
                        0.6981748926305738,
                        -1.3264473945057074,
                        0.6151787357498484,
                        3.457212182743922,
                        0.6442927316120146,
                        1.3213544836374305
                    ],
                    [
                        -2.0980815979127887,
                        -2.6140374427707385,
                        0.13168944907741884,
                        -2.8877479240935986,
                        2.2011618795189722,
                        0.6442927316120147,
                        9.741290635957055,
                        -3.2315455242231295
                    ],
                    [
                        0.7035775398477084,
                        0.9200336993709939,
                        0.33364586159730764,
                        0.6112117830615139,
                        0.02135911890757707,
                        1.3213544836374305,
                        -3.2315455242231295,
                        3.35590737814321
                    ]
                ]
            },
            "est_tgt": [
                2,
                3,
                5
            ],
            "oracle_est_tgt": [
                2,
                3,
                7
            ]
        },
        "3": {
            "intv_type": "do",
            "inode": 3,
            "new_mui": 1.0,
            "new_vari": null,
            "noise_type": "gaussian",
            "obs_noise_gamma_shape": 2.0,
            "true_params": {
                "Si": [
                    [
                        1.0,
                        0.6984872744910482,
                        0.3565442236296283,
                        0.0,
                        -0.7182530200466835,
                        1.0133652747580764,
                        -2.4610306200420067,
                        1.0416045564015874
                    ],
                    [
                        0.6984872744910482,
                        1.4878844726259328,
                        -0.28783778806487664,
                        0.0,
                        0.41805455790166246,
                        1.5132491819633678,
                        -1.3871587273613362,
                        0.6743505244628336
                    ],
                    [
                        0.3565442236296283,
                        -0.28783778806487664,
                        1.4153632639523286,
                        0.0,
                        -1.308265906477552,
                        0.20709566256203538,
                        -2.4192988097893284,
                        1.3520283683412324
                    ],
                    [
                        0.0,
                        0.0,
                        0.0,
                        1e-09,
                        -5.107819693154321e-10,
                        -1.1266151561328214e-09,
                        -1.2894609134682915e-09,
                        1.3408530753214089e-10
                    ],
                    [
                        -0.7182530200466835,
                        0.41805455790166246,
                        -1.308265906477552,
                        -5.107819693154321e-10,
                        2.6736120459532913,
                        0.43769230554677696,
                        3.658752887326383,
                        -1.0287402005357666
                    ],
                    [
                        1.0133652747580764,
                        1.5132491819633678,
                        0.20709566256203538,
                        -1.1266151561328214e-09,
                        0.43769230554677696,
                        3.0895363939958216,
                        -2.1277651549666663,
                        2.011441204891506
                    ],
                    [
                        -2.4610306200420067,
                        -1.3871587273613362,
                        -2.4192988097893284,
                        -1.2894609134682915e-09,
                        3.658752887326383,
                        -2.1277651549666663,
                        9.706110738115942,
                        -4.498328022873444
                    ],
                    [
                        1.0416045564015874,
                        0.6743505244628336,
                        1.3520283683412324,
                        1.3408530753214089e-10,
                        -1.0287402005357666,
                        2.011441204891506,
                        -4.498328022873444,
                        4.14800854748976
                    ]
                ],
                "mui": [
                    0.0,
                    0.0,
                    0.0,
                    1.0,
                    -0.5107819693154321,
                    -1.1266151561328213,
                    -1.2894609134682915,
                    0.13408530753214087
                ],
                "Ai": [
                    [
                        0.0,
                        0.0,
                        0.0,
                        0.0,
                        0.0,
                        0.0,
                        0.0,
                        0.0
                    ],
                    [
                        0.6984872744910482,
                        0.0,
                        0.0,
                        0.0,
                        0.0,
                        0.0,
                        0.0,
                        0.0
                    ],
                    [
                        0.7315476462239598,
                        -0.5368793910634625,
                        0.0,
                        0.0,
                        0.0,
                        0.0,
                        0.0,
                        0.0
                    ],
                    [
                        0.0,
                        0.0,
                        0.0,
                        0.0,
                        0.0,
                        0.0,
                        0.0,
                        0.0
                    ],
                    [
                        -0.9521982743042743,
                        0.6199599017806605,
                        -0.5583847237916004,
                        -0.5107819693154321,
                        0.0,
                        0.0,
                        0.0,
                        0.0
                    ],
                    [
                        0.7996387493913117,
                        0.5951477701102029,
                        0.6021231932220606,
                        -0.8303094064173449,
                        0.5801022109543057,
                        0.0,
                        0.0,
                        0.0
                    ],
                    [
                        -0.9101865190325755,
                        -0.9114130613450679,
                        -0.9033159369489465,
                        -0.8683482165047987,
                        0.8244470679493303,
                        0.0,
                        0.0,
                        0.0
                    ],
                    [
                        -0.5682373530464622,
                        -0.850688887489265,
                        -0.0,
                        -0.0,
                        0.6893117198431431,
                        0.5598824556108184,
                        -0.8662111070940226,
                        0.0
                    ]
                ]
            },
            "est_params": {
                "mui": [
                    0.04740161491952706,
                    0.28619735620000175,
                    -0.3982073141195966,
                    1.0333673302375102,
                    -0.12981199888325018,
                    -0.8799305571690129,
                    -1.0469106410121747,
                    0.052049160774819296
                ],
                "Si": [
                    [
                        0.9520323071168177,
                        0.5622457319253581,
                        0.27813104829299723,
                        0.018941765652489163,
                        -0.7510749323678435,
                        0.8499936230451305,
                        -2.259322085464658,
                        0.9383073024888231
                    ],
                    [
                        0.5622457319253581,
                        1.4056387850298073,
                        -0.47060754504273283,
                        0.6786881561435646,
                        0.2040040136972336,
                        0.504593039934132,
                        -1.7183146913329077,
                        0.45943772651115616
                    ],
                    [
                        0.27813104829299723,
                        -0.470607545042733,
                        1.3934541838073693,
                        -0.8054014887340701,
                        -1.0053131678358573,
                        0.8878067735346266,
                        -1.3009913629617509,
                        1.0824999891327254
                    ],
                    [
                        0.018941765652489163,
                        0.6786881561435646,
                        -0.8054014887340701,
                        1.5176442954533842,
                        0.07765732423132025,
                        -1.3115295559638342,
                        -1.0031494011908368,
                        -0.31636246711962746
                    ],
                    [
                        -0.7510749323678435,
                        0.20400401369723362,
                        -1.0053131678358573,
                        0.07765732423132025,
                        2.4570723623635424,
                        0.2476495559274161,
                        3.371113873779784,
                        -0.7543111300947046
                    ],
                    [
                        0.8499936230451305,
                        0.504593039934132,
                        0.8878067735346266,
                        -1.311529555963834,
                        0.2476495559274161,
                        3.8110858445219993,
                        -0.8549045277905603,
                        2.1564779775114444
                    ],
                    [
                        -2.2593220854646576,
                        -1.718314691332908,
                        -1.300991362961751,
                        -1.0031494011908368,
                        3.371113873779784,
                        -0.8549045277905605,
                        9.25342773460836,
                        -3.428147931819134
                    ],
                    [
                        0.9383073024888231,
                        0.45943772651115616,
                        1.0824999891327254,
                        -0.31636246711962746,
                        -0.7543111300947046,
                        2.1564779775114444,
                        -3.428147931819134,
                        3.6244007987909996
                    ]
                ]
            },
            "est_tgt": [
                3,
                5,
                6
            ],
            "oracle_est_tgt": [
                2,
                3
            ]
        },
        "4": {
            "intv_type": "do",
            "inode": 4,
            "new_mui": 1.0,
            "new_vari": null,
            "noise_type": "gaussian",
            "obs_noise_gamma_shape": 2.0,
            "true_params": {
                "Si": [
                    [
                        1.0,
                        0.6984872744910482,
                        0.3565442236296283,
                        0.1110392796238876,
                        0.0,
                        1.337828481358245,
                        -1.9652897840421475,
                        1.2889498194160067
                    ],
                    [
                        0.6984872744910482,
                        1.4878844726259328,
                        -0.28783778806487664,
                        1.178310512806871,
                        0.0,
                        0.29237250616109844,
                        -2.7550064141509165,
                        0.8874780460312263
                    ],
                    [
                        0.3565442236296283,
                        -0.28783778806487664,
                        1.4153632639523286,
                        -1.450598745664433,
                        0.0,
                        2.1704693908881825,
                        -0.0810779854340301,
                        1.327697045749332
                    ],
                    [
                        0.1110392796238876,
                        1.178310512806871,
                        -1.450598745664433,
                        3.0325766216574874,
                        0.0,
                        -2.601355858580753,
                        -2.4979775828427315,
                        -0.3581499040837742
                    ],
                    [
                        0.0,
                        0.0,
                        0.0,
                        0.0,
                        1e-09,
                        5.801022109543058e-10,
                        8.244470679493304e-10,
                        2.9995556274869464e-10
                    ],
                    [
                        1.337828481358245,
                        0.29237250616109844,
                        2.1704693908881825,
                        -2.601355858580753,
                        5.801022109543058e-10,
                        5.710604538404013,
                        -1.1858824400815122,
                        3.215569676614352
                    ],
                    [
                        -1.9652897840421475,
                        -2.7550064141509165,
                        -0.0810779854340301,
                        -2.4979775828427315,
                        8.244470679493304e-10,
                        -1.1858824400815122,
                        7.54208251336263,
                        -3.7365860094114023
                    ],
                    [
                        1.2889498194160067,
                        0.8874780460312263,
                        1.327697045749332,
                        -0.3581499040837742,
                        2.9995556274869464e-10,
                        3.215569676614352,
                        -3.7365860094114023,
                        4.549616205657461
                    ]
                ],
                "mui": [
                    0.0,
                    0.0,
                    0.0,
                    0.0,
                    1.0,
                    0.5801022109543057,
                    0.8244470679493303,
                    0.2999555627486946
                ],
                "Ai": [
                    [
                        0.0,
                        0.0,
                        0.0,
                        0.0,
                        0.0,
                        0.0,
                        0.0,
                        0.0
                    ],
                    [
                        0.6984872744910482,
                        0.0,
                        0.0,
                        0.0,
                        0.0,
                        0.0,
                        0.0,
                        0.0
                    ],
                    [
                        0.7315476462239598,
                        -0.5368793910634625,
                        0.0,
                        0.0,
                        0.0,
                        0.0,
                        0.0,
                        0.0
                    ],
                    [
                        0.0,
                        0.617979033836177,
                        -0.8992186387122628,
                        0.0,
                        0.0,
                        0.0,
                        0.0,
                        0.0
                    ],
                    [
                        0.0,
                        0.0,
                        0.0,
                        0.0,
                        0.0,
                        0.0,
                        0.0,
                        0.0
                    ],
                    [
                        0.7996387493913117,
                        0.5951477701102029,
                        0.6021231932220606,
                        -0.8303094064173449,
                        0.5801022109543057,
                        0.0,
                        0.0,
                        0.0
                    ],
                    [
                        -0.9101865190325755,
                        -0.9114130613450679,
                        -0.9033159369489465,
