{
    "expt_args": {
        "save_dir": "all_expt_logs/expt_logs_sim_compsel_n48-all",
        "exp_name": "197",
        "num_nodes": 8,
        "num_tgt_prior": 9,
        "obs_noise_mean": 0.0,
        "obs_noise_var": 1.0,
        "obs_noise_gamma_shape": 2.0,
        "noise_type": "gaussian",
        "max_edge_strength": 1.0,
        "graph_sparsity_method": "adj_dense_prop",
        "adj_dense_prop": 0.8,
        "num_parents": null,
        "new_noise_mean": 1.0,
        "mix_samples": 1048576,
        "stage2_samples": 1048576,
        "gmm_tol": 0.001,
        "intv_type": "do",
        "new_noise_var": null,
        "dtype": "simulation",
        "cutoff_drop_ratio": 0.07,
        "intv_targets": [
            0,
            1,
            2,
            3,
            4,
            5,
            6,
            7
        ]
    },
    "intv_args_dict": {
        "0": {
            "intv_type": "do",
            "inode": 0,
            "new_mui": 1.0,
            "new_vari": null,
            "noise_type": "gaussian",
            "obs_noise_gamma_shape": 2.0,
            "true_params": {
                "Si": [
                    [
                        1e-09,
                        -8.166908794572074e-10,
                        1.4590926144667315e-09,
                        9.435934469237063e-10,
                        -9.306890183424106e-10,
                        -2.7518486552374133e-09,
                        -5.637783039088534e-09,
                        7.985596638096488e-09
                    ],
                    [
                        -8.166908794572074e-10,
                        1.000000000666984,
                        -0.7538192969777849,
                        -1.2763035871738901,
                        -0.8718784879281966,
                        2.913396501284993,
                        2.8444514872734654,
                        -3.1922030976075004
                    ],
                    [
                        1.4590926144667315e-09,
                        -0.7538192969777849,
                        1.5682435328284892,
                        1.8798251652471643,
                        0.5308246873151656,
                        -3.666837355735678,
                        -4.895878647511212,
                        5.870741938081398
                    ],
                    [
                        9.435934469237063e-10,
                        -1.2763035871738901,
                        1.8798251652471643,
                        3.471166154183446,
                        1.6595586908874638,
                        -6.284291750267139,
                        -7.09840846097663,
                        7.444912645423692
                    ],
                    [
                        -9.306890183424106e-10,
                        -0.8718784879281966,
                        0.5308246873151656,
                        1.6595586908874638,
                        2.215443483498289,
                        -3.745475573057698,
                        -2.218347098749277,
                        1.5186217826515667
                    ],
                    [
                        -2.7518486552374133e-09,
                        2.913396501284993,
                        -3.666837355735678,
                        -6.284291750267139,
                        -3.745475573057698,
                        13.472387372394161,
                        13.869470269369941,
                        -15.423721456332864
                    ],
                    [
                        -5.637783039088534e-09,
                        2.8444514872734654,
                        -4.895878647511212,
                        -7.09840846097663,
                        -2.218347098749277,
                        13.869470269369941,
                        18.337513041391716,
                        -21.156228876487443
                    ],
                    [
                        7.985596638096488e-09,
                        -3.1922030976075004,
                        5.870741938081398,
                        7.444912645423692,
                        1.5186217826515667,
                        -15.423721456332864,
                        -21.156228876487443,
                        26.77329405688418
                    ]
                ],
                "mui": [
                    1.0,
                    -0.8166908794572073,
                    1.4590926144667313,
                    0.9435934469237062,
                    -0.9306890183424106,
                    -2.751848655237413,
                    -5.637783039088534,
                    7.985596638096487
                ],
                "Ai": [
                    [
                        0.0,
                        0.0,
                        0.0,
                        0.0,
                        0.0,
                        0.0,
                        0.0,
                        0.0
                    ],
                    [
                        -0.8166908794572073,
                        0.0,
                        0.0,
                        0.0,
                        0.0,
                        0.0,
                        0.0,
                        0.0
                    ],
                    [
                        0.8434552708393219,
                        -0.7538192957861573,
                        0.0,
                        0.0,
                        0.0,
                        0.0,
                        0.0,
                        0.0
                    ],
                    [
                        -0.872810262914828,
                        -0.5845063613556778,
                        0.9177228931585171,
                        0.0,
                        0.0,
                        0.0,
                        0.0,
                        0.0
                    ],
                    [
                        -0.9576294671261381,
                        -0.5797668184424505,
                        -0.7346718793518368,
                        0.6627901997491096,
                        0.0,
                        0.0,
                        0.0,
                        0.0
                    ],
                    [
                        -0.7539710850630048,
                        0.7546303017896803,
                        -0.7843662997809244,
                        -0.8284271463670244,
                        -0.5851402622561948,
                        0.0,
                        0.0,
                        0.0
                    ],
                    [
                        -0.769854185310425,
                        0.0,
                        -0.9383716131934658,
                        -0.7163571281672465,
                        0.9507420297040754,
                        0.7042402937152946,
                        0.0,
                        0.0
                    ],
                    [
                        -0.0,
                        0.0,
                        0.6857753670624099,
                        -0.9400228708619605,
                        -0.8938646971466495,
                        -0.7228822939311922,
                        -0.8958864725282156,
                        0.0
                    ]
                ]
            },
            "est_params": {
                "mui": [
                    0.8310487775983192,
                    -0.5221135566882613,
                    1.1262131130034325,
                    0.5801623476023656,
                    -0.7724628829600484,
                    -1.935926055876218,
                    -4.212170100003628,
                    6.088185665616597
                ],
                "Si": [
                    [
                        0.34018273276308403,
                        -0.17311898566204936,
                        0.4059659631812774,
                        0.1429235509593745,
                        -0.31744647711868706,
                        -0.6378383623730237,
                        -1.496584506150812,
                        2.2298867240391065
                    ],
                    [
                        -0.17311898566204936,
                        1.3769565292322306,
                        -1.16052336776739,
                        -1.5485524534849189,
                        -0.8929494156747584,
                        3.8847963963149144,
                        4.221271397291982,
                        -5.130729588824712
                    ],
                    [
                        0.4059659631812774,
                        -1.16052336776739,
                        2.182680538972299,
                        2.0630818797845505,
                        0.22622860558585148,
                        -4.736810068546306,
                        -6.962742723607157,
                        9.017201010314672
                    ],
                    [
                        0.1429235509593745,
                        -1.5485524534849189,
                        2.0630818797845505,
                        3.4856084237945892,
                        1.5855477845943333,
                        -6.709881708609855,
                        -7.7631914900426535,
                        8.523886763256206
                    ],
                    [
                        -0.31744647711868706,
                        -0.8929494156747584,
                        0.2262286055858514,
                        1.585547784594333,
                        2.9776950627119034,
                        -3.6674553604380797,
                        -0.8593312838519439,
                        -0.5829440305589589
                    ],
                    [
                        -0.6378383623730237,
                        3.8847963963149144,
                        -4.736810068546305,
                        -6.709881708609855,
                        -3.6674553604380793,
                        15.830580799500188,
                        17.41170132433957,
                        -20.701485538220854
                    ],
                    [
                        -1.496584506150812,
                        4.221271397291981,
                        -6.962742723607157,
                        -7.7631914900426535,
                        -0.8593312838519439,
                        17.41170132433957,
                        25.702524788372937,
                        -32.32876081331819
                    ],
                    [
                        2.2298867240391065,
                        -5.130729588824712,
                        9.017201010314672,
                        8.523886763256206,
                        -0.5829440305589587,
                        -20.701485538220854,
                        -32.32876081331819,
                        43.624894066036255
                    ]
                ]
            },
            "est_tgt": [
                0,
                1,
                2,
                3,
                4,
                5
            ],
            "oracle_est_tgt": [
                0
            ]
        },
        "1": {
            "intv_type": "do",
            "inode": 1,
            "new_mui": 1.0,
            "new_vari": null,
            "noise_type": "gaussian",
            "obs_noise_gamma_shape": 2.0,
            "true_params": {
                "Si": [
                    [
                        1.0,
                        0.0,
                        0.8434552708393219,
                        -0.09875205151036492,
                        -1.6427442280490643,
                        -0.3725043062308606,
                        -3.3147454561341174,
                        5.378553488231662
                    ],
                    [
                        0.0,
                        1e-09,
                        -7.538192957861573e-10,
                        -1.276303586403266e-09,
                        -8.718784886882818e-10,
                        2.9133964990375836e-09,
                        2.84445148266914e-09,
                        -3.1922030910857367e-09
                    ],
                    [
                        0.8434552708393219,
                        -7.538192957861573e-10,
                        1.7114167944748775,
                        0.8344299557680058,
                        -1.51199541681259,
                        -1.7848535771670475,
                        -5.5475157543328395,
                        8.000966931847591
                    ],
                    [
                        -0.09875205151036492,
                        -1.276303586403266e-09,
                        0.8344299557680058,
                        1.8519672779336955,
                        0.7090014134843801,
                        -2.5291277866157613,
                        -3.1406869165786246,
                        2.8395491971613325
                    ],
                    [
                        -1.6427442280490643,
                        -8.718784886882818e-10,
                        -1.51199541681259,
                        0.7090014134843801,
                        4.153879983143433,
                        -0.593418542644155,
                        5.70694791889658,
                        -10.100179111820733
                    ],
                    [
                        -0.3725043062308606,
                        2.9133964990375836e-09,
                        -1.7848535771670475,
                        -2.5291277866157613,
                        -0.593418542644155,
                        5.123267670865458,
                        6.817212227321231,
                        -8.127102469531037
                    ],
                    [
                        -3.3147454561341174,
                        2.84445148266914e-09,
                        -5.5475157543328395,
                        -3.1406869165786246,
                        5.70694791889658,
                        6.817212227321231,
                        21.234146219401133,
                        -29.904697760816827
                    ],
                    [
                        5.378553488231662,
                        -3.1922030910857367e-09,
                        8.000966931847591,
                        2.8395491971613325,
                        -10.100179111820733,
                        -8.127102469531037,
                        -29.904697760816827,
                        45.51197105433622
                    ]
                ],
                "mui": [
                    0.0,
                    1.0,
                    -0.7538192957861573,
                    -1.276303586403266,
                    -0.8718784886882818,
                    2.9133964990375834,
                    2.8444514826691396,
                    -3.1922030910857364
                ],
                "Ai": [
                    [
                        0.0,
                        0.0,
                        0.0,
                        0.0,
                        0.0,
                        0.0,
                        0.0,
                        0.0
                    ],
                    [
                        0.0,
                        0.0,
                        0.0,
                        0.0,
                        0.0,
                        0.0,
                        0.0,
                        0.0
                    ],
                    [
                        0.8434552708393219,
                        -0.7538192957861573,
                        0.0,
                        0.0,
                        0.0,
                        0.0,
                        0.0,
                        0.0
                    ],
                    [
                        -0.872810262914828,
                        -0.5845063613556778,
                        0.9177228931585171,
                        0.0,
                        0.0,
                        0.0,
                        0.0,
                        0.0
                    ],
                    [
                        -0.9576294671261381,
                        -0.5797668184424505,
                        -0.7346718793518368,
                        0.6627901997491096,
                        0.0,
                        0.0,
                        0.0,
                        0.0
                    ],
                    [
                        -0.7539710850630048,
                        0.7546303017896803,
                        -0.7843662997809244,
                        -0.8284271463670244,
                        -0.5851402622561948,
                        0.0,
                        0.0,
                        0.0
                    ],
                    [
                        -0.769854185310425,
                        0.0,
                        -0.9383716131934658,
                        -0.7163571281672465,
                        0.9507420297040754,
                        0.7042402937152946,
                        0.0,
                        0.0
                    ],
                    [
                        -0.0,
                        0.0,
                        0.6857753670624099,
                        -0.9400228708619605,
                        -0.8938646971466495,
                        -0.7228822939311922,
                        -0.8958864725282156,
                        0.0
                    ]
                ]
            },
            "est_params": {
                "mui": [
                    -0.5898876544398164,
                    0.7355416199111355,
                    -1.087721814226024,
                    -0.4240104114207535,
                    0.9088406820554487,
                    1.6766993219268926,
                    3.8232121449828473,
                    -5.794305467703745
                ],
                "Si": [
                    [
                        0.6127373870112371,
                        -0.28423616829997905,
                        0.6981356133003366,
                        0.21415723401397516,
                        -0.5305834717758214,
                        -1.0902497039383638,
                        -2.55271344225368,
                        3.82681422755788
                    ],
                    [
                        -0.28423616829997905,
                        0.8541014893062493,
                        -0.8701153643129513,
                        -0.723051856397496,
                        0.013457114476216465,
                        2.1300313077526507,
                        3.0661133451627705,
                        -4.218629412145545
                    ],
                    [
                        0.6981356133003367,
                        -0.8701153643129513,
                        2.2127395199014255,
                        1.3759018908272223,
                        -0.6740293823366506,
                        -3.6644731892853257,
                        -6.81796727680801,
                        9.586313871425249
                    ],
                    [
                        0.21415723401397516,
                        -0.723051856397496,
                        1.3759018908272225,
                        2.9596411708028776,
                        0.767653628724207,
                        -4.68388531907544,
                        -6.145419854941054,
                        6.36599976962187
                    ],
                    [
                        -0.5305834717758214,
                        0.013457114476216458,
                        -0.6740293823366504,
                        0.767653628724207,
                        2.0854201494340407,
                        -0.91442292607642,
                        1.8258779232409261,
                        -4.024356313461646
                    ],
                    [
                        -1.0902497039383638,
                        2.1300313077526507,
                        -3.6644731892853257,
                        -4.68388531907544,
                        -0.91442292607642,
                        10.716718736269423,
                        14.308868523566781,
                        -17.861580836733737
                    ],
                    [
                        -2.55271344225368,
                        3.0661133451627705,
                        -6.81796727680801,
                        -6.145419854941054,
                        1.8258779232409261,
                        14.308868523566781,
                        25.56388056153474,
                        -33.780527171276034
                    ],
                    [
                        3.82681422755788,
                        -4.218629412145545,
                        9.586313871425249,
                        6.36599976962187,
                        -4.024356313461646,
                        -17.861580836733737,
                        -33.78052717127603,
                        48.37473328312138
                    ]
                ]
            },
            "est_tgt": [
                0,
                1,
                2,
                3,
                4,
                5
            ],
            "oracle_est_tgt": [
                1,
                2,
                4,
                5
            ]
        },
        "2": {
            "intv_type": "do",
            "inode": 2,
            "new_mui": 1.0,
            "new_vari": null,
            "noise_type": "gaussian",
            "obs_noise_gamma_shape": 2.0,
            "true_params": {
                "Si": [
                    [
                        1.0,
                        -0.8166908794572073,
                        0.0,
                        -0.3954492486109273,
                        -0.7462390807697379,
                        -0.6060153459095159,
                        -1.622832580734423,
                        2.9307196275572838
                    ],
                    [
                        -0.8166908794572073,
                        1.6669839925885868,
                        0.0,
                        -0.2615465667269278,
                        -0.3577252552808302,
                        2.299709667557472,
                        2.0955374155359596,
                        -2.974165291623046
                    ],
                    [
                        0.0,
                        0.0,
                        1e-09,
                        9.177228931585172e-10,
                        -1.2641413968097248e-10,
                        -1.4706628544701089e-09,
                        -2.7516762257216235e-09,
                        3.4643976403010296e-09
                    ],
                    [
                        -0.3954492486109273,
                        -0.2615465667269278,
                        9.177228931585172e-10,
                        1.4980277955344166,
                        1.52320801524628,
                        -2.0315108955835033,
                        -0.751178580978709,
                        -0.6282082741020095
                    ],
                    [
                        -0.7462390807697379,
                        -0.3577252552808302,
                        -1.2641413968097248e-10,
                        1.52320801524628,
                        2.931585111174303,
                        -2.6845629779795717,
                        0.3799381190268185,
                        -2.45204918656721
                    ],
                    [
                        -0.6060153459095159,
                        2.299709667557472,
                        -1.4706628544701089e-09,
                        -2.0315108955835033,
                        -2.6845629779795717,
                        6.446153308551306,
                        3.9091448075867588,
                        -3.8526572664605734
                    ],
                    [
                        -1.622832580734423,
                        2.0955374155359596,
                        -2.7516762257216235e-09,
                        -0.751178580978709,
                        0.3799381190268185,
                        3.9091448075867588,
                        5.901657013845288,
                        -7.74655447738657
                    ],
                    [
                        2.9307196275572838,
                        -2.974165291623046,
                        3.4643976403010296e-09,
                        -0.6282082741020095,
                        -2.45204918656721,
                        -3.8526572664605734,
                        -7.74655447738657,
                        13.507381438739197
                    ]
                ],
                "mui": [
                    0.0,
                    0.0,
                    1.0,
                    0.9177228931585171,
                    -0.12641413968097248,
                    -1.4706628544701088,
                    -2.7516762257216234,
                    3.4643976403010295
                ],
                "Ai": [
                    [
                        0.0,
                        0.0,
                        0.0,
                        0.0,
                        0.0,
                        0.0,
                        0.0,
                        0.0
                    ],
                    [
                        -0.8166908794572073,
                        0.0,
                        0.0,
                        0.0,
                        0.0,
                        0.0,
                        0.0,
                        0.0
                    ],
                    [
                        0.0,
                        0.0,
                        0.0,
                        0.0,
                        0.0,
                        0.0,
                        0.0,
                        0.0
                    ],
                    [
                        -0.872810262914828,
                        -0.5845063613556778,
                        0.9177228931585171,
                        0.0,
                        0.0,
                        0.0,
                        0.0,
                        0.0
                    ],
                    [
                        -0.9576294671261381,
                        -0.5797668184424505,
                        -0.7346718793518368,
                        0.6627901997491096,
                        0.0,
                        0.0,
                        0.0,
                        0.0
                    ],
                    [
                        -0.7539710850630048,
                        0.7546303017896803,
                        -0.7843662997809244,
                        -0.8284271463670244,
                        -0.5851402622561948,
                        0.0,
                        0.0,
                        0.0
                    ],
                    [
                        -0.769854185310425,
                        0.0,
                        -0.9383716131934658,
                        -0.7163571281672465,
                        0.9507420297040754,
                        0.7042402937152946,
                        0.0,
                        0.0
                    ],
                    [
                        -0.0,
                        0.0,
                        0.6857753670624099,
                        -0.9400228708619605,
                        -0.8938646971466495,
                        -0.7228822939311922,
                        -0.8958864725282156,
                        0.0
                    ]
                ]
            },
            "est_params": {
                "mui": [
                    -0.0012085882913882295,
                    0.0025273212450648793,
                    1.000000614773353,
                    0.918746863789284,
                    -0.12440265659876142,
                    -1.473169730558082,
                    -2.747577456170656,
                    3.4624454678004475
                ],
                "Si": [
                    [
                        0.9999108777367142,
                        -0.8143648813832692,
                        2.576371109936963e-07,
                        -0.39470840280240843,
                        -0.7502261177292074,
                        -0.6020972806439658,
                        -1.6239273298491101,
                        2.932858702336216
                    ],
                    [
                        -0.8143648813832692,
                        1.6671153538266714,
                        -5.359572220636985e-07,
                        -0.26667961163278175,
                        -0.3593035490899292,
                        2.3025658949244856,
                        2.0972876963820153,
                        -2.972579034257212
                    ],
                    [
                        2.576371109936963e-07,
                        -5.359572220636988e-07,
                        1.0250778130355612e-06,
                        4.7305155102084927e-07,
                        5.380251503347062e-07,
                        -1.259384029570594e-06,
                        -6.644839636372078e-07,
                        3.2627457458347917e-07
                    ],
                    [
                        -0.39470840280240843,
                        -0.26667961163278175,
                        4.730515510208495e-07,
                        1.4978025811631037,
                        1.5252634376497185,
                        -2.0367054399348965,
                        -0.7504751556848299,
                        -0.627413162375909
                    ],
                    [
                        -0.7502261177292074,
                        -0.3593035490899292,
                        5.380251503347065e-07,
                        1.5252634376497185,
                        2.9386786188244702,
                        -2.686891583638041,
                        0.388383448007421,
                        -2.4645189236776095
                    ],
                    [
                        -0.6020972806439658,
                        2.3025658949244856,
                        -1.2593840295705929e-06,
                        -2.0367054399348965,
                        -2.6868915836380416,
                        6.446253033354204,
                        3.90713494762482,
                        -3.847044027188065
                    ],
                    [
                        -1.6239273298491101,
                        2.097287696382015,
                        -6.644839636372078e-07,
                        -0.7504751556848299,
                        0.388383448007421,
                        3.90713494762482,
                        5.905467170165689,
                        -7.755636510565208
                    ],
                    [
                        2.9328587023362163,
                        -2.9725790342572127,
                        3.262745745834792e-07,
                        -0.627413162375909,
                        -2.4645189236776095,
                        -3.847044027188065,
                        -7.755636510565208,
                        13.524603050541
                    ]
                ]
            },
            "est_tgt": [
                0,
                1,
                2,
                4,
                5
            ],
            "oracle_est_tgt": [
                1,
                2,
                4,
                5
            ]
        },
        "3": {
            "intv_type": "do",
            "inode": 3,
            "new_mui": 1.0,
            "new_vari": null,
            "noise_type": "gaussian",
            "obs_noise_gamma_shape": 2.0,
            "true_params": {
                "Si": [
                    [
                        1.0,
                        -0.8166908794572073,
                        1.4590926144667313,
                        0.0,
                        -1.5560935075109246,
                        -1.604200881863517,
                        -4.748211675708411,
                        7.80505384746273
                    ],
                    [
                        -0.8166908794572073,
                        1.6669839925885868,
                        -1.9454469263045078,
                        0.0,
                        1.2448903954511912,
                        2.6712254564822135,
                        5.519039283656793,
                        -9.322317377466856
                    ],
                    [
                        1.4590926144667313,
                        -1.9454469263045078,
                        3.6971947882908993,
                        0.0,
                        -2.985589551410742,
                        -3.7211731854090893,
                        -10.051756760811253,
                        16.899361328755983
                    ],
                    [
                        0.0,
                        0.0,
                        0.0,
                        1e-09,
                        6.627901997491096e-10,
                        -1.2162523776690543e-09,
                        -9.427485600713887e-10,
                        1.9133535869961804e-10
                    ],
                    [
                        -1.5560935075109246,
                        1.2448903954511912,
                        -2.985589551410742,
                        6.627901997491096e-10,
                        3.9618435396632563,
                        2.1362431858709066,
                        9.270677279642172,
                        -15.438522587466277
                    ],
                    [
                        -1.604200881863517,
                        2.6712254564822135,
                        -3.7211731854090893,
                        -1.2162523776690543e-09,
                        2.1362431858709066,
                        5.894069697198503,
                        10.908701606027066,
                        -18.495078099341153
                    ],
                    [
                        -4.748211675708411,
                        5.519039283656793,
                        -10.051756760811253,
                        -9.427485600713887e-10,
                        9.270677279642172,
                        10.908701606027066,
                        30.58408359568954,
                        -50.46555232911895
                    ],
                    [
                        7.80505384746273,
                        -9.322317377466856,
                        16.899361328755983,
                        1.9133535869961804e-10,
                        -15.438522587466277,
                        -18.495078099341153,
                        -50.46555232911895,
                        84.97028617841607
                    ]
                ],
                "mui": [
                    0.0,
                    0.0,
                    0.0,
                    1.0,
                    0.6627901997491096,
                    -1.2162523776690541,
                    -0.9427485600713886,
                    0.19133535869961804
                ],
                "Ai": [
                    [
                        0.0,
                        0.0,
                        0.0,
                        0.0,
                        0.0,
                        0.0,
                        0.0,
                        0.0
                    ],
                    [
                        -0.8166908794572073,
                        0.0,
                        0.0,
                        0.0,
                        0.0,
                        0.0,
                        0.0,
                        0.0
                    ],
                    [
                        0.8434552708393219,
                        -0.7538192957861573,
                        0.0,
                        0.0,
                        0.0,
                        0.0,
                        0.0,
                        0.0
                    ],
                    [
                        0.0,
                        0.0,
                        0.0,
                        0.0,
                        0.0,
                        0.0,
                        0.0,
                        0.0
                    ],
                    [
                        -0.9576294671261381,
                        -0.5797668184424505,
                        -0.7346718793518368,
                        0.6627901997491096,
                        0.0,
                        0.0,
                        0.0,
                        0.0
                    ],
                    [
                        -0.7539710850630048,
                        0.7546303017896803,
                        -0.7843662997809244,
                        -0.8284271463670244,
                        -0.5851402622561948,
                        0.0,
                        0.0,
                        0.0
                    ],
                    [
                        -0.769854185310425,
                        0.0,
                        -0.9383716131934658,
                        -0.7163571281672465,
                        0.9507420297040754,
                        0.7042402937152946,
                        0.0,
                        0.0
                    ],
                    [
                        -0.0,
                        0.0,
                        0.6857753670624099,
                        -0.9400228708619605,
                        -0.8938646971466495,
                        -0.7228822939311922,
                        -0.8958864725282156,
                        0.0
                    ]
                ]
            },
            "oracle_est_tgt": [
                1,
                2,
                3,
                4,
                5
            ]
        },
        "4": {
            "intv_type": "do",
            "inode": 4,
            "new_mui": 1.0,
            "new_vari": null,
            "noise_type": "gaussian",
            "obs_noise_gamma_shape": 2.0,
            "true_params": {
                "Si": [
                    [
                        1.0,
                        -0.8166908794572073,
                        1.4590926144667313,
                        0.9435934469237062,
                        0.0,
                        -3.2964322715092518,
                        -5.136455598642193,
                        7.0982239621429954
                    ],
                    [
                        -0.8166908794572073,
                        1.6669839925885868,
                        -1.9454469263045078,
                        -2.046927748421445,
                        0.0,
                        5.095391462400998,
                        7.508996325774331,
                        -9.820557180811917
                    ],
                    [
                        1.4590926144667313,
                        -1.9454469263045078,
                        3.6971947882908993,
                        3.2566153933359594,
                        0.0,
                        -8.166030435627158,
                        -12.67637851697125,
                        16.73382700932442
                    ],
                    [
                        0.9435934469237062,
                        -2.046927748421445,
                        3.2566153933359594,
                        4.361534746370438,
                        0.0,
                        -8.423709029165165,
