{
    "expt_args": {
        "save_dir": "all_expt_logs/expt_logs_sim_compsel_n48-all",
        "exp_name": "117",
        "num_nodes": 4,
        "num_tgt_prior": 5,
        "obs_noise_mean": 0.0,
        "obs_noise_var": 1.0,
        "obs_noise_gamma_shape": 2.0,
        "noise_type": "gaussian",
        "max_edge_strength": 1.0,
        "graph_sparsity_method": "adj_dense_prop",
        "adj_dense_prop": 0.8,
        "num_parents": null,
        "new_noise_mean": 1.0,
        "mix_samples": 131072,
        "stage2_samples": 131072,
        "gmm_tol": 0.001,
        "intv_type": "do",
        "new_noise_var": null,
        "dtype": "simulation",
        "cutoff_drop_ratio": 0.07,
        "intv_targets": [
            0,
            1,
            2,
            3
        ]
    },
    "intv_args_dict": {
        "0": {
            "intv_type": "do",
            "inode": 0,
            "new_mui": 1.0,
            "new_vari": null,
            "noise_type": "gaussian",
            "obs_noise_gamma_shape": 2.0,
            "true_params": {
                "Si": [
                    [
                        1e-09,
                        -6.200562058521666e-10,
                        5.537334258988647e-10,
                        -6.494097833719703e-11
                    ],
                    [
                        -6.200562058521666e-10,
                        1.0000000003844698,
                        -0.8930374712575316,
                        1.5677692557208343
                    ],
                    [
                        5.537334258988647e-10,
                        -0.8930374712575316,
                        1.797515924763426,
                        -2.1739610372548492
                    ],
                    [
                        -6.494097833719703e-11,
                        1.5677692557208343,
                        -2.1739610372548492,
                        4.056797420275727
                    ]
                ],
                "mui": [
                    1.0,
                    -0.6200562058521666,
                    0.5537334258988647,
                    -0.06494097833719703
                ],
                "Ai": [
                    [
                        0.0,
                        0.0,
                        0.0,
                        0.0
                    ],
                    [
                        -0.6200562058521666,
                        0.0,
                        0.0,
                        0.0
                    ],
                    [
                        -0.0,
                        -0.8930374709141858,
                        0.0,
                        0.0
                    ],
                    [
                        0.9071640779917707,
                        0.8766615364156753,
                        -0.7738843461488998,
                        0.0
                    ]
                ]
            },
            "oracle_est_tgt": [
                0
            ]
        },
        "1": {
            "intv_type": "do",
            "inode": 1,
            "new_mui": 1.0,
            "new_vari": null,
            "noise_type": "gaussian",
            "obs_noise_gamma_shape": 2.0,
            "true_params": {
                "Si": [
                    [
                        1.0,
                        0.0,
                        0.0,
                        0.9071640779917707
                    ],
                    [
                        0.0,
                        1e-09,
                        -8.930374709141859e-10,
                        1.5677692556805671e-09
                    ],
                    [
                        0.0,
                        -8.930374709141859e-10,
                        1.0000000007975158,
                        -0.7738843475489765
                    ],
                    [
                        0.9071640779917707,
                        1.5677692556805671e-09,
                        -0.7738843475489765,
                        2.42184364807087
                    ]
                ],
                "mui": [
                    0.0,
                    1.0,
                    -0.8930374709141858,
                    1.5677692556805671
                ],
                "Ai": [
                    [
                        0.0,
                        0.0,
                        0.0,
                        0.0
                    ],
                    [
                        0.0,
                        0.0,
                        0.0,
                        0.0
                    ],
                    [
                        -0.0,
                        -0.8930374709141858,
                        0.0,
                        0.0
                    ],
                    [
                        0.9071640779917707,
                        0.8766615364156753,
                        -0.7738843461488998,
                        0.0
                    ]
                ]
            },
            "est_params": {
                "mui": [
                    0.0034606552148870816,
                    1.0000001177083915,
                    -0.8906345992624041,
                    1.5732922870853685
                ],
                "Si": [
                    [
                        0.9949184527484141,
                        -1.9798596533966176e-06,
                        0.005713327320600788,
                        0.8961018571385139
                    ],
                    [
                        -1.9798596533966168e-06,
                        1.0200308291677736e-06,
                        -1.094552408917725e-06,
                        -1.2561903744892655e-06
                    ],
                    [
                        0.00571332732060079,
                        -1.094552408917725e-06,
                        1.0024000040013643,
                        -0.7629466201721604
                    ],
                    [
                        0.8961018571385139,
                        -1.2561903744892655e-06,
                        -0.7629466201721604,
                        2.4133047108128953
                    ]
                ]
            },
            "est_tgt": [
                1
            ],
            "oracle_est_tgt": [
                1
            ]
        },
        "2": {
            "intv_type": "do",
            "inode": 2,
            "new_mui": 1.0,
            "new_vari": null,
            "noise_type": "gaussian",
            "obs_noise_gamma_shape": 2.0,
            "true_params": {
                "Si": [
                    [
                        1.0,
                        -0.6200562058521666,
                        0.0,
                        0.36358465190533606
                    ],
                    [
                        -0.6200562058521666,
                        1.3844696984157845,
                        0.0,
                        0.651218616649172
                    ],
                    [
                        0.0,
                        0.0,
                        1e-09,
                        -7.738843461488998e-10
                    ],
                    [
                        0.36358465190533606,
                        0.651218616649172,
                        -7.738843461488998e-10,
                        1.900729249130714
                    ]
                ],
                "mui": [
                    0.0,
                    0.0,
                    1.0,
                    -0.7738843461488998
                ],
                "Ai": [
                    [
                        0.0,
                        0.0,
                        0.0,
                        0.0
                    ],
                    [
                        -0.6200562058521666,
                        0.0,
                        0.0,
                        0.0
                    ],
                    [
                        0.0,
                        0.0,
                        0.0,
                        0.0
                    ],
                    [
                        0.9071640779917707,
                        0.8766615364156753,
                        -0.7738843461488998,
                        0.0
                    ]
                ]
            },
            "oracle_est_tgt": [
                2
            ]
        },
        "3": {
            "intv_type": "do",
            "inode": 3,
            "new_mui": 1.0,
            "new_vari": null,
            "noise_type": "gaussian",
            "obs_noise_gamma_shape": 2.0,
            "true_params": {
                "Si": [
                    [
                        1.0,
                        -0.6200562058521666,
                        0.5537334258988647,
                        0.0
                    ],
                    [
                        -0.6200562058521666,
                        1.3844696984157845,
                        -1.2363833180305577,
                        0.0
                    ],
                    [
                        0.5537334258988647,
                        -1.2363833180305577,
                        2.104136631414499,
                        0.0
                    ],
                    [
                        0.0,
                        0.0,
                        0.0,
                        1e-09
                    ]
                ],
                "mui": [
                    0.0,
                    0.0,
                    0.0,
                    1.0
                ],
                "Ai": [
                    [
                        0.0,
                        0.0,
                        0.0,
                        0.0
                    ],
                    [
                        -0.6200562058521666,
                        0.0,
                        0.0,
                        0.0
                    ],
                    [
                        -0.0,
                        -0.8930374709141858,
                        0.0,
                        0.0
                    ],
                    [
                        0.0,
                        0.0,
                        0.0,
                        0.0
                    ]
                ]
            },
            "est_params": {
                "mui": [
                    -0.0018288907938051205,
                    0.005756255723725972,
                    -0.0012122805069173586,
                    0.9999996584411583
                ],
                "Si": [
                    [
                        1.0073614967371958,
                        -0.6177801986644454,
                        0.5520859107352903,
                        5.77059106094509e-07
                    ],
                    [
                        -0.6177801986644454,
                        1.3840551905129215,
                        -1.2384543758792952,
                        -5.032243156213385e-07
                    ],
                    [
                        0.5520859107352903,
                        -1.2384543758792952,
                        2.106007881293735,
                        1.2793711079905151e-07
                    ],
                    [
                        5.77059106094509e-07,
                        -5.032243156213385e-07,
                        1.2793711079905146e-07,
                        1.0150116775766335e-06
                    ]
                ]
            },
            "est_tgt": [
                3
            ],
            "oracle_est_tgt": [
                3
            ]
        },
        "obs": {
            "intv_type": "obs",
            "noise_type": "gaussian",
            "obs_noise_gamma_shape": 2.0,
            "true_params": {
                "Si": [
                    [
                        1.0,
                        -0.6200562058521666,
                        0.5537334258988647,
                        -0.06494097833719703
                    ],
                    [
                        -0.6200562058521666,
                        1.3844696984157845,
                        -1.2363833180305577,
                        1.6080363123126573
                    ],
                    [
                        0.5537334258988647,
                        -1.2363833180305577,
                        2.104136631414499,
                        -2.209921027634769
                    ],
                    [
                        -0.06494097833719703,
                        1.6080363123126573,
                        -2.209921027634769,
                        4.061014750938902
                    ]
                ],
                "mui": [
                    0.0,
                    0.0,
                    0.0,
                    0.0
                ],
                "Ai": [
                    [
                        0.0,
                        0.0,
                        0.0,
                        0.0
                    ],
                    [
                        -0.6200562058521666,
                        0.0,
                        0.0,
                        0.0
                    ],
                    [
                        -0.0,
                        -0.8930374709141858,
                        0.0,
                        0.0
                    ],
                    [
                        0.9071640779917707,
                        0.8766615364156753,
                        -0.7738843461488998,
                        0.0
                    ]
                ]
            },
            "est_params": {
                "mui": [
                    0.3362868701908011,
                    -0.2077343692620402,
                    0.5243878766276209,
                    -0.28383660573936287
                ],
                "Si": [
                    [
                        0.88353697134216,
                        -0.5465057822439597,
                        0.18346248054097017,
                        0.1809862044363258
                    ],
                    [
                        -0.5465057822439597,
                        1.3420360899362718,
                        -0.7085623949202869,
                        1.2233691301806084
                    ],
                    [
                        0.18346248054097017,
                        -0.7085623949202869,
                        1.4418408118657187,
                        -1.573631486664119
                    ],
                    [
                        0.1809862044363258,
                        1.2233691301806084,
                        -1.573631486664119,
                        3.444750758159965
                    ]
                ]
            },
            "est_tgt": [
                0,
                1,
                2,
                3
            ],
            "oracle_est_tgt": [
                0,
                1,
                2,
                3
            ]
        }
    },
    "metric_dict": {
        "param_est_rel_err": 7.380035577525261,
        "est_num_comp": 3,
        "weight_precision_error": 0.5315698422812047,
        "est_dag": {
            "amat": [
                [
                    0,
                    1,
                    0,
                    1
                ],
                [
                    0,
                    0,
                    1,
                    1
                ],
                [
                    0,
                    0,
                    0,
                    1
                ],
                [
                    0,
                    0,
                    0,
                    0
                ]
            ],
            "nodes": [
                0,
                1,
                2,
                3
            ]
        },
        "oracle_est_dag": {
            "amat": [
                [
                    0,
                    1,
                    0,
                    1
                ],
                [
                    0,
                    0,
                    1,
                    1
                ],
                [
                    0,
                    0,
                    0,
                    1
                ],
                [
                    0,
                    0,
                    0,
                    0
                ]
            ],
            "nodes": [
                0,
                1,
                2,
                3
            ]
        },
        "igsp_dag": null,
        "intv_base_est_dag": null,
        "act_dag": {
            "amat": [
                [
                    0,
                    1,
                    0,
                    1
                ],
                [
                    0,
                    0,
                    1,
                    1
                ],
                [
                    0,
                    0,
                    0,
                    1
                ],
                [
                    0,
                    0,
                    0,
                    0
                ]
            ],
            "nodes": [
                0,
                1,
                2,
                3
            ]
        },
        "shd": 0,
        "oracle_shd": 0,
        "intv_base_shd": null,
        "igsp_shd": null,
        "avg_js": null,
        "avg_oracle_js": null,
        "avg_intv_base_js": null
    }
}