{
    "expt_args": {
        "save_dir": "all_expt_logs/expt_logs_sim_compsel_n48-all",
        "exp_name": "92",
        "num_nodes": 4,
        "num_tgt_prior": 5,
        "obs_noise_mean": 0.0,
        "obs_noise_var": 1.0,
        "obs_noise_gamma_shape": 2.0,
        "noise_type": "gaussian",
        "max_edge_strength": 1.0,
        "graph_sparsity_method": "adj_dense_prop",
        "adj_dense_prop": 0.8,
        "num_parents": null,
        "new_noise_mean": 1.0,
        "mix_samples": 16384,
        "stage2_samples": 16384,
        "gmm_tol": 0.001,
        "intv_type": "do",
        "new_noise_var": null,
        "dtype": "simulation",
        "cutoff_drop_ratio": 0.07,
        "intv_targets": [
            0,
            1,
            2,
            3
        ]
    },
    "intv_args_dict": {
        "0": {
            "intv_type": "do",
            "inode": 0,
            "new_mui": 1.0,
            "new_vari": null,
            "noise_type": "gaussian",
            "obs_noise_gamma_shape": 2.0,
            "true_params": {
                "Si": [
                    [
                        1e-09,
                        -8.194571680256176e-10,
                        1.294712185316223e-09,
                        -4.376170857979344e-10
                    ],
                    [
                        -8.194571680256176e-10,
                        1.00000000067151,
                        -0.6014921523848743,
                        1.0568640979440191
                    ],
                    [
                        1.294712185316223e-09,
                        -0.6014921523848743,
                        1.3617928097805487,
                        -1.3368745262540245
                    ],
                    [
                        -4.376170857979344e-10,
                        1.0568640979440191,
                        -1.3368745262540245,
                        2.6086138035163984
                    ]
                ],
                "mui": [
                    1.0,
                    -0.8194571680256175,
                    1.294712185316223,
                    -0.43761708579793435
                ],
                "Ai": [
                    [
                        0.0,
                        0.0,
                        0.0,
                        0.0
                    ],
                    [
                        -0.8194571680256175,
                        0.0,
                        0.0,
                        0.0
                    ],
                    [
                        0.8018151304026928,
                        -0.6014921513239131,
                        0.0,
                        0.0
                    ],
                    [
                        0.9906537588167623,
                        0.6351103927295487,
                        -0.7011790659737817,
                        0.0
                    ]
                ]
            },
            "est_params": {
                "mui": [
                    0.999996276953537,
                    -0.8469731514890795,
                    1.3110762699881333,
                    -0.4416314898940454
                ],
                "Si": [
                    [
                        1.0245754397522634e-06,
                        -5.794923053654658e-06,
                        6.54896697362902e-06,
                        -7.806979794552457e-06
                    ],
                    [
                        -5.794923053654658e-06,
                        1.0366463081743118,
                        -0.6142969089517879,
                        1.0852125711624698
                    ],
                    [
                        6.54896697362902e-06,
                        -0.6142969089517879,
                        1.3498972766564423,
                        -1.342718007149005
                    ],
                    [
                        -7.806979794552457e-06,
                        1.0852125711624698,
                        -1.3427180071490048,
                        2.61890800743782
                    ]
                ]
            },
            "est_tgt": [
                0
            ],
            "oracle_est_tgt": [
                0
            ]
        },
        "1": {
            "intv_type": "do",
            "inode": 1,
            "new_mui": 1.0,
            "new_vari": null,
            "noise_type": "gaussian",
            "obs_noise_gamma_shape": 2.0,
            "true_params": {
                "Si": [
                    [
                        1.0,
                        0.0,
                        0.8018151304026928,
                        0.4284377745973562
                    ],
                    [
                        0.0,
                        1e-09,
                        -6.014921513239131e-10,
                        1.0568640975854106e-09
                    ],
                    [
                        0.8018151304026928,
                        -6.014921513239131e-10,
                        1.64290750370448,
                        -0.35765117650125844
                    ],
                    [
                        0.4284377745973562,
                        1.0568640975854106e-09,
                        -0.35765117650125844,
                        1.6752110103787616
                    ]
                ],
                "mui": [
                    0.0,
                    1.0,
                    -0.6014921513239131,
                    1.0568640975854107
                ],
                "Ai": [
                    [
                        0.0,
                        0.0,
                        0.0,
                        0.0
                    ],
                    [
                        0.0,
                        0.0,
                        0.0,
                        0.0
                    ],
                    [
                        0.8018151304026928,
                        -0.6014921513239131,
                        0.0,
                        0.0
                    ],
                    [
                        0.9906537588167623,
                        0.6351103927295487,
                        -0.7011790659737817,
                        0.0
                    ]
                ]
            },
            "oracle_est_tgt": [
                1
            ]
        },
        "2": {
            "intv_type": "do",
            "inode": 2,
            "new_mui": 1.0,
            "new_vari": null,
            "noise_type": "gaussian",
            "obs_noise_gamma_shape": 2.0,
            "true_params": {
                "Si": [
                    [
                        1.0,
                        -0.8194571680256175,
                        0.0,
                        0.4702079950069685
                    ],
                    [
                        -0.8194571680256175,
                        1.6715100502285651,
                        0.0,
                        0.2497950807581346
                    ],
                    [
                        0.0,
                        0.0,
                        1e-09,
                        -7.011790659737817e-10
                    ],
                    [
                        0.4702079950069685,
                        0.2497950807581346,
                        -7.011790659737817e-10,
                        1.624460770013207
                    ]
                ],
                "mui": [
                    0.0,
                    0.0,
                    1.0,
                    -0.7011790659737817
                ],
                "Ai": [
                    [
                        0.0,
                        0.0,
                        0.0,
                        0.0
                    ],
                    [
                        -0.8194571680256175,
                        0.0,
                        0.0,
                        0.0
                    ],
                    [
                        0.0,
                        0.0,
                        0.0,
                        0.0
                    ],
                    [
                        0.9906537588167623,
                        0.6351103927295487,
                        -0.7011790659737817,
                        0.0
                    ]
                ]
            },
            "est_params": {
                "mui": [
                    -0.004701995897497632,
                    0.02451915453120233,
                    0.9999952213397739,
                    -0.6910607832136263
                ],
                "Si": [
                    [
                        1.0007372134444283,
                        -0.818969236221178,
                        1.5031593112471216e-06,
                        0.45073642004491277
                    ],
                    [
                        -0.818969236221178,
                        1.6588035417838627,
                        -2.8884090485578203e-06,
                        0.25982085076080247
                    ],
                    [
                        1.5031593112471216e-06,
                        -2.8884090485578203e-06,
                        1.0214092661184466e-06,
                        -8.140268941621812e-07
                    ],
                    [
                        0.45073642004491277,
                        0.25982085076080247,
                        -8.140268941621812e-07,
                        1.6088046686318909
                    ]
                ]
            },
            "est_tgt": [
                2
            ],
            "oracle_est_tgt": [
                2
            ]
        },
        "3": {
            "intv_type": "do",
            "inode": 3,
            "new_mui": 1.0,
            "new_vari": null,
            "noise_type": "gaussian",
            "obs_noise_gamma_shape": 2.0,
            "true_params": {
                "Si": [
                    [
                        1.0,
                        -0.8194571680256175,
                        1.294712185316223,
                        0.0
                    ],
                    [
                        -0.8194571680256175,
                        1.6715100502285651,
                        -1.6624533321114037,
                        0.0
                    ],
                    [
                        1.294712185316223,
                        -1.6624533321114037,
                        3.0380724509105788,
                        0.0
                    ],
                    [
                        0.0,
                        0.0,
                        0.0,
                        1e-09
                    ]
                ],
                "mui": [
                    0.0,
                    0.0,
                    0.0,
                    1.0
                ],
                "Ai": [
                    [
                        0.0,
                        0.0,
                        0.0,
                        0.0
                    ],
                    [
                        -0.8194571680256175,
                        0.0,
                        0.0,
                        0.0
                    ],
                    [
                        0.8018151304026928,
                        -0.6014921513239131,
                        0.0,
                        0.0
                    ],
                    [
                        0.0,
                        0.0,
                        0.0,
                        0.0
                    ]
                ]
            },
            "est_params": {
                "mui": [
                    -0.011039414366303566,
                    0.350048739105716,
                    -0.2154087531675088,
                    0.6912625471907359
                ],
                "Si": [
                    [
                        0.9962327576509767,
                        -0.5371891995150571,
                        1.1287434016177849,
                        -0.019857113438277767
                    ],
                    [
                        -0.5371891995150571,
                        1.3178591121884613,
                        -1.2109870359131063,
                        0.5692390792686082
                    ],
                    [
                        1.1287434016177849,
                        -1.2109870359131063,
                        2.642106652197963,
                        -0.8271639034559495
                    ],
                    [
                        -0.019857113438277767,
                        0.5692390792686082,
                        -0.8271639034559495,
                        1.6714741461562512
                    ]
                ]
            },
            "est_tgt": [
                1,
                3
            ],
            "oracle_est_tgt": [
                3
            ]
        },
        "obs": {
            "intv_type": "obs",
            "noise_type": "gaussian",
            "obs_noise_gamma_shape": 2.0,
            "true_params": {
                "Si": [
                    [
                        1.0,
                        -0.8194571680256175,
                        1.294712185316223,
                        -0.43761708579793435
                    ],
                    [
                        -0.8194571680256175,
                        1.6715100502285651,
                        -1.6624533321114037,
                        1.4154725553930096
                    ],
                    [
                        1.294712185316223,
                        -1.6624533321114037,
                        3.0380724509105788,
                        -1.903462699172597
                    ],
                    [
                        -0.43761708579793435,
                        1.4154725553930096,
                        -1.903462699172597,
                        2.800122517107166
                    ]
                ],
                "mui": [
                    0.0,
                    0.0,
                    0.0,
                    0.0
                ],
                "Ai": [
                    [
                        0.0,
                        0.0,
                        0.0,
                        0.0
                    ],
                    [
                        -0.8194571680256175,
                        0.0,
                        0.0,
                        0.0
                    ],
                    [
                        0.8018151304026928,
                        -0.6014921513239131,
                        0.0,
                        0.0
                    ],
                    [
                        0.9906537588167623,
                        0.6351103927295487,
                        -0.7011790659737817,
                        0.0
                    ]
                ]
            },
            "est_tgt": [
                0,
                1,
                2,
                3
            ],
            "oracle_est_tgt": [
                0,
                1,
                2,
                3
            ]
        }
    },
    "metric_dict": {
        "param_est_rel_err": 8.271213773100795,
        "est_num_comp": 3,
        "weight_precision_error": 0.5306519559929401,
        "est_dag": {
            "amat": [
                [
                    0,
                    1,
                    1,
                    1
                ],
                [
                    0,
                    0,
                    1,
                    1
                ],
                [
                    0,
                    0,
                    0,
                    1
                ],
                [
                    0,
                    0,
                    0,
                    0
                ]
            ],
            "nodes": [
                0,
                1,
                2,
                3
            ]
        },
        "oracle_est_dag": {
            "amat": [
                [
                    0,
                    1,
                    1,
                    1
                ],
                [
                    0,
                    0,
                    1,
                    1
                ],
                [
                    0,
                    0,
                    0,
                    1
                ],
                [
                    0,
                    0,
                    0,
                    0
                ]
            ],
            "nodes": [
                0,
                1,
                2,
                3
            ]
        },
        "igsp_dag": null,
        "intv_base_est_dag": null,
        "act_dag": {
            "amat": [
                [
                    0,
                    1,
                    1,
                    1
                ],
                [
                    0,
                    0,
                    1,
                    1
                ],
                [
                    0,
                    0,
                    0,
                    1
                ],
                [
                    0,
                    0,
                    0,
                    0
                ]
            ],
            "nodes": [
                0,
                1,
                2,
                3
            ]
        },
        "shd": 0,
        "oracle_shd": 0,
        "intv_base_shd": null,
        "igsp_shd": null,
        "avg_js": null,
        "avg_oracle_js": null,
        "avg_intv_base_js": null
    }
}