{
    "expt_args": {
        "save_dir": "all_expt_logs/expt_logs_sim_compsel_n48-all",
        "exp_name": "77",
        "num_nodes": 8,
        "num_tgt_prior": 9,
        "obs_noise_mean": 0.0,
        "obs_noise_var": 1.0,
        "obs_noise_gamma_shape": 2.0,
        "noise_type": "gaussian",
        "max_edge_strength": 1.0,
        "graph_sparsity_method": "adj_dense_prop",
        "adj_dense_prop": 0.8,
        "num_parents": null,
        "new_noise_mean": 1.0,
        "mix_samples": 1024,
        "stage2_samples": 1024,
        "gmm_tol": 0.001,
        "intv_type": "do",
        "new_noise_var": null,
        "dtype": "simulation",
        "cutoff_drop_ratio": 0.07,
        "intv_targets": [
            0,
            1,
            2,
            3,
            4,
            5,
            6,
            7
        ]
    },
    "intv_args_dict": {
        "0": {
            "intv_type": "do",
            "inode": 0,
            "new_mui": 1.0,
            "new_vari": null,
            "noise_type": "gaussian",
            "obs_noise_gamma_shape": 2.0,
            "true_params": {
                "Si": [
                    [
                        1e-09,
                        0.0,
                        5.304318577856568e-10,
                        4.868194684420865e-10,
                        1.0308968605358012e-09,
                        9.680362065072602e-10,
                        2.8704884815450004e-09,
                        9.67770350511869e-10
                    ],
                    [
                        0.0,
                        1.0,
                        -0.5878284960249669,
                        -0.03693312685985384,
                        0.07852311094534598,
                        -0.8419450729803881,
                        -1.0688602944558983,
                        -0.3935626038918189
                    ],
                    [
                        5.304318577856568e-10,
                        -0.5878284960249669,
                        1.3455423410203324,
                        -0.9264047013085973,
                        1.691697303650099,
                        2.4275598080000744,
                        3.1791899073056746,
                        2.1164494006014647
                    ],
                    [
                        4.868194684420865e-10,
                        -0.03693312685985384,
                        -0.9264047013085973,
                        1.900286196514751,
                        -2.5212775050318763,
                        -3.1904487416496936,
                        -3.0823795428501803,
                        -2.5549082397938276
                    ],
                    [
                        1.0308968605358012e-09,
                        0.07852311094534598,
                        1.691697303650099,
                        -2.5212775050318763,
                        4.784409349690763,
                        5.176763755577329,
                        6.138576131219224,
                        4.30600792230978
                    ],
                    [
                        9.680362065072602e-10,
                        -0.8419450729803881,
                        2.4275598080000744,
                        -3.1904487416496936,
                        5.176763755577329,
                        7.82898352147971,
                        8.329167024182391,
                        5.880448167780245
                    ],
                    [
                        2.8704884815450004e-09,
                        -1.0688602944558983,
                        3.1791899073056746,
                        -3.0823795428501803,
                        6.138576131219224,
                        8.329167024182391,
                        11.059765789847038,
                        6.6365238861243165
                    ],
                    [
                        9.67770350511869e-10,
                        -0.3935626038918189,
                        2.1164494006014647,
                        -2.5549082397938276,
                        4.30600792230978,
                        5.880448167780245,
                        6.6365238861243165,
                        5.78156178518614
                    ]
                ],
                "mui": [
                    1.0,
                    0.0,
                    0.5304318577856568,
                    0.48681946844208646,
                    1.030896860535801,
                    0.9680362065072601,
                    2.8704884815450002,
                    0.967770350511869
                ],
                "Ai": [
                    [
                        0.0,
                        0.0,
                        0.0,
                        0.0,
                        0.0,
                        0.0,
                        0.0,
                        0.0
                    ],
                    [
                        -0.0,
                        0.0,
                        0.0,
                        0.0,
                        0.0,
                        0.0,
                        0.0,
                        0.0
                    ],
                    [
                        0.5304318577856568,
                        -0.5878284960249669,
                        0.0,
                        0.0,
                        0.0,
                        0.0,
                        0.0,
                        0.0
                    ],
                    [
                        0.9897298936770373,
                        -0.5942621683983005,
                        -0.9481150459823491,
                        0.0,
                        0.0,
                        0.0,
                        0.0,
                        0.0
                    ],
                    [
                        0.9708314194913867,
                        0.5826656125056434,
                        0.9123406381344813,
                        -0.8706905250339946,
                        0.0,
                        0.0,
                        0.0,
                        0.0
                    ],
                    [
                        0.6628122206911461,
                        -0.9245339193368988,
                        -0.0,
                        -0.8017403035520445,
                        0.67468124198033,
                        0.0,
                        0.0,
                        0.0
                    ],
                    [
                        0.5881858084075722,
                        -0.0,
                        0.8101693554773726,
                        0.9052938855251516,
                        0.6858129902955056,
                        0.7281193464737818,
                        0.0,
                        0.0
                    ],
                    [
                        0.0,
                        0.5489577904658492,
                        0.7969665198518591,
                        0.0,
                        0.0,
                        0.5630305097372308,
                        0.0,
                        0.0
                    ]
                ]
            },
            "est_params": {
                "mui": [
                    0.32517133186861974,
                    0.12196823555838361,
                    0.29601718247187814,
                    -0.07180424563582814,
                    0.8323009170006158,
                    0.7494960945475536,
                    1.538088331335478,
                    0.7101961239049546
                ],
                "Si": [
                    [
                        0.7860116995005648,
                        0.07020725576577488,
                        0.20512238544372116,
                        0.5951218995046706,
                        0.33805576905184437,
                        0.17795112203796667,
                        1.4881485731658757,
                        0.30726255664959107
                    ],
                    [
                        0.07020725576577488,
                        0.9601205088336934,
                        -0.40602585231982263,
                        -0.09447780034935958,
                        0.2975190118346495,
                        -0.5959095995791904,
                        -0.5608859426898346,
                        -0.0840358511314868
                    ],
                    [
                        0.20512238544372113,
                        -0.40602585231982263,
                        0.9404136638881918,
                        -0.41617981601484144,
                        1.1493933989650815,
                        1.5363102221098373,
                        2.381783341504024,
                        1.2997938895501564
                    ],
                    [
                        0.5951218995046706,
                        -0.0944778003493596,
                        -0.41617981601484144,
                        1.867378009646641,
                        -1.4757223641776676,
                        -1.9371486964240536,
                        -0.7250243088180477,
                        -1.321070178325513
                    ],
                    [
                        0.33805576905184437,
                        0.29751901183464946,
                        1.1493933989650815,
                        -1.4757223641776676,
                        3.6116816603968664,
                        3.3904200218957903,
                        4.647635398943646,
                        2.7531801511464282
                    ],
                    [
                        0.17795112203796667,
                        -0.5959095995791904,
                        1.5363102221098373,
                        -1.9371486964240536,
                        3.3904200218957903,
                        5.388354254159962,
                        5.690682746209813,
                        3.565362038735753
                    ],
                    [
                        1.488148573165876,
                        -0.5608859426898346,
                        2.381783341504024,
                        -0.7250243088180477,
                        4.647635398943646,
                        5.690682746209811,
                        10.341593025255255,
                        4.469369935087113
                    ],
                    [
                        0.307262556649591,
                        -0.08403585113148677,
                        1.2997938895501564,
                        -1.321070178325513,
                        2.7531801511464282,
                        3.565362038735753,
                        4.469369935087113,
                        3.694693545881894
                    ]
                ]
            },
            "est_tgt": [],
            "oracle_est_tgt": [
                0,
                3,
                4,
                6
            ]
        },
        "1": {
            "intv_type": "do",
            "inode": 1,
            "new_mui": 1.0,
            "new_vari": null,
            "noise_type": "gaussian",
            "obs_noise_gamma_shape": 2.0,
            "true_params": {
                "Si": [
                    [
                        1.0,
                        0.0,
                        0.5304318577856568,
                        0.48681946844208646,
                        1.030896860535801,
                        0.9680362065072601,
                        2.8704884815450002,
                        0.967770350511869
                    ],
                    [
                        0.0,
                        1e-09,
                        -5.878284960249669e-10,
                        -3.6933126859853837e-11,
                        7.852311094534598e-11,
                        -8.419450729803881e-10,
                        -1.0688602944558983e-09,
                        -3.9356260389181895e-10
                    ],
                    [
                        0.5304318577856568,
                        -5.878284960249669e-10,
                        1.2813579560994857,
                        -0.6898904909086769,
                        2.2846759621867307,
                        2.4461177454172494,
                        4.073481905078812,
                        2.398438311713965
                    ],
                    [
                        0.48681946844208646,
                        -3.6933126859853837e-11,
                        -0.6898904909086769,
                        2.1359153352737117,
                        -2.016516739854008,
                        -2.7502855347947124,
                        -1.724446220303845,
                        -2.098314290217053
                    ],
                    [
                        1.030896860535801,
                        7.852311094534598e-11,
                        2.2846759621867307,
                        -2.016516739854008,
                        5.840991806744216,
                        6.240821387062119,
                        9.181683927491672,
                        5.334583097352859
                    ],
                    [
                        0.9680362065072601,
                        -8.419450729803881e-10,
                        2.4461177454172494,
                        -2.7502855347947124,
                        6.240821387062119,
                        8.057206112444504,
                        10.207982144179676,
                        6.4859268107984285
                    ],
                    [
                        2.8704884815450002,
                        -1.0688602944558983e-09,
                        4.073481905078812,
                        -1.724446220303845,
                        9.181683927491672,
                        10.207982144179676,
                        18.157007576367963,
                        8.993834087009455
                    ],
                    [
                        0.967770350511869,
                        -3.9356260389181895e-10,
                        2.398438311713965,
                        -2.098314290217053,
                        5.334583097352859,
                        6.4859268107984285,
                        8.993834087009455,
                        6.563249712552209
                    ]
                ],
                "mui": [
                    0.0,
                    1.0,
                    -0.5878284960249669,
                    -0.03693312685985384,
                    0.07852311094534598,
                    -0.8419450729803881,
                    -1.0688602944558983,
                    -0.3935626038918189
                ],
                "Ai": [
                    [
                        0.0,
                        0.0,
                        0.0,
                        0.0,
                        0.0,
                        0.0,
                        0.0,
                        0.0
                    ],
                    [
                        0.0,
                        0.0,
                        0.0,
                        0.0,
                        0.0,
                        0.0,
                        0.0,
                        0.0
                    ],
                    [
                        0.5304318577856568,
                        -0.5878284960249669,
                        0.0,
                        0.0,
                        0.0,
                        0.0,
                        0.0,
                        0.0
                    ],
                    [
                        0.9897298936770373,
                        -0.5942621683983005,
                        -0.9481150459823491,
                        0.0,
                        0.0,
                        0.0,
                        0.0,
                        0.0
                    ],
                    [
                        0.9708314194913867,
                        0.5826656125056434,
                        0.9123406381344813,
                        -0.8706905250339946,
                        0.0,
                        0.0,
                        0.0,
                        0.0
                    ],
                    [
                        0.6628122206911461,
                        -0.9245339193368988,
                        -0.0,
                        -0.8017403035520445,
                        0.67468124198033,
                        0.0,
                        0.0,
                        0.0
                    ],
                    [
                        0.5881858084075722,
                        -0.0,
                        0.8101693554773726,
                        0.9052938855251516,
                        0.6858129902955056,
                        0.7281193464737818,
                        0.0,
                        0.0
                    ],
                    [
                        0.0,
                        0.5489577904658492,
                        0.7969665198518591,
                        0.0,
                        0.0,
                        0.5630305097372308,
                        0.0,
                        0.0
                    ]
                ]
            },
            "oracle_est_tgt": [
                1
            ]
        },
        "2": {
            "intv_type": "do",
            "inode": 2,
            "new_mui": 1.0,
            "new_vari": null,
            "noise_type": "gaussian",
            "obs_noise_gamma_shape": 2.0,
            "true_params": {
                "Si": [
                    [
                        1.0,
                        0.0,
                        0.0,
                        0.9897298936770373,
                        0.10908297872388746,
                        -0.05709788513566827,
                        1.5174186784938049,
                        -0.032147851372853156
                    ],
                    [
                        0.0,
                        1.0,
                        0.0,
                        -0.5942621683983005,
                        1.1000840519161998,
                        0.2941160863738264,
                        0.4306216383690827,
                        0.7145541204988242
                    ],
                    [
                        0.0,
                        0.0,
                        1e-09,
                        -9.481150459823491e-10,
                        1.7378554253134829e-09,
                        1.9326405015009046e-09,
                        2.550883366432262e-09,
                        1.885102086550731e-09
                    ],
                    [
                        0.9897298936770373,
                        -0.5942621683983005,
                        -9.481150459823491e-10,
                        2.3327127881263316,
                        -1.4164661758594232,
                        -1.6204724172286917,
                        0.5426074794965963,
                        -1.2386002587643843
                    ],
                    [
                        0.10908297872388746,
                        1.1000840519161998,
                        1.7378554253134829e-09,
                        -1.4164661758594232,
                        2.980186010931755,
                        2.2015501322420636,
                        2.428684416684743,
                        1.8434396050199653
                    ],
                    [
                        -0.05709788513566827,
                        0.2941160863738264,
                        1.9326405015009046e-09,
                        -1.6204724172286917,
                        2.2015501322420636,
                        3.4747771510709184,
                        2.5393162127177655,
                        2.1178628690472303
                    ],
                    [
                        1.5174186784938049,
                        0.4306216383690827,
                        2.550883366432262e-09,
                        0.5426074794965963,
                        2.428684416684743,
                        2.5393162127177655,
                        5.898291951182757,
                        1.6661056067893423
                    ],
                    [
                        -0.032147851372853156,
                        0.7145541204988242,
                        1.885102086550731e-09,
                        -1.2386002587643843,
                        1.8434396050199653,
                        2.1178628690472303,
                        1.6661056067893423,
                        2.584681463372882
                    ]
                ],
                "mui": [
                    0.0,
                    0.0,
                    1.0,
                    -0.9481150459823491,
                    1.7378554253134828,
                    1.9326405015009045,
                    2.550883366432262,
                    1.8851020865507309
                ],
                "Ai": [
                    [
                        0.0,
                        0.0,
                        0.0,
                        0.0,
                        0.0,
                        0.0,
                        0.0,
                        0.0
                    ],
                    [
                        -0.0,
                        0.0,
                        0.0,
                        0.0,
                        0.0,
                        0.0,
                        0.0,
                        0.0
                    ],
                    [
                        0.0,
                        0.0,
                        0.0,
                        0.0,
                        0.0,
                        0.0,
                        0.0,
                        0.0
                    ],
                    [
                        0.9897298936770373,
                        -0.5942621683983005,
                        -0.9481150459823491,
                        0.0,
                        0.0,
                        0.0,
                        0.0,
                        0.0
                    ],
                    [
                        0.9708314194913867,
                        0.5826656125056434,
                        0.9123406381344813,
                        -0.8706905250339946,
                        0.0,
                        0.0,
                        0.0,
                        0.0
                    ],
                    [
                        0.6628122206911461,
                        -0.9245339193368988,
                        -0.0,
                        -0.8017403035520445,
                        0.67468124198033,
                        0.0,
                        0.0,
                        0.0
                    ],
                    [
                        0.5881858084075722,
                        -0.0,
                        0.8101693554773726,
                        0.9052938855251516,
                        0.6858129902955056,
                        0.7281193464737818,
                        0.0,
                        0.0
                    ],
                    [
                        0.0,
                        0.5489577904658492,
                        0.7969665198518591,
                        0.0,
                        0.0,
                        0.5630305097372308,
                        0.0,
                        0.0
                    ]
                ]
            },
            "est_params": {
                "mui": [
                    0.6833882137241591,
                    -0.5388789343168937,
                    2.0781161367266927,
                    -1.396166352784202,
                    2.7812801097073296,
                    2.9293489091677833,
                    3.1763247411374644,
                    2.2393159328370262
                ],
                "Si": [
                    [
                        0.8588029279507124,
                        0.12698222935419815,
                        0.05137351585983538,
                        0.8894602374988002,
                        0.12526531258778392,
                        0.20196520334111467,
                        1.0144317787434398,
                        0.04708634469106142
                    ],
                    [
                        0.12698222935419812,
                        1.1998242090588043,
                        -0.16897764065580528,
                        -0.2898287932346613,
                        0.28926012352318836,
                        0.12383793342265287,
                        -0.15775015356441735,
                        0.47225462554615694
                    ],
                    [
                        0.051373515859835364,
                        -0.16897764065580528,
                        0.7889897405159019,
                        -0.21310800473862473,
                        0.46647419655448985,
                        0.36167936338918544,
                        1.1264478805069775,
                        0.41343088429308755
                    ],
                    [
                        0.8894602374988002,
                        -0.2898287932346613,
                        -0.21310800473862473,
                        1.8277461390881338,
                        -0.5238479350497187,
                        -0.3023311726106103,
                        0.08474848166333407,
                        -0.5198243307079432
                    ],
                    [
                        0.1252653125877839,
                        0.2892601235231883,
                        0.46647419655448985,
                        -0.5238479350497187,
                        3.3430302454123497,
                        1.0644371808916306,
                        2.4523860274898213,
                        -0.03030599819966041
                    ],
                    [
                        0.20196520334111467,
                        0.12383793342265287,
                        0.36167936338918544,
                        -0.3023311726106102,
                        1.0644371808916309,
                        3.1303108187896833,
                        1.6951951854082157,
                        0.6969791516560221
                    ],
                    [
                        1.0144317787434398,
                        -0.15775015356441732,
                        1.1264478805069775,
                        0.08474848166333394,
                        2.4523860274898213,
                        1.6951951854082152,
                        8.83737927430799,
                        -1.244898363156194
                    ],
                    [
                        0.047086344691061446,
                        0.47225462554615694,
                        0.41343088429308744,
                        -0.5198243307079432,
                        -0.03030599819966038,
                        0.696979151656022,
                        -1.244898363156194,
                        2.6482494369189804
                    ]
                ]
            },
            "est_tgt": [
                0,
                2,
                4,
                5,
                6,
                7
            ],
            "oracle_est_tgt": [
                2,
                6
            ]
        },
        "3": {
            "intv_type": "do",
            "inode": 3,
            "new_mui": 1.0,
            "new_vari": null,
            "noise_type": "gaussian",
            "obs_noise_gamma_shape": 2.0,
            "true_params": {
                "Si": [
                    [
                        1.0,
                        0.0,
                        0.5304318577856568,
                        0.0,
                        1.4547659591104114,
                        1.6443155247744645,
                        3.2128807826475407,
                        1.3485362398006
                    ],
                    [
                        0.0,
                        1.0,
                        -0.5878284960249669,
                        0.0,
                        0.046365787328592714,
                        -0.893251792356648,
                        -1.0948362857878098,
                        -0.4224498522551795
                    ],
                    [
                        0.5304318577856568,
                        -0.5878284960249669,
                        1.6269002964929178,
                        0.0,
                        1.6567397174363696,
                        2.0128153111102294,
                        4.231840644366771,
                        2.1071684657124843
                    ],
                    [
                        0.0,
                        0.0,
                        0.0,
                        1e-09,
                        -8.706905250339946e-10,
                        -1.3891788683624858e-09,
                        -7.033249968376569e-10,
                        -7.821500863703198e-10
                    ],
                    [
                        1.4547659591104114,
                        0.046365787328592714,
                        1.6567397174363696,
                        -8.706905250339946e-10,
                        3.95085922277077,
                        3.5869405208683043,
                        7.5191838056840865,
                        3.365375896932339
                    ],
                    [
                        1.6443155247744645,
                        -0.893251792356648,
                        2.0128153111102294,
                        -1.3891788683624858e-09,
                        3.5869405208683043,
                        5.335755491677651,
                        8.94292154442917,
                        4.117982017650788
                    ],
                    [
                        3.2128807826475407,
                        -1.0948362857878098,
                        4.231840644366771,
                        -7.033249968376569e-10,
                        7.5191838056840865,
                        8.94292154442917,
                        17.986546608005373,
                        7.806754078240739
                    ],
                    [
                        1.3485362398006,
                        -0.4224498522551795,
                        2.1071684657124843,
                        -7.821500863703198e-10,
                        3.365375896932339,
                        4.117982017650788,
                        7.806754078240739,
                        4.765985095870505
                    ]
                ],
                "mui": [
                    0.0,
                    0.0,
                    0.0,
                    1.0,
                    -0.8706905250339946,
                    -1.3891788683624857,
                    -0.7033249968376569,
                    -0.7821500863703198
                ],
                "Ai": [
                    [
                        0.0,
                        0.0,
                        0.0,
                        0.0,
                        0.0,
                        0.0,
                        0.0,
                        0.0
                    ],
                    [
                        -0.0,
                        0.0,
                        0.0,
                        0.0,
                        0.0,
                        0.0,
                        0.0,
                        0.0
                    ],
                    [
                        0.5304318577856568,
                        -0.5878284960249669,
                        0.0,
                        0.0,
                        0.0,
                        0.0,
                        0.0,
                        0.0
                    ],
                    [
                        0.0,
                        0.0,
                        0.0,
                        0.0,
                        0.0,
                        0.0,
                        0.0,
                        0.0
                    ],
                    [
                        0.9708314194913867,
                        0.5826656125056434,
                        0.9123406381344813,
                        -0.8706905250339946,
                        0.0,
                        0.0,
                        0.0,
                        0.0
                    ],
                    [
                        0.6628122206911461,
                        -0.9245339193368988,
                        -0.0,
                        -0.8017403035520445,
                        0.67468124198033,
                        0.0,
                        0.0,
                        0.0
                    ],
                    [
                        0.5881858084075722,
                        -0.0,
                        0.8101693554773726,
                        0.9052938855251516,
                        0.6858129902955056,
                        0.7281193464737818,
                        0.0,
                        0.0
                    ],
                    [
                        0.0,
                        0.5489577904658492,
                        0.7969665198518591,
                        0.0,
                        0.0,
                        0.5630305097372308,
                        0.0,
                        0.0
                    ]
                ]
            },
            "oracle_est_tgt": [
                3,
                4
            ]
        },
        "4": {
            "intv_type": "do",
            "inode": 4,
            "new_mui": 1.0,
            "new_vari": null,
            "noise_type": "gaussian",
            "obs_noise_gamma_shape": 2.0,
            "true_params": {
                "Si": [
                    [
                        1.0,
                        0.0,
                        0.5304318577856568,
                        0.48681946844208646,
                        0.0,
                        0.27250943228734276,
                        1.6570595226346696,
                        0.576167556286937
                    ],
                    [
                        0.0,
                        1.0,
                        -0.5878284960249669,
                        -0.03693312685985384,
                        0.0,
                        -0.8949231429971534,
                        -1.1612868216986811,
                        -0.4233908736582529
                    ],
                    [
                        0.5304318577856568,
                        -0.5878284960249669,
                        1.6269002964929178,
                        -0.66818014651486,
                        0.0,
                        1.4307510544063922,
                        2.066915377344254,
                        1.7794485305607006
                    ],
                    [
                        0.48681946844208646,
                        -0.03693312685985384,
                        -0.66818014651486,
                        2.137279391131994,
                        0.0,
                        -1.3567272063388032,
                        0.692007861577536,
                        -1.316670744277339
                    ],
                    [
                        0.0,
                        0.0,
                        0.0,
                        0.0,
                        1e-09,
                        6.7468124198033e-10,
                        1.177061455284343e-09,
                        3.7986612358233315e-10
                    ],
                    [
                        0.27250943228734276,
                        -0.8949231429971534,
                        1.4307510544063922,
                        -1.3567272063388032,
                        6.7468124198033e-10,
                        3.095752265576696,
                        2.345277113020616,
                        2.391988633496003
                    ],
                    [
                        1.6570595226346696,
                        -1.1612868216986811,
                        2.066915377344254,
                        0.692007861577536,
                        1.177061455284343e-09,
                        2.345277113020616,
                        5.983322519450815,
                        2.3302274757925834
                    ],
                    [
                        0.576167556286937,
                        -0.4233908736582529,
                        1.7794485305607006,
                        -1.316670744277339,
                        3.7986612358233315e-10,
                        2.391988633496003,
                        2.3302274757925834,
                        3.532499763752543
                    ]
                ],
                "mui": [
                    0.0,
                    0.0,
                    0.0,
                    0.0,
                    1.0,
                    0.67468124198033,
                    1.1770614552843428,
                    0.3798661235823331
                ],
                "Ai": [
                    [
                        0.0,
                        0.0,
                        0.0,
                        0.0,
                        0.0,
                        0.0,
                        0.0,
                        0.0
                    ],
                    [
                        -0.0,
                        0.0,
                        0.0,
                        0.0,
                        0.0,
                        0.0,
                        0.0,
                        0.0
                    ],
                    [
                        0.5304318577856568,
                        -0.5878284960249669,
                        0.0,
                        0.0,
                        0.0,
                        0.0,
                        0.0,
                        0.0
                    ],
                    [
                        0.9897298936770373,
                        -0.5942621683983005,
                        -0.9481150459823491,
                        0.0,
                        0.0,
                        0.0,
                        0.0,
                        0.0
                    ],
                    [
                        0.0,
                        0.0,
                        0.0,
                        0.0,
                        0.0,
                        0.0,
                        0.0,
                        0.0
                    ],
                    [
                        0.6628122206911461,
                        -0.9245339193368988,
                        -0.0,
                        -0.8017403035520445,
                        0.67468124198033,
                        0.0,
                        0.0,
                        0.0
                    ],
                    [
                        0.5881858084075722,
                        -0.0,
                        0.8101693554773726,
                        0.9052938855251516,
                        0.6858129902955056,
                        0.7281193464737818,
                        0.0,
                        0.0
                    ],
                    [
                        0.0,
                        0.5489577904658492,
                        0.7969665198518591,
                        0.0,
                        0.0,
                        0.5630305097372308,
                        0.0,
                        0.0
                    ]
                ]
            },
            "est_params": {
                "mui": [
