{
    "expt_args": {
        "save_dir": "all_expt_logs/expt_logs_sim_compsel_n48-all",
        "exp_name": "173",
        "num_nodes": 8,
        "num_tgt_prior": 9,
        "obs_noise_mean": 0.0,
        "obs_noise_var": 1.0,
        "obs_noise_gamma_shape": 2.0,
        "noise_type": "gaussian",
        "max_edge_strength": 1.0,
        "graph_sparsity_method": "adj_dense_prop",
        "adj_dense_prop": 0.8,
        "num_parents": null,
        "new_noise_mean": 1.0,
        "mix_samples": 262144,
        "stage2_samples": 262144,
        "gmm_tol": 0.001,
        "intv_type": "do",
        "new_noise_var": null,
        "dtype": "simulation",
        "cutoff_drop_ratio": 0.07,
        "intv_targets": [
            0,
            1,
            2,
            3,
            4,
            5,
            6,
            7
        ]
    },
    "intv_args_dict": {
        "0": {
            "intv_type": "do",
            "inode": 0,
            "new_mui": 1.0,
            "new_vari": null,
            "noise_type": "gaussian",
            "obs_noise_gamma_shape": 2.0,
            "true_params": {
                "Si": [
                    [
                        1e-09,
                        5.217779331559772e-10,
                        0.0,
                        1.163592453785875e-09,
                        1.2187310109787717e-10,
                        -4.860140558732436e-10,
                        -1.1686114923750109e-09,
                        -1.5038485031079164e-09
                    ],
                    [
                        5.217779331559772e-10,
                        1.0000000002722522,
                        0.0,
                        0.7296732713311506,
                        0.3544058268970019,
                        -0.01660132986516814,
                        0.47321632825384663,
                        0.9000787294752769
                    ],
                    [
                        0.0,
                        0.0,
                        1.0,
                        0.6770394377057236,
                        0.08899721736370994,
                        -0.3191817469698489,
                        -0.3241060757508647,
                        0.17822121319317333
                    ],
                    [
                        1.163592453785875e-09,
                        0.7296732713311506,
                        0.6770394377057236,
                        1.9908054835719096,
                        -0.5271602006373121,
                        0.0019756453859932632,
                        -1.6087265014064192,
                        -2.0505369193466696
                    ],
                    [
                        1.2187310109787717e-10,
                        0.3544058268970019,
                        0.08899721736370994,
                        -0.5271602006373121,
                        1.8492658582919144,
                        0.3214973454794572,
                        2.0845879287968034,
                        3.5049367835485015
                    ],
                    [
                        -4.860140558732436e-10,
                        -0.01660132986516814,
                        -0.3191817469698489,
                        0.0019756453859932632,
                        0.3214973454794572,
                        1.4582219296467738,
                        -0.6763558115815977,
                        -1.287746207045215
                    ],
                    [
                        -1.1686114923750109e-09,
                        0.47321632825384663,
                        -0.3241060757508647,
                        -1.6087265014064192,
                        2.0845879287968034,
                        -0.6763558115815977,
                        4.970911902282848,
                        6.949257286541485
                    ],
                    [
                        -1.5038485031079164e-09,
                        0.9000787294752769,
                        0.17822121319317333,
                        -2.0505369193466696,
                        3.5049367835485015,
                        -1.287746207045215,
                        6.949257286541485,
                        11.882093553326177
                    ]
                ],
                "mui": [
                    1.0,
                    0.5217779331559771,
                    0.0,
                    1.163592453785875,
                    0.12187310109787716,
                    -0.48601405587324364,
                    -1.1686114923750108,
                    -1.5038485031079163
                ],
                "Ai": [
                    [
                        0.0,
                        0.0,
                        0.0,
                        0.0,
                        0.0,
                        0.0,
                        0.0,
                        0.0
                    ],
                    [
                        0.5217779331559771,
                        0.0,
                        0.0,
                        0.0,
                        0.0,
                        0.0,
                        0.0,
                        0.0
                    ],
                    [
                        -0.0,
                        -0.0,
                        0.0,
                        0.0,
                        0.0,
                        0.0,
                        0.0,
                        0.0
                    ],
                    [
                        0.7828650427083373,
                        0.7296732707240137,
                        0.6770394377057236,
                        0.0,
                        0.0,
                        0.0,
                        0.0,
                        0.0
                    ],
                    [
                        0.5992677539749756,
                        0.9717205673666833,
                        0.6617829306232851,
                        -0.8460152856096065,
                        0.0,
                        0.0,
                        0.0,
                        0.0
                    ],
                    [
                        -0.9874725196220075,
                        -0.7195242224334633,
                        -0.8393591113380903,
                        0.6959443283932136,
                        0.5505296575529932,
                        0.0,
                        0.0,
                        0.0
                    ],
                    [
                        -0.9721513158944595,
                        0.8166064880999844,
                        -0.0,
                        -0.8874076885973838,
                        0.8283438754190451,
                        -0.6359499838173766,
                        0.0,
                        0.0
                    ],
                    [
                        -0.5525285821048337,
                        0.9444146462637941,
                        0.744757256283953,
                        -0.8823687123618822,
                        0.7673425920486977,
                        -0.5654574066553679,
                        0.6723498288935649,
                        0.0
                    ]
                ]
            },
            "est_params": {
                "mui": [
                    0.31220863847395397,
                    0.10862630202054085,
                    0.29881840480785715,
                    1.4153060053152706,
                    -0.7517428658602886,
                    0.2907593550594313,
                    -2.329292897713655,
                    -3.421783154143799
                ],
                "Si": [
                    [
                        0.9923647258346644,
                        0.6003801256234006,
                        0.07876207565439276,
                        0.6650154650739599,
                        0.694229456169078,
                        -0.4780836990922066,
                        -0.19444932532637965,
                        0.15534974948521774
                    ],
                    [
                        0.6003801256234006,
                        1.4386179261156116,
                        0.0977599823785117,
                        1.015673635734698,
                        0.997966414156214,
                        -0.31177347307794273,
                        0.7063427784174036,
                        1.6120838787757685
                    ],
                    [
                        0.07876207565439278,
                        0.09775998237851172,
                        0.9146066908612633,
                        0.34902177393885314,
                        0.4600726591838248,
                        -0.343891942315353,
                        0.29066201861552715,
                        1.1717354599018415
                    ],
                    [
                        0.66501546507396,
                        1.015673635734698,
                        0.3490217739388532,
                        1.8472776299194011,
                        0.23736893006588283,
                        -0.2509844362920146,
                        -1.0743939005461125,
                        -1.169642614315642
                    ],
                    [
                        0.6942294561690784,
                        0.997966414156214,
                        0.46007265918382473,
                        0.23736893006588286,
                        2.6739919133767196,
                        -0.028558791637308806,
                        2.1200205487024286,
                        4.168441089973715
                    ],
                    [
                        -0.47808369909220666,
                        -0.3117734730779428,
                        -0.343891942315353,
                        -0.2509844362920146,
                        -0.028558791637308806,
                        1.7037441544511593,
                        -0.6640672878301265,
                        -1.4908296559958927
                    ],
                    [
                        -0.19444932532637962,
                        0.7063427784174034,
                        0.29066201861552715,
                        -1.0743939005461125,
                        2.120020548702429,
                        -0.6640672878301265,
                        4.8348442697029785,
                        7.164242805404502
                    ],
                    [
                        0.15534974948521785,
                        1.6120838787757685,
                        1.1717354599018415,
                        -1.169642614315642,
                        4.168441089973715,
                        -1.4908296559958927,
                        7.164242805404502,
                        13.164978128005618
                    ]
                ]
            },
            "est_tgt": [
                0,
                1,
                2,
                3,
                4,
                5,
                6,
                7
            ],
            "oracle_est_tgt": [
                0
            ]
        },
        "1": {
            "intv_type": "do",
            "inode": 1,
            "new_mui": 1.0,
            "new_vari": null,
            "noise_type": "gaussian",
            "obs_noise_gamma_shape": 2.0,
            "true_params": {
                "Si": [
                    [
                        1.0,
                        0.0,
                        0.0,
                        0.7828650427083373,
                        -0.06304803872569524,
                        -0.4773518484208741,
                        -1.41552533038512,
                        -1.9734897226606094
                    ],
                    [
                        0.0,
                        1e-09,
                        0.0,
                        7.296732707240137e-10,
                        3.544058268334112e-10,
                        -1.6601329611576733e-11,
                        4.732163288636024e-10,
                        9.000787302599519e-10
                    ],
                    [
                        0.0,
                        0.0,
                        1.0,
                        0.6770394377057236,
                        0.08899721736370994,
                        -0.3191817469698489,
                        -0.3241060757508647,
                        0.17822121319317333
                    ],
                    [
                        0.7828650427083373,
                        7.296732707240137e-10,
                        0.6770394377057236,
                        2.071260075836032,
                        -0.8351187648793741,
                        -0.3596128827854627,
                        -3.0621851043699335,
                        -4.252276423973099
                    ],
                    [
                        -0.06304803872569524,
                        3.544058268334112e-10,
                        0.08899721736370994,
                        -0.8351187648793741,
                        1.7276374234963479,
                        0.3574770513053519,
                        2.0061234006522835,
                        3.3103682938968957
                    ],
                    [
                        -0.4773518484208741,
                        -1.6601329611576733e-11,
                        -0.3191817469698489,
                        -0.3596128827854627,
                        0.3574770513053519,
                        1.6858111124567927,
                        0.007203841041535153,
                        -0.330754737161994
                    ],
                    [
                        -1.41552533038512,
                        4.732163288636024e-10,
                        -0.3241060757508647,
                        -3.0621851043699335,
                        2.0061234006522835,
                        0.007203841041535153,
                        6.7506901681998865,
                        9.316850024468971
                    ],
                    [
                        -1.9734897226606094,
                        9.000787302599519e-10,
                        0.17822121319317333,
                        -4.252276423973099,
                        3.3103682938968957,
                        -0.330754737161994,
                        9.316850024468971,
                        14.96661351665544
                    ]
                ],
                "mui": [
                    0.0,
                    1.0,
                    0.0,
                    0.7296732707240137,
                    0.3544058268334112,
                    -0.01660132961157673,
                    0.4732163288636023,
                    0.9000787302599519
                ],
                "Ai": [
                    [
                        0.0,
                        0.0,
                        0.0,
                        0.0,
                        0.0,
                        0.0,
                        0.0,
                        0.0
                    ],
                    [
                        0.0,
                        0.0,
                        0.0,
                        0.0,
                        0.0,
                        0.0,
                        0.0,
                        0.0
                    ],
                    [
                        -0.0,
                        -0.0,
                        0.0,
                        0.0,
                        0.0,
                        0.0,
                        0.0,
                        0.0
                    ],
                    [
                        0.7828650427083373,
                        0.7296732707240137,
                        0.6770394377057236,
                        0.0,
                        0.0,
                        0.0,
                        0.0,
                        0.0
                    ],
                    [
                        0.5992677539749756,
                        0.9717205673666833,
                        0.6617829306232851,
                        -0.8460152856096065,
                        0.0,
                        0.0,
                        0.0,
                        0.0
                    ],
                    [
                        -0.9874725196220075,
                        -0.7195242224334633,
                        -0.8393591113380903,
                        0.6959443283932136,
                        0.5505296575529932,
                        0.0,
                        0.0,
                        0.0
                    ],
                    [
                        -0.9721513158944595,
                        0.8166064880999844,
                        -0.0,
                        -0.8874076885973838,
                        0.8283438754190451,
                        -0.6359499838173766,
                        0.0,
                        0.0
                    ],
                    [
                        -0.5525285821048337,
                        0.9444146462637941,
                        0.744757256283953,
                        -0.8823687123618822,
                        0.7673425920486977,
                        -0.5654574066553679,
                        0.6723498288935649,
                        0.0
                    ]
                ]
            },
            "oracle_est_tgt": [
                1,
                3,
                4,
                5,
                6,
                7
            ]
        },
        "2": {
            "intv_type": "do",
            "inode": 2,
            "new_mui": 1.0,
            "new_vari": null,
            "noise_type": "gaussian",
            "obs_noise_gamma_shape": 2.0,
            "true_params": {
                "Si": [
                    [
                        1.0,
                        0.5217779331559771,
                        0.0,
                        1.163592453785875,
                        0.12187310109787716,
                        -0.48601405587324364,
                        -1.1686114923750108,
                        -1.5038485031079163
                    ],
                    [
                        0.5217779331559771,
                        1.2722522115285233,
                        0.0,
                        1.3368101362962994,
                        0.41799652163157097,
                        -0.27019273916987135,
                        -0.13653936029015268,
                        0.1154037665285933
                    ],
                    [
                        0.0,
                        0.0,
                        1e-09,
                        6.770394377057236e-10,
                        8.899721736370995e-11,
                        -3.1918174696984894e-10,
                        -3.241060757508647e-10,
                        1.7822121319317335e-10
                    ],
                    [
                        1.163592453785875,
                        1.3368101362962994,
                        6.770394377057236e-10,
                        2.886370480974896,
                        -0.4456042059631954,
                        -0.3474480116181589,
                        -2.7490814189177026,
                        -3.9210664772972335
                    ],
                    [
                        0.12187310109787716,
                        0.41799652163157097,
                        8.899721736370995e-11,
                        -0.4456042059631954,
                        1.8561984063577117,
                        0.29067159265745807,
                        1.9710101612285194,
                        3.305796911043102
                    ],
                    [
                        -0.48601405587324364,
                        -0.27019273916987135,
                        -3.1918174696984894e-10,
                        -0.3474480116181589,
                        0.29067159265745807,
                        1.592554604420077,
                        -0.21184294435855072,
                        -0.4999697392445239
                    ],
                    [
                        -1.1686114923750108,
                        -0.13653936029015268,
                        -3.241060757508647e-10,
                        -2.7490814189177026,
                        1.9710101612285194,
                        -0.21184294435855072,
                        6.231519972794564,
                        8.76443450627277
                    ],
                    [
                        -1.5038485031079163,
                        0.1154037665285933,
                        1.7822121319317335e-10,
                        -3.9210664772972335,
                        3.305796911043102,
                        -0.4999697392445239,
                        8.76443450627277,
                        14.111891070564253
                    ]
                ],
                "mui": [
                    0.0,
                    0.0,
                    1.0,
                    0.6770394377057236,
                    0.08899721736370994,
                    -0.3191817469698489,
                    -0.3241060757508647,
                    0.17822121319317333
                ],
                "Ai": [
                    [
                        0.0,
                        0.0,
                        0.0,
                        0.0,
                        0.0,
                        0.0,
                        0.0,
                        0.0
                    ],
                    [
                        0.5217779331559771,
                        0.0,
                        0.0,
                        0.0,
                        0.0,
                        0.0,
                        0.0,
                        0.0
                    ],
                    [
                        0.0,
                        0.0,
                        0.0,
                        0.0,
                        0.0,
                        0.0,
                        0.0,
                        0.0
                    ],
                    [
                        0.7828650427083373,
                        0.7296732707240137,
                        0.6770394377057236,
                        0.0,
                        0.0,
                        0.0,
                        0.0,
                        0.0
                    ],
                    [
                        0.5992677539749756,
                        0.9717205673666833,
                        0.6617829306232851,
                        -0.8460152856096065,
                        0.0,
                        0.0,
                        0.0,
                        0.0
                    ],
                    [
                        -0.9874725196220075,
                        -0.7195242224334633,
                        -0.8393591113380903,
                        0.6959443283932136,
                        0.5505296575529932,
                        0.0,
                        0.0,
                        0.0
                    ],
                    [
                        -0.9721513158944595,
                        0.8166064880999844,
                        -0.0,
                        -0.8874076885973838,
                        0.8283438754190451,
                        -0.6359499838173766,
                        0.0,
                        0.0
                    ],
                    [
                        -0.5525285821048337,
                        0.9444146462637941,
                        0.744757256283953,
                        -0.8823687123618822,
                        0.7673425920486977,
                        -0.5654574066553679,
                        0.6723498288935649,
                        0.0
                    ]
                ]
            },
            "oracle_est_tgt": [
                2
            ]
        },
        "3": {
            "intv_type": "do",
            "inode": 3,
            "new_mui": 1.0,
            "new_vari": null,
            "noise_type": "gaussian",
            "obs_noise_gamma_shape": 2.0,
            "true_params": {
                "Si": [
                    [
                        1.0,
                        0.5217779331559771,
                        0.0,
                        0.0,
                        1.106290103220717,
                        -0.7538588695786347,
                        0.849741097016814,
                        1.7867480179872954
                    ],
                    [
                        0.5217779331559771,
                        1.2722522115285233,
                        0.0,
                        0.0,
                        1.5489583308961017,
                        -0.5779101541039242,
                        2.182274405938852,
                        3.8958535017852185
                    ],
                    [
                        0.0,
                        0.0,
                        1.0,
                        0.0,
                        0.6617829306232851,
                        -0.4750279811676369,
                        0.8502778743750248,
                        2.092863759309827
                    ],
                    [
                        0.0,
                        0.0,
                        0.0,
                        1e-09,
                        -8.460152856096065e-10,
                        2.3018782292195923e-10,
                        -1.7345872112051729e-09,
                        -2.8279630985822372e-09
                    ],
                    [
                        1.106290103220717,
                        1.5489583308961017,
                        0.6617829306232851,
                        -8.460152856096065e-10,
                        3.606075301507619,
                        -0.7771662465662657,
                        3.6707172961809524,
                        7.0190253977435
                    ],
                    [
                        -0.7538588695786347,
                        -0.5779101541039242,
                        -0.4750279811676369,
                        2.3018782292195923e-10,
                        -0.7771662465662657,
                        2.131101268360163,
                        -1.7380950071772272,
                        -3.453046416856689
                    ],
                    [
                        0.849741097016814,
                        2.182274405938852,
                        0.8502778743750248,
                        -1.7345872112051729e-09,
                        3.6707172961809524,
                        -1.7380950071772272,
                        6.101940196982664,
                        10.126871153342023
                    ],
                    [
                        1.7867480179872954,
                        3.8958535017852185,
                        2.092863759309827,
                        -2.8279630985822372e-09,
                        7.0190253977435,
                        -3.453046416856689,
                        10.126871153342023,
                        19.39809513295514
                    ]
                ],
                "mui": [
                    0.0,
                    0.0,
                    0.0,
                    1.0,
                    -0.8460152856096065,
                    0.23018782292195922,
                    -1.7345872112051728,
                    -2.827963098582237
                ],
                "Ai": [
                    [
                        0.0,
                        0.0,
                        0.0,
                        0.0,
                        0.0,
                        0.0,
                        0.0,
                        0.0
                    ],
                    [
                        0.5217779331559771,
                        0.0,
                        0.0,
                        0.0,
                        0.0,
                        0.0,
                        0.0,
                        0.0
                    ],
                    [
                        -0.0,
                        -0.0,
                        0.0,
                        0.0,
                        0.0,
                        0.0,
                        0.0,
                        0.0
                    ],
                    [
                        0.0,
                        0.0,
                        0.0,
                        0.0,
                        0.0,
                        0.0,
                        0.0,
                        0.0
                    ],
                    [
                        0.5992677539749756,
                        0.9717205673666833,
                        0.6617829306232851,
                        -0.8460152856096065,
                        0.0,
                        0.0,
                        0.0,
                        0.0
                    ],
                    [
                        -0.9874725196220075,
                        -0.7195242224334633,
                        -0.8393591113380903,
                        0.6959443283932136,
                        0.5505296575529932,
                        0.0,
                        0.0,
                        0.0
                    ],
                    [
                        -0.9721513158944595,
                        0.8166064880999844,
                        -0.0,
                        -0.8874076885973838,
                        0.8283438754190451,
                        -0.6359499838173766,
                        0.0,
                        0.0
                    ],
                    [
                        -0.5525285821048337,
                        0.9444146462637941,
                        0.744757256283953,
                        -0.8823687123618822,
                        0.7673425920486977,
                        -0.5654574066553679,
                        0.6723498288935649,
                        0.0
                    ]
                ]
            },
            "oracle_est_tgt": [
                1,
                3,
                4,
                5,
                6,
                7
            ]
        },
        "4": {
            "intv_type": "do",
            "inode": 4,
            "new_mui": 1.0,
            "new_vari": null,
            "noise_type": "gaussian",
            "obs_noise_gamma_shape": 2.0,
            "true_params": {
                "Si": [
                    [
                        1.0,
                        0.5217779331559771,
                        0.0,
                        1.163592453785875,
                        0.0,
                        -0.5531088124855793,
                        -1.2268954198659179,
                        -1.598614886006946
                    ],
                    [
                        0.5217779331559771,
                        1.2722522115285233,
                        0.0,
                        1.3368101362962994,
                        0.0,
                        -0.5003122210820425,
                        -0.33643973813202077,
                        -0.20962298722232164
                    ],
                    [
                        0.0,
                        0.0,
                        1.0,
                        0.6770394377057236,
                        0.0,
                        -0.36817735456826145,
                        -0.36666761982409823,
                        0.10901854007120071
                    ],
                    [
                        1.163592453785875,
                        1.3368101362962994,
                        0.6770394377057236,
                        3.344752880725396,
                        0.0,
                        -0.35140026956867354,
                        -2.784226531523764,
                        -3.5007626221013153
                    ],
                    [
                        0.0,
                        0.0,
                        0.0,
                        0.0,
                        1e-09,
                        5.505296575529933e-10,
                        4.782345486072332e-10,
                        7.775824365289789e-10
                    ],
                    [
                        -0.5531088124855793,
                        -0.5003122210820425,
                        -0.36817735456826145,
                        -0.35140026956867354,
                        5.505296575529933e-10,
                        1.97064450738443,
                        -0.8122487870551001,
                        -1.7914627795718205
                    ],
                    [
                        -1.2268954198659179,
                        -0.33643973813202077,
                        -0.36666761982409823,
                        -2.784226531523764,
                        4.782345486072332e-10,
                        -0.8122487870551001,
                        4.905282758124802,
                        6.301150295642324
                    ],
                    [
                        -1.598614886006946,
                        -0.20962298722232164,
                        0.10901854007120071,
                        -3.5007626221013153,
                        7.775824365289789e-10,
                        -1.7914627795718205,
                        6.301150295642324,
                        10.105038374067146
                    ]
                ],
                "mui": [
                    0.0,
                    0.0,
                    0.0,
                    0.0,
                    1.0,
                    0.5505296575529932,
                    0.4782345486072332,
                    0.7775824365289788
                ],
                "Ai": [
                    [
                        0.0,
                        0.0,
                        0.0,
                        0.0,
                        0.0,
                        0.0,
                        0.0,
                        0.0
                    ],
                    [
                        0.5217779331559771,
                        0.0,
                        0.0,
                        0.0,
                        0.0,
                        0.0,
                        0.0,
                        0.0
                    ],
                    [
                        -0.0,
                        -0.0,
                        0.0,
                        0.0,
                        0.0,
                        0.0,
                        0.0,
                        0.0
                    ],
                    [
                        0.7828650427083373,
                        0.7296732707240137,
                        0.6770394377057236,
                        0.0,
                        0.0,
                        0.0,
                        0.0,
                        0.0
                    ],
                    [
                        0.0,
                        0.0,
                        0.0,
                        0.0,
                        0.0,
                        0.0,
                        0.0,
                        0.0
                    ],
                    [
                        -0.9874725196220075,
                        -0.7195242224334633,
                        -0.8393591113380903,
                        0.6959443283932136,
                        0.5505296575529932,
                        0.0,
                        0.0,
                        0.0
                    ],
                    [
                        -0.9721513158944595,
                        0.8166064880999844,
                        -0.0,
                        -0.8874076885973838,
                        0.8283438754190451,
                        -0.6359499838173766,
                        0.0,
                        0.0
                    ],
                    [
                        -0.5525285821048337,
                        0.9444146462637941,
                        0.744757256283953,
                        -0.8823687123618822,
                        0.7673425920486977,
                        -0.5654574066553679,
                        0.6723498288935649,
                        0.0
                    ]
                ]
            },
            "est_params": {
                "mui": [
                    -0.37838097955014227,
                    -0.39787653562731345,
                    -0.004467613840622404,
                    -1.07507640325802,
                    0.7393576363688634,
                    0.42920145576936364,
                    1.3606209968997913,
                    2.0412769821047743
                ],
                "Si": [
                    [
                        1.0008269205699696,
                        0.31143195363125853,
                        -0.11530272870346918,
                        0.7843893320726231,
                        0.17228578323084923,
                        -0.4159875505755664,
                        -0.9921408380664665,
                        -1.3359501863568395
                    ],
                    [
                        0.31143195363125853,
                        1.22596643183719,
                        -0.14617356693602082,
                        0.8423764359605593,
                        0.44475483767827,
                        -0.25764972209497944,
                        0.5036947205336182,
                        0.95795585059709
                    ],
                    [
                        -0.11530272870346918,
                        -0.14617356693602082,
                        1.053922438849171,
                        0.49224713469062925,
                        0.018957908328230487,
                        -0.2822923306760759,
                        -0.2384534244672693,
                        0.29669851049528545
                    ],
                    [
                        0.7843893320726231,
                        0.8423764359605593,
                        0.4922471346906293,
                        2.173662913255387,
                        0.06020917206980414,
                        -0.28520001128421835,
                        -1.74261061437263,
                        -2.1355045512085544
                    ],
                    [
                        0.1722857832308492,
                        0.44475483767827,
                        0.018957908328230477,
                        0.06020917206980414,
                        1.1414335000668012,
                        0.06915689099285931,
                        1.046798379307192,
                        1.8258344158656827
                    ],
                    [
                        -0.4159875505755664,
                        -0.25764972209497944,
                        -0.2822923306760759,
                        -0.28520001128421835,
                        0.06915689099285932,
                        1.487385035408132,
                        -0.4516700503165537,
                        -1.0616844157646053
                    ],
                    [
                        -0.9921408380664667,
                        0.5036947205336183,
                        -0.2384534244672693,
                        -1.74261061437263,
                        1.046798379307192,
                        -0.4516700503165537,
                        5.069778662253734,
                        6.830026829671992
                    ],
                    [
                        -1.3359501863568402,
