{
    "expt_args": {
        "save_dir": "all_expt_logs/expt_logs_sim_compsel_n48-all",
        "exp_name": "193",
        "num_nodes": 8,
        "num_tgt_prior": 9,
        "obs_noise_mean": 0.0,
        "obs_noise_var": 1.0,
        "obs_noise_gamma_shape": 2.0,
        "noise_type": "gaussian",
        "max_edge_strength": 1.0,
        "graph_sparsity_method": "adj_dense_prop",
        "adj_dense_prop": 0.8,
        "num_parents": null,
        "new_noise_mean": 1.0,
        "mix_samples": 65536,
        "stage2_samples": 65536,
        "gmm_tol": 0.001,
        "intv_type": "do",
        "new_noise_var": null,
        "dtype": "simulation",
        "cutoff_drop_ratio": 0.07,
        "intv_targets": [
            0,
            1,
            2,
            3,
            4,
            5,
            6,
            7
        ]
    },
    "intv_args_dict": {
        "0": {
            "intv_type": "do",
            "inode": 0,
            "new_mui": 1.0,
            "new_vari": null,
            "noise_type": "gaussian",
            "obs_noise_gamma_shape": 2.0,
            "true_params": {
                "Si": [
                    [
                        1e-09,
                        -8.261717176701438e-10,
                        -5.461694144928972e-10,
                        3.9198332464611843e-10,
                        8.859820825754498e-10,
                        6.54459941652919e-10,
                        3.7257231562079596e-10,
                        -4.660465127065187e-10
                    ],
                    [
                        -8.261717176701438e-10,
                        1.0000000006825598,
                        0.6610846185898526,
                        0.2911161608685963,
                        -0.755179352067552,
                        0.5562252941377209,
                        0.3435223083022138,
                        0.22324420452776716
                    ],
                    [
                        -5.461694144928972e-10,
                        0.6610846185898526,
                        1.43703287263779,
                        -0.7735313210863297,
                        -0.604062576978038,
                        0.42679820403407126,
                        0.4036582159993932,
                        -0.426959472819605
                    ],
                    [
                        3.9198332464611843e-10,
                        0.2911161608685963,
                        -0.7735313210863297,
                        2.0178731998570982,
                        -0.8563196272864312,
                        1.596798776738029,
                        0.17339680480125763,
                        0.545916629968118
                    ],
                    [
                        8.859820825754498e-10,
                        -0.755179352067552,
                        -0.604062576978038,
                        -0.8563196272864312,
                        2.125535730245429,
                        -2.5042114138828273,
                        0.23113022091520474,
                        0.736648216364403
                    ],
                    [
                        6.54459941652919e-10,
                        0.5562252941377209,
                        0.42679820403407126,
                        1.596798776738029,
                        -2.5042114138828273,
                        4.493916911207787,
                        -0.10792613217893758,
                        -0.7927147250380453
                    ],
                    [
                        3.7257231562079596e-10,
                        0.3435223083022138,
                        0.4036582159993932,
                        0.17339680480125763,
                        0.23113022091520474,
                        -0.10792613217893758,
                        1.683449764006009,
                        0.5017610536689018
                    ],
                    [
                        -4.660465127065187e-10,
                        0.22324420452776716,
                        -0.426959472819605,
                        0.545916629968118,
                        0.736648216364403,
                        -0.7927147250380453,
                        0.5017610536689018,
                        2.010101586545905
                    ]
                ],
                "mui": [
                    1.0,
                    -0.8261717176701437,
                    -0.5461694144928971,
                    0.3919833246461184,
                    0.8859820825754497,
                    0.654459941652919,
                    0.37257231562079596,
                    -0.46604651270651865
                ],
                "Ai": [
                    [
                        0.0,
                        0.0,
                        0.0,
                        0.0,
                        0.0,
                        0.0,
                        0.0,
                        0.0
                    ],
                    [
                        -0.8261717176701437,
                        0.0,
                        0.0,
                        0.0,
                        0.0,
                        0.0,
                        0.0,
                        0.0
                    ],
                    [
                        0.0,
                        0.6610846181386228,
                        0.0,
                        0.0,
                        0.0,
                        0.0,
                        0.0,
                        0.0
                    ],
                    [
                        0.6324952635800165,
                        0.9297131511799099,
                        -0.9659837371281276,
                        0.0,
                        0.0,
                        0.0,
                        0.0,
                        0.0
                    ],
                    [
                        0.7286875710389287,
                        -0.0,
                        -0.8174642453519216,
                        -0.7377340782985767,
                        0.0,
                        0.0,
                        0.0,
                        0.0
                    ],
                    [
                        0.8824978485413404,
                        -0.8699202357170532,
                        0.7013716888619124,
                        0.7709567900518557,
                        -0.9773062687963319,
                        0.0,
                        0.0,
                        0.0
                    ],
                    [
                        0.0,
                        -0.0,
                        0.9754646377620411,
                        0.752265649878474,
                        0.6890271115357369,
                        0.0,
                        0.0,
                        0.0
                    ],
                    [
                        -0.810687509425625,
                        0.6719316378481943,
                        -0.0,
                        0.509007151405444,
                        0.7903654152970673,
                        0.0,
                        -0.0,
                        0.0
                    ]
                ]
            },
            "est_params": {
                "mui": [
                    0.8223329335120676,
                    -0.9711477684410847,
                    -0.4622269181213141,
                    0.0663378045253997,
                    0.9052572083290761,
                    0.4287535331315785,
                    0.36025474852638384,
                    -0.3348352024447217
                ],
                "Si": [
                    [
                        0.3611827047198042,
                        -0.20944717896187026,
                        -0.10692423745690784,
                        0.13571118855162556,
                        0.269815224596058,
                        0.2554334436635453,
                        0.1263855050080251,
                        -0.11884912181292497
                    ],
                    [
                        -0.20944717896187026,
                        1.074925583967296,
                        0.524691605280968,
                        0.35227823106807804,
                        -0.8693935895480073,
                        0.3983871965171682,
                        0.14416986509268281,
                        0.29343979636516837
                    ],
                    [
                        -0.10692423745690784,
                        0.5246916052809681,
                        1.651785301428428,
                        -1.1753977823194395,
                        -0.5771527000598099,
                        0.2964754322448948,
                        0.23977066215321952,
                        -0.6433531942835861
                    ],
                    [
                        0.13571118855162556,
                        0.35227823106807804,
                        -1.1753977823194395,
                        2.5496248312989955,
                        -0.8200353173539167,
                        1.7488464292661021,
                        0.21314192874687893,
                        0.735267069548323
                    ],
                    [
                        0.269815224596058,
                        -0.8693935895480073,
                        -0.5771527000598099,
                        -0.8200353173539167,
                        2.303858236319483,
                        -2.3162018625417584,
                        0.3433031380758633,
                        0.5214846237568901
                    ],
                    [
                        0.25543344366354537,
                        0.3983871965171682,
                        0.2964754322448948,
                        1.7488464292661021,
                        -2.316201862541758,
                        4.692462339058324,
                        -0.00961840002387244,
                        -0.7500774085100723
                    ],
                    [
                        0.1263855050080251,
                        0.14416986509268281,
                        0.23977066215321954,
                        0.21314192874687893,
                        0.34330313807586327,
                        -0.009618400023872431,
                        1.533080917471703,
                        0.22301218535155276
                    ],
                    [
                        -0.11884912181292498,
                        0.2934397963651685,
                        -0.643353194283586,
                        0.7352670695483229,
                        0.5214846237568901,
                        -0.7500774085100721,
                        0.22301218535155276,
                        2.3044476739098596
                    ]
                ]
            },
            "est_tgt": [
                0,
                1,
                2,
                5,
                6,
                7
            ],
            "oracle_est_tgt": [
                0,
                1,
                2,
                3,
                5
            ]
        },
        "1": {
            "intv_type": "do",
            "inode": 1,
            "new_mui": 1.0,
            "new_vari": null,
            "noise_type": "gaussian",
            "obs_noise_gamma_shape": 2.0,
            "true_params": {
                "Si": [
                    [
                        1.0,
                        0.0,
                        0.0,
                        0.6324952635800165,
                        0.26207426073350987,
                        1.1139975487689688,
                        0.6563807313831517,
                        -0.2816084651100129
                    ],
                    [
                        0.0,
                        1e-09,
                        6.610846181386229e-10,
                        2.911161611924419e-10,
                        -7.551793513355787e-10,
                        5.562252946784172e-10,
                        3.4352230861002257e-10,
                        2.2324420414273272e-10
                    ],
                    [
                        0.0,
                        6.610846181386229e-10,
                        1.0000000004370329,
                        -0.9659837369356752,
                        -0.10482512388952527,
                        0.05908621822770482,
                        0.17656090222042328,
                        -0.5745427823739213
                    ],
                    [
                        0.6324952635800165,
                        2.911161611924419e-10,
                        -0.9659837369356752,
                        2.3331748389319267,
                        -0.47071398546077503,
                        2.1394707773346235,
                        0.48854961269373587,
                        0.30281061413117466
                    ],
                    [
                        0.26207426073350987,
                        -7.551793513355787e-10,
                        -0.10482512388952527,
                        -0.47071398546077503,
                        1.623922795486151,
                        -1.7922114735984591,
                        0.6625716694480687,
                        0.8314352995726538
                    ],
                    [
                        1.1139975487689688,
                        5.562252946784172e-10,
                        0.05908621822770482,
                        2.1394707773346235,
                        -1.7922114735984591,
                        5.425520871312035,
                        0.4322045962530984,
                        -1.2305999376885488
                    ],
                    [
                        0.6563807313831517,
                        3.4352230861002257e-10,
                        0.17656090222042328,
                        0.48854961269373587,
                        0.6625716694480687,
                        0.4322045962530984,
                        1.9962778520035283,
                        0.24022931923571145
                    ],
                    [
                        -0.2816084651100129,
                        2.2324420414273272e-10,
                        -0.5745427823739213,
                        0.30281061413117466,
                        0.8314352995726538,
                        -1.2305999376885488,
                        0.24022931923571145,
                        2.0395669393168387
                    ]
                ],
                "mui": [
                    0.0,
                    1.0,
                    0.6610846181386228,
                    0.2911161611924419,
                    -0.7551793513355787,
                    0.5562252946784172,
                    0.34352230861002253,
                    0.22324420414273272
                ],
                "Ai": [
                    [
                        0.0,
                        0.0,
                        0.0,
                        0.0,
                        0.0,
                        0.0,
                        0.0,
                        0.0
                    ],
                    [
                        0.0,
                        0.0,
                        0.0,
                        0.0,
                        0.0,
                        0.0,
                        0.0,
                        0.0
                    ],
                    [
                        0.0,
                        0.6610846181386228,
                        0.0,
                        0.0,
                        0.0,
                        0.0,
                        0.0,
                        0.0
                    ],
                    [
                        0.6324952635800165,
                        0.9297131511799099,
                        -0.9659837371281276,
                        0.0,
                        0.0,
                        0.0,
                        0.0,
                        0.0
                    ],
                    [
                        0.7286875710389287,
                        -0.0,
                        -0.8174642453519216,
                        -0.7377340782985767,
                        0.0,
                        0.0,
                        0.0,
                        0.0
                    ],
                    [
                        0.8824978485413404,
                        -0.8699202357170532,
                        0.7013716888619124,
                        0.7709567900518557,
                        -0.9773062687963319,
                        0.0,
                        0.0,
                        0.0
                    ],
                    [
                        0.0,
                        -0.0,
                        0.9754646377620411,
                        0.752265649878474,
                        0.6890271115357369,
                        0.0,
                        0.0,
                        0.0
                    ],
                    [
                        -0.810687509425625,
                        0.6719316378481943,
                        -0.0,
                        0.509007151405444,
                        0.7903654152970673,
                        0.0,
                        -0.0,
                        0.0
                    ]
                ]
            },
            "est_params": {
                "mui": [
                    -0.24687331731253634,
                    0.6642659231896554,
                    0.5975487337652264,
                    -0.11271415921237748,
                    -0.5638448962239581,
                    0.06912064121840401,
                    0.3042031406816924,
                    0.2824818787483706
                ],
                "Si": [
                    [
                        0.918287145786479,
                        -0.33096470480739365,
                        -0.14011016896390557,
                        0.40649781126563433,
                        0.5027088287927021,
                        0.8053586426643524,
                        0.42798161564049275,
                        -0.32872296312977933
                    ],
                    [
                        -0.33096470480739365,
                        0.8503120689456922,
                        0.3829363393467082,
                        0.20993337456231578,
                        -0.7284750530957798,
                        0.12089132293818015,
                        -0.011396399774688497,
                        0.29460700503317894
                    ],
                    [
                        -0.14011016896390557,
                        0.3829363393467082,
                        1.0234973975043435,
                        -0.7170393859425815,
                        -0.40177197869639725,
                        0.09293860294031736,
                        0.11947692774901211,
                        -0.27644751386283856
                    ],
                    [
                        0.40649781126563433,
                        0.20993337456231578,
                        -0.7170393859425815,
                        2.1369945285773873,
                        -0.704286609669284,
                        2.024977173687409,
                        0.33382411852829985,
                        0.2749424083554004
                    ],
                    [
                        0.5027088287927021,
                        -0.7284750530957798,
                        -0.40177197869639725,
                        -0.704286609669284,
                        2.2200423604199284,
                        -1.941719159403,
                        0.5363002632149435,
                        0.4277516807939487
                    ],
                    [
                        0.8053586426643524,
                        0.12089132293818015,
                        0.09293860294031736,
                        2.024977173687409,
                        -1.941719159403,
                        5.136290787397368,
                        0.1986260197538791,
                        -0.9394535360951136
                    ],
                    [
                        0.42798161564049275,
                        -0.011396399774688497,
                        0.1194769277490121,
                        0.33382411852829985,
                        0.5363002632149435,
                        0.19862601975387914,
                        1.7141803029395721,
                        0.14518905074213218
                    ],
                    [
                        -0.32872296312977933,
                        0.29460700503317894,
                        -0.2764475138628386,
                        0.2749424083554004,
                        0.4277516807939487,
                        -0.9394535360951136,
                        0.14518905074213215,
                        1.8142421469218077
                    ]
                ]
            },
            "est_tgt": [
                0,
                1,
                2,
                6,
                7
            ],
            "oracle_est_tgt": [
                0,
                1,
                2,
                3,
                5
            ]
        },
        "2": {
            "intv_type": "do",
            "inode": 2,
            "new_mui": 1.0,
            "new_vari": null,
            "noise_type": "gaussian",
            "obs_noise_gamma_shape": 2.0,
            "true_params": {
                "Si": [
                    [
                        1.0,
                        -0.8261717176701437,
                        0.0,
                        -0.13560744747081166,
                        0.8287298063092305,
                        0.6867310266661112,
                        0.46900448008482865,
                        -0.7798442078374085
                    ],
                    [
                        -0.8261717176701437,
                        1.6825597070780356,
                        0.0,
                        1.0417481889857343,
                        -1.3705542022307187,
                        -0.050193446970933975,
                        -0.16067762476912156,
                        1.247350828834408
                    ],
                    [
                        0.0,
                        0.0,
                        1e-09,
                        -9.659837371281277e-10,
                        -1.0482512339028781e-10,
                        5.908621785999284e-11,
                        1.7656090199332597e-10,
                        -5.745427825215046e-10
                    ],
                    [
                        -0.13560744747081166,
                        1.0417481889857343,
                        -9.659837371281277e-10,
                        1.8827559242195515,
                        -1.4877886671379335,
                        1.8796375433884909,
                        0.3912058800596307,
                        0.592358352702228
                    ],
                    [
                        0.8287298063092305,
                        -1.3705542022307187,
                        -1.0482512339028781e-10,
                        -1.4877886671379335,
                        2.7014775107467974,
                        -1.8635665756733437,
                        0.7421789374400188,
                        -0.21490030918432457
                    ],
                    [
                        0.6867310266661112,
                        -0.050193446970933975,
                        5.908621785999284e-11,
                        1.8796375433884909,
                        -1.8635665756733437,
                        4.920097572457896,
                        0.12993886338000968,
                        -1.1066004495665718
                    ],
                    [
                        0.46900448008482865,
                        -0.16067762476912156,
                        1.7656090199332597e-10,
                        0.3912058800596307,
                        0.7421789374400188,
                        0.12993886338000968,
                        1.805672155278526,
                        0.2975387012906259
                    ],
                    [
                        -0.7798442078374085,
                        1.247350828834408,
                        -5.745427825215046e-10,
                        0.592358352702228,
                        -0.21490030918432457,
                        -1.1066004495665718,
                        0.2975387012906259,
                        2.6020093095859598
                    ]
                ],
                "mui": [
                    0.0,
                    0.0,
                    1.0,
                    -0.9659837371281276,
                    -0.10482512339028781,
                    0.05908621785999284,
                    0.17656090199332597,
                    -0.5745427825215046
                ],
                "Ai": [
                    [
                        0.0,
                        0.0,
                        0.0,
                        0.0,
                        0.0,
                        0.0,
                        0.0,
                        0.0
                    ],
                    [
                        -0.8261717176701437,
                        0.0,
                        0.0,
                        0.0,
                        0.0,
                        0.0,
                        0.0,
                        0.0
                    ],
                    [
                        0.0,
                        0.0,
                        0.0,
                        0.0,
                        0.0,
                        0.0,
                        0.0,
                        0.0
                    ],
                    [
                        0.6324952635800165,
                        0.9297131511799099,
                        -0.9659837371281276,
                        0.0,
                        0.0,
                        0.0,
                        0.0,
                        0.0
                    ],
                    [
                        0.7286875710389287,
                        -0.0,
                        -0.8174642453519216,
                        -0.7377340782985767,
                        0.0,
                        0.0,
                        0.0,
                        0.0
                    ],
                    [
                        0.8824978485413404,
                        -0.8699202357170532,
                        0.7013716888619124,
                        0.7709567900518557,
                        -0.9773062687963319,
                        0.0,
                        0.0,
                        0.0
                    ],
                    [
                        0.0,
                        -0.0,
                        0.9754646377620411,
                        0.752265649878474,
                        0.6890271115357369,
                        0.0,
                        0.0,
                        0.0
                    ],
                    [
                        -0.810687509425625,
                        0.6719316378481943,
                        -0.0,
                        0.509007151405444,
                        0.7903654152970673,
                        0.0,
                        -0.0,
                        0.0
                    ]
                ]
            },
            "oracle_est_tgt": [
                2,
                3,
                5
            ]
        },
        "3": {
            "intv_type": "do",
            "inode": 3,
            "new_mui": 1.0,
            "new_vari": null,
            "noise_type": "gaussian",
            "obs_noise_gamma_shape": 2.0,
            "true_params": {
                "Si": [
                    [
                        1.0,
                        -0.8261717176701437,
                        -0.5461694144928971,
                        0.0,
                        1.1751615392916657,
                        0.06964084007401783,
                        0.2769492109410068,
                        -0.43701138678018236
                    ],
                    [
                        -0.8261717176701437,
                        1.6825597070780356,
                        1.1123143414491163,
                        0.0,
                        -1.5112982659369383,
                        0.0643595571697417,
                        0.043697827311689086,
                        0.6058543103152363
                    ],
                    [
                        -0.5461694144928971,
                        1.1123143414491163,
                        1.7353339016670029,
                        0.0,
                        -1.8165602823824054,
                        1.5428317336363377,
                        0.44109757148530104,
                        -0.24557450238568862
                    ],
                    [
                        0.0,
                        0.0,
                        0.0,
                        1e-09,
                        -7.377340782985768e-10,
                        1.4919489294777386e-09,
                        2.439468688269265e-10,
                        -7.407234976780985e-11
                    ],
                    [
                        1.1751615392916657,
                        -1.5112982659369383,
                        -1.8165602823824054,
                        -7.377340782985768e-10,
                        3.3412986885630707,
                        -2.1877696341403725,
                        0.5302550657767222,
                        0.6726690246728988
                    ],
                    [
                        0.06964084007401783,
                        0.0643595571697417,
                        1.5428317336363377,
                        1.4919489294777386e-09,
                        -2.1877696341403725,
                        4.225689688320328,
                        -0.002454792415642983,
                        -1.7423491912359206
                    ],
                    [
                        0.2769492109410068,
                        0.043697827311689086,
                        0.44109757148530104,
                        2.439468688269265e-10,
                        0.5302550657767222,
                        -0.002454792415642983,
                        1.795635199319465,
                        0.22393795202095745
                    ],
                    [
                        -0.43701138678018236,
                        0.6058543103152363,
                        -0.24557450238568862,
                        -7.407234976780985e-11,
                        0.6726690246728988,
                        -1.7423491912359206,
                        0.22393795202095745,
                        2.2930266847723346
                    ]
                ],
                "mui": [
                    0.0,
                    0.0,
                    0.0,
                    1.0,
                    -0.7377340782985767,
                    1.4919489294777386,
                    0.2439468688269265,
                    -0.07407234976780985
                ],
                "Ai": [
                    [
                        0.0,
                        0.0,
                        0.0,
                        0.0,
                        0.0,
                        0.0,
                        0.0,
                        0.0
                    ],
                    [
                        -0.8261717176701437,
                        0.0,
                        0.0,
                        0.0,
                        0.0,
                        0.0,
                        0.0,
                        0.0
                    ],
                    [
                        0.0,
                        0.6610846181386228,
                        0.0,
                        0.0,
                        0.0,
                        0.0,
                        0.0,
                        0.0
                    ],
                    [
                        0.0,
                        0.0,
                        0.0,
                        0.0,
                        0.0,
                        0.0,
                        0.0,
                        0.0
                    ],
                    [
                        0.7286875710389287,
                        -0.0,
                        -0.8174642453519216,
                        -0.7377340782985767,
                        0.0,
                        0.0,
                        0.0,
                        0.0
                    ],
                    [
                        0.8824978485413404,
                        -0.8699202357170532,
                        0.7013716888619124,
                        0.7709567900518557,
                        -0.9773062687963319,
                        0.0,
                        0.0,
                        0.0
                    ],
                    [
                        0.0,
                        -0.0,
                        0.9754646377620411,
                        0.752265649878474,
                        0.6890271115357369,
                        0.0,
                        0.0,
                        0.0
                    ],
                    [
                        -0.810687509425625,
                        0.6719316378481943,
                        -0.0,
                        0.509007151405444,
                        0.7903654152970673,
                        0.0,
                        -0.0,
                        0.0
                    ]
                ]
            },
            "est_params": {
                "mui": [
                    0.010114471754040668,
                    0.004396102459072556,
                    0.01988937279673801,
                    0.9999983266685335,
                    -0.7387910616690546,
                    1.5276569924655432,
                    0.2538200523226426,
                    -0.10031902268165749
                ],
                "Si": [
                    [
                        0.9913716630536514,
                        -0.8190147070138655,
                        -0.5383337012492424,
                        -1.1965076463034389e-06,
                        1.1600956788226005,
                        0.07730518664897645,
                        0.27319897681096156,
                        -0.45480115020070866
                    ],
                    [
                        -0.8190147070138655,
                        1.6517798322351547,
                        1.0866076805950098,
                        -6.251610950807615e-07,
                        -1.477003876731545,
                        0.04304658126887424,
                        0.018983685757647733,
                        0.6457551058828803
                    ],
                    [
                        -0.5383337012492424,
                        1.0866076805950098,
                        1.7207219276144707,
                        1.9422144083398357e-07,
                        -1.7781494692488258,
                        1.498105913228949,
                        0.4398699621361084,
                        -0.2356450027273256
                    ],
                    [
                        -1.1965076463034395e-06,
                        -6.25161095080761e-07,
                        1.9422144083398336e-07,
                        1.0288139525005795e-06,
                        -9.723059698578484e-07,
                        -1.2784841439647925e-07,
                        -2.4848047043688426e-06,
                        5.141620406855855e-07
                    ],
                    [
                        1.1600956788226005,
                        -1.477003876731545,
                        -1.7781494692488258,
                        -9.72305969857849e-07,
                        3.2882197629848986,
                        -2.136946074996005,
                        0.5366281137316891,
                        0.6398853423952733
                    ],
                    [
                        0.07730518664897645,
                        0.04304658126887424,
                        1.4981059132289487,
                        -1.2784841439647925e-07,
                        -2.136946074996005,
                        4.1506698451495945,
                        0.001728562462286081,
                        -1.7545134931068258
                    ],
                    [
                        0.27319897681096156,
                        0.018983685757647726,
                        0.43986996213610835,
                        -2.4848047043688426e-06,
                        0.5366281137316891,
                        0.0017285624622860592,
                        1.8007542066629272,
                        0.18092375464261268
                    ],
                    [
                        -0.45480115020070866,
                        0.6457551058828803,
                        -0.2356450027273256,
                        5.141620406855845e-07,
                        0.6398853423952733,
                        -1.7545134931068256,
                        0.18092375464261268,
                        2.281958192029344
                    ]
                ]
            },
            "est_tgt": [
                0,
                3,
                5
            ],
            "oracle_est_tgt": [
                0,
                2,
                3,
                5
            ]
        },
        "4": {
            "intv_type": "do",
            "inode": 4,
            "new_mui": 1.0,
            "new_vari": null,
            "noise_type": "gaussian",
            "obs_noise_gamma_shape": 2.0,
            "true_params": {
                "Si": [
                    [
                        1.0,
                        -0.8261717176701437,
                        -0.5461694144928971,
                        0.3919833246461184,
                        0.0,
                        1.5203357849951353,
                        -0.2378933596085829,
                        -1.1662961093470245
                    ],
                    [
                        -0.8261717176701437,
                        1.6825597070780356,
                        1.1123143414491163,
                        -0.032729375428495355,
                        0.0,
                        -1.4378746463722087,
                        1.060402121282352,
                        1.7836727057560844
                    ],
                    [
                        -0.5461694144928971,
                        1.1123143414491163,
                        1.7353339016670029,
                        -0.9876206237851901,
                        0.0,
                        -0.9939168438848633,
                        0.9498037854006424,
                        0.6874659592294716
                    ],
                    [
                        0.3919833246461184,
                        -0.032729375428495355,
                        -0.9876206237851901,
                        2.1715241265040715,
                        0.0,
                        1.3558585118825746,
                        0.6701740142244295,
                        0.7655534218088771
                    ],
                    [
                        0.0,
                        0.0,
                        0.0,
