{
    "expt_args": {
        "save_dir": "all_expt_logs/expt_logs_sim_compsel_n48-all",
        "exp_name": "103",
        "num_nodes": 8,
        "num_tgt_prior": 9,
        "obs_noise_mean": 0.0,
        "obs_noise_var": 1.0,
        "obs_noise_gamma_shape": 2.0,
        "noise_type": "gaussian",
        "max_edge_strength": 1.0,
        "graph_sparsity_method": "adj_dense_prop",
        "adj_dense_prop": 0.8,
        "num_parents": null,
        "new_noise_mean": 1.0,
        "mix_samples": 16384,
        "stage2_samples": 16384,
        "gmm_tol": 0.001,
        "intv_type": "do",
        "new_noise_var": null,
        "dtype": "simulation",
        "cutoff_drop_ratio": 0.07,
        "intv_targets": [
            0,
            1,
            2,
            3,
            4,
            5,
            6,
            7
        ]
    },
    "intv_args_dict": {
        "0": {
            "intv_type": "do",
            "inode": 0,
            "new_mui": 1.0,
            "new_vari": null,
            "noise_type": "gaussian",
            "obs_noise_gamma_shape": 2.0,
            "true_params": {
                "Si": [
                    [
                        1e-09,
                        8.514146507728745e-10,
                        -7.901972954487178e-10,
                        9.422242425988013e-10,
                        -9.754365574708515e-10,
                        -6.949395359443567e-10,
                        -3.9602970974414474e-10,
                        1.1536086561319202e-09
                    ],
                    [
                        8.514146507728745e-10,
                        1.0000000007249068,
                        -0.9280992467116147,
                        0.27652698587580893,
                        -1.6837053632584986,
                        -0.7752481830250045,
                        -1.0848628318282085,
                        2.4178987118415805
                    ],
                    [
                        -7.901972954487178e-10,
                        -0.9280992467116147,
                        1.861368211122255,
                        -1.158120078611629,
                        2.7722335299947405,
                        1.7051169906718617,
                        1.7076037749308164,
                        -4.819131169126179
                    ],
                    [
                        9.422242425988013e-10,
                        0.27652698587580893,
                        -1.158120078611629,
                        1.889125416451602,
                        -2.0633758709291365,
                        -0.7951551089155513,
                        -0.31501813635159126,
                        2.792836614233514
                    ],
                    [
                        -9.754365574708515e-10,
                        -1.6837053632584986,
                        2.7722335299947405,
                        -2.0633758709291365,
                        5.555392843909304,
                        3.155326937877615,
                        2.3961442229407663,
                        -7.549236118482764
                    ],
                    [
                        -6.949395359443567e-10,
                        -0.7752481830250045,
                        1.7051169906718617,
                        -0.7951551089155513,
                        3.155326937877615,
                        3.329705714270685,
                        2.6299788874577215,
                        -6.197227304064651
                    ],
                    [
                        -3.9602970974414474e-10,
                        -1.0848628318282085,
                        1.7076037749308164,
                        -0.31501813635159126,
                        2.3961442229407663,
                        2.6299788874577215,
                        3.824161427078392,
                        -6.679157827978429
                    ],
                    [
                        1.1536086561319202e-09,
                        2.4178987118415805,
                        -4.819131169126179,
                        2.792836614233514,
                        -7.549236118482764,
                        -6.197227304064651,
                        -6.679157827978429,
                        16.406887882614164
                    ]
                ],
                "mui": [
                    1.0,
                    0.8514146507728745,
                    -0.7901972954487178,
                    0.9422242425988012,
                    -0.9754365574708515,
                    -0.6949395359443566,
                    -0.3960297097441447,
                    1.15360865613192
                ],
                "Ai": [
                    [
                        0.0,
                        0.0,
                        0.0,
                        0.0,
                        0.0,
                        0.0,
                        0.0,
                        0.0
                    ],
                    [
                        0.8514146507728745,
                        0.0,
                        0.0,
                        0.0,
                        0.0,
                        0.0,
                        0.0,
                        0.0
                    ],
                    [
                        0.0,
                        -0.9280992460388291,
                        0.0,
                        0.0,
                        0.0,
                        0.0,
                        0.0,
                        0.0
                    ],
                    [
                        0.7067851161730987,
                        -0.5601318317300892,
                        -0.9014755915109008,
                        0.0,
                        0.0,
                        0.0,
                        0.0,
                        0.0
                    ],
                    [
                        0.8166978182382167,
                        -0.8452829846679764,
                        0.7522043976417004,
                        -0.507371978197109,
                        0.0,
                        0.0,
                        0.0,
                        0.0
                    ],
                    [
                        -0.9171587062909876,
                        0.9999113634237383,
                        0.6507318204890156,
                        0.7207192088569867,
                        0.8139869209783921,
                        0.0,
                        0.0,
                        0.0
                    ],
                    [
                        0.8705828538313007,
                        -0.9397260505746441,
                        0.6577151461550066,
                        -0.0,
                        -0.6816114924161989,
                        0.8801630110161406,
                        0.0,
                        0.0
                    ],
                    [
                        -0.8141362941061947,
                        -0.0,
                        -0.9171205057204957,
                        0.5383885338979699,
                        -0.0,
                        -0.5296288561518752,
                        -0.9284557139966866,
                        0.0
                    ]
                ]
            },
            "oracle_est_tgt": [
                0
            ]
        },
        "1": {
            "intv_type": "do",
            "inode": 1,
            "new_mui": 1.0,
            "new_vari": null,
            "noise_type": "gaussian",
            "obs_noise_gamma_shape": 2.0,
            "true_params": {
                "Si": [
                    [
                        1.0,
                        0.0,
                        0.0,
                        0.7067851161730987,
                        0.45809485568519814,
                        -0.03488187543558319,
                        0.5276383990662568,
                        -0.9050257303786038
                    ],
                    [
                        0.0,
                        1e-09,
                        -9.280992460388291e-10,
                        2.7652698507358546e-10,
                        -1.6837053624279978e-09,
                        -7.752481824333228e-10,
                        -1.0848628314910232e-09,
                        2.4178987108593814e-09
                    ],
                    [
                        0.0,
                        -9.280992460388291e-10,
                        1.0000000008613683,
                        -0.9014755917675453,
                        1.2095878533656408,
                        0.9856097372328899,
                        0.7007433996623673,
                        -2.575081199911802
                    ],
                    [
                        0.7067851161730987,
                        2.7652698507358546e-10,
                        -0.9014755917675453,
                        2.3122034426102163,
                        -1.2740112770574423,
                        -0.6054320562851501,
                        0.35790267891360145,
                        1.4845636571026317
                    ],
                    [
                        0.45809485568519814,
                        -1.6837053624279978e-09,
                        1.2095878533656408,
                        -1.2740112770574423,
                        2.9303799951291385,
                        1.8340582088357986,
                        0.811263293775023,
                        -3.8927947274960153
                    ],
                    [
                        -0.03488187543558319,
                        -7.752481824333228e-10,
                        0.9856097372328899,
                        -0.6054320562851501,
                        1.8340582088357986,
                        2.7299127152564866,
                        1.770535932809399,
                        -4.291186729442762
                    ],
                    [
                        0.5276383990662568,
                        -1.0848628314910232e-09,
                        0.7007433996623673,
                        0.35790267891360145,
                        0.811263293775023,
                        1.770535932809399,
                        2.9256363451169616,
                        -4.533595715913989
                    ],
                    [
                        -0.9050257303786038,
                        2.4178987108593814e-09,
                        -2.575081199911802,
                        1.4845636571026317,
                        -3.8927947274960153,
                        -4.291186729442762,
                        -4.533595715913989,
                        11.379725283801454
                    ]
                ],
                "mui": [
                    0.0,
                    1.0,
                    -0.9280992460388291,
                    0.2765269850735854,
                    -1.6837053624279976,
                    -0.7752481824333228,
                    -1.0848628314910231,
                    2.4178987108593812
                ],
                "Ai": [
                    [
                        0.0,
                        0.0,
                        0.0,
                        0.0,
                        0.0,
                        0.0,
                        0.0,
                        0.0
                    ],
                    [
                        0.0,
                        0.0,
                        0.0,
                        0.0,
                        0.0,
                        0.0,
                        0.0,
                        0.0
                    ],
                    [
                        0.0,
                        -0.9280992460388291,
                        0.0,
                        0.0,
                        0.0,
                        0.0,
                        0.0,
                        0.0
                    ],
                    [
                        0.7067851161730987,
                        -0.5601318317300892,
                        -0.9014755915109008,
                        0.0,
                        0.0,
                        0.0,
                        0.0,
                        0.0
                    ],
                    [
                        0.8166978182382167,
                        -0.8452829846679764,
                        0.7522043976417004,
                        -0.507371978197109,
                        0.0,
                        0.0,
                        0.0,
                        0.0
                    ],
                    [
                        -0.9171587062909876,
                        0.9999113634237383,
                        0.6507318204890156,
                        0.7207192088569867,
                        0.8139869209783921,
                        0.0,
                        0.0,
                        0.0
                    ],
                    [
                        0.8705828538313007,
                        -0.9397260505746441,
                        0.6577151461550066,
                        -0.0,
                        -0.6816114924161989,
                        0.8801630110161406,
                        0.0,
                        0.0
                    ],
                    [
                        -0.8141362941061947,
                        -0.0,
                        -0.9171205057204957,
                        0.5383885338979699,
                        -0.0,
                        -0.5296288561518752,
                        -0.9284557139966866,
                        0.0
                    ]
                ]
            },
            "est_params": {
                "mui": [
                    0.31266774787020707,
                    1.082549730170177,
                    -1.48314195492886,
                    0.9444271073506443,
                    -1.4623889534550218,
                    -0.8654910527748394,
                    -1.6705677337742657,
                    3.644555629934752
                ],
                "Si": [
                    [
                        0.9965766451048994,
                        0.355696788932562,
                        -0.32682952302410995,
                        0.6409606154469574,
                        0.1444131415543904,
                        -0.22473668952716194,
                        0.0029681362793095105,
                        -0.0516646982047897
                    ],
                    [
                        0.355696788932562,
                        0.6921676309348064,
                        -0.47636482992916546,
                        0.19608138400863004,
                        -0.4778825924245716,
                        -0.18067356515850352,
                        -0.5006407193671848,
                        0.8132427787652494
                    ],
                    [
                        -0.32682952302410995,
                        -0.47636482992916546,
                        1.079499959832622,
                        -0.7312150905690753,
                        0.9408215096899152,
                        0.7558421650558547,
                        0.8685794220245093,
                        -2.3305292660145
                    ],
                    [
                        0.6409606154469574,
                        0.19608138400863004,
                        -0.7312150905690753,
                        1.8528953862264297,
                        -0.5864392291829923,
                        0.029800006675568855,
                        0.40595512214182244,
                        0.7544520502073797
                    ],
                    [
                        0.1444131415543904,
                        -0.4778825924245716,
                        0.9408215096899152,
                        -0.5864392291829921,
                        4.208624303472993,
                        3.152186881956399,
                        1.207128182542132,
                        -4.076995383748773
                    ],
                    [
                        -0.22473668952716194,
                        -0.18067356515850355,
                        0.7558421650558547,
                        0.029800006675568876,
                        3.152186881956399,
                        4.132136719866069,
                        2.122962093059655,
                        -4.683964550392332
                    ],
                    [
                        0.0029681362793095296,
                        -0.5006407193671848,
                        0.8685794220245093,
                        0.4059551221418225,
                        1.207128182542132,
                        2.122962093059655,
                        3.028678580016195,
                        -4.556907127580068
                    ],
                    [
                        -0.0516646982047897,
                        0.8132427787652494,
                        -2.3305292660145,
                        0.7544520502073797,
                        -4.076995383748773,
                        -4.683964550392332,
                        -4.556907127580068,
                        10.31939473055215
                    ]
                ]
            },
            "est_tgt": [
                0,
                1,
                2,
                3,
                4,
                5,
                6
            ],
            "oracle_est_tgt": [
                1
            ]
        },
        "2": {
            "intv_type": "do",
            "inode": 2,
            "new_mui": 1.0,
            "new_vari": null,
            "noise_type": "gaussian",
            "obs_noise_gamma_shape": 2.0,
            "true_params": {
                "Si": [
                    [
                        1.0,
                        0.8514146507728745,
                        0.0,
                        0.22988066827385434,
                        -0.019623508368500225,
                        0.08388661221644182,
                        0.15769582867697957,
                        -0.881213541825983
                    ],
                    [
                        0.8514146507728745,
                        1.7249069075506958,
                        0.0,
                        -0.36440806283227045,
                        -0.5777955316764161,
                        0.21091776155805783,
                        -0.30023887263081117,
                        -0.7223103271549216
                    ],
                    [
                        0.0,
                        0.0,
                        1e-09,
                        -9.014755915109009e-10,
                        1.2095878518029953e-09,
                        9.856097365133828e-10,
                        7.00743398655507e-10,
                        -2.5750811976677524e-09
                    ],
                    [
                        0.22988066827385434,
                        -0.36440806283227045,
                        -9.014755915109009e-10,
                        1.366592791375997,
                        -0.19759991340610544,
                        0.24887311047994332,
                        0.8963091954755376,
                        -0.41539008002139977
                    ],
                    [
                        -0.019623508368500225,
                        -0.5777955316764161,
                        1.2095878518029953e-09,
                        -0.19759991340610544,
                        1.5726309149388182,
                        0.5779404975027753,
                        -0.03735583258120323,
                        -0.36182004681104285
                    ],
                    [
                        0.08388661221644182,
                        0.21091776155805783,
                        9.856097365133828e-10,
                        0.24887311047994332,
                        0.5779404975027753,
                        1.783765367797489,
                        1.050898743881206,
                        -1.8547512623993754
                    ],
                    [
                        0.15769582867697957,
                        -0.30023887263081117,
                        7.00743398655507e-10,
                        0.8963091954755376,
                        -0.03735583258120323,
                        1.050898743881206,
                        2.369853942517808,
                        -2.4027140384478836
                    ],
                    [
                        -0.881213541825983,
                        -0.7223103271549216,
                        -2.5750811976677524e-09,
                        -0.41539008002139977,
                        -0.36182004681104285,
                        -1.8547512623993754,
                        -2.4027140384478836,
                        4.706930041089398
                    ]
                ],
                "mui": [
                    0.0,
                    0.0,
                    1.0,
                    -0.9014755915109008,
                    1.2095878518029952,
                    0.9856097365133827,
                    0.7007433986555069,
                    -2.5750811976677523
                ],
                "Ai": [
                    [
                        0.0,
                        0.0,
                        0.0,
                        0.0,
                        0.0,
                        0.0,
                        0.0,
                        0.0
                    ],
                    [
                        0.8514146507728745,
                        0.0,
                        0.0,
                        0.0,
                        0.0,
                        0.0,
                        0.0,
                        0.0
                    ],
                    [
                        0.0,
                        0.0,
                        0.0,
                        0.0,
                        0.0,
                        0.0,
                        0.0,
                        0.0
                    ],
                    [
                        0.7067851161730987,
                        -0.5601318317300892,
                        -0.9014755915109008,
                        0.0,
                        0.0,
                        0.0,
                        0.0,
                        0.0
                    ],
                    [
                        0.8166978182382167,
                        -0.8452829846679764,
                        0.7522043976417004,
                        -0.507371978197109,
                        0.0,
                        0.0,
                        0.0,
                        0.0
                    ],
                    [
                        -0.9171587062909876,
                        0.9999113634237383,
                        0.6507318204890156,
                        0.7207192088569867,
                        0.8139869209783921,
                        0.0,
                        0.0,
                        0.0
                    ],
                    [
                        0.8705828538313007,
                        -0.9397260505746441,
                        0.6577151461550066,
                        -0.0,
                        -0.6816114924161989,
                        0.8801630110161406,
                        0.0,
                        0.0
                    ],
                    [
                        -0.8141362941061947,
                        -0.0,
                        -0.9171205057204957,
                        0.5383885338979699,
                        -0.0,
                        -0.5296288561518752,
                        -0.9284557139966866,
                        0.0
                    ]
                ]
            },
            "est_params": {
                "mui": [
                    -0.014311148903915594,
                    -0.11291074673390378,
                    0.7149777545571548,
                    -0.4094282100890951,
                    0.8861178677996466,
                    0.875066205885136,
                    0.7875469102568545,
                    -2.0599706421738335
                ],
                "Si": [
                    [
                        0.8826161930614124,
                        0.5826506471579578,
                        -0.08083096804057761,
                        0.37944523344489994,
                        0.00939378615484414,
                        0.0052433603998556545,
                        0.16384457149603024,
                        -0.5893731919431862
                    ],
                    [
                        0.5826506471579578,
                        1.2448386484196217,
                        -0.1593145267208458,
                        -0.20603173507873862,
                        -0.4950811554700964,
                        0.06044976766712962,
                        -0.3540669703934646,
                        -0.15259595762920314
                    ],
                    [
                        -0.0808309680405776,
                        -0.1593145267208458,
                        0.38314067589429546,
                        -0.31584100483325955,
                        0.36360600584486064,
                        0.1483911370755656,
                        0.15745232749048665,
                        -0.6489176069696749
                    ],
                    [
                        0.3794452334449,
                        -0.20603173507873856,
                        -0.31584100483325955,
                        1.7643090317595702,
                        -0.5110906526715449,
                        0.13130225363848705,
                        0.7438706199145372,
                        0.18051457148031913
                    ],
                    [
                        0.00939378615484413,
                        -0.4950811554700964,
                        0.3636060058448607,
                        -0.5110906526715449,
                        1.5918061044624565,
                        0.5020748857923172,
                        0.049587416262536856,
                        -0.9161720682046326
                    ],
                    [
                        0.005243360399855655,
                        0.06044976766712962,
                        0.1483911370755656,
                        0.13130225363848705,
                        0.5020748857923172,
                        1.3580925412653728,
                        0.8146514657982303,
                        -1.5103664312699818
                    ],
                    [
                        0.1638445714960302,
                        -0.3540669703934646,
                        0.15745232749048665,
                        0.7438706199145372,
                        0.04958741626253687,
                        0.8146514657982303,
                        2.0321591033878947,
                        -2.1207580669400476
                    ],
                    [
                        -0.5893731919431862,
                        -0.15259595762920314,
                        -0.648917606969675,
                        0.18051457148031913,
                        -0.9161720682046326,
                        -1.5103664312699818,
                        -2.1207580669400476,
                        4.855399712389414
                    ]
                ]
            },
            "est_tgt": [
                0,
                1,
                2,
                3,
                4,
                5,
                6
            ],
            "oracle_est_tgt": [
                2
            ]
        },
        "3": {
            "intv_type": "do",
            "inode": 3,
            "new_mui": 1.0,
            "new_vari": null,
            "noise_type": "gaussian",
            "obs_noise_gamma_shape": 2.0,
            "true_params": {
                "Si": [
                    [
                        1.0,
                        0.8514146507728745,
                        -0.7901972954487178,
                        0.0,
                        -0.4973783795982249,
                        -0.9848855423809584,
                        -0.977079407883019,
                        1.3393686116439356
                    ],
                    [
                        0.8514146507728745,
                        1.7249069075506958,
                        -1.6008848003849692,
                        0.0,
                        -1.966878558353931,
                        -1.6988884441126424,
                        -2.0872908786301023,
                        3.61277419562367
                    ],
                    [
                        -0.7901972954487178,
                        -1.6008848003849692,
                        2.485779976232311,
                        0.0,
                        2.5776629046999227,
                        2.839753446156812,
                        3.1938773590005,
                        -6.105820544392742
                    ],
                    [
                        0.0,
                        0.0,
                        0.0,
                        1e-09,
                        -5.07371978197109e-10,
                        3.077250545336061e-10,
                        6.166787818324954e-10,
                        -1.971504734368337e-10
                    ],
                    [
                        -0.4973783795982249,
                        -1.966878558353931,
                        2.5776629046999227,
                        -5.07371978197109e-10,
                        4.1952905136387155,
                        3.581749572220166,
                        3.403651124630596,
                        -7.016230980345837
                    ],
                    [
                        -0.9848855423809584,
                        -1.6988884441126424,
                        2.839753446156812,
                        3.077250545336061e-10,
                        3.581749572220166,
                        4.96797372542384,
                        4.5380791560889335,
                        -8.647152815531207
                    ],
                    [
                        -0.977079407883019,
                        -2.0872908786301023,
                        3.1938773590005,
                        6.166787818324954e-10,
                        3.403651124630596,
                        4.5380791560889335,
                        5.8857962399464165,
                        -10.001893433146924
                    ],
                    [
                        1.3393686116439356,
                        3.61277419562367,
                        -6.105820544392742,
                        -1.971504734368337e-10,
                        -7.016230980345837,
                        -8.647152815531207,
                        -10.001893433146924,
                        19.375441390931424
                    ]
                ],
                "mui": [
                    0.0,
                    0.0,
                    0.0,
                    1.0,
                    -0.507371978197109,
                    0.30772505453360605,
                    0.6166787818324954,
                    -0.19715047343683367
                ],
                "Ai": [
                    [
                        0.0,
                        0.0,
                        0.0,
                        0.0,
                        0.0,
                        0.0,
                        0.0,
                        0.0
                    ],
                    [
                        0.8514146507728745,
                        0.0,
                        0.0,
                        0.0,
                        0.0,
                        0.0,
                        0.0,
                        0.0
                    ],
                    [
                        0.0,
                        -0.9280992460388291,
                        0.0,
                        0.0,
                        0.0,
                        0.0,
                        0.0,
                        0.0
                    ],
                    [
                        0.0,
                        0.0,
                        0.0,
                        0.0,
                        0.0,
                        0.0,
                        0.0,
                        0.0
                    ],
                    [
                        0.8166978182382167,
                        -0.8452829846679764,
                        0.7522043976417004,
                        -0.507371978197109,
                        0.0,
                        0.0,
                        0.0,
                        0.0
                    ],
                    [
                        -0.9171587062909876,
                        0.9999113634237383,
                        0.6507318204890156,
                        0.7207192088569867,
                        0.8139869209783921,
                        0.0,
                        0.0,
                        0.0
                    ],
                    [
                        0.8705828538313007,
                        -0.9397260505746441,
                        0.6577151461550066,
                        -0.0,
                        -0.6816114924161989,
                        0.8801630110161406,
                        0.0,
                        0.0
                    ],
                    [
                        -0.8141362941061947,
                        -0.0,
                        -0.9171205057204957,
                        0.5383885338979699,
                        -0.0,
                        -0.5296288561518752,
                        -0.9284557139966866,
                        0.0
                    ]
                ]
            },
            "oracle_est_tgt": [
                3
            ]
        },
        "4": {
            "intv_type": "do",
            "inode": 4,
            "new_mui": 1.0,
            "new_vari": null,
            "noise_type": "gaussian",
            "obs_noise_gamma_shape": 2.0,
            "true_params": {
                "Si": [
                    [
                        1.0,
                        0.8514146507728745,
                        -0.7901972954487178,
                        0.9422242425988012,
                        0.0,
                        0.0990530640811042,
                        -0.3620555598762274,
                        0.7015437700143342
                    ],
                    [
                        0.8514146507728745,
                        1.7249069075506958,
                        -1.6008848003849692,
                        1.0787505095355798,
                        0.0,
                        0.679601191326847,
                        -1.3344793089920433,
                        2.2348921525140413
                    ],
                    [
                        -0.7901972954487178,
                        -1.6008848003849692,
                        2.485779976232311,
                        -1.9026631260748754,
                        0.0,
                        -0.6297163079061417,
                        1.8971430730534107,
                        -4.088700900721044
                    ],
                    [
                        0.9422242425988012,
                        1.0787505095355798,
                        -1.9026631260748754,
                        2.7769119389047,
                        0.0,
                        0.9777360612707435,
                        -0.5842889261935142,
                        2.497579123265888
                    ],
                    [
                        0.0,
                        0.0,
                        0.0,
                        0.0,
                        1e-09,
                        8.139869209783922e-10,
                        3.482968687989996e-11,
                        -4.634487836807312e-10
                    ],
                    [
                        0.0990530640811042,
                        0.679601191326847,
                        -0.6297163079061417,
                        0.9777360612707435,
                        8.139869209783922e-10,
                        1.8835902954744266,
                        0.6912875076571128,
                        -0.6161486813264659
                    ],
                    [
                        -0.3620555598762274,
                        -1.3344793089920433,
                        1.8971430730534107,
                        -0.5842889261935142,
                        3.482968687989996e-11,
                        0.6912875076571128,
                        3.7950710358140074,
                        -5.649401901328205
                    ],
                    [
                        0.7015437700143342,
                        2.2348921525140413,
                        -4.088700900721044,
                        2.497579123265888,
                        -4.634487836807312e-10,
                        -0.6161486813264659,
                        -5.649401901328205,
                        11.09489675246801
                    ]
                ],
                "mui": [
                    0.0,
                    0.0,
                    0.0,
                    0.0,
                    1.0,
                    0.8139869209783921,
                    0.03482968687989996,
                    -0.46344878368073117
                ],
                "Ai": [
                    [
                        0.0,
                        0.0,
                        0.0,
                        0.0,
                        0.0,
                        0.0,
                        0.0,
                        0.0
                    ],
                    [
                        0.8514146507728745,
                        0.0,
                        0.0,
                        0.0,
                        0.0,
                        0.0,
                        0.0,
                        0.0
                    ],
                    [
                        0.0,
                        -0.9280992460388291,
                        0.0,
                        0.0,
                        0.0,
                        0.0,
                        0.0,
                        0.0
                    ],
                    [
                        0.7067851161730987,
                        -0.5601318317300892,
                        -0.9014755915109008,
                        0.0,
                        0.0,
                        0.0,
                        0.0,
                        0.0
                    ],
                    [
                        0.0,
                        0.0,
                        0.0,
                        0.0,
                        0.0,
                        0.0,
                        0.0,
                        0.0
                    ],
                    [
                        -0.9171587062909876,
                        0.9999113634237383,
                        0.6507318204890156,
                        0.7207192088569867,
                        0.8139869209783921,
                        0.0,
                        0.0,
                        0.0
                    ],
                    [
                        0.8705828538313007,
                        -0.9397260505746441,
                        0.6577151461550066,
                        -0.0,
