{
    "expt_args": {
        "save_dir": "expt_logs_30.04.24-sp1",
        "exp_name": "617",
        "num_nodes": 6,
        "obs_noise_mean": 0.0,
        "obs_noise_var": 1.0,
        "max_edge_strength": 1.0,
        "graph_sparsity_method": "adj_dense_prop",
        "adj_dense_prop": 0.92,
        "num_parents": null,
        "new_noise_mean": 1.0,
        "mix_samples": 2048,
        "stage2_samples": 2048,
        "gmm_tol": 0.001,
        "intv_targets": [
            0,
            1,
            2,
            3,
            4,
            5
        ]
    },
    "intv_args_dict": {
        "0": {
            "intv_type": "do",
            "inode": 0,
            "new_mui": 1.0,
            "true_params": {
                "Si": [
                    [
                        0.0,
                        0.0,
                        0.0,
                        0.0,
                        0.0,
                        0.0
                    ],
                    [
                        0.0,
                        1.0,
                        0.6898531805840957,
                        0.1613147438275111,
                        -1.1025190867010362,
                        2.3878172873068153
                    ],
                    [
                        0.0,
                        0.6898531805840957,
                        1.475897410761993,
                        -0.6728631781207628,
                        -1.9541273996691442,
                        4.1250175218008565
                    ],
                    [
                        0.0,
                        0.1613147438275111,
                        -0.6728631781207628,
                        1.6409084422966496,
                        1.6355077570619745,
                        -3.0119508913133215
                    ],
                    [
                        0.0,
                        -1.1025190867010362,
                        -1.9541273996691442,
                        1.6355077570619745,
                        4.410015667263199,
                        -7.656631330655493
                    ],
                    [
                        0.0,
                        2.3878172873068153,
                        4.1250175218008565,
                        -3.0119508913133215,
                        -7.656631330655493,
                        15.580931901349654
                    ]
                ],
                "mui": [
                    1.0,
                    0.7045178255175417,
                    1.064502432783277,
                    0.19395383990934212,
                    -0.9987125550828745,
                    2.9171347677660444
                ],
                "Ai": [
                    [
                        0.0,
                        0.0,
                        0.0,
                        0.0,
                        0.0,
                        0.0
                    ],
                    [
                        0.7045178255175417,
                        0.0,
                        0.0,
                        0.0,
                        0.0,
                        0.0
                    ],
                    [
                        0.5784885700718099,
                        0.6898531805840957,
                        0.0,
                        0.0,
                        0.0,
                        0.0
                    ],
                    [
                        0.5339246116137923,
                        0.702260816257289,
                        -0.7841466672252799,
                        0.0,
                        0.0,
                        0.0
                    ],
                    [
                        -0.0,
                        -0.8953366529619275,
                        -0.5055084903179534,
                        0.8774412230437227,
                        0.0,
                        0.0
                    ],
                    [
                        0.5779454813230118,
                        0.9918129415786885,
                        0.9377656207632294,
                        -0.7604188950110673,
                        -0.7906897389513321,
                        0.0
                    ]
                ]
            },
            "est_params": {
                "mui": [
                    0.9999996714689634,
                    0.6670328117648041,
                    1.0155473237912909,
                    0.17078661147723925,
                    -1.0281342720794455,
                    2.877993372659283
                ],
                "Si": [
                    [
                        1.0005599857418016e-06,
                        -2.3140511163326336e-07,
                        -2.77608664894093e-07,
                        -2.8328118955757698e-08,
                        7.359508391790615e-08,
                        -5.277080442128326e-07
                    ],
                    [
                        -2.3140511163326336e-07,
                        0.9850641722028519,
                        0.6702148587590854,
                        0.1983441553360548,
                        -1.130630273484592,
                        2.3283854428451822
                    ],
                    [
                        -2.77608664894093e-07,
                        0.6702148587590854,
                        1.387293114722387,
                        -0.6540503007088012,
                        -1.9421921929037915,
                        3.9534353042524475
                    ],
                    [
                        -2.832811895575772e-08,
                        0.19834415533605473,
                        -0.6540503007088012,
                        1.5860451066158268,
                        1.57507855087983,
                        -2.815285406818934
                    ],
                    [
                        7.359508391790615e-08,
                        -1.130630273484592,
                        -1.9421921929037915,
                        1.5750785508798297,
                        4.5923734138536325,
                        -7.729757430368447
                    ],
                    [
                        -5.277080442128326e-07,
                        2.3283854428451813,
                        3.9534353042524475,
                        -2.815285406818934,
                        -7.729757430368447,
                        15.145349265595831
                    ]
                ]
            },
            "est_tgt": [
                0,
                4
            ]
        },
        "1": {
            "intv_type": "do",
            "inode": 1,
            "new_mui": 1.0,
            "true_params": {
                "Si": [
                    [
                        1.0,
                        0.0,
                        0.5784885700718099,
                        0.0803047273640648,
                        -0.22196820552867447,
                        1.2348749247794517
                    ],
                    [
                        0.0,
                        0.0,
                        0.0,
                        0.0,
                        0.0,
                        0.0
                    ],
                    [
                        0.5784885700718099,
                        0.0,
                        1.3346490257037273,
                        -0.7376913003224356,
                        -1.3219571708714506,
                        3.192135200951761
                    ],
                    [
                        0.0803047273640648,
                        0.0,
                        -0.7376913003224356,
                        1.6213348449575307,
                        1.7955352448696227,
                        -3.297974731158989
                    ],
                    [
                        -0.22196820552867447,
                        0.0,
                        -1.3219571708714506,
                        1.7955352448696227,
                        3.2437372149887316,
                        -5.298120166950689
                    ],
                    [
                        1.2348749247794517,
                        0.0,
                        3.192135200951761,
                        -3.297974731158989,
                        -5.298120166950689,
                        11.404176583637431
                    ]
                ],
                "mui": [
                    0.0,
                    1.0,
                    0.6898531805840957,
                    0.1613147438275111,
                    -1.1025190867010362,
                    2.3878172873068153
                ],
                "Ai": [
                    [
                        0.0,
                        0.0,
                        0.0,
                        0.0,
                        0.0,
                        0.0
                    ],
                    [
                        0.0,
                        0.0,
                        0.0,
                        0.0,
                        0.0,
                        0.0
                    ],
                    [
                        0.5784885700718099,
                        0.6898531805840957,
                        0.0,
                        0.0,
                        0.0,
                        0.0
                    ],
                    [
                        0.5339246116137923,
                        0.702260816257289,
                        -0.7841466672252799,
                        0.0,
                        0.0,
                        0.0
                    ],
                    [
                        -0.0,
                        -0.8953366529619275,
                        -0.5055084903179534,
                        0.8774412230437227,
                        0.0,
                        0.0
                    ],
                    [
                        0.5779454813230118,
                        0.9918129415786885,
                        0.9377656207632294,
                        -0.7604188950110673,
                        -0.7906897389513321,
                        0.0
                    ]
                ]
            },
            "est_params": {
                "mui": [
                    -0.024504955651972058,
                    0.9999999692236938,
                    0.7380704840917252,
                    0.10032732024391518,
                    -1.1469101558373112,
                    2.5238109967468265
                ],
                "Si": [
                    [
                        1.0698131978061804,
                        -1.0937552254633084e-07,
                        0.564266677403602,
                        0.1438028347244767,
                        -0.2090996082516487,
                        1.2051843813295222
                    ],
                    [
                        -1.0937552254633086e-07,
                        1.000302509979611e-06,
                        -5.3231265574157767e-08,
                        5.710361897805282e-08,
                        1.433377071305397e-07,
                        -2.548044019080243e-07
                    ],
                    [
                        0.5642666774036021,
                        -5.3231265574157767e-08,
                        1.2627924842200333,
                        -0.671492586095805,
                        -1.3135642993191334,
                        3.0045560702572707
                    ],
                    [
                        0.1438028347244767,
                        5.7103618978052834e-08,
                        -0.6714925860958051,
                        1.6007849925482753,
                        1.75871333826287,
                        -3.0949058212667806
                    ],
                    [
                        -0.2090996082516487,
                        1.4333770713053967e-07,
                        -1.3135642993191334,
                        1.7587133382628704,
                        3.180015387670759,
                        -5.158434163731915
                    ],
                    [
                        1.2051843813295222,
                        -2.548044019080243e-07,
                        3.0045560702572707,
                        -3.0949058212667806,
                        -5.158434163731915,
                        10.84417306238841
                    ]
                ]
            },
            "est_tgt": [
                1
            ]
        },
        "2": {
            "intv_type": "do",
            "inode": 2,
            "new_mui": 1.0,
            "true_params": {
                "Si": [
                    [
                        1.0,
                        0.7045178255175417,
                        0.0,
                        1.0286798748295514,
                        0.2718254956400141,
                        0.2795381343182564
                    ],
                    [
                        0.7045178255175417,
                        1.4963453664719655,
                        0.0,
                        1.4269841248258615,
                        -0.0876381563409181,
                        0.875456492868538
                    ],
                    [
                        0.0,
                        0.0,
                        0.0,
                        0.0,
                        0.0,
                        0.0
                    ],
                    [
                        1.0286798748295514,
                        1.4269841248258615,
                        0.0,
                        2.551352538929695,
                        0.9610307020227868,
                        -0.6901515855279241
                    ],
                    [
                        0.2718254956400141,
                        -0.0876381563409181,
                        0.0,
                        0.9610307020227868,
                        1.9217136081354733,
                        -2.1800854763812225
                    ],
                    [
                        0.2795381343182564,
                        0.875456492868538,
                        0.0,
                        -0.6901515855279241,
                        -2.1800854763812225,
                        4.278422403271548
                    ]
                ],
                "mui": [
                    0.0,
                    0.0,
                    1.0,
                    -0.7841466672252799,
                    -1.193551101053762,
                    2.477774171498562
                ],
                "Ai": [
                    [
                        0.0,
                        0.0,
                        0.0,
                        0.0,
                        0.0,
                        0.0
                    ],
                    [
                        0.7045178255175417,
                        0.0,
                        0.0,
                        0.0,
                        0.0,
                        0.0
                    ],
                    [
                        0.0,
                        0.0,
                        0.0,
                        0.0,
                        0.0,
                        0.0
                    ],
                    [
                        0.5339246116137923,
                        0.702260816257289,
                        -0.7841466672252799,
                        0.0,
                        0.0,
                        0.0
                    ],
                    [
                        -0.0,
                        -0.8953366529619275,
                        -0.5055084903179534,
                        0.8774412230437227,
                        0.0,
                        0.0
                    ],
                    [
                        0.5779454813230118,
                        0.9918129415786885,
                        0.9377656207632294,
                        -0.7604188950110673,
                        -0.7906897389513321,
                        0.0
                    ]
                ]
            },
            "est_params": {
                "mui": [
                    0.0004562739365421252,
                    -0.15062826820727626,
                    0.9999907669757304,
                    -0.9054827888067013,
                    -1.1301331147854383,
                    2.4144241781728577
                ],
                "Si": [
                    [
                        0.9563637060618674,
                        0.6826389866143525,
                        -2.3875934608027184e-05,
                        0.8683929151966816,
                        0.29788080166577696,
                        0.44065897474246823
                    ],
                    [
                        0.6826389866143524,
                        1.4285118715104277,
                        -5.027986845872374e-06,
                        1.3361183243603094,
                        -0.013083014775411917,
                        0.8743435400023899
                    ],
                    [
                        -2.3875934608027188e-05,
                        -5.027986845872373e-06,
                        1.0911338954898165e-06,
                        1.2926859206856273e-06,
                        -2.6087316228284114e-05,
                        1.4491963780910914e-06
                    ],
                    [
                        0.8683929151966814,
                        1.3361183243603094,
                        1.2926859206856263e-06,
                        2.2736983356375116,
                        0.9843968970249071,
                        -0.6556252066832379
                    ],
                    [
                        0.2978808016657769,
                        -0.013083014775412,
                        -2.6087316228284114e-05,
                        0.9843968970249071,
                        1.9829813542797594,
                        -2.2605255875121064
                    ],
                    [
                        0.44065897474246835,
                        0.8743435400023899,
                        1.4491963780910893e-06,
                        -0.6556252066832379,
                        -2.2605255875121064,
                        4.606102232301677
                    ]
                ]
            },
            "est_tgt": [
                2,
                3,
                5
            ]
        },
        "3": {
            "intv_type": "do",
            "inode": 3,
            "new_mui": 1.0,
            "true_params": {
                "Si": [
                    [
                        1.0,
                        0.7045178255175417,
                        1.064502432783277,
                        0.0,
                        -1.168895649586954,
                        3.19918295896042
                    ],
                    [
                        0.7045178255175417,
                        1.4963453664719655,
                        1.4398141197867032,
                        0.0,
                        -2.0675711141239477,
                        4.876283039622997
                    ],
                    [
                        1.064502432783277,
                        1.4398141197867032,
                        2.6090628401635083,
                        0.0,
                        -2.6080217723728776,
                        6.552076136649736
                    ],
                    [
                        0.0,
                        0.0,
                        0.0,
                        0.0,
                        0.0,
                        0.0
                    ],
                    [
                        -1.168895649586954,
                        -2.0675711141239477,
                        -2.6080217723728776,
                        0.0,
                        4.169549349949065,
                        -8.468734790828497
                    ],
                    [
                        3.19918295896042,
                        4.876283039622997,
                        6.552076136649736,
                        0.0,
                        -8.468734790828497,
                        20.52576740713704
                    ]
                ],
                "mui": [
                    0.0,
                    0.0,
                    0.0,
                    1.0,
                    0.8774412230437227,
                    -1.4542026666046461
                ],
                "Ai": [
                    [
                        0.0,
                        0.0,
                        0.0,
                        0.0,
                        0.0,
                        0.0
                    ],
                    [
                        0.7045178255175417,
                        0.0,
                        0.0,
                        0.0,
                        0.0,
                        0.0
                    ],
                    [
                        0.5784885700718099,
                        0.6898531805840957,
                        0.0,
                        0.0,
                        0.0,
                        0.0
                    ],
                    [
                        0.0,
                        0.0,
                        0.0,
                        0.0,
                        0.0,
                        0.0
                    ],
                    [
                        -0.0,
                        -0.8953366529619275,
                        -0.5055084903179534,
                        0.8774412230437227,
                        0.0,
                        0.0
                    ],
                    [
                        0.5779454813230118,
                        0.9918129415786885,
                        0.9377656207632294,
                        -0.7604188950110673,
                        -0.7906897389513321,
                        0.0
                    ]
                ]
            },
            "est_params": {
                "mui": [
                    -0.022134399382794295,
                    -0.09328006156497527,
                    -0.0619166770822948,
                    0.9999921026616282,
                    1.006837913851324,
                    -1.7615985112092096
                ],
                "Si": [
                    [
                        0.8785106080389098,
                        0.5907886636388965,
                        0.8233640201872343,
                        9.456232749992572e-06,
                        -0.904659603870378,
                        2.5610569361232254
                    ],
                    [
                        0.5907886636388965,
                        1.4131062362437217,
                        1.2645804862821322,
                        -2.569507510981125e-06,
                        -1.7941287971058255,
                        4.327100478973197
                    ],
                    [
                        0.8233640201872343,
                        1.2645804862821324,
                        2.246716892300481,
                        1.1643566142591573e-05,
                        -2.1633790424580672,
                        5.586845799645356
                    ],
                    [
                        9.45623274999257e-06,
                        -2.5695075109811247e-06,
                        1.1643566142591575e-05,
                        1.0289373367638678e-06,
                        3.530576796051394e-06,
                        1.613012396817532e-05
                    ],
                    [
                        -0.904659603870378,
                        -1.7941287971058255,
                        -2.1633790424580672,
                        3.530576796051394e-06,
                        3.4709431765797856,
                        -7.024704909583644
                    ],
                    [
                        2.5610569361232254,
                        4.327100478973197,
                        5.586845799645357,
                        1.613012396817532e-05,
                        -7.024704909583644,
                        17.42628310702755
                    ]
                ]
            },
            "est_tgt": [
                2,
                3,
                5
            ]
        },
        "4": {
            "intv_type": "do",
            "inode": 4,
            "new_mui": 1.0,
            "true_params": {
                "Si": [
                    [
                        1.0,
                        0.7045178255175417,
                        1.064502432783277,
                        0.19395383990934212,
                        0.0,
                        2.1274629983001483
                    ],
                    [
                        0.7045178255175417,
                        1.4963453664719655,
                        1.4398141197867032,
                        0.29795868137121817,
                        0.0,
                        3.0149023638857617
                    ],
                    [
                        1.064502432783277,
                        1.4398141197867032,
                        2.6090628401635083,
                        -0.4663988436896098,
                        0.0,
                        4.844598575625727
                    ],
                    [
                        0.19395383990934212,
                        0.29795868137121817,
                        -0.4663988436896098,
                        1.678526534312228,
                        0.0,
                        -1.306142072043754
                    ],
                    [
                        0.0,
                        0.0,
                        0.0,
                        0.0,
                        0.0,
                        0.0
                    ],
                    [
                        2.1274629983001483,
                        3.0149023638857617,
                        4.844598575625727,
                        -1.306142072043754,
                        0.0,
                        10.756089910418853
                    ]
                ],
                "mui": [
                    0.0,
                    0.0,
                    0.0,
                    0.0,
                    1.0,
                    -0.7906897389513321
                ],
                "Ai": [
                    [
                        0.0,
                        0.0,
                        0.0,
                        0.0,
                        0.0,
                        0.0
                    ],
                    [
                        0.7045178255175417,
                        0.0,
                        0.0,
                        0.0,
                        0.0,
                        0.0
                    ],
                    [
                        0.5784885700718099,
                        0.6898531805840957,
                        0.0,
                        0.0,
                        0.0,
                        0.0
                    ],
                    [
                        0.5339246116137923,
                        0.702260816257289,
                        -0.7841466672252799,
                        0.0,
                        0.0,
                        0.0
                    ],
                    [
                        0.0,
                        0.0,
                        0.0,
                        0.0,
                        0.0,
                        0.0
                    ],
                    [
                        0.5779454813230118,
                        0.9918129415786885,
                        0.9377656207632294,
                        -0.7604188950110673,
                        -0.7906897389513321,
                        0.0
                    ]
                ]
            },
            "est_params": {
                "mui": [
                    -0.07042712121415433,
                    -0.04602992947180418,
                    -0.010244023131359498,
                    -0.06741907400617181,
                    1.0000000462709469,
                    -0.8965826109329673
                ],
                "Si": [
                    [
                        0.8476569531684188,
                        0.6380676220914759,
                        0.9138851630727506,
                        0.07353802818753172,
                        1.2593455691189926e-08,
                        1.9252264021246173
                    ],
                    [
                        0.6380676220914759,
                        1.5003015865132334,
                        1.415728830317801,
                        0.2590799126514578,
                        4.024575622023587e-08,
                        3.0234960623039906
                    ],
                    [
                        0.9138851630727506,
                        1.4157288303178013,
                        2.442345016676244,
                        -0.4988860321868904,
                        3.78170369928164e-08,
                        4.642261669382133
                    ],
                    [
                        0.07353802818753172,
                        0.25907991265145786,
                        -0.4988860321868904,
                        1.6077849851730202,
                        5.545721252678404e-08,
                        -1.4007122021176879
                    ],
                    [
                        1.2593455691189928e-08,
                        4.0245756220235875e-08,
                        3.7817036992816415e-08,
                        5.5457212526784024e-08,
                        1.0001778216029268e-06,
                        2.9132318685640336e-08
                    ],
                    [
                        1.9252264021246173,
                        3.023496062303991,
                        4.642261669382133,
                        -1.4007122021176879,
                        2.9132318685640326e-08,
                        10.716634771507904
                    ]
                ]
            },
            "est_tgt": [
                2,
                4,
                5
            ]
        },
        "5": {
            "intv_type": "do",
            "inode": 5,
            "new_mui": 1.0,
            "true_params": {
                "Si": [
                    [
                        1.0,
                        0.7045178255175417,
                        1.064502432783277,
                        0.19395383990934212,
                        -0.9987125550828745,
                        0.0
                    ],
                    [
                        0.7045178255175417,
                        1.4963453664719655,
                        1.4398141197867032,
                        0.29795868137121817,
                        -1.806129884325091,
                        0.0
                    ],
                    [
                        1.064502432783277,
                        1.4398141197867032,
                        2.6090628401635083,
                        -0.4663988436896098,
                        -3.0172593442060665,
                        0.0
                    ],
                    [
                        0.19395383990934212,
                        0.29795868137121817,
                        -0.4663988436896098,
                        1.678526534312228,
                        1.4418036220379804,
                        0.0
                    ],
                    [
                        -0.9987125550828745,
                        -1.806129884325091,
                        -3.0172593442060665,
                        1.4418036220379804,
                        5.407442434943362,
                        0.0
                    ],
                    [
                        0.0,
                        0.0,
                        0.0,
                        0.0,
                        0.0,
                        0.0
                    ]
                ],
                "mui": [
                    0.0,
                    0.0,
                    0.0,
                    0.0,
                    0.0,
                    1.0
                ],
                "Ai": [
                    [
                        0.0,
                        0.0,
                        0.0,
                        0.0,
                        0.0,
                        0.0
                    ],
                    [
                        0.7045178255175417,
                        0.0,
                        0.0,
                        0.0,
                        0.0,
                        0.0
                    ],
                    [
                        0.5784885700718099,
                        0.6898531805840957,
                        0.0,
                        0.0,
                        0.0,
                        0.0
                    ],
                    [
                        0.5339246116137923,
                        0.702260816257289,
                        -0.7841466672252799,
                        0.0,
                        0.0,
                        0.0
                    ],
                    [
                        -0.0,
                        -0.8953366529619275,
                        -0.5055084903179534,
                        0.8774412230437227,
                        0.0,
                        0.0
                    ],
                    [
                        0.0,
                        0.0,
                        0.0,
                        0.0,
                        0.0,
                        0.0
                    ]
                ]
            },
            "est_params": {
                "mui": [
                    0.004113622715560071,
                    -0.020960589346565164,
                    0.0021849416011379577,
                    0.026970776237139213,
                    0.042111985078934544,
                    1.0000000096478774
                ],
                "Si": [
                    [
                        1.0528466030577215,
                        0.6908281467500951,
                        1.1036766592228002,
                        0.279601577132746,
                        -0.9598996354295617,
                        4.859076889666851e-10
                    ],
                    [
                        0.6908281467500951,
                        1.5472542175640727,
                        1.4325991571379422,
                        0.3854157758086046,
                        -1.760463906774646,
                        9.53686884078164e-09
                    ],
                    [
                        1.1036766592228002,
                        1.4325991571379422,
                        2.689710769261087,
                        -0.4360505229284975,
                        -3.0771223014612734,
                        6.379882440556202e-09
                    ],
                    [
                        0.279601577132746,
                        0.3854157758086046,
                        -0.4360505229284976,
                        1.7440340476083178,
                        1.4059324208270165,
                        -4.809461560481257e-09
                    ],
                    [
                        -0.9598996354295617,
                        -1.760463906774646,
                        -3.0771223014612734,
                        1.4059324208270163,
                        5.357979459197522,
                        9.24056093695617e-09
                    ],
                    [
                        4.859076889666851e-10,
                        9.536868840781638e-09,
                        6.379882440556203e-09,
                        -4.809461560481258e-09,
                        9.24056093695617e-09,
                        1.0000009409732277e-06
                    ]
                ]
            },
            "est_tgt": [
                2,
                4,
                5
            ]
        },
        "obs": {
            "intv_type": "obs",
            "true_params": {
                "Si": [
                    [
                        1.0,
                        0.7045178255175417,
                        1.064502432783277,
                        0.19395383990934212,
                        -0.9987125550828745,
                        2.9171347677660444
                    ],
                    [
                        0.7045178255175417,
                        1.4963453664719655,
                        1.4398141197867032,
                        0.29795868137121817,
                        -1.806129884325091,
                        4.442990730634968
                    ],
                    [
                        1.064502432783277,
                        1.4398141197867032,
                        2.6090628401635083,
                        -0.4663988436896098,
                        -3.0172593442060665,
                        7.2303145788444905
                    ],
                    [
                        0.19395383990934212,
                        0.29795868137121817,
                        -0.4663988436896098,
                        1.678526534312228,
                        1.4418036220379804,
                        -2.4461614015720503
                    ],
                    [
                        -0.9987125550828745,
                        -1.806129884325091,
                        -3.0172593442060665,
                        1.4418036220379804,
                        5.407442434943362,
                        -10.570010448092209
                    ],
                    [
                        2.9171347677660444,
                        4.442990730634968,
                        7.2303145788444905,
                        -2.4461614015720503,
                        -10.570010448092209,
                        24.090607154659104
                    ]
                ],
                "mui": [
                    0.0,
                    0.0,
                    0.0,
                    0.0,
                    0.0,
                    0.0
                ],
                "Ai": [
                    [
                        0.0,
                        0.0,
                        0.0,
                        0.0,
                        0.0,
                        0.0
                    ],
                    [
                        0.7045178255175417,
                        0.0,
                        0.0,
                        0.0,
                        0.0,
                        0.0
                    ],
                    [
                        0.5784885700718099,
                        0.6898531805840957,
                        0.0,
                        0.0,
                        0.0,
                        0.0
                    ],
                    [
                        0.5339246116137923,
                        0.702260816257289,
                        -0.7841466672252799,
                        0.0,
                        0.0,
                        0.0
                    ],
                    [
                        -0.0,
                        -0.8953366529619275,
                        -0.5055084903179534,
                        0.8774412230437227,
                        0.0,
                        0.0
                    ],
                    [
                        0.5779454813230118,
                        0.9918129415786885,
